# component component_index family logAge MH Zini Mini Mass radius_rsun Teff_K logg Jmag_2mass Hmag_2mass Ksmag_2mass F087mag F146mag F213mag
thin5 4 thin_disk 9.609422258 0.25 0.025095 0.0955969095 0.095 0.1330309354 2301.971805 5.168 10.99 10.401 10.105 12.852 11.017 10.184
thin5 4 thin_disk 9.609422258 0.25 0.025095 0.1055120975 0.105 0.1439304373 2398.832919 5.141 10.64 10.053 9.755 12.502 10.667 9.833
thin5 4 thin_disk 9.609422258 0.25 0.025095 0.1253425032 0.125 0.1646086468 2550.35126 5.099 10.082 9.497 9.196 11.945 10.11 9.274
thin5 4 thin_disk 9.609422258 0.25 0.025095 0.145172894 0.145 0.1837607035 2661.950651 5.068 9.676 9.094 8.794 11.46 9.693 8.868
thin5 4 thin_disk 9.609422258 0.25 0.025095 0.1650032997 0.165 0.2014896047 2745.996631 5.043 9.37 8.79 8.495 11.024 9.37 8.563
thin5 4 thin_disk 9.609422258 0.25 0.025095 0.2046640813 0.204 0.2349917659 2872.764332 5.003 8.885 8.305 8.021 10.369 8.861 8.081
thin5 4 thin_disk 9.609422258 0.25 0.025095 0.2542400956 0.254 0.2744433076 2979.202337 4.963 8.424 7.843 7.57 9.792 8.384 7.624
thin5 4 thin_disk 9.609422258 0.25 0.025095 0.3051942289 0.305 0.3141612707 3065.490679 4.925 8.036 7.451 7.188 9.32 7.984 7.238
thin5 4 thin_disk 9.609422258 0.25 0.025095 0.3315585554 0.331 0.3381058186 3103.130215 4.897 7.836 7.248 6.99 9.089 7.778 7.038
thin5 4 thin_disk 9.609422258 0.25 0.025095 0.3506478667 0.35 0.3560841517 3128.239532 4.877 7.698 7.107 6.852 8.932 7.636 6.899
thin5 4 thin_disk 9.609422258 0.25 0.025095 0.3533920944 0.353 0.3585524091 3131.843125 4.874 7.678 7.088 6.833 8.91 7.616 6.88
thin5 4 thin_disk 9.609422258 0.25 0.025095 0.4029681087 0.403 0.3990732748 3215.881224 4.838 7.357 6.757 6.512 8.528 7.282 6.555
thin5 4 thin_disk 9.609422258 0.25 0.025095 0.4217824638 0.421 0.4166320205 3252.370401 4.821 7.227 6.622 6.381 8.374 7.147 6.423
thin5 4 thin_disk 9.609422258 0.25 0.025095 0.4525440931 0.452 0.4446851686 3309.786651 4.794 7.029 6.415 6.179 8.139 6.939 6.218
thin5 4 thin_disk 9.609422258 0.25 0.025095 0.502120018 0.502 0.4944844567 3415.859507 4.748 6.697 6.067 5.838 7.747 6.59 5.873
thin5 4 thin_disk 9.609422258 0.25 0.025095 0.5169016123 0.517 0.5098619996 3456.209026 4.733 6.591 5.955 5.729 7.62 6.478 5.762
thin5 4 thin_disk 9.609422258 0.25 0.025095 0.5516960621 0.551 0.5478386202 3548.133892 4.7 6.352 5.703 5.484 7.335 6.227 5.514
thin5 4 thin_disk 9.609422258 0.25 0.025095 0.581731379 0.581 0.576438056 3657.63193 4.679 6.148 5.486 5.276 7.077 6.009 5.301
thin5 4 thin_disk 9.609422258 0.25 0.025095 0.601271987 0.601 0.5947749167 3727.348497 4.666 6.022 5.351 5.149 6.92 5.876 5.171
thin5 4 thin_disk 9.609422258 0.25 0.025095 0.6223957539 0.622 0.6111567952 3828.247433 4.657 5.878 5.199 5.01 6.738 5.725 5.029
thin5 4 thin_disk 9.609422258 0.25 0.025095 0.650848031 0.651 0.632925575 3961.867984 4.646 5.69 5.006 4.836 6.508 5.531 4.851
thin5 4 thin_disk 9.609422258 0.25 0.025095 0.6803480983 0.68 0.6532097294 4119.077849 4.638 5.496 4.821 4.671 6.269 5.338 4.683
thin5 4 thin_disk 9.609422258 0.25 0.025095 0.7004240751 0.7 0.6662736605 4226.686143 4.634 5.369 4.702 4.567 6.117 5.214 4.577
thin5 4 thin_disk 9.609422258 0.25 0.025095 0.746532321 0.747 0.684624828 4540.461526 4.638 5.087 4.482 4.379 5.754 4.956 4.385
thin5 4 thin_disk 9.609422258 0.25 0.025095 0.75 0.75 0.6863610735 4563.520439 4.638 5.066 4.469 4.367 5.727 4.938 4.373
thin5 4 thin_disk 9.609422258 0.25 0.025095 0.7993345261 0.799 0.7315645373 4771.99522 4.609 4.791 4.258 4.167 5.396 4.688 4.172
thin5 4 thin_disk 9.609422258 0.25 0.025095 0.8000000119 0.8 0.7325759296 4774.193311 4.609 4.787 4.256 4.164 5.392 4.684 4.169
thin5 4 thin_disk 9.609422258 0.25 0.025095 0.8397191763 0.839 0.7702871356 4948.801109 4.586 4.573 4.09 4.006 5.135 4.487 4.01
thin5 4 thin_disk 9.609422258 0.25 0.025095 0.8500000238 0.85 0.7804635856 4993.441887 4.58 4.519 4.048 3.966 5.071 4.438 3.97
thin5 4 thin_disk 9.609422258 0.25 0.025095 0.8954581022 0.895 0.8282332181 5188.000389 4.551 4.283 3.86 3.786 4.79 4.218 3.789
thin5 4 thin_disk 9.609422258 0.25 0.025095 0.8999999762 0.899 0.8326311315 5207.14894 4.548 4.26 3.841 3.768 4.762 4.196 3.771
thin5 4 thin_disk 9.609422258 0.25 0.025095 0.9021174908 0.901 0.8357043155 5215.54864 4.547 4.249 3.832 3.759 4.749 4.186 3.763
thin5 4 thin_disk 9.609422258 0.25 0.025095 0.929810524 0.929 0.8678659407 5328.43902 4.526 4.107 3.715 3.647 4.583 4.052 3.65
thin5 4 thin_disk 9.609422258 0.25 0.025095 0.9500000477 0.949 0.8932080837 5408.788506 4.511 4.005 3.631 3.565 4.465 3.955 3.568
thin5 4 thin_disk 9.609422258 0.25 0.025095 0.9546737671 0.954 0.8998137905 5426.252513 4.507 3.981 3.61 3.546 4.437 3.933 3.549
thin5 4 thin_disk 9.609422258 0.25 0.025095 0.9774890542 0.977 0.9312207505 5511.883123 4.487 3.866 3.511 3.45 4.304 3.822 3.453
thin5 4 thin_disk 9.609422258 0.25 0.025095 0.9977295995 0.998 0.9615074306 5585.988021 4.469 3.765 3.424 3.366 4.19 3.725 3.369
thin5 4 thin_disk 9.609422258 0.25 0.025095 1 1 0.964389881 5593.710682 4.467 3.754 3.414 3.357 4.177 3.714 3.36
thin5 4 thin_disk 9.609422258 0.25 0.025095 1.00060153 1.001 0.9657231557 5596.287274 4.466 3.751 3.412 3.354 4.174 3.711 3.357
thin5 4 thin_disk 9.609422258 0.25 0.025095 1.020424485 1.02 0.9975912813 5663.696855 4.446 3.65 3.324 3.269 4.061 3.614 3.272
thin5 4 thin_disk 9.609422258 0.25 0.025095 1.038832664 1.038 1.029799425 5724.004941 4.426 3.557 3.242 3.189 3.958 3.524 3.192
thin5 4 thin_disk 9.609422258 0.25 0.025095 1.049999952 1.049 1.049186382 5759.701813 4.414 3.501 3.192 3.141 3.895 3.47 3.143
thin5 4 thin_disk 9.609422258 0.25 0.025095 1.055447817 1.055 1.059138231 5775.638464 4.408 3.473 3.167 3.116 3.865 3.443 3.119
thin5 4 thin_disk 9.609422258 0.25 0.025095 1.074965239 1.074 1.097368892 5833.107765 4.385 3.374 3.076 3.028 3.756 3.346 3.03
thin5 4 thin_disk 9.609422258 0.25 0.025095 1.093039274 1.092 1.134887062 5883.0156 4.363 3.282 2.992 2.946 3.656 3.256 2.948
thin5 4 thin_disk 9.609422258 0.25 0.025095 1.100000024 1.099 1.150409991 5900.65197 4.355 3.246 2.959 2.914 3.618 3.221 2.916
thin5 4 thin_disk 9.609422258 0.25 0.025095 1.114174962 1.113 1.181279439 5934.716806 4.337 3.174 2.893 2.849 3.54 3.151 2.851
thin5 4 thin_disk 9.609422258 0.25 0.025095 1.130743027 1.13 1.221385177 5968.9783 4.315 3.091 2.816 2.773 3.452 3.069 2.775
thin5 4 thin_disk 9.609422258 0.25 0.025095 1.146525145 1.145 1.259078027 5995.149258 4.294 3.014 2.743 2.701 3.37 2.993 2.703
thin5 4 thin_disk 9.609422258 0.25 0.025095 1.149999976 1.149 1.268389519 6000.673539 4.289 2.997 2.727 2.685 3.353 2.977 2.687
thin5 4 thin_disk 9.609422258 0.25 0.025095 1.167493224 1.167 1.314173316 6011.737375 4.265 2.916 2.648 2.606 3.27 2.896 2.608
thin5 4 thin_disk 9.609422258 0.25 0.025095 1.186255455 1.185 1.365691621 6010.353281 4.238 2.832 2.564 2.522 3.186 2.812 2.524
thin5 4 thin_disk 9.609422258 0.25 0.025095 1.200000048 1.199 1.404923396 5997.910763 4.218 2.775 2.505 2.462 3.131 2.754 2.464
thin5 4 thin_disk 9.609422258 0.25 0.025095 1.25 1.249 1.578892802 5941.553335 4.136 2.544 2.266 2.221 2.91 2.521 2.223
thin5 4 thin_disk 9.609422258 0.25 0.025095 1.26632309 1.266 1.634378516 5927.888142 4.111 2.475 2.194 2.149 2.842 2.452 2.151
thin5 4 thin_disk 9.609422258 0.25 0.025095 1.287834764 1.287 1.717325604 5921.067336 4.076 2.37 2.088 2.042 2.738 2.346 2.044
thin5 4 thin_disk 9.609422258 0.25 0.025095 1.293591261 1.293 1.74925307 5955.25003 4.061 2.317 2.041 1.996 2.68 2.294 1.998
thin5 4 thin_disk 9.609422258 0.25 0.025095 1.29957962 1.299 1.794537941 6026.983465 4.041 2.233 1.969 1.927 2.585 2.214 1.929
thin5 4 thin_disk 9.609422258 0.25 0.025095 1.299999952 1.299 1.805729299 6046.443513 4.036 2.215 1.954 1.912 2.563 2.196 1.914
thin5 4 thin_disk 9.609422258 0.25 0.025095 1.301442862 1.301 1.829585227 6086.953723 4.024 2.17 1.915 1.874 2.512 2.153 1.876
thin5 4 thin_disk 9.609422258 0.25 0.025095 1.302326083 1.302 1.869616985 6133.381798 4.006 2.107 1.86 1.821 2.443 2.093 1.823
thin5 4 thin_disk 9.609422258 0.25 0.025095 1.302704215 1.302 1.888655053 6151.768727 3.998 2.079 1.836 1.797 2.412 2.065 1.799
thin5 4 thin_disk 9.609422258 0.25 0.025095 1.303649902 1.303 1.903498964 6134.794224 3.991 2.068 1.822 1.782 2.404 2.054 1.784
thin5 4 thin_disk 9.609422258 0.25 0.025095 1.316632748 1.316 2.083303986 5979.983697 3.917 1.928 1.657 1.613 2.288 1.907 1.615
thin5 4 thin_disk 9.609422258 0.25 0.025095 1.327183723 1.327 2.221532365 5841.172071 3.865 1.841 1.547 1.498 2.223 1.814 1.5
thin5 4 thin_disk 9.609422258 0.25 0.025095 1.332167506 1.332 2.296955835 5727.96031 3.837 1.815 1.501 1.448 2.217 1.782 1.45
thin5 4 thin_disk 9.609422258 0.25 0.025095 1.335333705 1.335 2.343973216 5624.70824 3.82 1.814 1.481 1.424 2.235 1.776 1.426
thin5 4 thin_disk 9.609422258 0.25 0.025095 1.337527871 1.337 2.375486928 5529.680005 3.81 1.829 1.476 1.416 2.269 1.786 1.418
thin5 4 thin_disk 9.609422258 0.25 0.025095 1.339559197 1.339 2.40299377 5428.75197 3.801 1.851 1.478 1.414 2.312 1.802 1.417
thin5 4 thin_disk 9.609422258 0.25 0.025095 1.341460109 1.341 2.433059025 5327.212243 3.791 1.876 1.481 1.413 2.358 1.82 1.415
thin5 4 thin_disk 9.609422258 0.25 0.025095 1.343672514 1.343 2.488012998 5210.747154 3.772 1.886 1.465 1.393 2.395 1.823 1.395
thin5 4 thin_disk 9.609422258 0.25 0.025095 1.3465029 1.346 2.604069943 5087.448196 3.733 1.854 1.403 1.326 2.392 1.781 1.329
thin5 4 thin_disk 9.609422258 0.25 0.025095 1.349371195 1.349 2.773656305 5003.800659 3.679 1.764 1.293 1.211 2.323 1.684 1.214
thin5 4 thin_disk 9.609422258 0.25 0.025095 1.349669576 1.349 2.794168838 4996.892426 3.673 1.753 1.28 1.198 2.313 1.672 1.201
thin5 4 thin_disk 9.609422258 0.25 0.025095 1.350000024 1.349 2.820022964 4991.142852 3.665 1.737 1.262 1.18 2.298 1.655 1.183
thin5 4 thin_disk 9.609422258 0.25 0.025095 1.350859642 1.35 2.872451105 4979.663542 3.649 1.703 1.226 1.143 2.268 1.621 1.146
thin5 4 thin_disk 9.609422258 0.25 0.025095 1.352980971 1.352 3.014759309 4951.080641 3.608 1.615 1.13 1.046 2.186 1.53 1.049
thin5 4 thin_disk 9.609422258 0.25 0.025095 1.354866266 1.354 3.164846456 4930.602596 3.567 1.523 1.032 0.947 2.1 1.436 0.95
thin5 4 thin_disk 9.609422258 0.25 0.025095 1.356981397 1.356 3.3438951 4911.339996 3.519 1.414 0.918 0.832 1.996 1.325 0.835
thin5 4 thin_disk 9.609422258 0.25 0.025095 1.358899832 1.358 3.525759176 4894.40609 3.474 1.308 0.808 0.721 1.895 1.218 0.724
thin5 4 thin_disk 9.609422258 0.25 0.025095 1.36123991 1.361 3.778789021 4874.162454 3.414 1.17 0.664 0.576 1.763 1.078 0.579
thin5 4 thin_disk 9.609422258 0.25 0.025095 1.363575935 1.363 4.074296631 4850.65068 3.349 1.02 0.508 0.419 1.619 0.926 0.422
thin5 4 thin_disk 9.609422258 0.25 0.025095 1.365590692 1.365 4.378775151 4829.475864 3.288 0.877 0.361 0.269 1.483 0.782 0.273
thin5 4 thin_disk 9.609422258 0.25 0.025095 1.367446184 1.367 4.699510723 4806.179647 3.227 0.738 0.215 0.123 1.35 0.64 0.126
thin5 4 thin_disk 9.609422258 0.25 0.025095 1.369122386 1.369 5.021721747 4785.198964 3.17 0.606 0.078 -0.016 1.224 0.507 -0.013
thin5 4 thin_disk 9.609422258 0.25 0.025095 1.370803952 1.37 5.377156106 4762.116327 3.111 0.471 -0.063 -0.159 1.096 0.369 -0.156
thin5 4 thin_disk 9.609422258 0.25 0.025095 1.372221589 1.372 5.728654691 4740.23639 3.056 0.348 -0.193 -0.29 0.979 0.243 -0.287
thin5 4 thin_disk 9.609422258 0.25 0.025095 1.373441338 1.373 6.139777668 4715.198713 2.997 0.214 -0.334 -0.433 0.852 0.107 -0.43
thin5 4 thin_disk 9.609422258 0.25 0.025095 1.374530792 1.374 6.583436407 4689.213428 2.937 0.08 -0.475 -0.575 0.726 -0.029 -0.572
thin5 4 thin_disk 9.609422258 0.25 0.025095 1.375508904 1.375 7.034814415 4663.371347 2.879 -0.049 -0.611 -0.713 0.605 -0.161 -0.71
thin5 4 thin_disk 9.609422258 0.25 0.025095 1.376419187 1.376 7.525799518 4637.671681 2.821 -0.177 -0.747 -0.851 0.484 -0.292 -0.848
thin5 4 thin_disk 9.609422258 0.25 0.025095 1.377296567 1.377 8.058470953 4609.990177 2.761 -0.308 -0.886 -0.992 0.361 -0.427 -0.989
thin5 4 thin_disk 9.609422258 0.25 0.025095 1.378195167 1.377 8.605035074 4583.529174 2.705 -0.431 -1.016 -1.125 0.246 -0.552 -1.121
thin5 4 thin_disk 9.609422258 0.25 0.025095 1.378936291 1.378 8.9094859 4569.829533 2.675 -0.498 -1.087 -1.197 0.183 -0.621 -1.194
thin5 4 thin_disk 9.609422258 0.25 0.025095 1.379751682 1.379 8.426605158 4597.269885 2.723 -0.396 -0.976 -1.084 0.278 -0.515 -1.081
thin5 4 thin_disk 9.609422258 0.25 0.025095 1.379979253 1.379 8.212070041 4608.92881 2.746 -0.349 -0.926 -1.033 0.321 -0.467 -1.03
thin5 4 thin_disk 9.609422258 0.25 0.025095 1.380251408 1.379 8.459654859 4596.211447 2.721 -0.403 -0.983 -1.091 0.271 -0.522 -1.088
thin5 4 thin_disk 9.609422258 0.25 0.025095 1.380866885 1.38 9.012652884 4569.829533 2.665 -0.523 -1.112 -1.222 0.158 -0.646 -1.219
thin5 4 thin_disk 9.609422258 0.25 0.025095 1.381463051 1.38 9.590751642 4543.599049 2.611 -0.641 -1.237 -1.35 0.049 -0.766 -1.346
thin5 4 thin_disk 9.609422258 0.25 0.025095 1.382022977 1.381 10.21063249 4516.479049 2.557 -0.757 -1.361 -1.476 -0.059 -0.886 -1.473
thin5 4 thin_disk 9.609422258 0.25 0.025095 1.382542014 1.381 10.88310063 4489.520924 2.502 -0.875 -1.487 -1.604 -0.169 -1.007 -1.601
thin5 4 thin_disk 9.609422258 0.25 0.025095 1.38303411 1.382 11.60520041 4461.696246 2.446 -0.996 -1.616 -1.736 -0.281 -1.131 -1.732
thin5 4 thin_disk 9.609422258 0.25 0.025095 1.383479953 1.382 12.36666638 4433.023158 2.391 -1.114 -1.742 -1.865 -0.39 -1.253 -1.862
thin5 4 thin_disk 9.609422258 0.25 0.025095 1.383891225 1.383 13.17202799 4405.548635 2.336 -1.232 -1.867 -1.994 -0.499 -1.374 -1.99
thin5 4 thin_disk 9.609422258 0.25 0.025095 1.384270787 1.383 14.0363001 4377.236379 2.281 -1.35 -1.992 -2.122 -0.608 -1.494 -2.118
thin5 4 thin_disk 9.609422258 0.25 0.025095 1.384623408 1.383 14.9641704 4348.104769 2.226 -1.467 -2.118 -2.251 -0.716 -1.615 -2.247
thin5 4 thin_disk 9.609422258 0.25 0.025095 1.384948254 1.383 15.95337761 4319.167037 2.17 -1.585 -2.244 -2.38 -0.824 -1.736 -2.377
thin5 4 thin_disk 9.609422258 0.25 0.025095 1.38524282 1.384 16.98840652 4290.421892 2.116 -1.701 -2.368 -2.508 -0.931 -1.856 -2.504
thin5 4 thin_disk 9.609422258 0.25 0.025095 1.385514975 1.384 18.11142596 4261.868054 2.06 -1.817 -2.492 -2.635 -1.037 -1.975 -2.632
thin5 4 thin_disk 9.609422258 0.25 0.025095 1.385763526 1.384 19.2953493 4232.529561 2.006 -1.932 -2.615 -2.762 -1.142 -2.093 -2.758
thin5 4 thin_disk 9.609422258 0.25 0.025095 1.385994554 1.384 20.55666435 4203.393032 1.951 -2.046 -2.732 -2.886 -1.245 -2.209 -2.882
thin5 4 thin_disk 9.609422258 0.25 0.025095 1.38620472 1.384 21.91051799 4173.495985 1.896 -2.159 -2.847 -3.008 -1.346 -2.323 -3.004
thin5 4 thin_disk 9.609422258 0.25 0.025095 1.386400938 1.384 23.31592474 4144.76584 1.841 -2.272 -2.963 -3.132 -1.448 -2.437 -3.127
thin5 4 thin_disk 9.609422258 0.25 0.025095 1.386577964 1.384 24.82290727 4115.285784 1.787 -2.383 -3.077 -3.252 -1.546 -2.549 -3.247
thin5 4 thin_disk 9.609422258 0.25 0.025095 1.386743069 1.384 26.42729087 4086.015408 1.732 -2.494 -3.191 -3.374 -1.645 -2.661 -3.369
thin5 4 thin_disk 9.609422258 0.25 0.025095 1.386895776 1.384 28.13537091 4056.95322 1.678 -2.605 -3.305 -3.496 -1.742 -2.774 -3.491
thin5 4 thin_disk 9.609422258 0.25 0.025095 1.387033343 1.384 29.93316536 4027.170343 1.624 -2.713 -3.417 -3.615 -1.837 -2.883 -3.609
thin5 4 thin_disk 9.609422258 0.25 0.025095 1.387163043 1.384 31.84583531 3997.606108 1.57 -2.822 -3.53 -3.736 -1.932 -2.994 -3.73
thin5 4 thin_disk 9.609422258 0.25 0.025095 1.387282968 1.384 33.88072108 3968.25891 1.516 -2.931 -3.642 -3.856 -2.026 -3.105 -3.85
thin5 4 thin_disk 9.609422258 0.25 0.025095 1.387391686 1.384 36.00415684 3939.127154 1.463 -3.039 -3.757 -3.977 -2.12 -3.216 -3.971
thin5 4 thin_disk 9.609422258 0.25 0.025095 1.387493968 1.384 38.34004735 3908.408958 1.409 -3.149 -3.875 -4.101 -2.216 -3.33 -4.094
thin5 4 thin_disk 9.609422258 0.25 0.025095 1.387586713 1.384 40.69608623 3879.716573 1.357 -3.257 -3.991 -4.222 -2.31 -3.442 -4.215
thin5 4 thin_disk 9.609422258 0.25 0.025095 1.387671947 1.383 43.23671049 3849.461673 1.305 -3.363 -4.105 -4.341 -2.401 -3.552 -4.334
thin5 4 thin_disk 9.609422258 0.25 0.025095 1.387752652 1.383 45.93594391 3819.442708 1.252 -3.471 -4.22 -4.463 -2.494 -3.663 -4.455
thin5 4 thin_disk 9.609422258 0.25 0.025095 1.3878268 1.383 48.80368832 3789.657838 1.199 -3.578 -4.334 -4.582 -2.583 -3.774 -4.575
thin5 4 thin_disk 9.609422258 0.25 0.025095 1.387894273 1.383 51.73121097 3760.105237 1.148 -3.681 -4.445 -4.698 -2.668 -3.881 -4.691
thin5 4 thin_disk 9.609422258 0.25 0.025095 1.387958288 1.382 54.92279685 3729.924148 1.096 -3.786 -4.557 -4.816 -2.754 -3.989 -4.809
thin5 4 thin_disk 9.609422258 0.25 0.025095 1.388017893 1.382 58.24419468 3699.985312 1.045 -3.889 -4.667 -4.933 -2.837 -4.096 -4.925
thin5 4 thin_disk 9.609422258 0.25 0.025095 1.388073564 1.381 61.76645052 3670.286785 0.994 -3.993 -4.778 -5.049 -2.917 -4.203 -5.041
thin5 4 thin_disk 9.609422258 0.25 0.025095 1.388136983 1.381 66.38235337 3633.289469 0.931 -4.119 -4.912 -5.191 -3.014 -4.333 -5.183
thin5 4 thin_disk 9.609422258 0.25 0.025095 1.388195872 1.38 71.40894961 3595.009149 0.868 -4.247 -5.047 -5.334 -3.102 -4.464 -5.326
thin5 4 thin_disk 9.609422258 0.25 0.025095 1.388249397 1.38 76.60421118 3557.951306 0.806 -4.37 -5.178 -5.473 -3.186 -4.591 -5.465
thin5 4 thin_disk 9.609422258 0.25 0.025095 1.38829875 1.379 82.17744698 3521.275459 0.745 -4.492 -5.307 -5.61 -3.26 -4.715 -5.602
thin5 4 thin_disk 9.609422258 0.25 0.025095 1.388345361 1.378 88.19676278 3484.175319 0.684 -4.614 -5.436 -5.748 -3.33 -4.841 -5.74
thin5 4 thin_disk 9.609422258 0.25 0.025095 1.388387084 1.377 94.28717958 3448.259966 0.625 -4.731 -5.559 -5.88 -3.387 -4.96 -5.871
thin5 4 thin_disk 9.609422258 0.25 0.025095 1.388426065 1.376 100.9607678 3411.929116 0.566 -4.847 -5.681 -6.012 -3.435 -5.078 -6.002
thin5 4 thin_disk 9.609422258 0.25 0.025095 1.388463497 1.375 108.156505 3375.20379 0.506 -4.965 -5.804 -6.146 -3.474 -5.197 -6.136
thin5 4 thin_disk 9.609422258 0.25 0.025095 1.388497591 1.374 115.5453959 3339.64266 0.448 -5.08 -5.924 -6.275 -3.494 -5.312 -6.265
thin5 4 thin_disk 9.609422258 0.25 0.025095 1.388529658 1.372 123.49593 3303.69541 0.389 -5.193 -6.042 -6.404 -3.506 -5.426 -6.394
thin5 4 thin_disk 9.609422258 0.25 0.025095 1.38855958 1.371 131.9935304 3268.13509 0.331 -5.304 -6.159 -6.531 -3.491 -5.536 -6.52
thin5 4 thin_disk 9.609422258 0.25 0.025095 1.388587952 1.369 140.9784219 3232.213203 0.274 -5.413 -6.275 -6.658 -3.472 -5.645 -6.646
thin5 4 thin_disk 9.609422258 0.25 0.025095 1.388614535 1.367 150.4016653 3196.686154 0.216 -5.521 -6.388 -6.78 -3.456 -5.751 -6.767
thin5 4 thin_disk 9.609422258 0.25 0.025095 1.388639331 1.365 160.1963604 3162.27766 0.161 -5.625 -6.499 -6.9 -3.433 -5.853 -6.885
thin5 4 thin_disk 9.609422258 0.25 0.025095 1.388666749 1.362 171.4165085 3124.640086 0.101 -5.732 -6.615 -7.027 -3.398 -5.96 -7.01
thin5 4 thin_disk 9.609422258 0.25 0.025095 1.388666749 1.362 11.25777708 4593.037593 2.467 -1.023 -1.602 -1.712 -3.398 -5.96 -7.01
thin5 4 thin_disk 9.609422258 0.25 0.025095 1.389031529 1.363 11.48557243 4581.418867 2.449 -1.06 -1.641 -1.753 -0.379 -1.18 -1.75
thin5 4 thin_disk 9.609422258 0.25 0.025095 1.389429688 1.363 11.55720042 4580.364078 2.445 -1.071 -1.652 -1.764 -0.39 -1.191 -1.761
thin5 4 thin_disk 9.609422258 0.25 0.025095 1.38982749 1.364 11.51470046 4583.529174 2.447 -1.068 -1.648 -1.76 -0.387 -1.187 -1.757
thin5 4 thin_disk 9.609422258 0.25 0.025095 1.390224814 1.364 11.48557243 4586.696458 2.45 -1.062 -1.641 -1.753 -0.382 -1.181 -1.749
thin5 4 thin_disk 9.609422258 0.25 0.025095 1.390594482 1.364 11.43806723 4590.922908 2.454 -1.056 -1.635 -1.746 -0.378 -1.175 -1.743
thin5 4 thin_disk 9.609422258 0.25 0.025095 1.390996218 1.365 11.39600536 4594.0953 2.457 -1.051 -1.628 -1.739 -0.374 -1.169 -1.736
thin5 4 thin_disk 9.609422258 0.25 0.025095 1.391383529 1.365 11.34887062 4598.328568 2.46 -1.046 -1.622 -1.732 -0.369 -1.163 -1.729
thin5 4 thin_disk 9.609422258 0.25 0.025095 1.391778708 1.366 11.32016207 4601.506078 2.463 -1.041 -1.616 -1.726 -0.365 -1.158 -1.723
thin5 4 thin_disk 9.609422258 0.25 0.025095 1.392167807 1.366 11.27853379 4604.685784 2.466 -1.036 -1.61 -1.72 -0.362 -1.153 -1.717
thin5 4 thin_disk 9.609422258 0.25 0.025095 1.392558336 1.367 11.25000317 4607.867687 2.469 -1.032 -1.606 -1.715 -0.359 -1.149 -1.712
thin5 4 thin_disk 9.609422258 0.25 0.025095 1.392926097 1.367 11.22154473 4611.051789 2.471 -1.029 -1.602 -1.711 -0.357 -1.145 -1.708
thin5 4 thin_disk 9.609422258 0.25 0.025095 1.393335938 1.368 11.1983141 4613.175746 2.473 -1.027 -1.598 -1.708 -0.355 -1.142 -1.705
thin5 4 thin_disk 9.609422258 0.25 0.025095 1.393705845 1.368 11.18285374 4616.363515 2.474 -1.025 -1.596 -1.705 -0.353 -1.14 -1.702
thin5 4 thin_disk 9.609422258 0.25 0.025095 1.393981218 1.368 11.17770503 4617.426595 2.475 -1.023 -1.594 -1.703 -0.353 -1.139 -1.7
thin5 4 thin_disk 9.609422258 0.25 0.025095 1.394025564 1.368 11.16484363 4617.426595 2.475 -1.023 -1.594 -1.703 -0.353 -1.138 -1.7
thin5 4 thin_disk 9.609422258 0.25 0.025095 1.394408107 1.369 11.15456516 4619.553488 2.477 -1.022 -1.592 -1.7 -0.352 -1.137 -1.697
thin5 4 thin_disk 9.609422258 0.25 0.025095 1.394783378 1.369 11.14429616 4621.681361 2.478 -1.021 -1.591 -1.699 -0.352 -1.136 -1.696
thin5 4 thin_disk 9.609422258 0.25 0.025095 1.395184517 1.37 11.1391652 4622.745665 2.478 -1.021 -1.59 -1.699 -0.352 -1.136 -1.696
thin5 4 thin_disk 9.609422258 0.25 0.025095 1.39555335 1.37 11.14686252 4623.810214 2.478 -1.022 -1.591 -1.699 -0.353 -1.136 -1.696
thin5 4 thin_disk 9.609422258 0.25 0.025095 1.395947933 1.37 11.14173038 4624.875008 2.478 -1.023 -1.592 -1.7 -0.355 -1.138 -1.697
thin5 4 thin_disk 9.609422258 0.25 0.025095 1.396342874 1.371 11.14942948 4625.940048 2.477 -1.026 -1.594 -1.702 -0.357 -1.14 -1.699
thin5 4 thin_disk 9.609422258 0.25 0.025095 1.396716952 1.371 11.17513157 4625.940048 2.476 -1.029 -1.597 -1.706 -0.361 -1.143 -1.703
thin5 4 thin_disk 9.609422258 0.25 0.025095 1.396793723 1.371 11.17513157 4625.940048 2.476 -1.03 -1.598 -1.706 -0.361 -1.144 -1.703
thin5 4 thin_disk 9.609422258 0.25 0.025095 1.396861792 1.372 11.17513157 4625.940048 2.476 -1.03 -1.599 -1.707 -0.362 -1.145 -1.704
thin5 4 thin_disk 9.609422258 0.25 0.025095 1.397248506 1.372 11.20605229 4624.875008 2.474 -1.035 -1.604 -1.712 -0.367 -1.15 -1.709
thin5 4 thin_disk 9.609422258 0.25 0.025095 1.397644997 1.372 11.25000317 4623.810214 2.471 -1.042 -1.611 -1.719 -0.373 -1.157 -1.716
thin5 4 thin_disk 9.609422258 0.25 0.025095 1.398025155 1.373 11.28632741 4621.681361 2.467 -1.05 -1.619 -1.728 -0.38 -1.164 -1.725
thin5 4 thin_disk 9.609422258 0.25 0.025095 1.398421407 1.373 11.35409817 4618.489919 2.463 -1.06 -1.63 -1.739 -0.39 -1.175 -1.736
thin5 4 thin_disk 9.609422258 0.25 0.025095 1.398807883 1.374 11.43543382 4615.300681 2.457 -1.072 -1.643 -1.753 -0.401 -1.188 -1.75
thin5 4 thin_disk 9.609422258 0.25 0.025095 1.399187088 1.374 11.52265728 4611.051789 2.45 -1.087 -1.659 -1.769 -0.414 -1.203 -1.766
thin5 4 thin_disk 9.609422258 0.25 0.025095 1.399570942 1.375 11.64803441 4604.685784 2.441 -1.105 -1.679 -1.789 -0.431 -1.222 -1.786
thin5 4 thin_disk 9.609422258 0.25 0.025095 1.399956465 1.375 11.78833977 4598.328568 2.431 -1.128 -1.703 -1.814 -0.451 -1.245 -1.811
thin5 4 thin_disk 9.609422258 0.25 0.025095 1.400348187 1.375 12.00750137 4587.752705 2.415 -1.16 -1.738 -1.85 -0.48 -1.278 -1.847
thin5 4 thin_disk 9.609422258 0.25 0.025095 1.400737762 1.376 12.36951424 4569.829533 2.389 -1.215 -1.798 -1.911 -0.53 -1.335 -1.908
thin5 4 thin_disk 9.609422258 0.25 0.025095 1.401109695 1.376 13.19327591 4533.149061 2.333 -1.328 -1.921 -2.038 -0.632 -1.452 -2.035
thin5 4 thin_disk 9.609422258 0.25 0.025095 1.401251674 1.376 13.93325691 4500.906591 2.286 -1.426 -2.028 -2.148 -0.72 -1.553 -2.145
thin5 4 thin_disk 9.609422258 0.25 0.025095 1.401333451 1.377 14.72490986 4469.922568 2.238 -1.524 -2.134 -2.257 -0.808 -1.654 -2.254
thin5 4 thin_disk 9.609422258 0.25 0.025095 1.401381731 1.377 15.56154256 4439.151838 2.19 -1.622 -2.241 -2.367 -0.896 -1.756 -2.364
thin5 4 thin_disk 9.609422258 0.25 0.025095 1.401408434 1.377 16.40033219 4409.608165 2.145 -1.714 -2.341 -2.471 -0.979 -1.852 -2.467
thin5 4 thin_disk 9.609422258 0.25 0.025095 1.401425719 1.377 17.36011688 4378.244391 2.095 -1.816 -2.452 -2.585 -1.071 -1.958 -2.582
thin5 4 thin_disk 9.609422258 0.25 0.025095 1.401437521 1.377 18.45664015 4345.102242 2.042 -1.924 -2.57 -2.706 -1.169 -2.07 -2.703
thin5 4 thin_disk 9.609422258 0.25 0.025095 1.401445389 1.377 19.56827959 4313.204007 1.991 -2.028 -2.682 -2.822 -1.262 -2.177 -2.819
thin5 4 thin_disk 9.609422258 0.25 0.025095 1.401447415 1.377 19.93208107 4303.283913 1.975 -2.059 -2.713 -2.856 -1.289 -2.208 -2.853
thin5 4 thin_disk 9.609422258 0.25 0.025095 1.401447535 1.377 19.95504194 4303.283913 1.974 -2.06 -2.715 -2.858 -1.291 -2.21 -2.855
thin5 4 thin_disk 9.609422258 0.25 0.025095 1.401448011 1.377 20.05176678 4300.312336 1.97 -2.069 -2.724 -2.868 -1.298 -2.218 -2.864
thin5 4 thin_disk 9.609422258 0.25 0.025095 1.401454449 1.377 21.35269245 4266.777537 1.915 -2.179 -2.838 -2.989 -1.397 -2.33 -2.985
thin5 4 thin_disk 9.609422258 0.25 0.025095 1.401460171 1.377 22.51918376 4239.357093 1.869 -2.272 -2.934 -3.091 -1.479 -2.424 -3.087
thin5 4 thin_disk 9.609422258 0.25 0.025095 1.401466012 1.377 23.54250356 4215.994154 1.831 -2.349 -3.014 -3.176 -1.547 -2.502 -3.172
thin5 4 thin_disk 9.609422258 0.25 0.025095 1.401471972 1.377 24.01887405 4205.329212 1.813 -2.385 -3.051 -3.216 -1.579 -2.539 -3.211
thin5 4 thin_disk 9.609422258 0.25 0.025095 1.401488781 1.377 23.54250356 4215.994154 1.83 -2.351 -3.016 -3.178 -1.549 -2.504 -3.173
thin5 4 thin_disk 9.609422258 0.25 0.025095 1.40149796 1.377 22.92728581 4230.580858 1.854 -2.304 -2.966 -3.125 -1.507 -2.456 -3.121
thin5 4 thin_disk 9.609422258 0.25 0.025095 1.401519537 1.377 22.01165234 4251.087068 1.889 -2.234 -2.894 -3.048 -1.445 -2.385 -3.044
thin5 4 thin_disk 9.609422258 0.25 0.025095 1.401558399 1.377 21.20570155 4271.692675 1.922 -2.167 -2.825 -2.975 -1.386 -2.318 -2.971
thin5 4 thin_disk 9.609422258 0.25 0.025095 1.401769757 1.377 20.60405236 4286.472087 1.946 -2.119 -2.775 -2.922 -1.343 -2.268 -2.918
thin5 4 thin_disk 9.609422258 0.25 0.025095 1.40197587 1.377 21.35269245 4266.777537 1.915 -2.18 -2.838 -2.989 -1.397 -2.33 -2.985
thin5 4 thin_disk 9.609422258 0.25 0.025095 1.402145624 1.377 22.59189416 4237.405247 1.866 -2.278 -2.94 -3.098 -1.484 -2.43 -3.093
thin5 4 thin_disk 9.609422258 0.25 0.025095 1.402289867 1.378 24.01887405 4205.329212 1.813 -2.385 -3.051 -3.215 -1.578 -2.538 -3.21
thin5 4 thin_disk 9.609422258 0.25 0.025095 1.402409196 1.378 25.53598678 4173.495985 1.76 -2.492 -3.162 -3.334 -1.673 -2.647 -3.329
thin5 4 thin_disk 9.609422258 0.25 0.025095 1.402508736 1.378 27.16143086 4140.950127 1.707 -2.598 -3.273 -3.452 -1.766 -2.755 -3.447
thin5 4 thin_disk 9.609422258 0.25 0.025095 1.402594209 1.378 28.89033946 4108.65807 1.653 -2.705 -3.384 -3.571 -1.86 -2.864 -3.565
thin5 4 thin_disk 9.609422258 0.25 0.025095 1.402668595 1.378 30.72929841 4076.617833 1.599 -2.812 -3.495 -3.69 -1.952 -2.973 -3.684
thin5 4 thin_disk 9.609422258 0.25 0.025095 1.402734756 1.378 32.72296477 4044.827454 1.545 -2.919 -3.607 -3.81 -2.045 -3.082 -3.803
thin5 4 thin_disk 9.609422258 0.25 0.025095 1.402794957 1.378 34.83795428 4011.437222 1.49 -3.028 -3.721 -3.932 -2.139 -3.193 -3.925
thin5 4 thin_disk 9.609422258 0.25 0.025095 1.402850389 1.378 37.13236791 3978.322628 1.435 -3.139 -3.842 -4.058 -2.236 -3.309 -4.052
thin5 4 thin_disk 9.609422258 0.25 0.025095 1.402901888 1.378 39.5778907 3945.481397 1.38 -3.252 -3.963 -4.185 -2.334 -3.426 -4.179
thin5 4 thin_disk 9.609422258 0.25 0.025095 1.402950287 1.378 42.25252281 3912.010394 1.323 -3.366 -4.086 -4.315 -2.433 -3.544 -4.308
thin5 4 thin_disk 9.609422258 0.25 0.025095 1.402995467 1.378 45.07675505 3877.930309 1.266 -3.48 -4.21 -4.444 -2.53 -3.663 -4.437
thin5 4 thin_disk 9.609422258 0.25 0.025095 1.403036833 1.378 48.18952492 3842.37723 1.209 -3.595 -4.334 -4.575 -2.628 -3.782 -4.568
thin5 4 thin_disk 9.609422258 0.25 0.025095 1.403077483 1.379 51.51724675 3807.150104 1.15 -3.711 -4.46 -4.707 -2.726 -3.904 -4.7
thin5 4 thin_disk 9.609422258 0.25 0.025095 1.403117776 1.379 55.18901524 3770.509158 1.091 -3.83 -4.588 -4.842 -2.824 -4.027 -4.835
thin5 4 thin_disk 9.609422258 0.25 0.025095 1.403154492 1.379 59.02726282 3735.080789 1.033 -3.947 -4.713 -4.974 -2.918 -4.148 -4.967
thin5 4 thin_disk 9.609422258 0.25 0.025095 1.403181195 1.379 62.78452961 3701.68961 0.979 -4.055 -4.829 -5.097 -3.003 -4.26 -5.089
thin5 4 thin_disk 9.609422258 0.25 0.025095 1.403198361 1.379 66.2449299 3672.823005 0.932 -4.148 -4.929 -5.202 -3.073 -4.356 -5.194
thin5 4 thin_disk 9.609422258 0.25 0.025095 1.403212309 1.379 69.92824758 3643.342501 0.885 -4.242 -5.03 -5.309 -3.144 -4.453 -5.301
thin5 4 thin_disk 9.609422258 0.25 0.025095 1.403224826 1.379 74.32803385 3609.940136 0.833 -4.346 -5.14 -5.426 -3.217 -4.56 -5.418
thin5 4 thin_disk 9.609422258 0.25 0.025095 1.403236628 1.379 79.25974027 3575.197187 0.777 -4.457 -5.259 -5.553 -3.291 -4.675 -5.544
thin5 4 thin_disk 9.609422258 0.25 0.025095 1.403246999 1.379 84.49920926 3539.158396 0.721 -4.567 -5.376 -5.678 -3.361 -4.788 -5.669
thin5 4 thin_disk 9.609422258 0.25 0.025095 1.403256893 1.379 90.0850336 3503.482883 0.665 -4.678 -5.494 -5.804 -3.422 -4.902 -5.795
thin5 4 thin_disk 9.609422258 0.25 0.025095 1.403267503 1.379 96.70582736 3464.17641 0.604 -4.799 -5.622 -5.941 -3.486 -5.026 -5.932
thin5 4 thin_disk 9.609422258 0.25 0.025095 1.403279543 1.379 104.580965 3420.581953 0.536 -4.933 -5.763 -6.093 -3.537 -5.162 -6.084
thin5 4 thin_disk 9.609422258 0.25 0.025095 1.403293014 1.379 113.3842273 3375.20379 0.465 -5.071 -5.908 -6.251 -3.579 -5.302 -6.241
thin5 4 thin_disk 9.609422258 0.25 0.025095 1.403306365 1.379 122.1385177 3333.496473 0.401 -5.195 -6.038 -6.393 -3.593 -5.427 -6.383
thin5 4 thin_disk 9.609422258 0.25 0.025095 1.403315663 1.379 127.3657463 3309.786651 0.364 -5.267 -6.113 -6.475 -3.599 -5.498 -6.464
thin5 4 thin_disk 9.609422258 0.25 0.025095 1.403316617 1.379 125.8208587 3316.652722 0.375 -5.247 -6.092 -6.452 -3.599 -5.478 -6.441
thin5 4 thin_disk 9.609422258 0.25 0.025095 1.403316736 1.379 124.4952108 3322.767852 0.385 -5.227 -6.071 -6.429 -3.596 -5.459 -6.419
thin5 4 thin_disk 9.609422258 0.25 0.025095 1.403316855 1.379 122.7870725 3330.427623 0.397 -5.203 -6.047 -6.402 -3.593 -5.435 -6.392
thin5 4 thin_disk 9.609422258 0.25 0.025095 1.403316975 1.379 121.3535945 3336.568151 0.407 -5.183 -6.026 -6.38 -3.59 -5.415 -6.37
thin5 4 thin_disk 9.609422258 0.25 0.025095 1.403317213 1.379 120.9630266 3338.105052 0.409 -5.179 -6.021 -6.375 -3.59 -5.411 -6.365
thin5 4 thin_disk 9.609422258 0.25 0.025095 1.403317451 1.379 121.7454235 3335.031959 0.404 -5.189 -6.032 -6.387 -3.591 -5.421 -6.376
thin5 4 thin_disk 9.609422258 0.25 0.025095 1.403317809 1.379 123.4390711 3327.361598 0.392 -5.212 -6.056 -6.412 -3.594 -5.444 -6.402
thin5 4 thin_disk 9.609422258 0.25 0.025095 1.403318167 1.379 125.012271 3319.708879 0.381 -5.235 -6.08 -6.438 -3.597 -5.467 -6.428
thin5 4 thin_disk 9.609422258 0.25 0.025095 1.403318763 1.379 128.2486035 3305.978311 0.358 -5.278 -6.125 -6.487 -3.596 -5.509 -6.477
thin5 4 thin_disk 9.609422258 0.25 0.025095 1.403319478 1.379 132.3892265 3287.759187 0.331 -5.33 -6.18 -6.548 -3.587 -5.562 -6.537
thin5 4 thin_disk 9.609422258 0.25 0.025095 1.403320432 1.379 136.6006119 3270.393418 0.304 -5.381 -6.235 -6.608 -3.575 -5.613 -6.597
thin5 4 thin_disk 9.609422258 0.25 0.025095 1.403321505 1.379 140.8486358 3252.370401 0.277 -5.432 -6.288 -6.667 -3.561 -5.664 -6.655
thin5 4 thin_disk 9.609422258 0.25 0.025095 1.403323054 1.379 145.1619003 3235.191553 0.252 -5.479 -6.339 -6.723 -3.546 -5.711 -6.711
thin5 4 thin_disk 9.609422258 0.25 0.025095 1.403325319 1.379 154.6509688 3198.158622 0.196 -5.583 -6.449 -6.842 -3.522 -5.813 -6.828
thin5 4 thin_disk 9.609422258 0.25 0.025095 1.403326511 1.379 158.2896959 3184.930795 0.176 -5.62 -6.488 -6.885 -3.512 -5.849 -6.871
thin5 4 thin_disk 9.609422258 0.25 0.025095 1.403326631 1.379 158.4720386 3184.930795 0.175 -5.622 -6.49 -6.887 -3.511 -5.851 -6.873
thin5 4 thin_disk 9.609422258 0.25 0.025095 1.40332675 1.359 162.3127533 3143.402542 0.147 -5.633 -6.512 -6.917 -3.375 -5.861 -6.902
thin5 4 thin_disk 9.609422258 0.25 0.025095 1.403326869 1.359 104.6050484 3359.696137 0.53 -4.878 -5.722 -6.066 -3.344 -5.111 -6.056
thin5 4 thin_disk 9.609422258 0.25 0.025095 1.403326988 1.358 88.74678824 3455.413296 0.673 -4.603 -5.431 -5.749 -3.272 -4.832 -5.74
thin5 4 thin_disk 9.609422258 0.25 0.025095 1.403327346 1.358 64.21738917 3651.741273 0.953 -4.063 -4.851 -5.127 -2.972 -4.274 -5.119
thin5 4 thin_disk 9.609422258 0.25 0.025095 1.403327704 1.358 66.81171884 3625.767902 0.918 -4.128 -4.922 -5.202 -3.014 -4.342 -5.194
thin5 4 thin_disk 9.609422258 0.25 0.025095 1.403328419 1.357 82.57577243 3494.620337 0.735 -4.48 -5.301 -5.609 -3.21 -4.706 -5.601
thin5 4 thin_disk 9.609422258 0.25 0.025095 1.403329134 1.357 109.509714 3327.361598 0.489 -4.951 -5.799 -6.152 -3.331 -5.184 -6.142
thin5 4 thin_disk 9.609422258 0.25 0.025095 1.403329969 1.356 139.7180915 3189.33398 0.278 -5.351 -6.223 -6.613 -3.264 -5.581 -6.599
thin5 4 thin_disk 9.609422258 0.25 0.025095 1.403331041 1.355 164.3435428 3098.846042 0.136 -5.612 -6.504 -6.918 -3.193 -5.839 -6.9
thin5 4 thin_disk 9.609422258 0.25 0.025095 1.403332353 1.355 179.9503289 3047.89499 0.057 -5.754 -6.658 -7.084 -3.189 -5.979 -7.061
thin5 4 thin_disk 9.609422258 0.25 0.025095 1.403333664 1.354 188.8655053 3019.95172 0.014 -5.827 -6.739 -7.171 -3.185 -6.051 -7.146
thin5 4 thin_disk 9.609422258 0.25 0.025095 1.403335214 1.352 195.2776971 2999.162519 -0.015 -5.876 -6.793 -7.228 -3.19 -6.097 -7.2
thin5 4 thin_disk 9.609422258 0.25 0.025095 1.403335214 1.352 137.7059307 3184.930795 0.289 -5.316 -6.19 -6.58 -3.19 -6.097 -7.2
thin5 4 thin_disk 9.609422258 0.25 0.025095 1.403335452 1.352 104.580965 3338.873767 0.528 -4.861 -5.709 -6.057 -3.272 -5.094 -6.047
thin5 4 thin_disk 9.609422258 0.25 0.025095 1.40333581 1.352 75.57056076 3531.018557 0.81 -4.317 -5.132 -5.432 -3.098 -4.54 -5.423
thin5 4 thin_disk 9.609422258 0.25 0.025095 1.403336287 1.352 78.29835625 3509.134384 0.779 -4.377 -5.196 -5.5 -3.127 -4.602 -5.491
thin5 4 thin_disk 9.609422258 0.25 0.025095 1.403336883 1.351 96.12860608 3387.661434 0.601 -4.719 -5.56 -5.894 -3.259 -4.952 -5.884
thin5 4 thin_disk 9.609422258 0.25 0.025095 1.403337598 1.351 126.4307298 3231.469044 0.363 -5.173 -6.039 -6.419 -3.233 -5.407 -6.406
thin5 4 thin_disk 9.609422258 0.25 0.025095 1.403338552 1.35 159.607261 3103.130215 0.159 -5.554 -6.445 -6.857 -3.156 -5.781 -6.839
thin5 4 thin_disk 9.609422258 0.25 0.025095 1.403339624 1.349 186.0170038 3022.03855 0.026 -5.797 -6.708 -7.139 -3.163 -6.02 -7.114
thin5 4 thin_disk 9.609422258 0.25 0.025095 1.403340817 1.348 201.7217118 2979.888403 -0.045 -5.924 -6.844 -7.283 -3.195 -6.142 -7.252
thin5 4 thin_disk 9.609422258 0.25 0.025095 1.403342247 1.347 209.4366318 2960.056495 -0.077 -5.982 -6.907 -7.349 -3.21 -6.198 -7.316
thin5 4 thin_disk 9.609422258 0.25 0.025095 1.403343797 1.345 213.772898 2948.492314 -0.096 -6.015 -6.942 -7.386 -3.218 -6.229 -7.352
thin5 4 thin_disk 9.609422258 0.25 0.025095 1.403343916 1.345 152.0731861 3128.239532 0.2 -5.474 -6.359 -6.764 -3.171 -5.702 -6.747
thin5 4 thin_disk 9.609422258 0.25 0.025095 1.403344035 1.345 115.5187936 3280.952931 0.439 -5.023 -5.881 -6.246 -3.256 -5.257 -6.234
thin5 4 thin_disk 9.609422258 0.25 0.025095 1.403344512 1.345 83.30146606 3471.362759 0.723 -4.48 -5.306 -5.62 -3.178 -4.708 -5.611
thin5 4 thin_disk 9.609422258 0.25 0.025095 1.403344989 1.344 86.26857907 3450.642762 0.692 -4.539 -5.369 -5.687 -3.198 -4.768 -5.678
thin5 4 thin_disk 9.609422258 0.25 0.025095 1.403345704 1.344 105.7189022 3330.427623 0.516 -4.876 -5.725 -6.076 -3.264 -5.11 -6.066
thin5 4 thin_disk 9.609422258 0.25 0.025095 1.403346658 1.343 138.5647124 3176.874071 0.28 -5.322 -6.197 -6.59 -3.193 -5.552 -6.575
thin5 4 thin_disk 9.609422258 0.25 0.025095 1.403347731 1.342 174.7240327 3050.703498 0.079 -5.692 -6.595 -7.019 -3.138 -5.916 -6.997
thin5 4 thin_disk 9.609422258 0.25 0.025095 1.403349042 1.341 203.1667554 2970.981859 -0.053 -5.928 -6.85 -7.29 -3.181 -6.145 -7.258
thin5 4 thin_disk 9.609422258 0.25 0.025095 1.403350472 1.339 219.6608424 2928.869355 -0.122 -6.051 -6.982 -7.428 -3.219 -6.262 -7.391
thin5 4 thin_disk 9.609422258 0.25 0.025095 1.403352141 1.338 227.6945548 2910.046978 -0.153 -6.105 -7.04 -7.49 -3.237 -6.313 -7.451
thin5 4 thin_disk 9.609422258 0.25 0.025095 1.403353929 1.336 232.1414244 2898.678171 -0.171 -6.134 -7.072 -7.523 -3.246 -6.341 -7.483
thin5 4 thin_disk 9.609422258 0.25 0.025095 1.403354049 1.336 166.8601558 3071.849964 0.116 -5.616 -6.514 -6.933 -3.12 -5.841 -6.913
thin5 4 thin_disk 9.609422258 0.25 0.025095 1.403354168 1.336 126.7805539 3223.294595 0.355 -5.172 -6.039 -6.42 -3.204 -5.405 -6.408
thin5 4 thin_disk 9.609422258 0.25 0.025095 1.403354526 1.335 91.31721226 3414.286808 0.64 -4.63 -5.466 -5.794 -3.221 -4.861 -5.784
thin5 4 thin_disk 9.609422258 0.25 0.025095 1.403355122 1.335 94.50453398 3393.126102 0.61 -4.688 -5.527 -5.86 -3.238 -4.92 -5.851
thin5 4 thin_disk 9.609422258 0.25 0.025095 1.403355837 1.334 115.5453959 3274.914756 0.435 -5.018 -5.877 -6.243 -3.231 -5.252 -6.232
thin5 4 thin_disk 9.609422258 0.25 0.025095 1.403356671 1.333 150.9915505 3123.201467 0.202 -5.453 -6.34 -6.745 -3.134 -5.681 -6.728
thin5 4 thin_disk 9.609422258 0.25 0.025095 1.403357744 1.332 189.7372688 2999.162519 0.004 -5.812 -6.728 -7.162 -3.13 -6.032 -7.134
thin5 4 thin_disk 9.609422258 0.25 0.025095 1.403358936 1.33 219.9645248 2920.115301 -0.126 -6.043 -6.976 -7.423 -3.198 -6.252 -7.385
thin5 4 thin_disk 9.609422258 0.25 0.025095 1.403360367 1.329 237.7128423 2879.386738 -0.193 -6.16 -7.102 -7.557 -3.24 -6.364 -7.513
thin5 4 thin_disk 9.609422258 0.25 0.025095 1.403361916 1.327 245.8400552 2860.882361 -0.223 -6.212 -7.156 -7.612 -3.267 -6.41 -7.565
thin5 4 thin_disk 9.609422258 0.25 0.025095 1.403363705 1.325 250.3529106 2849.705627 -0.24 -6.238 -7.184 -7.64 -3.281 -6.434 -7.591
thin5 4 thin_disk 9.609422258 0.25 0.025095 1.403363824 1.325 182.1179046 3015.782384 0.037 -5.743 -6.656 -7.087 -3.099 -5.966 -7.061
thin5 4 thin_disk 9.609422258 0.25 0.025095 1.403364062 1.325 138.3415524 3166.649527 0.276 -5.308 -6.186 -6.58 -3.145 -5.538 -6.565
thin5 4 thin_disk 9.609422258 0.25 0.025095 1.40336442 1.324 99.41516665 3358.149296 0.562 -4.768 -5.613 -5.956 -3.23 -5.001 -5.946
thin5 4 thin_disk 9.609422258 0.25 0.025095 1.403365016 1.323 102.8851381 3337.336513 0.532 -4.825 -5.673 -6.022 -3.23 -5.058 -6.012
thin5 4 thin_disk 9.609422258 0.25 0.025095 1.40336585 1.322 125.5603868 3220.327198 0.359 -5.148 -6.017 -6.398 -3.17 -5.381 -6.385
thin5 4 thin_disk 9.609422258 0.25 0.025095 1.403366804 1.321 163.5131348 3071.142726 0.129 -5.571 -6.47 -6.888 -3.076 -5.796 -6.867
thin5 4 thin_disk 9.609422258 0.25 0.025095 1.403367996 1.319 204.8578662 2948.492314 -0.067 -5.921 -6.848 -7.29 -3.13 -6.134 -7.256
thin5 4 thin_disk 9.609422258 0.25 0.025095 1.403369427 1.317 236.9477804 2870.780582 -0.195 -6.145 -7.088 -7.542 -3.216 -6.346 -7.497
thin5 4 thin_disk 9.609422258 0.25 0.025095 1.403370976 1.315 255.3598678 2831.391996 -0.261 -6.259 -7.207 -7.664 -3.281 -6.449 -7.612
thin5 4 thin_disk 9.609422258 0.25 0.025095 1.403372765 1.312 263.9688284 2813.843894 -0.29 -6.307 -7.257 -7.714 -3.31 -6.492 -7.659
thin5 4 thin_disk 9.609422258 0.25 0.025095 1.403374791 1.309 268.2579768 2804.141985 -0.305 -6.33 -7.282 -7.739 -3.324 -6.512 -7.682
thin5 4 thin_disk 9.609422258 0.25 0.025095 1.40337491 1.309 198.0398756 2962.784064 -0.042 -5.865 -6.789 -7.229 -3.105 -6.08 -7.196
thin5 4 thin_disk 9.609422258 0.25 0.025095 1.403375149 1.309 150.3324187 3113.866577 0.197 -5.435 -6.325 -6.732 -3.081 -5.663 -6.714
thin5 4 thin_disk 9.609422258 0.25 0.025095 1.403375506 1.308 107.85807 3306.739628 0.486 -4.899 -5.752 -6.11 -3.22 -5.133 -6.099
thin5 4 thin_disk 9.609422258 0.25 0.025095 1.403376102 1.306 111.6741472 3285.488868 0.456 -4.954 -5.811 -6.174 -3.203 -5.188 -6.163
thin5 4 thin_disk 9.609422258 0.25 0.025095 1.403376937 1.305 135.6602599 3170.297367 0.285 -5.27 -6.147 -6.54 -3.119 -5.5 -6.525
thin5 4 thin_disk 9.609422258 0.25 0.025095 1.40337801 1.303 176.1378313 3022.73448 0.059 -5.678 -6.589 -7.017 -3.052 -5.9 -6.992
thin5 4 thin_disk 9.609422258 0.25 0.025095 1.403379202 1.3 219.6608424 2902.017319 -0.134 -6.017 -6.954 -7.403 -3.143 -6.223 -7.362
thin5 4 thin_disk 9.609422258 0.25 0.025095 1.403380632 1.297 253.3685143 2826.18118 -0.259 -6.234 -7.183 -7.639 -3.251 -6.422 -7.586
thin5 4 thin_disk 9.609422258 0.25 0.025095 1.403382182 1.294 272.3031372 2788.046418 -0.323 -6.341 -7.295 -7.753 -3.315 -6.519 -7.694
thin5 4 thin_disk 9.609422258 0.25 0.025095 1.40338409 1.29 280.5773731 2772.043238 -0.35 -6.384 -7.341 -7.803 -3.334 -6.558 -7.741
thin5 4 thin_disk 9.609422258 0.25 0.025095 1.403386116 1.285 284.2841488 2765.03097 -0.363 -6.403 -7.361 -7.826 -3.34 -6.575 -7.763
thin5 4 thin_disk 9.609422258 0.25 0.025095 1.403386235 1.285 213.4286144 2915.412423 -0.114 -5.971 -6.905 -7.352 -3.121 -6.179 -7.312
thin5 4 thin_disk 9.609422258 0.25 0.025095 1.403386474 1.284 162.0886648 3066.902715 0.125 -5.547 -6.447 -6.865 -3.042 -5.772 -6.845
thin5 4 thin_disk 9.609422258 0.25 0.025095 1.403386831 1.282 115.9184712 3262.120504 0.415 -5.014 -5.875 -6.245 -3.183 -5.248 -6.233
thin5 4 thin_disk 9.609422258 0.25 0.025095 1.403387427 1.28 119.9368518 3240.41027 0.384 -5.069 -5.933 -6.31 -3.159 -5.302 -6.298
thin5 4 thin_disk 9.609422258 0.25 0.025095 1.403388262 1.276 145.5635521 3124.640086 0.215 -5.376 -6.263 -6.668 -3.062 -5.604 -6.65
thin5 4 thin_disk 9.609422258 0.25 0.025095 1.403389216 1.272 188.4745195 2976.459654 -0.01 -5.771 -6.693 -7.129 -3.045 -5.988 -7.098
thin5 4 thin_disk 9.609422258 0.25 0.025095 1.403390408 1.267 234.1815331 2856.274877 -0.201 -6.101 -7.047 -7.501 -3.156 -6.298 -7.453
thin5 4 thin_disk 9.609422258 0.25 0.025095 1.403391719 1.261 269.7445289 2780.353394 -0.326 -6.311 -7.265 -7.723 -3.278 -6.485 -7.662
thin5 4 thin_disk 9.609422258 0.25 0.025095 1.403393269 1.255 289.5027176 2741.574172 -0.39 -6.408 -7.371 -7.841 -3.316 -6.575 -7.773
thin5 4 thin_disk 9.609422258 0.25 0.025095 1.403395057 1.247 297.9563496 2725.837739 -0.418 -6.441 -7.41 -7.886 -3.325 -6.606 -7.816
thin5 4 thin_disk 9.609422258 0.25 0.025095 1.403397083 1.239 301.7537284 2719.568486 -0.431 -6.452 -7.426 -7.906 -3.325 -6.616 -7.835
thin5 4 thin_disk 9.609422258 0.25 0.025095 1.403397203 1.238 230.2781039 2862.200149 -0.197 -6.071 -7.016 -7.47 -3.133 -6.27 -7.423
thin5 4 thin_disk 9.609422258 0.25 0.025095 1.403397441 1.236 174.8850336 3014.393884 0.042 -5.652 -6.566 -6.996 -3.006 -5.874 -6.97
thin5 4 thin_disk 9.609422258 0.25 0.025095 1.403397798 1.232 124.6673261 3211.441387 0.334 -5.126 -5.995 -6.379 -3.116 -5.358 -6.366
thin5 4 thin_disk 9.609422258 0.25 0.025095 1.403398395 1.227 129.2268163 3187.131627 0.301 -5.18 -6.054 -6.444 -3.086 -5.411 -6.429
thin5 4 thin_disk 9.609422258 0.25 0.025095 1.40339911 1.219 156.9830074 3068.315401 0.13 -5.479 -6.378 -6.796 -2.977 -5.704 -6.776
thin5 4 thin_disk 9.609422258 0.25 0.025095 1.403400063 1.21 202.6528169 2918.770848 -0.095 -5.862 -6.796 -7.241 -3.022 -6.071 -7.202
thin5 4 thin_disk 9.609422258 0.25 0.025095 1.403401256 1.199 251.8561991 2795.760728 -0.288 -6.184 -7.135 -7.591 -3.175 -6.362 -7.532
thin5 4 thin_disk 9.609422258 0.25 0.025095 1.403402686 1.187 290.0364928 2717.064824 -0.416 -6.372 -7.342 -7.816 -3.254 -6.533 -7.744
thin5 4 thin_disk 9.609422258 0.25 0.025095 1.403404236 1.173 311.9985997 2676.085593 -0.484 -6.418 -7.416 -7.921 -3.227 -6.578 -7.842
thin5 4 thin_disk 9.609422258 0.25 0.025095 1.403405905 1.157 321.6271074 2657.05167 -0.516 -6.392 -7.423 -7.959 -3.141 -6.557 -7.877
thin5 4 thin_disk 9.609422258 0.25 0.025095 1.403407931 1.139 325.9512455 2648.500139 -0.535 -6.255 -7.359 -7.964 -2.903 -6.444 -7.878
thin5 4 thin_disk 9.609422258 0.25 0.025095 1.40340805 1.138 252.9604615 2781.634089 -0.315 -6.174 -7.128 -7.585 -3.148 -6.349 -7.523
thin5 4 thin_disk 9.609422258 0.25 0.025095 1.40340817 1.134 192.0227322 2933.593941 -0.076 -5.761 -6.692 -7.135 -2.948 -5.972 -7.098
thin5 4 thin_disk 9.609422258 0.25 0.025095 1.403408647 1.127 136.4120215 3132.564342 0.218 -5.242 -6.127 -6.53 -2.957 -5.47 -6.513
thin5 4 thin_disk 9.609422258 0.25 0.025095 1.403409123 1.117 141.4336159 3106.704883 0.182 -5.295 -6.186 -6.596 -2.912 -5.522 -6.577
thin5 4 thin_disk 9.609422258 0.25 0.025095 1.403409958 1.104 171.7721078 2986.070108 0.008 -5.582 -6.502 -6.936 -2.878 -5.8 -6.906
thin5 4 thin_disk 9.609422258 0.25 0.025095 1.403410792 1.088 221.6422983 2834.653633 -0.22 -5.955 -6.903 -7.358 -2.986 -6.146 -7.306
thin5 4 thin_disk 9.609422258 0.25 0.025095 1.403411984 1.07 275.6466031 2709.567659 -0.416 -6.252 -7.221 -7.694 -3.13 -6.411 -7.621
thin5 4 thin_disk 9.609422258 0.25 0.025095 1.403413296 1.048 317.8722711 2628.451695 -0.549 -6.105 -7.241 -7.873 -2.703 -6.299 -7.783
thin5 4 thin_disk 9.609422258 0.25 0.025095 1.403414726 1.024 342.3360575 2582.854846 -0.623 -6.105 -7.288 -7.961 -2.627 -6.315 -7.869
thin5 4 thin_disk 9.609422258 0.25 0.025095 1.403416395 0.997 354.2033341 2559.764431 -0.664 -6.111 -7.309 -7.998 -2.608 -6.328 -7.907
thin5 4 thin_disk 9.609422258 0.25 0.025095 1.403418302 0.968 360.6223547 2545.657664 -0.693 -6.105 -7.313 -8.014 -2.585 -6.328 -7.923
thin5 4 thin_disk 9.609422258 0.25 0.025095 1.403418422 0.966 283.7609601 2670.545612 -0.486 -6.207 -7.204 -7.708 -3.013 -6.364 -7.628
thin5 4 thin_disk 9.609422258 0.25 0.025095 1.403418541 0.961 214.561919 2823.579369 -0.245 -5.87 -6.82 -7.275 -2.887 -6.058 -7.222
thin5 4 thin_disk 9.609422258 0.25 0.025095 1.403418899 0.951 151.4093325 3026.913428 0.053 -5.355 -6.265 -6.694 -2.739 -5.578 -6.669
thin5 4 thin_disk 9.609422258 0.25 0.025095 1.403419495 0.937 157.2000373 2999.853181 0.014 -5.406 -6.323 -6.756 -2.728 -5.626 -6.728
thin5 4 thin_disk 9.609422258 0.25 0.025095 1.40342021 0.919 191.0964613 2878.723811 -0.164 -5.686 -6.628 -7.08 -2.773 -5.888 -7.036
thin5 4 thin_disk 9.609422258 0.25 0.025095 1.403421044 0.897 246.8610915 2726.465459 -0.397 -6.039 -7.004 -7.474 -2.934 -6.201 -7.404
thin5 4 thin_disk 9.609422258 0.25 0.025095 1.403422117 0.871 307.0100871 2600.159563 -0.599 -5.967 -7.117 -7.758 -2.535 -6.163 -7.667
thin5 4 thin_disk 9.609422258 0.25 0.025095 1.403423429 0.841 354.2849018 2517.097278 -0.739 -6.019 -7.229 -7.935 -2.49 -6.245 -7.845
thin5 4 thin_disk 9.609422258 0.25 0.025095 1.40342474 0.809 382.4306088 2470.586136 -0.822 -6.014 -7.269 -8.021 -2.42 -6.261 -7.931
thin5 4 thin_disk 9.609422258 0.25 0.025095 1.403426409 0.774 396.1436008 2445.682072 -0.872 -5.986 -7.272 -8.055 -2.35 -6.246 -7.965
thin5 4 thin_disk 9.609422258 0.25 0.025095 1.403428197 0.736 403.6943255 2431.084196 -0.91 -5.921 -7.245 -8.061 -2.234 -6.197 -7.971
thin5 4 thin_disk 9.609422258 0.25 0.025095 1.403435707 0.564 3.335436253e-06 10000 1.64 30.008 30.033 30.044 29.973 30.023 30.043
