# Mini Mass radius_rsun Teff_K logg Vmag Imag Jmag_2mass Hmag_2mass Ksmag_2mass
0.0900000036 0.09 0.1216333435 2308.341184 5.219 18.145 13.731 11.176 10.572 10.311
0.1000000015 0.1 0.1332455288 2451.884454 5.186 17.668 13.271 10.718 10.115 9.85
0.1138685867 0.114 0.1477245395 2597.76583 5.153 17.175 12.797 10.244 9.643 9.375
0.1200000048 0.12 0.1539049701 2658.887731 5.14 16.715 12.5 10.071 9.47 9.199
0.1400000006 0.14 0.1733614955 2783.556238 5.103 15.608 11.792 9.662 9.061 8.788
0.1523650587 0.152 0.1848215656 2839.226239 5.085 15.119 11.472 9.46 8.858 8.586
0.1599999964 0.16 0.1915369841 2872.10293 5.075 14.835 11.29 9.343 8.741 8.47
0.200000003 0.2 0.2258669279 2998.472016 5.029 13.776 10.579 8.845 8.242 7.979
0.25 0.25 0.2668410524 3113.149665 4.981 12.851 9.94 8.363 7.759 7.504
0.3000000119 0.3 0.3065862298 3190.068436 4.94 12.233 9.475 7.98 7.374 7.126
0.3500000238 0.35 0.3506328848 3253.868518 4.89 11.699 9.056 7.621 7.012 6.769
0.4000000358 0.4 0.3934165674 3337.336513 4.847 11.158 8.651 7.288 6.672 6.436
0.4500000179 0.45 0.4418273996 3433.207084 4.798 10.608 8.236 6.945 6.32 6.09
0.5 0.5 0.493915488 3556.313186 4.747 10.018 7.8 6.589 5.954 5.732
0.5500000119 0.55 0.5502406162 3722.20253 4.695 9.349 7.327 6.213 5.563 5.354
0.6000000238 0.6 0.5977955046 3938.220241 4.66 8.671 6.868 5.852 5.182 5.002
0.6499999762 0.65 0.6365794942 4215.994154 4.64 7.98 6.41 5.487 4.818 4.681
0.6548562646 0.655 0.6402545078 4245.218029 4.639 7.911 6.365 5.452 4.786 4.653
0.7000000477 0.7 0.6724386148 4518.559444 4.626 7.296 5.973 5.149 4.531 4.428
0.7248401642 0.725 0.6898467853 4674.121529 4.618 6.975 5.76 4.989 4.415 4.323
0.75 0.75 0.7090104641 4830.58802 4.609 6.673 5.552 4.832 4.308 4.222
0.7542995811 0.754 0.7131036261 4852.885002 4.606 6.628 5.518 4.805 4.287 4.202
0.7846645117 0.784 0.7451653375 5008.411453 4.586 6.315 5.286 4.62 4.143 4.066
0.8000000119 0.8 0.7614697316 5087.448196 4.575 6.165 5.172 4.528 4.072 3.997
0.8253647089 0.825 0.7911387282 5214.347854 4.555 5.923 4.985 4.376 3.95 3.88
0.8490846753 0.848 0.8213961158 5330.893422 4.535 5.708 4.813 4.234 3.835 3.769
0.8500000238 0.849 0.8227211175 5335.805618 4.534 5.699 4.807 4.229 3.83 3.764
0.8685000539 0.868 0.8500659976 5421.257051 4.515 5.535 4.674 4.117 3.737 3.674
0.8905221224 0.89 0.8844079643 5520.774393 4.492 5.343 4.518 3.986 3.625 3.566
0.8999999762 0.899 0.8996066245 5562.88395 4.481 5.262 4.452 3.929 3.576 3.519
0.9041494727 0.903 0.9073036225 5580.845504 4.476 5.227 4.423 3.904 3.554 3.498
0.9177008271 0.917 0.9325081686 5636.376558 4.458 5.112 4.327 3.82 3.48 3.427
0.9301823378 0.929 0.9573101087 5685.910247 4.441 5.007 4.238 3.741 3.411 3.359
0.9422539473 0.941 0.982998024 5731.918412 4.424 4.906 4.152 3.665 3.342 3.292
0.9499999881 0.949 1.0015039 5761.028186 4.412 4.841 4.096 3.614 3.297 3.248
0.9640735984 0.963 1.036221609 5808.981589 4.389 4.724 3.994 3.522 3.213 3.165
0.974644959 0.974 1.064026991 5842.517205 4.37 4.635 3.916 3.451 3.147 3.101
0.9936217666 0.993 1.118800482 5897.935245 4.335 4.476 3.775 3.32 3.026 2.981
1 1 1.138551408 5914.254378 4.322 4.424 3.728 3.276 2.985 2.941
1.003346324 1.003 1.14988033 5922.430869 4.315 4.397 3.703 3.253 2.963 2.919
1.013129234 1.012 1.183184972 5940.1854 4.295 4.319 3.631 3.184 2.897 2.854
1.028725386 1.028 1.242374832 5966.230116 4.258 4.189 3.51 3.068 2.785 2.742
1.041233659 1.04 1.298531965 5985.494003 4.226 4.079 3.405 2.967 2.687 2.646
1.049999952 1.049 1.342000399 5993.768983 4.2 3.999 3.328 2.891 2.613 2.572
1.051494241 1.05 1.350680546 5995.149258 4.196 3.985 3.315 2.878 2.6 2.559
1.06122601 1.06 1.407837875 5995.149258 4.163 3.893 3.223 2.787 2.509 2.467
1.06946671 1.068 1.463364937 5989.630064 4.133 3.813 3.142 2.705 2.426 2.384
1.079768658 1.078 1.543308133 5971.727749 4.091 3.712 3.038 2.596 2.315 2.273
1.088762403 1.087 1.632873891 5930.618664 4.045 3.625 2.939 2.489 2.201 2.157
1.096884251 1.095 1.735212409 5860.032168 3.997 3.555 2.849 2.386 2.086 2.04
1.100000024 1.098 1.777676146 5826.396016 3.976 3.532 2.816 2.345 2.04 1.993
1.106377006 1.105 1.890830699 5701.642723 3.925 3.512 2.758 2.262 1.935 1.883
1.110283017 1.109 1.979486959 5562.88395 3.887 3.546 2.749 2.222 1.869 1.812
1.112637162 1.111 2.04669272 5436.257252 3.859 3.602 2.766 2.21 1.83 1.769
1.114280582 1.112 2.105487391 5332.121047 3.835 3.653 2.782 2.199 1.797 1.732
1.115833759 1.114 2.180482698 5233.593652 3.805 3.687 2.782 2.173 1.748 1.68
1.117692471 1.116 2.299072384 5132.157785 3.76 3.692 2.75 2.112 1.663 1.591
1.119503737 1.118 2.44766876 5054.753714 3.707 3.652 2.681 2.02 1.552 1.477
1.120019674 1.118 2.493174319 5037.325328 3.69 3.632 2.654 1.989 1.516 1.44
1.120558381 1.119 2.546552563 5024.582715 3.671 3.602 2.618 1.949 1.473 1.396
1.122111559 1.12 2.719271962 4989.993731 3.615 3.503 2.506 1.826 1.341 1.263
1.123350263 1.121 2.875760041 4968.210633 3.567 3.41 2.405 1.718 1.227 1.148
1.124791622 1.123 3.080013676 4946.522627 3.508 3.289 2.276 1.582 1.085 1.004
1.125857472 1.124 3.257261641 4930.602596 3.461 3.188 2.17 1.471 0.969 0.888
1.127051592 1.125 3.478184736 4913.602273 3.404 3.066 2.041 1.337 0.831 0.749
1.127962828 1.126 3.674960241 4900.044228 3.356 2.964 1.934 1.225 0.716 0.633
1.128813982 1.127 3.889131652 4885.398559 3.308 2.863 1.826 1.112 0.6 0.516
1.129554033 1.127 4.099705352 4871.918336 3.262 2.767 1.724 1.006 0.49 0.405
1.130443096 1.128 4.393925052 4851.767712 3.202 2.643 1.592 0.867 0.346 0.26
1.131062031 1.129 4.630763962 4836.152643 3.156 2.549 1.491 0.761 0.236 0.15
1.131778479 1.13 4.953961702 4815.041117 3.098 2.431 1.364 0.627 0.097 0.009
1.132312179 1.13 5.231818206 4797.334486 3.051 2.337 1.262 0.519 -0.016 -0.105
1.132910967 1.131 5.602123063 4774.193311 2.992 2.222 1.137 0.386 -0.156 -0.246
1.133462548 1.131 6.008314327 4750.069894 2.932 2.105 1.009 0.249 -0.299 -0.391
1.133940697 1.131 6.421738917 4726.068369 2.873 1.994 0.887 0.119 -0.437 -0.53
1.134378195 1.132 6.877849126 4700.023182 2.814 1.883 0.764 -0.013 -0.576 -0.671
1.134783268 1.132 7.374840718 4674.121529 2.754 1.771 0.64 -0.147 -0.717 -0.814
1.135136008 1.132 7.87503776 4647.292417 2.697 1.667 0.523 -0.273 -0.851 -0.949
1.135474324 1.133 8.438254989 4620.617302 2.637 1.56 0.403 -0.404 -0.99 -1.09
1.135781527 1.133 9.014728363 4593.037593 2.579 1.457 0.287 -0.529 -1.123 -1.226
1.136083007 1.133 9.604010912 4566.673896 2.525 1.361 0.178 -0.648 -1.25 -1.355
1.136475682 1.133 10.21063249 4542.552967 2.472 1.269 0.072 -0.764 -1.372 -1.479
1.136710405 1.133 9.769057028 4564.57135 2.51 1.328 0.144 -0.683 -1.285 -1.39
1.136862516 1.134 9.228957475 4591.980128 2.56 1.409 0.239 -0.578 -1.172 -1.275
1.136895776 1.134 9.112816912 4597.269885 2.57 1.426 0.259 -0.556 -1.148 -1.251
1.136986852 1.134 9.34657822 4586.696458 2.548 1.388 0.215 -0.604 -1.199 -1.302
1.137227654 1.134 10.00581905 4557.220056 2.489 1.287 0.099 -0.731 -1.335 -1.44
1.137465 1.134 10.70662631 4528.975799 2.431 1.187 -0.018 -0.858 -1.471 -1.579
1.137685776 1.134 11.44860693 4499.870339 2.372 1.089 -0.133 -0.985 -1.605 -1.716
1.137884974 1.134 12.22792158 4470.951925 2.315 0.994 -0.245 -1.108 -1.737 -1.85
1.138068557 1.134 13.06630059 4441.196614 2.258 0.902 -0.357 -1.231 -1.868 -1.984
1.138240576 1.134 13.97824489 4411.639332 2.199 0.809 -0.47 -1.356 -2.002 -2.121
1.138393402 1.134 14.91257514 4383.287934 2.143 0.719 -0.578 -1.476 -2.131 -2.252
1.138536096 1.134 15.92401745 4353.113592 2.086 0.631 -0.687 -1.597 -2.26 -2.385
1.138665795 1.134 16.9766754 4324.142525 2.03 0.546 -0.793 -1.716 -2.389 -2.517
1.138784766 1.134 18.12811489 4294.375337 1.973 0.459 -0.899 -1.834 -2.514 -2.646
1.138893843 1.134 19.33537702 4264.813065 1.917 0.371 -1.003 -1.951 -2.635 -2.773
1.138992786 1.133 20.62303813 4235.454299 1.861 0.287 -1.104 -2.065 -2.753 -2.898
1.139084101 1.133 21.99645248 4206.297637 1.805 0.202 -1.205 -2.18 -2.872 -3.023
1.13916719 1.133 23.44512998 4176.37993 1.75 0.119 -1.303 -2.292 -2.988 -3.146
1.139243603 1.133 24.96046345 4146.675015 1.695 0.039 -1.401 -2.404 -3.104 -3.269
1.139315009 1.132 26.60434952 4117.18138 1.639 -0.042 -1.498 -2.516 -3.221 -3.393
1.139378667 1.132 28.3108328 4088.838903 1.585 -0.119 -1.592 -2.624 -3.334 -3.512
1.139439583 1.132 30.15453563 4058.821947 1.53 -0.195 -1.687 -2.736 -3.45 -3.636
1.139493585 1.131 32.0665801 4029.953175 1.477 -0.264 -1.779 -2.843 -3.564 -3.756
1.139543533 1.131 34.11557102 4000.36851 1.423 -0.327 -1.872 -2.952 -3.681 -3.878
1.139590859 1.13 36.29548841 3971.001033 1.369 -0.389 -1.967 -3.063 -3.801 -4.003
1.13963294 1.13 38.57026696 3941.849147 1.316 -0.444 -2.057 -3.169 -3.916 -4.124
1.139672399 1.129 40.9404531 3912.911271 1.263 -0.497 -2.147 -3.276 -4.032 -4.245
1.139708996 1.128 43.52638958 3883.29157 1.21 -0.549 -2.236 -3.383 -4.148 -4.366
1.139741421 1.128 46.07365276 3855.671276 1.16 -0.59 -2.32 -3.485 -4.257 -4.481
1.139772415 1.127 48.94999422 3825.603887 1.108 -0.63 -2.404 -3.588 -4.369 -4.598
1.139801621 1.126 51.92214729 3796.645079 1.056 -0.668 -2.488 -3.692 -4.481 -4.716
1.139827609 1.125 54.94809556 3767.905482 1.007 -0.69 -2.566 -3.791 -4.588 -4.828
1.139858007 1.124 58.97292173 3732.501578 0.945 -0.715 -2.663 -3.915 -4.722 -4.969
1.139885783 1.123 63.24885165 3696.579068 0.883 -0.723 -2.755 -4.038 -4.854 -5.108
1.139911175 1.121 67.86606127 3660.159406 0.822 -0.718 -2.842 -4.159 -4.983 -5.245
1.139934778 1.12 72.7030524 3624.933135 0.761 -0.707 -2.927 -4.279 -5.112 -5.381
1.139956474 1.118 77.83100616 3589.219346 0.701 -0.671 -3.003 -4.397 -5.238 -5.515
1.139976025 1.116 83.09074346 3554.67582 0.643 -0.634 -3.075 -4.511 -5.36 -5.644
1.139994621 1.114 88.8490206 3519.654225 0.585 -0.569 -3.136 -4.626 -5.482 -5.774
1.140011549 1.112 94.78784394 3484.977672 0.528 -0.496 -3.192 -4.738 -5.601 -5.901
1.140027165 1.109 101.0072727 3450.642762 0.471 -0.406 -3.239 -4.848 -5.717 -6.025
1.140041828 1.106 107.6347843 3416.646128 0.415 -0.293 -3.274 -4.958 -5.832 -6.148
1.140055418 1.104 114.5651808 3382.984438 0.36 -0.173 -3.304 -5.066 -5.945 -6.27
1.140067935 1.1 121.8015023 3349.654392 0.305 -0.021 -3.306 -5.171 -6.054 -6.388
1.140079856 1.097 129.3458934 3316.652722 0.252 0.136 -3.306 -5.274 -6.161 -6.505
1.140090823 1.093 137.3575845 3283.976193 0.199 0.334 -3.274 -5.374 -6.265 -6.619
1.140101075 1.089 145.4630351 3252.370401 0.147 0.542 -3.233 -5.471 -6.367 -6.73
1.14011097 1.085 154.0467871 3221.068791 0.095 0.728 -3.194 -5.567 -6.466 -6.838
1.14012301 1.079 164.6844694 3184.197522 0.034 0.938 -3.143 -5.68 -6.583 -6.965
1.14012301 1.079 164.6844694 3184.197522 0.034 0.923 -0.2 -5.68 -6.583 -6.965
1.140256166 1.078 11.02687991 4662.29769 2.383 0.905 -0.223 -1.016 -1.584 -1.684
1.140392661 1.079 11.10075825 4660.151117 2.378 0.896 -0.234 -1.028 -1.596 -1.696
1.140530467 1.079 11.07777767 4662.29769 2.379 0.895 -0.233 -1.026 -1.594 -1.694
1.140672326 1.079 11.02687991 4667.66845 2.383 0.897 -0.229 -1.021 -1.587 -1.687
1.140813708 1.079 10.9812719 4671.969512 2.387 0.899 -0.223 -1.013 -1.578 -1.677
1.140953064 1.079 10.93081754 4677.351413 2.392 0.902 -0.217 -1.005 -1.569 -1.668
1.141091943 1.079 10.86807545 4682.739514 2.396 0.906 -0.212 -0.998 -1.56 -1.659
1.141235113 1.08 10.82312427 4687.054463 2.4 0.909 -0.206 -0.991 -1.551 -1.65
1.141367436 1.08 10.778359 4691.373388 2.404 0.912 -0.201 -0.984 -1.544 -1.642
1.141501546 1.08 10.73377889 4695.696293 2.407 0.914 -0.197 -0.979 -1.538 -1.635
1.141636133 1.08 10.70662631 4698.941086 2.41 0.915 -0.194 -0.974 -1.532 -1.629
1.141769648 1.08 10.66725421 4702.188121 2.412 0.917 -0.191 -0.97 -1.527 -1.624
1.141902208 1.08 10.64026991 4705.4374 2.415 0.918 -0.188 -0.967 -1.523 -1.62
1.142043471 1.081 10.61824263 4707.604833 2.417 0.919 -0.186 -0.963 -1.518 -1.615
1.142076016 1.081 10.61335387 4708.688923 2.417 0.919 -0.186 -0.963 -1.518 -1.614
1.142215371 1.081 10.59138231 4710.857854 2.419 0.919 -0.184 -0.96 -1.515 -1.611
1.142348647 1.081 10.58163178 4713.027784 2.42 0.919 -0.183 -0.959 -1.512 -1.609
1.142481208 1.081 10.57189022 4715.198713 2.421 0.919 -0.183 -0.958 -1.511 -1.607
1.142620683 1.081 10.56702281 4716.284553 2.421 0.918 -0.183 -0.958 -1.51 -1.607
1.142752647 1.081 10.56215764 4717.370643 2.421 0.916 -0.184 -0.958 -1.511 -1.607
1.142895579 1.082 10.57432477 4717.370643 2.421 0.914 -0.186 -0.96 -1.512 -1.609
1.143031836 1.082 10.58650592 4717.370643 2.42 0.911 -0.189 -0.963 -1.515 -1.612
1.143040538 1.082 10.58650592 4717.370643 2.42 0.911 -0.189 -0.963 -1.516 -1.612
1.143117309 1.082 10.59870111 4717.370643 2.419 0.909 -0.191 -0.965 -1.518 -1.614
1.143253446 1.082 10.6280269 4716.284553 2.416 0.905 -0.196 -0.97 -1.523 -1.62
1.143385887 1.082 10.66234289 4714.113124 2.414 0.9 -0.202 -0.977 -1.53 -1.627
1.143518686 1.082 10.70909188 4711.942694 2.41 0.894 -0.209 -0.985 -1.539 -1.636
1.143654108 1.082 10.77339653 4708.688923 2.405 0.886 -0.218 -0.996 -1.55 -1.647
1.143789649 1.083 10.85557032 4704.354057 2.399 0.877 -0.23 -1.009 -1.564 -1.662
1.143923521 1.083 10.94340935 4698.941086 2.391 0.866 -0.243 -1.023 -1.58 -1.678
1.144058227 1.083 11.04466747 4693.534343 2.383 0.854 -0.258 -1.04 -1.599 -1.697
1.144191146 1.083 11.16998641 4685.975353 2.373 0.84 -0.275 -1.061 -1.621 -1.72
1.144333124 1.083 11.32798447 4677.351413 2.362 0.824 -0.296 -1.084 -1.647 -1.746
1.144465923 1.083 11.30453349 4679.505909 2.363 0.825 -0.294 -1.082 -1.644 -1.743
1.144600272 1.084 11.76393578 4653.717326 2.329 0.778 -0.355 -1.151 -1.721 -1.822
1.144725561 1.084 12.50986563 4615.300681 2.276 0.703 -0.45 -1.261 -1.841 -1.945
1.144786835 1.084 13.29696865 4578.255228 2.223 0.63 -0.543 -1.368 -1.958 -2.065
1.144821048 1.084 14.20210257 4538.371048 2.166 0.552 -0.645 -1.484 -2.086 -2.196
1.14483726 1.084 15.07136698 4502.979813 2.114 0.481 -0.737 -1.59 -2.202 -2.316
1.144845605 1.084 15.9864725 4468.893449 2.063 0.412 -0.827 -1.693 -2.315 -2.432
1.144850612 1.084 16.93763013 4435.06511 2.012 0.344 -0.916 -1.795 -2.428 -2.548
1.14485395 1.084 17.99503289 4400.479478 1.96 0.273 -1.007 -1.9 -2.54 -2.665
1.144855619 1.084 18.73064121 4378.244391 1.925 0.223 -1.069 -1.971 -2.615 -2.743
1.144856334 1.084 19.08765799 4367.169015 1.908 0.2 -1.097 -2.004 -2.649 -2.779
1.14485848 1.084 20.32603387 4333.112852 1.854 0.125 -1.191 -2.112 -2.764 -2.9
1.144860387 1.084 21.35269245 4306.257543 1.811 0.066 -1.264 -2.197 -2.853 -2.995
1.144862175 1.084 22.05731497 4288.446535 1.783 0.026 -1.313 -2.254 -2.913 -3.057
1.144864321 1.084 22.60230051 4275.628862 1.762 -0.003 -1.349 -2.296 -2.957 -3.104
1.144869804 1.084 21.8098483 4295.364268 1.793 0.039 -1.297 -2.235 -2.893 -3.036
1.144873738 1.084 21.28397033 4308.241105 1.814 0.07 -1.259 -2.191 -2.847 -2.988
1.144882321 1.084 20.54719984 4327.130569 1.844 0.112 -1.207 -2.131 -2.784 -2.921
1.144900203 1.084 20.42455696 4330.120677 1.85 0.12 -1.198 -2.121 -2.773 -2.909
1.14499557 1.083 20.97261792 4315.190768 1.826 0.088 -1.237 -2.166 -2.821 -2.96
1.145057797 1.082 22.40539707 4279.568675 1.769 0.008 -1.336 -2.281 -2.941 -3.087
1.145110488 1.082 24.02440524 4241.309839 1.708 -0.074 -1.439 -2.401 -3.067 -3.221
1.14515543 1.081 25.74854215 4204.361011 1.648 -0.153 -1.538 -2.518 -3.191 -3.352
1.145192981 1.08 27.52026711 4168.693835 1.59 -0.231 -1.635 -2.631 -3.311 -3.48
1.14522481 1.079 29.3192357 4135.233143 1.534 -0.304 -1.728 -2.741 -3.427 -3.603
1.145252585 1.078 31.28618758 4101.096609 1.478 -0.373 -1.821 -2.851 -3.545 -3.727
1.145277023 1.077 33.33133011 4068.178498 1.422 -0.436 -1.915 -2.962 -3.666 -3.854
1.145298958 1.075 35.52651808 4034.595502 1.366 -0.496 -2.008 -3.072 -3.786 -3.981
1.145319104 1.074 37.86628025 4001.289735 1.31 -0.555 -2.102 -3.183 -3.908 -4.108
1.14533782 1.072 40.56510877 3958.220648 1.249 -0.597 -2.191 -3.296 -4.034 -4.241
1.145355344 1.07 43.69710295 3904.810837 1.184 -0.616 -2.276 -3.411 -4.166 -4.382
1.14536798 1.069 46.14797459 3868.120546 1.136 -0.63 -2.341 -3.498 -4.264 -4.487
1.145383954 1.066 49.27795139 3832.657404 1.078 -0.666 -2.429 -3.609 -4.386 -4.615
1.145398736 1.064 52.53547277 3798.393902 1.022 -0.7 -2.516 -3.718 -4.506 -4.742
1.145412684 1.06 55.96965693 3763.570017 0.965 -0.714 -2.599 -3.827 -4.624 -4.866
1.145425677 1.057 59.82085898 3727.348497 0.906 -0.726 -2.685 -3.941 -4.748 -4.997
1.145435572 1.054 63.76063665 3692.325673 0.849 -0.722 -2.764 -4.052 -4.867 -5.123
1.145442128 1.051 67.66321742 3659.31672 0.796 -0.708 -2.835 -4.154 -4.977 -5.24
1.145447373 1.049 72.06968848 3624.098559 0.741 -0.686 -2.906 -4.259 -5.091 -5.361
1.145452023 1.046 76.79848359 3588.392993 0.685 -0.638 -2.972 -4.367 -5.207 -5.485
1.145456433 1.043 81.87525108 3552.221185 0.627 -0.587 -3.037 -4.476 -5.325 -5.61
1.145460486 1.04 87.22734321 3515.604405 0.57 -0.505 -3.088 -4.584 -5.441 -5.734
1.14546454 1.036 93.42274952 3476.161938 0.51 -0.409 -3.139 -4.698 -5.563 -5.865
1.145468712 1.031 100.1965216 3434.788499 0.447 -0.27 -3.173 -4.816 -5.688 -6
1.145472884 1.025 106.9430694 3396.252726 0.388 -0.126 -3.197 -4.926 -5.803 -6.125
1.145477533 1.017 114.117604 3356.603167 0.328 0.061 -3.191 -5.035 -5.918 -6.25
1.145482421 1.007 121.0466138 3319.708879 0.273 0.248 -3.174 -5.13 -6.018 -6.36
1.145485401 1.001 129.8531965 3277.932453 0.209 0.516 -3.12 -5.247 -6.14 -6.495
1.145485997 0.999 132.2064503 3267.382661 0.192 0.588 -3.103 -5.276 -6.171 -6.528
1.14548707 0.997 106.2557999 3391.563869 0.381 -0.08 -3.17 -4.908 -5.787 -6.109
1.145487189 0.996 105.8163178 3394.689054 0.385 -0.094 -3.17 -4.902 -5.78 -6.102
1.145487308 0.996 109.4088983 3375.20379 0.356 -0.009 -3.173 -4.958 -5.839 -6.166
1.145487428 0.996 109.3585252 3375.981049 0.356 -0.013 -3.174 -4.958 -5.838 -6.165
1.145487547 0.996 113.6717758 3353.513045 0.322 0.094 -3.17 -5.022 -5.906 -6.239
1.145487785 0.995 119.8540309 3322.767852 0.276 0.246 -3.163 -5.111 -5.999 -6.34
1.145488024 0.995 127.3657463 3287.00224 0.223 0.46 -3.127 -5.212 -6.104 -6.456
1.145488381 0.994 135.0680546 3253.119373 0.171 0.692 -3.075 -5.31 -6.207 -6.569
1.14548862 0.993 143.6655517 3216.621793 0.117 0.909 -3.024 -5.411 -6.312 -6.683
1.145489097 0.992 153.4449658 3177.605657 0.06 1.138 -2.96 -5.519 -6.424 -6.806
1.145489573 0.99 162.9493547 3142.67883 0.007 1.339 -2.892 -5.614 -6.525 -6.916
1.145490289 0.986 173.8011496 3103.130215 -0.051 1.548 -2.815 -5.718 -6.634 -7.036
1.145490885 0.982 180.1991113 3081.058895 -0.084 1.636 -2.78 -5.774 -6.692 -7.099
1.145491004 0.982 112.2154473 3351.96905 0.327 0.135 -3.136 -4.994 -5.878 -6.211
1.145491004 0.982 112.2154473 3351.96905 0.327 -0.371 -3.087 -4.994 -5.878 -6.211
1.145491123 0.981 67.07375881 3671.131997 0.774 -0.738 -2.836 -4.144 -4.962 -5.224
1.145491362 0.98 69.99268355 3641.665066 0.737 -0.705 -2.877 -4.212 -5.038 -5.305
1.145491719 0.978 87.428423 3499.45167 0.542 -0.411 -3.053 -4.575 -5.435 -5.731
1.145492077 0.976 116.2927512 3325.063932 0.294 0.287 -3.107 -5.047 -5.934 -6.275
1.145492554 0.974 147.1813035 3187.131627 0.088 1.131 -2.922 -5.436 -6.341 -6.719
1.14549303 0.971 171.4165085 3099.55966 -0.045 1.6 -2.768 -5.683 -6.6 -7.002
1.145493627 0.969 185.2902831 3054.217773 -0.115 1.718 -2.724 -5.81 -6.732 -7.144
1.145494223 0.965 192.2882048 3031.098154 -0.148 1.767 -2.701 -5.867 -6.791 -7.208
1.145494938 0.962 196.4050476 3016.476873 -0.168 1.8 -2.682 -5.897 -6.823 -7.243
1.145494938 0.962 196.4050476 3016.476873 -0.168 1.007 -2.917 -5.897 -6.823 -7.243
1.145495057 0.961 100.2888485 3397.817118 0.415 -0.003 -3.063 -4.787 -5.666 -5.986
1.145495295 0.96 73.95246334 3585.915075 0.679 -0.543 -2.886 -4.284 -5.125 -5.403
1.145495534 0.958 77.09969231 3558.770648 0.642 -0.492 -2.921 -4.351 -5.199 -5.483
1.145495892 0.956 95.9958912 3421.369661 0.451 -0.085 -3.04 -4.713 -5.588 -5.902
1.145496249 0.953 127.1606224 3253.868518 0.206 0.803 -2.949 -5.177 -6.075 -6.435
1.145496845 0.95 160.3439747 3121.044781 0.004 1.546 -2.745 -5.558 -6.473 -6.868
1.145497322 0.947 186.0598407 3037.386092 -0.127 1.796 -2.66 -5.8 -6.724 -7.139
1.145498037 0.943 200.7024365 2994.332334 -0.195 1.859 -2.644 -5.922 -6.85 -7.273
1.145498753 0.939 207.755555 2973.719495 -0.227 1.887 -2.636 -5.975 -6.904 -7.331
1.145499587 0.934 211.3258599 2962.101936 -0.244 1.907 -2.627 -6.001 -6.932 -7.361
1.145499587 0.934 211.3258599 2962.101936 -0.244 1.407 -2.772 -6.001 -6.932 -7.361
1.145499706 0.933 109.1824021 3334.264128 0.329 0.344 -3.005 -4.918 -5.805 -6.142
1.145499945 0.931 80.36235309 3522.086356 0.594 -0.367 -2.925 -4.411 -5.266 -5.557
1.145500183 0.929 83.78237068 3495.425096 0.557 -0.293 -2.949 -4.478 -5.339 -5.636
1.145500541 0.926 104.0764918 3360.469825 0.368 0.219 -3.006 -4.836 -5.72 -6.05
1.145501018 0.923 137.2311317 3195.950175 0.126 1.185 -2.822 -5.293 -6.197 -6.571
1.145501494 0.919 172.5252418 3064.784905 -0.075 1.797 -2.625 -5.665 -6.586 -6.994
1.14550209 0.915 199.6423369 2983.321102 -0.204 1.919 -2.591 -5.9 -6.829 -7.254
1.145502806 0.91 215.3538523 2941.033694 -0.271 1.965 -2.587 -6.018 -6.95 -7.382
1.145503521 0.904 222.2043951 2922.133142 -0.302 1.985 -2.586 -6.067 -7.001 -7.435
1.145504355 0.898 225.9189416 2911.387413 -0.319 2.002 -2.581 -6.09 -7.025 -7.461
1.145504355 0.898 225.9189416 2911.387413 -0.319 1.75 -2.621 -6.09 -7.025 -7.461
1.145504475 0.896 118.1823564 3275.668919 0.243 0.731 -2.906 -5.039 -5.934 -6.288
1.145504713 0.894 86.84656483 3464.974158 0.51 -0.181 -2.951 -4.529 -5.397 -5.701
1.145505071 0.891 90.48001103 3437.953513 0.472 -0.074 -2.96 -4.598 -5.47 -5.78
1.145505428 0.887 112.2929897 3302.934794 0.283 0.561 -2.936 -4.952 -5.844 -6.189
1.145505905 0.882 147.7585583 3139.062769 0.041 1.554 -2.674 -5.401 -6.312 -6.702
1.145506501 0.877 185.5891766 3008.153544 -0.159 1.951 -2.532 -5.766 -6.693 -7.113
1.145507216 0.87 214.8090848 2926.173009 -0.289 2.038 -2.527 -5.996 -6.93 -7.364
1.145508051 0.863 231.3942937 2883.367507 -0.358 2.084 -2.529 -6.112 -7.049 -7.49
1.145508885 0.855 239.0851735 2862.859271 -0.39 2.119 -2.529 -6.161 -7.098 -7.543
1.145509839 0.846 243.1938818 2851.674814 -0.409 2.145 -2.524 -6.184 -7.122 -7.569
1.145509839 0.846 243.1938818 2851.674814 -0.409 1.96 -2.503 -6.184 -7.122 -7.569
1.145509958 0.843 129.1375804 3208.484902 0.138 1.204 -2.753 -5.173 -6.076 -6.447
1.145510197 0.839 94.50453398 3400.948065 0.408 0.106 -2.943 -4.662 -5.54 -5.86
1.145510554 0.834 98.70806646 3372.096543 0.369 0.24 -2.936 -4.73 -5.612 -5.94
1.145510912 0.828 122.3073749 3236.681757 0.178 1.07 -2.774 -5.079 -5.979 -6.344
1.145511389 0.821 160.8246611 3071.849964 -0.063 1.914 -2.5 -5.517 -6.438 -6.845
1.145511985 0.812 201.6288369 2939.679609 -0.265 2.111 -2.441 -5.874 -6.807 -7.24
1.1455127 0.801 233.2666459 2856.932635 -0.396 2.208 -2.452 -6.098 -7.036 -7.483
1.145513535 0.79 251.1034299 2814.49188 -0.467 2.279 -2.46 -6.209 -7.149 -7.602
1.145514369 0.777 259.6286678 2795.117054 -0.502 2.319 -2.465 -6.256 -7.196 -7.652
1.145515323 0.763 263.4223652 2786.121169 -0.524 2.345 -2.464 -6.276 -7.217 -7.676
1.145515323 0.763 263.4223652 2786.121169 -0.524 2.129 -2.415 -6.276 -7.217 -7.676
1.145515442 0.758 141.2058355 3147.023602 0.016 1.611 -2.607 -5.307 -6.217 -6.608
1.14551568 0.752 102.1533574 3355.05775 0.293 0.319 -2.945 -4.793 -5.675 -6.009
1.145516038 0.743 106.1824263 3332.728996 0.254 0.428 -2.941 -4.858 -5.743 -6.084
1.145516396 0.732 131.0848933 3201.105592 0.064 1.271 -2.738 -5.197 -6.099 -6.477
1.145516992 0.718 171.1404402 3040.184917 -0.176 2.01 -2.47 -5.621 -6.544 -6.964
1.145517588 0.702 213.183037 2915.412423 -0.376 2.183 -2.435 -5.961 -6.899 -7.345
1.145518303 0.683 243.1938818 2848.393592 -0.502 2.286 -2.451 -6.163 -7.11 -7.574
1.145519018 0.663 256.8340764 2831.391996 -0.563 2.301 -2.491 -6.255 -7.206 -7.681
1.145519972 0.641 258.1384184 2850.361872 -0.582 2.28 -2.527 -6.27 -7.229 -7.715
1.145520926 0.618 252.7275835 2894.009817 -0.579 2.187 -2.598 -6.26 -7.222 -7.713
1.145523429 0.546 3.335436253e-06 10000 1.752 30.033 30.018 30.019 30.042 30.052
