# Mini Mass radius_rsun Teff_K logg Vmag Imag Jmag_2mass Hmag_2mass Ksmag_2mass
0.090000011 0.09 0.1068200175 2688.437843 5.332 17.063 12.698 10.77 10.393 10.225
0.0922382846 0.092 0.1096611118 2734.009379 5.32 16.721 12.522 10.661 10.266 10.094
0.0994170234 0.099 0.1187552026 2877.398415 5.283 15.674 11.997 10.334 9.886 9.7
0.1026887596 0.103 0.1223073749 2918.098854 5.271 15.379 11.843 10.229 9.768 9.579
0.1182510555 0.118 0.1391081724 3100.273442 5.221 14.152 11.194 9.771 9.267 9.065
0.1370850801 0.137 0.1574536182 3239.664224 5.177 13.29 10.681 9.372 8.847 8.64
0.1559191346 0.156 0.174925307 3333.496473 5.142 12.716 10.302 9.058 8.523 8.316
0.1935872138 0.193 0.2083303986 3457.004939 5.083 11.945 9.738 8.566 8.021 7.813
0.2406722903 0.24 0.248858595 3557.132151 5.023 11.278 9.212 8.093 7.539 7.332
0.2877573967 0.287 0.2870467571 3631.616662 4.977 10.778 8.806 7.722 7.162 6.955
0.3348424733 0.334 0.3235583744 3694.877123 4.94 10.366 8.468 7.411 6.845 6.638
0.3819275498 0.381 0.3631220695 3778.330987 4.896 9.926 8.114 7.09 6.518 6.314
0.4290127158 0.428 0.4092160367 3895.830022 4.843 9.419 7.717 6.736 6.154 5.956
0.4760977626 0.475 0.4589365482 4070.989667 4.789 8.838 7.271 6.346 5.748 5.574
0.523182869 0.522 0.5083380807 4335.108784 4.741 8.155 6.777 5.92 5.308 5.177
0.5517140627 0.551 0.5372205843 4534.192978 4.716 7.702 6.462 5.661 5.075 4.966
0.5702679157 0.569 0.5558436452 4662.29769 4.701 7.427 6.268 5.502 4.94 4.841
0.6173529625 0.617 0.6043000704 4996.892426 4.662 6.777 5.788 5.124 4.651 4.568
0.6243764758 0.624 0.6117199507 5050.100257 4.657 6.684 5.717 5.068 4.608 4.528
0.6403790712 0.64 0.6304528972 5170.11258 4.642 6.478 5.559 4.942 4.51 4.434
0.655905962 0.655 0.6487130653 5288.104149 4.627 6.285 5.407 4.82 4.413 4.342
0.6644381285 0.664 0.6598612795 5353.033977 4.619 6.18 5.323 4.752 4.359 4.29
0.6697745323 0.669 0.6671947877 5391.380705 4.612 6.117 5.272 4.709 4.323 4.256
0.6841529608 0.684 0.6895291723 5492.878592 4.593 5.947 5.131 4.592 4.226 4.161
0.6970304847 0.696 0.7101541754 5583.41617 4.575 5.795 5.007 4.486 4.134 4.073
0.709233284 0.709 0.7329133709 5666.305684 4.555 5.651 4.887 4.382 4.043 3.986
0.7127447128 0.712 0.7400356554 5691.149576 4.549 5.609 4.852 4.352 4.016 3.96
0.7203077674 0.72 0.7557056076 5739.842822 4.535 5.519 4.776 4.285 3.956 3.902
0.730789423 0.73 0.7808230852 5804.970272 4.514 5.393 4.668 4.189 3.869 3.818
0.740953207 0.74 0.8078907671 5866.782664 4.49 5.268 4.56 4.091 3.78 3.732
0.7500967383 0.749 0.8343584043 5921.067336 4.467 5.153 4.46 4 3.695 3.65
0.7589950562 0.758 0.8632819188 5970.352866 4.442 5.038 4.358 3.907 3.609 3.566
0.7610512972 0.76 0.8706681241 5982.738216 4.436 5.011 4.334 3.884 3.588 3.545
0.767663002 0.767 0.8973309448 6013.121788 4.414 4.922 4.253 3.809 3.517 3.475
0.777299583 0.776 0.93983723 6057.591739 4.379 4.786 4.129 3.692 3.405 3.366
0.786370635 0.785 0.9870806646 6093.965623 4.342 4.652 4.004 3.573 3.291 3.253
0.7949765921 0.794 1.037176444 6122.094091 4.303 4.52 3.88 3.453 3.176 3.138
0.803267777 0.802 1.094845014 6143.275613 4.26 4.386 3.752 3.329 3.054 3.017
0.808868289 0.807 1.140125462 6153.185387 4.229 4.291 3.661 3.239 2.965 2.929
0.8093579412 0.808 1.144070124 6153.185387 4.226 4.282 3.652 3.23 2.956 2.92
0.8117730021 0.81 1.16748859 6154.602374 4.209 4.238 3.608 3.186 2.913 2.877
0.8173043132 0.816 1.230134631 6146.105347 4.167 4.131 3.499 3.076 2.802 2.765
0.823559165 0.822 1.318113005 6117.866558 4.11 4.001 3.363 2.935 2.657 2.62
0.8257540464 0.824 1.355665815 6102.390566 4.087 3.953 3.312 2.882 2.602 2.564
0.8293665051 0.827 1.433021297 6056.197087 4.04 3.867 3.215 2.777 2.491 2.451
0.8331916332 0.831 1.546509688 5968.9783 3.976 3.772 3.099 2.645 2.347 2.305
0.8361369967 0.834 1.672833222 5849.247525 3.909 3.7 2.997 2.522 2.207 2.16
0.8379350305 0.836 1.784237426 5729.279373 3.855 3.665 2.93 2.432 2.099 2.047
0.8394172788 0.837 1.908765799 5600.154388 3.797 3.635 2.865 2.342 1.988 1.931
0.8405829668 0.838 2.040575391 5491.613956 3.739 3.591 2.791 2.244 1.871 1.81
0.841594398 0.839 2.190043014 5408.788506 3.678 3.519 2.696 2.13 1.74 1.676
0.8425317407 0.84 2.358048019 5349.337509 3.615 3.419 2.579 1.999 1.596 1.53
0.8426656127 0.84 2.383705754 5341.952229 3.605 3.403 2.561 1.979 1.574 1.508
0.8434485197 0.841 2.554186734 5305.178489 3.546 3.292 2.439 1.848 1.435 1.368
0.8440894485 0.842 2.708648465 5280.803408 3.495 3.189 2.33 1.732 1.313 1.245
0.8447918892 0.842 2.903706019 5255.330096 3.435 3.065 2.198 1.594 1.17 1.101
0.8453065753 0.843 3.062334625 5239.622519 3.389 2.966 2.094 1.486 1.058 0.989
0.8459236622 0.843 3.284374298 5219.152658 3.329 2.837 1.96 1.345 0.913 0.843
0.8463819623 0.844 3.47178358 5203.553211 3.28 2.732 1.851 1.232 0.795 0.725
0.846783042 0.844 3.659760326 5189.195108 3.235 2.634 1.748 1.126 0.686 0.615
0.8471613526 0.844 3.857914912 5174.876623 3.189 2.535 1.645 1.018 0.575 0.504
0.8475221395 0.845 4.073358598 5159.409512 3.142 2.434 1.539 0.908 0.461 0.389
0.8478395939 0.845 4.290942006 5143.98863 3.097 2.338 1.438 0.803 0.351 0.279
0.8481416106 0.845 4.525354905 5128.61384 3.051 2.239 1.335 0.695 0.239 0.167
0.8484823108 0.845 4.833398966 5107.401504 2.993 2.119 1.208 0.562 0.101 0.028
0.8487370014 0.846 5.102143214 5089.791592 2.947 2.022 1.105 0.454 -0.012 -0.085
0.8490314484 0.846 5.464527865 5067.572842 2.887 1.899 0.975 0.317 -0.156 -0.229
0.8492909074 0.846 5.841880176 5044.28946 2.829 1.781 0.849 0.184 -0.295 -0.369
0.8495197296 0.846 6.238104487 5021.113055 2.773 1.667 0.727 0.055 -0.43 -0.505
0.8497302532 0.846 6.656602823 4996.892426 2.716 1.554 0.605 -0.075 -0.566 -0.642
0.8499088287 0.846 7.075426842 4973.933791 2.663 1.449 0.492 -0.195 -0.694 -0.77
0.8500746489 0.846 7.529266075 4951.080641 2.609 1.344 0.378 -0.316 -0.822 -0.899
0.8502259254 0.846 8.010371258 4926.063433 2.556 1.24 0.266 -0.436 -0.95 -1.028
0.8503606319 0.846 8.498702852 4902.301301 2.504 1.14 0.158 -0.552 -1.073 -1.152
0.8504835963 0.846 9.01680432 4878.653792 2.453 1.043 0.051 -0.667 -1.194 -1.274
0.8505926728 0.846 9.533506013 4855.120352 2.404 0.951 -0.051 -0.776 -1.311 -1.391
0.8506926298 0.846 10.07517608 4832.813101 2.356 0.862 -0.149 -0.882 -1.423 -1.505
0.8507886529 0.846 10.6280269 4809.500785 2.309 0.775 -0.245 -0.986 -1.535 -1.617
0.8508856297 0.845 11.15199702 4790.7113 2.268 0.697 -0.331 -1.079 -1.633 -1.717
0.8509938717 0.845 11.55986187 4776.392415 2.237 0.638 -0.396 -1.148 -1.707 -1.791
0.8510378003 0.845 11.38551408 4785.198964 2.25 0.66 -0.371 -1.12 -1.676 -1.76
0.8511124849 0.845 10.97116243 4805.073111 2.282 0.713 -0.309 -1.052 -1.602 -1.685
0.8511253595 0.845 11.08032872 4800.649512 2.273 0.698 -0.326 -1.07 -1.621 -1.704
0.8512038589 0.845 11.75851953 4774.193311 2.221 0.603 -0.433 -1.185 -1.744 -1.828
0.8512827158 0.845 12.52716059 4746.789795 2.166 0.504 -0.544 -1.305 -1.872 -1.958
0.8513564467 0.844 13.3368309 4718.456982 2.111 0.406 -0.654 -1.425 -2 -2.087
0.8514234424 0.844 14.19883279 4690.293284 2.058 0.311 -0.762 -1.542 -2.125 -2.213
0.8514861465 0.844 15.10611007 4661.22428 2.003 0.216 -0.87 -1.659 -2.251 -2.34
0.8515415192 0.843 16.02701505 4633.402194 1.952 0.125 -0.974 -1.772 -2.369 -2.46
0.8515940309 0.843 17.02364855 4605.746174 1.898 0.032 -1.08 -1.887 -2.489 -2.582
0.8516421318 0.843 18.09058641 4577.201167 1.846 -0.06 -1.185 -2.001 -2.608 -2.703
0.8516870737 0.842 19.23324859 4547.785786 1.792 -0.15 -1.289 -2.115 -2.729 -2.826
0.8517270088 0.842 20.41515327 4519.6 1.741 -0.236 -1.388 -2.225 -2.845 -2.945
0.8517645597 0.841 21.64475353 4491.588901 1.689 -0.323 -1.487 -2.336 -2.962 -3.064
0.8517987728 0.841 22.94841235 4463.751406 1.638 -0.407 -1.585 -2.444 -3.077 -3.182
0.8518306017 0.84 24.34179748 4435.06511 1.586 -0.489 -1.681 -2.553 -3.192 -3.3
0.8518593311 0.839 25.79007736 4406.563167 1.536 -0.569 -1.774 -2.658 -3.303 -3.414
0.8518865108 0.839 27.34340813 4379.252635 1.485 -0.648 -1.869 -2.765 -3.417 -3.531
0.8519117236 0.838 28.98362118 4350.107606 1.434 -0.723 -1.962 -2.871 -3.532 -3.65
0.8519343138 0.837 30.67274505 4322.151642 1.384 -0.794 -2.052 -2.974 -3.644 -3.765
0.8519560099 0.836 32.53513738 4294.375337 1.333 -0.867 -2.144 -3.079 -3.758 -3.882
0.8519797325 0.835 34.80588211 4260.886836 1.273 -0.951 -2.252 -3.202 -3.893 -4.02
0.8519971967 0.834 36.79193632 4233.504249 1.225 -1.016 -2.337 -3.299 -3.999 -4.13
0.8520143628 0.833 38.95405246 4205.329212 1.175 -1.082 -2.424 -3.4 -4.11 -4.244
0.8520328403 0.831 41.53867553 4174.457078 1.118 -1.16 -2.526 -3.517 -4.238 -4.376
0.8520469069 0.83 43.85838594 4147.629932 1.07 -1.221 -2.608 -3.612 -4.342 -4.484
0.8520603776 0.829 46.30763962 4120.975191 1.022 -1.28 -2.69 -3.707 -4.448 -4.593
0.8520752788 0.827 49.42567906 4088.838903 0.965 -1.349 -2.788 -3.821 -4.573 -4.723
0.8520890474 0.825 52.66870556 4057.887476 0.908 -1.416 -2.885 -3.935 -4.697 -4.852
0.8520997763 0.823 55.52040748 4032.73793 0.862 -1.47 -2.963 -4.027 -4.799 -4.958
0.8521113992 0.821 59.02726282 4002.211172 0.807 -1.53 -3.054 -4.134 -4.917 -5.08
0.8521223664 0.818 62.82791461 3971.915495 0.752 -1.589 -3.145 -4.242 -5.036 -5.205
0.8521324992 0.816 66.76558288 3942.756896 0.698 -1.645 -3.234 -4.347 -5.152 -5.326
0.8521419168 0.813 70.86840278 3913.812356 0.644 -1.7 -3.321 -4.451 -5.266 -5.445
0.8521504402 0.81 75.13679133 3885.080304 0.592 -1.749 -3.404 -4.55 -5.376 -5.561
0.8521584868 0.806 79.53396702 3857.447287 0.54 -1.796 -3.486 -4.649 -5.486 -5.675
0.8521658778 0.803 84.09160562 3830.010812 0.49 -1.839 -3.565 -4.745 -5.592 -5.786
0.8521728516 0.799 89.01283738 3802.769482 0.439 -1.879 -3.644 -4.842 -5.698 -5.898
0.8521791101 0.795 93.85396934 3776.591401 0.391 -1.909 -3.718 -4.933 -5.799 -6.004
0.8521848917 0.79 98.84453094 3750.593529 0.343 -1.937 -3.789 -5.022 -5.896 -6.106
0.8521903753 0.786 103.980678 3724.774625 0.296 -1.962 -3.858 -5.108 -5.991 -6.207
0.8521955609 0.781 109.3333474 3699.985312 0.25 -1.982 -3.925 -5.193 -6.084 -6.306
0.8522004485 0.775 114.644347 3676.207358 0.206 -2 -3.989 -5.275 -6.173 -6.4
0.8522040844 0.771 118.5366488 3659.31672 0.174 -2.01 -4.034 -5.332 -6.236 -6.466
0.8522040844 0.771 118.5366488 3659.31672 0.174 0.664 -0.194 -5.332 -6.236 -6.466
0.852267921 0.77 8.930024386 5246.866328 2.42 0.631 -0.232 -0.847 -1.279 -1.345
0.8523317575 0.77 8.969178038 5244.450613 2.416 0.622 -0.24 -0.856 -1.289 -1.355
0.852391243 0.77 8.981577979 5246.866328 2.415 0.618 -0.244 -0.859 -1.291 -1.357
0.8524510264 0.77 8.969178038 5250.491987 2.417 0.617 -0.244 -0.858 -1.289 -1.355
0.8525115848 0.77 8.934137761 5257.750823 2.42 0.618 -0.241 -0.853 -1.283 -1.349
0.8525734544 0.77 8.895137072 5266.232149 2.424 0.62 -0.236 -0.847 -1.275 -1.341
0.852635026 0.77 8.846116302 5274.727157 2.429 0.622 -0.231 -0.84 -1.266 -1.332
0.8526956439 0.77 8.797365684 5283.235868 2.433 0.624 -0.226 -0.833 -1.257 -1.322
0.8527592421 0.771 8.758962053 5291.758304 2.438 0.626 -0.221 -0.826 -1.249 -1.313
0.8528184891 0.771 8.714704085 5299.074191 2.442 0.628 -0.217 -0.82 -1.241 -1.306
0.8528826833 0.771 8.680657972 5306.400192 2.445 0.629 -0.214 -0.814 -1.234 -1.298
0.8529449701 0.771 8.646744869 5313.736321 2.448 0.631 -0.21 -0.81 -1.228 -1.292
0.8530061245 0.771 8.620900743 5318.632708 2.451 0.631 -0.208 -0.806 -1.223 -1.287
0.8530548811 0.771 8.605035074 5323.533606 2.453 0.632 -0.206 -0.803 -1.22 -1.283
0.8530671 0.771 8.605035074 5323.533606 2.453 0.632 -0.206 -0.803 -1.219 -1.282
0.8531276584 0.771 8.579315614 5328.43902 2.455 0.632 -0.205 -0.801 -1.216 -1.279
0.8531863689 0.771 8.57141741 5330.893422 2.456 0.631 -0.205 -0.8 -1.214 -1.278
0.8532474637 0.771 8.577340381 5332.121047 2.456 0.63 -0.205 -0.8 -1.214 -1.277
0.8533092737 0.771 8.573391279 5333.348955 2.456 0.628 -0.207 -0.801 -1.215 -1.278
0.8533678651 0.771 8.583267445 5333.348955 2.455 0.626 -0.209 -0.803 -1.218 -1.281
0.8534312844 0.771 8.607016685 5332.121047 2.453 0.623 -0.213 -0.808 -1.222 -1.285
0.8534930944 0.771 8.628844543 5328.43902 2.451 0.619 -0.218 -0.813 -1.228 -1.291
0.8535057306 0.771 8.638784589 5328.43902 2.45 0.618 -0.219 -0.815 -1.23 -1.293
0.8535630107 0.771 8.674663656 5323.533606 2.446 0.613 -0.225 -0.822 -1.238 -1.301
0.8536223769 0.772 8.720726069 5318.632708 2.441 0.606 -0.233 -0.831 -1.248 -1.312
0.8536844254 0.772 8.781175254 5312.512929 2.436 0.599 -0.243 -0.842 -1.261 -1.325
0.8537438512 0.772 8.850191027 5303.957067 2.429 0.591 -0.253 -0.854 -1.274 -1.339
0.853801012 0.772 8.915642481 5296.634439 2.422 0.582 -0.265 -0.868 -1.29 -1.354
0.8538581729 0.772 9.000210041 5286.886659 2.415 0.572 -0.278 -0.883 -1.307 -1.372
0.8539162278 0.772 9.085579751 5277.156818 2.406 0.561 -0.292 -0.9 -1.325 -1.39
0.8539733887 0.772 9.138031375 5271.084762 2.401 0.553 -0.301 -0.91 -1.337 -1.402
0.8540356755 0.772 9.24597351 5261.384003 2.392 0.54 -0.318 -0.929 -1.358 -1.423
0.8540940881 0.772 9.353036837 5249.283155 2.381 0.526 -0.335 -0.95 -1.381 -1.447
0.8541532755 0.772 9.675037229 5217.951042 2.351 0.486 -0.386 -1.009 -1.447 -1.514
0.8542108536 0.772 10.21298384 5170.11258 2.305 0.422 -0.466 -1.101 -1.551 -1.619
0.8542451262 0.772 10.82810965 5120.354149 2.254 0.35 -0.555 -1.203 -1.665 -1.735
0.8542616367 0.772 11.4749987 5072.242399 2.204 0.28 -0.642 -1.303 -1.776 -1.848
0.8542704582 0.772 12.21947775 5021.113055 2.149 0.203 -0.738 -1.413 -1.899 -1.972
0.8542745709 0.772 12.97934107 4973.933791 2.097 0.129 -0.829 -1.518 -2.016 -2.091
0.8542768359 0.772 13.75791573 4929.467413 2.046 0.056 -0.918 -1.62 -2.13 -2.207
0.8542781472 0.772 14.47613568 4892.152651 2.001 -0.009 -0.998 -1.711 -2.231 -2.309
0.8542788029 0.772 14.93319186 4869.675252 1.974 -0.047 -1.046 -1.766 -2.293 -2.373
0.8542796373 0.772 15.74173673 4833.926025 1.929 -0.116 -1.128 -1.86 -2.397 -2.477
0.8542806506 0.772 16.70139105 4794.021749 1.877 -0.196 -1.223 -1.968 -2.513 -2.596
0.8542816639 0.772 17.4282044 4766.504419 1.84 -0.253 -1.291 -2.044 -2.595 -2.679
0.8542842865 0.772 17.54093119 4762.116327 1.834 -0.262 -1.303 -2.057 -2.609 -2.693
0.8542869687 0.772 17.03933514 4781.894607 1.86 -0.223 -1.255 -2.003 -2.552 -2.635
0.8543174863 0.77 17.04718385 4780.793661 1.859 -0.222 -1.255 -2.003 -2.552 -2.635
0.8543437719 0.768 18.14481919 4739.145036 1.803 -0.305 -1.355 -2.116 -2.673 -2.758
0.8543614745 0.766 19.37548779 4695.696293 1.745 -0.391 -1.459 -2.233 -2.798 -2.886
0.8543765545 0.764 20.61354306 4655.860935 1.69 -0.47 -1.556 -2.344 -2.917 -3.008
0.8543936014 0.761 21.9913882 4615.300681 1.632 -0.553 -1.658 -2.46 -3.042 -3.136
0.8544092774 0.758 23.43433559 4575.093773 1.575 -0.635 -1.757 -2.573 -3.164 -3.261
0.8544234037 0.755 24.97771149 4537.326169 1.518 -0.715 -1.854 -2.686 -3.285 -3.386
0.8544360995 0.751 26.60434952 4498.834325 1.461 -0.79 -1.95 -2.797 -3.406 -3.511
0.8544474244 0.746 28.29128312 4461.696246 1.405 -0.863 -2.044 -2.906 -3.526 -3.634
0.854457736 0.741 30.11983891 4424.864744 1.348 -0.933 -2.137 -3.015 -3.647 -3.758
0.8544670343 0.736 32.01493651 4389.347855 1.292 -1.003 -2.228 -3.122 -3.765 -3.88
0.8544756174 0.729 34.2967245 4337.105635 1.228 -1.058 -2.316 -3.233 -3.893 -4.014
0.8544796109 0.725 35.73984337 4295.364268 1.189 -1.071 -2.356 -3.291 -3.966 -4.091
0.8544871211 0.717 38.21665263 4248.151535 1.126 -1.124 -2.441 -3.398 -4.09 -4.22
0.8544944525 0.706 40.82748659 4203.393032 1.063 -1.177 -2.527 -3.505 -4.212 -4.348
0.8545015454 0.693 43.38630299 4167.734068 1.001 -1.237 -2.614 -3.609 -4.329 -4.47
0.8545083404 0.677 46.11610771 4134.28108 0.939 -1.294 -2.701 -3.714 -4.445 -4.59
0.8545145988 0.658 48.89367088 4103.930525 0.875 -1.351 -2.787 -3.816 -4.558 -4.708
0.8545204401 0.634 51.80272967 4077.556618 0.809 -1.415 -2.877 -3.92 -4.67 -4.824
0.8545252681 0.607 54.62011936 4058.821947 0.743 -1.484 -2.968 -4.022 -4.778 -4.935
0.8545287848 0.581 56.89218909 4057.887476 0.689 -1.564 -3.055 -4.112 -4.866 -5.024
0.8545317054 0.551 57.88321497 4104.875598 0.652 -1.7 -3.159 -4.194 -4.926 -5.08
0.8545339108 0.51 53.59850112 4335.108784 0.684 -1.995 -3.299 -4.225 -4.87 -4.997
1.075114965 0.54 1.923767772e-05 4163.89721 7.947 30.542 29.026 28.155 27.618 27.446
