# Mini Mass radius_rsun Teff_K logg Jmag_2mass Hmag_2mass Ksmag_2mass F087mag F146mag F213mag
0.0900000036 0.09 0.122420076 2311.532479 5.214 11.156 10.552 10.29 12.956 11.177 10.368
0.0974012539 0.097 0.1304225373 2414.904718 5.193 10.828 10.226 9.962 12.629 10.85 10.039
0.1000000015 0.1 0.1334604684 2451.319952 5.185 10.716 10.114 9.849 12.517 10.737 9.926
0.1135202646 0.113 0.1473169249 2592.387985 5.154 10.258 9.657 9.389 12.059 10.279 9.466
0.1190337986 0.119 0.1529511141 2647.28074 5.142 10.1 9.498 9.228 11.847 10.112 9.303
0.1200000048 0.12 0.1539404121 2657.05167 5.14 10.074 9.473 9.202 11.805 10.084 9.276
0.1400000006 0.14 0.1732018972 2781.634089 5.104 9.665 9.064 8.791 11.214 9.648 8.857
0.1427583247 0.143 0.1758136721 2794.473529 5.099 9.619 9.017 8.745 11.15 9.599 8.81
0.1599999964 0.16 0.1914487984 2869.458843 5.075 9.347 8.745 8.474 10.782 9.313 8.534
0.200000003 0.2 0.2252436959 2995.711592 5.031 8.854 8.252 7.988 10.152 8.801 8.042
0.25 0.25 0.2635437036 3110.99992 4.991 8.39 7.786 7.531 9.584 8.321 7.579
0.3268041015 0.327 0.3255761962 3224.779319 4.925 7.813 7.206 6.961 8.927 7.732 7.004
0.3353379965 0.335 0.3326232823 3236.681757 4.917 7.755 7.147 6.903 8.86 7.672 6.945
0.3500000238 0.35 0.3442331134 3257.61683 4.906 7.659 7.049 6.807 8.751 7.573 6.849
0.4000000358 0.4 0.3868589465 3340.41173 4.862 7.321 6.706 6.47 8.366 7.226 6.509
0.4500000179 0.45 0.4348631875 3434.788499 4.812 6.979 6.355 6.125 7.974 6.872 6.16
0.5 0.5 0.4861302483 3553.85742 4.761 6.627 5.993 5.77 7.569 6.507 5.8
0.5189497471 0.519 0.5056530659 3613.266545 4.743 6.489 5.851 5.632 7.406 6.363 5.659
0.5500000119 0.55 0.5368496136 3710.222886 4.715 6.275 5.628 5.417 7.153 6.139 5.44
0.6000000238 0.6 0.5831128941 3910.209261 4.682 5.93 5.265 5.08 6.744 5.78 5.097
0.6499999762 0.65 0.6202298229 4161.980106 4.663 5.587 4.917 4.771 6.342 5.431 4.782
0.7000000477 0.7 0.6511074204 4441.196614 4.653 5.271 4.633 4.524 5.964 5.127 4.531
0.728633523 0.729 0.6665805615 4612.113645 4.65 5.103 4.512 4.416 5.751 4.977 4.421
0.75 0.75 0.6774116243 4741.327996 4.649 4.985 4.434 4.345 5.599 4.875 4.35
0.8000000119 0.8 0.7188737821 4971.643737 4.625 4.718 4.232 4.153 5.275 4.631 4.157
0.8500000238 0.85 0.7612944169 5197.565847 4.601 4.468 4.039 3.968 4.974 4.4 3.972
0.8784591556 0.878 0.7873224674 5321.082593 4.586 4.331 3.93 3.864 4.81 4.272 3.867
0.8999999762 0.899 0.8078907671 5412.526055 4.575 4.231 3.85 3.787 4.691 4.178 3.79
0.9499999881 0.949 0.8585244042 5613.064077 4.545 4.009 3.665 3.611 4.43 3.967 3.613
0.9600538015 0.96 0.8698665783 5650.670713 4.538 3.964 3.627 3.574 4.379 3.924 3.577
1 1 0.9163315604 5798.290899 4.511 3.791 3.48 3.432 4.181 3.758 3.434
1.039094329 1.039 0.9666130293 5931.984397 4.481 3.625 3.336 3.293 3.993 3.599 3.295
1.049999952 1.049 0.9807371913 5967.60405 4.473 3.58 3.296 3.254 3.942 3.555 3.257
1.06309104 1.062 1.000121227 6008.969505 4.462 3.525 3.248 3.207 3.881 3.502 3.21
1.100000024 1.099 1.053058856 6124.914068 4.432 3.371 3.111 3.074 3.711 3.352 3.076
1.122644663 1.122 1.087808993 6191.558776 4.412 3.278 3.027 2.992 3.608 3.262 2.994
1.149999976 1.149 1.131755581 6269.024975 4.389 3.167 2.927 2.894 3.487 3.153 2.896
1.19820118 1.197 1.211581532 6403.243245 4.347 2.975 2.753 2.723 3.277 2.965 2.725
1.200000048 1.199 1.214094928 6407.667976 4.345 2.967 2.747 2.717 3.269 2.959 2.719
1.25 1.25 1.301825112 6535.818751 4.303 2.777 2.574 2.546 3.062 2.772 2.548
1.271352291 1.271 1.338297433 6588.704043 4.286 2.698 2.502 2.475 2.977 2.695 2.477
1.299999952 1.3 1.390761452 6655.795964 4.262 2.594 2.408 2.381 2.865 2.593 2.383
1.349999905 1.35 1.482356441 6770.176641 4.224 2.42 2.249 2.224 2.676 2.422 2.225
1.376224518 1.376 1.530568055 6829.674408 4.204 2.333 2.169 2.144 2.582 2.336 2.146
1.399999976 1.4 1.57707608 6877.015449 4.185 2.253 2.096 2.071 2.496 2.258 2.073
1.439835906 1.44 1.657114986 6956.647535 4.155 2.123 1.976 1.952 2.356 2.13 1.953
1.450000048 1.45 1.678620973 6975.896043 4.147 2.089 1.945 1.921 2.321 2.097 1.922
1.458141446 1.458 1.694933427 6990.367368 4.14 2.063 1.921 1.897 2.293 2.071 1.898
1.487030387 1.487 1.760162016 7035.581528 4.116 1.969 1.833 1.809 2.193 1.978 1.81
1.5 1.5 1.792885871 7051.800219 4.105 1.925 1.791 1.767 2.148 1.934 1.768
1.515297532 1.515 1.829585227 7069.683964 4.091 1.875 1.743 1.719 2.095 1.884 1.72
1.545510292 1.545 1.914487984 7092.510706 4.06 1.771 1.643 1.619 1.988 1.781 1.62
1.549999952 1.55 1.926871019 7094.144005 4.055 1.755 1.627 1.603 1.972 1.765 1.604
1.561401129 1.561 1.960435891 7102.316143 4.044 1.716 1.589 1.565 1.932 1.726 1.566
1.585464358 1.585 2.038227444 7107.223944 4.017 1.629 1.504 1.479 1.844 1.64 1.48
1.600000024 1.6 2.092438223 7103.9517 3.998 1.575 1.449 1.424 1.79 1.585 1.426
1.60768187 1.607 2.120081932 7102.316143 3.989 1.547 1.421 1.396 1.762 1.557 1.397
1.628309846 1.628 2.19913882 7090.877783 3.962 1.468 1.342 1.317 1.685 1.479 1.318
1.649453044 1.649 2.295898291 7064.802086 3.931 1.384 1.255 1.23 1.604 1.394 1.231
1.650000095 1.649 2.296955835 7063.175543 3.93 1.382 1.253 1.228 1.602 1.392 1.229
1.665323853 1.665 2.374393227 7035.581528 3.906 1.319 1.187 1.161 1.541 1.328 1.162
1.687551856 1.687 2.50064847 6979.109302 3.866 1.222 1.083 1.057 1.451 1.23 1.058
1.700000048 1.699 2.580789867 6937.452139 3.842 1.165 1.022 0.996 1.399 1.173 0.997
1.719487786 1.719 2.714267489 6870.6844 3.804 1.077 0.926 0.899 1.318 1.083 0.9
1.73829329 1.737 2.862547124 6787.346174 3.762 0.987 0.825 0.797 1.238 0.99 0.798
1.75 1.749 2.965873645 6722.023091 3.733 0.927 0.758 0.729 1.187 0.929 0.73
1.758049369 1.757 3.04405605 6677.286335 3.713 0.887 0.712 0.682 1.152 0.888 0.683
1.776222587 1.775 3.219976075 6575.064235 3.669 0.797 0.609 0.578 1.075 0.795 0.579
1.795564055 1.794 3.424148924 6461.003853 3.62 0.698 0.495 0.462 0.991 0.693 0.464
1.799999833 1.799 3.475782921 6438.726829 3.608 0.674 0.468 0.435 0.97 0.668 0.436
1.813660264 1.813 3.631220695 6372.355556 3.573 0.6 0.384 0.35 0.904 0.592 0.351
1.819200039 1.818 3.697878562 6354.77239 3.56 0.567 0.35 0.315 0.875 0.559 0.317
1.825802565 1.825 3.734673541 6452.083809 3.552 0.513 0.31 0.277 0.807 0.508 0.278
1.828065395 1.827 3.702138353 6593.256931 3.56 0.487 0.303 0.272 0.762 0.486 0.273
1.8287853 1.828 3.641268003 6748.387309 3.574 0.474 0.311 0.281 0.729 0.477 0.282
1.829100013 1.828 3.584698589 6903.987557 3.589 0.463 0.32 0.292 0.699 0.47 0.293
1.829268694 1.828 3.541217851 7038.822279 3.599 0.451 0.325 0.297 0.67 0.46 0.298
1.82940805 1.828 3.499070113 7163.083273 3.609 0.441 0.33 0.303 0.646 0.453 0.304
1.829428077 1.828 3.492630521 7177.942913 3.611 0.441 0.331 0.305 0.644 0.453 0.306
1.829481006 1.828 3.47258308 7112.135137 3.616 0.472 0.354 0.327 0.683 0.483 0.328
1.829532504 1.828 3.481389738 6993.587292 3.614 0.499 0.367 0.339 0.724 0.508 0.341
1.829583883 1.828 3.54856402 6859.619085 3.598 0.498 0.349 0.321 0.739 0.504 0.322
1.829662442 1.828 3.713236791 6686.517722 3.558 0.451 0.28 0.249 0.714 0.452 0.251
1.829772472 1.829 3.955966861 6511.784205 3.504 0.371 0.176 0.144 0.656 0.367 0.145
1.829941988 1.829 4.194233888 6345.99901 3.452 0.294 0.077 0.041 0.602 0.286 0.043
1.830201745 1.829 4.413190197 6183.010728 3.408 0.24 -0.001 -0.04 0.571 0.226 -0.039
1.830582976 1.829 4.591479449 6020.048637 3.374 0.212 -0.055 -0.098 0.567 0.192 -0.096
1.831072092 1.83 4.715770321 5858.683001 3.351 0.215 -0.08 -0.128 0.597 0.187 -0.126
1.831474185 1.83 4.752833986 5742.486726 3.343 0.243 -0.073 -0.124 0.645 0.21 -0.122
1.83185339 1.831 4.756118261 5638.972803 3.343 0.287 -0.049 -0.104 0.708 0.248 -0.101
1.832183957 1.831 4.740811033 5551.367774 3.347 0.334 -0.021 -0.078 0.772 0.29 -0.076
1.832606673 1.831 4.717942513 5441.266536 3.35 0.394 0.015 -0.046 0.854 0.342 -0.043
1.833028793 1.832 4.752833986 5340.722341 3.344 0.428 0.027 -0.037 0.91 0.37 -0.035
1.833345056 1.832 4.836738913 5269.87119 3.329 0.425 0.009 -0.058 0.923 0.362 -0.055
1.833660364 1.832 5.009018606 5214.347854 3.299 0.378 -0.051 -0.12 0.888 0.311 -0.118
1.834185123 1.833 5.364788991 5132.157785 3.239 0.271 -0.177 -0.25 0.801 0.198 -0.247
1.834601045 1.833 5.728654691 5079.254804 3.182 0.158 -0.303 -0.378 0.701 0.081 -0.375
1.834979177 1.834 6.103130338 5038.485348 3.127 0.042 -0.429 -0.505 0.595 -0.038 -0.502
1.835329533 1.834 6.487130653 5003.800659 3.075 -0.07 -0.549 -0.628 0.491 -0.153 -0.625
1.83566761 1.834 6.885772103 4972.788632 3.023 -0.182 -0.669 -0.749 0.387 -0.268 -0.746
1.83599627 1.835 7.305545414 4943.10687 2.972 -0.293 -0.787 -0.869 0.284 -0.381 -0.866
1.836318731 1.835 7.747340517 4914.733802 2.921 -0.404 -0.905 -0.988 0.181 -0.494 -0.986
1.836634397 1.835 8.196956773 4886.523593 2.871 -0.511 -1.02 -1.105 0.081 -0.604 -1.102
1.837028384 1.836 8.789266741 4854.002548 2.811 -0.643 -1.16 -1.247 -0.042 -0.739 -1.244
1.837421894 1.836 9.424376873 4821.697939 2.751 -0.774 -1.3 -1.389 -0.164 -0.873 -1.386
1.837814927 1.837 10.1053799 4789.608325 2.69 -0.907 -1.442 -1.532 -0.288 -1.009 -1.529
1.838128924 1.837 10.7041613 4762.116327 2.64 -1.014 -1.556 -1.649 -0.387 -1.119 -1.646
1.838444233 1.837 11.35671285 4733.692033 2.589 -1.123 -1.673 -1.768 -0.489 -1.231 -1.765
1.838802099 1.838 12.15493511 4701.105527 2.53 -1.249 -1.809 -1.905 -0.605 -1.361 -1.902
1.839109063 1.838 12.8810909 4673.045396 2.479 -1.36 -1.927 -2.025 -0.707 -1.474 -2.022
1.839477539 1.838 13.8756279 4636.603941 2.416 -1.496 -2.072 -2.174 -0.833 -1.614 -2.171
1.83979094 1.839 14.78266193 4604.685784 2.36 -1.614 -2.199 -2.303 -0.941 -1.735 -2.3
1.840135932 1.839 15.88739323 4568.777412 2.297 -1.748 -2.343 -2.45 -1.064 -1.873 -2.447
1.840459824 1.839 17.02756884 4534.192978 2.237 -1.874 -2.48 -2.589 -1.18 -2.003 -2.586
1.840742111 1.839 18.08225731 4505.053989 2.186 -1.984 -2.598 -2.71 -1.28 -2.116 -2.707
1.841085792 1.84 19.39780749 4468.893449 2.124 -2.113 -2.737 -2.852 -1.397 -2.249 -2.849
1.841425419 1.84 20.67533927 4437.108004 2.07 -2.227 -2.861 -2.98 -1.502 -2.367 -2.977
1.841807485 1.841 21.77472329 4411.639332 2.025 -2.321 -2.963 -3.084 -1.588 -2.465 -3.081
1.842014194 1.841 22.20509547 4401.492843 2.008 -2.357 -3.001 -3.123 -1.62 -2.502 -3.12
1.842260361 1.841 21.51555953 4417.738449 2.035 -2.3 -2.94 -3.06 -1.568 -2.443 -3.057
1.842460036 1.841 20.28862639 4448.360749 2.086 -2.195 -2.825 -2.943 -1.473 -2.334 -2.94
1.842588306 1.841 18.99558377 4482.2905 2.144 -2.075 -2.695 -2.809 -1.364 -2.209 -2.806
1.842690587 1.841 17.79314201 4515.439211 2.2 -1.957 -2.568 -2.679 -1.257 -2.088 -2.676
1.842782021 1.842 16.7321845 4547.785786 2.254 -1.844 -2.446 -2.554 -1.154 -1.972 -2.551
1.842879295 1.842 15.6802378 4580.364078 2.31 -1.726 -2.318 -2.424 -1.046 -1.85 -2.421
1.842983961 1.842 14.69442663 4613.175746 2.366 -1.607 -2.19 -2.293 -0.937 -1.727 -2.29
1.843098998 1.842 13.80233757 4646.222461 2.42 -1.492 -2.066 -2.167 -0.832 -1.609 -2.164
1.843274713 1.842 12.87812526 4681.661397 2.481 -1.363 -1.927 -2.025 -0.713 -1.476 -2.022
1.843295693 1.842 12.81600431 4684.896492 2.485 -1.354 -1.918 -2.015 -0.705 -1.467 -2.013
1.843527555 1.842 13.43855722 4660.151117 2.444 -1.443 -2.013 -2.112 -0.787 -1.558 -2.11
1.843854308 1.843 14.27751565 4629.136638 2.391 -1.555 -2.133 -2.235 -0.89 -1.674 -2.232
1.844298363 1.843 15.3127307 4595.153252 2.331 -1.684 -2.272 -2.377 -1.008 -1.806 -2.374
1.84467113 1.843 16.19767366 4566.673896 2.282 -1.786 -2.382 -2.489 -1.102 -1.912 -2.486
1.845140457 1.844 17.33215822 4533.149061 2.223 -1.911 -2.517 -2.627 -1.216 -2.04 -2.624
1.845520258 1.844 18.31271113 4505.053989 2.176 -2.011 -2.624 -2.737 -1.307 -2.143 -2.734
1.845983982 1.845 19.55026483 4471.981518 2.119 -2.132 -2.755 -2.871 -1.418 -2.268 -2.868
1.846430779 1.845 20.87145111 4439.151838 2.063 -2.249 -2.882 -3 -1.524 -2.389 -2.997
1.846863985 1.846 22.21020898 4408.592932 2.008 -2.364 -3.006 -3.127 -1.629 -2.507 -3.124
1.847203255 1.846 23.36429305 4383.287934 1.964 -2.454 -3.101 -3.227 -1.71 -2.6 -3.223
1.847605109 1.846 24.84578054 4352.111366 1.911 -2.564 -3.215 -3.346 -1.809 -2.711 -3.343
1.847986937 1.847 26.40904185 4322.151642 1.859 -2.671 -3.326 -3.463 -1.905 -2.819 -3.46
1.848343968 1.847 27.99320631 4293.386635 1.808 -2.774 -3.434 -3.577 -1.998 -2.925 -3.573
1.848619938 1.847 29.33274082 4269.72594 1.767 -2.857 -3.521 -3.669 -2.072 -3.009 -3.665
1.848937154 1.848 31.02077508 4241.309839 1.718 -2.956 -3.624 -3.777 -2.16 -3.11 -3.773
1.849237561 1.848 32.79084776 4214.053064 1.67 -3.052 -3.725 -3.884 -2.246 -3.208 -3.879
1.849518776 1.848 34.60609892 4187.935651 1.624 -3.147 -3.823 -3.988 -2.33 -3.304 -3.983
1.84977603 1.848 36.43784171 4161.980106 1.579 -3.236 -3.917 -4.087 -2.409 -3.395 -4.082
1.849999905 1.849 38.18147 4139.043588 1.538 -3.318 -4.003 -4.178 -2.481 -3.479 -4.173
1.850057125 1.849 38.70371427 4132.377612 1.527 -3.341 -4.027 -4.204 -2.502 -3.502 -4.199
1.850288034 1.849 40.99705352 4103.930525 1.477 -3.441 -4.134 -4.316 -2.591 -3.606 -4.311
1.850504279 1.849 43.37631407 4075.679266 1.428 -3.541 -4.242 -4.43 -2.68 -3.71 -4.424
1.850710154 1.85 45.9676863 4046.690595 1.378 -3.642 -4.352 -4.544 -2.769 -3.815 -4.538
1.850901723 1.85 48.57945574 4018.833373 1.329 -3.741 -4.459 -4.656 -2.856 -3.917 -4.65
1.851079464 1.85 51.37509581 3992.087024 1.281 -3.837 -4.564 -4.766 -2.942 -4.018 -4.76
1.85124588 1.85 54.23162837 3964.605691 1.234 -3.933 -4.668 -4.875 -3.026 -4.118 -4.869
1.851404071 1.85 57.33933407 3936.407041 1.186 -4.03 -4.772 -4.984 -3.11 -4.218 -4.978
1.851550221 1.85 60.43000704 3910.209261 1.14 -4.122 -4.873 -5.09 -3.192 -4.315 -5.084
1.851688862 1.851 63.68727174 3884.185834 1.095 -4.212 -4.971 -5.193 -3.27 -4.409 -5.187
1.851688862 1.851 9.133824125 4914.733802 2.781 -0.762 -1.263 -1.346 -3.27 -4.409 -5.187
1.855471492 1.854 10.25540096 4848.417387 2.682 -0.973 -1.491 -1.578 -0.37 -1.07 -1.576
1.856482983 1.855 10.39088755 4841.723676 2.67 -0.999 -1.519 -1.606 -0.394 -1.096 -1.604
1.857386231 1.856 10.49427994 4837.266337 2.662 -1.018 -1.539 -1.627 -0.412 -1.115 -1.624
1.858057857 1.857 10.55243401 4835.039206 2.657 -1.028 -1.549 -1.637 -0.421 -1.125 -1.635
1.858751178 1.858 10.59382135 4833.926025 2.655 -1.034 -1.556 -1.645 -0.427 -1.132 -1.642
1.859481454 1.858 10.60602496 4833.926025 2.654 -1.037 -1.559 -1.648 -0.43 -1.135 -1.645
1.860248685 1.859 10.60114183 4835.039206 2.654 -1.037 -1.558 -1.646 -0.43 -1.134 -1.644
1.861204147 1.86 10.56702281 4837.266337 2.657 -1.031 -1.552 -1.64 -0.425 -1.128 -1.637
1.863186717 1.862 10.55243401 4840.608956 2.659 -1.031 -1.551 -1.639 -0.425 -1.128 -1.636
1.865327358 1.864 10.61824263 4839.494493 2.654 -1.043 -1.564 -1.652 -0.438 -1.141 -1.649
1.866838336 1.866 9.692875731 4887.648887 2.733 -0.876 -1.383 -1.468 -0.283 -0.968 -1.466
1.866870165 1.866 9.630584471 4892.152651 2.739 -0.863 -1.369 -1.454 -0.272 -0.955 -1.452
1.866896749 1.866 9.573101087 4895.533198 2.744 -0.852 -1.357 -1.442 -0.261 -0.944 -1.439
1.8669312 1.866 9.50501146 4898.916081 2.751 -0.838 -1.343 -1.427 -0.249 -0.93 -1.425
1.866972566 1.866 9.433061043 4903.430228 2.757 -0.825 -1.328 -1.412 -0.236 -0.916 -1.41
1.867025018 1.866 9.355190702 4906.818568 2.764 -0.811 -1.313 -1.397 -0.223 -0.901 -1.394
1.867096543 1.866 9.284374388 4911.339996 2.771 -0.795 -1.296 -1.38 -0.209 -0.886 -1.378
1.867199183 1.866 9.188669793 4916.997642 2.779 -0.778 -1.278 -1.361 -0.193 -0.868 -1.359
1.867394805 1.866 9.083487959 4922.661804 2.789 -0.756 -1.254 -1.337 -0.173 -0.845 -1.335
1.86767745 1.867 8.989854129 4928.332492 2.799 -0.735 -1.232 -1.315 -0.154 -0.824 -1.312
1.868154049 1.867 8.854267629 4937.419182 2.812 -0.708 -1.202 -1.285 -0.128 -0.796 -1.282
1.869405031 1.868 8.672666471 4948.801109 2.83 -0.671 -1.163 -1.244 -0.094 -0.758 -1.242
1.869546056 1.868 8.844079643 4937.419182 2.813 -0.706 -1.2 -1.283 -0.126 -0.794 -1.28
1.869631767 1.869 8.946489259 4931.73804 2.804 -0.726 -1.222 -1.305 -0.145 -0.815 -1.302
1.869807482 1.869 8.921803316 4932.873745 2.806 -0.723 -1.219 -1.301 -0.142 -0.811 -1.299
1.879145145 1.878 8.573391279 4954.501908 2.843 -0.648 -1.139 -1.22 -0.073 -0.735 -1.217
1.898520231 1.897 8.172457012 4981.95729 2.888 -0.561 -1.044 -1.124 0.007 -0.645 -1.122
1.899999976 1.899 8.146154541 4984.252094 2.891 -0.555 -1.038 -1.118 0.012 -0.639 -1.115
1.903235674 1.902 8.189410573 4985.399893 2.888 -0.567 -1.05 -1.129 0 -0.651 -1.127
1.921024203 1.92 8.498702852 4987.696283 2.86 -0.647 -1.129 -1.208 -0.081 -0.731 -1.206
1.940185309 1.94 8.915642481 4983.10456 2.823 -0.748 -1.231 -1.311 -0.181 -0.832 -1.308
1.950000048 1.95 9.169647585 4976.2249 2.801 -0.807 -1.291 -1.371 -0.237 -0.891 -1.369
1.953740954 1.953 9.273691507 4973.933791 2.792 -0.829 -1.314 -1.394 -0.259 -0.914 -1.391
1.965923429 1.966 9.679493775 4959.067275 2.757 -0.915 -1.403 -1.485 -0.341 -1.001 -1.482
1.97117126 1.971 9.948386393 4945.383779 2.735 -0.965 -1.457 -1.539 -0.388 -1.052 -1.537
1.978305578 1.978 10.33362375 4928.332492 2.704 -1.037 -1.533 -1.616 -0.455 -1.126 -1.614
1.981464624 1.981 10.61091034 4911.339996 2.68 -1.086 -1.587 -1.671 -0.5 -1.177 -1.669
1.984903932 1.985 11.22154473 4873.040266 2.633 -1.185 -1.696 -1.782 -0.588 -1.279 -1.779
1.986199498 1.986 11.96059114 4832.813101 2.578 -1.298 -1.819 -1.908 -0.69 -1.395 -1.905
1.986844778 1.987 12.75418302 4791.814529 2.522 -1.413 -1.945 -2.037 -0.794 -1.514 -2.034
1.987165928 1.987 13.55978005 4755.541763 2.469 -1.524 -2.067 -2.16 -0.894 -1.629 -2.157
1.987344027 1.987 14.52622092 4715.198713 2.41 -1.647 -2.2 -2.296 -1.006 -1.756 -2.293
1.987428784 1.988 15.39404121 4681.661397 2.359 -1.753 -2.314 -2.413 -1.102 -1.865 -2.411
1.987481594 1.988 16.27993419 4650.503762 2.31 -1.855 -2.425 -2.526 -1.195 -1.97 -2.523
1.987494469 1.988 16.54827178 4641.945102 2.296 -1.884 -2.456 -2.558 -1.221 -2 -2.556
1.987522364 1.988 17.16139727 4621.681361 2.265 -1.95 -2.528 -2.632 -1.281 -2.068 -2.629
1.987568378 1.988 17.88350518 4598.328568 2.228 -2.026 -2.611 -2.716 -1.351 -2.147 -2.713
1.987705588 1.988 17.73996035 4603.625638 2.236 -2.011 -2.594 -2.699 -1.337 -2.131 -2.697
1.987931728 1.988 17.16139727 4621.681361 2.264 -1.952 -2.53 -2.633 -1.283 -2.07 -2.631
1.989323378 1.989 17.54901095 4609.990177 2.245 -1.993 -2.574 -2.679 -1.321 -2.112 -2.676
1.991740346 1.992 19.14487984 4563.520439 2.17 -2.151 -2.745 -2.853 -1.464 -2.275 -2.851
1.992916942 1.993 20.53301124 4524.806379 2.11 -2.277 -2.882 -2.994 -1.578 -2.405 -2.991
1.99375987 1.993 22.08272402 4485.387826 2.047 -2.408 -3.024 -3.139 -1.696 -2.541 -3.136
1.99439609 1.994 23.67296439 4448.360749 1.986 -2.532 -3.159 -3.278 -1.809 -2.669 -3.275
1.994902492 1.994 25.30769809 4412.655266 1.929 -2.65 -3.282 -3.407 -1.914 -2.789 -3.404
1.995320916 1.994 26.9806647 4378.244391 1.873 -2.763 -3.401 -3.532 -2.015 -2.904 -3.528
1.995679259 1.995 28.73112587 4344.10186 1.818 -2.873 -3.515 -3.653 -2.113 -3.016 -3.649
1.995992541 1.995 30.51775941 4313.204007 1.766 -2.979 -3.627 -3.77 -2.208 -3.124 -3.766
1.996264577 1.995 32.43042535 4281.539943 1.714 -3.083 -3.736 -3.886 -2.3 -3.23 -3.882
1.996493459 1.995 34.43916751 4249.129821 1.661 -3.187 -3.846 -4.002 -2.392 -3.337 -3.997
1.996676922 1.995 36.74960241 4209.204248 1.605 -3.294 -3.96 -4.124 -2.484 -3.447 -4.119
1.996822476 1.995 39.16089825 4167.734068 1.549 -3.398 -4.073 -4.245 -2.572 -3.555 -4.24
1.996927977 1.995 41.41452121 4130.47502 1.501 -3.485 -4.169 -4.348 -2.645 -3.646 -4.343
1.997020006 1.994 43.76759115 4102.04103 1.453 -3.582 -4.274 -4.458 -2.731 -3.747 -4.452
1.997113705 1.994 46.51067526 4071.927154 1.4 -3.689 -4.391 -4.579 -2.826 -3.858 -4.574
1.997193456 1.994 49.23258562 4042.965171 1.351 -3.788 -4.499 -4.692 -2.913 -3.961 -4.687
1.997269988 1.994 52.07780185 4013.284983 1.302 -3.887 -4.606 -4.805 -3 -4.064 -4.799
1.997348785 1.994 55.27804115 3983.822682 1.25 -3.99 -4.718 -4.922 -3.091 -4.172 -4.917
1.997425675 1.994 58.47263225 3954.576671 1.201 -4.089 -4.826 -5.036 -3.178 -4.275 -5.03
1.9975034 1.993 61.851843 3925.54536 1.152 -4.187 -4.932 -5.147 -3.263 -4.377 -5.141
1.99758327 1.993 65.3962198 3897.624531 1.103 -4.283 -5.038 -5.257 -3.347 -4.477 -5.251
1.997667909 1.992 69.20741768 3868.120546 1.054 -4.381 -5.144 -5.37 -3.431 -4.58 -5.363
1.997753382 1.991 73.15645373 3838.839899 1.006 -4.475 -5.247 -5.478 -3.512 -4.678 -5.471
1.997841835 1.99 77.20628308 3810.658234 0.959 -4.568 -5.348 -5.584 -3.591 -4.775 -5.578
1.997927785 1.989 81.34907983 3783.554551 0.914 -4.658 -5.445 -5.687 -3.666 -4.869 -5.68
1.997976422 1.989 83.87888424 3767.03799 0.886 -4.713 -5.504 -5.749 -3.712 -4.926 -5.742
1.997982025 1.989 84.01419004 3766.170697 0.885 -4.715 -5.507 -5.752 -3.714 -4.928 -5.745
1.997984171 1.989 84.01419004 3766.170697 0.885 -4.714 -5.506 -5.751 -3.713 -4.927 -5.744
1.997988343 1.989 84.42141844 3763.570017 0.881 -4.722 -5.515 -5.76 -3.72 -4.936 -5.753
1.997991204 1.989 84.69400005 3761.837228 0.878 -4.729 -5.522 -5.767 -3.725 -4.942 -5.761
1.9979949 1.989 85.10452358 3759.23954 0.874 -4.736 -5.53 -5.776 -3.731 -4.95 -5.769
1.998000383 1.988 85.51703697 3756.643646 0.869 -4.746 -5.54 -5.787 -3.739 -4.96 -5.78
1.998007059 1.988 86.07016685 3753.185242 0.864 -4.756 -5.552 -5.799 -3.748 -4.971 -5.792
1.998015642 1.988 86.6268744 3749.730022 0.858 -4.768 -5.564 -5.812 -3.757 -4.983 -5.805
1.998029113 1.988 86.76661301 3748.866715 0.857 -4.769 -5.566 -5.814 -3.759 -4.985 -5.807
1.998039246 1.988 85.61554879 3756.643646 0.869 -4.747 -5.542 -5.788 -3.74 -4.961 -5.782
1.998039365 1.988 85.47766399 3757.508745 0.87 -4.744 -5.538 -5.784 -3.738 -4.958 -5.778
1.998039484 1.988 85.51703697 3756.643646 0.869 -4.745 -5.54 -5.786 -3.739 -4.96 -5.78
1.998039603 1.988 86.34807197 3751.457235 0.861 -4.761 -5.557 -5.805 -3.752 -4.976 -5.798
1.998039722 1.988 86.80657972 3748.003606 0.856 -4.771 -5.568 -5.816 -3.76 -4.987 -5.809
1.998039961 1.988 86.6268744 3749.730022 0.858 -4.768 -5.564 -5.812 -3.757 -4.983 -5.806
1.99804008 1.988 86.48736084 3750.593529 0.86 -4.764 -5.56 -5.808 -3.755 -4.98 -5.802
1.998040438 1.988 86.16931585 3753.185242 0.863 -4.758 -5.553 -5.801 -3.749 -4.973 -5.794
1.998040557 1.988 86.0305392 3754.049545 0.865 -4.755 -5.55 -5.797 -3.747 -4.969 -5.79
1.998040676 1.988 85.79315614 3754.914046 0.866 -4.752 -5.546 -5.793 -3.744 -4.966 -5.787
1.998040795 1.988 85.65498529 3755.778747 0.868 -4.749 -5.543 -5.79 -3.742 -4.963 -5.783
1.998041034 1.988 85.37931082 3757.508745 0.871 -4.743 -5.537 -5.783 -3.737 -4.957 -5.776
1.998041153 1.988 85.10452358 3759.23954 0.874 -4.737 -5.531 -5.777 -3.732 -4.951 -5.77
1.998041272 1.988 85.24180647 3758.374043 0.872 -4.74 -5.534 -5.78 -3.735 -4.954 -5.774
1.998041391 1.988 85.93154987 3754.049545 0.866 -4.753 -5.548 -5.795 -3.745 -4.968 -5.788
1.998041511 1.988 86.07016685 3753.185242 0.864 -4.757 -5.552 -5.799 -3.748 -4.971 -5.793
1.998041868 1.988 86.16931585 3753.185242 0.863 -4.758 -5.553 -5.801 -3.749 -4.973 -5.794
1.998042107 1.988 85.93154987 3754.049545 0.865 -4.754 -5.55 -5.797 -3.746 -4.969 -5.79
1.998042226 1.988 85.79315614 3754.914046 0.867 -4.751 -5.546 -5.793 -3.744 -4.966 -5.786
1.998042464 1.988 85.65498529 3755.778747 0.868 -4.748 -5.542 -5.789 -3.741 -4.962 -5.783
1.998042703 1.988 85.47766399 3757.508745 0.87 -4.744 -5.539 -5.785 -3.738 -4.959 -5.779
1.998042941 1.988 85.34000124 3758.374043 0.872 -4.741 -5.535 -5.782 -3.736 -4.955 -5.775
1.99804306 1.988 85.20256021 3759.23954 0.873 -4.738 -5.532 -5.778 -3.733 -4.952 -5.771
1.998043179 1.988 84.96746178 3760.105237 0.875 -4.735 -5.528 -5.774 -3.73 -4.949 -5.768
1.998043299 1.988 84.83062072 3760.971133 0.876 -4.732 -5.525 -5.77 -3.727 -4.945 -5.764
1.998043537 1.988 84.83062072 3760.971133 0.877 -4.731 -5.524 -5.769 -3.727 -4.944 -5.763
1.998043656 1.988 85.24180647 3758.374043 0.872 -4.74 -5.534 -5.781 -3.735 -4.955 -5.774
1.998043776 1.988 85.61554879 3756.643646 0.869 -4.747 -5.541 -5.788 -3.74 -4.961 -5.781
1.998044372 1.988 84.92834183 3760.971133 0.876 -4.732 -5.526 -5.772 -3.728 -4.946 -5.765
1.99804461 1.988 83.33983664 3770.509158 0.892 -4.7 -5.491 -5.734 -3.701 -4.912 -5.728
1.998044848 1.988 81.74339007 3780.941867 0.909 -4.667 -5.455 -5.697 -3.674 -4.878 -5.691
1.998045206 1.988 80.08527014 3791.403442 0.926 -4.632 -5.418 -5.657 -3.645 -4.842 -5.651
1.998045444 1.988 77.61624798 3807.150104 0.954 -4.577 -5.358 -5.595 -3.599 -4.785 -5.589
1.998045921 1.988 74.67111646 3828.247433 0.987 -4.511 -5.286 -5.518 -3.542 -4.715 -5.512
1.998046279 1.988 73.74840718 3834.422814 0.998 -4.489 -5.262 -5.493 -3.523 -4.693 -5.487
1.998046756 1.988 73.83336207 3834.422814 0.997 -4.491 -5.264 -5.495 -3.525 -4.694 -5.489
1.998046994 1.988 73.98652755 3832.657404 0.995 -4.495 -5.268 -5.5 -3.528 -4.698 -5.494
1.998047829 1.988 74.19124258 3831.775004 0.993 -4.499 -5.273 -5.505 -3.532 -4.703 -5.499
1.998048544 1.988 73.98652755 3832.657404 0.995 -4.495 -5.269 -5.501 -3.529 -4.699 -5.494
1.998049498 1.988 73.83336207 3834.422814 0.997 -4.491 -5.264 -5.496 -3.525 -4.695 -5.489
1.998057842 1.988 77.41990692 3809.780898 0.956 -4.573 -5.354 -5.59 -3.595 -4.781 -5.584
1.998062491 1.988 82.27211175 3777.461094 0.903 -4.678 -5.467 -5.709 -3.683 -4.89 -5.703
1.998066187 1.988 86.0305392 3754.049545 0.865 -4.755 -5.55 -5.797 -3.747 -4.97 -5.791
1.99807024 1.987 89.32080837 3733.361117 0.831 -4.821 -5.621 -5.873 -3.801 -5.038 -5.866
1.998075724 1.987 93.29377034 3710.222886 0.794 -4.893 -5.7 -5.956 -3.861 -5.114 -5.949
1.998084903 1.987 97.80310547 3684.681891 0.753 -4.975 -5.788 -6.049 -3.925 -5.199 -6.042
1.998088002 1.987 98.63990489 3679.59483 0.746 -4.99 -5.804 -6.066 -3.936 -5.214 -6.059
1.998088479 1.987 98.63990489 3679.59483 0.746 -4.99 -5.804 -6.066 -3.936 -5.214 -6.059
1.998089433 1.987 55.11282144 3987.493609 1.252 -3.987 -4.713 -4.917 -3.089 -4.167 -4.911
1.99808991 1.987 50.75193965 4032.73793 1.323 -3.847 -4.559 -4.755 -2.967 -4.021 -4.749
1.998092055 1.987 34.5742402 4248.151535 1.656 -3.194 -3.852 -4.009 -2.399 -3.344 -4.004
1.998095393 1.987 34.79786868 4244.240644 1.65 -3.205 -3.864 -4.021 -2.408 -3.355 -4.017
1.998099804 1.987 41.00649453 4148.585069 1.508 -3.48 -4.158 -4.334 -2.647 -3.638 -4.329
1.998105526 1.987 55.59716476 3979.238776 1.243 -4.001 -4.73 -4.935 -3.1 -4.183 -4.929
1.998112679 1.987 74.12294138 3824.72311 0.993 -4.492 -5.268 -5.501 -3.522 -4.697 -5.495
1.998121142 1.986 90.27191278 3722.20253 0.822 -4.833 -5.638 -5.891 -3.808 -5.053 -5.884
1.998131037 1.986 100.4737576 3666.907882 0.73 -5.018 -5.836 -6.1 -3.956 -5.245 -6.093
1.998142362 1.986 105.2574016 3640.826638 0.688 -5.1 -5.924 -6.193 -4.02 -5.329 -6.186
1.998155236 1.986 107.9326015 3626.602862 0.667 -5.141 -5.969 -6.241 -4.05 -5.372 -6.234
1.998155594 1.986 69.63901904 3849.461673 1.047 -4.377 -5.147 -5.375 -3.419 -4.579 -5.369
1.998156786 1.986 56.34464473 3961.867984 1.232 -4.012 -4.748 -4.955 -3.104 -4.197 -4.949
1.998159051 1.986 38.36654086 4174.457078 1.566 -3.357 -4.032 -4.202 -2.534 -3.514 -4.197
1.998162508 1.986 38.6146982 4170.614031 1.56 -3.368 -4.044 -4.214 -2.544 -3.525 -4.21
1.998167276 1.985 45.46242995 4078.495618 1.418 -3.644 -4.344 -4.531 -2.784 -3.812 -4.526
1.998173356 1.985 61.44020341 3913.812356 1.156 -4.161 -4.911 -5.127 -3.232 -4.353 -5.121
1.998180866 1.985 81.61174141 3764.436711 0.909 -4.65 -5.444 -5.688 -3.649 -4.864 -5.682
1.998189926 1.985 99.3465168 3664.375746 0.739 -4.992 -5.811 -6.075 -3.928 -5.219 -6.068
1.998200417 1.985 110.3958239 3610.771451 0.647 -5.176 -6.008 -6.284 -4.073 -5.41 -6.276
1.998212457 1.984 115.7317832 3585.915075 0.606 -5.259 -6.096 -6.377 -4.134 -5.495 -6.37
1.998226166 1.984 118.6185593 3572.728382 0.584 -5.301 -6.142 -6.426 -4.165 -5.539 -6.418
1.998226523 1.984 77.45556832 3787.040939 0.955 -4.554 -5.343 -5.582 -3.566 -4.766 -5.576
1.998227835 1.984 62.6401292 3898.522096 1.139 -4.189 -4.945 -5.163 -3.254 -4.384 -5.157
1.998230219 1.984 42.5650007 4109.604233 1.475 -3.528 -4.219 -4.401 -2.68 -3.692 -4.395
1.998233914 1.984 42.77131914 4106.766399 1.47 -3.537 -4.229 -4.411 -2.688 -3.701 -4.406
1.99823904 1.984 50.19409691 4017.908108 1.332 -3.809 -4.528 -4.725 -2.924 -3.986 -4.719
1.998245478 1.983 67.46097984 3857.447287 1.075 -4.314 -5.082 -5.308 -3.36 -4.515 -5.302
1.998253584 1.983 89.07434651 3712.786703 0.833 -4.795 -5.603 -5.857 -3.765 -5.016 -5.85
1.998263121 1.983 107.6100033 3617.428868 0.668 -5.127 -5.958 -6.232 -4.029 -5.36 -6.224
1.998274326 1.983 119.0015573 3566.974462 0.582 -5.301 -6.144 -6.428 -4.16 -5.54 -6.421
1.998287201 1.982 123.9517449 3545.683775 0.546 -5.373 -6.221 -6.51 -4.213 -5.614 -6.502
1.998301864 1.982 126.2271117 3535.900211 0.53 -5.404 -6.254 -6.545 -4.233 -5.646 -6.537
1.998302221 1.982 83.55119096 3741.967403 0.889 -4.681 -5.482 -5.729 -3.668 -4.898 -5.723
1.998303533 1.982 67.61649346 3853.008792 1.073 -4.315 -5.085 -5.311 -3.359 -4.517 -5.305
1.998306155 1.982 45.88308863 4064.433292 1.409 -3.652 -4.357 -4.546 -2.786 -3.823 -4.541
1.99830997 1.982 46.05243994 4061.62665 1.405 -3.66 -4.366 -4.556 -2.793 -3.831 -4.55
1.998315334 1.981 53.89551731 3974.660145 1.27 -3.926 -4.659 -4.863 -3.024 -4.11 -4.857
1.998322129 1.981 72.0033404 3818.56335 1.018 -4.422 -5.202 -5.435 -3.45 -4.629 -5.429
1.998330593 1.981 94.54806494 3677.053934 0.78 -4.896 -5.713 -5.974 -3.842 -5.122 -5.967
1.998340607 1.981 113.9075851 3583.438868 0.619 -5.221 -6.06 -6.34 -4.094 -5.457 -6.333
1.998352289 1.98 125.3581704 3535.900211 0.536 -5.389 -6.239 -6.53 -4.217 -5.631 -6.522
1.998365879 1.98 130.302469 3516.413996 0.502 -5.456 -6.309 -6.605 -4.261 -5.699 -6.597
1.998381138 1.979 132.2673477 3508.326469 0.489 -5.482 -6.337 -6.634 -4.278 -5.726 -6.626
1.998381496 1.979 88.91041653 3707.66084 0.834 -4.786 -5.596 -5.85 -3.752 -5.008 -5.843
1.998382807 1.979 71.95361943 3817.684195 1.018 -4.42 -5.2 -5.433 -3.447 -4.627 -5.427
1.998385429 1.979 48.75875915 4029.953175 1.356 -3.756 -4.472 -4.666 -2.877 -3.932 -4.661
1.998389244 1.979 48.9950996 4027.170343 1.352 -3.764 -4.48 -4.676 -2.883 -3.94 -4.67
1.998394608 1.979 57.08902749 3942.756896 1.218 -4.026 -4.768 -4.978 -3.109 -4.214 -4.972
1.998401403 1.979 75.97183999 3788.785337 0.971 -4.513 -5.301 -5.54 -3.525 -4.724 -5.534
1.998409867 1.978 99.36939481 3649.21961 0.737 -4.98 -5.804 -6.07 -3.906 -5.209 -6.063
1.998419881 1.978 119.2484231 3557.132151 0.578 -5.299 -6.144 -6.43 -4.149 -5.538 -6.423
1.998431683 1.978 131.0848933 3509.942485 0.496 -5.464 -6.319 -6.616 -4.262 -5.709 -6.608
1.998445153 1.977 136.0356214 3491.403155 0.464 -5.53 -6.388 -6.689 -4.306 -5.775 -6.681
1.998460531 1.977 137.9598282 3484.977672 0.452 -5.554 -6.414 -6.716 -4.323 -5.801 -6.708
1.998460889 1.977 94.37406129 3676.207358 0.782 -4.889 -5.707 -5.967 -3.834 -5.115 -5.96
1.998462439 1.976 76.42802638 3786.169041 0.965 -4.525 -5.314 -5.553 -3.536 -4.736 -5.546
1.99846518 1.976 51.69548865 4000.36851 1.304 -3.859 -4.584 -4.784 -2.968 -4.039 -4.778
1.998469472 1.976 51.94606383 3997.606108 1.3 -3.868 -4.593 -4.793 -2.975 -4.048 -4.788
1.998475313 1.976 60.48569077 3912.911271 1.168 -4.125 -4.876 -5.092 -3.196 -4.318 -5.086
1.998482823 1.976 80.08527014 3760.971133 0.924 -4.604 -5.4 -5.644 -3.602 -4.819 -5.638
1.998492002 1.975 104.3404354 3623.264176 0.694 -5.064 -5.894 -6.166 -3.971 -5.296 -6.158
1.998503089 1.975 124.9834892 3531.018557 0.537 -5.378 -6.229 -6.521 -4.201 -5.62 -6.513
1.998515964 1.974 137.167949 3484.977672 0.456 -5.542 -6.402 -6.704 -4.31 -5.789 -6.696
1.998530865 1.974 142.348418 3466.570205 0.424 -5.607 -6.47 -6.777 -4.353 -5.855 -6.769
1.998547673 1.973 144.4284149 3459.393778 0.411 -5.632 -6.497 -6.806 -4.368 -5.881 -6.797
1.998548031 1.973 100.7517608 3640.826638 0.724 -5.004 -5.83 -6.098 -3.925 -5.234 -6.09
1.998549581 1.973 81.70575451 3751.457235 0.906 -4.641 -5.439 -5.685 -3.633 -4.857 -5.679
1.998552442 1.973 55.20172444 3968.25891 1.246 -3.974 -4.708 -4.914 -3.069 -4.159 -4.909
1.998556852 1.972 55.49484527 3964.605691 1.242 -3.983 -4.718 -4.925 -3.077 -4.168 -4.919
1.998562813 1.972 64.43957165 3881.50366 1.112 -4.236 -4.997 -5.218 -3.293 -4.433 -5.212
1.998570561 1.972 84.88923989 3731.642237 0.873 -4.706 -5.509 -5.759 -3.686 -4.925 -5.753
1.998579979 1.971 110.1419205 3594.181463 0.646 -5.157 -5.994 -6.271 -4.039 -5.392 -6.264
1.998591304 1.971 131.5687186 3503.482883 0.492 -5.466 -6.322 -6.62 -4.257 -5.711 -6.612
1.998604655 1.97 144.2954526 3457.004939 0.412 -5.628 -6.493 -6.802 -4.36 -5.877 -6.794
1.998619795 1.97 149.7451085 3438.745222 0.379 -5.694 -6.561 -6.875 -4.397 -5.944 -6.867
1.99863708 1.969 152.0031699 3430.836328 0.365 -5.721 -6.59 -6.906 -4.412 -5.971 -6.897
1.998637438 1.969 108.5057229 3602.466907 0.659 -5.131 -5.966 -6.242 -4.021 -5.366 -6.235
1.998638987 1.969 88.15615602 3712.786703 0.84 -4.771 -5.58 -5.833 -3.741 -4.993 -5.826
1.998641968 1.968 59.45010758 3930.972449 1.18 -4.105 -4.85 -5.063 -3.184 -4.295 -5.057
1.998646378 1.968 59.83463482 3927.353556 1.175 -4.115 -4.861 -5.074 -3.192 -4.305 -5.068
1.998652458 1.968 69.35098677 3844.147118 1.047 -4.364 -5.135 -5.364 -3.403 -4.567 -5.358
1.998660326 1.967 90.93951734 3695.727997 0.812 -4.826 -5.638 -5.895 -3.784 -5.049 -5.888
1.998669982 1.967 117.5310578 3560.4099 0.589 -5.269 -6.114 -6.399 -4.122 -5.509 -6.392
1.998681426 1.966 140.2014951 3468.965654 0.435 -5.576 -6.439 -6.745 -4.326 -5.824 -6.737
1.998694897 1.965 153.9049701 3421.369661 0.354 -5.74 -6.61 -6.928 -4.416 -5.991 -6.919
1.998710394 1.965 160.3070583 3400.948065 0.319 -5.81 -6.684 -7.007 -4.453 -6.062 -6.998
1.998727918 1.964 163.3249917 3390.783023 0.302 -5.844 -6.719 -7.045 -4.471 -6.097 -7.036
1.998728275 1.964 119.4132848 3550.585703 0.575 -5.294 -6.142 -6.429 -4.139 -5.535 -6.421
1.998729825 1.963 97.08511398 3660.159406 0.754 -4.938 -5.759 -6.023 -3.872 -5.166 -6.016
1.998732567 1.963 65.71320432 3877.037485 1.093 -4.274 -5.035 -5.258 -3.328 -4.472 -5.252
1.998736858 1.963 65.81920689 3876.144867 1.092 -4.277 -5.039 -5.262 -3.331 -4.475 -5.256
1.99874258 1.963 76.0243376 3794.023355 0.966 -4.519 -5.306 -5.544 -3.534 -4.729 -5.537
1.998750091 1.962 98.86729336 3650.059971 0.738 -4.969 -5.793 -6.059 -3.896 -5.198 -6.052
1.99875927 1.961 126.8389519 3517.223774 0.521 -5.399 -6.253 -6.548 -4.206 -5.643 -6.54
1.998770237 1.961 150.6442796 3428.467208 0.372 -5.698 -6.567 -6.883 -4.385 -5.948 -6.874
1.998783112 1.96 164.7223938 3382.205567 0.294 -5.855 -6.731 -7.059 -4.465 -6.108 -7.05
1.998797893 1.959 171.1010382 3362.791957 0.261 -5.921 -6.799 -7.132 -4.486 -6.174 -7.123
1.998814583 1.958 174.0414307 3353.513045 0.245 -5.951 -6.831 -7.167 -4.495 -6.205 -7.157
1.99881494 1.958 130.1825112 3501.869841 0.497 -5.443 -6.301 -6.599 -4.232 -5.689 -6.591
1.99881649 1.958 106.0358311 3610.771451 0.676 -5.089 -5.922 -6.196 -3.986 -5.323 -6.189
1.998819351 1.957 71.95361943 3826.484866 1.013 -4.428 -5.205 -5.437 -3.459 -4.634 -5.431
1.998823762 1.957 71.83773732 3827.366048 1.014 -4.425 -5.202 -5.434 -3.457 -4.631 -5.427
1.998829722 1.957 82.70897617 3748.003606 0.892 -4.663 -5.462 -5.709 -3.653 -4.88 -5.702
1.998837471 1.956 106.7216779 3607.447339 0.67 -5.1 -5.934 -6.209 -3.993 -5.334 -6.202
1.998847008 1.955 135.9416838 3478.564015 0.459 -5.517 -6.379 -6.683 -4.278 -5.765 -6.675
1.998858333 1.954 160.5656511 3392.344895 0.315 -5.806 -6.682 -7.007 -4.436 -6.059 -6.997
1.998871565 1.953 175.0058817 3348.112174 0.24 -5.957 -6.838 -7.175 -4.489 -6.211 -7.165
1.998886824 1.952 181.2811489 3329.660852 0.209 -6.019 -6.902 -7.245 -4.509 -6.273 -7.235
1.998904109 1.951 184.3115897 3321.238013 0.194 -6.047 -6.931 -7.276 -4.518 -6.301 -7.266
1.998904467 1.951 141.4336159 3457.801035 0.424 -5.586 -6.451 -6.76 -4.319 -5.835 -6.751
1.998905897 1.951 115.4124459 3566.15323 0.601 -5.234 -6.077 -6.361 -4.092 -5.473 -6.354
1.99890852 1.95 78.4788526 3781.812561 0.936 -4.579 -5.369 -5.609 -3.587 -4.791 -5.603
1.998912573 1.95 78.1002897 3784.425847 0.94 -4.57 -5.358 -5.599 -3.58 -4.781 -5.592
1.998918176 1.949 89.60920923 3705.953792 0.821 -4.802 -5.612 -5.867 -3.767 -5.024 -5.86
1.998925209 1.949 114.8557243 3568.617493 0.605 -5.225 -6.068 -6.351 -4.085 -5.464 -6.344
1.998934031 1.948 145.1619003 3442.706504 0.401 -5.631 -6.498 -6.81 -4.34 -5.88 -6.802
1.998944521 1.947 170.5896369 3358.149296 0.261 -5.91 -6.79 -7.124 -4.466 -6.164 -7.114
1.998956799 1.946 185.4183213 3315.125698 0.188 -6.056 -6.94 -7.287 -4.511 -6.31 -7.277
1.998970866 1.945 192.1554227 3296.097122 0.157 -6.116 -7.003 -7.355 -4.516 -6.37 -7.345
1.99898684 1.943 195.3676465 3287.759187 0.142 -6.143 -7.032 -7.387 -4.515 -6.398 -7.376
1.998987198 1.943 153.7632836 3411.143581 0.351 -5.728 -6.6 -6.92 -4.387 -5.979 -6.911
1.998988628 1.943 125.5025774 3519.654225 0.526 -5.378 -6.232 -6.526 -4.187 -5.622 -6.518
1.99899137 1.943 85.69443995 3733.361117 0.858 -4.729 -5.531 -5.782 -3.711 -4.948 -5.775
1.998995423 1.942 84.96746178 3738.522511 0.865 -4.714 -5.515 -5.764 -3.699 -4.932 -5.757
1.999001026 1.942 97.21933472 3661.845359 0.748 -4.942 -5.762 -6.027 -3.877 -5.17 -6.02
1.999008298 1.941 123.6381918 3527.767866 0.539 -5.351 -6.203 -6.496 -4.17 -5.594 -6.488
1.999017119 1.94 155.2217748 3404.865806 0.341 -5.745 -6.618 -6.94 -4.394 -5.997 -6.931
1.999027729 1.939 181.4064167 3322.767852 0.205 -6.014 -6.898 -7.243 -4.488 -6.269 -7.233
1.999040127 1.937 196.9484852 3280.197551 0.134 -6.154 -7.043 -7.4 -4.503 -6.408 -7.39
1.999054432 1.936 203.7758178 3262.120504 0.104 -6.212 -7.104 -7.466 -4.503 -6.466 -7.455
1.999070525 1.934 206.9439074 3253.868518 0.09 -6.239 -7.132 -7.497 -4.503 -6.493 -7.486
1.999070883 1.934 167.1678069 3365.115694 0.276 -5.871 -6.75 -7.082 -4.442 -6.124 -7.073
1.999072194 1.934 136.6950049 3472.961749 0.45 -5.524 -6.387 -6.692 -4.279 -5.772 -6.684
1.999074578 1.933 93.68124308 3685.530419 0.779 -4.882 -5.696 -5.956 -3.833 -5.106 -5.949
1.999078393 1.933 92.39588823 3694.026444 0.79 -4.86 -5.672 -5.931 -3.817 -5.084 -5.924
1.999083519 1.932 105.3543919 3618.261907 0.676 -5.082 -5.913 -6.186 -3.985 -5.315 -6.179
1.999090076 1.932 133.0922125 3487.385841 0.473 -5.477 -6.337 -6.639 -4.249 -5.724 -6.63
1.999098182 1.931 165.7114986 3368.216508 0.282 -5.856 -6.735 -7.066 -4.434 -6.11 -7.057
1.999107838 1.929 192.5983867 3288.516309 0.151 -6.114 -7.002 -7.357 -4.49 -6.369 -7.346
1.999119043 1.928 208.1865388 3247.880188 0.083 -6.247 -7.14 -7.507 -4.492 -6.501 -7.496
1.999132037 1.926 215.0565353 3230.725057 0.055 -6.302 -7.197 -7.569 -4.492 -6.556 -7.557
1.999146819 1.924 218.2994517 3223.294595 0.041 -6.327 -7.224 -7.597 -4.492 -6.58 -7.585
1.999147177 1.924 180.656106 3322.002845 0.206 -6.003 -6.887 -7.232 -4.475 -6.257 -7.222
1.999148488 1.924 147.9969089 3429.256733 0.379 -5.661 -6.531 -6.847 -4.349 -5.912 -6.838
1.999150872 1.923 101.8011408 3640.826638 0.704 -5.025 -5.85 -6.119 -3.945 -5.255 -6.112
1.999154568 1.923 100.1273322 3650.059971 0.718 -4.998 -5.82 -6.087 -3.924 -5.226 -6.08
1.999159694 1.922 113.8551408 3576.020502 0.606 -5.214 -6.055 -6.337 -4.081 -5.452 -6.33
1.99916625 1.921 142.7094212 3448.259966 0.41 -5.598 -6.465 -6.775 -4.317 -5.847 -6.767
1.999174237 1.92 176.7065488 3331.961695 0.224 -5.964 -6.846 -7.188 -4.46 -6.218 -7.178
1.999183893 1.918 204.1515327 3255.367325 0.098 -6.21 -7.103 -7.468 -4.478 -6.465 -7.456
1.999195099 1.916 220.167213 3215.140825 0.032 -6.338 -7.236 -7.612 -4.478 -6.591 -7.599
1.999207973 1.914 227.1708719 3198.158622 0.004 -6.391 -7.291 -7.672 -4.473 -6.643 -7.659
1.999222636 1.912 230.7026828 3190.068436 -0.009 -6.416 -7.318 -7.701 -4.469 -6.668 -7.687
1.999222994 1.912 195.6827959 3275.668919 0.134 -6.137 -7.027 -7.385 -4.472 -6.391 -7.374
1.999224067 1.911 160.7876341 3382.205567 0.304 -5.801 -6.678 -7.005 -4.41 -6.054 -6.996
1.999226332 1.911 110.9309277 3591.699548 0.626 -5.171 -6.008 -6.287 -4.051 -5.407 -6.28
1.99922967 1.91 108.6557327 3604.126286 0.644 -5.137 -5.971 -6.247 -4.027 -5.371 -6.24
1.9992342 1.909 123.2686514 3531.018557 0.535 -5.348 -6.199 -6.49 -4.17 -5.59 -6.483
1.999240041 1.908 153.1625699 3408.003248 0.345 -5.718 -6.591 -6.912 -4.373 -5.97 -6.903
1.999247313 1.907 188.0843432 3295.338255 0.167 -6.068 -6.955 -7.308 -4.466 -6.322 -7.297
1.999255896 1.905 216.0989441 3221.068791 0.046 -6.303 -7.2 -7.574 -4.462 -6.556 -7.561
1.999266028 1.903 231.9277126 3183.464418 -0.017 -6.423 -7.325 -7.71 -4.452 -6.675 -7.696
1.999277711 1.9 239.3054805 3166.649527 -0.043 -6.473 -7.377 -7.767 -4.443 -6.724 -7.752
1.999290824 1.897 242.3553688 3159.366436 -0.056 -6.496 -7.401 -7.793 -4.437 -6.746 -7.778
1.999291182 1.897 210.2580561 3233.702035 0.067 -6.256 -7.152 -7.523 -4.455 -6.51 -7.511
1.999292254 1.897 173.1620206 3338.873767 0.236 -5.927 -6.809 -7.148 -4.437 -6.181 -7.138
1.9992944 1.896 119.9644714 3546.500292 0.555 -5.303 -6.151 -6.439 -4.144 -5.544 -6.431
1.999297738 1.895 117.1258201 3560.4099 0.575 -5.263 -6.107 -6.393 -4.116 -5.502 -6.385
1.999302268 1.894 132.5112177 3488.992212 0.468 -5.47 -6.33 -6.631 -4.244 -5.717 -6.623
1.99930799 1.892 163.7391927 3368.992157 0.284 -5.829 -6.708 -7.039 -4.409 -6.083 -7.029
1.999315143 1.89 199.3208107 3260.618588 0.112 -6.164 -7.056 -7.419 -4.449 -6.418 -7.408
1.999323726 1.888 228.0093439 3188.599693 -0.004 -6.389 -7.29 -7.673 -4.436 -6.64 -7.66
1.999333739 1.885 244.1477042 3151.37438 -0.065 -6.505 -7.411 -7.804 -4.419 -6.754 -7.789
1.999345183 1.882 251.5084871 3135.450869 -0.091 -6.552 -7.46 -7.858 -4.412 -6.8 -7.842
1.999358177 1.879 254.7138996 3128.239532 -0.103 -6.574 -7.483 -7.883 -4.407 -6.821 -7.867
1.999358416 1.878 226.1271165 3190.803061 -0 -6.374 -7.276 -7.658 -4.429 -6.626 -7.645
1.999359488 1.878 186.574654 3295.338255 0.167 -6.051 -6.938 -7.291 -4.447 -6.305 -7.28
1.999361396 1.877 129.7336524 3501.869841 0.482 -5.435 -6.292 -6.591 -4.224 -5.68 -6.583
1.999364376 1.876 126.1980502 3518.033738 0.506 -5.388 -6.242 -6.537 -4.196 -5.632 -6.529
1.999368429 1.875 142.4467827 3447.466066 0.401 -5.592 -6.458 -6.77 -4.308 -5.841 -6.761
1.999373674 1.873 174.56318 3331.194571 0.223 -5.938 -6.821 -7.163 -4.431 -6.192 -7.153
1.999379992 1.87 211.3258599 3225.521938 0.058 -6.258 -7.154 -7.527 -4.431 -6.511 -7.515
1.999387741 1.868 240.1334414 3155.731174 -0.054 -6.472 -7.378 -7.77 -4.404 -6.722 -7.755
1.999396682 1.864 256.5976324 3120.326217 -0.112 -6.582 -7.492 -7.894 -4.389 -6.828 -7.877
1.999406934 1.861 263.6043938 3105.274522 -0.137 -6.627 -7.539 -7.945 -4.379 -6.872 -7.927
1.999418616 1.856 267.0869353 3097.419299 -0.15 -6.648 -7.561 -7.969 -4.373 -6.892 -7.951
1.999418855 1.856 242.2437857 3149.19824 -0.065 -6.485 -7.392 -7.786 -4.393 -6.734 -7.77
1.999419808 1.855 200.3330693 3252.370401 0.101 -6.166 -7.059 -7.424 -4.426 -6.42 -7.413
1.999421716 1.854 139.8146387 3457.801035 0.413 -5.56 -6.425 -6.734 -4.293 -5.809 -6.725
1.999424458 1.853 135.34825 3476.161938 0.44 -5.506 -6.368 -6.672 -4.265 -5.754 -6.664
1.999428272 1.851 152.4237509 3406.434166 0.337 -5.706 -6.579 -6.9 -4.358 -5.958 -6.891
1.99943316 1.849 185.7601892 3293.062702 0.164 -6.039 -6.927 -7.28 -4.429 -6.294 -7.269
1.99943924 1.846 223.2814505 3190.803061 0.004 -6.345 -7.246 -7.628 -4.402 -6.597 -7.615
1.999446511 1.842 252.2043917 3123.920694 -0.103 -6.55 -7.459 -7.86 -4.368 -6.796 -7.843
1.999454975 1.838 268.8763753 3088.872627 -0.159 -6.652 -7.567 -7.978 -4.349 -6.896 -7.959
1.99946475 1.834 275.9005999 3073.972656 -0.183 -6.694 -7.611 -8.025 -4.349 -6.936 -8.004
1.999475717 1.829 279.4168838 3066.902715 -0.195 -6.713 -7.631 -8.047 -4.347 -6.954 -8.026
1.999475956 1.828 258.4357824 3107.42031 -0.128 -6.587 -7.498 -7.903 -4.349 -6.832 -7.886
1.99947691 1.827 214.1177371 3209.962804 0.036 -6.273 -7.171 -7.548 -4.396 -6.525 -7.535
1.999478817 1.826 150.1248702 3412.714832 0.345 -5.677 -6.549 -6.868 -4.339 -5.928 -6.86
1.999481559 1.824 144.7280281 3433.9977 0.375 -5.617 -6.486 -6.801 -4.313 -5.868 -6.792
1.999485373 1.822 162.874331 3364.340936 0.273 -5.814 -6.693 -7.025 -4.383 -6.067 -7.015
1.999490142 1.819 197.4024983 3253.868518 0.105 -6.135 -7.028 -7.393 -4.399 -6.389 -7.381
1.999496222 1.815 235.5877177 3155.004623 -0.05 -6.429 -7.335 -7.727 -4.357 -6.679 -7.712
1.999503374 1.81 265.065158 3089.583948 -0.154 -6.624 -7.539 -7.949 -4.322 -6.868 -7.93
1.999511719 1.805 281.8075634 3055.624616 -0.208 -6.722 -7.641 -8.059 -4.325 -6.961 -8.037
1.999521375 1.798 289.1696071 3040.885026 -0.232 -6.763 -7.683 -8.106 -4.323 -6.999 -8.082
1.999532342 1.791 292.7875765 3032.494347 -0.245 -6.781 -7.704 -8.128 -4.318 -7.017 -8.104
1.99953258 1.791 276.6639957 3062.668558 -0.196 -6.689 -7.607 -8.024 -4.313 -6.929 -8.002
1.999533415 1.79 229.6427002 3164.462839 -0.034 -6.382 -7.287 -7.677 -4.345 -6.633 -7.662
1.999535084 1.788 161.4182538 3365.890629 0.272 -5.797 -6.676 -7.008 -4.37 -6.05 -6.998
1.999537468 1.786 155.2932735 3388.441561 0.305 -5.731 -6.607 -6.933 -4.355 -5.984 -6.924
1.999540806 1.783 174.282044 3320.473358 0.204 -5.924 -6.808 -7.153 -4.392 -6.179 -7.143
1.999545217 1.779 210.1612509 3212.180934 0.041 -6.233 -7.132 -7.508 -4.363 -6.486 -7.495
1.999550462 1.775 249.2600311 3115.300896 -0.109 -6.516 -7.427 -7.829 -4.306 -6.762 -7.812
1.999556899 1.769 279.6743548 3051.406029 -0.21 -6.701 -7.62 -8.039 -4.294 -6.939 -8.016
1.99956429 1.763 296.5190806 3018.561301 -0.263 -6.794 -7.718 -8.146 -4.291 -7.028 -8.12
1.999572873 1.755 304.5458213 3002.617421 -0.287 -6.832 -7.759 -8.19 -4.291 -7.063 -8.162
1.999582529 1.747 308.4982074 2993.642943 -0.301 -6.851 -7.779 -8.213 -4.287 -7.08 -8.183
1.999582767 1.746 296.7923106 3013.699874 -0.268 -6.791 -7.716 -8.144 -4.278 -7.024 -8.118
1.999583602 1.745 246.8042561 3114.583654 -0.107 -6.492 -7.403 -7.806 -4.281 -6.738 -7.788
1.999585152 1.743 174.1215982 3314.36245 0.195 -5.916 -6.801 -7.148 -4.371 -6.171 -7.138
1.999587536 1.74 166.7065427 3338.873767 0.232 -5.845 -6.726 -7.066 -4.356 -6.099 -7.056
1.999590755 1.736 186.9616985 3271.14654 0.132 -6.033 -6.924 -7.283 -4.352 -6.287 -7.272
1.999594927 1.731 224.3120709 3165.191567 -0.028 -6.331 -7.236 -7.626 -4.297 -6.582 -7.611
1.999599934 1.725 264.5773394 3071.142726 -0.173 -6.601 -7.518 -7.932 -4.25 -6.842 -7.911
1.999606133 1.717 295.700899 3008.846277 -0.271 -6.776 -7.702 -8.131 -4.252 -7.008 -8.103
1.999613285 1.709 312.9339232 2975.774377 -0.323 -6.862 -7.792 -8.23 -4.256 -7.087 -8.198
1.99962151 1.699 320.813507 2959.374995 -0.347 -6.897 -7.831 -8.273 -4.251 -7.12 -8.239
1.999630809 1.688 325.1267066 2949.850457 -0.362 -6.913 -7.849 -8.295 -4.241 -7.135 -8.26
1.999631047 1.687 319.3395029 2959.374995 -0.346 -6.887 -7.821 -8.263 -4.24 -7.11 -8.229
1.999631762 1.686 265.1872531 3060.553672 -0.185 -6.595 -7.514 -7.929 -4.216 -6.835 -7.908
1.999633193 1.683 187.5653643 3258.36701 0.115 -6.029 -6.922 -7.285 -4.308 -6.284 -7.274
1.999635339 1.679 179.0410618 3285.488868 0.154 -5.952 -6.841 -7.197 -4.318 -6.207 -7.186
1.999638319 1.674 200.5176678 3217.362533 0.055 -6.136 -7.035 -7.409 -4.284 -6.39 -7.396
1.999642253 1.667 239.470844 3113.149665 -0.101 -6.426 -7.337 -7.739 -4.212 -6.672 -7.722
1.999646902 1.659 281.0299751 3021.34278 -0.243 -6.682 -7.606 -8.031 -4.193 -6.916 -8.005
1.999652624 1.649 312.8618758 2960.738152 -0.338 -6.844 -7.777 -8.217 -4.203 -7.067 -8.184
1.999659181 1.638 330.3335197 2928.195036 -0.389 -6.92 -7.86 -8.311 -4.2 -7.137 -8.273
1.99966681 1.625 338.8072108 2911.387413 -0.414 -6.95 -7.894 -8.351 -4.192 -7.164 -8.311
1.999675393 1.61 343.283275 2900.681199 -0.43 -6.964 -7.911 -8.372 -4.181 -7.177 -8.33
1.999675631 1.609 344.5503099 2898.678171 -0.433 -6.969 -7.916 -8.378 -4.181 -7.181 -8.336
1.999676347 1.607 285.0051087 3001.926122 -0.269 -6.692 -7.618 -8.046 -4.155 -6.922 -8.018
1.999677658 1.604 202.1401785 3198.89511 0.029 -6.137 -7.037 -7.417 -4.223 -6.389 -7.403
1.999679685 1.598 192.2439339 3227.750819 0.071 -6.054 -6.951 -7.323 -4.234 -6.308 -7.31
1.999682546 1.59 215.1060596 3158.639048 -0.029 -6.236 -7.142 -7.532 -4.18 -6.486 -7.517
1.999686122 1.581 256.1253972 3055.624616 -0.183 -6.515 -7.434 -7.85 -4.124 -6.753 -7.827
1.999690652 1.569 299.4695327 2964.14879 -0.322 -6.758 -7.689 -8.126 -4.129 -6.98 -8.093
1.999695897 1.554 332.5467018 2903.354056 -0.417 -6.903 -7.847 -8.304 -4.13 -7.114 -8.262
1.999702215 1.538 351.3602641 2868.798202 -0.469 -6.968 -7.922 -8.392 -4.118 -7.173 -8.345
1.999709368 1.519 360.4563202 2850.361872 -0.497 -6.99 -7.95 -8.429 -4.098 -7.191 -8.378
1.999717474 1.499 366.0603114 2836.612419 -0.516 -7 -7.964 -8.449 -4.08 -7.197 -8.396
1.999717712 1.498 375.1912011 2822.929291 -0.538 -7.023 -7.995 -8.489 -4.07 -7.219 -8.434
1.999718308 1.494 309.1381793 2927.520871 -0.371 -6.784 -7.72 -8.165 -4.074 -6.999 -8.127
1.99971962 1.488 219.6102695 3122.482406 -0.075 -6.246 -7.157 -7.556 -4.067 -6.493 -7.539
1.999721527 1.479 208.1865388 3152.100095 -0.032 -6.158 -7.066 -7.457 -4.081 -6.408 -7.442
1.99972415 1.466 233.5891384 3080.349537 -0.135 -6.339 -7.255 -7.665 -4.019 -6.582 -7.645
1.999727607 1.449 277.6212113 2975.774377 -0.291 -6.607 -7.536 -7.968 -4.013 -6.832 -7.936
1.999731779 1.429 324.3789359 2882.703663 -0.432 -6.829 -7.774 -8.232 -4.017 -7.035 -8.187
1.999736786 1.405 360.2903622 2818.382931 -0.531 -6.947 -7.911 -8.397 -3.998 -7.138 -8.341
1.999742627 1.378 381.6389083 2779.713268 -0.589 -6.981 -7.966 -8.477 -3.946 -7.166 -8.414
1.999749422 1.348 393.5071654 2754.862961 -0.625 -6.918 -7.949 -8.508 -3.788 -7.112 -8.441
1.999757052 1.314 401.6545072 2734.63898 -0.653 -6.894 -7.945 -8.525 -3.713 -7.088 -8.454
1.999757171 1.312 420.0999645 2709.567659 -0.694 -6.888 -7.974 -8.59 -3.628 -7.086 -8.513
1.999757886 1.304 345.0266527 2814.49188 -0.525 -6.859 -7.818 -8.297 -3.913 -7.046 -8.24
1.999759078 1.29 245.0488365 3007.460971 -0.232 -6.37 -7.295 -7.72 -3.856 -6.601 -7.692
1.999760866 1.268 231.767558 3035.987646 -0.192 -6.279 -7.201 -7.619 -3.838 -6.515 -7.595
1.99976337 1.239 260.8871238 2958.693653 -0.305 -6.456 -7.386 -7.82 -3.824 -6.677 -7.786
1.999766588 1.202 311.6396047 2847.7378 -0.472 -6.7 -7.646 -8.108 -3.828 -6.894 -8.058
1.999770522 1.159 365.7233126 2747.894153 -0.627 -6.844 -7.832 -8.347 -3.763 -7.018 -8.28
1.999775171 1.109 407.4296631 2677.934806 -0.74 -6.695 -7.82 -8.474 -3.344 -6.896 -8.391
1.999780774 1.053 432.8651726 2635.724418 -0.814 -6.466 -7.729 -8.509 -2.885 -6.703 -8.417
1.999787092 0.993 446.0182659 2611.559951 -0.866 -6.12 -7.553 -8.475 -2.295 -6.418 -8.378
1.999794245 0.929 453.4742642 2595.971977 -0.91 -5.694 -7.32 -8.4 -1.597 -6.064 -8.3
1.99981153 0.637 3.330831359e-06 10006.91014 1.339 30.021 30.045 30.054 29.988 30.035 30.054
