# Mini Mass radius_rsun Teff_K logg Jmag_2mass Hmag_2mass Ksmag_2mass F087mag F146mag F213mag
0.0900000036 0.09 0.1216893706 2307.80973 5.219 11.177 10.573 10.312 12.977 11.198 10.389
0.1000000015 0.1 0.1332148515 2450.755579 5.186 10.72 10.117 9.852 12.52 10.741 9.93
0.1079831719 0.108 0.1415639411 2535.712433 5.166 10.44 9.838 9.571 12.241 10.461 9.649
0.1200000048 0.12 0.1538695362 2657.66355 5.14 10.074 9.472 9.201 11.804 10.084 9.275
0.1400000006 0.14 0.1733215822 2782.274658 5.104 9.665 9.063 8.791 11.213 9.647 8.857
0.1599999964 0.16 0.1915810922 2870.119636 5.075 9.346 8.744 8.474 10.781 9.312 8.534
0.200000003 0.2 0.2251399912 2996.40146 5.031 8.853 8.25 7.987 10.15 8.799 8.04
0.25 0.25 0.2640296165 3111.716337 4.99 8.386 7.783 7.528 9.58 8.318 7.575
0.3127991557 0.313 0.3129339232 3207.00768 4.939 7.917 7.31 7.064 9.042 7.837 7.107
0.3437758088 0.344 0.3424148924 3245.637406 4.903 7.683 7.074 6.831 8.783 7.599 6.873
0.3500000238 0.35 0.3474182632 3253.868518 4.898 7.643 7.033 6.791 8.738 7.558 6.833
0.3575303555 0.358 0.3537957771 3267.382661 4.891 7.589 6.978 6.737 8.676 7.502 6.778
0.371099025 0.371 0.3652183961 3290.78872 4.879 7.496 6.884 6.645 8.569 7.407 6.685
0.4000000358 0.4 0.3887341053 3338.105052 4.858 7.313 6.698 6.462 8.359 7.218 6.5
0.4500000179 0.45 0.4367698432 3433.207084 4.808 6.97 6.346 6.116 7.967 6.864 6.151
0.5 0.5 0.4882616842 3552.221185 4.757 6.619 5.985 5.762 7.562 6.499 5.792
0.5491492152 0.549 0.5390792864 3706.807218 4.711 6.268 5.621 5.41 7.148 6.133 5.433
0.5500000119 0.55 0.5401975931 3709.368674 4.71 6.262 5.615 5.404 7.141 6.127 5.428
0.6000000238 0.6 0.5863442152 3912.911271 4.677 5.915 5.25 5.065 6.728 5.764 5.082
0.6499999762 0.65 0.6236668276 4169.653822 4.658 5.568 4.898 4.753 6.322 5.412 4.764
0.7000000477 0.7 0.655771661 4453.485063 4.647 5.248 4.613 4.505 5.938 5.105 4.512
0.7143173814 0.714 0.6639764023 4539.416167 4.645 5.162 4.55 4.449 5.83 5.028 4.455
0.75 0.75 0.6838370781 4754.446885 4.64 4.957 4.41 4.321 5.567 4.848 4.326
0.8000000119 0.8 0.725692517 4991.142852 4.616 4.685 4.203 4.125 5.238 4.599 4.129
0.8466142416 0.846 0.7676312472 5205.950088 4.592 4.446 4.018 3.948 4.949 4.378 3.951
0.8500000238 0.85 0.7709969231 5221.55672 4.59 4.429 4.004 3.935 4.929 4.362 3.938
0.8589127064 0.858 0.779745083 5261.384003 4.585 4.384 3.969 3.901 4.876 4.321 3.904
0.8999999762 0.899 0.8202620987 5440.013782 4.561 4.183 3.807 3.745 4.638 4.132 3.748
0.9284406304 0.928 0.8526143638 5555.203848 4.541 4.049 3.695 3.638 4.481 4.004 3.641
0.9499999881 0.949 0.8773091216 5642.869413 4.526 3.95 3.612 3.558 4.366 3.909 3.561
0.9630833268 0.963 0.8938253031 5691.149576 4.516 3.888 3.559 3.507 4.296 3.85 3.509
0.9929500222 0.993 0.933152545 5802.2976 4.492 3.75 3.439 3.392 4.139 3.718 3.394
1 1 0.9433061043 5827.737748 4.487 3.718 3.412 3.365 4.103 3.687 3.367
1.019366622 1.019 0.9712983363 5893.862502 4.469 3.629 3.333 3.289 4.003 3.601 3.291
1.048980713 1.048 1.016137888 5992.389026 4.442 3.494 3.215 3.174 3.853 3.47 3.176
1.049999952 1.049 1.018245841 5996.529852 4.441 3.489 3.21 3.17 3.848 3.466 3.172
1.075362921 1.075 1.060846737 6074.352629 4.415 3.373 3.106 3.067 3.72 3.352 3.069
1.100000024 1.099 1.104721089 6147.520703 4.39 3.26 3.003 2.967 3.596 3.242 2.969
1.121340275 1.12 1.143806723 6207.260903 4.368 3.162 2.914 2.88 3.491 3.147 2.881
1.143927097 1.143 1.188372641 6267.581645 4.343 3.059 2.82 2.787 3.38 3.046 2.788
1.149999976 1.149 1.201579872 6283.47657 4.336 3.032 2.795 2.762 3.35 3.019 2.763
1.176226854 1.175 1.255893015 6347.460398 4.307 2.914 2.685 2.654 3.223 2.903 2.656
1.200000048 1.199 1.309039179 6398.821568 4.28 2.808 2.587 2.556 3.111 2.799 2.558
1.25 1.249 1.428738161 6472.91643 4.222 2.595 2.384 2.355 2.888 2.588 2.357
1.272047758 1.272 1.487142704 6492.321231 4.195 2.502 2.295 2.266 2.793 2.496 2.267
1.299999952 1.3 1.566219565 6507.287578 4.16 2.385 2.18 2.151 2.674 2.38 2.153
1.304184198 1.304 1.578165862 6508.786108 4.154 2.367 2.163 2.134 2.656 2.362 2.135
1.337361336 1.337 1.684428748 6510.284984 4.108 2.225 2.021 1.992 2.513 2.22 1.993
1.349999905 1.35 1.730026059 6505.789392 4.09 2.17 1.965 1.936 2.459 2.164 1.938
1.364077687 1.364 1.780953764 6501.296903 4.069 2.106 1.902 1.872 2.396 2.101 1.874
1.398028016 1.398 1.920227322 6477.389307 4.014 1.951 1.744 1.714 2.243 1.945 1.715
1.399999976 1.4 1.92775858 6475.898005 4.011 1.942 1.734 1.704 2.234 1.936 1.706
1.414178491 1.414 1.993208107 6461.003853 3.987 1.875 1.666 1.635 2.169 1.868 1.637
1.449580193 1.449 2.172964568 6409.143566 3.923 1.704 1.489 1.457 2.005 1.697 1.459
1.450000048 1.45 2.173965486 6407.667976 3.922 1.702 1.487 1.455 2.003 1.694 1.457
1.458084106 1.458 2.221020898 6387.045353 3.906 1.663 1.445 1.413 1.967 1.655 1.414
1.475189805 1.475 2.328909674 6331.403617 3.87 1.579 1.354 1.32 1.89 1.569 1.321
1.492277145 1.492 2.444852398 6269.024975 3.833 1.494 1.261 1.225 1.814 1.482 1.227
1.5 1.5 2.500072741 6238.784723 3.816 1.456 1.218 1.182 1.78 1.443 1.183
1.509558201 1.509 2.57189151 6197.264039 3.794 1.407 1.164 1.126 1.737 1.393 1.128
1.5251472 1.525 2.706154856 6136.206975 3.754 1.319 1.066 1.027 1.657 1.302 1.029
1.529968023 1.53 2.751393107 6120.684589 3.741 1.289 1.034 0.995 1.63 1.272 0.997
1.536281943 1.536 2.831735236 6212.980635 3.717 1.193 0.953 0.915 1.521 1.179 0.917
1.537626505 1.537 2.868485407 6287.818541 3.707 1.141 0.912 0.876 1.457 1.13 0.877
1.538111091 1.538 2.901700903 6367.955209 3.696 1.087 0.87 0.836 1.393 1.079 0.837
1.538332581 1.538 2.945456714 6441.692655 3.684 1.033 0.826 0.794 1.329 1.027 0.795
1.538434029 1.538 2.965190806 6483.357951 3.678 1.004 0.803 0.771 1.295 1 0.773
1.538501024 1.538 2.916437305 6432.799273 3.693 1.057 0.848 0.815 1.354 1.05 0.817
1.538572431 1.538 2.91174035 6360.628048 3.694 1.084 0.866 0.832 1.391 1.076 0.833
1.53874898 1.538 3.039853435 6214.411392 3.656 1.038 0.799 0.761 1.365 1.025 0.763
1.539052248 1.539 3.197073678 6070.158063 3.613 0.98 0.719 0.677 1.328 0.961 0.679
1.539554238 1.539 3.31934692 5926.523352 3.58 0.951 0.665 0.62 1.322 0.925 0.622
1.540146112 1.54 3.388072108 5802.2976 3.563 0.954 0.647 0.598 1.346 0.923 0.6
1.54073596 1.54 3.422572408 5693.771051 3.555 0.979 0.652 0.6 1.39 0.943 0.602
1.5413239 1.541 3.432042402 5588.561056 3.552 1.017 0.67 0.614 1.447 0.975 0.616
1.541909933 1.541 3.440746247 5482.769649 3.55 1.06 0.69 0.63 1.512 1.011 0.632
1.542493939 1.542 3.473382764 5378.980873 3.542 1.09 0.698 0.635 1.563 1.034 0.637
1.543192267 1.543 3.590481099 5266.232149 3.513 1.074 0.657 0.589 1.572 1.011 0.592
1.544003606 1.544 3.834004735 5158.221651 3.456 0.988 0.545 0.474 1.511 0.916 0.476
1.544234753 1.544 3.916991642 5129.794883 3.438 0.957 0.507 0.434 1.486 0.883 0.437
1.544577122 1.544 4.084629267 5099.175976 3.402 0.884 0.426 0.353 1.421 0.807 0.355
1.545146465 1.545 4.390890885 5055.917748 3.339 0.75 0.282 0.206 1.297 0.67 0.209
1.54558599 1.545 4.656425349 5026.897154 3.289 0.639 0.165 0.088 1.194 0.557 0.09
1.546007037 1.546 4.927795139 5000.34535 3.239 0.53 0.048 -0.03 1.091 0.445 -0.027
1.546413422 1.546 5.212578938 4975.079214 3.19 0.422 -0.066 -0.145 0.989 0.335 -0.143
1.546815872 1.546 5.517630896 4951.080641 3.142 0.313 -0.18 -0.261 0.887 0.225 -0.258
1.547214746 1.547 5.831128941 4928.332492 3.093 0.205 -0.294 -0.376 0.785 0.115 -0.373
1.547606707 1.547 6.165277725 4904.559414 3.045 0.099 -0.406 -0.49 0.685 0.007 -0.487
1.548093915 1.548 6.598612795 4876.407606 2.986 -0.032 -0.545 -0.63 0.562 -0.127 -0.627
1.548650503 1.548 7.124471358 4843.953885 2.92 -0.18 -0.701 -0.788 0.423 -0.278 -0.785
1.549053073 1.549 7.532734229 4820.58783 2.871 -0.287 -0.815 -0.903 0.322 -0.387 -0.9
1.549535513 1.549 8.069611836 4790.7113 2.812 -0.417 -0.952 -1.042 0.201 -0.519 -1.039
1.549947381 1.549 8.559583735 4765.407017 2.761 -0.529 -1.071 -1.163 0.096 -0.634 -1.16
1.549999952 1.549 8.620900743 4762.116327 2.754 -0.543 -1.087 -1.178 0.083 -0.649 -1.176
1.550038338 1.549 8.66867348 4759.923797 2.75 -0.553 -1.097 -1.189 0.073 -0.659 -1.187
1.550547123 1.55 9.320788316 4727.156712 2.686 -0.691 -1.244 -1.338 -0.055 -0.8 -1.335
1.550907731 1.55 9.841303941 4702.188121 2.64 -0.792 -1.352 -1.448 -0.149 -0.904 -1.445
1.551297784 1.551 10.46532319 4674.121529 2.587 -0.907 -1.475 -1.573 -0.256 -1.022 -1.57
1.551668763 1.551 11.10331459 4646.222461 2.535 -1.017 -1.593 -1.693 -0.358 -1.135 -1.69
1.552051067 1.551 11.79376975 4618.489919 2.483 -1.13 -1.714 -1.816 -0.462 -1.251 -1.813
1.552386761 1.552 12.40373973 4595.153252 2.439 -1.224 -1.815 -1.918 -0.549 -1.348 -1.915
1.552766323 1.552 12.97336524 4574.04044 2.401 -1.307 -1.903 -2.008 -0.626 -1.432 -2.005
1.553351879 1.553 13.5847811 4553.024633 2.36 -1.395 -1.997 -2.104 -0.707 -1.522 -2.101
1.553554893 1.553 13.34297416 4562.469771 2.376 -1.362 -1.961 -2.068 -0.677 -1.489 -2.065
1.553876638 1.553 12.76593547 4584.584692 2.414 -1.28 -1.874 -1.978 -0.602 -1.405 -1.975
1.554046392 1.553 12.21947775 4605.746174 2.452 -1.2 -1.787 -1.89 -0.528 -1.322 -1.887
1.554186702 1.554 11.62659769 4630.202659 2.495 -1.108 -1.689 -1.79 -0.443 -1.228 -1.787
1.55431509 1.554 11.06757936 4653.717326 2.538 -1.016 -1.59 -1.689 -0.359 -1.133 -1.686
1.554453254 1.554 10.4846188 4680.583529 2.586 -0.916 -1.482 -1.579 -0.266 -1.03 -1.576
1.554631233 1.554 9.823192275 4711.942694 2.643 -0.794 -1.351 -1.446 -0.153 -0.905 -1.443
1.554796338 1.554 9.340124061 4735.872481 2.686 -0.701 -1.252 -1.345 -0.068 -0.81 -1.342
1.554885149 1.554 9.133824125 4747.882909 2.705 -0.66 -1.207 -1.3 -0.029 -0.767 -1.297
1.555032253 1.554 9.305777081 4739.145036 2.689 -0.695 -1.245 -1.338 -0.062 -0.803 -1.335
1.555474877 1.555 9.987404621 4705.4374 2.629 -0.825 -1.384 -1.48 -0.183 -0.937 -1.477
1.555983901 1.555 10.62068785 4677.351413 2.575 -0.942 -1.509 -1.607 -0.292 -1.057 -1.604
1.556497932 1.556 11.29932876 4648.362619 2.521 -1.057 -1.633 -1.732 -0.398 -1.175 -1.729
1.557026506 1.556 12.0407252 4618.489919 2.466 -1.176 -1.76 -1.862 -0.508 -1.297 -1.859
1.557517886 1.557 12.79536399 4589.86593 2.413 -1.289 -1.881 -1.985 -0.613 -1.413 -1.982
1.558021426 1.557 13.63492159 4560.36916 2.358 -1.408 -2.008 -2.115 -0.723 -1.535 -2.112
1.558482885 1.558 14.49614902 4531.06195 2.305 -1.521 -2.129 -2.238 -0.826 -1.651 -2.235
1.55893755 1.558 15.42952814 4501.943083 2.251 -1.636 -2.252 -2.364 -0.932 -1.769 -2.361
1.559361935 1.558 16.40410894 4473.011348 2.198 -1.749 -2.374 -2.489 -1.036 -1.886 -2.486
1.559766531 1.559 17.44828092 4443.242331 2.145 -1.863 -2.497 -2.614 -1.14 -2.003 -2.611
1.560151458 1.559 18.58885522 4412.655266 2.09 -1.977 -2.62 -2.74 -1.245 -2.121 -2.737
1.560498357 1.56 19.71753611 4384.29734 2.038 -2.087 -2.738 -2.861 -1.345 -2.234 -2.858
1.560836911 1.56 20.98227839 4354.116049 1.984 -2.199 -2.859 -2.986 -1.447 -2.35 -2.982
1.56114912 1.56 22.31786493 4325.13831 1.931 -2.309 -2.972 -3.105 -1.546 -2.461 -3.101
1.561439753 1.56 23.69477804 4295.364268 1.879 -2.417 -3.084 -3.223 -1.643 -2.571 -3.219
1.561712265 1.561 25.17402417 4266.777537 1.826 -2.524 -3.196 -3.34 -1.74 -2.68 -3.337
1.561965108 1.561 26.75793811 4237.405247 1.774 -2.631 -3.307 -3.457 -1.835 -2.788 -3.453
1.562203169 1.561 28.40878401 4208.235154 1.721 -2.737 -3.418 -3.575 -1.931 -2.897 -3.57
1.56242156 1.561 30.16147977 4179.265867 1.67 -2.842 -3.527 -3.69 -2.024 -3.003 -3.685
1.562629223 1.561 32.02230907 4150.496003 1.617 -2.948 -3.637 -3.806 -2.118 -3.111 -3.802
1.562817693 1.561 33.95882421 4121.92419 1.567 -3.05 -3.744 -3.92 -2.209 -3.215 -3.914
1.562997818 1.561 36.05393279 4093.549063 1.515 -3.153 -3.853 -4.035 -2.3 -3.321 -4.03
1.563167214 1.561 38.29593213 4064.433292 1.463 -3.259 -3.966 -4.154 -2.394 -3.43 -4.148
1.563318491 1.561 40.56510877 4036.45393 1.413 -3.36 -4.076 -4.268 -2.484 -3.536 -4.263
1.563464999 1.562 43.03805585 4007.744253 1.362 -3.465 -4.189 -4.386 -2.577 -3.644 -4.381
1.563599944 1.562 45.58822099 3980.155135 1.311 -3.567 -4.299 -4.502 -2.667 -3.75 -4.496
1.563724637 1.562 48.27837512 3950.936048 1.261 -3.668 -4.409 -4.616 -2.756 -3.855 -4.611
1.563844323 1.561 51.16260452 3922.834625 1.211 -3.77 -4.52 -4.733 -2.846 -3.962 -4.727
1.563954592 1.561 54.15675634 3894.933077 1.161 -3.87 -4.628 -4.846 -2.934 -4.066 -4.84
1.564056635 1.561 57.35253846 3866.339621 1.112 -3.969 -4.735 -4.958 -3.019 -4.169 -4.952
1.564153075 1.561 60.63908575 3838.839899 1.063 -4.067 -4.842 -5.07 -3.105 -4.271 -5.064
1.564244509 1.561 64.21738917 3810.658234 1.014 -4.166 -4.949 -5.183 -3.19 -4.374 -5.177
1.56434536 1.561 68.65191322 3775.721909 0.955 -4.283 -5.076 -5.316 -3.288 -4.496 -5.31
1.564441085 1.561 73.51105318 3740.24456 0.896 -4.402 -5.204 -5.451 -3.388 -4.62 -5.445
1.564530492 1.561 78.71412006 3705.100563 0.836 -4.521 -5.331 -5.586 -3.485 -4.743 -5.579
1.564613581 1.56 84.28545679 3670.286785 0.778 -4.639 -5.457 -5.719 -3.58 -4.865 -5.712
1.564690471 1.56 90.04355746 3635.800123 0.719 -4.755 -5.582 -5.851 -3.672 -4.986 -5.844
1.564762354 1.56 96.23934196 3600.808292 0.661 -4.87 -5.706 -5.982 -3.759 -5.105 -5.975
1.564828038 1.559 102.6957911 3566.974462 0.605 -4.982 -5.826 -6.11 -3.841 -5.221 -6.102
1.564891219 1.559 109.812719 3531.831698 0.547 -5.097 -5.948 -6.239 -3.92 -5.339 -6.231
1.564949751 1.558 117.1527924 3497.035169 0.491 -5.208 -6.066 -6.365 -3.991 -5.454 -6.357
1.56500566 1.558 124.8396794 3462.581465 0.435 -5.318 -6.183 -6.49 -4.06 -5.567 -6.482
1.565052628 1.557 131.4173316 3435.579479 0.39 -5.408 -6.277 -6.591 -4.106 -5.658 -6.582
1.565052628 1.557 10.69184477 4789.608325 2.57 -1.027 -1.561 -1.652 -4.106 -5.658 -6.582
1.565681696 1.558 10.94340935 4775.292737 2.55 -1.07 -1.607 -1.699 -0.446 -1.173 -1.697
1.566375971 1.558 11.03449964 4771.99522 2.542 -1.087 -1.625 -1.717 -0.462 -1.19 -1.715
1.567081451 1.559 11.02434117 4774.193311 2.543 -1.086 -1.624 -1.716 -0.462 -1.189 -1.713
1.567782283 1.56 10.99645357 4777.492347 2.546 -1.083 -1.619 -1.711 -0.459 -1.186 -1.708
1.568426132 1.561 10.9812719 4780.793661 2.548 -1.08 -1.615 -1.707 -0.458 -1.182 -1.704
1.56911838 1.561 10.95349325 4784.097258 2.55 -1.077 -1.612 -1.703 -0.456 -1.179 -1.701
1.569838881 1.562 10.92578487 4787.403137 2.552 -1.075 -1.608 -1.7 -0.454 -1.177 -1.697
1.570535541 1.563 10.91070076 4790.7113 2.554 -1.072 -1.606 -1.697 -0.453 -1.174 -1.694
1.571224332 1.564 10.88310063 4794.021749 2.555 -1.071 -1.603 -1.694 -0.452 -1.172 -1.691
1.571954846 1.564 10.87308154 4796.229986 2.557 -1.07 -1.601 -1.692 -0.452 -1.171 -1.689
1.572651744 1.565 10.86307167 4798.439241 2.558 -1.069 -1.6 -1.691 -0.452 -1.17 -1.688
1.573320866 1.566 10.86557327 4800.649512 2.558 -1.069 -1.599 -1.69 -0.453 -1.17 -1.687
1.573993206 1.567 10.85557032 4802.860802 2.559 -1.07 -1.599 -1.69 -0.454 -1.17 -1.687
1.574728966 1.567 10.85807019 4805.073111 2.56 -1.07 -1.599 -1.69 -0.455 -1.171 -1.687
1.574884772 1.568 10.85307102 4806.179647 2.56 -1.07 -1.599 -1.69 -0.455 -1.171 -1.687
1.574971914 1.568 10.85307102 4806.179647 2.56 -1.071 -1.599 -1.69 -0.455 -1.171 -1.687
1.575666904 1.568 10.84807414 4807.286438 2.56 -1.072 -1.6 -1.69 -0.457 -1.172 -1.688
1.576346159 1.569 10.85057229 4809.500785 2.56 -1.073 -1.601 -1.691 -0.459 -1.173 -1.689
1.577051878 1.57 10.85807019 4810.608341 2.559 -1.075 -1.603 -1.693 -0.461 -1.175 -1.69
1.577758193 1.571 10.86557327 4811.716153 2.559 -1.078 -1.605 -1.695 -0.464 -1.178 -1.693
1.578451514 1.571 10.89062101 4811.716153 2.558 -1.081 -1.608 -1.698 -0.467 -1.181 -1.696
1.579144239 1.572 10.90316652 4811.716153 2.557 -1.085 -1.612 -1.702 -0.471 -1.184 -1.699
1.579850078 1.573 10.92830091 4811.716153 2.555 -1.09 -1.617 -1.707 -0.476 -1.189 -1.704
1.580023766 1.573 10.92830091 4811.716153 2.555 -1.091 -1.618 -1.708 -0.477 -1.19 -1.705
1.580164432 1.573 10.94088983 4811.716153 2.554 -1.092 -1.619 -1.709 -0.478 -1.191 -1.706
1.580893755 1.574 10.97116243 4810.608341 2.552 -1.098 -1.625 -1.715 -0.484 -1.198 -1.713
1.581589699 1.575 11.01419205 4809.500785 2.549 -1.105 -1.633 -1.723 -0.491 -1.205 -1.72
1.58228445 1.575 11.05739044 4808.393484 2.545 -1.113 -1.642 -1.732 -0.499 -1.213 -1.729
1.582982421 1.576 11.1237865 4805.073111 2.541 -1.123 -1.652 -1.743 -0.508 -1.224 -1.74
1.583675981 1.577 11.19058125 4801.75503 2.535 -1.135 -1.665 -1.755 -0.518 -1.235 -1.753
1.584381103 1.578 11.27074554 4798.439241 2.53 -1.148 -1.679 -1.769 -0.53 -1.249 -1.767
1.585079193 1.578 11.36194401 4792.918012 2.522 -1.163 -1.695 -1.786 -0.544 -1.264 -1.784
1.585779309 1.579 11.46179522 4788.505604 2.516 -1.178 -1.711 -1.802 -0.557 -1.279 -1.8
1.586514115 1.58 11.58651011 4781.894607 2.506 -1.199 -1.734 -1.826 -0.576 -1.301 -1.823
1.587223768 1.581 11.90289616 4764.309868 2.483 -1.245 -1.785 -1.878 -0.618 -1.349 -1.875
1.587936044 1.581 12.53581704 4731.51259 2.438 -1.338 -1.887 -1.982 -0.702 -1.445 -1.979
1.588329315 1.582 13.26638647 4695.696293 2.389 -1.439 -1.997 -2.095 -0.792 -1.55 -2.092
1.58853662 1.582 14.05570536 4660.151117 2.339 -1.543 -2.11 -2.211 -0.886 -1.657 -2.208
1.58863771 1.582 14.83039249 4629.136638 2.292 -1.639 -2.215 -2.318 -0.972 -1.756 -2.315
1.588689208 1.582 15.58664503 4599.387494 2.249 -1.728 -2.313 -2.418 -1.053 -1.849 -2.415
1.588720322 1.582 16.47223938 4567.725533 2.201 -1.827 -2.42 -2.528 -1.142 -1.951 -2.525
1.588739991 1.582 17.43623224 4535.237135 2.151 -1.929 -2.532 -2.642 -1.234 -2.057 -2.64
1.588752866 1.582 18.40571296 4504.016782 2.105 -2.024 -2.636 -2.749 -1.319 -2.155 -2.746
1.588752985 1.582 18.42691552 4504.016782 2.104 -2.026 -2.638 -2.751 -1.321 -2.157 -2.748
1.588754296 1.582 18.54610204 4499.870339 2.098 -2.037 -2.65 -2.764 -1.331 -2.169 -2.761
1.588765025 1.582 19.67671725 4467.864567 2.047 -2.144 -2.767 -2.883 -1.427 -2.279 -2.88
1.588775873 1.582 20.91956477 4434.044016 1.994 -2.252 -2.884 -3.004 -1.525 -2.392 -3.001
1.58879149 1.582 21.96608424 4407.577932 1.951 -2.338 -2.975 -3.099 -1.602 -2.479 -3.096
1.588819146 1.582 21.42656955 4421.809211 1.973 -2.295 -2.929 -3.051 -1.563 -2.435 -3.048
1.588870525 1.582 20.010256 4458.615279 2.032 -2.175 -2.8 -2.917 -1.456 -2.311 -2.914
1.589395642 1.583 19.76298972 4465.807513 2.043 -2.152 -2.775 -2.892 -1.435 -2.288 -2.889
1.589743018 1.583 21.00161268 4433.023158 1.991 -2.259 -2.892 -3.012 -1.531 -2.399 -3.009
1.590013146 1.583 22.33842991 4398.453449 1.936 -2.369 -3.007 -3.133 -1.629 -2.51 -3.13
1.59023118 1.583 23.7767584 4365.158322 1.883 -2.477 -3.12 -3.252 -1.726 -2.621 -3.249
1.590415239 1.583 25.27857829 4332.115231 1.829 -2.585 -3.234 -3.372 -1.822 -2.731 -3.368
1.590575099 1.583 26.91861089 4298.332425 1.774 -2.694 -3.348 -3.492 -1.918 -2.842 -3.488
1.590713859 1.583 28.66504612 4264.813065 1.72 -2.802 -3.461 -3.612 -2.014 -2.952 -3.608
1.590835333 1.582 30.47562667 4232.529561 1.666 -2.909 -3.574 -3.731 -2.109 -3.062 -3.727
1.590943813 1.582 32.43789359 4200.490434 1.613 -3.016 -3.686 -3.85 -2.203 -3.171 -3.846
1.591042519 1.582 34.48677986 4168.693835 1.559 -3.122 -3.798 -3.969 -2.297 -3.279 -3.964
1.591133595 1.581 36.68196945 4136.185426 1.505 -3.227 -3.91 -4.088 -2.389 -3.387 -4.082
1.591198921 1.581 38.72154209 4098.26465 1.459 -3.312 -4.006 -4.19 -2.459 -3.477 -4.184
1.591279149 1.581 41.56737934 4047.622487 1.397 -3.425 -4.135 -4.327 -2.552 -3.598 -4.321
1.591351748 1.58 44.21327086 4016.058219 1.343 -3.532 -4.252 -4.449 -2.647 -3.709 -4.443
1.591423869 1.579 47.0059295 3985.657723 1.29 -3.639 -4.368 -4.571 -2.741 -3.821 -4.565
1.591496348 1.578 50.04407253 3952.75594 1.235 -3.748 -4.487 -4.695 -2.836 -3.934 -4.689
1.591567039 1.577 53.3645246 3919.223225 1.178 -3.86 -4.609 -4.823 -2.934 -4.052 -4.817
1.591628909 1.576 57.24698843 3883.29157 1.118 -3.98 -4.74 -4.961 -3.038 -4.177 -4.955
1.591671228 1.575 61.44020341 3846.803478 1.056 -4.102 -4.873 -5.101 -3.143 -4.304 -5.094
1.591699243 1.575 65.54697366 3813.291453 0.999 -4.215 -4.996 -5.23 -3.24 -4.422 -5.224
1.591723442 1.574 70.073312 3778.330987 0.941 -4.329 -5.12 -5.361 -3.335 -4.541 -5.354
1.591745377 1.573 74.89496891 3741.967403 0.883 -4.443 -5.243 -5.491 -3.429 -4.66 -5.485
1.591765761 1.572 79.91947915 3706.807218 0.827 -4.554 -5.363 -5.618 -3.519 -4.776 -5.612
1.591785788 1.571 85.45798429 3670.286785 0.768 -4.671 -5.489 -5.751 -3.611 -4.897 -5.744
1.591804028 1.57 90.87672023 3635.800123 0.714 -4.775 -5.602 -5.871 -3.692 -5.006 -5.864
1.591826916 1.568 97.42101383 3597.493352 0.654 -4.892 -5.728 -6.005 -3.778 -5.128 -5.998
1.591850638 1.565 103.8610347 3561.229809 0.597 -5.002 -5.847 -6.131 -3.856 -5.241 -6.124
1.591875672 1.562 110.1419205 3528.580258 0.545 -5.101 -5.953 -6.245 -3.921 -5.344 -6.237
1.591881037 1.561 103.2411052 3563.69067 0.601 -4.99 -5.835 -6.119 -3.847 -5.23 -6.111
1.591881156 1.562 101.7542704 3571.083458 0.614 -4.966 -5.808 -6.091 -3.828 -5.204 -6.083
1.591881275 1.561 102.4124238 3567.795883 0.608 -4.977 -5.82 -6.104 -3.837 -5.216 -6.096
1.591881394 1.561 103.7415291 3561.229809 0.597 -4.999 -5.844 -6.129 -3.853 -5.239 -6.121
1.591881871 1.561 104.4125362 3557.951306 0.591 -5.01 -5.856 -6.141 -3.861 -5.25 -6.134
1.591882706 1.561 103.5267653 3562.870194 0.599 -4.995 -5.84 -6.124 -3.851 -5.234 -6.116
1.591883421 1.561 101.9888383 3571.083458 0.612 -4.971 -5.813 -6.096 -3.833 -5.209 -6.088
1.591884494 1.561 101.9888383 3571.083458 0.612 -4.97 -5.813 -6.095 -3.833 -5.208 -6.088
1.591885686 1.561 106.9430694 3544.051303 0.57 -5.051 -5.9 -6.188 -3.889 -5.292 -6.181
1.591887116 1.561 113.7765196 3509.942485 0.517 -5.156 -6.012 -6.308 -3.954 -5.4 -6.3
1.591889024 1.56 121.9979814 3470.56354 0.456 -5.274 -6.138 -6.442 -4.026 -5.522 -6.434
1.591891408 1.56 132.2673477 3424.522311 0.386 -5.412 -6.283 -6.599 -4.093 -5.663 -6.591
1.591894627 1.559 143.1702044 3379.870029 0.317 -5.546 -6.424 -6.751 -4.151 -5.8 -6.742
1.59190011 1.558 153.3037029 3340.41173 0.256 -5.664 -6.547 -6.885 -4.178 -5.918 -6.875
1.591900349 1.558 153.3037029 3340.41173 0.256 -5.664 -6.547 -6.885 -4.178 -5.918 -6.875
1.591900706 1.557 98.2998024 3587.56683 0.643 -4.904 -5.743 -6.022 -3.781 -5.141 -6.015
1.591900826 1.557 86.16931585 3663.53209 0.758 -4.681 -5.501 -5.765 -3.617 -4.908 -5.758
1.59190166 1.557 60.4021844 3875.252454 1.066 -4.091 -4.852 -5.075 -3.144 -4.288 -5.069
1.591902733 1.557 61.46850419 3863.669771 1.05 -4.119 -4.884 -5.11 -3.167 -4.319 -5.104
1.591904163 1.557 73.68051366 3753.185242 0.893 -4.417 -5.213 -5.459 -3.409 -4.632 -5.453
1.591905952 1.556 96.59455472 3594.181463 0.657 -4.872 -5.71 -5.987 -3.755 -5.108 -5.98
1.591908217 1.555 123.0417912 3457.801035 0.447 -5.282 -6.149 -6.457 -4.015 -5.532 -6.448
1.59191072 1.555 144.6613937 3368.216508 0.306 -5.56 -6.439 -6.77 -4.138 -5.814 -6.76
1.5919137 1.554 157.6712987 3320.473358 0.231 -5.707 -6.592 -6.936 -4.177 -5.961 -6.926
1.591917157 1.553 164.1544441 3297.61538 0.196 -5.773 -6.661 -7.012 -4.179 -6.028 -7.001
1.591920972 1.552 167.82345 3283.976193 0.177 -5.809 -6.699 -7.054 -4.171 -6.064 -7.043
1.591921091 1.552 122.2510632 3453.027205 0.452 -5.263 -6.131 -6.439 -3.99 -5.513 -6.431
1.591921568 1.552 95.44488188 3590.872624 0.666 -4.843 -5.682 -5.96 -3.723 -5.08 -5.952
1.591922402 1.551 66.95031811 3799.268615 0.975 -4.247 -5.032 -5.269 -3.265 -4.456 -5.263
1.591923475 1.551 68.0225087 3788.785337 0.96 -4.275 -5.063 -5.301 -3.287 -4.486 -5.295
1.591925144 1.551 81.19936722 3683.83356 0.807 -4.57 -5.386 -5.645 -3.52 -4.795 -5.638
1.591927051 1.55 105.9382135 3530.205604 0.575 -5.019 -5.872 -6.162 -3.841 -5.262 -6.154
1.591929436 1.549 134.2309441 3399.382231 0.37 -5.423 -6.299 -6.621 -4.064 -5.676 -6.612
1.591932297 1.548 157.0914849 3315.125698 0.233 -5.693 -6.579 -6.924 -4.149 -5.948 -6.914
1.591935515 1.547 170.3149004 3271.14654 0.162 -5.831 -6.723 -7.081 -4.152 -6.086 -7.07
1.591939211 1.546 176.5845264 3251.621601 0.131 -5.891 -6.786 -7.149 -4.149 -6.146 -7.138
1.591943383 1.545 179.7846649 3241.156488 0.115 -5.92 -6.816 -7.183 -4.145 -6.175 -7.172
1.591943502 1.545 132.3892265 3403.298168 0.38 -5.397 -6.273 -6.593 -4.044 -5.65 -6.584
1.591943979 1.545 103.5983038 3539.158396 0.594 -4.976 -5.828 -6.116 -3.809 -5.219 -6.108
1.591944933 1.545 72.55254393 3745.41547 0.902 -4.378 -5.178 -5.425 -3.367 -4.595 -5.418
1.591946125 1.544 73.76539033 3735.940923 0.888 -4.405 -5.208 -5.457 -3.388 -4.624 -5.45
1.591947913 1.544 87.81175254 3633.289469 0.737 -4.697 -5.526 -5.795 -3.612 -4.929 -5.787
1.59194994 1.543 114.065063 3483.37315 0.509 -5.139 -6.002 -6.303 -3.907 -5.387 -6.295
1.591952562 1.542 143.8972999 3355.83037 0.307 -5.538 -6.42 -6.752 -4.088 -5.792 -6.743
1.591955662 1.541 167.6689501 3274.160765 0.174 -5.8 -6.692 -7.049 -4.129 -6.055 -7.038
1.591959238 1.54 181.4899767 3231.469044 0.105 -5.933 -6.831 -7.201 -4.128 -6.188 -7.189
1.591963172 1.538 187.7814312 3213.660539 0.075 -5.99 -6.89 -7.264 -4.127 -6.243 -7.251
1.591967702 1.537 190.7886983 3204.793123 0.061 -6.016 -6.917 -7.293 -4.124 -6.269 -7.28
1.591967821 1.536 142.7751565 3357.376142 0.313 -5.521 -6.403 -6.736 -4.076 -5.776 -6.726
1.591968417 1.536 111.7513157 3493.011376 0.526 -5.102 -5.962 -6.261 -3.88 -5.349 -6.253
1.591969371 1.536 78.24428834 3699.133457 0.835 -4.501 -5.314 -5.569 -3.462 -4.725 -5.563
1.591970682 1.535 79.46074725 3689.775986 0.821 -4.529 -5.344 -5.601 -3.483 -4.753 -5.594
1.59197259 1.535 94.37406129 3588.392993 0.671 -4.816 -5.656 -5.934 -3.694 -5.053 -5.926
1.591974855 1.534 122.0541765 3441.913883 0.448 -5.252 -6.122 -6.433 -3.96 -5.503 -6.424
1.591977715 1.533 153.3743181 3316.652722 0.249 -5.642 -6.529 -6.873 -4.103 -5.898 -6.863
1.591981053 1.531 178.2184429 3236.681757 0.119 -5.897 -6.795 -7.163 -4.106 -6.152 -7.151
1.591984868 1.53 192.5983867 3195.214365 0.051 -6.028 -6.93 -7.308 -4.105 -6.28 -7.295
1.591989279 1.528 198.816601 3177.605657 0.022 -6.082 -6.986 -7.37 -4.099 -6.333 -7.356
1.591994166 1.526 201.9075899 3169.567463 0.009 -6.107 -7.013 -7.399 -4.093 -6.358 -7.384
1.591994286 1.526 153.6571044 3313.599378 0.245 -5.645 -6.533 -6.878 -4.099 -5.901 -6.867
1.591994882 1.526 120.5459558 3447.466066 0.457 -5.228 -6.098 -6.407 -3.946 -5.479 -6.398
1.591995835 1.525 84.30486647 3655.1062 0.767 -4.627 -5.45 -5.715 -3.557 -4.856 -5.708
1.591997385 1.524 85.65498529 3645.020708 0.752 -4.655 -5.481 -5.747 -3.578 -4.885 -5.74
1.591999292 1.524 101.4968689 3544.867445 0.605 -4.937 -5.788 -6.075 -3.777 -5.179 -6.067
1.592001796 1.522 130.7532959 3400.948065 0.385 -5.366 -6.243 -6.563 -4.01 -5.619 -6.554
1.592004776 1.521 163.4754889 3277.932453 0.191 -5.747 -6.639 -6.994 -4.091 -6.002 -6.983
1.592008233 1.519 189.5189514 3198.89511 0.062 -5.996 -6.898 -7.275 -4.087 -6.249 -7.262
1.592012286 1.517 204.4808514 3158.639048 -0.005 -6.124 -7.031 -7.42 -4.072 -6.374 -7.405
1.592016935 1.515 211.1799316 3140.508694 -0.034 -6.178 -7.087 -7.481 -4.065 -6.427 -7.465
1.592022061 1.513 214.561919 3131.843125 -0.048 -6.204 -7.115 -7.51 -4.06 -6.452 -7.494
1.592022181 1.513 166.5914257 3265.878322 0.171 -5.778 -6.672 -7.031 -4.081 -6.034 -7.02
1.592022777 1.513 130.8737796 3399.382231 0.381 -5.367 -6.244 -6.565 -4.007 -5.62 -6.556
1.59202385 1.512 91.50664757 3606.616789 0.692 -4.764 -5.599 -5.873 -3.657 -4.998 -5.866
1.59202528 1.511 93.12207505 3595.837026 0.677 -4.792 -5.63 -5.906 -3.677 -5.028 -5.899
1.592027307 1.51 109.9139068 3497.840484 0.532 -5.071 -5.931 -6.229 -3.855 -5.318 -6.221
1.59202981 1.509 140.8810711 3356.603167 0.316 -5.491 -6.373 -6.706 -4.042 -5.746 -6.696
1.592032909 1.507 175.3285515 3235.191553 0.125 -5.861 -6.759 -7.127 -4.067 -6.116 -7.115
1.592036486 1.505 202.7928529 3157.184776 -0.001 -6.105 -7.012 -7.401 -4.049 -6.355 -7.386
1.592040539 1.502 218.6515925 3116.735875 -0.068 -6.231 -7.143 -7.543 -4.033 -6.477 -7.525
1.592045307 1.5 226.1791902 3098.132588 -0.097 -6.286 -7.201 -7.605 -4.022 -6.531 -7.587
1.592050552 1.497 230.1190884 3087.450476 -0.113 -6.314 -7.23 -7.637 -4.016 -6.558 -7.618
1.592050672 1.497 182.6638659 3209.962804 0.087 -5.927 -6.828 -7.202 -4.053 -6.18 -7.188
1.592051268 1.496 143.5332917 3342.720001 0.296 -5.521 -6.405 -6.741 -4.041 -5.776 -6.731
1.592052221 1.496 100.2426744 3550.585703 0.608 -4.914 -5.763 -6.049 -3.76 -5.156 -6.041
1.592053652 1.495 101.8480328 3540.788614 0.594 -4.942 -5.793 -6.081 -3.776 -5.184 -6.073
1.592055559 1.493 119.9368518 3444.292294 0.452 -5.215 -6.084 -6.394 -3.927 -5.465 -6.386
1.592057943 1.491 152.4588519 3307.501121 0.243 -5.621 -6.51 -6.856 -4.057 -5.877 -6.845
1.592060804 1.489 188.3877438 3190.068436 0.058 -5.977 -6.88 -7.259 -4.038 -6.228 -7.245
1.592064261 1.487 216.6968732 3114.583654 -0.064 -6.209 -7.122 -7.522 -4.006 -6.455 -7.504
1.592068195 1.484 232.622996 3076.096815 -0.127 -6.328 -7.245 -7.654 -3.998 -6.57 -7.634
1.592072606 1.481 239.8571366 3059.144559 -0.155 -6.377 -7.296 -7.709 -4.001 -6.616 -7.687
1.592077613 1.477 243.5300987 3050.001128 -0.168 -6.4 -7.321 -7.736 -4 -6.638 -7.713
1.592077732 1.477 197.4024983 3161.549603 0.014 -6.052 -6.959 -7.346 -4.013 -6.302 -7.331
1.592078328 1.477 155.3290352 3293.821045 0.222 -5.651 -6.541 -6.892 -4.045 -5.907 -6.881
1.592079282 1.476 108.306032 3503.482883 0.535 -5.044 -5.902 -6.199 -3.835 -5.29 -6.191
1.592080712 1.474 110.0405227 3493.815764 0.52 -5.071 -5.931 -6.23 -3.85 -5.317 -6.222
1.592082501 1.472 129.078124 3399.382231 0.381 -5.338 -6.215 -6.536 -3.979 -5.591 -6.527
1.592084885 1.47 163.061955 3265.126412 0.178 -5.73 -6.624 -6.983 -4.031 -5.985 -6.971
1.592087746 1.467 200.379203 3150.648833 -0.002 -6.072 -6.981 -7.371 -3.995 -6.321 -7.355
1.592091083 1.464 229.2200721 3077.513736 -0.12 -6.295 -7.213 -7.621 -3.971 -6.537 -7.601
1.592095017 1.46 245.387618 3040.184917 -0.18 -6.407 -7.328 -7.746 -3.979 -6.643 -7.721
1.592099428 1.455 252.3205629 3024.126821 -0.206 -6.452 -7.375 -7.797 -3.979 -6.686 -7.771
1.592104316 1.451 255.654031 3016.476873 -0.219 -6.472 -7.397 -7.82 -3.979 -6.705 -7.793
1.592104435 1.45 211.8617937 3117.453613 -0.056 -6.164 -7.076 -7.475 -3.97 -6.41 -7.457
1.592105031 1.45 166.9370155 3249.376236 0.151 -5.768 -6.664 -7.028 -4.019 -6.023 -7.016
1.592105985 1.448 116.3463183 3460.987255 0.465 -5.162 -6.029 -6.335 -3.901 -5.412 -6.327
1.592107296 1.446 118.264022 3450.642762 0.45 -5.19 -6.058 -6.367 -3.912 -5.44 -6.358
1.592109084 1.444 138.3097018 3356.603167 0.313 -5.453 -6.335 -6.668 -4.005 -5.707 -6.658
1.592111468 1.44 173.9212487 3224.036872 0.113 -5.832 -6.731 -7.102 -4.003 -6.086 -7.089
1.59211421 1.436 212.4969226 3110.99992 -0.062 -6.164 -7.077 -7.478 -3.949 -6.41 -7.46
1.592117548 1.431 242.6345514 3038.085556 -0.179 -6.379 -7.301 -7.719 -3.946 -6.616 -7.694
1.592121363 1.426 259.6884564 2999.853181 -0.239 -6.488 -7.413 -7.839 -3.956 -6.717 -7.811
1.592125654 1.42 267.2714962 2982.634246 -0.266 -6.533 -7.461 -7.89 -3.96 -6.759 -7.859
1.592130542 1.413 271.1768707 2973.03485 -0.281 -6.555 -7.483 -7.914 -3.958 -6.778 -7.883
1.592130661 1.412 229.9601826 3061.963434 -0.138 -6.287 -7.207 -7.618 -3.922 -6.527 -7.596
1.592131138 1.411 181.3646511 3193.743253 0.067 -5.897 -6.8 -7.178 -3.972 -6.149 -7.164
1.592132091 1.41 126.1399472 3407.218617 0.383 -5.294 -6.169 -6.488 -3.947 -5.546 -6.479
1.592133284 1.407 128.2781373 3396.252726 0.368 -5.321 -6.198 -6.52 -3.957 -5.574 -6.511
1.592135072 1.403 149.7451085 3302.934794 0.232 -5.578 -6.466 -6.814 -4 -5.833 -6.804
1.592137217 1.399 187.004753 3172.488087 0.037 -5.943 -6.849 -7.233 -3.946 -6.194 -7.218
1.59213984 1.393 227.3278502 3061.963434 -0.134 -6.262 -7.182 -7.593 -3.898 -6.502 -7.571
1.59214294 1.387 258.3762822 2990.198367 -0.247 -6.468 -7.395 -7.821 -3.915 -6.695 -7.792
1.592146516 1.379 275.9005999 2952.568622 -0.307 -6.57 -7.501 -7.936 -3.924 -6.79 -7.902
1.592150569 1.371 284.2186975 2934.269504 -0.335 -6.613 -7.546 -7.985 -3.929 -6.828 -7.947
1.592155099 1.362 288.6374273 2923.479144 -0.351 -6.634 -7.568 -8.009 -3.926 -6.846 -7.969
1.592155218 1.361 249.7771149 3001.234983 -0.226 -6.406 -7.332 -7.756 -3.881 -6.635 -7.728
1.592155695 1.36 197.4024983 3132.564342 -0.022 -6.023 -6.934 -7.328 -3.885 -6.271 -7.311
1.592156529 1.358 136.7894631 3348.112174 0.296 -5.422 -6.304 -6.64 -3.954 -5.676 -6.63
1.592157722 1.354 139.1722488 3336.568151 0.28 -5.449 -6.333 -6.671 -3.956 -5.704 -6.661
1.592159271 1.349 161.9767366 3244.143079 0.146 -5.697 -6.594 -6.959 -3.932 -5.952 -6.948
1.592161298 1.343 201.3504687 3116.018303 -0.045 -6.051 -6.964 -7.362 -3.856 -6.297 -7.344
1.592163682 1.336 243.4740303 3006.768557 -0.212 -6.357 -7.282 -7.705 -3.846 -6.587 -7.677
1.592166543 1.327 275.7735723 2936.297126 -0.323 -6.551 -7.483 -7.92 -3.874 -6.766 -7.883
1.592169762 1.317 293.9359086 2898.678171 -0.382 -6.646 -7.583 -8.029 -3.885 -6.852 -7.986
1.592173576 1.306 302.5886577 2880.049817 -0.41 -6.685 -7.625 -8.076 -3.882 -6.887 -8.03
1.592177749 1.293 307.0807869 2868.798202 -0.428 -6.702 -7.643 -8.097 -3.877 -6.901 -8.05
1.592177868 1.293 271.1768707 2935.621096 -0.32 -6.515 -7.447 -7.883 -3.837 -6.729 -7.846
1.592178345 1.291 214.4137561 3066.902715 -0.116 -6.14 -7.059 -7.469 -3.79 -6.38 -7.447
1.59217906 1.287 148.3722371 3283.976193 0.203 -5.54 -6.432 -6.785 -3.903 -5.796 -6.775
1.592180252 1.282 150.8525462 3271.899836 0.186 -5.567 -6.461 -6.818 -3.892 -5.823 -6.807
1.592181683 1.275 175.4093119 3179.069336 0.052 -5.811 -6.716 -7.098 -3.836 -6.063 -7.084
1.59218359 1.266 217.3464969 3051.406029 -0.136 -6.154 -7.074 -7.487 -3.763 -6.392 -7.464
1.592185974 1.255 261.8500402 2943.06599 -0.302 -6.447 -7.378 -7.812 -3.787 -6.663 -7.776
1.592188597 1.243 295.973375 2872.10293 -0.412 -6.628 -7.568 -8.019 -3.815 -6.828 -7.971
1.592191815 1.229 315.5387094 2833.348528 -0.473 -6.712 -7.658 -8.119 -3.82 -6.899 -8.065
1.592195272 1.213 325.051852 2812.548369 -0.504 -6.745 -7.695 -8.162 -3.813 -6.927 -8.105
1.592199326 1.196 330.6379083 2798.336905 -0.525 -6.76 -7.712 -8.183 -3.804 -6.937 -8.123
1.592199445 1.195 297.4764875 2854.959817 -0.434 -6.619 -7.559 -8.012 -3.776 -6.812 -7.962
1.592199802 1.192 235.045881 2985.382619 -0.231 -6.259 -7.186 -7.612 -3.701 -6.484 -7.581
1.592200518 1.187 162.0140374 3204.793123 0.09 -5.662 -6.564 -6.938 -3.774 -5.915 -6.925
1.59220159 1.179 164.988109 3192.272818 0.072 -5.689 -6.593 -6.971 -3.758 -5.941 -6.957
1.592203021 1.17 191.8459542 3098.132588 -0.062 -5.928 -6.844 -7.246 -3.671 -6.173 -7.227
1.592204809 1.158 236.6751412 2971.666032 -0.249 -6.258 -7.187 -7.615 -3.668 -6.481 -7.583
1.592206955 1.143 284.3496152 2863.518544 -0.414 -6.534 -7.473 -7.923 -3.71 -6.73 -7.874
1.592209458 1.126 320.7396455 2792.543841 -0.526 -6.693 -7.643 -8.111 -3.734 -6.867 -8.051
1.592212319 1.107 341.7847214 2752.326807 -0.588 -6.755 -7.718 -8.205 -3.717 -6.92 -8.138
1.592215657 1.086 352.9008016 2728.977783 -0.624 -6.771 -7.744 -8.245 -3.689 -6.931 -8.174
1.592219353 1.063 359.2134957 2712.688961 -0.649 -6.77 -7.753 -8.265 -3.653 -6.927 -8.191
1.592241049 0.598 3.335436253e-06 10000 1.425 30.019 30.042 30.052 29.986 30.033 30.051
