# component component_index family logAge MH Zini Mini Mass radius_rsun Teff_K logg Jmag_2mass Hmag_2mass Ksmag_2mass F087mag F146mag F213mag
thin4 3 thin_disk 9.301029996 0 0.01471 0.0900000036 0.09 0.1217734597 2308.341184 5.218 11.173 10.569 10.308 12.973 11.194 10.386
thin4 3 thin_disk 9.301029996 0 0.01471 0.1000000015 0.1 0.1332148515 2450.755579 5.186 10.719 10.117 9.852 12.52 10.74 9.929
thin4 3 thin_disk 9.301029996 0 0.01471 0.1028464139 0.103 0.1362236915 2481.41841 5.179 10.618 10.015 9.75 12.418 10.639 9.827
thin4 3 thin_disk 9.301029996 0 0.01471 0.1200000048 0.12 0.1539404121 2657.05167 5.14 10.074 9.472 9.202 11.805 10.084 9.276
thin4 3 thin_disk 9.301029996 0 0.01471 0.1290093511 0.129 0.1627618602 2715.18859 5.123 9.883 9.281 9.008 11.524 9.879 9.078
thin4 3 thin_disk 9.301029996 0 0.01471 0.1400000006 0.14 0.1734014181 2781.634089 5.104 9.665 9.063 8.791 11.213 9.648 8.857
thin4 3 thin_disk 9.301029996 0 0.01471 0.1599999964 0.16 0.1915810922 2870.119636 5.075 9.346 8.744 8.474 10.781 9.312 8.534
thin4 3 thin_disk 9.301029996 0 0.01471 0.183276847 0.183 0.2114718891 2945.777902 5.048 9.046 8.444 8.177 10.395 9 8.233
thin4 3 thin_disk 9.301029996 0 0.01471 0.200000003 0.2 0.2251399912 2996.40146 5.031 8.853 8.251 7.987 10.151 8.8 8.041
thin4 3 thin_disk 9.301029996 0 0.01471 0.25 0.25 0.263725816 3111.716337 4.991 8.388 7.785 7.53 9.582 8.32 7.578
thin4 3 thin_disk 9.301029996 0 0.01471 0.3362562954 0.336 0.3349289168 3236.681757 4.912 7.74 7.132 6.888 8.846 7.657 6.93
thin4 3 thin_disk 9.301029996 0 0.01471 0.3467725217 0.347 0.3431252236 3251.621601 4.904 7.671 7.062 6.819 8.768 7.587 6.861
thin4 3 thin_disk 9.301029996 0 0.01471 0.3500000238 0.35 0.345742402 3256.116987 4.902 7.651 7.041 6.799 8.745 7.566 6.841
thin4 3 thin_disk 9.301029996 0 0.01471 0.3850329518 0.385 0.3761427062 3314.36245 4.871 7.41 6.797 6.559 8.469 7.318 6.599
thin4 3 thin_disk 9.301029996 0 0.01471 0.3988623619 0.399 0.3873045908 3336.568151 4.86 7.323 6.708 6.472 8.37 7.228 6.51
thin4 3 thin_disk 9.301029996 0 0.01471 0.4000000358 0.4 0.3881080447 3338.873767 4.859 7.316 6.701 6.465 8.362 7.221 6.503
thin4 3 thin_disk 9.301029996 0 0.01471 0.4077381194 0.408 0.395778907 3354.285308 4.851 7.261 6.644 6.409 8.298 7.164 6.447
thin4 3 thin_disk 9.301029996 0 0.01471 0.4500000179 0.45 0.4360664204 3433.9977 4.81 6.974 6.35 6.12 7.971 6.867 6.155
thin4 3 thin_disk 9.301029996 0 0.01471 0.4649806023 0.465 0.4513907393 3469.764505 4.794 6.865 6.238 6.01 7.844 6.754 6.043
thin4 3 thin_disk 9.301029996 0 0.01471 0.5 0.5 0.4871387135 3552.221185 4.759 6.623 5.989 5.766 7.565 6.503 5.796
thin4 3 thin_disk 9.301029996 0 0.01471 0.5500000119 0.55 0.5389551731 3709.368674 4.713 6.268 5.621 5.41 7.147 6.133 5.434
thin4 3 thin_disk 9.301029996 0 0.01471 0.6000000238 0.6 0.5848609762 3911.109724 4.679 5.923 5.257 5.073 6.736 5.772 5.089
thin4 3 thin_disk 9.301029996 0 0.01471 0.6216362715 0.621 0.6009697952 4021.610443 4.671 5.771 5.099 4.933 6.557 5.616 4.947
thin4 3 thin_disk 9.301029996 0 0.01471 0.6499999762 0.65 0.621945951 4165.815197 4.661 5.578 4.907 4.762 6.332 5.421 4.773
thin4 3 thin_disk 9.301029996 0 0.01471 0.6833567023 0.683 0.6435060656 4353.113592 4.653 5.361 4.706 4.588 6.075 5.21 4.596
thin4 3 thin_disk 9.301029996 0 0.01471 0.7000000477 0.7 0.653811635 4447.336594 4.65 5.259 4.623 4.514 5.951 5.116 4.521
thin4 3 thin_disk 9.301029996 0 0.01471 0.7482118607 0.748 0.6805384143 4735.872481 4.644 4.98 4.427 4.338 5.595 4.869 4.342
thin4 3 thin_disk 9.301029996 0 0.01471 0.75 0.75 0.681008676 4747.882909 4.644 4.971 4.422 4.333 5.583 4.861 4.338
thin4 3 thin_disk 9.301029996 0 0.01471 0.7855238318 0.785 0.7101541754 4913.602273 4.627 4.777 4.274 4.193 5.348 4.684 4.197
thin4 3 thin_disk 9.301029996 0 0.01471 0.8000000119 0.8 0.7228574225 4980.810284 4.621 4.701 4.217 4.139 5.256 4.615 4.142
thin4 3 thin_disk 9.301029996 0 0.01471 0.8081445694 0.808 0.7297139434 5017.64579 4.616 4.659 4.184 4.108 5.205 4.576 4.111
thin4 3 thin_disk 9.301029996 0 0.01471 0.8500000238 0.85 0.7665714577 5209.547473 4.596 4.449 4.022 3.952 4.951 4.381 3.955
thin4 3 thin_disk 9.301029996 0 0.01471 0.8999999762 0.899 0.814052932 5426.252513 4.568 4.208 3.829 3.766 4.665 4.155 3.769
thin4 3 thin_disk 9.301029996 0 0.01471 0.9405523539 0.94 0.8577340381 5589.848017 4.542 4.022 3.674 3.619 4.447 3.979 3.621
thin4 3 thin_disk 9.301029996 0 0.01471 0.9499999881 0.949 0.8680657972 5627.29911 4.536 3.98 3.639 3.585 4.398 3.939 3.588
thin4 3 thin_disk 9.301029996 0 0.01471 0.9826939106 0.983 0.9073036225 5750.425748 4.512 3.831 3.512 3.462 4.229 3.796 3.465
thin4 3 thin_disk 9.301029996 0 0.01471 1 1 0.9297210089 5812.995677 4.499 3.755 3.447 3.399 4.143 3.723 3.402
thin4 3 thin_disk 9.301029996 0 0.01471 1.00490427 1.005 0.9359499918 5830.422138 4.495 3.733 3.427 3.381 4.118 3.702 3.383
thin4 3 thin_disk 9.301029996 0 0.01471 1.045597553 1.045 0.9920935928 5967.60405 4.461 3.555 3.271 3.229 3.917 3.53 3.232
thin4 3 thin_disk 9.301029996 0 0.01471 1.049999952 1.049 0.99851052 5982.738216 4.457 3.536 3.254 3.213 3.896 3.511 3.215
thin4 3 thin_disk 9.301029996 0 0.01471 1.071380496 1.071 1.032173357 6049.228645 4.438 3.442 3.171 3.132 3.792 3.42 3.134
thin4 3 thin_disk 9.301029996 0 0.01471 1.100000024 1.099 1.076843634 6137.620052 4.412 3.317 3.059 3.022 3.655 3.299 3.024
thin4 3 thin_disk 9.301029996 0 0.01471 1.1218431 1.121 1.11391652 6200.118642 4.391 3.223 2.973 2.938 3.552 3.207 2.94
thin4 3 thin_disk 9.301029996 0 0.01471 1.149591446 1.149 1.163463183 6276.246613 4.364 3.104 2.865 2.832 3.423 3.09 2.834
thin4 3 thin_disk 9.301029996 0 0.01471 1.149999976 1.149 1.164267152 6277.691938 4.364 3.102 2.864 2.831 3.421 3.089 2.833
thin4 3 thin_disk 9.301029996 0 0.01471 1.185716271 1.185 1.230417912 6372.355556 4.329 2.95 2.725 2.695 3.257 2.94 2.696
thin4 3 thin_disk 9.301029996 0 0.01471 1.200000048 1.199 1.259078027 6409.143566 4.314 2.89 2.67 2.64 3.192 2.881 2.642
thin4 3 thin_disk 9.301029996 0 0.01471 1.25 1.249 1.360043017 6520.786785 4.265 2.687 2.482 2.454 2.975 2.682 2.456
thin4 3 thin_disk 9.301029996 0 0.01471 1.299999952 1.3 1.46808988 6609.977787 4.215 2.491 2.299 2.272 2.767 2.488 2.273
thin4 3 thin_disk 9.301029996 0 0.01471 1.304019928 1.304 1.477245395 6616.068606 4.211 2.475 2.284 2.257 2.75 2.473 2.258
thin4 3 thin_disk 9.301029996 0 0.01471 1.349999905 1.35 1.589105186 6675.74901 4.163 2.299 2.116 2.089 2.566 2.298 2.091
thin4 3 thin_disk 9.301029996 0 0.01471 1.377206325 1.377 1.662465513 6701.931737 4.133 2.194 2.015 1.988 2.458 2.194 1.99
thin4 3 thin_disk 9.301029996 0 0.01471 1.399999976 1.4 1.726842167 6717.381285 4.106 2.104 1.928 1.901 2.366 2.105 1.902
thin4 3 thin_disk 9.301029996 0 0.01471 1.427211523 1.427 1.812394121 6732.866449 4.074 1.996 1.823 1.796 2.256 1.998 1.797
thin4 3 thin_disk 9.301029996 0 0.01471 1.450000048 1.45 1.886916338 6740.622411 4.045 1.905 1.733 1.706 2.163 1.906 1.707
thin4 3 thin_disk 9.301029996 0 0.01471 1.470920324 1.471 1.965860266 6734.416927 4.016 1.818 1.646 1.619 2.078 1.82 1.62
thin4 3 thin_disk 9.301029996 0 0.01471 1.493572831 1.493 2.060405236 6715.834729 3.982 1.722 1.548 1.52 1.984 1.723 1.521
thin4 3 thin_disk 9.301029996 0 0.01471 1.5 1.5 2.089068328 6708.107288 3.971 1.694 1.519 1.491 1.957 1.695 1.492
thin4 3 thin_disk 9.301029996 0 0.01471 1.513190746 1.513 2.153042709 6688.057527 3.949 1.636 1.459 1.431 1.901 1.637 1.432
thin4 3 thin_disk 9.301029996 0 0.01471 1.53516829 1.535 2.270662799 6637.430704 3.909 1.536 1.352 1.324 1.807 1.535 1.325
thin4 3 thin_disk 9.301029996 0 0.01471 1.549999952 1.55 2.358048019 6596.293937 3.881 1.467 1.279 1.249 1.744 1.465 1.251
thin4 3 thin_disk 9.301029996 0 0.01471 1.558696508 1.558 2.410197573 6573.550445 3.864 1.427 1.236 1.206 1.706 1.425 1.207
thin4 3 thin_disk 9.301029996 0 0.01471 1.576220989 1.576 2.525530658 6514.783684 3.828 1.344 1.145 1.115 1.631 1.34 1.116
thin4 3 thin_disk 9.301029996 0 0.01471 1.592949271 1.592 2.648821207 6446.143956 3.792 1.262 1.054 1.022 1.558 1.256 1.024
thin4 3 thin_disk 9.301029996 0 0.01471 1.600000024 1.599 2.701174523 6416.526615 3.776 1.228 1.016 0.984 1.528 1.221 0.985
thin4 3 thin_disk 9.301029996 0 0.01471 1.609288096 1.609 2.774295036 6375.29081 3.755 1.183 0.966 0.932 1.488 1.175 0.934
thin4 3 thin_disk 9.301029996 0 0.01471 1.624906898 1.624 2.908390014 6302.31346 3.719 1.105 0.878 0.842 1.42 1.094 0.844
thin4 3 thin_disk 9.301029996 0 0.01471 1.64080441 1.64 3.058106775 6231.606189 3.679 1.02 0.783 0.745 1.344 1.007 0.747
thin4 3 thin_disk 9.301029996 0 0.01471 1.648855448 1.648 3.137275405 6205.831793 3.659 0.972 0.731 0.693 1.3 0.958 0.695
thin4 3 thin_disk 9.301029996 0 0.01471 1.650000095 1.649 3.151030775 6217.273893 3.656 0.959 0.72 0.683 1.286 0.946 0.684
thin4 3 thin_disk 9.301029996 0 0.01471 1.653091312 1.652 3.185316893 6251.726928 3.647 0.925 0.691 0.654 1.246 0.912 0.656
thin4 3 thin_disk 9.301029996 0 0.01471 1.656561017 1.656 3.223685344 6344.537958 3.637 0.867 0.647 0.612 1.176 0.858 0.614
thin4 3 thin_disk 9.301029996 0 0.01471 1.657428145 1.657 3.240056958 6438.726829 3.634 0.827 0.621 0.588 1.123 0.821 0.589
thin4 3 thin_disk 9.301029996 0 0.01471 1.657768965 1.657 3.248273917 6531.305526 3.631 0.791 0.598 0.566 1.075 0.788 0.567
thin4 3 thin_disk 9.301029996 0 0.01471 1.657933474 1.657 3.253513738 6620.640403 3.63 0.759 0.577 0.547 1.03 0.758 0.548
thin4 3 thin_disk 9.301029996 0 0.01471 1.658059239 1.657 3.248273917 6706.562867 3.631 0.734 0.565 0.535 0.995 0.736 0.536
thin4 3 thin_disk 9.301029996 0 0.01471 1.658095002 1.657 3.229629065 6683.439176 3.636 0.755 0.582 0.552 1.019 0.756 0.554
thin4 3 thin_disk 9.301029996 0 0.01471 1.658159375 1.657 3.202968332 6588.704043 3.644 0.804 0.618 0.587 1.08 0.803 0.589
thin4 3 thin_disk 9.301029996 0 0.01471 1.658240318 1.658 3.253513738 6462.491725 3.63 0.809 0.606 0.573 1.102 0.804 0.575
thin4 3 thin_disk 9.301029996 0 0.01471 1.658361077 1.658 3.409986384 6327.031549 3.589 0.751 0.529 0.494 1.062 0.742 0.495
thin4 3 thin_disk 9.301029996 0 0.01471 1.658556342 1.658 3.591307933 6190.133281 3.544 0.684 0.442 0.404 1.014 0.67 0.405
thin4 3 thin_disk 9.301029996 0 0.01471 1.658860564 1.658 3.73553358 6058.986711 3.51 0.645 0.384 0.341 0.995 0.626 0.343
thin4 3 thin_disk 9.301029996 0 0.01471 1.659285188 1.659 3.846384048 5926.523352 3.485 0.63 0.346 0.3 1.001 0.605 0.302
thin4 3 thin_disk 9.301029996 0 0.01471 1.65981853 1.659 3.914286814 5794.286964 3.47 0.644 0.336 0.287 1.037 0.613 0.289
thin4 3 thin_disk 9.301029996 0 0.01471 1.660369992 1.66 3.937790844 5671.526949 3.464 0.682 0.352 0.298 1.097 0.645 0.301
thin4 3 thin_disk 9.301029996 0 0.01471 1.660782576 1.66 3.937790844 5580.845504 3.465 0.723 0.374 0.317 1.155 0.68 0.32
thin4 3 thin_disk 9.301029996 0 0.01471 1.661185503 1.66 3.934165674 5494.14352 3.465 0.763 0.395 0.336 1.212 0.714 0.338
thin4 3 thin_disk 9.301029996 0 0.01471 1.661709666 1.661 3.960523959 5385.17722 3.461 0.803 0.412 0.349 1.275 0.748 0.352
thin4 3 thin_disk 9.301029996 0 0.01471 1.662232399 1.661 4.05091047 5288.104149 3.441 0.801 0.389 0.323 1.295 0.74 0.325
thin4 3 thin_disk 9.301029996 0 0.01471 1.662753701 1.662 4.203902595 5199.959965 3.408 0.766 0.333 0.263 1.279 0.698 0.266
thin4 3 thin_disk 9.301029996 0 0.01471 1.663001299 1.662 4.333638141 5168.922254 3.382 0.717 0.277 0.206 1.238 0.646 0.208
thin4 3 thin_disk 9.301029996 0 0.01471 1.663495779 1.663 4.614797459 5110.93079 3.328 0.611 0.157 0.083 1.145 0.536 0.086
thin4 3 thin_disk 9.301029996 0 0.01471 1.663947225 1.663 4.92099184 5067.572842 3.272 0.495 0.03 -0.045 1.04 0.416 -0.042
thin4 3 thin_disk 9.301029996 0 0.01471 1.664346218 1.664 5.228205442 5033.846868 3.22 0.383 -0.089 -0.166 0.937 0.302 -0.163
thin4 3 thin_disk 9.301029996 0 0.01471 1.664718747 1.664 5.531623906 5004.95296 3.17 0.275 -0.204 -0.282 0.835 0.192 -0.28
thin4 3 thin_disk 9.301029996 0 0.01471 1.665077805 1.664 5.853999013 4978.517064 3.121 0.167 -0.319 -0.398 0.735 0.082 -0.396
thin4 3 thin_disk 9.301029996 0 0.01471 1.665426493 1.665 6.195161678 4952.220801 3.073 0.061 -0.432 -0.512 0.635 -0.027 -0.51
thin4 3 thin_disk 9.301029996 0 0.01471 1.665770173 1.665 6.545647969 4927.197832 3.025 -0.045 -0.544 -0.626 0.536 -0.135 -0.624
thin4 3 thin_disk 9.301029996 0 0.01471 1.666109681 1.665 6.91596274 4902.301301 2.977 -0.15 -0.655 -0.738 0.438 -0.242 -0.736
thin4 3 thin_disk 9.301029996 0 0.01471 1.666617632 1.666 7.49122161 4867.4332 2.908 -0.302 -0.817 -0.902 0.295 -0.397 -0.899
thin4 3 thin_disk 9.301029996 0 0.01471 1.667040229 1.666 8.00299683 4838.380287 2.851 -0.428 -0.95 -1.037 0.177 -0.526 -1.034
thin4 3 thin_disk 9.301029996 0 0.01471 1.667464376 1.667 8.549734821 4809.500785 2.793 -0.555 -1.085 -1.174 0.058 -0.656 -1.171
thin4 3 thin_disk 9.301029996 0 0.01471 1.667799592 1.667 9.023035059 4785.198964 2.747 -0.656 -1.193 -1.283 -0.037 -0.76 -1.281
thin4 3 thin_disk 9.301029996 0 0.01471 1.668163776 1.667 9.568693526 4757.732275 2.695 -0.768 -1.312 -1.405 -0.141 -0.874 -1.402
thin4 3 thin_disk 9.301029996 0 0.01471 1.668537736 1.668 10.18714868 4729.334149 2.642 -0.884 -1.436 -1.531 -0.249 -0.993 -1.528
thin4 3 thin_disk 9.301029996 0 0.01471 1.668858171 1.668 10.76100033 4703.270964 2.594 -0.987 -1.546 -1.642 -0.344 -1.098 -1.639
thin4 3 thin_disk 9.301029996 0 0.01471 1.669184446 1.668 11.39862969 4676.274537 2.544 -1.094 -1.661 -1.758 -0.443 -1.208 -1.756
thin4 3 thin_disk 9.301029996 0 0.01471 1.669510245 1.669 12.07960254 4648.362619 2.494 -1.201 -1.776 -1.876 -0.542 -1.318 -1.873
thin4 3 thin_disk 9.301029996 0 0.01471 1.669830322 1.669 12.78064126 4621.681361 2.445 -1.307 -1.89 -1.992 -0.64 -1.428 -1.989
thin4 3 thin_disk 9.301029996 0 0.01471 1.670199633 1.669 13.66950049 4588.809196 2.386 -1.432 -2.024 -2.128 -0.755 -1.556 -2.125
thin4 3 thin_disk 9.301029996 0 0.01471 1.670498729 1.67 14.44616746 4562.469771 2.338 -1.535 -2.134 -2.24 -0.85 -1.662 -2.238
thin4 3 thin_disk 9.301029996 0 0.01471 1.670807362 1.67 15.27399503 4535.237135 2.29 -1.638 -2.244 -2.353 -0.944 -1.767 -2.35
thin4 3 thin_disk 9.301029996 0 0.01471 1.67119503 1.67 16.19394444 4507.129121 2.239 -1.746 -2.361 -2.472 -1.044 -1.879 -2.469
thin4 3 thin_disk 9.301029996 0 0.01471 1.671609998 1.671 16.89867466 4486.420744 2.203 -1.824 -2.444 -2.557 -1.115 -1.959 -2.554
thin4 3 thin_disk 9.301029996 0 0.01471 1.671916485 1.671 16.27618602 4506.091436 2.235 -1.756 -2.371 -2.483 -1.053 -1.889 -2.48
thin4 3 thin_disk 9.301029996 0 0.01471 1.672101021 1.671 15.61538315 4526.890609 2.271 -1.681 -2.29 -2.4 -0.985 -1.811 -2.397
thin4 3 thin_disk 9.301029996 0 0.01471 1.672261476 1.671 14.64038996 4558.269515 2.327 -1.562 -2.162 -2.269 -0.876 -1.689 -2.266
thin4 3 thin_disk 9.301029996 0 0.01471 1.67237556 1.672 13.81823725 4587.752705 2.377 -1.456 -2.047 -2.152 -0.778 -1.579 -2.149
thin4 3 thin_disk 9.301029996 0 0.01471 1.672498584 1.672 12.93458934 4620.617302 2.435 -1.333 -1.915 -2.017 -0.665 -1.453 -2.014
thin4 3 thin_disk 9.301029996 0 0.01471 1.672610164 1.672 12.18015023 4650.503762 2.487 -1.223 -1.797 -1.897 -0.564 -1.34 -1.894
thin4 3 thin_disk 9.301029996 0 0.01471 1.672729135 1.672 11.5014513 4679.505909 2.537 -1.116 -1.682 -1.78 -0.466 -1.23 -1.777
thin4 3 thin_disk 9.301029996 0 0.01471 1.672883391 1.672 10.78829081 4710.857854 2.592 -0.999 -1.556 -1.651 -0.358 -1.109 -1.649
thin4 3 thin_disk 9.301029996 0 0.01471 1.672996759 1.672 10.4292396 4728.245305 2.622 -0.936 -1.488 -1.583 -0.3 -1.045 -1.58
thin4 3 thin_disk 9.301029996 0 0.01471 1.673135161 1.672 10.68938317 4716.284553 2.601 -0.98 -1.535 -1.63 -0.34 -1.09 -1.628
thin4 3 thin_disk 9.301029996 0 0.01471 1.673454642 1.673 11.30974062 4689.213428 2.552 -1.085 -1.648 -1.745 -0.438 -1.198 -1.743
thin4 3 thin_disk 9.301029996 0 0.01471 1.673877835 1.673 12.01856578 4660.151117 2.499 -1.198 -1.77 -1.869 -0.542 -1.314 -1.866
thin4 3 thin_disk 9.301029996 0 0.01471 1.674346089 1.674 12.79831057 4629.136638 2.445 -1.315 -1.895 -1.997 -0.65 -1.435 -1.994
thin4 3 thin_disk 9.301029996 0 0.01471 1.674795747 1.674 13.5847811 4600.446664 2.393 -1.425 -2.013 -2.117 -0.752 -1.548 -2.114
thin4 3 thin_disk 9.301029996 0 0.01471 1.675263882 1.674 14.44284149 4570.881896 2.34 -1.539 -2.135 -2.241 -0.857 -1.664 -2.238
thin4 3 thin_disk 9.301029996 0 0.01471 1.675721526 1.675 15.33743181 4541.507126 2.288 -1.65 -2.254 -2.363 -0.958 -1.779 -2.36
thin4 3 thin_disk 9.301029996 0 0.01471 1.676170349 1.675 16.27993419 4513.360253 2.236 -1.761 -2.374 -2.485 -1.061 -1.893 -2.482
thin4 3 thin_disk 9.301029996 0 0.01471 1.676600575 1.676 17.2763759 4483.322704 2.184 -1.871 -2.492 -2.605 -1.161 -2.006 -2.602
thin4 3 thin_disk 9.301029996 0 0.01471 1.677016377 1.676 18.34647548 4454.510634 2.133 -1.98 -2.609 -2.726 -1.261 -2.118 -2.723
thin4 3 thin_disk 9.301029996 0 0.01471 1.677420378 1.677 19.49183134 4424.864744 2.08 -2.09 -2.728 -2.848 -1.361 -2.232 -2.845
thin4 3 thin_disk 9.301029996 0 0.01471 1.677794337 1.677 20.65154961 4396.428353 2.03 -2.196 -2.843 -2.966 -1.458 -2.342 -2.963
thin4 3 thin_disk 9.301029996 0 0.01471 1.678152204 1.677 21.90547348 4368.174709 1.979 -2.302 -2.956 -3.082 -1.554 -2.451 -3.079
thin4 3 thin_disk 9.301029996 0 0.01471 1.678496957 1.678 23.24623612 4339.103406 1.928 -2.408 -3.066 -3.197 -1.649 -2.558 -3.194
thin4 3 thin_disk 9.301029996 0 0.01471 1.678819537 1.678 24.64067751 4310.22558 1.877 -2.512 -3.174 -3.311 -1.743 -2.663 -3.307
thin4 3 thin_disk 9.301029996 0 0.01471 1.679121613 1.678 26.10674005 4282.525918 1.827 -2.614 -3.28 -3.423 -1.835 -2.767 -3.419
thin4 3 thin_disk 9.301029996 0 0.01471 1.679411411 1.678 27.67277072 4254.024629 1.776 -2.717 -3.388 -3.536 -1.927 -2.872 -3.532
thin4 3 thin_disk 9.301029996 0 0.01471 1.679677248 1.679 29.28550011 4226.686143 1.727 -2.817 -3.492 -3.646 -2.017 -2.974 -3.642
thin4 3 thin_disk 9.301029996 0 0.01471 1.679933429 1.679 31.02077508 4197.58984 1.677 -2.919 -3.598 -3.758 -2.108 -3.078 -3.754
thin4 3 thin_disk 9.301029996 0 0.01471 1.680169821 1.679 32.82862136 4170.614031 1.627 -3.018 -3.702 -3.868 -2.196 -3.179 -3.863
thin4 3 thin_disk 9.301029996 0 0.01471 1.680392504 1.679 34.75782921 4142.857545 1.579 -3.117 -3.805 -3.977 -2.283 -3.279 -3.972
thin4 3 thin_disk 9.301029996 0 0.01471 1.68060112 1.68 36.75806529 4115.285784 1.53 -3.214 -3.907 -4.085 -2.369 -3.379 -4.08
thin4 3 thin_disk 9.301029996 0 0.01471 1.680796742 1.68 38.87341053 4087.897521 1.481 -3.312 -4.011 -4.195 -2.456 -3.479 -4.19
thin4 3 thin_disk 9.301029996 0 0.01471 1.680981398 1.68 41.11048921 4060.691534 1.433 -3.411 -4.118 -4.307 -2.544 -3.583 -4.302
thin4 3 thin_disk 9.301029996 0 0.01471 1.681152821 1.68 43.42628166 4033.666609 1.385 -3.508 -4.223 -4.417 -2.63 -3.683 -4.412
thin4 3 thin_disk 9.301029996 0 0.01471 1.68131268 1.68 45.87252487 4006.821542 1.338 -3.603 -4.326 -4.525 -2.714 -3.782 -4.519
thin4 3 thin_disk 9.301029996 0 0.01471 1.681465626 1.68 48.43425733 3981.071706 1.291 -3.699 -4.431 -4.634 -2.8 -3.882 -4.628
thin4 3 thin_disk 9.301029996 0 0.01471 1.681638956 1.681 51.76695797 3947.298777 1.233 -3.816 -4.557 -4.766 -2.902 -4.004 -4.76
thin4 3 thin_disk 9.301029996 0 0.01471 1.68179822 1.681 55.21443657 3915.615148 1.176 -3.93 -4.681 -4.896 -3.002 -4.122 -4.89
thin4 3 thin_disk 9.301029996 0 0.01471 1.681948304 1.681 58.98650231 3883.29157 1.119 -4.045 -4.805 -5.026 -3.103 -4.242 -5.02
thin4 3 thin_disk 9.301029996 0 0.01471 1.682061434 1.681 62.1945951 3856.559179 1.074 -4.137 -4.905 -5.131 -3.183 -4.338 -5.125
thin4 3 thin_disk 9.301029996 0 0.01471 1.682191133 1.681 66.29070608 3824.72311 1.018 -4.248 -5.026 -5.258 -3.279 -4.454 -5.252
thin4 3 thin_disk 9.301029996 0 0.01471 1.682309508 1.681 70.60779429 3792.276545 0.964 -4.357 -5.144 -5.382 -3.371 -4.567 -5.376
thin4 3 thin_disk 9.301029996 0 0.01471 1.682421327 1.681 75.11949244 3760.105237 0.909 -4.466 -5.261 -5.506 -3.462 -4.681 -5.499
thin4 3 thin_disk 9.301029996 0 0.01471 1.68252492 1.681 79.91947915 3728.206849 0.856 -4.573 -5.377 -5.628 -3.552 -4.792 -5.621
thin4 3 thin_disk 9.301029996 0 0.01471 1.682621121 1.681 84.88923989 3697.430335 0.803 -4.679 -5.49 -5.748 -3.638 -4.902 -5.741
thin4 3 thin_disk 9.301029996 0 0.01471 1.682710648 1.681 90.20957668 3666.063642 0.751 -4.784 -5.603 -5.866 -3.721 -5.01 -5.859
thin4 3 thin_disk 9.301029996 0 0.01471 1.682795405 1.681 95.75305628 3634.963045 0.699 -4.888 -5.715 -5.984 -3.804 -5.118 -5.977
thin4 3 thin_disk 9.301029996 0 0.01471 1.682873368 1.681 101.5202421 3604.126286 0.648 -4.988 -5.822 -6.098 -3.879 -5.222 -6.091
thin4 3 thin_disk 9.301029996 0 0.01471 1.682949662 1.681 107.5109365 3573.551127 0.598 -5.088 -5.929 -6.212 -3.952 -5.326 -6.205
thin4 3 thin_disk 9.301029996 0 0.01471 1.682980418 1.681 110.1419205 3561.229809 0.577 -5.128 -5.973 -6.258 -3.982 -5.368 -6.25
thin4 3 thin_disk 9.301029996 0 0.01471 1.682980418 1.681 10.18714868 4839.494493 2.645 -0.953 -1.474 -1.562 -3.982 -5.368 -6.25
thin4 3 thin_disk 9.301029996 0 0.01471 1.68402195 1.682 10.50636888 4820.58783 2.618 -1.01 -1.535 -1.624 -0.399 -1.108 -1.621
thin4 3 thin_disk 9.301029996 0 0.01471 1.685110569 1.684 10.57675988 4818.368378 2.613 -1.022 -1.548 -1.637 -0.411 -1.122 -1.635
thin4 3 thin_disk 9.301029996 0 0.01471 1.686202049 1.685 10.54514716 4822.808304 2.615 -1.02 -1.545 -1.634 -0.409 -1.119 -1.631
thin4 3 thin_disk 9.301029996 0 0.01471 1.687325239 1.686 10.53058856 4826.140933 2.617 -1.018 -1.541 -1.63 -0.408 -1.116 -1.628
thin4 3 thin_disk 9.301029996 0 0.01471 1.688412428 1.687 10.51605006 4829.475864 2.619 -1.016 -1.539 -1.628 -0.407 -1.114 -1.625
thin4 3 thin_disk 9.301029996 0 0.01471 1.689524889 1.688 10.50153163 4832.813101 2.621 -1.015 -1.537 -1.625 -0.407 -1.113 -1.623
thin4 3 thin_disk 9.301029996 0 0.01471 1.690589905 1.689 10.49186382 4835.039206 2.622 -1.014 -1.535 -1.623 -0.407 -1.111 -1.621
thin4 3 thin_disk 9.301029996 0 0.01471 1.691667676 1.69 10.47737878 4838.380287 2.623 -1.013 -1.534 -1.622 -0.407 -1.11 -1.619
thin4 3 thin_disk 9.301029996 0 0.01471 1.692812085 1.692 10.4677332 4840.608956 2.624 -1.014 -1.533 -1.621 -0.408 -1.11 -1.618
thin4 3 thin_disk 9.301029996 0 0.01471 1.693861961 1.693 10.47014376 4842.838652 2.625 -1.014 -1.533 -1.621 -0.409 -1.111 -1.619
thin4 3 thin_disk 9.301029996 0 0.01471 1.694950223 1.694 10.46050484 4845.069375 2.625 -1.016 -1.534 -1.622 -0.411 -1.112 -1.619
thin4 3 thin_disk 9.301029996 0 0.01471 1.696025848 1.695 10.46291374 4847.301126 2.625 -1.017 -1.535 -1.622 -0.413 -1.113 -1.62
thin4 3 thin_disk 9.301029996 0 0.01471 1.697068095 1.696 10.46532319 4849.533905 2.625 -1.019 -1.536 -1.623 -0.415 -1.115 -1.621
thin4 3 thin_disk 9.301029996 0 0.01471 1.698116541 1.697 10.4677332 4851.767712 2.625 -1.021 -1.537 -1.625 -0.418 -1.116 -1.622
thin4 3 thin_disk 9.301029996 0 0.01471 1.698348403 1.697 10.4677332 4851.767712 2.625 -1.021 -1.538 -1.625 -0.418 -1.117 -1.622
thin4 3 thin_disk 9.301029996 0 0.01471 1.699215293 1.698 10.47496655 4852.885002 2.625 -1.023 -1.539 -1.627 -0.421 -1.119 -1.624
thin4 3 thin_disk 9.301029996 0 0.01471 1.699700236 1.699 10.4822049 4854.002548 2.625 -1.025 -1.541 -1.628 -0.422 -1.12 -1.625
thin4 3 thin_disk 9.301029996 0 0.01471 1.699890137 1.699 10.4822049 4854.002548 2.625 -1.025 -1.541 -1.628 -0.423 -1.121 -1.626
thin4 3 thin_disk 9.301029996 0 0.01471 1.701073408 1.7 10.50153163 4855.120352 2.624 -1.028 -1.544 -1.631 -0.427 -1.124 -1.629
thin4 3 thin_disk 9.301029996 0 0.01471 1.702166557 1.701 10.50878834 4856.238414 2.623 -1.032 -1.547 -1.635 -0.431 -1.127 -1.632
thin4 3 thin_disk 9.301029996 0 0.01471 1.703259468 1.702 10.52816408 4857.356733 2.622 -1.036 -1.551 -1.638 -0.435 -1.131 -1.636
thin4 3 thin_disk 9.301029996 0 0.01471 1.704379082 1.704 10.55243401 4857.356733 2.62 -1.041 -1.555 -1.643 -0.439 -1.136 -1.64
thin4 3 thin_disk 9.301029996 0 0.01471 1.705465198 1.705 10.57675988 4857.356733 2.619 -1.045 -1.56 -1.647 -0.444 -1.14 -1.645
thin4 3 thin_disk 9.301029996 0 0.01471 1.706633925 1.706 10.60114183 4857.356733 2.617 -1.051 -1.566 -1.653 -0.45 -1.146 -1.65
thin4 3 thin_disk 9.301029996 0 0.01471 1.706958294 1.706 10.61335387 4857.356733 2.616 -1.053 -1.568 -1.655 -0.452 -1.148 -1.652
thin4 3 thin_disk 9.301029996 0 0.01471 1.708100319 1.707 10.64272021 4856.238414 2.613 -1.06 -1.575 -1.662 -0.458 -1.155 -1.66
thin4 3 thin_disk 9.301029996 0 0.01471 1.709194183 1.708 10.68446166 4855.120352 2.61 -1.067 -1.583 -1.67 -0.466 -1.163 -1.667
thin4 3 thin_disk 9.301029996 0 0.01471 1.710296154 1.709 10.72636682 4854.002548 2.607 -1.076 -1.592 -1.679 -0.474 -1.172 -1.677
thin4 3 thin_disk 9.301029996 0 0.01471 1.711397886 1.711 10.785807 4851.767712 2.602 -1.086 -1.602 -1.69 -0.483 -1.182 -1.687
thin4 3 thin_disk 9.301029996 0 0.01471 1.712523937 1.712 10.86807545 4847.301126 2.597 -1.099 -1.616 -1.704 -0.495 -1.195 -1.701
thin4 3 thin_disk 9.301029996 0 0.01471 1.713647604 1.713 10.9509714 4842.838652 2.59 -1.113 -1.632 -1.72 -0.508 -1.21 -1.717
thin4 3 thin_disk 9.301029996 0 0.01471 1.714759708 1.714 11.04721089 4838.380287 2.583 -1.129 -1.649 -1.738 -0.523 -1.226 -1.735
thin4 3 thin_disk 9.301029996 0 0.01471 1.715869784 1.715 11.14429616 4833.926025 2.576 -1.145 -1.666 -1.755 -0.537 -1.242 -1.752
thin4 3 thin_disk 9.301029996 0 0.01471 1.716996074 1.716 11.1391652 4835.039206 2.576 -1.147 -1.668 -1.756 -0.539 -1.244 -1.753
thin4 3 thin_disk 9.301029996 0 0.01471 1.718143821 1.717 11.46179522 4816.149948 2.552 -1.195 -1.721 -1.811 -0.583 -1.294 -1.808
thin4 3 thin_disk 9.301029996 0 0.01471 1.719287276 1.718 12.05737157 4782.995805 2.508 -1.285 -1.82 -1.912 -0.663 -1.388 -1.909
thin4 3 thin_disk 9.301029996 0 0.01471 1.719971418 1.719 12.79536399 4745.696932 2.457 -1.39 -1.935 -2.03 -0.758 -1.496 -2.027
thin4 3 thin_disk 9.301029996 0 0.01471 1.72031796 1.719 13.60043017 4707.604833 2.403 -1.501 -2.056 -2.153 -0.858 -1.611 -2.15
thin4 3 thin_disk 9.301029996 0 0.01471 1.720486641 1.72 14.42622312 4671.969512 2.352 -1.607 -2.171 -2.271 -0.953 -1.72 -2.268
thin4 3 thin_disk 9.301029996 0 0.01471 1.720571756 1.72 15.3127307 4637.671681 2.301 -1.714 -2.288 -2.39 -1.05 -1.83 -2.387
thin4 3 thin_disk 9.301029996 0 0.01471 1.720615983 1.72 16.23501315 4603.625638 2.25 -1.818 -2.401 -2.506 -1.144 -1.938 -2.503
thin4 3 thin_disk 9.301029996 0 0.01471 1.720641851 1.72 17.1298139 4572.98735 2.203 -1.915 -2.507 -2.614 -1.231 -2.038 -2.611
thin4 3 thin_disk 9.301029996 0 0.01471 1.720655561 1.72 17.79314201 4551.976381 2.171 -1.982 -2.58 -2.689 -1.292 -2.108 -2.686
thin4 3 thin_disk 9.301029996 0 0.01471 1.720655918 1.72 17.79314201 4551.976381 2.17 -1.984 -2.581 -2.691 -1.293 -2.109 -2.688
thin4 3 thin_disk 9.301029996 0 0.01471 1.720664978 1.72 18.3507004 4534.192978 2.143 -2.039 -2.642 -2.753 -1.344 -2.167 -2.75
thin4 3 thin_disk 9.301029996 0 0.01471 1.720683694 1.72 19.6179058 4497.798549 2.086 -2.157 -2.771 -2.885 -1.45 -2.289 -2.882
thin4 3 thin_disk 9.301029996 0 0.01471 1.720701337 1.72 20.50938534 4473.011348 2.047 -2.238 -2.859 -2.975 -1.523 -2.373 -2.972
thin4 3 thin_disk 9.301029996 0 0.01471 1.720744252 1.72 20.62303813 4470.951925 2.042 -2.248 -2.869 -2.986 -1.532 -2.383 -2.983
thin4 3 thin_disk 9.301029996 0 0.01471 1.72077918 1.72 19.97342968 4488.487293 2.07 -2.19 -2.806 -2.921 -1.48 -2.323 -2.918
thin4 3 thin_disk 9.301029996 0 0.01471 1.720909357 1.72 19.01308741 4516.479049 2.113 -2.102 -2.711 -2.823 -1.401 -2.232 -2.82
thin4 3 thin_disk 9.301029996 0 0.01471 1.722098827 1.721 19.67218704 4496.763012 2.083 -2.164 -2.778 -2.892 -1.457 -2.296 -2.889
thin4 3 thin_disk 9.301029996 0 0.01471 1.722601414 1.721 20.71345975 4468.893449 2.039 -2.255 -2.877 -2.994 -1.539 -2.39 -2.991
thin4 3 thin_disk 9.301029996 0 0.01471 1.722997427 1.721 21.98632507 4436.086439 1.987 -2.361 -2.992 -3.112 -1.635 -2.5 -3.109
thin4 3 thin_disk 9.301029996 0 0.01471 1.723320961 1.721 23.32666459 4404.534337 1.935 -2.467 -3.103 -3.229 -1.729 -2.608 -3.225
thin4 3 thin_disk 9.301029996 0 0.01471 1.723593593 1.721 24.80005505 4371.193179 1.883 -2.573 -3.214 -3.346 -1.824 -2.716 -3.342
thin4 3 thin_disk 9.301029996 0 0.01471 1.723830461 1.721 26.35437036 4339.103406 1.829 -2.68 -3.327 -3.464 -1.919 -2.825 -3.46
thin4 3 thin_disk 9.301029996 0 0.01471 1.724036097 1.721 28.01900088 4306.257543 1.777 -2.786 -3.438 -3.581 -2.013 -2.933 -3.577
thin4 3 thin_disk 9.301029996 0 0.01471 1.724217773 1.721 29.74079989 4274.644475 1.724 -2.891 -3.548 -3.698 -2.107 -3.04 -3.693
thin4 3 thin_disk 9.301029996 0 0.01471 1.724383354 1.721 31.61932866 4242.286549 1.671 -2.997 -3.659 -3.815 -2.2 -3.148 -3.811
thin4 3 thin_disk 9.301029996 0 0.01471 1.724536419 1.721 33.67073873 4209.204248 1.617 -3.105 -3.773 -3.935 -2.296 -3.258 -3.931
thin4 3 thin_disk 9.301029996 0 0.01471 1.724677086 1.721 35.83873276 4177.341687 1.563 -3.212 -3.885 -4.055 -2.39 -3.368 -4.05
thin4 3 thin_disk 9.301029996 0 0.01471 1.724774122 1.721 37.58829658 4147.629932 1.521 -3.289 -3.969 -4.145 -2.455 -3.448 -4.14
thin4 3 thin_disk 9.301029996 0 0.01471 1.724898219 1.72 40.22097969 4098.26465 1.462 -3.394 -4.089 -4.272 -2.542 -3.56 -4.267
thin4 3 thin_disk 9.301029996 0 0.01471 1.725021243 1.72 42.83045074 4061.62665 1.407 -3.501 -4.207 -4.397 -2.634 -3.672 -4.391
thin4 3 thin_disk 9.301029996 0 0.01471 1.725142002 1.719 45.68279263 4029.025351 1.352 -3.613 -4.329 -4.524 -2.733 -3.789 -4.519
thin4 3 thin_disk 9.301029996 0 0.01471 1.725254417 1.719 49.14197932 3991.167918 1.288 -3.741 -4.468 -4.67 -2.846 -3.922 -4.664
thin4 3 thin_disk 9.301029996 0 0.01471 1.725341916 1.718 53.58616103 3947.298777 1.212 -3.891 -4.632 -4.841 -2.977 -4.079 -4.835
thin4 3 thin_disk 9.301029996 0 0.01471 1.72539866 1.718 57.94989386 3906.609483 1.144 -4.028 -4.78 -4.997 -3.096 -4.221 -4.991
thin4 3 thin_disk 9.301029996 0 0.01471 1.725442052 1.717 62.16596003 3870.793472 1.083 -4.149 -4.912 -5.136 -3.2 -4.347 -5.13
thin4 3 thin_disk 9.301029996 0 0.01471 1.725480676 1.716 66.42822452 3836.189038 1.025 -4.263 -5.037 -5.267 -3.299 -4.467 -5.261
thin4 3 thin_disk 9.301029996 0 0.01471 1.7255162 1.716 70.78685947 3802.769482 0.97 -4.372 -5.156 -5.393 -3.392 -4.581 -5.386
thin4 3 thin_disk 9.301029996 0 0.01471 1.725550056 1.715 75.37939455 3768.773174 0.915 -4.481 -5.273 -5.517 -3.482 -4.694 -5.51
thin4 3 thin_disk 9.301029996 0 0.01471 1.725583434 1.714 80.23292861 3735.940923 0.861 -4.587 -5.389 -5.639 -3.57 -4.805 -5.632
thin4 3 thin_disk 9.301029996 0 0.01471 1.725618243 1.713 85.20256021 3703.394694 0.808 -4.691 -5.501 -5.757 -3.654 -4.913 -5.75
thin4 3 thin_disk 9.301029996 0 0.01471 1.725656986 1.712 90.66770958 3669.441767 0.754 -4.798 -5.616 -5.879 -3.738 -5.024 -5.872
thin4 3 thin_disk 9.301029996 0 0.01471 1.725696921 1.71 96.21718458 3636.637393 0.702 -4.9 -5.726 -5.995 -3.817 -5.13 -5.988
thin4 3 thin_disk 9.301029996 0 0.01471 1.725732565 1.708 102.8614506 3599.15044 0.643 -5.013 -5.848 -6.125 -3.9 -5.248 -6.118
thin4 3 thin_disk 9.301029996 0 0.01471 1.725739002 1.707 103.5267653 3595.837026 0.638 -5.023 -5.859 -6.137 -3.907 -5.258 -6.129
thin4 3 thin_disk 9.301029996 0 0.01471 1.725742698 1.707 103.8610347 3594.181463 0.635 -5.03 -5.866 -6.145 -3.912 -5.265 -6.137
thin4 3 thin_disk 9.301029996 0 0.01471 1.725746274 1.707 106.8446166 3578.491583 0.61 -5.078 -5.918 -6.2 -3.946 -5.315 -6.192
thin4 3 thin_disk 9.301029996 0 0.01471 1.725750804 1.707 108.4557657 3570.26128 0.597 -5.102 -5.944 -6.228 -3.964 -5.34 -6.22
thin4 3 thin_disk 9.301029996 0 0.01471 1.725757957 1.706 112.7074554 3548.950974 0.564 -5.168 -6.015 -6.303 -4.011 -5.409 -6.296
thin4 3 thin_disk 9.301029996 0 0.01471 1.725758553 1.706 113.4887062 3544.867445 0.557 -5.18 -6.029 -6.317 -4.019 -5.421 -6.31
thin4 3 thin_disk 9.301029996 0 0.01471 1.725758672 1.706 113.5409817 3544.051303 0.557 -5.181 -6.029 -6.318 -4.019 -5.422 -6.311
thin4 3 thin_disk 9.301029996 0 0.01471 1.725758791 1.706 113.5409817 3544.051303 0.557 -5.181 -6.03 -6.319 -4.019 -5.423 -6.311
thin4 3 thin_disk 9.301029996 0 0.01471 1.72575891 1.706 114.0913305 3541.604004 0.553 -5.189 -6.038 -6.327 -4.024 -5.43 -6.319
thin4 3 thin_disk 9.301029996 0 0.01471 1.725759029 1.706 114.2753723 3540.788614 0.552 -5.191 -6.04 -6.329 -4.025 -5.432 -6.322
thin4 3 thin_disk 9.301029996 0 0.01471 1.725759149 1.706 114.2753723 3540.788614 0.551 -5.192 -6.042 -6.331 -4.026 -5.434 -6.323
thin4 3 thin_disk 9.301029996 0 0.01471 1.725759268 1.706 114.5124337 3539.158396 0.55 -5.195 -6.045 -6.335 -4.028 -5.437 -6.327
thin4 3 thin_disk 9.301029996 0 0.01471 1.725759387 1.706 114.644347 3539.158396 0.549 -5.197 -6.046 -6.336 -4.029 -5.439 -6.329
thin4 3 thin_disk 9.301029996 0 0.01471 1.725759506 1.706 114.8292808 3538.343568 0.547 -5.2 -6.049 -6.34 -4.031 -5.442 -6.332
thin4 3 thin_disk 9.301029996 0 0.01471 1.725759745 1.706 115.0674913 3536.714476 0.546 -5.203 -6.053 -6.343 -4.033 -5.445 -6.335
thin4 3 thin_disk 9.301029996 0 0.01471 1.725759983 1.706 115.2531078 3535.900211 0.544 -5.207 -6.057 -6.348 -4.035 -5.449 -6.34
thin4 3 thin_disk 9.301029996 0 0.01471 1.725760102 1.706 115.6252394 3534.272244 0.542 -5.21 -6.061 -6.352 -4.037 -5.453 -6.344
thin4 3 thin_disk 9.301029996 0 0.01471 1.725760341 1.706 115.2531078 3535.900211 0.544 -5.205 -6.055 -6.346 -4.034 -5.447 -6.338
thin4 3 thin_disk 9.301029996 0 0.01471 1.72576046 1.706 114.644347 3539.158396 0.549 -5.197 -6.046 -6.336 -4.029 -5.439 -6.329
thin4 3 thin_disk 9.301029996 0 0.01471 1.725760579 1.706 113.7241357 3543.235349 0.556 -5.182 -6.031 -6.32 -4.019 -5.423 -6.312
thin4 3 thin_disk 9.301029996 0 0.01471 1.725760698 1.706 113.1755581 3545.683775 0.56 -5.174 -6.022 -6.311 -4.014 -5.415 -6.303
thin4 3 thin_disk 9.301029996 0 0.01471 1.725761056 1.706 110.5993679 3557.951306 0.579 -5.137 -5.982 -6.268 -3.987 -5.376 -6.26
thin4 3 thin_disk 9.301029996 0 0.01471 1.725761294 1.706 109.3081754 3564.511334 0.59 -5.115 -5.959 -6.243 -3.972 -5.354 -6.236
thin4 3 thin_disk 9.301029996 0 0.01471 1.725761414 1.706 108.5557032 3568.617493 0.596 -5.103 -5.946 -6.229 -3.963 -5.341 -6.222
thin4 3 thin_disk 9.301029996 0 0.01471 1.725761652 1.706 106.6479827 3577.667699 0.611 -5.073 -5.914 -6.195 -3.941 -5.311 -6.188
thin4 3 thin_disk 9.301029996 0 0.01471 1.725763917 1.706 111.3147319 3554.67582 0.574 -5.146 -5.992 -6.278 -3.994 -5.386 -6.271
thin4 3 thin_disk 9.301029996 0 0.01471 1.725765943 1.706 100.5894989 3608.27808 0.663 -4.971 -5.804 -6.079 -3.865 -5.205 -6.072
thin4 3 thin_disk 9.301029996 0 0.01471 1.72576797 1.705 102.1533574 3599.15044 0.649 -4.997 -5.833 -6.11 -3.884 -5.232 -6.102
thin4 3 thin_disk 9.301029996 0 0.01471 1.725769877 1.705 106.2313364 3578.491583 0.615 -5.064 -5.905 -6.186 -3.933 -5.302 -6.179
thin4 3 thin_disk 9.301029996 0 0.01471 1.725772142 1.705 111.6998641 3550.585703 0.571 -5.151 -5.998 -6.285 -3.996 -5.392 -6.278
thin4 3 thin_disk 9.301029996 0 0.01471 1.725774884 1.705 117.5851953 3522.89744 0.526 -5.238 -6.091 -6.385 -4.051 -5.482 -6.377
thin4 3 thin_disk 9.301029996 0 0.01471 1.72577846 1.704 124.3519629 3491.403155 0.477 -5.335 -6.194 -6.494 -4.111 -5.581 -6.486
thin4 3 thin_disk 9.301029996 0 0.01471 1.725783944 1.704 131.2358973 3461.784268 0.431 -5.426 -6.29 -6.598 -4.166 -5.674 -6.59
thin4 3 thin_disk 9.301029996 0 0.01471 1.725786805 1.703 133.9222215 3450.642762 0.413 -5.462 -6.328 -6.639 -4.183 -5.711 -6.63
thin4 3 thin_disk 9.301029996 0 0.01471 1.725787163 1.703 133.9222215 3450.642762 0.413 -5.462 -6.328 -6.639 -4.183 -5.711 -6.63
thin4 3 thin_disk 9.301029996 0 0.01471 1.72578764 1.703 84.30486647 3684.681891 0.815 -4.652 -5.468 -5.726 -3.603 -4.877 -5.719
thin4 3 thin_disk 9.301029996 0 0.01471 1.725787997 1.703 75.10219752 3749.730022 0.915 -4.457 -5.256 -5.502 -3.448 -4.674 -5.496
thin4 3 thin_disk 9.301029996 0 0.01471 1.725789189 1.703 52.07780185 3962.780343 1.233 -3.844 -4.579 -4.786 -2.936 -4.029 -4.781
thin4 3 thin_disk 9.301029996 0 0.01471 1.725790858 1.702 52.77796549 3954.576671 1.221 -3.866 -4.604 -4.813 -2.955 -4.052 -4.807
thin4 3 thin_disk 9.301029996 0 0.01471 1.725793123 1.702 62.9292629 3849.461673 1.069 -4.156 -4.926 -5.153 -3.198 -4.358 -5.147
thin4 3 thin_disk 9.301029996 0 0.01471 1.725796104 1.702 83.24394332 3688.926481 0.826 -4.627 -5.443 -5.7 -3.581 -4.852 -5.693
thin4 3 thin_disk 9.301029996 0 0.01471 1.72579968 1.701 107.3625072 3547.316998 0.604 -5.061 -5.911 -6.197 -3.904 -5.303 -6.19
thin4 3 thin_disk 9.301029996 0 0.01471 1.725803971 1.701 127.6005789 3454.617749 0.454 -5.358 -6.226 -6.534 -4.086 -5.608 -6.525
thin4 3 thin_disk 9.301029996 0 0.01471 1.725808859 1.7 139.9434721 3404.865806 0.374 -5.518 -6.393 -6.714 -4.167 -5.771 -6.705
thin4 3 thin_disk 9.301029996 0 0.01471 1.725814462 1.7 146.1008171 3380.648362 0.336 -5.591 -6.47 -6.796 -4.196 -5.845 -6.787
thin4 3 thin_disk 9.301029996 0 0.01471 1.72582078 1.699 149.6072517 3365.890629 0.315 -5.631 -6.511 -6.842 -4.204 -5.885 -6.832
thin4 3 thin_disk 9.301029996 0 0.01471 1.725821018 1.699 105.9870111 3545.683775 0.615 -5.031 -5.882 -6.168 -3.872 -5.273 -6.161
thin4 3 thin_disk 9.301029996 0 0.01471 1.725821614 1.699 83.84026548 3673.668801 0.818 -4.631 -5.451 -5.71 -3.574 -4.858 -5.703
thin4 3 thin_disk 9.301029996 0 0.01471 1.725822926 1.698 58.08348216 3884.185834 1.137 -4.013 -4.774 -4.994 -3.071 -4.21 -4.988
thin4 3 thin_disk 9.301029996 0 0.01471 1.725824714 1.698 58.86438959 3876.144867 1.126 -4.034 -4.797 -5.019 -3.089 -4.232 -5.013
thin4 3 thin_disk 9.301029996 0 0.01471 1.725827098 1.698 69.89605185 3776.591401 0.977 -4.321 -5.114 -5.354 -3.327 -4.534 -5.347
thin4 3 thin_disk 9.301029996 0 0.01471 1.725830197 1.698 91.97136769 3622.429984 0.737 -4.79 -5.622 -5.892 -3.697 -5.023 -5.885
thin4 3 thin_disk 9.301029996 0 0.01471 1.725834012 1.697 118.209572 3487.385841 0.52 -5.218 -6.08 -6.38 -3.991 -5.466 -6.372
thin4 3 thin_disk 9.301029996 0 0.01471 1.725838542 1.697 139.7502665 3399.382231 0.374 -5.511 -6.387 -6.708 -4.152 -5.764 -6.699
thin4 3 thin_disk 9.301029996 0 0.01471 1.725843668 1.696 152.8103058 3353.513045 0.297 -5.666 -6.548 -6.882 -4.212 -5.92 -6.872
thin4 3 thin_disk 9.301029996 0 0.01471 1.725849628 1.695 158.9837164 3333.496473 0.262 -5.735 -6.619 -6.959 -4.234 -5.99 -6.949
thin4 3 thin_disk 9.301029996 0 0.01471 1.725856304 1.694 162.2380228 3322.767852 0.244 -5.771 -6.657 -6.999 -4.245 -6.026 -6.989
thin4 3 thin_disk 9.301029996 0 0.01471 1.725856543 1.694 116.3731111 3494.620337 0.533 -5.191 -6.052 -6.35 -3.971 -5.438 -6.342
thin4 3 thin_disk 9.301029996 0 0.01471 1.725857258 1.694 92.16216002 3620.762178 0.736 -4.791 -5.623 -5.894 -3.696 -5.024 -5.886
thin4 3 thin_disk 9.301029996 0 0.01471 1.725858569 1.694 63.81938942 3829.129021 1.055 -4.168 -4.946 -5.176 -3.201 -4.374 -5.17
thin4 3 thin_disk 9.301029996 0 0.01471 1.725860596 1.694 64.54351971 3822.962166 1.044 -4.188 -4.968 -5.199 -3.218 -4.395 -5.193
thin4 3 thin_disk 9.301029996 0 0.01471 1.725863338 1.693 76.42802638 3725.632385 0.898 -4.471 -5.278 -5.528 -3.449 -4.692 -5.521
thin4 3 thin_disk 9.301029996 0 0.01471 1.725866795 1.693 100.0812325 3576.020502 0.663 -4.932 -5.776 -6.056 -3.799 -5.171 -6.048
thin4 3 thin_disk 9.301029996 0 0.01471 1.725870967 1.692 127.7181576 3445.085463 0.451 -5.354 -6.223 -6.533 -4.067 -5.604 -6.524
thin4 3 thin_disk 9.301029996 0 0.01471 1.725875974 1.692 150.5055949 3359.696137 0.308 -5.639 -6.52 -6.852 -4.198 -5.893 -6.842
thin4 3 thin_disk 9.301029996 0 0.01471 1.725881696 1.691 163.7768994 3316.652722 0.234 -5.787 -6.673 -7.018 -4.247 -6.042 -7.007
thin4 3 thin_disk 9.301029996 0 0.01471 1.725888252 1.69 169.8449525 3298.374772 0.203 -5.849 -6.737 -7.087 -4.257 -6.104 -7.077
thin4 3 thin_disk 9.301029996 0 0.01471 1.725895643 1.689 172.6842167 3290.031075 0.188 -5.878 -6.768 -7.12 -4.26 -6.133 -7.11
thin4 3 thin_disk 9.301029996 0 0.01471 1.725895882 1.689 125.7050268 3454.617749 0.464 -5.325 -6.193 -6.501 -4.054 -5.575 -6.492
thin4 3 thin_disk 9.301029996 0 0.01471 1.725896716 1.688 99.62140096 3580.139918 0.667 -4.925 -5.768 -6.047 -3.796 -5.163 -6.039
thin4 3 thin_disk 9.301029996 0 0.01471 1.725898147 1.688 68.88943848 3788.785337 0.987 -4.3 -5.09 -5.328 -3.313 -4.512 -5.321
thin4 3 thin_disk 9.301029996 0 0.01471 1.725900292 1.688 69.70318849 3781.812561 0.976 -4.32 -5.111 -5.35 -3.329 -4.532 -5.344
thin4 3 thin_disk 9.301029996 0 0.01471 1.725903273 1.687 82.31000818 3686.379141 0.832 -4.6 -5.416 -5.674 -3.553 -4.825 -5.667
thin4 3 thin_disk 9.301029996 0 0.01471 1.725906968 1.687 107.2389727 3539.158396 0.602 -5.051 -5.903 -6.191 -3.884 -5.294 -6.183
thin4 3 thin_disk 9.301029996 0 0.01471 1.725911498 1.686 136.317824 3410.358227 0.393 -5.465 -6.34 -6.659 -4.124 -5.718 -6.65
thin4 3 thin_disk 9.301029996 0 0.01471 1.725916863 1.685 160.0120336 3326.595533 0.254 -5.743 -6.628 -6.97 -4.226 -5.998 -6.96
thin4 3 thin_disk 9.301029996 0 0.01471 1.725923061 1.684 173.7211297 3283.976193 0.182 -5.885 -6.776 -7.13 -4.247 -6.14 -7.119
thin4 3 thin_disk 9.301029996 0 0.01471 1.725930095 1.683 179.8674778 3266.630405 0.152 -5.944 -6.836 -7.196 -4.249 -6.199 -7.185
thin4 3 thin_disk 9.301029996 0 0.01471 1.725938082 1.682 182.6638659 3258.36701 0.138 -5.97 -6.864 -7.225 -4.25 -6.225 -7.214
thin4 3 thin_disk 9.301029996 0 0.01471 1.72593832 1.681 135.223647 3414.286808 0.399 -5.451 -6.325 -6.642 -4.115 -5.703 -6.633
thin4 3 thin_disk 9.301029996 0 0.01471 1.725939155 1.681 107.2389727 3539.158396 0.6 -5.051 -5.903 -6.191 -3.884 -5.294 -6.183
thin4 3 thin_disk 9.301029996 0 0.01471 1.725940585 1.681 74.1058759 3748.866715 0.921 -4.425 -5.225 -5.471 -3.416 -4.642 -5.464
thin4 3 thin_disk 9.301029996 0 0.01471 1.725942731 1.681 74.98124459 3741.967403 0.911 -4.445 -5.246 -5.493 -3.432 -4.663 -5.487
thin4 3 thin_disk 9.301029996 0 0.01471 1.725945711 1.68 88.19676278 3648.379443 0.77 -4.72 -5.546 -5.811 -3.646 -4.95 -5.804
thin4 3 thin_disk 9.301029996 0 0.01471 1.725949407 1.679 114.3280102 3503.482883 0.544 -5.162 -6.02 -6.317 -3.952 -5.408 -6.308
thin4 3 thin_disk 9.301029996 0 0.01471 1.725954056 1.679 144.7613568 3376.758486 0.34 -5.567 -6.446 -6.773 -4.165 -5.821 -6.764
thin4 3 thin_disk 9.301029996 0 0.01471 1.72595942 1.678 169.2593407 3294.579562 0.203 -5.837 -6.726 -7.077 -4.234 -6.092 -7.066
thin4 3 thin_disk 9.301029996 0 0.01471 1.725965619 1.676 183.4647548 3253.119373 0.133 -5.975 -6.869 -7.233 -4.238 -6.229 -7.221
thin4 3 thin_disk 9.301029996 0 0.01471 1.725972772 1.675 189.5189514 3235.936569 0.104 -6.031 -6.928 -7.296 -4.239 -6.285 -7.285
thin4 3 thin_disk 9.301029996 0 0.01471 1.725980759 1.674 192.3767772 3228.494122 0.091 -6.056 -6.953 -7.324 -4.241 -6.31 -7.312
thin4 3 thin_disk 9.301029996 0 0.01471 1.725980997 1.673 145.2956609 3374.42671 0.335 -5.573 -6.453 -6.78 -4.166 -5.827 -6.771
thin4 3 thin_disk 9.301029996 0 0.01471 1.725981832 1.673 115.3858742 3499.45167 0.535 -5.176 -6.036 -6.333 -3.962 -5.422 -6.325
thin4 3 thin_disk 9.301029996 0 0.01471 1.7259835 1.673 79.58892611 3710.222886 0.857 -4.549 -5.359 -5.612 -3.517 -4.771 -5.606
thin4 3 thin_disk 9.301029996 0 0.01471 1.725985765 1.672 80.62182871 3703.394694 0.846 -4.569 -5.381 -5.636 -3.533 -4.792 -5.629
thin4 3 thin_disk 9.301029996 0 0.01471 1.725988984 1.672 94.613399 3610.771451 0.707 -4.84 -5.675 -5.948 -3.737 -5.075 -5.941
thin4 3 thin_disk 9.301029996 0 0.01471 1.725992918 1.671 122.0260757 3468.166988 0.485 -5.272 -6.138 -6.442 -4.022 -5.522 -6.434
thin4 3 thin_disk 9.301029996 0 0.01471 1.725997806 1.67 153.4803019 3344.259735 0.285 -5.669 -6.552 -6.889 -4.193 -5.924 -6.879
thin4 3 thin_disk 9.301029996 0 0.01471 1.726003647 1.668 178.9586294 3263.623112 0.152 -5.932 -6.825 -7.186 -4.228 -6.187 -7.175
thin4 3 thin_disk 9.301029996 0 0.01471 1.726010323 1.667 193.8441258 3221.810555 0.082 -6.067 -6.966 -7.338 -4.231 -6.321 -7.325
thin4 3 thin_disk 9.301029996 0 0.01471 1.726017952 1.665 200.4715023 3204.793123 0.053 -6.124 -7.024 -7.4 -4.232 -6.376 -7.387
thin4 3 thin_disk 9.301029996 0 0.01471 1.726026535 1.663 203.4944855 3197.422303 0.039 -6.149 -7.051 -7.43 -4.231 -6.402 -7.416
thin4 3 thin_disk 9.301029996 0 0.01471 1.726026773 1.663 157.1276607 3331.961695 0.264 -5.708 -6.592 -6.932 -4.204 -5.963 -6.922
thin4 3 thin_disk 9.301029996 0 0.01471 1.726027608 1.663 124.954714 3457.004939 0.463 -5.314 -6.182 -6.489 -4.046 -5.564 -6.48
thin4 3 thin_disk 9.301029996 0 0.01471 1.726029158 1.662 86.22886007 3668.596944 0.785 -4.687 -5.507 -5.768 -3.627 -4.914 -5.761
thin4 3 thin_disk 9.301029996 0 0.01471 1.726031303 1.662 87.24743036 3661.845359 0.775 -4.707 -5.529 -5.792 -3.642 -4.935 -5.785
thin4 3 thin_disk 9.301029996 0 0.01471 1.726034403 1.661 102.1533574 3570.26128 0.638 -4.972 -5.816 -6.097 -3.834 -5.211 -6.09
thin4 3 thin_disk 9.301029996 0 0.01471 1.726038217 1.66 130.8737796 3430.836328 0.422 -5.394 -6.265 -6.579 -4.084 -5.645 -6.57
thin4 3 thin_disk 9.301029996 0 0.01471 1.726042867 1.659 163.7768994 3309.024632 0.227 -5.779 -6.666 -7.013 -4.219 -6.034 -7.002
thin4 3 thin_disk 9.301029996 0 0.01471 1.72604847 1.657 190.2184528 3229.981241 0.096 -6.033 -6.931 -7.301 -4.221 -6.287 -7.289
thin4 3 thin_disk 9.301029996 0 0.01471 1.726054907 1.656 205.4719984 3189.33398 0.029 -6.164 -7.067 -7.448 -4.219 -6.416 -7.434
thin4 3 thin_disk 9.301029996 0 0.01471 1.726062179 1.654 212.3501856 3171.757679 -0 -6.219 -7.124 -7.511 -4.212 -6.47 -7.496
thin4 3 thin_disk 9.301029996 0 0.01471 1.726070404 1.652 215.6515802 3163.734278 -0.015 -6.246 -7.152 -7.54 -4.208 -6.496 -7.526
thin4 3 thin_disk 9.301029996 0 0.01471 1.726070643 1.651 170.3541213 3287.759187 0.191 -5.845 -6.735 -7.088 -4.217 -6.1 -7.077
thin4 3 thin_disk 9.301029996 0 0.01471 1.726071477 1.651 135.6290266 3411.143581 0.388 -5.456 -6.331 -6.649 -4.116 -5.709 -6.64
thin4 3 thin_disk 9.301029996 0 0.01471 1.726073027 1.651 93.59499918 3624.098559 0.711 -4.827 -5.658 -5.929 -3.735 -5.06 -5.921
thin4 3 thin_disk 9.301029996 0 0.01471 1.726075292 1.65 94.74420257 3616.59602 0.7 -4.848 -5.68 -5.953 -3.75 -5.081 -5.945
thin4 3 thin_disk 9.301029996 0 0.01471 1.726078391 1.649 110.497549 3526.955661 0.566 -5.107 -5.96 -6.252 -3.925 -5.35 -6.244
thin4 3 thin_disk 9.301029996 0 0.01471 1.726082325 1.648 140.6865711 3390.002356 0.355 -5.518 -6.396 -6.72 -4.144 -5.772 -6.711
thin4 3 thin_disk 9.301029996 0 0.01471 1.726087093 1.646 175.1671423 3270.393418 0.165 -5.89 -6.783 -7.141 -4.208 -6.145 -7.13
thin4 3 thin_disk 9.301029996 0 0.01471 1.726092696 1.644 202.7461635 3192.272818 0.038 -6.136 -7.038 -7.418 -4.202 -6.388 -7.405
thin4 3 thin_disk 9.301029996 0 0.01471 1.726099253 1.642 218.5006055 3152.100095 -0.028 -6.263 -7.171 -7.562 -4.187 -6.513 -7.546
thin4 3 thin_disk 9.301029996 0 0.01471 1.726106763 1.64 225.8149261 3134.728988 -0.057 -6.317 -7.227 -7.622 -4.18 -6.565 -7.606
thin4 3 thin_disk 9.301029996 0 0.01471 1.726115108 1.637 229.2728581 3125.359644 -0.072 -6.343 -7.254 -7.652 -4.174 -6.59 -7.635
thin4 3 thin_disk 9.301029996 0 0.01471 1.726115346 1.637 185.4610204 3237.427116 0.113 -5.984 -6.881 -7.249 -4.196 -6.238 -7.237
thin4 3 thin_disk 9.301029996 0 0.01471 1.726116061 1.636 147.8606615 3360.469825 0.309 -5.601 -6.482 -6.814 -4.162 -5.856 -6.805
thin4 3 thin_disk 9.301029996 0 0.01471 1.726117492 1.636 101.9184112 3574.374063 0.633 -4.97 -5.813 -6.094 -3.836 -5.208 -6.086
thin4 3 thin_disk 9.301029996 0 0.01471 1.726119638 1.635 103.0036572 3567.795883 0.623 -4.99 -5.834 -6.117 -3.849 -5.229 -6.109
thin4 3 thin_disk 9.301029996 0 0.01471 1.726122379 1.634 119.8540309 3479.365076 0.492 -5.242 -6.105 -6.407 -4.005 -5.49 -6.399
thin4 3 thin_disk 9.301029996 0 0.01471 1.726125956 1.632 151.339622 3346.570666 0.288 -5.64 -6.523 -6.859 -4.169 -5.895 -6.849
thin4 3 thin_disk 9.301029996 0 0.01471 1.726130366 1.631 186.8756193 3230.725057 0.104 -5.996 -6.894 -7.264 -4.186 -6.251 -7.252
thin4 3 thin_disk 9.301029996 0 0.01471 1.726135492 1.628 215.1060596 3155.004623 -0.018 -6.231 -7.139 -7.529 -4.166 -6.481 -7.514
thin4 3 thin_disk 9.301029996 0 0.01471 1.726141453 1.626 231.0748314 3116.735875 -0.081 -6.352 -7.263 -7.664 -4.152 -6.598 -7.646
thin4 3 thin_disk 9.301029996 0 0.01471 1.726148367 1.623 238.1511291 3100.273442 -0.108 -6.401 -7.315 -7.72 -4.143 -6.646 -7.701
thin4 3 thin_disk 9.301029996 0 0.01471 1.726155996 1.62 241.2974014 3092.43087 -0.121 -6.423 -7.338 -7.745 -4.137 -6.668 -7.726
thin4 3 thin_disk 9.301029996 0 0.01471 1.726156235 1.62 199.6423369 3193.007951 0.045 -6.104 -7.006 -7.385 -4.173 -6.355 -7.371
thin4 3 thin_disk 9.301029996 0 0.01471 1.72615695 1.619 159.3869077 3315.889122 0.239 -5.727 -6.613 -6.958 -4.185 -5.982 -6.948
thin4 3 thin_disk 9.301029996 0 0.01471 1.726158381 1.619 109.7368892 3531.018557 0.564 -5.095 -5.947 -6.238 -3.918 -5.338 -6.23
thin4 3 thin_disk 9.301029996 0 0.01471 1.726160407 1.617 111.0842903 3523.70871 0.553 -5.115 -5.968 -6.261 -3.929 -5.358 -6.253
thin4 3 thin_disk 9.301029996 0 0.01471 1.726163149 1.616 128.751603 3437.161986 0.425 -5.363 -6.233 -6.545 -4.064 -5.614 -6.537
thin4 3 thin_disk 9.301029996 0 0.01471 1.726166725 1.614 161.566994 3306.739628 0.226 -5.748 -6.636 -6.983 -4.183 -6.003 -6.973
thin4 3 thin_disk 9.301029996 0 0.01471 1.726171017 1.612 198.4050147 3193.743253 0.048 -6.091 -6.993 -7.372 -4.163 -6.343 -7.358
thin4 3 thin_disk 9.301029996 0 0.01471 1.726176024 1.609 227.1185699 3120.326217 -0.071 -6.317 -7.229 -7.628 -4.132 -6.564 -7.61
thin4 3 thin_disk 9.301029996 0 0.01471 1.726181984 1.605 243.3059025 3083.18795 -0.132 -6.432 -7.348 -7.757 -4.119 -6.675 -7.737
thin4 3 thin_disk 9.301029996 0 0.01471 1.72618866 1.602 250.4682289 3066.902715 -0.158 -6.479 -7.397 -7.809 -4.121 -6.719 -7.788
thin4 3 thin_disk 9.301029996 0 0.01471 1.72619617 1.598 254.0695655 3059.144559 -0.171 -6.5 -7.419 -7.834 -4.121 -6.74 -7.812
thin4 3 thin_disk 9.301029996 0 0.01471 1.726196408 1.597 214.7596289 3148.473193 -0.025 -6.221 -7.129 -7.521 -4.134 -6.47 -7.505
thin4 3 thin_disk 9.301029996 0 0.01471 1.726197123 1.597 171.9699816 3270.393418 0.168 -5.849 -6.742 -7.1 -4.169 -6.104 -7.089
thin4 3 thin_disk 9.301029996 0 0.01471 1.726198435 1.596 118.155147 3488.188934 0.494 -5.219 -6.08 -6.38 -3.991 -5.466 -6.372
thin4 3 thin_disk 9.301029996 0 0.01471 1.726200342 1.594 119.4682893 3480.967752 0.483 -5.238 -6.1 -6.403 -4.002 -5.486 -6.394
thin4 3 thin_disk 9.301029996 0 0.01471 1.726202846 1.592 138.0551604 3394.689054 0.357 -5.481 -6.358 -6.681 -4.115 -5.735 -6.672
thin4 3 thin_disk 9.301029996 0 0.01471 1.726206183 1.59 172.287054 3267.382661 0.164 -5.852 -6.745 -7.104 -4.162 -6.107 -7.093
thin4 3 thin_disk 9.301029996 0 0.01471 1.726210237 1.587 210.1612509 3157.184776 -0.009 -6.182 -7.089 -7.478 -4.125 -6.432 -7.463
thin4 3 thin_disk 9.301029996 0 0.01471 1.726214886 1.583 239.360589 3085.318477 -0.124 -6.399 -7.315 -7.723 -4.093 -6.642 -7.703
thin4 3 thin_disk 9.301029996 0 0.01471 1.726220369 1.579 256.0074742 3049.29892 -0.183 -6.507 -7.427 -7.844 -4.101 -6.745 -7.821
thin4 3 thin_disk 9.301029996 0 0.01471 1.726226687 1.574 263.2404623 3033.192685 -0.208 -6.551 -7.473 -7.894 -4.1 -6.787 -7.87
thin4 3 thin_disk 9.301029996 0 0.01471 1.726233721 1.569 266.7181959 3025.519804 -0.221 -6.572 -7.495 -7.917 -4.097 -6.806 -7.892
thin4 3 thin_disk 9.301029996 0 0.01471 1.726233959 1.569 230.3311335 3103.844819 -0.094 -6.331 -7.245 -7.648 -4.087 -6.577 -7.63
thin4 3 thin_disk 9.301029996 0 0.01471 1.726234555 1.568 184.6939395 3225.521938 0.098 -5.964 -6.863 -7.234 -4.14 -6.218 -7.221
thin4 3 thin_disk 9.301029996 0 0.01471 1.726235747 1.567 126.751365 3444.292294 0.424 -5.336 -6.205 -6.516 -4.048 -5.587 -6.507
thin4 3 thin_disk 9.301029996 0 0.01471 1.726237655 1.565 128.3667793 3436.370641 0.413 -5.356 -6.226 -6.538 -4.056 -5.607 -6.53
thin4 3 thin_disk 9.301029996 0 0.01471 1.726240039 1.562 147.9287695 3351.96905 0.289 -5.594 -6.476 -6.811 -4.135 -5.849 -6.801
thin4 3 thin_disk 9.301029996 0 0.01471 1.726243138 1.559 183.4647548 3227.007688 0.101 -5.952 -6.85 -7.221 -4.131 -6.206 -7.208
thin4 3 thin_disk 9.301029996 0 0.01471 1.726246834 1.555 222.4091472 3118.889584 -0.067 -6.27 -7.182 -7.581 -4.08 -6.516 -7.563
thin4 3 thin_disk 9.301029996 0 0.01471 1.726251364 1.55 252.611225 3048.596874 -0.179 -6.477 -7.397 -7.814 -4.071 -6.715 -7.791
thin4 3 thin_disk 9.301029996 0 0.01471 1.72625649 1.545 269.3721204 3012.312334 -0.237 -6.582 -7.506 -7.931 -4.075 -6.814 -7.904
thin4 3 thin_disk 9.301029996 0 0.01471 1.726262331 1.539 276.9827003 2996.40146 -0.263 -6.624 -7.551 -7.979 -4.079 -6.853 -7.95
thin4 3 thin_disk 9.301029996 0 0.01471 1.726269007 1.532 280.9005858 2987.445561 -0.276 -6.644 -7.571 -8.002 -4.077 -6.871 -7.971
thin4 3 thin_disk 9.301029996 0 0.01471 1.726269126 1.532 247.5441371 3054.921113 -0.167 -6.441 -7.361 -7.775 -4.053 -6.68 -7.753
thin4 3 thin_disk 9.301029996 0 0.01471 1.726269841 1.531 198.7708271 3176.142653 0.023 -6.08 -6.985 -7.369 -4.091 -6.331 -7.354
thin4 3 thin_disk 9.301029996 0 0.01471 1.726270914 1.529 136.3492159 3396.252726 0.35 -5.455 -6.331 -6.654 -4.091 -5.708 -6.645
thin4 3 thin_disk 9.301029996 0 0.01471 1.726272583 1.527 138.0869524 3388.441561 0.339 -5.475 -6.352 -6.677 -4.098 -5.728 -6.667
thin4 3 thin_disk 9.301029996 0 0.01471 1.726274848 1.523 158.9105186 3303.69541 0.216 -5.708 -6.595 -6.944 -4.133 -5.963 -6.933
thin4 3 thin_disk 9.301029996 0 0.01471 1.726277828 1.519 195.7729319 3181.998716 0.033 -6.052 -6.956 -7.339 -4.083 -6.304 -7.324
thin4 3 thin_disk 9.301029996 0 0.01471 1.726281285 1.514 236.1308035 3076.096815 -0.131 -6.359 -7.276 -7.685 -4.028 -6.6 -7.665
thin4 3 thin_disk 9.301029996 0 0.01471 1.726285458 1.508 266.9639656 3006.768557 -0.239 -6.556 -7.481 -7.907 -4.038 -6.787 -7.879
thin4 3 thin_disk 9.301029996 0 0.01471 1.726290226 1.501 284.3496152 2970.981859 -0.296 -6.654 -7.584 -8.017 -4.049 -6.878 -7.985
thin4 3 thin_disk 9.301029996 0 0.01471 1.72629571 1.493 292.1814533 2954.608888 -0.322 -6.695 -7.627 -8.064 -4.048 -6.916 -8.029
thin4 3 thin_disk 9.301029996 0 0.01471 1.726301908 1.484 296.5873645 2944.421634 -0.337 -6.714 -7.647 -8.086 -4.045 -6.932 -8.05
thin4 3 thin_disk 9.301029996 0 0.01471 1.726302028 1.484 266.5953959 3001.926122 -0.245 -6.547 -7.473 -7.899 -4.017 -6.777 -7.871
thin4 3 thin_disk 9.301029996 0 0.01471 1.726302624 1.483 214.3643912 3122.482406 -0.056 -6.193 -7.105 -7.503 -4.016 -6.44 -7.485
thin4 3 thin_disk 9.301029996 0 0.01471 1.726303697 1.48 146.808988 3343.48978 0.272 -5.571 -6.453 -6.79 -4.093 -5.825 -6.781
thin4 3 thin_disk 9.301029996 0 0.01471 1.726305246 1.477 148.5089559 3335.799967 0.261 -5.59 -6.474 -6.813 -4.094 -5.845 -6.803
thin4 3 thin_disk 9.301029996 0 0.01471 1.726307392 1.473 170.5896369 3251.621601 0.139 -5.816 -6.712 -7.075 -4.075 -6.071 -7.064
thin4 3 thin_disk 9.301029996 0 0.01471 1.726310015 1.467 209.1956477 3131.843125 -0.04 -6.15 -7.061 -7.456 -4.006 -6.398 -7.44
thin4 3 thin_disk 9.301029996 0 0.01471 1.726313353 1.46 251.1612552 3027.610481 -0.2 -6.444 -7.367 -7.787 -3.98 -6.678 -7.762
thin4 3 thin_disk 9.301029996 0 0.01471 1.726317167 1.452 282.8476956 2960.056495 -0.306 -6.631 -7.562 -7.996 -4.001 -6.852 -7.963
thin4 3 thin_disk 9.301029996 0 0.01471 1.726321578 1.443 300.7133057 2924.152378 -0.362 -6.722 -7.658 -8.101 -4.011 -6.936 -8.062
thin4 3 thin_disk 9.301029996 0 0.01471 1.726326704 1.432 309.2805755 2906.69859 -0.389 -6.76 -7.698 -8.146 -4.009 -6.969 -8.104
thin4 3 thin_disk 9.301029996 0 0.01471 1.726332426 1.421 313.3665562 2896.009619 -0.405 -6.775 -7.716 -8.168 -3.999 -6.983 -8.125
thin4 3 thin_disk 9.301029996 0 0.01471 1.726332545 1.42 286.9806698 2943.743734 -0.328 -6.645 -7.577 -8.015 -3.977 -6.862 -7.979
thin4 3 thin_disk 9.301029996 0 0.01471 1.726333141 1.418 231.0748314 3063.373845 -0.141 -6.3 -7.219 -7.631 -3.938 -6.54 -7.609
thin4 3 thin_disk 9.301029996 0 0.01471 1.726334095 1.415 158.0347686 3286.245467 0.189 -5.68 -6.571 -6.924 -4.048 -5.935 -6.913
thin4 3 thin_disk 9.301029996 0 0.01471 1.726335645 1.41 160.0120336 3277.177768 0.176 -5.699 -6.591 -6.947 -4.039 -5.955 -6.936
thin4 3 thin_disk 9.301029996 0 0.01471 1.726337671 1.404 183.5492629 3193.007951 0.055 -5.922 -6.824 -7.203 -3.992 -6.174 -7.189
thin4 3 thin_disk 9.301029996 0 0.01471 1.726340175 1.395 224.3637266 3073.264929 -0.122 -6.246 -7.164 -7.573 -3.911 -6.487 -7.552
thin4 3 thin_disk 9.301029996 0 0.01471 1.726343274 1.385 268.2579768 2970.297844 -0.28 -6.527 -7.456 -7.887 -3.925 -6.75 -7.854
thin4 3 thin_disk 9.301029996 0 0.01471 1.72634685 1.374 301.4759309 2902.017319 -0.386 -6.702 -7.64 -8.087 -3.945 -6.911 -8.045
thin4 3 thin_disk 9.301029996 0 0.01471 1.726351142 1.36 320.5919734 2864.837547 -0.443 -6.784 -7.728 -8.187 -3.946 -6.983 -8.139
thin4 3 thin_disk 9.301029996 0 0.01471 1.72635591 1.345 329.4220343 2845.771332 -0.472 -6.816 -7.764 -8.228 -3.939 -7.009 -8.177
thin4 3 thin_disk 9.301029996 0 0.01471 1.726361394 1.328 334.9289168 2832.044023 -0.491 -6.831 -7.782 -8.249 -3.927 -7.02 -8.196
thin4 3 thin_disk 9.301029996 0 0.01471 1.726361513 1.327 312.2860934 2869.458843 -0.431 -6.736 -7.679 -8.134 -3.91 -6.936 -8.087
thin4 3 thin_disk 9.301029996 0 0.01471 1.726362109 1.324 251.5664058 2988.821647 -0.244 -6.408 -7.335 -7.762 -3.854 -6.635 -7.732
thin4 3 thin_disk 9.301029996 0 0.01471 1.726362944 1.319 171.5349597 3212.920651 0.087 -5.792 -6.692 -7.066 -3.928 -6.045 -7.053
thin4 3 thin_disk 9.301029996 0 0.01471 1.726364374 1.312 173.8411734 3202.580095 0.073 -5.812 -6.713 -7.089 -3.915 -6.064 -7.076
thin4 3 thin_disk 9.301029996 0 0.01471 1.726366282 1.301 199.4126224 3116.735875 -0.05 -6.031 -6.944 -7.342 -3.837 -6.277 -7.325
thin4 3 thin_disk 9.301029996 0 0.01471 1.726368666 1.288 243.4740303 2996.40146 -0.227 -6.345 -7.271 -7.696 -3.81 -6.573 -7.666
thin4 3 thin_disk 9.301029996 0 0.01471 1.726371527 1.273 290.2369121 2892.011396 -0.385 -6.611 -7.549 -7.995 -3.838 -6.816 -7.951
thin4 3 thin_disk 9.301029996 0 0.01471 1.726374984 1.255 326.1764824 2822.279362 -0.493 -6.766 -7.715 -8.181 -3.849 -6.951 -8.126
thin4 3 thin_disk 9.301029996 0 0.01471 1.726378918 1.234 347.0185133 2782.274658 -0.554 -6.83 -7.79 -8.273 -3.838 -7.005 -8.211
thin4 3 thin_disk 9.301029996 0 0.01471 1.726383448 1.211 357.8925391 2758.671575 -0.589 -6.85 -7.819 -8.312 -3.812 -7.02 -8.246
thin4 3 thin_disk 9.301029996 0 0.01471 1.726388574 1.186 364.462328 2741.574172 -0.614 -6.849 -7.827 -8.332 -3.776 -7.016 -8.263
thin4 3 thin_disk 9.301029996 0 0.01471 1.726388693 1.184 345.662801 2770.129039 -0.569 -6.803 -7.765 -8.25 -3.792 -6.974 -8.185
thin4 3 thin_disk 9.301029996 0 0.01471 1.72638917 1.18 278.1971297 2890.014355 -0.382 -6.518 -7.455 -7.9 -3.743 -6.721 -7.855
thin4 3 thin_disk 9.301029996 0 0.01471 1.726390123 1.171 188.2143121 3118.889584 -0.046 -5.908 -6.821 -7.219 -3.722 -6.155 -7.201
thin4 3 thin_disk 9.301029996 0 0.01471 1.726391315 1.159 190.920536 3107.42031 -0.063 -5.928 -6.842 -7.244 -3.701 -6.174 -7.225
thin4 3 thin_disk 9.301029996 0 0.01471 1.726393104 1.143 219.4586205 3019.256431 -0.189 -6.143 -7.068 -7.489 -3.661 -6.377 -7.463
thin4 3 thin_disk 9.301029996 0 0.01471 1.726395369 1.124 267.7026343 2897.343588 -0.37 -6.445 -7.38 -7.823 -3.688 -6.65 -7.78
thin4 3 thin_disk 9.301029996 0 0.01471 1.726397991 1.1 319.0455157 2791.900908 -0.531 -6.68 -7.63 -8.099 -3.718 -6.854 -8.039
thin4 3 thin_disk 9.301029996 0 0.01471 1.72640121 1.072 358.3048154 2720.821182 -0.643 -6.776 -7.759 -8.27 -3.669 -6.937 -8.198
thin4 3 thin_disk 9.301029996 0 0.01471 1.726404905 1.041 381.4631975 2679.785297 -0.71 -6.679 -7.745 -8.342 -3.407 -6.856 -8.26
thin4 3 thin_disk 9.301029996 0 0.01471 1.726409197 1.007 393.1448987 2656.439932 -0.751 -6.627 -7.733 -8.369 -3.277 -6.811 -8.283
thin4 3 thin_disk 9.301029996 0 0.01471 1.726413965 0.97 400.3618108 2639.976129 -0.783 -6.521 -7.684 -8.372 -3.079 -6.721 -8.282
thin4 3 thin_disk 9.301029996 0 0.01471 1.72643435 0.611 3.335436253e-06 10000 1.39 30.019 30.042 30.052 29.986 30.033 30.051
