# component component_index family logAge MH Zini Mini Mass radius_rsun Teff_K logg Jmag_2mass Hmag_2mass Ksmag_2mass F087mag F146mag F213mag
thin4 3 thin_disk 9.301029996 -0.5 0.0048313 0.0900000036 0.09 0.1118542898 2543.899793 5.292 10.889 10.435 10.236 12.478 10.983 10.307
thin4 3 thin_disk 9.301029996 -0.5 0.0048313 0.0901759788 0.09 0.1120605229 2547.416749 5.292 10.88 10.426 10.227 12.468 10.973 10.298
thin4 3 thin_disk 9.301029996 -0.5 0.0048313 0.0921405777 0.092 0.1144070124 2582.854846 5.283 10.775 10.32 10.12 12.363 10.868 10.191
thin4 3 thin_disk 9.301029996 -0.5 0.0048313 0.1000000015 0.1 0.1238946762 2724.582733 5.249 10.424 9.942 9.725 11.881 10.48 9.791
thin4 3 thin_disk 9.301029996 -0.5 0.0048313 0.1199999973 0.12 0.145496533 2933.593941 5.189 9.85 9.33 9.099 11.097 9.85 9.157
thin4 3 thin_disk 9.301029996 -0.5 0.0048313 0.1400000006 0.14 0.1646465538 3067.608977 5.148 9.444 8.909 8.677 10.585 9.418 8.729
thin4 3 thin_disk 9.301029996 -0.5 0.0048313 0.1599999964 0.16 0.1823276964 3161.549603 5.117 9.128 8.585 8.354 10.206 9.087 8.402
thin4 3 thin_disk 9.301029996 -0.5 0.0048313 0.1999999881 0.2 0.2153042709 3294.579562 5.07 8.642 8.09 7.863 9.645 8.583 7.906
thin4 3 thin_disk 9.301029996 -0.5 0.0048313 0.2080362439 0.208 0.2215912691 3313.599378 5.062 8.562 8.008 7.783 9.555 8.501 7.824
thin4 3 thin_disk 9.301029996 -0.5 0.0048313 0.25 0.25 0.2533101808 3404.081897 5.026 8.185 7.626 7.404 9.138 8.114 7.442
thin4 3 thin_disk 9.301029996 -0.5 0.0048313 0.3343403637 0.334 0.3211091233 3527.767866 4.946 7.56 6.99 6.774 8.464 7.475 6.807
thin4 3 thin_disk 9.301029996 -0.5 0.0048313 0.3476651907 0.348 0.3335436253 3544.051303 4.93 7.462 6.891 6.675 8.361 7.375 6.708
thin4 3 thin_disk 9.301029996 -0.5 0.0048313 0.3499999642 0.35 0.3352375398 3547.316998 4.928 7.447 6.876 6.66 8.344 7.36 6.693
thin4 3 thin_disk 9.301029996 -0.5 0.0048313 0.358477354 0.359 0.3430462252 3563.69067 4.919 7.386 6.812 6.597 8.277 7.296 6.629
thin4 3 thin_disk 9.301029996 -0.5 0.0048313 0.3999999762 0.4 0.3777919023 3640.826638 4.883 7.109 6.528 6.316 7.973 7.011 6.344
thin4 3 thin_disk 9.301029996 -0.5 0.0048313 0.4499999881 0.45 0.4274178396 3761.837228 4.826 6.742 6.15 5.943 7.568 6.631 5.966
thin4 3 thin_disk 9.301029996 -0.5 0.0048313 0.4999999404 0.5 0.4795707037 3925.54536 4.772 6.36 5.751 5.56 7.141 6.234 5.577
thin4 3 thin_disk 9.301029996 -0.5 0.0048313 0.5455586314 0.545 0.5236639109 4133.329237 4.733 6 5.369 5.212 6.737 5.86 5.224
thin4 3 thin_disk 9.301029996 -0.5 0.0048313 0.5500000119 0.55 0.5285093134 4152.407818 4.73 5.967 5.334 5.18 6.7 5.826 5.192
thin4 3 thin_disk 9.301029996 -0.5 0.0048313 0.5999999642 0.6 0.5678748627 4433.023158 4.705 5.598 4.976 4.862 6.278 5.459 4.869
thin4 3 thin_disk 9.301029996 -0.5 0.0048313 0.6257867813 0.626 0.5853999013 4593.037593 4.696 5.422 4.831 4.732 6.066 5.295 4.738
thin4 3 thin_disk 9.301029996 -0.5 0.0048313 0.6499999166 0.65 0.6018006394 4743.511961 4.689 5.265 4.712 4.622 5.874 5.152 4.627
thin4 3 thin_disk 9.301029996 -0.5 0.0048313 0.683996141 0.684 0.62611289 4948.801109 4.676 5.058 4.563 4.483 5.615 4.966 4.487
thin4 3 thin_disk 9.301029996 -0.5 0.0048313 0.6999999881 0.7 0.6383408607 5044.28946 4.671 4.965 4.495 4.418 5.499 4.882 4.423
thin4 3 thin_disk 9.301029996 -0.5 0.0048313 0.7108107805 0.711 0.6457324995 5108.577662 4.667 4.904 4.449 4.376 5.424 4.826 4.38
thin4 3 thin_disk 9.301029996 -0.5 0.0048313 0.7487857342 0.749 0.6735233317 5332.121047 4.653 4.699 4.295 4.23 5.172 4.638 4.233
thin4 3 thin_disk 9.301029996 -0.5 0.0048313 0.7549679875 0.755 0.6791295768 5365.373995 4.65 4.666 4.269 4.205 5.133 4.607 4.208
thin4 3 thin_disk 9.301029996 -0.5 0.0048313 0.7975714207 0.797 0.7168902021 5585.988021 4.626 4.447 4.092 4.035 4.872 4.4 4.038
thin4 3 thin_disk 9.301029996 -0.5 0.0048313 0.8463187814 0.846 0.7676312472 5814.334323 4.592 4.204 3.886 3.839 4.593 4.168 3.841
thin4 3 thin_disk 9.301029996 -0.5 0.0048313 0.8463571072 0.846 0.7676312472 5814.334323 4.593 4.204 3.886 3.838 4.593 4.168 3.841
thin4 3 thin_disk 9.301029996 -0.5 0.0048313 0.8723712564 0.872 0.7979076792 5923.794716 4.571 4.076 3.775 3.731 4.45 4.046 3.734
thin4 3 thin_disk 9.301029996 -0.5 0.0048313 0.8951427937 0.894 0.8253775363 6018.662629 4.553 3.968 3.68 3.64 4.328 3.941 3.642
thin4 3 thin_disk 9.301029996 -0.5 0.0048313 0.9110356569 0.91 0.8477204204 6077.150616 4.538 3.892 3.613 3.575 4.243 3.867 3.577
thin4 3 thin_disk 9.301029996 -0.5 0.0048313 0.9390814304 0.938 0.8864467352 6180.164001 4.512 3.758 3.493 3.459 4.095 3.737 3.461
thin4 3 thin_disk 9.301029996 -0.5 0.0048313 0.9439284801 0.943 0.8938253031 6197.264039 4.507 3.735 3.472 3.438 4.07 3.714 3.44
thin4 3 thin_disk 9.301029996 -0.5 0.0048313 0.9660896063 0.966 0.9277963184 6274.80162 4.485 3.628 3.376 3.344 3.954 3.61 3.346
thin4 3 thin_disk 9.301029996 -0.5 0.0048313 0.9927142262 0.992 0.9695107855 6365.023332 4.459 3.501 3.26 3.231 3.816 3.486 3.233
thin4 3 thin_disk 9.301029996 -0.5 0.0048313 0.9964508414 0.996 0.9760063536 6376.758944 4.455 3.484 3.244 3.215 3.797 3.469 3.217
thin4 3 thin_disk 9.301029996 -0.5 0.0048313 1.023598552 1.023 1.019888383 6468.446642 4.428 3.356 3.128 3.102 3.659 3.345 3.103
thin4 3 thin_disk 9.301029996 -0.5 0.0048313 1.041499853 1.041 1.050878834 6528.298442 4.41 3.273 3.053 3.028 3.568 3.263 3.029
thin4 3 thin_disk 9.301029996 -0.5 0.0048313 1.043917537 1.043 1.054029206 6537.323852 4.407 3.262 3.043 3.018 3.556 3.253 3.019
thin4 3 thin_disk 9.301029996 -0.5 0.0048313 1.070614457 1.07 1.100405227 6626.741047 4.381 3.14 2.934 2.909 3.423 3.134 2.911
thin4 3 thin_disk 9.301029996 -0.5 0.0048313 1.090285659 1.089 1.135409817 6691.1382 4.362 3.051 2.853 2.83 3.326 3.047 2.831
thin4 3 thin_disk 9.301029996 -0.5 0.0048313 1.106524706 1.105 1.164803441 6748.387309 4.347 2.979 2.79 2.767 3.248 2.977 2.768
thin4 3 thin_disk 9.301029996 -0.5 0.0048313 1.123244405 1.122 1.194132848 6804.55925 4.331 2.906 2.724 2.702 3.168 2.906 2.703
thin4 3 thin_disk 9.301029996 -0.5 0.0048313 1.138557911 1.137 1.223073749 6856.460841 4.317 2.84 2.665 2.642 3.095 2.841 2.644
thin4 3 thin_disk 9.301029996 -0.5 0.0048313 1.139071226 1.138 1.22391891 6858.039781 4.316 2.838 2.663 2.64 3.093 2.839 2.642
thin4 3 thin_disk 9.301029996 -0.5 0.0048313 1.179446936 1.178 1.294650802 6998.41996 4.282 2.672 2.515 2.494 2.91 2.676 2.495
thin4 3 thin_disk 9.301029996 -0.5 0.0048313 1.187857151 1.187 1.31145274 7025.868224 4.274 2.637 2.484 2.463 2.872 2.642 2.464
thin4 3 thin_disk 9.301029996 -0.5 0.0048313 1.236642718 1.236 1.39975699 7191.177358 4.236 2.449 2.317 2.296 2.665 2.458 2.297
thin4 3 thin_disk 9.301029996 -0.5 0.0048313 1.249388099 1.249 1.421846276 7234.358059 4.226 2.401 2.275 2.254 2.612 2.411 2.255
thin4 3 thin_disk 9.301029996 -0.5 0.0048313 1.283382058 1.283 1.492631645 7329.932917 4.196 2.27 2.155 2.135 2.47 2.282 2.136
thin4 3 thin_disk 9.301029996 -0.5 0.0048313 1.285428286 1.285 1.497451085 7334.998004 4.194 2.262 2.148 2.127 2.461 2.274 2.128
thin4 3 thin_disk 9.301029996 -0.5 0.0048313 1.311926246 1.311 1.560100747 7396.052751 4.167 2.155 2.049 2.029 2.348 2.169 2.03
thin4 3 thin_disk 9.301029996 -0.5 0.0048313 1.334214211 1.334 1.622006704 7435.325746 4.141 2.062 1.96 1.94 2.25 2.076 1.941
thin4 3 thin_disk 9.301029996 -0.5 0.0048313 1.359263658 1.359 1.700014575 7466.206544 4.108 1.951 1.854 1.834 2.136 1.966 1.834
thin4 3 thin_disk 9.301029996 -0.5 0.0048313 1.382999897 1.382 1.790822923 7469.645651 4.07 1.837 1.742 1.721 2.021 1.852 1.721
thin4 3 thin_disk 9.301029996 -0.5 0.0048313 1.388204575 1.388 1.814064167 7464.487584 4.061 1.811 1.715 1.694 1.995 1.825 1.694
thin4 3 thin_disk 9.301029996 -0.5 0.0048313 1.407256484 1.407 1.910964613 7425.060557 4.021 1.706 1.606 1.585 1.894 1.72 1.586
thin4 3 thin_disk 9.301029996 -0.5 0.0048313 1.425466537 1.425 2.022798602 7363.76635 3.977 1.599 1.493 1.471 1.794 1.612 1.472
thin4 3 thin_disk 9.301029996 -0.5 0.0048313 1.431785583 1.431 2.068010049 7333.309253 3.96 1.56 1.451 1.429 1.757 1.572 1.429
thin4 3 thin_disk 9.301029996 -0.5 0.0048313 1.440298677 1.44 2.13281234 7287.859644 3.936 1.505 1.391 1.369 1.707 1.517 1.369
thin4 3 thin_disk 9.301029996 -0.5 0.0048313 1.454536676 1.454 2.266483934 7176.290321 3.887 1.403 1.277 1.254 1.618 1.413 1.255
thin4 3 thin_disk 9.301029996 -0.5 0.0048313 1.467356801 1.467 2.402440524 7063.175543 3.84 1.308 1.168 1.144 1.535 1.315 1.145
thin4 3 thin_disk 9.301029996 -0.5 0.0048313 1.479477048 1.479 2.552422973 6943.844712 3.791 1.213 1.059 1.034 1.454 1.217 1.035
thin4 3 thin_disk 9.301029996 -0.5 0.0048313 1.48057127 1.48 2.56656723 6932.661572 3.787 1.204 1.049 1.023 1.446 1.208 1.025
thin4 3 thin_disk 9.301029996 -0.5 0.0048313 1.491235375 1.491 2.709896131 6832.820314 3.743 1.115 0.947 0.921 1.369 1.117 0.922
thin4 3 thin_disk 9.301029996 -0.5 0.0048313 1.498258829 1.498 2.800610062 6787.346174 3.716 1.058 0.885 0.858 1.318 1.059 0.859
thin4 3 thin_disk 9.301029996 -0.5 0.0048313 1.502713442 1.502 2.799320631 6883.352333 3.718 1.03 0.87 0.844 1.278 1.033 0.845
thin4 3 thin_disk 9.301029996 -0.5 0.0048313 1.504773617 1.504 2.755831404 7009.709176 3.732 1.026 0.881 0.856 1.258 1.032 0.857
thin4 3 thin_disk 9.301029996 -0.5 0.0048313 1.505567551 1.505 2.694961994 7158.136899 3.752 1.032 0.906 0.882 1.246 1.041 0.883
thin4 3 thin_disk 9.301029996 -0.5 0.0048313 1.505975723 1.505 2.634223652 7319.813232 3.772 1.038 0.932 0.908 1.235 1.051 0.909
thin4 3 thin_disk 9.301029996 -0.5 0.0048313 1.50621438 1.506 2.578413966 7488.589075 3.791 1.04 0.952 0.93 1.218 1.056 0.93
thin4 3 thin_disk 9.301029996 -0.5 0.0048313 1.506362438 1.506 2.536019828 7647.156884 3.805 1.036 0.964 0.942 1.197 1.053 0.943
thin4 3 thin_disk 9.301029996 -0.5 0.0048313 1.506452441 1.506 2.515664058 7744.617978 3.812 1.031 0.969 0.948 1.182 1.049 0.948
thin4 3 thin_disk 9.301029996 -0.5 0.0048313 1.506497979 1.506 2.517402417 7675.382012 3.812 1.046 0.977 0.956 1.205 1.064 0.956
thin4 3 thin_disk 9.301029996 -0.5 0.0048313 1.506557345 1.506 2.559485331 7507.580541 3.797 1.051 0.965 0.942 1.227 1.067 0.943
thin4 3 thin_disk 9.301029996 -0.5 0.0048313 1.506621838 1.506 2.676410006 7316.443109 3.757 1.002 0.895 0.872 1.199 1.015 0.873
thin4 3 thin_disk 9.301029996 -0.5 0.0048313 1.50670433 1.506 2.8539913 7130.171895 3.702 0.915 0.786 0.762 1.132 0.924 0.763
thin4 3 thin_disk 9.301029996 -0.5 0.0048313 1.506813168 1.506 3.041253662 6955.045892 3.647 0.828 0.678 0.652 1.066 0.833 0.653
thin4 3 thin_disk 9.301029996 -0.5 0.0048313 1.506952167 1.506 3.213310143 6793.60043 3.599 0.756 0.586 0.559 1.014 0.757 0.56
thin4 3 thin_disk 9.301029996 -0.5 0.0048313 1.507129788 1.506 3.372505331 6646.606991 3.557 0.698 0.508 0.48 0.975 0.695 0.481
thin4 3 thin_disk 9.301029996 -0.5 0.0048313 1.507369041 1.507 3.515221087 6510.284984 3.521 0.651 0.442 0.412 0.946 0.644 0.413
thin4 3 thin_disk 9.301029996 -0.5 0.0048313 1.507701158 1.507 3.655549296 6376.758944 3.487 0.611 0.384 0.351 0.923 0.6 0.353
thin4 3 thin_disk 9.301029996 -0.5 0.0048313 1.50818193 1.508 3.80147943 6231.606189 3.454 0.579 0.332 0.295 0.91 0.563 0.297
thin4 3 thin_disk 9.301029996 -0.5 0.0048313 1.508792043 1.508 3.926925344 6078.550092 3.425 0.563 0.292 0.252 0.916 0.54 0.253
thin4 3 thin_disk 9.301029996 -0.5 0.0048313 1.509455562 1.509 4.010076381 5922.430869 3.407 0.576 0.277 0.233 0.953 0.546 0.235
thin4 3 thin_disk 9.301029996 -0.5 0.0048313 1.509937525 1.509 4.038802764 5803.633782 3.402 0.608 0.29 0.242 1.005 0.573 0.244
thin4 3 thin_disk 9.301029996 -0.5 0.0048313 1.510339618 1.51 4.047181161 5701.642723 3.4 0.648 0.311 0.26 1.06 0.607 0.262
thin4 3 thin_disk 9.301029996 -0.5 0.0048313 1.510689735 1.51 4.063990133 5611.77177 3.397 0.679 0.325 0.271 1.107 0.633 0.274
thin4 3 thin_disk 9.301029996 -0.5 0.0048313 1.511153579 1.511 4.147177702 5504.273433 3.379 0.682 0.308 0.25 1.13 0.631 0.253
thin4 3 thin_disk 9.301029996 -0.5 0.0048313 1.511615992 1.511 4.297863764 5410.034069 3.349 0.65 0.256 0.195 1.117 0.592 0.198
thin4 3 thin_disk 9.301029996 -0.5 0.0048313 1.512225985 1.512 4.631830358 5329.66608 3.283 0.525 0.112 0.049 1.007 0.461 0.052
thin4 3 thin_disk 9.301029996 -0.5 0.0048313 1.512706757 1.512 4.940292294 5280.803408 3.227 0.41 -0.014 -0.078 0.903 0.343 -0.075
thin4 3 thin_disk 9.301029996 -0.5 0.0048313 1.513143301 1.512 5.24508638 5244.450613 3.175 0.297 -0.135 -0.2 0.798 0.227 -0.197
thin4 3 thin_disk 9.301029996 -0.5 0.0048313 1.513556361 1.513 5.555877286 5214.347854 3.125 0.187 -0.252 -0.318 0.695 0.115 -0.315
thin4 3 thin_disk 9.301029996 -0.5 0.0048313 1.513956547 1.513 5.876958783 5188.000389 3.077 0.08 -0.365 -0.433 0.593 0.006 -0.43
thin4 3 thin_disk 9.301029996 -0.5 0.0048313 1.514352441 1.514 6.209443001 5161.786055 3.029 -0.027 -0.479 -0.547 0.493 -0.103 -0.544
thin4 3 thin_disk 9.301029996 -0.5 0.0048313 1.514744878 1.514 6.554697366 5138.069802 2.982 -0.133 -0.59 -0.659 0.393 -0.211 -0.656
thin4 3 thin_disk 9.301029996 -0.5 0.0048313 1.515233994 1.515 7.018634791 5107.401504 2.923 -0.263 -0.729 -0.799 0.269 -0.344 -0.796
thin4 3 thin_disk 9.301029996 -0.5 0.0048313 1.515624523 1.515 7.403765329 5082.764641 2.876 -0.368 -0.839 -0.91 0.17 -0.451 -0.907
thin4 3 thin_disk 9.301029996 -0.5 0.0048313 1.516014337 1.515 7.819025776 5058.24662 2.83 -0.472 -0.95 -1.021 0.072 -0.557 -1.018
thin4 3 thin_disk 9.301029996 -0.5 0.0048313 1.516458035 1.516 8.316730811 5030.370811 2.776 -0.59 -1.075 -1.148 -0.04 -0.678 -1.145
thin4 3 thin_disk 9.301029996 -0.5 0.0048313 1.516982198 1.516 8.948549501 4996.892426 2.713 -0.73 -1.224 -1.298 -0.172 -0.821 -1.296
thin4 3 thin_disk 9.301029996 -0.5 0.0048313 1.517378807 1.517 9.454806494 4971.643737 2.665 -0.837 -1.338 -1.413 -0.272 -0.93 -1.41
thin4 3 thin_disk 9.301029996 -0.5 0.0048313 1.51784575 1.517 10.11003467 4939.693472 2.607 -0.964 -1.474 -1.55 -0.391 -1.06 -1.547
thin4 3 thin_disk 9.301029996 -0.5 0.0048313 1.518240929 1.517 10.69923299 4913.602273 2.558 -1.072 -1.59 -1.667 -0.492 -1.171 -1.664
thin4 3 thin_disk 9.301029996 -0.5 0.0048313 1.518627882 1.518 11.31495015 4886.523593 2.51 -1.177 -1.703 -1.781 -0.59 -1.279 -1.778
thin4 3 thin_disk 9.301029996 -0.5 0.0048313 1.518999577 1.518 11.91386418 4861.832585 2.464 -1.277 -1.81 -1.889 -0.683 -1.381 -1.886
thin4 3 thin_disk 9.301029996 -0.5 0.0048313 1.519411325 1.519 12.61980502 4833.926025 2.415 -1.384 -1.924 -2.005 -0.783 -1.491 -2.002
thin4 3 thin_disk 9.301029996 -0.5 0.0048313 1.519819021 1.519 13.29390726 4808.393484 2.369 -1.484 -2.031 -2.113 -0.877 -1.594 -2.11
thin4 3 thin_disk 9.301029996 -0.5 0.0048313 1.520221353 1.519 13.93646553 4786.300923 2.329 -1.573 -2.127 -2.209 -0.959 -1.685 -2.206
thin4 3 thin_disk 9.301029996 -0.5 0.0048313 1.520708322 1.52 14.61681145 4763.212971 2.287 -1.663 -2.224 -2.308 -1.044 -1.778 -2.305
thin4 3 thin_disk 9.301029996 -0.5 0.0048313 1.521307945 1.52 15.26344777 4742.419853 2.25 -1.743 -2.309 -2.394 -1.118 -1.859 -2.391
thin4 3 thin_disk 9.301029996 -0.5 0.0048313 1.521620631 1.521 14.86115777 4756.636893 2.273 -1.695 -2.258 -2.342 -1.074 -1.811 -2.339
thin4 3 thin_disk 9.301029996 -0.5 0.0048313 1.521946311 1.521 14.19556376 4780.793661 2.313 -1.61 -2.165 -2.248 -0.995 -1.722 -2.245
thin4 3 thin_disk 9.301029996 -0.5 0.0048313 1.522113323 1.521 13.64120215 4801.75503 2.348 -1.536 -2.085 -2.167 -0.926 -1.646 -2.164
thin4 3 thin_disk 9.301029996 -0.5 0.0048313 1.522288799 1.521 12.94352732 4828.363965 2.393 -1.438 -1.98 -2.061 -0.836 -1.545 -2.058
thin4 3 thin_disk 9.301029996 -0.5 0.0048313 1.522437215 1.521 12.33538318 4852.885002 2.435 -1.348 -1.883 -1.962 -0.752 -1.453 -1.96
thin4 3 thin_disk 9.301029996 -0.5 0.0048313 1.522599697 1.522 11.73687947 4878.653792 2.479 -1.253 -1.78 -1.859 -0.664 -1.355 -1.856
thin4 3 thin_disk 9.301029996 -0.5 0.0048313 1.522802114 1.522 11.15456516 4904.559414 2.523 -1.159 -1.679 -1.756 -0.576 -1.258 -1.753
thin4 3 thin_disk 9.301029996 -0.5 0.0048313 1.523202777 1.522 11.8155147 4876.407606 2.472 -1.268 -1.796 -1.875 -0.678 -1.371 -1.872
thin4 3 thin_disk 9.301029996 -0.5 0.0048313 1.523661733 1.523 12.58498334 4846.185122 2.418 -1.386 -1.923 -2.003 -0.788 -1.492 -2
thin4 3 thin_disk 9.301029996 -0.5 0.0048313 1.524116278 1.523 13.3368309 4817.259036 2.367 -1.497 -2.042 -2.123 -0.891 -1.605 -2.12
thin4 3 thin_disk 9.301029996 -0.5 0.0048313 1.524577737 1.523 14.14987635 4788.505604 2.316 -1.609 -2.162 -2.244 -0.996 -1.72 -2.241
thin4 3 thin_disk 9.301029996 -0.5 0.0048313 1.525025129 1.524 15.01248702 4759.923797 2.266 -1.718 -2.279 -2.363 -1.097 -1.833 -2.36
thin4 3 thin_disk 9.301029996 -0.5 0.0048313 1.525479317 1.524 15.9607261 4729.334149 2.213 -1.832 -2.402 -2.488 -1.204 -1.95 -2.485
thin4 3 thin_disk 9.301029996 -0.5 0.0048313 1.525890589 1.525 16.89478404 4701.105527 2.162 -1.94 -2.518 -2.606 -1.304 -2.061 -2.603
thin4 3 thin_disk 9.301029996 -0.5 0.0048313 1.526299238 1.525 17.96191533 4670.893875 2.11 -2.052 -2.639 -2.728 -1.408 -2.176 -2.725
thin4 3 thin_disk 9.301029996 -0.5 0.0048313 1.526670098 1.525 19.02184528 4641.945102 2.061 -2.158 -2.753 -2.844 -1.506 -2.286 -2.841
thin4 3 thin_disk 9.301029996 -0.5 0.0048313 1.527035356 1.526 20.17681653 4612.113645 2.009 -2.268 -2.872 -2.964 -1.608 -2.399 -2.961
thin4 3 thin_disk 9.301029996 -0.5 0.0048313 1.527373314 1.526 21.36744746 4583.529174 1.959 -2.375 -2.985 -3.08 -1.706 -2.508 -3.077
thin4 3 thin_disk 9.301029996 -0.5 0.0048313 1.527691483 1.526 22.63876049 4554.073127 1.909 -2.482 -3.096 -3.194 -1.803 -2.616 -3.191
thin4 3 thin_disk 9.301029996 -0.5 0.0048313 1.527993321 1.526 24.01334414 4524.806379 1.859 -2.588 -3.208 -3.309 -1.9 -2.724 -3.306
thin4 3 thin_disk 9.301029996 -0.5 0.0048313 1.528275609 1.527 25.41280739 4495.727713 1.809 -2.693 -3.319 -3.424 -1.995 -2.831 -3.42
thin4 3 thin_disk 9.301029996 -0.5 0.0048313 1.528541923 1.527 26.92480985 4466.835922 1.759 -2.798 -3.43 -3.538 -2.089 -2.938 -3.534
thin4 3 thin_disk 9.301029996 -0.5 0.0048313 1.528786182 1.527 28.49394914 4438.129803 1.71 -2.899 -3.537 -3.649 -2.18 -3.042 -3.645
thin4 3 thin_disk 9.301029996 -0.5 0.0048313 1.529019952 1.527 30.1684255 4408.592932 1.661 -3.002 -3.645 -3.761 -2.272 -3.147 -3.757
thin4 3 thin_disk 9.301029996 -0.5 0.0048313 1.529235482 1.527 31.87517992 4381.26982 1.612 -3.102 -3.75 -3.87 -2.361 -3.248 -3.867
thin4 3 thin_disk 9.301029996 -0.5 0.0048313 1.529356957 1.527 32.94978953 4364.153323 1.583 -3.162 -3.814 -3.936 -2.415 -3.31 -3.933
thin4 3 thin_disk 9.301029996 -0.5 0.0048313 1.529482961 1.527 34.11557102 4346.102854 1.554 -3.223 -3.878 -4.003 -2.468 -3.372 -4
thin4 3 thin_disk 9.301029996 -0.5 0.0048313 1.529680729 1.527 36.10377757 4318.172626 1.504 -3.324 -3.985 -4.115 -2.558 -3.475 -4.112
thin4 3 thin_disk 9.301029996 -0.5 0.0048313 1.529865623 1.527 38.22545335 4289.4341 1.455 -3.426 -4.095 -4.229 -2.649 -3.58 -4.225
thin4 3 thin_disk 9.301029996 -0.5 0.0048313 1.53004086 1.527 40.44386433 4259.905843 1.405 -3.528 -4.207 -4.344 -2.74 -3.686 -4.34
thin4 3 thin_disk 9.301029996 -0.5 0.0048313 1.530242086 1.527 43.42628166 4223.767459 1.344 -3.653 -4.343 -4.485 -2.851 -3.816 -4.481
thin4 3 thin_disk 9.301029996 -0.5 0.0048313 1.53042984 1.527 46.60716051 4188.90007 1.283 -3.778 -4.48 -4.627 -2.963 -3.946 -4.623
thin4 3 thin_disk 9.301029996 -0.5 0.0048313 1.530603528 1.527 49.98649031 4153.364055 1.222 -3.901 -4.615 -4.767 -3.073 -4.075 -4.763
thin4 3 thin_disk 9.301029996 -0.5 0.0048313 1.53076458 1.527 53.61084405 4118.129505 1.161 -4.024 -4.75 -4.907 -3.182 -4.204 -4.903
thin4 3 thin_disk 9.301029996 -0.5 0.0048313 1.530886888 1.527 56.69602938 4090.722316 1.112 -4.123 -4.859 -5.02 -3.27 -4.307 -5.016
thin4 3 thin_disk 9.301029996 -0.5 0.0048313 1.531025767 1.527 60.73690322 4056.01918 1.052 -4.243 -4.991 -5.158 -3.376 -4.433 -5.153
thin4 3 thin_disk 9.301029996 -0.5 0.0048313 1.531155586 1.527 65.14073355 4021.610443 0.992 -4.363 -5.123 -5.295 -3.482 -4.558 -5.291
thin4 3 thin_disk 9.301029996 -0.5 0.0048313 1.53127706 1.526 69.70318849 3987.493609 0.932 -4.483 -5.254 -5.433 -3.587 -4.684 -5.428
thin4 3 thin_disk 9.301029996 -0.5 0.0048313 1.531391263 1.526 74.7055117 3952.75594 0.872 -4.603 -5.386 -5.57 -3.693 -4.809 -5.566
thin4 3 thin_disk 9.301029996 -0.5 0.0048313 1.531496882 1.526 80.0299683 3919.223225 0.812 -4.721 -5.515 -5.706 -3.796 -4.933 -5.702
thin4 3 thin_disk 9.301029996 -0.5 0.0048313 1.531594157 1.525 85.57613045 3885.080304 0.754 -4.836 -5.642 -5.84 -3.896 -5.054 -5.835
thin4 3 thin_disk 9.301029996 -0.5 0.0048313 1.531685591 1.525 91.50664757 3851.234824 0.695 -4.951 -5.769 -5.973 -3.996 -5.175 -5.968
thin4 3 thin_disk 9.301029996 -0.5 0.0048313 1.531774163 1.524 97.84815584 3817.684195 0.638 -5.064 -5.894 -6.104 -4.094 -5.294 -6.099
thin4 3 thin_disk 9.301029996 -0.5 0.0048313 1.531799674 1.524 99.55260869 3808.903765 0.622 -5.095 -5.928 -6.14 -4.12 -5.327 -6.135
thin4 3 thin_disk 9.301029996 -0.5 0.0048313 1.531799674 1.524 10.33600343 5086.276903 2.59 -1.093 -1.565 -1.635 -4.12 -5.327 -6.135
thin4 3 thin_disk 9.301029996 -0.5 0.0048313 1.532500625 1.524 10.54271933 5071.074606 2.573 -1.128 -1.604 -1.675 -0.586 -1.213 -1.672
thin4 3 thin_disk 9.301029996 -0.5 0.0048313 1.533237934 1.525 10.64026991 5065.239676 2.565 -1.146 -1.623 -1.694 -0.603 -1.231 -1.692
thin4 3 thin_disk 9.301029996 -0.5 0.0048313 1.533946633 1.526 10.67216779 5066.406124 2.563 -1.153 -1.629 -1.701 -0.609 -1.237 -1.698
thin4 3 thin_disk 9.301029996 -0.5 0.0048313 1.534660578 1.527 10.67462543 5068.739828 2.563 -1.155 -1.631 -1.702 -0.612 -1.239 -1.699
thin4 3 thin_disk 9.301029996 -0.5 0.0048313 1.535390735 1.528 10.67216779 5072.242399 2.563 -1.156 -1.631 -1.702 -0.614 -1.24 -1.699
thin4 3 thin_disk 9.301029996 -0.5 0.0048313 1.536103964 1.528 10.66971072 5075.74739 2.563 -1.158 -1.632 -1.703 -0.616 -1.242 -1.7
thin4 3 thin_disk 9.301029996 -0.5 0.0048313 1.536837697 1.529 10.67216779 5078.085397 2.563 -1.16 -1.633 -1.704 -0.619 -1.243 -1.701
thin4 3 thin_disk 9.301029996 -0.5 0.0048313 1.537489295 1.53 10.67462543 5080.42448 2.563 -1.162 -1.635 -1.705 -0.622 -1.245 -1.702
thin4 3 thin_disk 9.301029996 -0.5 0.0048313 1.53756988 1.53 10.66971072 5081.594426 2.563 -1.162 -1.635 -1.705 -0.622 -1.245 -1.702
thin4 3 thin_disk 9.301029996 -0.5 0.0048313 1.538310647 1.531 10.68446166 5083.935125 2.563 -1.164 -1.636 -1.707 -0.625 -1.247 -1.704
thin4 3 thin_disk 9.301029996 -0.5 0.0048313 1.539121151 1.532 10.68692213 5086.276903 2.563 -1.168 -1.639 -1.709 -0.629 -1.25 -1.707
thin4 3 thin_disk 9.301029996 -0.5 0.0048313 1.539920926 1.532 10.70169686 5088.61976 2.562 -1.171 -1.642 -1.712 -0.633 -1.254 -1.709
thin4 3 thin_disk 9.301029996 -0.5 0.0048313 1.540701032 1.533 10.71649202 5090.963695 2.561 -1.175 -1.645 -1.715 -0.637 -1.257 -1.712
thin4 3 thin_disk 9.301029996 -0.5 0.0048313 1.541503787 1.534 10.73130763 5093.308711 2.56 -1.179 -1.649 -1.719 -0.642 -1.261 -1.716
thin4 3 thin_disk 9.301029996 -0.5 0.0048313 1.54225421 1.535 10.73377889 5095.654806 2.559 -1.183 -1.652 -1.722 -0.646 -1.265 -1.719
thin4 3 thin_disk 9.301029996 -0.5 0.0048313 1.543084621 1.536 10.75356946 5096.828259 2.558 -1.188 -1.656 -1.726 -0.651 -1.269 -1.723
thin4 3 thin_disk 9.301029996 -0.5 0.0048313 1.543353438 1.536 10.76100033 5098.001982 2.558 -1.189 -1.658 -1.727 -0.653 -1.271 -1.725
thin4 3 thin_disk 9.301029996 -0.5 0.0048313 1.543834448 1.537 10.76843634 5099.175976 2.557 -1.192 -1.66 -1.73 -0.656 -1.274 -1.727
thin4 3 thin_disk 9.301029996 -0.5 0.0048313 1.544593334 1.537 10.78829081 5100.35024 2.556 -1.196 -1.664 -1.734 -0.661 -1.278 -1.731
thin4 3 thin_disk 9.301029996 -0.5 0.0048313 1.545356631 1.538 10.80818189 5101.524774 2.554 -1.201 -1.669 -1.739 -0.666 -1.283 -1.736
thin4 3 thin_disk 9.301029996 -0.5 0.0048313 1.546129584 1.539 10.84058315 5102.699579 2.553 -1.206 -1.674 -1.743 -0.671 -1.288 -1.741
thin4 3 thin_disk 9.301029996 -0.5 0.0048313 1.546896219 1.54 10.86557327 5102.699579 2.551 -1.211 -1.679 -1.748 -0.676 -1.293 -1.746
thin4 3 thin_disk 9.301029996 -0.5 0.0048313 1.547716022 1.541 10.88560684 5103.874654 2.549 -1.218 -1.685 -1.754 -0.683 -1.299 -1.752
thin4 3 thin_disk 9.301029996 -0.5 0.0048313 1.548502088 1.541 10.9232694 5103.874654 2.547 -1.224 -1.691 -1.76 -0.689 -1.305 -1.758
thin4 3 thin_disk 9.301029996 -0.5 0.0048313 1.549299121 1.542 10.95349325 5102.699579 2.544 -1.23 -1.698 -1.767 -0.695 -1.312 -1.765
thin4 3 thin_disk 9.301029996 -0.5 0.0048313 1.549408913 1.542 10.96611118 5102.699579 2.544 -1.231 -1.698 -1.768 -0.696 -1.313 -1.765
thin4 3 thin_disk 9.301029996 -0.5 0.0048313 1.549550414 1.543 10.96611118 5102.699579 2.543 -1.233 -1.7 -1.769 -0.697 -1.314 -1.767
thin4 3 thin_disk 9.301029996 -0.5 0.0048313 1.550331831 1.543 11.009121 5101.524774 2.541 -1.24 -1.707 -1.777 -0.704 -1.321 -1.774
thin4 3 thin_disk 9.301029996 -0.5 0.0048313 1.55113399 1.544 11.05229949 5100.35024 2.537 -1.248 -1.715 -1.785 -0.712 -1.329 -1.782
thin4 3 thin_disk 9.301029996 -0.5 0.0048313 1.551946044 1.545 11.10075825 5098.001982 2.533 -1.257 -1.725 -1.795 -0.72 -1.338 -1.792
thin4 3 thin_disk 9.301029996 -0.5 0.0048313 1.552731156 1.546 11.16741472 5094.481623 2.529 -1.266 -1.736 -1.806 -0.729 -1.348 -1.803
thin4 3 thin_disk 9.301029996 -0.5 0.0048313 1.553522468 1.547 11.23447145 5090.963695 2.524 -1.278 -1.748 -1.818 -0.74 -1.36 -1.815
thin4 3 thin_disk 9.301029996 -0.5 0.0048313 1.55431819 1.548 11.30713676 5086.276903 2.519 -1.29 -1.761 -1.831 -0.75 -1.372 -1.829
thin4 3 thin_disk 9.301029996 -0.5 0.0048313 1.555122376 1.548 11.39862969 5080.42448 2.512 -1.304 -1.777 -1.848 -0.764 -1.388 -1.845
thin4 3 thin_disk 9.301029996 -0.5 0.0048313 1.555935979 1.549 11.50939897 5073.41046 2.503 -1.322 -1.797 -1.867 -0.779 -1.406 -1.865
thin4 3 thin_disk 9.301029996 -0.5 0.0048313 1.556775808 1.55 11.65876759 5064.073495 2.493 -1.344 -1.821 -1.892 -0.799 -1.428 -1.889
thin4 3 thin_disk 9.301029996 -0.5 0.0048313 1.557625413 1.551 11.90837891 5045.451084 2.474 -1.381 -1.863 -1.934 -0.832 -1.467 -1.932
thin4 3 thin_disk 9.301029996 -0.5 0.0048313 1.558456659 1.552 12.48109374 5008.411453 2.434 -1.462 -1.954 -2.027 -0.905 -1.552 -2.024
thin4 3 thin_disk 9.301029996 -0.5 0.0048313 1.558889031 1.552 13.20239265 4965.923215 2.385 -1.561 -2.063 -2.138 -0.993 -1.654 -2.135
thin4 3 thin_disk 9.301029996 -0.5 0.0048313 1.559089899 1.553 13.95251971 4926.063433 2.337 -1.659 -2.172 -2.248 -1.082 -1.756 -2.245
thin4 3 thin_disk 9.301029996 -0.5 0.0048313 1.559177399 1.553 14.67751878 4892.152651 2.293 -1.751 -2.272 -2.35 -1.165 -1.851 -2.347
thin4 3 thin_disk 9.301029996 -0.5 0.0048313 1.55922091 1.553 15.48291198 4857.356733 2.247 -1.845 -2.376 -2.456 -1.251 -1.949 -2.453
thin4 3 thin_disk 9.301029996 -0.5 0.0048313 1.559244394 1.553 16.32497951 4823.918924 2.2 -1.942 -2.483 -2.564 -1.339 -2.05 -2.562
thin4 3 thin_disk 9.301029996 -0.5 0.0048313 1.559255004 1.553 16.91035188 4802.860802 2.17 -2.005 -2.552 -2.634 -1.395 -2.114 -2.631
thin4 3 thin_disk 9.301029996 -0.5 0.0048313 1.559255242 1.553 16.91814118 4801.75503 2.17 -2.006 -2.554 -2.636 -1.397 -2.116 -2.633
thin4 3 thin_disk 9.301029996 -0.5 0.0048313 1.55926013 1.553 17.26047109 4789.608325 2.152 -2.042 -2.593 -2.676 -1.43 -2.153 -2.673
thin4 3 thin_disk 9.301029996 -0.5 0.0048313 1.559275389 1.553 18.43115897 4751.163764 2.095 -2.162 -2.724 -2.808 -1.539 -2.277 -2.805
thin4 3 thin_disk 9.301029996 -0.5 0.0048313 1.559295416 1.553 19.92749206 4705.4374 2.027 -2.303 -2.879 -2.965 -1.668 -2.423 -2.962
thin4 3 thin_disk 9.301029996 -0.5 0.0048313 1.55937624 1.553 19.46043953 4720.630413 2.048 -2.26 -2.831 -2.917 -1.628 -2.378 -2.914
thin4 3 thin_disk 9.301029996 -0.5 0.0048313 1.559903503 1.553 18.74790071 4738.053933 2.081 -2.189 -2.755 -2.84 -1.562 -2.305 -2.837
thin4 3 thin_disk 9.301029996 -0.5 0.0048313 1.560359597 1.553 20.14432154 4698.941086 2.018 -2.321 -2.899 -2.986 -1.685 -2.442 -2.983
thin4 3 thin_disk 9.301029996 -0.5 0.0048313 1.560679913 1.553 21.68466138 4655.860935 1.954 -2.456 -3.042 -3.133 -1.807 -2.58 -3.13
thin4 3 thin_disk 9.301029996 -0.5 0.0048313 1.560930252 1.553 23.23018374 4616.363515 1.895 -2.58 -3.173 -3.267 -1.919 -2.706 -3.264
thin4 3 thin_disk 9.301029996 -0.5 0.0048313 1.561138391 1.553 24.80576613 4579.309532 1.837 -2.699 -3.3 -3.398 -2.027 -2.828 -3.394
thin4 3 thin_disk 9.301029996 -0.5 0.0048313 1.561317325 1.553 26.48821207 4542.552967 1.78 -2.817 -3.425 -3.527 -2.133 -2.948 -3.524
thin4 3 thin_disk 9.301029996 -0.5 0.0048313 1.561471224 1.552 28.25222425 4506.091436 1.724 -2.932 -3.547 -3.654 -2.235 -3.066 -3.65
thin4 3 thin_disk 9.301029996 -0.5 0.0048313 1.561605334 1.552 30.08518212 4470.951925 1.669 -3.045 -3.667 -3.777 -2.335 -3.181 -3.774
thin4 3 thin_disk 9.301029996 -0.5 0.0048313 1.561725736 1.551 32.12570336 4429.961991 1.612 -3.157 -3.789 -3.904 -2.432 -3.297 -3.901
thin4 3 thin_disk 9.301029996 -0.5 0.0048313 1.56183517 1.551 34.32042402 4388.337287 1.555 -3.27 -3.91 -4.032 -2.529 -3.412 -4.028
thin4 3 thin_disk 9.301029996 -0.5 0.0048313 1.561936259 1.55 36.69886601 4345.102242 1.497 -3.381 -4.031 -4.159 -2.624 -3.528 -4.156
thin4 3 thin_disk 9.301029996 -0.5 0.0048313 1.562007427 1.55 38.59691956 4313.204007 1.453 -3.467 -4.127 -4.259 -2.698 -3.618 -4.255
thin4 3 thin_disk 9.301029996 -0.5 0.0048313 1.56209147 1.549 40.96874354 4281.539943 1.4 -3.573 -4.244 -4.379 -2.792 -3.728 -4.375
thin4 3 thin_disk 9.301029996 -0.5 0.0048313 1.562173128 1.548 43.50634955 4249.129821 1.348 -3.678 -4.359 -4.499 -2.885 -3.837 -4.495
thin4 3 thin_disk 9.301029996 -0.5 0.0048313 1.562253714 1.547 46.1798635 4217.936138 1.296 -3.782 -4.474 -4.618 -2.978 -3.946 -4.614
thin4 3 thin_disk 9.301029996 -0.5 0.0048313 1.562333584 1.546 49.04024654 4186.00748 1.244 -3.887 -4.589 -4.737 -3.07 -4.055 -4.733
thin4 3 thin_disk 9.301029996 -0.5 0.0048313 1.562412977 1.544 52.07780185 4154.320512 1.191 -3.992 -4.704 -4.857 -3.163 -4.165 -4.853
thin4 3 thin_disk 9.301029996 -0.5 0.0048313 1.562487841 1.542 55.48206858 4120.975191 1.135 -4.102 -4.826 -4.984 -3.261 -4.281 -4.98
thin4 3 thin_disk 9.301029996 -0.5 0.0048313 1.562545419 1.54 59.36803093 4086.015408 1.076 -4.219 -4.955 -5.118 -3.363 -4.403 -5.113
thin4 3 thin_disk 9.301029996 -0.5 0.0048313 1.562581658 1.539 63.04528972 4055.085354 1.023 -4.324 -5.071 -5.238 -3.456 -4.513 -5.234
thin4 3 thin_disk 9.301029996 -0.5 0.0048313 1.562610745 1.538 66.68876039 4025.31619 0.974 -4.42 -5.178 -5.35 -3.54 -4.615 -5.346
thin4 3 thin_disk 9.301029996 -0.5 0.0048313 1.562637687 1.536 70.62405421 3995.765566 0.924 -4.518 -5.285 -5.463 -3.626 -4.717 -5.458
thin4 3 thin_disk 9.301029996 -0.5 0.0048313 1.562662005 1.535 74.67111646 3967.345289 0.875 -4.614 -5.392 -5.574 -3.71 -4.818 -5.57
thin4 3 thin_disk 9.301029996 -0.5 0.0048313 1.562686205 1.533 79.2779926 3935.500755 0.822 -4.716 -5.504 -5.693 -3.798 -4.925 -5.688
thin4 3 thin_disk 9.301029996 -0.5 0.0048313 1.562710524 1.531 84.16909253 3903.911825 0.77 -4.816 -5.616 -5.81 -3.885 -5.031 -5.805
thin4 3 thin_disk 9.301029996 -0.5 0.0048313 1.56273675 1.528 90.27191278 3866.339621 0.708 -4.936 -5.749 -5.95 -3.988 -5.158 -5.945
thin4 3 thin_disk 9.301029996 -0.5 0.0048313 1.562755227 1.525 93.983723 3844.147118 0.672 -5.003 -5.823 -6.029 -4.045 -5.229 -6.024
thin4 3 thin_disk 9.301029996 -0.5 0.0048313 1.562756062 1.525 93.07920062 3849.461673 0.681 -4.986 -5.804 -6.009 -4.03 -5.21 -6.004
thin4 3 thin_disk 9.301029996 -0.5 0.0048313 1.5627563 1.525 91.33824125 3859.224116 0.697 -4.954 -5.769 -5.972 -4.002 -5.177 -5.967
thin4 3 thin_disk 9.301029996 -0.5 0.0048313 1.562756419 1.525 88.13585965 3877.037485 0.729 -4.892 -5.701 -5.9 -3.949 -5.112 -5.895
thin4 3 thin_disk 9.301029996 -0.5 0.0048313 1.562756538 1.525 87.85220066 3878.823338 0.731 -4.887 -5.695 -5.894 -3.944 -5.106 -5.889
thin4 3 thin_disk 9.301029996 -0.5 0.0048313 1.562756658 1.525 93.8755825 3844.147118 0.673 -5.001 -5.82 -6.026 -4.042 -5.226 -6.021
thin4 3 thin_disk 9.301029996 -0.5 0.0048313 1.562756777 1.525 97.17457387 3826.484866 0.644 -5.058 -5.884 -6.093 -4.091 -5.286 -6.088
thin4 3 thin_disk 9.301029996 -0.5 0.0048313 1.562757015 1.525 95.77510678 3834.422814 0.656 -5.034 -5.857 -6.065 -4.071 -5.261 -6.06
thin4 3 thin_disk 9.301029996 -0.5 0.0048313 1.562757134 1.525 95.15960811 3837.956075 0.662 -5.023 -5.845 -6.052 -4.061 -5.249 -6.047
thin4 3 thin_disk 9.301029996 -0.5 0.0048313 1.562757373 1.525 93.68124308 3845.91782 0.675 -4.996 -5.816 -6.021 -4.039 -5.221 -6.016
thin4 3 thin_disk 9.301029996 -0.5 0.0048313 1.562758088 1.525 94.02701407 3843.262072 0.672 -5.002 -5.823 -6.028 -4.044 -5.228 -6.024
thin4 3 thin_disk 9.301029996 -0.5 0.0048313 1.562760115 1.524 99.07239112 3815.926491 0.626 -5.09 -5.92 -6.132 -4.119 -5.321 -6.127
thin4 3 thin_disk 9.301029996 -0.5 0.0048313 1.562761784 1.524 103.4791005 3792.276545 0.588 -5.164 -6.002 -6.218 -4.181 -5.398 -6.213
thin4 3 thin_disk 9.301029996 -0.5 0.0048313 1.562763572 1.524 107.7339653 3770.509158 0.553 -5.231 -6.076 -6.296 -4.238 -5.469 -6.291
thin4 3 thin_disk 9.301029996 -0.5 0.0048313 1.562765598 1.523 111.8027909 3750.593529 0.522 -5.291 -6.143 -6.367 -4.288 -5.533 -6.362
thin4 3 thin_disk 9.301029996 -0.5 0.0048313 1.562768102 1.523 116.2124467 3729.924148 0.487 -5.357 -6.216 -6.444 -4.343 -5.602 -6.439
thin4 3 thin_disk 9.301029996 -0.5 0.0048313 1.56277132 1.522 120.8516669 3708.514659 0.453 -5.422 -6.288 -6.52 -4.397 -5.67 -6.515
thin4 3 thin_disk 9.301029996 -0.5 0.0048313 1.562776566 1.52 125.3293089 3688.077172 0.422 -5.482 -6.354 -6.591 -4.446 -5.734 -6.585
thin4 3 thin_disk 9.301029996 -0.5 0.0048313 1.562776804 1.52 125.3293089 3688.077172 0.422 -5.482 -6.354 -6.591 -4.446 -5.734 -6.585
thin4 3 thin_disk 9.301029996 -0.5 0.0048313 1.5627774 1.52 87.89266741 3869.011317 0.729 -4.88 -5.692 -5.892 -3.933 -5.101 -5.887
thin4 3 thin_disk 9.301029996 -0.5 0.0048313 1.562777877 1.52 77.45556832 3938.220241 0.839 -4.667 -5.455 -5.643 -3.751 -4.877 -5.638
thin4 3 thin_disk 9.301029996 -0.5 0.0048313 1.562779188 1.519 54.05708773 4139.043588 1.151 -4.062 -4.779 -4.934 -3.227 -4.238 -4.93
thin4 3 thin_disk 9.301029996 -0.5 0.0048313 1.562781334 1.519 54.51959799 4133.329237 1.144 -4.075 -4.794 -4.95 -3.238 -4.251 -4.945
thin4 3 thin_disk 9.301029996 -0.5 0.0048313 1.562783956 1.518 63.17607562 4048.554594 1.015 -4.323 -5.072 -5.241 -3.452 -4.513 -5.236
thin4 3 thin_disk 9.301029996 -0.5 0.0048313 1.562787414 1.517 81.21806622 3908.408958 0.797 -4.744 -5.542 -5.735 -3.814 -4.958 -5.731
thin4 3 thin_disk 9.301029996 -0.5 0.0048313 1.562791586 1.516 102.2474875 3784.425847 0.597 -5.128 -5.97 -6.187 -4.142 -5.364 -6.181
thin4 3 thin_disk 9.301029996 -0.5 0.0048313 1.562796473 1.514 119.3583056 3701.68961 0.461 -5.389 -6.258 -6.491 -4.361 -5.639 -6.486
thin4 3 thin_disk 9.301029996 -0.5 0.0048313 1.562802195 1.512 129.8531965 3656.789826 0.388 -5.531 -6.413 -6.656 -4.478 -5.788 -6.65
thin4 3 thin_disk 9.301029996 -0.5 0.0048313 1.562808633 1.511 135.1613886 3634.126161 0.353 -5.597 -6.486 -6.733 -4.531 -5.857 -6.727
thin4 3 thin_disk 9.301029996 -0.5 0.0048313 1.562815785 1.508 138.2141938 3620.762178 0.333 -5.634 -6.527 -6.777 -4.559 -5.897 -6.771
thin4 3 thin_disk 9.301029996 -0.5 0.0048313 1.562816024 1.508 108.6557327 3743.69104 0.541 -5.224 -6.08 -6.304 -4.218 -5.467 -6.299
thin4 3 thin_disk 9.301029996 -0.5 0.0048313 1.562816978 1.508 86.38784589 3864.559516 0.741 -4.836 -5.65 -5.851 -3.888 -5.058 -5.846
thin4 3 thin_disk 9.301029996 -0.5 0.0048313 1.562818646 1.507 60.33268383 4062.561982 1.053 -4.233 -4.978 -5.144 -3.368 -4.421 -5.14
thin4 3 thin_disk 9.301029996 -0.5 0.0048313 1.562821031 1.507 60.75089002 4057.887476 1.046 -4.246 -4.993 -5.159 -3.379 -4.435 -5.155
thin4 3 thin_disk 9.301029996 -0.5 0.0048313 1.562824249 1.505 70.36434428 3975.575449 0.918 -4.491 -5.267 -5.447 -3.59 -4.694 -5.443
thin4 3 thin_disk 9.301029996 -0.5 0.0048313 1.562828302 1.504 90.06429314 3839.723926 0.703 -4.904 -5.728 -5.933 -3.945 -5.131 -5.928
thin4 3 thin_disk 9.301029996 -0.5 0.0048313 1.562833309 1.502 112.8892648 3719.632212 0.507 -5.282 -6.147 -6.376 -4.265 -5.53 -6.371
thin4 3 thin_disk 9.301029996 -0.5 0.0048313 1.562839031 1.5 131.5081429 3639.988403 0.374 -5.542 -6.43 -6.675 -4.479 -5.802 -6.669
thin4 3 thin_disk 9.301029996 -0.5 0.0048313 1.562845707 1.498 142.7422851 3595.837026 0.302 -5.682 -6.582 -6.836 -4.591 -5.948 -6.83
thin4 3 thin_disk 9.301029996 -0.5 0.0048313 1.562853336 1.495 148.3380771 3574.374063 0.267 -5.748 -6.653 -6.912 -4.642 -6.016 -6.905
thin4 3 thin_disk 9.301029996 -0.5 0.0048313 1.5628618 1.492 151.6884958 3561.229809 0.247 -5.784 -6.693 -6.955 -4.67 -6.055 -6.948
thin4 3 thin_disk 9.301029996 -0.5 0.0048313 1.562862158 1.492 121.2139615 3675.360978 0.442 -5.397 -6.275 -6.513 -4.355 -5.652 -6.507
thin4 3 thin_disk 9.301029996 -0.5 0.0048313 1.562863231 1.491 96.28367202 3795.77097 0.641 -5.009 -5.848 -6.062 -4.029 -5.244 -6.057
thin4 3 thin_disk 9.301029996 -0.5 0.0048313 1.562865138 1.49 67.15102479 3993.006342 0.954 -4.406 -5.176 -5.353 -3.513 -4.606 -5.348
thin4 3 thin_disk 9.301029996 -0.5 0.0048313 1.562867999 1.489 67.58536208 3989.330341 0.948 -4.417 -5.188 -5.366 -3.523 -4.618 -5.361
thin4 3 thin_disk 9.301029996 -0.5 0.0048313 1.562871814 1.487 77.9745083 3909.309006 0.824 -4.655 -5.454 -5.646 -3.726 -4.869 -5.641
thin4 3 thin_disk 9.301029996 -0.5 0.0048313 1.562876701 1.485 99.04958148 3779.20108 0.615 -5.055 -5.9 -6.117 -4.067 -5.293 -6.112
thin4 3 thin_disk 9.301029996 -0.5 0.0048313 1.562882423 1.482 123.2686514 3663.53209 0.425 -5.422 -6.304 -6.544 -4.374 -5.679 -6.538
thin4 3 thin_disk 9.301029996 -0.5 0.0048313 1.562889337 1.479 142.5780415 3587.56683 0.298 -5.671 -6.573 -6.829 -4.575 -5.938 -6.822
thin4 3 thin_disk 9.301029996 -0.5 0.0048313 1.562897205 1.475 153.6924893 3548.133892 0.231 -5.801 -6.713 -6.977 -4.678 -6.073 -6.97
thin4 3 thin_disk 9.301029996 -0.5 0.0048313 1.562906146 1.471 158.800785 3531.018557 0.201 -5.856 -6.773 -7.041 -4.719 -6.131 -7.033
thin4 3 thin_disk 9.301029996 -0.5 0.0048313 1.56291616 1.467 161.3810901 3522.89744 0.186 -5.883 -6.802 -7.071 -4.738 -6.158 -7.064
thin4 3 thin_disk 9.301029996 -0.5 0.0048313 1.562916517 1.467 131.4475951 3628.273359 0.365 -5.53 -6.422 -6.669 -4.461 -5.792 -6.663
thin4 3 thin_disk 9.301029996 -0.5 0.0048313 1.562917709 1.466 104.5568871 3748.866715 0.562 -5.144 -5.999 -6.222 -4.141 -5.387 -6.217
thin4 3 thin_disk 9.301029996 -0.5 0.0048313 1.562919855 1.465 72.83709979 3948.20778 0.876 -4.543 -5.328 -5.513 -3.631 -4.75 -5.509
thin4 3 thin_disk 9.301029996 -0.5 0.0048313 1.562922955 1.463 73.42646915 3943.664854 0.869 -4.555 -5.342 -5.528 -3.641 -4.763 -5.523
thin4 3 thin_disk 9.301029996 -0.5 0.0048313 1.562927127 1.46 84.55759941 3863.669771 0.745 -4.789 -5.604 -5.805 -3.84 -5.012 -5.8
thin4 3 thin_disk 9.301029996 -0.5 0.0048313 1.562932372 1.457 106.9676968 3734.220854 0.54 -5.179 -6.039 -6.265 -4.169 -5.425 -6.26
thin4 3 thin_disk 9.301029996 -0.5 0.0048313 1.562938809 1.454 132.4197138 3619.095139 0.353 -5.54 -6.434 -6.683 -4.465 -5.803 -6.677
thin4 3 thin_disk 9.301029996 -0.5 0.0048313 1.5629462 1.449 152.8103058 3544.051303 0.228 -5.784 -6.698 -6.963 -4.657 -6.057 -6.956
thin4 3 thin_disk 9.301029996 -0.5 0.0048313 1.562954903 1.444 164.8741786 3503.482883 0.161 -5.913 -6.836 -7.111 -4.752 -6.191 -7.103
thin4 3 thin_disk 9.301029996 -0.5 0.0048313 1.562964678 1.439 170.5896369 3484.175319 0.129 -5.97 -6.898 -7.177 -4.793 -6.25 -7.168
thin4 3 thin_disk 9.301029996 -0.5 0.0048313 1.562975645 1.432 173.8011496 3473.76152 0.112 -5.999 -6.931 -7.212 -4.813 -6.281 -7.203
thin4 3 thin_disk 9.301029996 -0.5 0.0048313 1.562976003 1.432 144.59479 3568.617493 0.271 -5.686 -6.593 -6.853 -4.577 -5.955 -6.846
thin4 3 thin_disk 9.301029996 -0.5 0.0048313 1.562977195 1.431 115.2531078 3689.775986 0.468 -5.301 -6.175 -6.409 -4.267 -5.553 -6.404
thin4 3 thin_disk 9.301029996 -0.5 0.0048313 1.562979341 1.43 80.15906538 3891.347363 0.783 -4.699 -5.504 -5.7 -3.762 -4.916 -5.695
thin4 3 thin_disk 9.301029996 -0.5 0.0048313 1.562982559 1.427 80.80768122 3886.869861 0.775 -4.711 -5.518 -5.715 -3.773 -4.93 -5.71
thin4 3 thin_disk 9.301029996 -0.5 0.0048313 1.562986851 1.424 92.88650985 3807.150104 0.653 -4.94 -5.775 -5.987 -3.966 -5.173 -5.982
thin4 3 thin_disk 9.301029996 -0.5 0.0048313 1.562992215 1.42 116.8295341 3679.59483 0.453 -5.321 -6.198 -6.435 -4.281 -5.575 -6.429
thin4 3 thin_disk 9.301029996 -0.5 0.0048313 1.562998652 1.415 143.7979335 3566.15323 0.27 -5.672 -6.58 -6.84 -4.561 -5.942 -6.833
thin4 3 thin_disk 9.301029996 -0.5 0.0048313 1.563006163 1.41 165.4446184 3491.403155 0.147 -5.908 -6.836 -7.112 -4.738 -6.188 -7.104
thin4 3 thin_disk 9.301029996 -0.5 0.0048313 1.563014984 1.403 178.0953764 3451.437393 0.081 -6.033 -6.969 -7.255 -4.825 -6.317 -7.246
thin4 3 thin_disk 9.301029996 -0.5 0.0048313 1.563024879 1.396 184.3540339 3431.626398 0.049 -6.09 -7.03 -7.32 -4.86 -6.376 -7.311
thin4 3 thin_disk 9.301029996 -0.5 0.0048313 1.563036084 1.387 187.6949746 3420.581953 0.031 -6.12 -7.062 -7.356 -4.878 -6.407 -7.346
thin4 3 thin_disk 9.301029996 -0.5 0.0048313 1.563036442 1.387 159.7543325 3504.289683 0.171 -5.844 -6.768 -7.042 -4.685 -6.122 -7.034
thin4 3 thin_disk 9.301029996 -0.5 0.0048313 1.563037634 1.386 127.4537579 3625.767902 0.366 -5.461 -6.354 -6.602 -4.391 -5.724 -6.596
thin4 3 thin_disk 9.301029996 -0.5 0.0048313 1.563039661 1.384 88.46116302 3830.010812 0.682 -4.857 -5.684 -5.891 -3.893 -5.086 -5.886
thin4 3 thin_disk 9.301029996 -0.5 0.0048313 1.56304276 1.381 89.21803316 3824.72311 0.674 -4.87 -5.699 -5.907 -3.903 -5.1 -5.902
thin4 3 thin_disk 9.301029996 -0.5 0.0048313 1.563046932 1.377 102.4124238 3744.553156 0.554 -5.094 -5.95 -6.174 -4.09 -5.338 -6.169
thin4 3 thin_disk 9.301029996 -0.5 0.0048313 1.563052058 1.372 128.0125783 3619.928562 0.358 -5.465 -6.36 -6.609 -4.391 -5.729 -6.602
thin4 3 thin_disk 9.301029996 -0.5 0.0048313 1.563058376 1.365 156.6941002 3509.942485 0.181 -5.806 -6.729 -7.001 -4.651 -6.083 -6.993
thin4 3 thin_disk 9.301029996 -0.5 0.0048313 1.563065767 1.358 179.2060407 3438.745222 0.062 -6.035 -6.973 -7.262 -4.812 -6.32 -7.253
thin4 3 thin_disk 9.301029996 -0.5 0.0048313 1.563074231 1.35 192.2882048 3400.948065 -0.002 -6.155 -7.102 -7.399 -4.891 -6.444 -7.39
thin4 3 thin_disk 9.301029996 -0.5 0.0048313 1.563083887 1.341 198.6335685 3382.984438 -0.033 -6.21 -7.16 -7.462 -4.924 -6.5 -7.452
thin4 3 thin_disk 9.301029996 -0.5 0.0048313 1.563094735 1.33 202.1401785 3372.873087 -0.052 -6.24 -7.191 -7.495 -4.939 -6.53 -7.485
thin4 3 thin_disk 9.301029996 -0.5 0.0048313 1.563094974 1.33 175.9756771 3444.292294 0.068 -6.001 -6.939 -7.227 -4.785 -6.287 -7.218
thin4 3 thin_disk 9.301029996 -0.5 0.0048313 1.563095927 1.329 140.9784219 3560.4099 0.26 -5.624 -6.534 -6.795 -4.509 -5.895 -6.788
thin4 3 thin_disk 9.301029996 -0.5 0.0048313 1.563097715 1.327 98.02856491 3761.837228 0.576 -5.015 -5.865 -6.086 -4.019 -5.255 -6.08
thin4 3 thin_disk 9.301029996 -0.5 0.0048313 1.563100219 1.324 98.75353368 3756.643646 0.568 -5.029 -5.822 -6.058 -3.969 -5.235 -6.052
thin4 3 thin_disk 9.301029996 -0.5 0.0048313 1.563103557 1.32 113.0193083 3677.053934 0.449 -5.238 -6.062 -6.311 -4.135 -5.459 -6.306
thin4 3 thin_disk 9.301029996 -0.5 0.0048313 1.563107848 1.315 140.9135139 3548.950974 0.257 -5.566 -6.44 -6.717 -4.399 -5.815 -6.71
thin4 3 thin_disk 9.301029996 -0.5 0.0048313 1.563112974 1.309 172.1680834 3432.41665 0.08 -5.853 -6.773 -7.08 -4.635 -6.128 -7.071
thin4 3 thin_disk 9.301029996 -0.5 0.0048313 1.563118935 1.302 197.5389063 3349.654392 -0.041 -6.042 -6.998 -7.325 -4.782 -6.339 -7.316
thin4 3 thin_disk 9.301029996 -0.5 0.0048313 1.563125968 1.294 213.0848852 3298.374772 -0.11 -6.14 -7.117 -7.457 -4.855 -6.449 -7.447
thin4 3 thin_disk 9.301029996 -0.5 0.0048313 1.563133836 1.284 221.6933392 3267.382661 -0.147 -6.183 -7.173 -7.52 -4.882 -6.5 -7.51
thin4 3 thin_disk 9.301029996 -0.5 0.0048313 1.563142657 1.274 227.4325626 3242.64944 -0.173 -6.205 -7.204 -7.557 -4.892 -6.528 -7.547
thin4 3 thin_disk 9.301029996 -0.5 0.0048313 1.563142896 1.274 200.2869462 3315.125698 -0.063 -6.025 -6.998 -7.332 -4.749 -6.331 -7.323
thin4 3 thin_disk 9.301029996 -0.5 0.0048313 1.563143849 1.272 158.3990764 3453.027205 0.14 -5.697 -6.61 -6.911 -4.492 -5.969 -6.903
thin4 3 thin_disk 9.301029996 -0.5 0.0048313 1.563145518 1.268 107.5604585 3694.026444 0.476 -5.143 -5.953 -6.204 -4.061 -5.359 -6.197
thin4 3 thin_disk 9.301029996 -0.5 0.0048313 1.563148022 1.263 108.6057064 3684.681891 0.465 -5.154 -5.968 -6.22 -4.068 -5.372 -6.214
thin4 3 thin_disk 9.301029996 -0.5 0.0048313 1.56315136 1.257 125.2139295 3589.219346 0.339 -5.355 -6.209 -6.48 -4.22 -5.594 -6.473
thin4 3 thin_disk 9.301029996 -0.5 0.0048313 1.563155532 1.248 157.4536182 3439.537114 0.137 -5.667 -6.586 -6.89 -4.456 -5.942 -6.881
thin4 3 thin_disk 9.301029996 -0.5 0.0048313 1.563160539 1.238 193.8887652 3305.978311 -0.047 -5.942 -6.92 -7.256 -4.662 -6.251 -7.246
thin4 3 thin_disk 9.301029996 -0.5 0.0048313 1.56316638 1.227 223.8477043 3210.702011 -0.176 -6.125 -7.139 -7.5 -4.797 -6.456 -7.489
thin4 3 thin_disk 9.301029996 -0.5 0.0048313 1.563173175 1.213 242.7463144 3151.37438 -0.251 -6.22 -7.255 -7.634 -4.859 -6.564 -7.622
thin4 3 thin_disk 9.301029996 -0.5 0.0048313 1.563180924 1.199 254.1280739 3110.283669 -0.296 -6.261 -7.309 -7.702 -4.876 -6.613 -7.689
thin4 3 thin_disk 9.301029996 -0.5 0.0048313 1.563189626 1.182 262.4536668 3074.680546 -0.331 -6.279 -7.338 -7.744 -4.874 -6.638 -7.731
thin4 3 thin_disk 9.301029996 -0.5 0.0048313 1.563189864 1.181 235.3708333 3138.340056 -0.236 -6.121 -7.167 -7.559 -4.747 -6.47 -7.546
thin4 3 thin_disk 9.301029996 -0.5 0.0048313 1.563190699 1.18 184.8641273 3283.976193 -0.027 -5.805 -6.795 -7.136 -4.514 -6.121 -7.126
thin4 3 thin_disk 9.301029996 -0.5 0.0048313 1.563192248 1.178 123.49593 3544.051303 0.323 -5.267 -6.143 -6.422 -4.111 -5.518 -6.414
thin4 3 thin_disk 9.301029996 -0.5 0.0048313 1.563194513 1.174 124.6960352 3535.086134 0.313 -5.278 -6.158 -6.438 -4.117 -5.531 -6.431
thin4 3 thin_disk 9.301029996 -0.5 0.0048313 1.563197613 1.17 144.3286817 3434.788499 0.185 -5.468 -6.392 -6.695 -4.256 -5.745 -6.687
thin4 3 thin_disk 9.301029996 -0.5 0.0048313 1.563201308 1.164 181.4481919 3282.464214 -0.017 -5.761 -6.753 -7.095 -4.471 -6.078 -7.085
thin4 3 thin_disk 9.301029996 -0.5 0.0048313 1.563205957 1.157 223.1786493 3147.748314 -0.199 -6.021 -7.064 -7.45 -4.655 -6.369 -7.437
thin4 3 thin_disk 9.301029996 -0.5 0.0048313 1.563211322 1.149 257.1299378 3054.921113 -0.324 -6.177 -7.254 -7.681 -4.748 -6.544 -7.667
thin4 3 thin_disk 9.301029996 -0.5 0.0048313 1.563217521 1.139 278.0690447 2999.162519 -0.396 -6.217 -7.323 -7.799 -4.729 -6.597 -7.782
thin4 3 thin_disk 9.301029996 -0.5 0.0048313 1.563224673 1.129 290.1032838 2963.466349 -0.437 -6.359 -7.422 -7.84 -4.912 -6.725 -7.828
thin4 3 thin_disk 9.301029996 -0.5 0.0048313 1.563232541 1.117 298.9183972 2932.918534 -0.467 -6.382 -7.446 -7.871 -4.919 -6.749 -7.859
thin4 3 thin_disk 9.301029996 -0.5 0.0048313 1.56323278 1.116 273.4340813 2984.695288 -0.391 -6.259 -7.323 -7.736 -4.821 -6.624 -7.723
thin4 3 thin_disk 9.301029996 -0.5 0.0048313 1.563233614 1.113 214.4137561 3131.122075 -0.18 -5.899 -6.953 -7.348 -4.522 -6.253 -7.335
thin4 3 thin_disk 9.301029996 -0.5 0.0048313 1.563235045 1.108 141.8249519 3397.817118 0.177 -5.379 -6.322 -6.632 -4.148 -5.665 -6.623
thin4 3 thin_disk 9.301029996 -0.5 0.0048313 1.56323719 1.101 143.5332917 3385.322128 0.163 -5.389 -6.338 -6.651 -4.152 -5.679 -6.642
thin4 3 thin_disk 9.301029996 -0.5 0.0048313 1.563240051 1.091 166.7449327 3279.442344 0.03 -5.569 -6.565 -6.907 -4.279 -5.889 -6.897
thin4 3 thin_disk 9.301029996 -0.5 0.0048313 1.563243627 1.079 210.1128651 3123.201467 -0.176 -5.845 -6.902 -7.297 -4.466 -6.201 -7.284
thin4 3 thin_disk 9.301029996 -0.5 0.0048313 1.563247919 1.065 258.7334889 2984.695288 -0.363 -6.137 -7.202 -7.614 -4.7 -6.502 -7.602
thin4 3 thin_disk 9.301029996 -0.5 0.0048313 1.563252926 1.049 298.2309039 2889.348982 -0.493 -6.279 -7.36 -7.821 -4.771 -6.653 -7.806
thin4 3 thin_disk 9.301029996 -0.5 0.0048313 1.563258886 1.03 323.1116707 2830.740119 -0.571 -6.337 -7.425 -7.922 -4.78 -6.714 -7.907
thin4 3 thin_disk 9.301029996 -0.5 0.0048313 1.563265443 1.009 337.483578 2793.830151 -0.618 -6.344 -7.437 -7.963 -4.749 -6.722 -7.947
thin4 3 thin_disk 9.301029996 -0.5 0.0048313 1.563272953 0.986 347.898571 2764.394371 -0.654 -6.387 -7.464 -7.984 -4.789 -6.757 -7.97
thin4 3 thin_disk 9.301029996 -0.5 0.0048313 1.563273191 0.985 325.7261641 2801.560464 -0.598 -6.309 -7.392 -7.898 -4.734 -6.683 -7.883
thin4 3 thin_disk 9.301029996 -0.5 0.0048313 1.563273907 0.98 254.3622423 2948.492314 -0.384 -6.052 -7.119 -7.537 -4.602 -6.42 -7.525
thin4 3 thin_disk 9.301029996 -0.5 0.0048313 1.563275218 0.973 166.0935031 3224.036872 -0.017 -5.481 -6.501 -6.859 -4.161 -5.814 -6.848
thin4 3 thin_disk 9.301029996 -0.5 0.0048313 1.563277245 0.963 169.4153061 3199.631767 -0.039 -5.491 -6.52 -6.885 -4.16 -5.83 -6.874
thin4 3 thin_disk 9.301029996 -0.5 0.0048313 1.563279867 0.949 199.2749206 3076.805194 -0.187 -5.662 -6.734 -7.143 -4.257 -6.027 -7.129
thin4 3 thin_disk 9.301029996 -0.5 0.0048313 1.563283205 0.931 254.4208181 2902.68561 -0.407 -5.982 -7.052 -7.485 -4.505 -6.352 -7.472
thin4 3 thin_disk 9.301029996 -0.5 0.0048313 1.563287139 0.911 316.8492218 2750.426223 -0.607 -6.193 -7.256 -7.758 -4.609 -6.558 -7.745
thin4 3 thin_disk 9.301029996 -0.5 0.0048313 1.563291788 0.888 367.8346564 2648.500139 -0.747 -6.137 -7.255 -7.901 -4.373 -6.515 -7.884
thin4 3 thin_disk 9.301029996 -0.5 0.0048313 1.563297272 0.861 397.7888858 2594.179362 -0.829 -6.111 -7.251 -7.965 -4.261 -6.493 -7.947
thin4 3 thin_disk 9.301029996 -0.5 0.0048313 1.563303351 0.832 410.2538306 2575.13499 -0.871 -5.903 -7.132 -7.953 -3.919 -6.317 -7.929
thin4 3 thin_disk 9.301029996 -0.5 0.0048313 1.563310265 0.801 411.673247 2581.07129 -0.89 -5.816 -7.084 -7.951 -3.774 -6.244 -7.924
thin4 3 thin_disk 9.301029996 -0.5 0.0048313 1.563310504 0.8 395.5056071 2603.154831 -0.856 -5.849 -7.088 -7.916 -3.856 -6.267 -7.892
thin4 3 thin_disk 9.301029996 -0.5 0.0048313 1.563311219 0.797 304.8264476 2762.485455 -0.631 -6.021 -7.129 -7.69 -4.38 -6.402 -7.674
thin4 3 thin_disk 9.301029996 -0.5 0.0048313 1.563312411 0.792 192.9090689 3068.315401 -0.237 -5.568 -6.647 -7.069 -4.148 -5.936 -7.055
thin4 3 thin_disk 9.301029996 -0.5 0.0048313 1.563314199 0.784 201.8611043 3008.153544 -0.28 -5.574 -6.665 -7.104 -4.121 -5.949 -7.089
thin4 3 thin_disk 9.301029996 -0.5 0.0048313 1.563316703 0.774 246.2366221 2837.265649 -0.459 -5.82 -6.884 -7.331 -4.313 -6.189 -7.319
thin4 3 thin_disk 9.301029996 -0.5 0.0048313 1.563319683 0.761 324.3042535 2627.846541 -0.706 -5.866 -6.962 -7.591 -4.116 -6.234 -7.576
thin4 3 thin_disk 9.301029996 -0.5 0.0048313 1.563323379 0.745 409.6874354 2466.607229 -0.917 -5.401 -6.742 -7.69 -3.249 -5.856 -7.659
thin4 3 thin_disk 9.301029996 -0.5 0.0048313 1.563327789 0.728 468.8702148 2386.711908 -1.045 -4.953 -6.501 -7.661 -2.489 -5.483 -7.622
thin4 3 thin_disk 9.301029996 -0.5 0.0048313 1.563332796 0.708 482.8949291 2392.764739 -1.082 -4.865 -6.469 -7.683 -2.318 -5.415 -7.642
thin4 3 thin_disk 9.301029996 -0.5 0.0048313 1.563338399 0.686 453.9966464 2487.711421 -1.042 -5.165 -6.678 -7.802 -2.755 -5.682 -7.764
thin4 3 thin_disk 9.301029996 -0.5 0.0048313 1.563344836 0.662 392.7829656 2685.344446 -0.932 -5.952 -7.226 -8.054 -3.979 -6.389 -8.026
thin4 3 thin_disk 9.301029996 -0.5 0.0048313 1.563360691 0.608 3.335436253e-06 10000 1.403 30.036 30.057 30.065 30.007 30.05 30.064
