# component component_index family logAge MH Zini Mini Mass radius_rsun Teff_K logg Jmag_2mass Hmag_2mass Ksmag_2mass F087mag F146mag F213mag
thin4 3 thin_disk 9.477121255 -0.5 0.0048313 0.0900000036 0.09 0.1117255869 2543.899793 5.293 10.891 10.437 10.238 12.479 10.984 10.309
thin4 3 thin_disk 9.477121255 -0.5 0.0048313 0.1000000015 0.1 0.1238946762 2724.582733 5.249 10.424 9.942 9.725 11.881 10.48 9.791
thin4 3 thin_disk 9.477121255 -0.5 0.0048313 0.1199999973 0.12 0.1454295448 2934.269504 5.189 9.849 9.329 9.098 11.096 9.849 9.156
thin4 3 thin_disk 9.477121255 -0.5 0.0048313 0.1400000006 0.14 0.1645707487 3068.315401 5.148 9.444 8.909 8.676 10.584 9.418 8.728
thin4 3 thin_disk 9.477121255 -0.5 0.0048313 0.1548968703 0.155 0.1780543732 3139.062769 5.125 9.204 8.663 8.432 10.296 9.167 8.481
thin4 3 thin_disk 9.477121255 -0.5 0.0048313 0.1599999964 0.16 0.1824536874 3162.27766 5.117 9.127 8.584 8.353 10.204 9.086 8.401
thin4 3 thin_disk 9.477121255 -0.5 0.0048313 0.1999999881 0.2 0.2154530492 3295.338255 5.07 8.64 8.088 7.861 9.643 8.581 7.903
thin4 3 thin_disk 9.477121255 -0.5 0.0048313 0.25 0.25 0.2540695655 3404.865806 5.024 8.179 7.62 7.399 9.132 8.108 7.437
thin4 3 thin_disk 9.477121255 -0.5 0.0048313 0.3000000119 0.3 0.2913081565 3482.571166 4.983 7.81 7.245 7.027 8.731 7.73 7.062
thin4 3 thin_disk 9.477121255 -0.5 0.0048313 0.3055693209 0.305 0.2965190806 3489.795674 4.977 7.767 7.201 6.983 8.685 7.686 7.018
thin4 3 thin_disk 9.477121255 -0.5 0.0048313 0.3499999642 0.35 0.3363974111 3547.316998 4.926 7.441 6.869 6.654 8.338 7.354 6.686
thin4 3 thin_disk 9.477121255 -0.5 0.0048313 0.3999999762 0.4 0.3790990052 3640.826638 4.88 7.102 6.521 6.308 7.966 7.003 6.337
thin4 3 thin_disk 9.477121255 -0.5 0.0048313 0.4499999881 0.45 0.4293907107 3761.837228 4.823 6.733 6.14 5.933 7.558 6.621 5.957
thin4 3 thin_disk 9.477121255 -0.5 0.0048313 0.4999999404 0.5 0.4815624828 3926.449354 4.768 6.349 5.74 5.549 7.13 6.223 5.566
thin4 3 thin_disk 9.477121255 -0.5 0.0048313 0.5500000119 0.55 0.5310710711 4159.106105 4.725 5.95 5.317 5.164 6.683 5.809 5.176
thin4 3 thin_disk 9.477121255 -0.5 0.0048313 0.5999999642 0.6 0.5711532401 4443.242331 4.7 5.578 4.957 4.844 6.257 5.44 4.852
thin4 3 thin_disk 9.477121255 -0.5 0.0048313 0.6000670791 0.6 0.5711532401 4443.242331 4.7 5.577 4.957 4.844 6.256 5.439 4.851
thin4 3 thin_disk 9.477121255 -0.5 0.0048313 0.6499999166 0.65 0.6059721222 4759.923797 4.683 5.241 4.692 4.603 5.846 5.13 4.609
thin4 3 thin_disk 9.477121255 -0.5 0.0048313 0.6745495796 0.675 0.624385264 4910.209249 4.674 5.088 4.582 4.501 5.653 4.992 4.505
thin4 3 thin_disk 9.477121255 -0.5 0.0048313 0.6999999881 0.7 0.6433579099 5065.239676 4.664 4.936 4.47 4.395 5.466 4.854 4.399
thin4 3 thin_disk 9.477121255 -0.5 0.0048313 0.7036953568 0.704 0.6455838312 5088.61976 4.662 4.914 4.454 4.38 5.439 4.835 4.384
thin4 3 thin_disk 9.477121255 -0.5 0.0048313 0.7487857342 0.749 0.681008676 5357.966575 4.643 4.663 4.265 4.2 5.131 4.603 4.203
thin4 3 thin_disk 9.477121255 -0.5 0.0048313 0.7775233388 0.777 0.7083577419 5510.614111 4.626 4.507 4.139 4.079 4.945 4.456 4.082
thin4 3 thin_disk 9.477121255 -0.5 0.0048313 0.7975714207 0.797 0.7275329123 5615.649584 4.613 4.401 4.052 3.996 4.822 4.356 3.999
thin4 3 thin_disk 9.477121255 -0.5 0.0048313 0.8057841659 0.805 0.7368051366 5654.575407 4.606 4.357 4.015 3.961 4.772 4.315 3.964
thin4 3 thin_disk 9.477121255 -0.5 0.0048313 0.8448218107 0.844 0.7817225587 5838.482731 4.575 4.154 3.84 3.793 4.539 4.119 3.795
thin4 3 thin_disk 9.477121255 -0.5 0.0048313 0.8463571072 0.846 0.7840660419 5846.554468 4.574 4.146 3.833 3.786 4.53 4.112 3.789
thin4 3 thin_disk 9.477121255 -0.5 0.0048313 0.8759550452 0.875 0.8234792207 5970.352866 4.546 3.992 3.697 3.656 4.359 3.963 3.658
thin4 3 thin_disk 9.477121255 -0.5 0.0048313 0.8951427937 0.894 0.8510452358 6047.835919 4.528 3.894 3.611 3.572 4.25 3.868 3.574
thin4 3 thin_disk 9.477121255 -0.5 0.0048313 0.9021177292 0.901 0.8612964255 6074.352629 4.52 3.858 3.579 3.541 4.21 3.833 3.543
thin4 3 thin_disk 9.477121255 -0.5 0.0048313 0.9223812222 0.922 0.8934137761 6148.936385 4.498 3.752 3.484 3.448 4.094 3.73 3.45
thin4 3 thin_disk 9.477121255 -0.5 0.0048313 0.9416820407 0.941 0.9263020919 6218.705638 4.476 3.651 3.392 3.358 3.984 3.632 3.36
thin4 3 thin_disk 9.477121255 -0.5 0.0048313 0.9439284801 0.943 0.9290790022 6227.303035 4.473 3.639 3.381 3.348 3.971 3.62 3.349
thin4 3 thin_disk 9.477121255 -0.5 0.0048313 0.9458145499 0.945 0.9327229113 6233.041235 4.471 3.629 3.372 3.339 3.96 3.61 3.34
thin4 3 thin_disk 9.477121255 -0.5 0.0048313 0.9670876265 0.966 0.9717457387 6306.668448 4.446 3.516 3.268 3.237 3.838 3.5 3.239
thin4 3 thin_disk 9.477121255 -0.5 0.0048313 0.9862836599 0.986 1.007517608 6370.888436 4.422 3.414 3.175 3.146 3.728 3.4 3.147
thin4 3 thin_disk 9.477121255 -0.5 0.0048313 0.9927142262 0.992 1.020828167 6391.458892 4.414 3.38 3.143 3.114 3.692 3.366 3.116
thin4 3 thin_disk 9.477121255 -0.5 0.0048313 1.004147053 1.004 1.044125362 6429.837541 4.4 3.32 3.088 3.06 3.627 3.307 3.061
thin4 3 thin_disk 9.477121255 -0.5 0.0048313 1.020997405 1.02 1.07808411 6486.344335 4.379 3.23 3.005 2.979 3.531 3.22 2.98
thin4 3 thin_disk 9.477121255 -0.5 0.0048313 1.036054015 1.035 1.111098714 6534.313996 4.359 3.15 2.931 2.906 3.444 3.141 2.907
thin4 3 thin_disk 9.477121255 -0.5 0.0048313 1.041499853 1.041 1.122929897 6552.39394 4.352 3.121 2.905 2.879 3.413 3.112 2.881
thin4 3 thin_disk 9.477121255 -0.5 0.0048313 1.047599554 1.047 1.135671285 6572.037003 4.344 3.089 2.875 2.85 3.378 3.081 2.852
thin4 3 thin_disk 9.477121255 -0.5 0.0048313 1.063788056 1.063 1.172877472 6625.215359 4.323 3.003 2.797 2.772 3.286 2.997 2.774
thin4 3 thin_disk 9.477121255 -0.5 0.0048313 1.078833342 1.078 1.208516669 6671.139158 4.303 2.922 2.723 2.699 3.199 2.918 2.7
thin4 3 thin_disk 9.477121255 -0.5 0.0048313 1.090285659 1.089 1.236951424 6705.018802 4.287 2.861 2.666 2.642 3.134 2.857 2.643
thin4 3 thin_disk 9.477121255 -0.5 0.0048313 1.098744392 1.097 1.258788147 6731.316327 4.276 2.816 2.625 2.601 3.086 2.813 2.602
thin4 3 thin_disk 9.477121255 -0.5 0.0048313 1.108909249 1.108 1.284850639 6759.273195 4.262 2.762 2.575 2.552 3.029 2.761 2.553
thin4 3 thin_disk 9.477121255 -0.5 0.0048313 1.12665987 1.125 1.33368309 6796.72972 4.237 2.67 2.488 2.465 2.931 2.669 2.466
thin4 3 thin_disk 9.477121255 -0.5 0.0048313 1.139071226 1.138 1.369785753 6815.535747 4.218 2.605 2.426 2.403 2.865 2.605 2.404
thin4 3 thin_disk 9.477121255 -0.5 0.0048313 1.145330667 1.144 1.3891612 6818.67514 4.208 2.573 2.395 2.371 2.832 2.573 2.372
thin4 3 thin_disk 9.477121255 -0.5 0.0048313 1.180738926 1.179 1.518282705 6806.126238 4.145 2.385 2.206 2.183 2.645 2.385 2.184
thin4 3 thin_disk 9.477121255 -0.5 0.0048313 1.187857151 1.187 1.547222046 6796.72972 4.131 2.347 2.167 2.143 2.608 2.347 2.144
thin4 3 thin_disk 9.477121255 -0.5 0.0048313 1.195216894 1.194 1.577802518 6788.909198 4.116 2.305 2.124 2.1 2.567 2.304 2.101
thin4 3 thin_disk 9.477121255 -0.5 0.0048313 1.236642718 1.235 1.786292788 6715.834729 4.023 2.057 1.868 1.843 2.328 2.055 1.844
thin4 3 thin_disk 9.477121255 -0.5 0.0048313 1.24773705 1.247 1.857601892 6684.978272 3.993 1.983 1.79 1.765 2.257 1.98 1.766
thin4 3 thin_disk 9.477121255 -0.5 0.0048313 1.259797215 1.259 1.920669522 6762.386672 3.968 1.886 1.705 1.679 2.151 1.885 1.681
thin4 3 thin_disk 9.477121255 -0.5 0.0048313 1.263816357 1.263 1.928202514 6862.778784 3.966 1.846 1.678 1.654 2.099 1.848 1.655
thin4 3 thin_disk 9.477121255 -0.5 0.0048313 1.265313029 1.264 1.921111823 6979.109302 3.97 1.82 1.667 1.643 2.058 1.825 1.644
thin4 3 thin_disk 9.477121255 -0.5 0.0048313 1.266005039 1.265 1.916693389 7084.34985 3.972 1.794 1.654 1.631 2.02 1.801 1.632
thin4 3 thin_disk 9.477121255 -0.5 0.0048313 1.266293168 1.265 1.918459542 7130.171895 3.972 1.779 1.645 1.622 2 1.787 1.623
thin4 3 thin_disk 9.477121255 -0.5 0.0048313 1.266708374 1.266 1.964502767 7042.064523 3.951 1.752 1.608 1.584 1.983 1.759 1.585
thin4 3 thin_disk 9.477121255 -0.5 0.0048313 1.268401861 1.267 2.084743579 6883.352333 3.9 1.671 1.507 1.482 1.92 1.674 1.483
thin4 3 thin_disk 9.477121255 -0.5 0.0048313 1.275399923 1.274 2.293256562 6669.603248 3.82 1.53 1.339 1.312 1.805 1.527 1.313
thin4 3 thin_disk 9.477121255 -0.5 0.0048313 1.281661868 1.28 2.475441371 6486.344335 3.755 1.422 1.205 1.176 1.72 1.413 1.177
thin4 3 thin_disk 9.477121255 -0.5 0.0048313 1.285428286 1.284 2.61669223 6334.320008 3.708 1.353 1.117 1.084 1.671 1.34 1.086
thin4 3 thin_disk 9.477121255 -0.5 0.0048313 1.287893772 1.287 2.717394205 6215.842478 3.677 1.315 1.063 1.027 1.648 1.297 1.028
thin4 3 thin_disk 9.477121255 -0.5 0.0048313 1.290449619 1.289 2.818075634 6068.760519 3.646 1.289 1.013 0.974 1.643 1.265 0.976
thin4 3 thin_disk 9.477121255 -0.5 0.0048313 1.292633057 1.291 2.894360648 5926.523352 3.623 1.283 0.984 0.94 1.66 1.253 0.943
thin4 3 thin_disk 9.477121255 -0.5 0.0048313 1.294609904 1.293 2.945456714 5787.619883 3.609 1.301 0.978 0.931 1.699 1.264 0.933
thin4 3 thin_disk 9.477121255 -0.5 0.0048313 1.296030164 1.295 2.974764875 5683.292391 3.6 1.322 0.982 0.93 1.738 1.28 0.933
thin4 3 thin_disk 9.477121255 -0.5 0.0048313 1.297855139 1.297 3.034258972 5562.88395 3.585 1.335 0.972 0.916 1.771 1.286 0.919
thin4 3 thin_disk 9.477121255 -0.5 0.0048313 1.300455213 1.299 3.172872677 5433.754339 3.546 1.297 0.908 0.848 1.757 1.24 0.85
thin4 3 thin_disk 9.477121255 -0.5 0.0048313 1.303298473 1.302 3.406062751 5335.805618 3.486 1.191 0.781 0.718 1.672 1.128 0.721
thin4 3 thin_disk 9.477121255 -0.5 0.0048313 1.30527091 1.304 3.622035019 5291.758304 3.433 1.078 0.657 0.593 1.568 1.012 0.596
thin4 3 thin_disk 9.477121255 -0.5 0.0048313 1.307864189 1.307 3.949595731 5245.658331 3.358 0.913 0.482 0.416 1.412 0.843 0.419
thin4 3 thin_disk 9.477121255 -0.5 0.0048313 1.310145855 1.309 4.270243545 5213.147344 3.291 0.76 0.321 0.254 1.267 0.688 0.257
thin4 3 thin_disk 9.477121255 -0.5 0.0048313 1.312289238 1.311 4.603123689 5185.611777 3.227 0.611 0.166 0.098 1.125 0.537 0.101
thin4 3 thin_disk 9.477121255 -0.5 0.0048313 1.314083219 1.313 4.915329598 5161.786055 3.171 0.482 0.031 -0.038 1.001 0.406 -0.035
thin4 3 thin_disk 9.477121255 -0.5 0.0048313 1.315790772 1.315 5.248710809 5138.069802 3.114 0.352 -0.106 -0.175 0.876 0.273 -0.172
thin4 3 thin_disk 9.477121255 -0.5 0.0048313 1.317226887 1.316 5.576383646 5115.6403 3.062 0.233 -0.23 -0.3 0.762 0.152 -0.297
thin4 3 thin_disk 9.477121255 -0.5 0.0048313 1.318567991 1.317 5.934069724 5092.136068 3.008 0.109 -0.36 -0.431 0.644 0.027 -0.428
thin4 3 thin_disk 9.477121255 -0.5 0.0048313 1.319772959 1.318 6.332171152 5067.572842 2.952 -0.018 -0.493 -0.565 0.523 -0.102 -0.562
thin4 3 thin_disk 9.477121255 -0.5 0.0048313 1.320838213 1.32 6.744544817 5041.967013 2.898 -0.141 -0.623 -0.695 0.406 -0.228 -0.692
thin4 3 thin_disk 9.477121255 -0.5 0.0048313 1.321780682 1.32 7.152414004 5018.801279 2.847 -0.255 -0.743 -0.816 0.297 -0.344 -0.813
thin4 3 thin_disk 9.477121255 -0.5 0.0048313 1.322631121 1.321 7.558796353 4995.741982 2.799 -0.364 -0.858 -0.932 0.195 -0.454 -0.929
thin4 3 thin_disk 9.477121255 -0.5 0.0048313 1.323385358 1.322 7.966226399 4973.933791 2.754 -0.465 -0.965 -1.04 0.099 -0.558 -1.037
thin4 3 thin_disk 9.477121255 -0.5 0.0048313 1.32408309 1.323 8.385957264 4952.220801 2.71 -0.564 -1.071 -1.146 0.005 -0.659 -1.143
thin4 3 thin_disk 9.477121255 -0.5 0.0048313 1.324728727 1.323 8.817645706 4930.602596 2.666 -0.662 -1.175 -1.251 -0.087 -0.76 -1.249
thin4 3 thin_disk 9.477121255 -0.5 0.0048313 1.325283647 1.324 9.24597351 4910.209249 2.626 -0.752 -1.271 -1.348 -0.172 -0.852 -1.345
thin4 3 thin_disk 9.477121255 -0.5 0.0048313 1.325812936 1.324 9.683952373 4889.90025 2.585 -0.842 -1.367 -1.445 -0.257 -0.944 -1.442
thin4 3 thin_disk 9.477121255 -0.5 0.0048313 1.326302171 1.325 10.13100769 4869.675252 2.546 -0.928 -1.459 -1.538 -0.337 -1.032 -1.535
thin4 3 thin_disk 9.477121255 -0.5 0.0048313 1.32673502 1.325 10.55243401 4851.767712 2.511 -1.005 -1.541 -1.621 -0.409 -1.111 -1.618
thin4 3 thin_disk 9.477121255 -0.5 0.0048313 1.327153564 1.325 10.93081754 4836.152643 2.481 -1.073 -1.613 -1.694 -0.472 -1.18 -1.691
thin4 3 thin_disk 9.477121255 -0.5 0.0048313 1.327592611 1.326 11.29152616 4821.697939 2.453 -1.135 -1.679 -1.76 -0.531 -1.243 -1.757
thin4 3 thin_disk 9.477121255 -0.5 0.0048313 1.328014135 1.326 11.54921975 4811.716153 2.433 -1.178 -1.725 -1.807 -0.572 -1.288 -1.804
thin4 3 thin_disk 9.477121255 -0.5 0.0048313 1.328667521 1.327 10.88811364 4842.838652 2.484 -1.068 -1.607 -1.687 -0.47 -1.175 -1.684
thin4 3 thin_disk 9.477121255 -0.5 0.0048313 1.328933001 1.327 10.47979156 4862.952192 2.518 -0.997 -1.53 -1.609 -0.404 -1.102 -1.606
thin4 3 thin_disk 9.477121255 -0.5 0.0048313 1.329056859 1.327 10.63047437 4856.238414 2.505 -1.024 -1.559 -1.639 -0.429 -1.129 -1.636
thin4 3 thin_disk 9.477121255 -0.5 0.0048313 1.329572558 1.327 11.30453349 4827.252321 2.452 -1.142 -1.684 -1.765 -0.539 -1.25 -1.762
thin4 3 thin_disk 9.477121255 -0.5 0.0048313 1.330074787 1.328 12.01579872 4799.544249 2.399 -1.258 -1.809 -1.891 -0.648 -1.369 -1.888
thin4 3 thin_disk 9.477121255 -0.5 0.0048313 1.330546022 1.328 12.76299634 4770.896554 2.346 -1.373 -1.931 -2.015 -0.755 -1.487 -2.012
thin4 3 thin_disk 9.477121255 -0.5 0.0048313 1.330978394 1.329 13.55041652 4743.511961 2.295 -1.484 -2.051 -2.136 -0.86 -1.601 -2.133
thin4 3 thin_disk 9.477121255 -0.5 0.0048313 1.331390977 1.329 14.37648266 4715.198713 2.243 -1.598 -2.172 -2.259 -0.965 -1.717 -2.256
thin4 3 thin_disk 9.477121255 -0.5 0.0048313 1.331776857 1.329 15.2775124 4685.975353 2.191 -1.711 -2.294 -2.382 -1.071 -1.834 -2.379
thin4 3 thin_disk 9.477121255 -0.5 0.0048313 1.332138062 1.329 16.23501315 4656.93311 2.138 -1.825 -2.416 -2.505 -1.177 -1.951 -2.502
thin4 3 thin_disk 9.477121255 -0.5 0.0048313 1.332461476 1.33 17.23267291 4628.070862 2.087 -1.934 -2.534 -2.625 -1.279 -2.064 -2.622
thin4 3 thin_disk 9.477121255 -0.5 0.0048313 1.332767248 1.33 18.29163998 4599.387494 2.035 -2.046 -2.654 -2.747 -1.382 -2.178 -2.744
thin4 3 thin_disk 9.477121255 -0.5 0.0048313 1.333049059 1.33 19.42462507 4569.829533 1.983 -2.157 -2.772 -2.867 -1.485 -2.292 -2.864
thin4 3 thin_disk 9.477121255 -0.5 0.0048313 1.333311915 1.33 20.62778731 4540.461526 1.931 -2.267 -2.888 -2.987 -1.586 -2.405 -2.984
thin4 3 thin_disk 9.477121255 -0.5 0.0048313 1.333556294 1.33 21.90547348 4511.282253 1.879 -2.378 -3.005 -3.107 -1.686 -2.517 -3.103
thin4 3 thin_disk 9.477121255 -0.5 0.0048313 1.333777428 1.33 23.2087978 4482.2905 1.827 -2.486 -3.119 -3.224 -1.784 -2.627 -3.22
thin4 3 thin_disk 9.477121255 -0.5 0.0048313 1.333988905 1.33 24.65770457 4452.459728 1.775 -2.597 -3.235 -3.344 -1.884 -2.74 -3.34
thin4 3 thin_disk 9.477121255 -0.5 0.0048313 1.334180951 1.33 26.19706543 4422.827487 1.723 -2.705 -3.349 -3.462 -1.982 -2.85 -3.458
thin4 3 thin_disk 9.477121255 -0.5 0.0048313 1.334214211 1.33 26.48211364 4416.721344 1.713 -2.725 -3.37 -3.484 -2 -2.871 -3.48
thin4 3 thin_disk 9.477121255 -0.5 0.0048313 1.334363222 1.33 27.72379283 4394.404189 1.674 -2.807 -3.457 -3.573 -2.073 -2.955 -3.57
thin4 3 thin_disk 9.477121255 -0.5 0.0048313 1.334539413 1.33 29.3732935 4366.163553 1.624 -2.912 -3.567 -3.687 -2.166 -3.061 -3.684
thin4 3 thin_disk 9.477121255 -0.5 0.0048313 1.334707022 1.33 31.14961224 4336.107094 1.572 -3.017 -3.678 -3.804 -2.26 -3.169 -3.8
thin4 3 thin_disk 9.477121255 -0.5 0.0048313 1.334861994 1.33 33.01814306 4307.24921 1.521 -3.122 -3.788 -3.918 -2.352 -3.275 -3.915
thin4 3 thin_disk 9.477121255 -0.5 0.0048313 1.33500731 1.33 35.0148802 4277.598315 1.47 -3.227 -3.901 -4.036 -2.446 -3.383 -4.032
thin4 3 thin_disk 9.477121255 -0.5 0.0048313 1.335145712 1.329 37.17514275 4248.151535 1.418 -3.333 -4.017 -4.156 -2.541 -3.494 -4.152
thin4 3 thin_disk 9.477121255 -0.5 0.0048313 1.335269928 1.329 39.37790844 4218.907466 1.368 -3.436 -4.129 -4.271 -2.633 -3.601 -4.267
thin4 3 thin_disk 9.477121255 -0.5 0.0048313 1.335388184 1.329 41.75924565 4189.864711 1.317 -3.54 -4.243 -4.389 -2.726 -3.709 -4.385
thin4 3 thin_disk 9.477121255 -0.5 0.0048313 1.33549881 1.328 44.2845917 4161.021885 1.266 -3.643 -4.356 -4.506 -2.818 -3.817 -4.502
thin4 3 thin_disk 9.477121255 -0.5 0.0048313 1.335601926 1.328 46.90861872 4132.377612 1.216 -3.745 -4.468 -4.622 -2.909 -3.923 -4.618
thin4 3 thin_disk 9.477121255 -0.5 0.0048313 1.335699678 1.328 49.7682815 4102.985668 1.165 -3.849 -4.581 -4.74 -3.001 -4.031 -4.735
thin4 3 thin_disk 9.477121255 -0.5 0.0048313 1.335790038 1.327 52.71723758 4074.740914 1.115 -3.95 -4.692 -4.855 -3.091 -4.137 -4.85
thin4 3 thin_disk 9.477121255 -0.5 0.0048313 1.335875511 1.326 55.86665191 4045.758917 1.064 -4.051 -4.803 -4.971 -3.18 -4.243 -4.967
thin4 3 thin_disk 9.477121255 -0.5 0.0048313 1.335955977 1.326 59.17695915 4017.908108 1.013 -4.152 -4.914 -5.087 -3.27 -4.349 -5.082
thin4 3 thin_disk 9.477121255 -0.5 0.0048313 1.336047411 1.325 63.57006344 3982.905479 0.951 -4.276 -5.05 -5.229 -3.379 -4.478 -5.224
thin4 3 thin_disk 9.477121255 -0.5 0.0048313 1.336115718 1.324 67.29032794 3954.576671 0.902 -4.374 -5.158 -5.342 -3.465 -4.581 -5.337
thin4 3 thin_disk 9.477121255 -0.5 0.0048313 1.336182594 1.323 71.34320981 3925.54536 0.851 -4.475 -5.269 -5.458 -3.554 -4.687 -5.453
thin4 3 thin_disk 9.477121255 -0.5 0.0048313 1.336257577 1.322 76.46323089 3891.347363 0.79 -4.596 -5.401 -5.597 -3.659 -4.814 -5.592
thin4 3 thin_disk 9.477121255 -0.5 0.0048313 1.336326957 1.321 81.9884441 3856.559179 0.729 -4.716 -5.533 -5.735 -3.763 -4.939 -5.73
thin4 3 thin_disk 9.477121255 -0.5 0.0048313 1.336391568 1.32 87.85220066 3821.202032 0.668 -4.834 -5.664 -5.873 -3.866 -5.064 -5.868
thin4 3 thin_disk 9.477121255 -0.5 0.0048313 1.336452961 1.318 94.28717958 3785.297344 0.606 -4.955 -5.796 -6.012 -3.969 -5.191 -6.007
thin4 3 thin_disk 9.477121255 -0.5 0.0048313 1.336510062 1.316 101.1469158 3750.593529 0.545 -5.074 -5.927 -6.151 -4.071 -5.316 -6.145
thin4 3 thin_disk 9.477121255 -0.5 0.0048313 1.336562991 1.314 108.306032 3715.352291 0.484 -5.191 -6.056 -6.286 -4.171 -5.439 -6.281
thin4 3 thin_disk 9.477121255 -0.5 0.0048313 1.336612463 1.312 115.5986187 3682.137482 0.427 -5.303 -6.178 -6.415 -4.264 -5.556 -6.409
thin4 3 thin_disk 9.477121255 -0.5 0.0048313 1.336637258 1.31 119.3308255 3666.063642 0.399 -5.357 -6.236 -6.476 -4.309 -5.612 -6.471
thin4 3 thin_disk 9.477121255 -0.5 0.0048313 1.336637258 1.31 10.53058856 5030.370811 2.508 -1.104 -1.59 -1.662 -4.309 -5.612 -6.471
thin4 3 thin_disk 9.477121255 -0.5 0.0048313 1.337080479 1.311 10.71895987 5017.64579 2.492 -1.137 -1.627 -1.699 -0.582 -1.226 -1.697
thin4 3 thin_disk 9.477121255 -0.5 0.0048313 1.337513447 1.311 10.81316039 5013.026495 2.485 -1.153 -1.644 -1.717 -0.597 -1.242 -1.714
thin4 3 thin_disk 9.477121255 -0.5 0.0048313 1.337955356 1.312 10.84557657 5014.18092 2.483 -1.159 -1.65 -1.723 -0.603 -1.249 -1.72
thin4 3 thin_disk 9.477121255 -0.5 0.0048313 1.338402271 1.312 10.83559202 5016.490568 2.483 -1.161 -1.65 -1.723 -0.605 -1.25 -1.72
thin4 3 thin_disk 9.477121255 -0.5 0.0048313 1.338837862 1.313 10.83309732 5019.957034 2.484 -1.161 -1.649 -1.722 -0.606 -1.249 -1.719
thin4 3 thin_disk 9.477121255 -0.5 0.0048313 1.339293599 1.313 10.81814118 5023.425895 2.485 -1.161 -1.648 -1.721 -0.607 -1.249 -1.718
thin4 3 thin_disk 9.477121255 -0.5 0.0048313 1.339733481 1.314 10.81067085 5028.054773 2.486 -1.161 -1.647 -1.72 -0.608 -1.249 -1.717
thin4 3 thin_disk 9.477121255 -0.5 0.0048313 1.340181589 1.314 10.79574567 5031.52923 2.487 -1.161 -1.647 -1.719 -0.609 -1.249 -1.716
thin4 3 thin_disk 9.477121255 -0.5 0.0048313 1.340622425 1.315 10.79823177 5033.846868 2.487 -1.162 -1.647 -1.719 -0.611 -1.249 -1.716
thin4 3 thin_disk 9.477121255 -0.5 0.0048313 1.341047525 1.315 10.80071844 5036.165574 2.488 -1.163 -1.648 -1.72 -0.613 -1.251 -1.717
thin4 3 thin_disk 9.477121255 -0.5 0.0048313 1.341473937 1.316 10.79823177 5039.645636 2.488 -1.165 -1.649 -1.721 -0.615 -1.252 -1.718
thin4 3 thin_disk 9.477121255 -0.5 0.0048313 1.341941595 1.316 10.80071844 5041.967013 2.487 -1.168 -1.651 -1.722 -0.618 -1.254 -1.72
thin4 3 thin_disk 9.477121255 -0.5 0.0048313 1.34239769 1.317 10.8156505 5044.28946 2.487 -1.17 -1.652 -1.724 -0.621 -1.257 -1.721
thin4 3 thin_disk 9.477121255 -0.5 0.0048313 1.342840791 1.317 10.81814118 5046.612976 2.487 -1.173 -1.655 -1.726 -0.624 -1.259 -1.724
thin4 3 thin_disk 9.477121255 -0.5 0.0048313 1.342890859 1.317 10.81814118 5046.612976 2.487 -1.173 -1.655 -1.727 -0.625 -1.259 -1.724
thin4 3 thin_disk 9.477121255 -0.5 0.0048313 1.343025207 1.318 10.8306032 5046.612976 2.486 -1.174 -1.655 -1.727 -0.625 -1.26 -1.724
thin4 3 thin_disk 9.477121255 -0.5 0.0048313 1.343457699 1.318 10.83309732 5048.937562 2.486 -1.177 -1.658 -1.73 -0.629 -1.263 -1.727
thin4 3 thin_disk 9.477121255 -0.5 0.0048313 1.343892574 1.319 10.84058315 5050.100257 2.485 -1.18 -1.661 -1.732 -0.632 -1.266 -1.73
thin4 3 thin_disk 9.477121255 -0.5 0.0048313 1.344311237 1.319 10.86057064 5051.263219 2.484 -1.184 -1.664 -1.736 -0.636 -1.269 -1.733
thin4 3 thin_disk 9.477121255 -0.5 0.0048313 1.344722629 1.319 10.88059499 5052.426449 2.483 -1.187 -1.668 -1.739 -0.64 -1.273 -1.736
thin4 3 thin_disk 9.477121255 -0.5 0.0048313 1.345170736 1.32 10.89312895 5052.426449 2.481 -1.192 -1.672 -1.744 -0.645 -1.278 -1.741
thin4 3 thin_disk 9.477121255 -0.5 0.0048313 1.34559536 1.32 10.91824021 5052.426449 2.479 -1.197 -1.677 -1.749 -0.65 -1.283 -1.746
thin4 3 thin_disk 9.477121255 -0.5 0.0048313 1.346006036 1.321 10.94340935 5052.426449 2.477 -1.202 -1.682 -1.754 -0.655 -1.288 -1.751
thin4 3 thin_disk 9.477121255 -0.5 0.0048313 1.346048117 1.321 10.95601567 5052.426449 2.477 -1.203 -1.683 -1.755 -0.656 -1.289 -1.752
thin4 3 thin_disk 9.477121255 -0.5 0.0048313 1.346081853 1.321 10.95601567 5052.426449 2.477 -1.203 -1.684 -1.755 -0.656 -1.289 -1.752
thin4 3 thin_disk 9.477121255 -0.5 0.0048313 1.346534133 1.321 11.00405227 5050.100257 2.474 -1.21 -1.691 -1.763 -0.663 -1.296 -1.76
thin4 3 thin_disk 9.477121255 -0.5 0.0048313 1.346959591 1.322 11.03449964 5048.937562 2.471 -1.218 -1.699 -1.771 -0.67 -1.304 -1.768
thin4 3 thin_disk 9.477121255 -0.5 0.0048313 1.347395301 1.322 11.09564734 5046.612976 2.467 -1.227 -1.709 -1.78 -0.678 -1.313 -1.778
thin4 3 thin_disk 9.477121255 -0.5 0.0048313 1.347833037 1.323 11.15456516 5041.967013 2.462 -1.238 -1.72 -1.792 -0.688 -1.324 -1.789
thin4 3 thin_disk 9.477121255 -0.5 0.0048313 1.348294497 1.323 11.2396463 5037.325328 2.456 -1.251 -1.735 -1.807 -0.7 -1.338 -1.804
thin4 3 thin_disk 9.477121255 -0.5 0.0048313 1.34872508 1.324 11.33059313 5031.52923 2.449 -1.265 -1.75 -1.823 -0.713 -1.352 -1.82
thin4 3 thin_disk 9.477121255 -0.5 0.0048313 1.349173069 1.324 11.44070124 5024.582715 2.44 -1.283 -1.77 -1.842 -0.729 -1.371 -1.84
thin4 3 thin_disk 9.477121255 -0.5 0.0048313 1.349636078 1.325 11.57051381 5016.490568 2.431 -1.303 -1.792 -1.865 -0.748 -1.392 -1.862
thin4 3 thin_disk 9.477121255 -0.5 0.0048313 1.350088239 1.325 11.72067557 5007.258356 2.42 -1.326 -1.817 -1.89 -0.768 -1.415 -1.888
thin4 3 thin_disk 9.477121255 -0.5 0.0048313 1.350552321 1.326 12.08238429 4983.10456 2.393 -1.38 -1.877 -1.951 -0.816 -1.471 -1.949
thin4 3 thin_disk 9.477121255 -0.5 0.0048313 1.350956917 1.326 12.8425908 4937.419182 2.341 -1.486 -1.995 -2.071 -0.912 -1.582 -2.068
thin4 3 thin_disk 9.477121255 -0.5 0.0048313 1.351145148 1.327 13.70416708 4891.026321 2.284 -1.601 -2.122 -2.2 -1.015 -1.701 -2.198
thin4 3 thin_disk 9.477121255 -0.5 0.0048313 1.35122478 1.327 14.58655201 4848.417387 2.23 -1.712 -2.245 -2.325 -1.115 -1.816 -2.323
thin4 3 thin_disk 9.477121255 -0.5 0.0048313 1.351261377 1.327 15.51145884 4808.393484 2.177 -1.822 -2.367 -2.449 -1.214 -1.93 -2.446
thin4 3 thin_disk 9.477121255 -0.5 0.0048313 1.351278067 1.327 16.41544441 4771.99522 2.128 -1.922 -2.478 -2.561 -1.305 -2.035 -2.558
thin4 3 thin_disk 9.477121255 -0.5 0.0048313 1.351288199 1.327 17.33614955 4738.053933 2.08 -2.02 -2.586 -2.671 -1.394 -2.137 -2.669
thin4 3 thin_disk 9.477121255 -0.5 0.0048313 1.351288557 1.327 17.38411734 4736.963082 2.078 -2.025 -2.591 -2.677 -1.398 -2.141 -2.674
thin4 3 thin_disk 9.477121255 -0.5 0.0048313 1.351288676 1.327 17.39212487 4735.872481 2.077 -2.026 -2.593 -2.678 -1.4 -2.143 -2.675
thin4 3 thin_disk 9.477121255 -0.5 0.0048313 1.351296067 1.327 18.46089044 4701.105527 2.026 -2.133 -2.71 -2.797 -1.496 -2.253 -2.794
thin4 3 thin_disk 9.477121255 -0.5 0.0048313 1.351302862 1.327 19.46492097 4668.743344 1.98 -2.228 -2.813 -2.902 -1.583 -2.351 -2.899
thin4 3 thin_disk 9.477121255 -0.5 0.0048313 1.351309419 1.327 20.22798602 4646.222461 1.946 -2.299 -2.887 -2.979 -1.647 -2.423 -2.976
thin4 3 thin_disk 9.477121255 -0.5 0.0048313 1.351316333 1.327 20.72777305 4632.335437 1.924 -2.343 -2.935 -3.027 -1.688 -2.469 -3.024
thin4 3 thin_disk 9.477121255 -0.5 0.0048313 1.351333976 1.327 20.68486281 4634.469197 1.927 -2.339 -2.929 -3.022 -1.683 -2.464 -3.019
thin4 3 thin_disk 9.477121255 -0.5 0.0048313 1.351346016 1.327 20.21867283 4647.292417 1.946 -2.299 -2.887 -2.978 -1.647 -2.423 -2.975
thin4 3 thin_disk 9.477121255 -0.5 0.0048313 1.351373673 1.327 19.60435891 4665.519404 1.974 -2.242 -2.827 -2.916 -1.596 -2.365 -2.913
thin4 3 thin_disk 9.477121255 -0.5 0.0048313 1.351471186 1.327 19.29979273 4675.197909 1.987 -2.214 -2.797 -2.886 -1.57 -2.336 -2.883
thin4 3 thin_disk 9.477121255 -0.5 0.0048313 1.351707339 1.326 19.8816601 4656.93311 1.961 -2.267 -2.854 -2.944 -1.618 -2.391 -2.941
thin4 3 thin_disk 9.477121255 -0.5 0.0048313 1.351871252 1.326 21.08883772 4621.681361 1.91 -2.373 -2.966 -3.06 -1.714 -2.499 -3.057
thin4 3 thin_disk 9.477121255 -0.5 0.0048313 1.352014661 1.326 22.53993425 4582.473899 1.851 -2.493 -3.094 -3.191 -1.822 -2.622 -3.188
thin4 3 thin_disk 9.477121255 -0.5 0.0048313 1.352138281 1.325 24.26345514 4540.461526 1.788 -2.623 -3.232 -3.334 -1.938 -2.755 -3.331
thin4 3 thin_disk 9.477121255 -0.5 0.0048313 1.35224545 1.325 26.00474772 4500.906591 1.727 -2.748 -3.365 -3.472 -2.05 -2.883 -3.469
thin4 3 thin_disk 9.477121255 -0.5 0.0048313 1.352337599 1.324 27.78130515 4463.751406 1.67 -2.866 -3.491 -3.602 -2.154 -3.003 -3.598
thin4 3 thin_disk 9.477121255 -0.5 0.0048313 1.352418065 1.324 29.64508124 4426.902938 1.613 -2.98 -3.613 -3.729 -2.255 -3.12 -3.725
thin4 3 thin_disk 9.477121255 -0.5 0.0048313 1.352489829 1.323 31.66304257 4388.337287 1.555 -3.095 -3.735 -3.857 -2.354 -3.237 -3.853
thin4 3 thin_disk 9.477121255 -0.5 0.0048313 1.352554441 1.322 33.83394546 4349.106072 1.498 -3.209 -3.858 -3.985 -2.453 -3.355 -3.982
thin4 3 thin_disk 9.477121255 -0.5 0.0048313 1.352613926 1.321 36.30384672 4301.302634 1.436 -3.325 -3.989 -4.122 -2.552 -3.478 -4.119
thin4 3 thin_disk 9.477121255 -0.5 0.0048313 1.352655053 1.32 38.24306088 4268.742913 1.391 -3.413 -4.088 -4.225 -2.627 -3.57 -4.221
thin4 3 thin_disk 9.477121255 -0.5 0.0048313 1.352706313 1.319 40.90276291 4228.633052 1.332 -3.527 -4.216 -4.358 -2.727 -3.69 -4.354
thin4 3 thin_disk 9.477121255 -0.5 0.0048313 1.352754831 1.317 43.66692848 4192.759967 1.274 -3.641 -4.342 -4.489 -2.828 -3.809 -4.485
thin4 3 thin_disk 9.477121255 -0.5 0.0048313 1.352800965 1.315 46.72535879 4157.191207 1.216 -3.757 -4.47 -4.621 -2.93 -3.931 -4.617
thin4 3 thin_disk 9.477121255 -0.5 0.0048313 1.352842808 1.313 49.72246433 4123.822843 1.16 -3.866 -4.59 -4.747 -3.026 -4.045 -4.743
thin4 3 thin_disk 9.477121255 -0.5 0.0048313 1.352884889 1.311 53.05821617 4089.780501 1.103 -3.977 -4.713 -4.875 -3.124 -4.161 -4.87
thin4 3 thin_disk 9.477121255 -0.5 0.0048313 1.352927089 1.307 56.55260892 4056.01918 1.046 -4.088 -4.836 -5.003 -3.221 -4.278 -4.999
thin4 3 thin_disk 9.477121255 -0.5 0.0048313 1.35296762 1.304 60.47176503 4020.68454 0.987 -4.202 -4.962 -5.134 -3.321 -4.397 -5.13
thin4 3 thin_disk 9.477121255 -0.5 0.0048313 1.353000641 1.3 64.84143907 3984.740097 0.926 -4.321 -5.093 -5.272 -3.424 -4.522 -5.268
thin4 3 thin_disk 9.477121255 -0.5 0.0048313 1.353022218 1.297 69.06414582 3950.936048 0.87 -4.43 -5.213 -5.398 -3.519 -4.637 -5.394
thin4 3 thin_disk 9.477121255 -0.5 0.0048313 1.353039026 1.294 73.32509678 3919.223225 0.816 -4.532 -5.326 -5.517 -3.607 -4.744 -5.513
thin4 3 thin_disk 9.477121255 -0.5 0.0048313 1.353055 1.29 78.35246153 3884.185834 0.758 -4.643 -5.45 -5.648 -3.703 -4.862 -5.643
thin4 3 thin_disk 9.477121255 -0.5 0.0048313 1.35306859 1.287 83.35902856 3851.234824 0.703 -4.748 -5.566 -5.77 -3.793 -4.972 -5.765
thin4 3 thin_disk 9.477121255 -0.5 0.0048313 1.353080988 1.283 88.4815343 3818.56335 0.65 -4.847 -5.676 -5.886 -3.877 -5.077 -5.881
thin4 3 thin_disk 9.477121255 -0.5 0.0048313 1.353093743 1.278 93.96208494 3785.297344 0.595 -4.947 -5.789 -6.006 -3.962 -5.184 -6
thin4 3 thin_disk 9.477121255 -0.5 0.0048313 1.353107691 1.272 94.65698011 3780.071373 0.588 -4.957 -5.8 -6.018 -3.969 -5.194 -6.013
thin4 3 thin_disk 9.477121255 -0.5 0.0048313 1.353110194 1.271 102.2004116 3737.661783 0.52 -5.085 -5.943 -6.169 -4.076 -5.329 -6.163
thin4 3 thin_disk 9.477121255 -0.5 0.0048313 1.353112102 1.27 107.1895987 3711.077295 0.478 -5.164 -6.031 -6.262 -4.142 -5.413 -6.256
thin4 3 thin_disk 9.477121255 -0.5 0.0048313 1.35311234 1.27 106.4517107 3715.352291 0.484 -5.152 -6.018 -6.248 -4.132 -5.401 -6.243
thin4 3 thin_disk 9.477121255 -0.5 0.0048313 1.353112459 1.27 107.486184 3710.222886 0.476 -5.168 -6.035 -6.267 -4.145 -5.417 -6.261
thin4 3 thin_disk 9.477121255 -0.5 0.0048313 1.353112578 1.27 108.9814658 3701.68961 0.464 -5.192 -6.061 -6.294 -4.164 -5.442 -6.288
thin4 3 thin_disk 9.477121255 -0.5 0.0048313 1.353112698 1.27 108.4058315 3705.100563 0.469 -5.181 -6.049 -6.282 -4.156 -5.431 -6.276
thin4 3 thin_disk 9.477121255 -0.5 0.0048313 1.353112817 1.27 108.056935 3706.807218 0.472 -5.177 -6.045 -6.277 -4.152 -5.426 -6.271
thin4 3 thin_disk 9.477121255 -0.5 0.0048313 1.353112936 1.269 107.7091615 3708.514659 0.474 -5.172 -6.039 -6.27 -4.148 -5.421 -6.265
thin4 3 thin_disk 9.477121255 -0.5 0.0048313 1.353114367 1.268 109.9139068 3696.579068 0.457 -5.205 -6.076 -6.31 -4.175 -5.456 -6.304
thin4 3 thin_disk 9.477121255 -0.5 0.0048313 1.35311532 1.268 112.2929897 3684.681891 0.437 -5.242 -6.116 -6.352 -4.204 -5.494 -6.346
thin4 3 thin_disk 9.477121255 -0.5 0.0048313 1.353116274 1.267 116.2659769 3665.219597 0.407 -5.299 -6.179 -6.419 -4.25 -5.554 -6.413
thin4 3 thin_disk 9.477121255 -0.5 0.0048313 1.353117228 1.266 120.2410181 3645.860102 0.377 -5.355 -6.241 -6.485 -4.296 -5.614 -6.479
thin4 3 thin_disk 9.477121255 -0.5 0.0048313 1.353118539 1.265 124.4952108 3626.602862 0.347 -5.413 -6.305 -6.553 -4.342 -5.675 -6.547
thin4 3 thin_disk 9.477121255 -0.5 0.0048313 1.353120208 1.263 129.4948941 3603.296501 0.312 -5.478 -6.376 -6.629 -4.392 -5.743 -6.622
thin4 3 thin_disk 9.477121255 -0.5 0.0048313 1.353122711 1.26 137.3259604 3570.26128 0.26 -5.575 -6.482 -6.742 -4.467 -5.845 -6.735
thin4 3 thin_disk 9.477121255 -0.5 0.0048313 1.353123665 1.259 139.2363548 3562.049907 0.248 -5.597 -6.506 -6.767 -4.483 -5.868 -6.76
thin4 3 thin_disk 9.477121255 -0.5 0.0048313 1.353123903 1.259 139.2363548 3562.049907 0.248 -5.597 -6.506 -6.767 -4.483 -5.868 -6.76
thin4 3 thin_disk 9.477121255 -0.5 0.0048313 1.353124142 1.258 99.75912813 3737.661783 0.537 -5.031 -5.889 -6.115 -4.023 -5.276 -6.109
thin4 3 thin_disk 9.477121255 -0.5 0.0048313 1.35312438 1.258 85.39897239 3824.72311 0.673 -4.774 -5.602 -5.81 -3.807 -5.003 -5.805
thin4 3 thin_disk 9.477121255 -0.5 0.0048313 1.353125095 1.257 60.82087234 4020.68454 0.966 -4.216 -4.975 -5.149 -3.334 -4.411 -5.144
thin4 3 thin_disk 9.477121255 -0.5 0.0048313 1.353126049 1.256 61.66697496 4011.437222 0.954 -4.238 -5.001 -5.175 -3.353 -4.435 -5.171
thin4 3 thin_disk 9.477121255 -0.5 0.0048313 1.35312736 1.255 72.68631383 3913.812356 0.811 -4.507 -5.304 -5.495 -3.58 -4.72 -5.491
thin4 3 thin_disk 9.477121255 -0.5 0.0048313 1.35312891 1.253 93.18642372 3770.509158 0.594 -4.914 -5.762 -5.981 -3.922 -5.153 -5.975
thin4 3 thin_disk 9.477121255 -0.5 0.0048313 1.353130817 1.251 115.9985725 3648.379443 0.403 -5.278 -6.165 -6.408 -4.221 -5.538 -6.402
thin4 3 thin_disk 9.477121255 -0.5 0.0048313 1.353133082 1.249 134.3855722 3567.795883 0.275 -5.525 -6.433 -6.692 -4.415 -5.795 -6.685
thin4 3 thin_disk 9.477121255 -0.5 0.0048313 1.353135586 1.246 145.4295448 3523.70871 0.206 -5.658 -6.577 -6.846 -4.514 -5.933 -6.838
thin4 3 thin_disk 9.477121255 -0.5 0.0048313 1.353138447 1.243 151.0958878 3501.063598 0.171 -5.721 -6.646 -6.92 -4.558 -5.999 -6.912
thin4 3 thin_disk 9.477121255 -0.5 0.0048313 1.353141665 1.239 154.7222046 3485.780211 0.149 -5.758 -6.687 -6.965 -4.582 -6.039 -6.956
thin4 3 thin_disk 9.477121255 -0.5 0.0048313 1.353141785 1.239 123.0701259 3605.78643 0.348 -5.367 -6.266 -6.517 -4.284 -5.632 -6.511
thin4 3 thin_disk 9.477121255 -0.5 0.0048313 1.353142261 1.238 95.66490506 3742.829122 0.567 -4.943 -5.801 -6.025 -3.938 -5.188 -6.019
thin4 3 thin_disk 9.477121255 -0.5 0.0048313 1.353143096 1.237 68.1008676 3935.500755 0.861 -4.385 -5.175 -5.362 -3.468 -4.595 -5.358
thin4 3 thin_disk 9.477121255 -0.5 0.0048313 1.353144288 1.235 69.01645447 3927.353556 0.85 -4.405 -5.197 -5.386 -3.484 -4.616 -5.382
thin4 3 thin_disk 9.477121255 -0.5 0.0048313 1.353145838 1.233 80.95667165 3834.422814 0.71 -4.667 -5.492 -5.699 -3.705 -4.895 -5.694
thin4 3 thin_disk 9.477121255 -0.5 0.0048313 1.353147745 1.23 103.0748342 3698.281798 0.499 -5.066 -5.939 -6.171 -4.038 -5.318 -6.165
thin4 3 thin_disk 9.477121255 -0.5 0.0048313 1.353150129 1.227 127.4831086 3581.789013 0.313 -5.424 -6.329 -6.585 -4.324 -5.693 -6.579
thin4 3 thin_disk 9.477121255 -0.5 0.0048313 1.353152871 1.223 146.7413955 3505.903839 0.19 -5.661 -6.585 -6.858 -4.503 -5.939 -6.85
thin4 3 thin_disk 9.477121255 -0.5 0.0048313 1.353155971 1.219 157.9620076 3465.77209 0.124 -5.784 -6.718 -7 -4.592 -6.067 -6.991
thin4 3 thin_disk 9.477121255 -0.5 0.0048313 1.353159428 1.214 163.1746331 3447.466066 0.094 -5.839 -6.776 -7.063 -4.627 -6.124 -7.054
thin4 3 thin_disk 9.477121255 -0.5 0.0048313 1.353163362 1.209 165.8641948 3437.161986 0.078 -5.867 -6.806 -7.095 -4.643 -6.153 -7.086
thin4 3 thin_disk 9.477121255 -0.5 0.0048313 1.353163481 1.208 133.8913883 3549.768245 0.264 -5.5 -6.414 -6.676 -4.379 -5.773 -6.669
thin4 3 thin_disk 9.477121255 -0.5 0.0048313 1.353164077 1.207 104.1004591 3686.379141 0.482 -5.076 -5.952 -6.187 -4.041 -5.33 -6.181
thin4 3 thin_disk 9.477121255 -0.5 0.0048313 1.353165031 1.205 74.02060746 3880.610014 0.777 -4.516 -5.326 -5.524 -3.575 -4.736 -5.519
thin4 3 thin_disk 9.477121255 -0.5 0.0048313 1.353166461 1.203 75.05033668 3871.684858 0.765 -4.537 -5.349 -5.548 -3.592 -4.758 -5.544
thin4 3 thin_disk 9.477121255 -0.5 0.0048313 1.353168249 1.199 87.97365684 3779.20108 0.626 -4.796 -5.641 -5.858 -3.808 -5.034 -5.852
thin4 3 thin_disk 9.477121255 -0.5 0.0048313 1.353170633 1.195 111.7255869 3643.342501 0.416 -5.19 -6.079 -6.323 -4.131 -5.451 -6.317
thin4 3 thin_disk 9.477121255 -0.5 0.0048313 1.353173375 1.19 137.7693612 3527.767866 0.233 -5.543 -6.462 -6.73 -4.404 -5.819 -6.722
thin4 3 thin_disk 9.477121255 -0.5 0.0048313 1.353176594 1.184 158.1075631 3452.232208 0.11 -5.775 -6.712 -6.998 -4.568 -6.06 -6.988
thin4 3 thin_disk 9.477121255 -0.5 0.0048313 1.35318017 1.178 170.0797641 3411.929116 0.045 -5.897 -6.842 -7.137 -4.647 -6.186 -7.127
thin4 3 thin_disk 9.477121255 -0.5 0.0048313 1.353184342 1.17 175.8541594 3392.344895 0.014 -5.951 -6.9 -7.199 -4.679 -6.241 -7.189
thin4 3 thin_disk 9.477121255 -0.5 0.0048313 1.353188991 1.162 178.8350518 3381.426875 -0.004 -5.979 -6.931 -7.232 -4.691 -6.27 -7.222
thin4 3 thin_disk 9.477121255 -0.5 0.0048313 1.35318923 1.161 146.9104351 3485.780211 0.166 -5.645 -6.575 -6.852 -4.47 -5.926 -6.843
thin4 3 thin_disk 9.477121255 -0.5 0.0048313 1.353189707 1.16 114.3280102 3622.429984 0.383 -5.222 -6.117 -6.365 -4.15 -5.486 -6.359
thin4 3 thin_disk 9.477121255 -0.5 0.0048313 1.35319078 1.157 81.25547714 3818.56335 0.68 -4.659 -5.49 -5.7 -3.691 -4.89 -5.695
thin4 3 thin_disk 9.477121255 -0.5 0.0048313 1.353192329 1.153 82.29105778 3809.780898 0.666 -4.681 -5.515 -5.726 -3.708 -4.913 -5.721
thin4 3 thin_disk 9.477121255 -0.5 0.0048313 1.353194237 1.148 96.37239341 3716.207881 0.527 -4.936 -5.803 -6.032 -3.918 -5.185 -6.026
thin4 3 thin_disk 9.477121255 -0.5 0.0048313 1.353196621 1.142 121.9418122 3580.964371 0.321 -5.326 -6.231 -6.487 -4.226 -5.595 -6.481
thin4 3 thin_disk 9.477121255 -0.5 0.0048313 1.353199601 1.135 149.8140846 3465.77209 0.139 -5.67 -6.605 -6.887 -4.477 -5.954 -6.878
thin4 3 thin_disk 9.477121255 -0.5 0.0048313 1.353202939 1.126 171.693022 3390.002356 0.017 -5.899 -6.849 -7.148 -4.623 -6.189 -7.138
thin4 3 thin_disk 9.477121255 -0.5 0.0048313 1.353206873 1.117 184.651417 3348.883194 -0.049 -6.021 -6.976 -7.285 -4.682 -6.313 -7.275
thin4 3 thin_disk 9.477121255 -0.5 0.0048313 1.353211284 1.106 190.8765799 3328.12784 -0.083 -6.076 -7.034 -7.349 -4.705 -6.369 -7.338
thin4 3 thin_disk 9.477121255 -0.5 0.0048313 1.353216171 1.094 194.6043953 3315.125698 -0.104 -6.106 -7.066 -7.384 -4.714 -6.4 -7.373
thin4 3 thin_disk 9.477121255 -0.5 0.0048313 1.353216291 1.093 163.362603 3408.003248 0.048 -5.806 -6.752 -7.047 -4.552 -6.095 -7.037
thin4 3 thin_disk 9.477121255 -0.5 0.0048313 1.353216887 1.091 127.2191955 3546.500292 0.264 -5.386 -6.301 -6.564 -4.262 -5.659 -6.557
thin4 3 thin_disk 9.477121255 -0.5 0.0048313 1.353217959 1.087 90.04355746 3746.277983 0.563 -4.816 -5.672 -5.895 -3.812 -5.059 -5.89
thin4 3 thin_disk 9.477121255 -0.5 0.0048313 1.35321939 1.082 91.38031375 3735.940923 0.548 -4.838 -5.697 -5.923 -3.829 -5.083 -5.917
thin4 3 thin_disk 9.477121255 -0.5 0.0048313 1.353221297 1.075 106.7954241 3641.665066 0.41 -5.091 -5.98 -6.224 -4.031 -5.352 -6.218
thin4 3 thin_disk 9.477121255 -0.5 0.0048313 1.353223681 1.067 134.5403784 3506.711196 0.206 -5.472 -6.397 -6.669 -4.315 -5.751 -6.661
thin4 3 thin_disk 9.477121255 -0.5 0.0048313 1.353226423 1.057 164.5707487 3391.563869 0.026 -5.808 -6.758 -7.057 -4.535 -6.098 -7.047
thin4 3 thin_disk 9.477121255 -0.5 0.0048313 1.353229761 1.045 188.2143121 3315.125698 -0.095 -6.033 -6.993 -7.311 -4.642 -6.326 -7.299
thin4 3 thin_disk 9.477121255 -0.5 0.0048313 1.353233576 1.032 202.2332889 3272.653306 -0.162 -6.153 -7.116 -7.444 -4.67 -6.445 -7.432
thin4 3 thin_disk 9.477121255 -0.5 0.0048313 1.353237867 1.017 209.0993317 3250.124519 -0.199 -6.208 -7.173 -7.508 -4.674 -6.499 -7.494
thin4 3 thin_disk 9.477121255 -0.5 0.0048313 1.353242636 1.001 213.5760966 3234.446709 -0.223 -6.239 -7.205 -7.544 -4.668 -6.53 -7.53
thin4 3 thin_disk 9.477121255 -0.5 0.0048313 1.353242755 1 183.0427976 3317.416497 -0.09 -5.975 -6.935 -7.252 -4.586 -6.268 -7.241
thin4 3 thin_disk 9.477121255 -0.5 0.0048313 1.353243351 0.996 142.6108751 3455.413296 0.126 -5.553 -6.489 -6.773 -4.35 -5.837 -6.764
thin4 3 thin_disk 9.477121255 -0.5 0.0048313 1.353244305 0.991 100.5431864 3659.31672 0.427 -4.977 -5.86 -6.1 -3.926 -5.234 -6.094
thin4 3 thin_disk 9.477121255 -0.5 0.0048313 1.353245616 0.983 102.0358167 3649.21961 0.411 -4.999 -5.885 -6.128 -3.942 -5.258 -6.122
thin4 3 thin_disk 9.477121255 -0.5 0.0048313 1.353247404 0.973 119.0015573 3554.67582 0.272 -5.25 -6.162 -6.424 -4.132 -5.522 -6.417
thin4 3 thin_disk 9.477121255 -0.5 0.0048313 1.353249669 0.96 149.1944421 3421.369661 0.07 -5.621 -6.564 -6.856 -4.38 -5.908 -6.846
thin4 3 thin_disk 9.477121255 -0.5 0.0048313 1.353252292 0.945 181.6153888 3307.501121 -0.108 -5.949 -6.91 -7.23 -4.543 -6.242 -7.219
thin4 3 thin_disk 9.477121255 -0.5 0.0048313 1.353255391 0.928 206.7533927 3232.957534 -0.228 -6.167 -7.134 -7.474 -4.591 -6.458 -7.459
thin4 3 thin_disk 9.477121255 -0.5 0.0048313 1.353258967 0.908 221.2853409 3192.272818 -0.297 -6.281 -7.249 -7.6 -4.601 -6.569 -7.584
thin4 3 thin_disk 9.477121255 -0.5 0.0048313 1.353262901 0.887 228.6928806 3171.027439 -0.335 -6.332 -7.301 -7.659 -4.596 -6.618 -7.641
thin4 3 thin_disk 9.477121255 -0.5 0.0048313 1.353267431 0.864 232.8909674 3158.639048 -0.362 -6.359 -7.329 -7.691 -4.587 -6.644 -7.673
thin4 3 thin_disk 9.477121255 -0.5 0.0048313 1.353289366 0.575 3.335436253e-06 10000 1.571 30.036 30.057 30.065 30.007 30.05 30.064
