# File generated by CMD 3.3 (http://stev.oapd.inaf.it/cmd) on Fri Jun 12 07:22:59 CEST 2020
# isochrones based on PARSEC release v1.2S +  COLIBRI S_35
# Basic references: Bressan et al. (2012), MNRAS, 427, 127 + Chen et al. (2014, 2015), MNRAS, 444, 2525 + MNRAS, 452, 1068 + Tang et al. (2014), MNRAS, 445, 4287 + Marigo et al. (2017), ApJ, 835, 77 + Pastorelli al. (2019), MNRAS in press
# Thermal pulse cycles included 
# On RGB, assumed Reimers mass loss with efficiency eta=0.2
# Photometric system: <i>UBVRIJHK</i> (cf. Maiz-Apellaniz 2006 + Bessell 1990)
# Using YBC version of bolometric corrections as in Chen et al. (2019)
# O-rich circumstellar dpmod60alox40 dust from Groenewegen (2006)
# C-rich circumstellar AMCSIC15 dust from Groenewegen (2006)
# IMF: Kroupa (2001, 2002) + Kroupa et al. (2013) canonical two-part-power law IMF corrected for unresolved binaries 
# Kind of output: isochrone tables
#0.01Gyr      Mini     MV     MI
 1400 0.0900000110 15.418 12.061
 1400 0.0973307043 14.208 11.512
 1400 0.1000000015 13.837 11.324
 1400 0.1199999973 12.686 10.599
 1400 0.1290449202 12.387 10.382
 1400 0.1400000155 12.058 10.139
 1400 0.1599999964 11.597  9.779
 1400 0.2000000179 10.922  9.221
 1400 0.2500000298 10.323  8.711
 1400 0.3000000417  9.872  8.324
 1400 0.3500000238  9.506  8.009
 1400 0.3999145925  9.058  7.641
 1400 0.4000000358  9.057  7.641
 1400 0.4500000477  8.485  7.196
 1400 0.5000000000  7.820  6.697
 1400 0.5500000715  7.136  6.148
 1400 0.6000000238  6.489  5.626
 1400 0.6052875519  6.419  5.569
 1400 0.6149677038  6.293  5.466
 1400 0.6239667535  6.176  5.369
 1400 0.6327368021  6.063  5.276
 1400 0.6427103281  5.934  5.169
 1400 0.6499999762  5.838  5.091
 1400 0.6533731222  5.794  5.054
 1400 0.6635068059  5.660  4.939
 1400 0.6729478240  5.531  4.829
 1400 0.6817230582  5.408  4.722
 1400 0.6902531385  5.283  4.613
 1400 0.6975840330  5.170  4.513
 1400 0.6999999881  5.132  4.479
 1400 0.7009263039  5.117  4.466
 1400 0.7089884877  4.982  4.345
 1400 0.7165331244  4.847  4.222
 1400 0.7236379385  4.711  4.097
 1400 0.7302247882  4.575  3.971
 1400 0.7363411784  4.440  3.844
 1400 0.7420548201  4.305  3.715
 1400 0.7454028726  4.220  3.632
 1400 0.7469861507  4.175  3.587
 1400 0.7500000000  4.086  3.495
 1400 0.7517558932  4.034  3.443
 1400 0.7556435466  3.907  3.308
 1400 0.7563070059  3.884  3.283
 1400 0.7576028705  3.834  3.228
 1400 0.7601514459  3.725  3.100
 1400 0.7620048523  3.633  2.983
 1400 0.7634148598  3.553  2.878
 1400 0.7645549774  3.481  2.778
 1400 0.7655503154  3.405  2.672
 1400 0.7663273811  3.320  2.564
 1400 0.7669316530  3.231  2.459
 1400 0.7674378753  3.140  2.358
 1400 0.7675262094  3.123  2.339
 1400 0.7676234245  3.103  2.317
 1400 0.7681352496  2.992  2.198
 1400 0.7685669065  2.891  2.091
 1400 0.7690463662  2.770  1.963
 1400 0.7694899440  2.648  1.836
 1400 0.7699353695  2.516  1.698
 1400 0.7703301907  2.388  1.565
 1400 0.7706654668  2.269  1.442
 1400 0.7709279656  2.169  1.338
 1400 0.7712188959  2.048  1.212
 1400 0.7714971304  1.921  1.080
 1400 0.7717493176  1.795  0.948
 1400 0.7719695568  1.673  0.821
 1400 0.7721686959  1.553  0.695
 1400 0.7723479271  1.435  0.571
 1400 0.7725144625  1.314  0.444
 1400 0.7726618052  1.196  0.319
 1400 0.7727993727  1.075  0.192
 1400 0.7729209065  0.959  0.069
 1400 0.7730293274  0.845 -0.053
 1400 0.7731298804  0.729 -0.176
 1400 0.7732191086  0.618 -0.295
 1400 0.7733033299  0.503 -0.418
 1400 0.7733791471  0.391 -0.538
 1400 0.7734500170  0.280 -0.659
 1400 0.7735179663  0.167 -0.781
 1400 0.7735877037  0.064 -0.892
 1400 0.7736510038 -0.010 -0.972
 1400 0.7736901641  0.015 -0.943
 1400 0.7736927867  0.017 -0.941
 1400 0.7737098336 -0.021 -0.982
 1400 0.7737511992 -0.116 -1.086
 1400 0.7737890482 -0.208 -1.187
 1400 0.7738253474 -0.302 -1.290
 1400 0.7738586664 -0.398 -1.396
 1400 0.7738896608 -0.493 -1.501
 1400 0.7739169002 -0.583 -1.601
 1400 0.7739433050 -0.675 -1.705
 1400 0.7739719748 -0.782 -1.826
 1400 0.7739937901 -0.868 -1.925
 1400 0.7740175724 -0.969 -2.042
 1400 0.7740354538 -1.045 -2.131
 1400 0.7740557194 -1.141 -2.244
 1400 0.7740738988 -1.233 -2.354
 1400 0.7740907669 -1.322 -2.464
 1400 0.7741057277 -1.404 -2.566
 1400 0.7741199732 -1.487 -2.668
 1400 0.7741329074 -1.568 -2.768
 1400 0.7741445303 -1.645 -2.864
 1400 0.7741554379 -1.720 -2.958
 1400 0.7741659284 -1.795 -3.054
 1400 0.7741748095 -1.860 -3.141
 1400 0.7741835117 -1.926 -3.231
 1400 0.7741916776 -1.991 -3.320
 1400 0.7741988301 -2.051 -3.402
 1400 0.7742057443 -2.111 -3.486
 1400 0.7742123604 -2.171 -3.570
 1400 0.7742182612 -2.226 -3.648
 1400 0.7742239833 -2.282 -3.728
 1400 0.7742294073 -2.337 -3.807
 1400 0.7742344141 -2.388 -3.883
 1400 0.7742391825 -2.436 -3.957
 1400 0.7742435932 -2.478 -4.027
 1400 0.7742485404 -2.524 -4.103
 1400 0.7742485404  0.560  0.091
 1400 0.7742945552  0.525  0.030
 1400 0.7743410468  0.521  0.031
 1400 0.7743873596  0.519  0.034
 1400 0.7744350433  0.516  0.041
 1400 0.7744830847  0.514  0.050
 1400 0.7745318413  0.512  0.060
 1400 0.7745798826  0.511  0.071
 1400 0.7746282220  0.510  0.083
 1400 0.7746734619  0.509  0.094
 1400 0.7747185826  0.508  0.103
 1400 0.7747641206  0.508  0.111
 1400 0.7748113871  0.507  0.118
 1400 0.7748607993  0.507  0.123
 1400 0.7749109864  0.506  0.125
 1400 0.7749294639  0.505  0.124
 1400 0.7749583125  0.505  0.123
 1400 0.7750083208  0.504  0.118
 1400 0.7750548720  0.502  0.110
 1400 0.7751022577  0.501  0.099
 1400 0.7751512527  0.499  0.084
 1400 0.7751998305  0.496  0.066
 1400 0.7752487063  0.494  0.045
 1400 0.7752878666  0.493  0.026
 1400 0.7753289342  0.491  0.005
 1400 0.7753798962  0.489 -0.022
 1400 0.7754295468  0.487 -0.050
 1400 0.7754769325  0.486 -0.078
 1400 0.7755238414  0.483 -0.106
 1400 0.7755720615  0.478 -0.135
 1400 0.7756198645  0.472 -0.160
 1400 0.7756669521  0.463 -0.185
 1400 0.7757136226  0.453 -0.209
 1400 0.7757642865  0.437 -0.242
 1400 0.7758117914  0.418 -0.275
 1400 0.7758279443  0.436 -0.234
 1400 0.7758355737  0.443 -0.229
 1400 0.7758824825  0.417 -0.278
 1400 0.7759294510  0.373 -0.345
 1400 0.7759637237  0.314 -0.430
 1400 0.7759825587  0.246 -0.523
 1400 0.7759922147  0.173 -0.618
 1400 0.7759970427  0.098 -0.714
 1400 0.7759996653  0.019 -0.812
 1400 0.7760011554 -0.061 -0.909
 1400 0.7760016918 -0.102 -0.958
 1400 0.7760019302 -0.125 -0.985
 1400 0.7760028243 -0.207 -1.081
 1400 0.7760035992 -0.280 -1.165
 1400 0.7760043740 -0.331 -1.224
 1400 0.7760052085 -0.346 -1.242
 1400 0.7760071158 -0.345 -1.241
 1400 0.7760087848 -0.336 -1.231
 1400 0.7760131955 -0.328 -1.220
 1400 0.7760393620 -0.359 -1.258
 1400 0.7760555148 -0.427 -1.337
 1400 0.7760732174 -0.528 -1.454
 1400 0.7760902643 -0.648 -1.594
 1400 0.7761052847 -0.764 -1.728
 1400 0.7761183977 -0.861 -1.840
 1400 0.7761299610 -0.954 -1.948
 1400 0.7761402130 -1.046 -2.056
 1400 0.7761493325 -1.136 -2.162
 1400 0.7761576176 -1.224 -2.267
 1400 0.7761653066 -1.298 -2.375
 1400 0.7761725187 -1.366 -2.482
 1400 0.7761791348 -1.446 -2.585
 1400 0.7761855125 -1.533 -2.688
 1400 0.7761917114 -1.641 -2.790
 1400 0.7761961818 -1.765 -2.864
 1400 0.7761976123 -1.816 -2.884
 1400 1.1325556040 18.806 15.995
