# downloaded from PARSEC/CMD via ezpadova
# component=thin7 family=thin_disk component_index=6 logAge=9.937016107464814 MH=-0.25 photometric_system=twomass
# Zini MH logAge Mini int_IMF Mass logL logTe logg label McoreTP C_O period0 period1 period2 period3 period4 pmode Mloss tau1m X Y Xc Xn Xo Cexcess Z mbolmag Jmag Hmag Ksmag
0.0084736 -0.25 9.93702 0.0900000036 1.081689593 0.09 -3.373 3.3848 5.257 1 0 0.545 0 0 0 0 0 -1 -4.18e-17 0 0.7263 0.2652 0.001532 0.0004131 0.003747 -1 0.008515 13.203 11.032 10.493 10.26
0.0084736 -0.25 9.93702 0.0919947401 1.100527548 0.092 -3.332 3.3908 5.249 1 0 0.545 0 0 0 0 0 -1 -4.58e-17 0 0.7262 0.2653 0.001532 0.0004131 0.003747 -1 0.008515 13.1 10.929 10.389 10.156
0.0084736 -0.25 9.93702 0.1000000015 1.171106412 0.1 -3.175 3.4137 5.219 1 0 0.545 0 0 0 0 0 -1 -6.53e-17 0 0.7258 0.2656 0.001532 0.0004131 0.003747 -1 0.008516 12.706 10.537 9.997 9.76
0.0084736 -0.25 9.93702 0.1200000048 1.319315474 0.12 -2.91 3.4466 5.165 1 0 0.545 0 0 0 0 0 -1 -1.17e-16 0 0.7249 0.2665 0.001532 0.0004131 0.003747 -1 0.008515 12.045 9.955 9.398 9.146
0.0084736 -0.25 9.93702 0.1400000006 1.438452672 0.14 -2.726 3.466 5.126 1 0 0.545 0 0 0 0 0 -1 -1.73e-16 0 0.7242 0.2673 0.001532 0.0004131 0.003747 -1 0.008515 11.586 9.55 8.984 8.731
0.0084736 -0.25 9.93702 0.1599999964 1.537293155 0.16 -2.584 3.4796 5.096 1 0 0.545 0 0 0 0 0 -1 -2.32e-16 0 0.7235 0.268 0.001532 0.0004131 0.003747 -1 0.008515 11.229 9.229 8.658 8.408
0.0084736 -0.25 9.93702 0.200000003 1.693879086 0.2 -2.364 3.4979 5.047 1 0 0.545 0 0 0 0 0 -1 -3.64e-16 0 0.7224 0.2691 0.001532 0.0004131 0.003747 -1 0.008515 10.68 8.731 8.156 7.911
0.0084736 -0.25 9.93702 0.25 1.8403258 0.25 -2.155 3.5126 4.993 1 0 0.545 0 0 0 0 0 -1 -5.6e-16 0 0.7216 0.2699 0.001532 0.0004131 0.003747 -1 0.008515 10.158 8.247 7.668 7.43
0.0084736 -0.25 9.93702 0.3000000119 1.952913977 0.3 -1.989 3.523 4.948 1 0 0.545 0 0 0 0 0 -1 -7.88e-16 0 0.7213 0.2702 0.001531 0.0004131 0.003747 -1 0.008515 9.743 7.86 7.276 7.043
0.0084736 -0.25 9.93702 0.3500000536 2.043417562 0.35 -1.842 3.5316 4.902 1 0 0.545 0 0 0 0 0 -1 -1.08e-15 0 0.7272 0.2643 0.001532 0.0004131 0.003747 -1 0.008515 9.375 7.513 6.924 6.696
0.0084736 -0.25 9.93702 0.4000000358 2.118502481 0.4 -1.692 3.5427 4.855 1 0 0.545 0 0 0 0 0 -1 -1.51e-15 0 0.7274 0.2641 0.001532 0.0004131 0.003747 -1 0.008515 9.001 7.169 6.572 6.349
0.0084736 -0.25 9.93702 0.4290967882 2.156795809 0.429 -1.597 3.5509 4.823 1 0 0.545 0 0 0 0 0 -1 -1.88e-15 0 0.7274 0.2641 0.001532 0.0004131 0.003747 -1 0.008515 8.763 6.953 6.35 6.13
0.0084736 -0.25 9.93702 0.4500000179 2.182280936 0.45 -1.532 3.5565 4.801 1 0 0.545 0 0 0 0 0 -1 -2.19e-15 0 0.7274 0.2641 0.001532 0.0004131 0.003747 -1 0.008515 8.601 6.807 6.2 5.982
0.0084736 -0.25 9.93702 0.5 2.237454153 0.5 -1.361 3.5743 4.748 1 0 0.545 0 0 0 0 0 -1 -3.27e-15 0 0.7274 0.2641 0.001532 0.0004131 0.003747 -1 0.008515 8.173 6.431 5.81 5.602
0.0084736 -0.25 9.93702 0.5500000119 2.283658263 0.55 -1.173 3.5977 4.693 1 0 0.545 0 0 0 0 0 -1 -5.12e-15 0 0.7488 0.2433 0.001419 0.0003831 0.003475 -1 0.00789 7.702 6.023 5.38 5.198
0.0084736 -0.25 9.93702 0.6000000238 2.321121326 0.6 -0.989 3.626 4.661 1 0 0.544 0 0 0 0 0 -1 -7.76e-15 0 0.752 0.2401 0.001404 0.0003789 0.003438 -1 0.007828 7.243 5.631 4.974 4.836
0.0084736 -0.25 9.93702 0.6499999762 2.352035311 0.65 -0.805 3.6587 4.643 1 0 0.544 0 0 0 0 0 -1 -1.16e-14 0 0.755 0.2373 0.001389 0.0003751 0.003404 -1 0.00774 6.783 5.259 4.651 4.551
0.0084736 -0.25 9.93702 0.6783061624 2.367231818 0.678 -0.705 3.6759 4.63 1 0 0.544 0 0 0 0 0 -1 -1.46e-14 0 0.7569 0.2354 0.00138 0.0003727 0.003383 -1 0.007688 6.532 5.06 4.504 4.416
0.0084736 -0.25 9.93702 0.7000001073 2.377926754 0.7 -0.63 3.6886 4.619 1 0 0.544 0 0 0 0 0 -1 -1.73e-14 0 0.7583 0.234 0.001373 0.0003708 0.003366 -1 0.007673 6.344 4.913 4.398 4.316
0.0084736 -0.25 9.93702 0.7109453082 2.38303865 0.711 -0.592 3.6947 4.612 1 0 0.542 0 0 0 0 0 -1 -1.88e-14 0 0.7592 0.2331 0.001365 0.0003695 0.003355 -1 0.007659 6.25 4.84 4.343 4.264
0.0084736 -0.25 9.93702 0.7284018397 2.390827202 0.728 -0.532 3.7043 4.601 1 0 0.54 0 0 0 0 0 -1 -2.16e-14 0 0.7606 0.2318 0.001351 0.0003675 0.003339 -1 0.007575 6.1 4.724 4.255 4.181
0.0084736 -0.25 9.93702 0.7451151609 2.397892253 0.745 -0.475 3.7132 4.59 1 0 0.537 0 0 0 0 0 -1 -2.47e-14 0 0.762 0.2305 0.001339 0.0003657 0.003324 -1 0.007552 5.957 4.614 4.171 4.101
0.0084736 -0.25 9.93702 0.75 2.399888909 0.75 -0.458 3.7158 4.586 1 0 0.536 0 0 0 0 0 -1 -2.57e-14 0 0.7623 0.2301 0.001336 0.0003652 0.00332 -1 0.007553 5.915 4.582 4.146 4.077
0.0084736 -0.25 9.93702 0.7560994029 2.402340408 0.756 -0.437 3.7187 4.581 1 0 0.536 0 0 0 0 0 -1 -2.7e-14 0 0.7629 0.2295 0.001333 0.0003643 0.003313 -1 0.007546 5.864 4.541 4.114 4.046
0.0084736 -0.25 9.93702 0.7744295001 2.409441199 0.774 -0.375 3.7272 4.563 1 0 0.536 0 0 0 0 0 -1 -3.14e-14 0 0.7648 0.2277 0.001324 0.0003619 0.003291 -1 0.007499 5.708 4.419 4.015 3.951
0.0084736 -0.25 9.93702 0.7906638384 2.415414988 0.79 -0.32 3.7346 4.546 1 0 0.536 0 0 0 0 0 -1 -3.6e-14 0 0.7665 0.226 0.001315 0.0003597 0.003271 -1 0.007453 5.571 4.311 3.926 3.865
0.0084736 -0.25 9.93702 0.7983130813 2.41813305 0.798 -0.294 3.738 4.538 1 0 0.536 0 0 0 0 0 -1 -3.84e-14 0 0.7673 0.2252 0.001311 0.0003587 0.003262 -1 0.007423 5.506 4.26 3.884 3.824
0.0084736 -0.25 9.93702 0.808000505 2.421490559 0.807 -0.261 3.7419 4.526 1 0 0.536 0 0 0 0 0 -1 -4.17e-14 0 0.7686 0.224 0.001305 0.0003571 0.003248 -1 0.007371 5.424 4.195 3.828 3.77
0.0084736 -0.25 9.93702 0.8218262792 2.426125054 0.821 -0.214 3.7474 4.508 1 0 0.536 0 0 0 0 0 -1 -4.7e-14 0 0.7704 0.2223 0.001297 0.0003547 0.003226 -1 0.007362 5.305 4.101 3.748 3.693
0.0084736 -0.25 9.93702 0.8352119923 2.430444333 0.834 -0.168 3.7525 4.489 1 0 0.536 0 0 0 0 0 -1 -5.3e-14 0 0.7722 0.2205 0.001288 0.0003524 0.003206 -1 0.007308 5.19 4.009 3.667 3.615
0.0084736 -0.25 9.93702 0.8466261625 2.434003634 0.846 -0.128 3.7567 4.472 1 0 0.536 0 0 0 0 0 -1 -5.88e-14 0 0.7737 0.219 0.001281 0.0003504 0.003188 -1 0.00726 5.091 3.928 3.596 3.546
0.0084736 -0.25 9.93702 0.8519435525 2.435624364 0.851 -0.11 3.7585 4.464 1 0 0.536 0 0 0 0 0 -1 -6.18e-14 0 0.7746 0.2182 0.001277 0.0003492 0.003177 -1 0.007228 5.044 3.89 3.562 3.512
0.0084736 -0.25 9.93702 0.8662320375 2.439866334 0.865 -0.059 3.7631 4.438 1 0 0.535 0 0 0 0 0 -1 -7.1e-14 0 0.7771 0.2158 0.001264 0.000346 0.003149 -1 0.007138 4.916 3.784 3.466 3.419
0.0084736 -0.25 9.93702 0.8791509867 2.443565529 0.878 -0.011 3.7671 4.413 1 0 0.535 0 0 0 0 0 -1 -8.09e-14 0 0.7794 0.2135 0.001253 0.0003431 0.003122 -1 0.007066 4.798 3.684 3.375 3.329
0.0084736 -0.25 9.93702 0.8915607333 2.447003075 0.89 0.035 3.7707 4.387 1 0 0.535 0 0 0 0 0 -1 -9.2e-14 0 0.7817 0.2113 0.001242 0.0003401 0.003096 -1 0.007023 4.682 3.586 3.284 3.24
0.0084736 -0.25 9.93702 0.8949391842 2.447919953 0.894 0.048 3.7716 4.379 1 0 0.535 0 0 0 0 0 -1 -9.55e-14 0 0.7823 0.2107 0.001239 0.0003393 0.003088 -1 0.007017 4.649 3.558 3.258 3.215
0.0084736 -0.25 9.93702 0.905457139 2.450724108 0.904 0.089 3.7742 4.354 1 0 0.535 0 0 0 0 0 -1 -1.07e-13 0 0.7848 0.2082 0.001227 0.0003359 0.003058 -1 0.006965 4.548 3.47 3.176 3.134
0.0084736 -0.25 9.93702 0.9213265777 2.454815974 0.92 0.151 3.7775 4.313 1 0 0.534 0 0 0 0 0 -1 -1.29e-13 0 0.7888 0.2043 0.001207 0.0003307 0.003012 -1 0.006867 4.393 3.332 3.046 3.005
0.0084736 -0.25 9.93702 0.934659183 2.458130492 0.933 0.203 3.7794 4.275 1 0 0.534 0 0 0 0 0 -1 -1.5e-13 0 0.7921 0.2011 0.001192 0.0003265 0.002974 -1 0.006766 4.263 3.212 2.93 2.89
0.0084736 -0.25 9.93702 0.9432522058 2.460209727 0.942 0.239 3.7804 4.247 1 0 0.534 0 0 0 0 0 -1 -1.68e-13 0 0.7927 0.2006 0.001189 0.0003258 0.002968 -1 0.006764 4.172 3.126 2.847 2.807
0.0084736 -0.25 9.93702 0.9452989101 2.460698557 0.944 0.248 3.7807 4.24 1 0 0.534 0 0 0 0 0 -1 -1.73e-13 0 0.793 0.2003 0.001188 0.0003255 0.002965 -1 0.006758 4.15 3.106 2.827 2.787
0.0084736 -0.25 9.93702 0.9486344457 2.461490014 0.947 0.263 3.781 4.228 1 0 0.534 0 0 0 0 0 -1 -1.82e-13 0 0.7933 0.2 0.001186 0.0003252 0.002962 -1 0.006725 4.113 3.07 2.792 2.753
0.0084736 -0.25 9.93702 0.9538996816 2.462726406 0.953 0.287 3.7812 4.207 1 0 0.534 0 0 0 0 0 -1 -1.96e-13 0 0.7936 0.1996 0.001185 0.0003248 0.002959 -1 0.006739 4.053 3.011 2.734 2.695
0.0084736 -0.25 9.93702 0.9642258883 2.465106194 0.963 0.336 3.7809 4.161 1 0 0.534 0 0 0 0 0 -1 -2.29e-13 0 0.7938 0.1994 0.001186 0.000325 0.00296 -1 0.006716 3.93 2.887 2.609 2.57
0.0084736 -0.25 9.93702 0.9717200398 2.466796927 0.97 0.373 3.7798 4.123 1 0 0.534 0 0 0 0 0 -1 -2.6e-13 0 0.7931 0.2002 0.001192 0.0003266 0.002976 -1 0.006767 3.837 2.789 2.508 2.469
0.0084736 -0.25 9.93702 0.9775844216 2.468099201 0.976 0.404 3.7784 4.089 1 0 0.534 0 0 0 0 0 -1 -2.9e-13 0 0.7912 0.2019 0.001203 0.0003298 0.003005 -1 0.006834 3.761 2.706 2.422 2.382
0.0084736 -0.25 9.93702 0.9793355465 2.46848459 0.978 0.413 3.7776 4.078 1 0 0.534 0 0 0 0 0 -1 -3e-13 0 0.7899 0.2033 0.001212 0.000332 0.003025 -1 0.006865 3.738 2.678 2.393 2.352
0.0084736 -0.25 9.93702 0.9875314236 2.470267466 0.986 0.456 3.7715 4.014 2 0 0.534 0 0 0 0 0 -1 -3.54e-13 0 0.7788 0.2139 0.001271 0.0003482 0.003172 -1 0.007215 3.629 2.54 2.241 2.198
0.0084736 -0.25 9.93702 0.9915652275 2.471132517 0.99 0.476 3.7665 3.976 2 0 0.535 0 0 0 0 0 -1 -3.86e-13 0 0.7708 0.2217 0.001311 0.0003591 0.00327 -1 0.007445 3.58 2.468 2.157 2.112
0.0084736 -0.25 9.93702 0.9928956628 2.471416057 0.991 0.482 3.7648 3.963 2 0 0.535 0 0 0 0 0 -1 -3.96e-13 0 0.7682 0.2243 0.001324 0.0003627 0.003302 -1 0.007522 3.564 2.444 2.13 2.083
0.0084736 -0.25 9.93702 0.9968346953 2.472250437 0.995 0.494 3.755 3.914 2 0 0.535 0 0 0 0 0 -1 -4.3e-13 0 0.7577 0.2345 0.001373 0.0003759 0.003421 -1 0.007794 3.535 2.37 2.033 1.982
0.0084736 -0.25 9.93702 0.9992038608 2.47274864 0.998 0.494 3.7451 3.876 2 0 0.536 0 0 0 0 0 -1 -4.48e-13 0 0.751 0.241 0.001404 0.000384 0.003493 -1 0.007945 3.535 2.328 1.967 1.911
0.0084736 -0.25 9.93702 1.000835896 2.473090257 0.999 0.492 3.7364 3.843 2 0 0.536 0 0 0 0 0 -1 -4.62e-13 0 0.7467 0.2453 0.001423 0.0003891 0.003538 -1 0.008045 3.54 2.296 1.913 1.854
0.0084736 -0.25 9.93702 1.00235939 2.473408 1.001 0.495 3.7275 3.805 2 0 0.537 0 0 0 0 0 -1 -4.84e-13 0 0.7431 0.2488 0.001439 0.0003932 0.003574 -1 0.008131 3.533 2.253 1.846 1.783
0.0084736 -0.25 9.93702 1.004181504 2.473786569 1.003 0.515 3.7178 3.747 2 0 0.537 0 0 0 0 0 -1 -5.38e-13 0 0.7394 0.2524 0.001453 0.0003972 0.003609 -1 0.008189 3.482 2.166 1.732 1.665
0.0084736 -0.25 9.93702 1.005765915 2.474114469 1.004 0.55 3.7112 3.687 2 0 0.537 0 0 0 0 0 -1 -6.23e-13 0 0.7363 0.2554 0.001464 0.0003999 0.003634 -1 0.008248 3.395 2.054 1.601 1.532
0.0084736 -0.25 9.93702 1.006188154 2.474201653 1.004 0.562 3.7098 3.669 2 0 0.537 0 0 0 0 0 -1 -6.54e-13 0 0.7355 0.2563 0.001466 0.0004006 0.00364 -1 0.008268 3.366 2.02 1.562 1.492
0.0084736 -0.25 9.93702 1.006801128 2.47432807 1.005 0.583 3.7081 3.642 3 0 0.537 0 0 0 0 0 -1 -7.07e-13 0 0.7342 0.2575 0.001469 0.0004014 0.003647 -1 0.008305 3.314 1.962 1.499 1.428
0.0084736 -0.25 9.93702 1.007982731 2.474571259 1.006 0.628 3.7055 3.587 3 0 0.537 0 0 0 0 0 -1 -8.3e-13 0 0.7316 0.26 0.001473 0.000403 0.00366 -1 0.00833 3.201 1.84 1.37 1.297
0.0084736 -0.25 9.93702 1.009218693 2.474824936 1.007 0.682 3.7032 3.524 3 0 0.534 0 0 0 0 0 -1 -1.01e-12 0 0.7284 0.2632 0.001469 0.0004075 0.003671 -1 0.008363 3.066 1.697 1.22 1.147
0.0084736 -0.25 9.93702 1.010333896 2.475053215 1.008 0.736 3.7014 3.463 3 0 0.524 0 0 0 0 0 -1 -1.22e-12 0 0.7251 0.2665 0.001447 0.0004257 0.003679 -1 0.008379 2.93 1.555 1.073 0.999
0.0084736 -0.25 9.93702 1.011146903 2.475219271 1.009 0.779 3.7001 3.415 3 0 0.512 0 0 0 0 0 -1 -1.43e-12 0 0.7225 0.2691 0.001416 0.0004584 0.003684 -1 0.008386 2.822 1.442 0.956 0.882
0.0084736 -0.25 9.93702 1.011851072 2.475362848 1.01 0.82 3.6989 3.37 3 0 0.5 0 0 0 0 0 -1 -1.65e-12 0 0.7203 0.2713 0.001382 0.0004981 0.003688 -1 0.008414 2.72 1.336 0.847 0.772
0.0084736 -0.25 9.93702 1.012531042 2.475501273 1.011 0.862 3.6977 3.324 3 0 0.488 0 0 0 0 0 -1 -1.91e-12 0 0.7182 0.2734 0.001349 0.0005395 0.003691 -1 0.008428 2.616 1.228 0.735 0.659
0.0084736 -0.25 9.93702 1.013331652 2.475663984 1.011 0.916 3.6961 3.264 3 0 0.476 0 0 0 0 0 -1 -2.32e-12 0 0.716 0.2756 0.001319 0.0005784 0.003694 -1 0.008415 2.48 1.087 0.589 0.512
0.0084736 -0.25 9.93702 1.013912559 2.475781859 1.012 0.958 3.6948 3.216 3 0 0.469 0 0 0 0 0 -1 -2.69e-12 0 0.7145 0.2771 0.0013 0.0006026 0.003696 -1 0.008422 2.375 0.977 0.474 0.397
0.0084736 -0.25 9.93702 1.014567852 2.475914642 1.012 1.011 3.6931 3.157 3 0 0.463 0 0 0 0 0 -1 -3.25e-12 0 0.713 0.2786 0.001283 0.0006244 0.003698 -1 0.008422 2.243 0.839 0.331 0.253
0.0084736 -0.25 9.93702 1.015028477 2.476007861 1.013 1.05 3.6917 3.112 3 0 0.459 0 0 0 0 0 -1 -3.75e-12 0 0.7121 0.2795 0.001273 0.0006366 0.003699 -1 0.008419 2.144 0.734 0.222 0.143
0.0084736 -0.25 9.93702 1.015474916 2.476098116 1.013 1.092 3.6902 3.064 3 0 0.457 0 0 0 0 0 -1 -4.36e-12 0 0.7115 0.2801 0.001267 0.0006454 0.0037 -1 0.008434 2.039 0.624 0.107 0.028
0.0084736 -0.25 9.93702 1.015986085 2.476201345 1.014 1.145 3.6882 3.004 3 0 0.454 0 0 0 0 0 -1 -5.27e-12 0 0.7108 0.2808 0.00126 0.0006539 0.003701 -1 0.008478 1.908 0.486 -0.037 -0.118
0.0084736 -0.25 9.93702 1.016439676 2.476292847 1.014 1.197 3.6861 2.944 3 0 0.453 0 0 0 0 0 -1 -6.35e-12 0 0.7104 0.2811 0.001257 0.0006584 0.003701 -1 0.00848 1.778 0.35 -0.179 -0.261
0.0084736 -0.25 9.93702 1.016841531 2.476373834 1.014 1.247 3.6839 2.885 3 0 0.452 0 0 0 0 0 -1 -7.63e-12 0 0.7102 0.2814 0.001255 0.0006613 0.003701 -1 0.008425 1.653 0.217 -0.319 -0.402
0.0084736 -0.25 9.93702 1.017213464 2.476448725 1.015 1.299 3.6816 2.824 3 0 0.452 0 0 0 0 0 -1 -9.22e-12 0 0.7102 0.2814 0.001254 0.0006618 0.003702 -1 0.008415 1.523 0.08 -0.462 -0.547
0.0084736 -0.25 9.93702 1.017539382 2.476514299 1.015 1.348 3.6793 2.765 3 0 0.452 0 0 0 0 0 -1 -1.11e-11 0 0.7102 0.2814 0.001254 0.0006621 0.003702 -1 0.008415 1.399 -0.051 -0.601 -0.687
0.0084736 -0.25 9.93702 1.017836332 2.476574002 1.015 1.398 3.677 2.707 3 0 0.452 0 0 0 0 0 -1 -1.32e-11 0 0.7102 0.2814 0.001254 0.0006624 0.003702 -1 0.008415 1.276 -0.181 -0.739 -0.826
0.0084736 -0.25 9.93702 1.018106818 2.47662835 1.015 1.446 3.6745 2.648 3 0 0.452 0 0 0 0 0 -1 -1.58e-11 0 0.7102 0.2814 0.001254 0.0006626 0.003702 -1 0.008416 1.154 -0.311 -0.876 -0.965
0.0084736 -0.25 9.93702 1.018354774 2.476678142 1.015 1.495 3.672 2.59 3 0 0.452 0 0 0 0 0 -1 -1.89e-11 0 0.7102 0.2814 0.001253 0.0006629 0.003702 -1 0.008415 1.033 -0.439 -1.013 -1.103
0.0084736 -0.25 9.93702 1.018585324 2.476724413 1.015 1.543 3.6695 2.532 3 0 0.451 0 0 0 0 0 -1 -2.26e-11 0 0.7101 0.2814 0.001253 0.0006631 0.003702 -1 0.008415 0.914 -0.566 -1.148 -1.24
0.0084736 -0.25 9.93702 1.018802881 2.476768055 1.015 1.588 3.667 2.476 3 0 0.451 0 0 0 0 0 -1 -2.68e-11 0 0.7101 0.2814 0.001253 0.0006633 0.003702 -1 0.008415 0.799 -0.688 -1.277 -1.371
0.0084736 -0.25 9.93702 1.019073248 2.476822261 1.015 1.634 3.6646 2.421 3 0 0.451 0 0 0 0 0 -1 -3.18e-11 0 0.7101 0.2815 0.001253 0.0006635 0.003702 -1 0.008415 0.685 -0.811 -1.407 -1.503
0.0084736 -0.25 9.93702 1.019158244 2.476839295 1.015 1.643 3.6642 2.41 3 0 0.451 0 0 0 0 0 -1 -3.3e-11 0 0.7101 0.2815 0.001253 0.0006636 0.003702 -1 0.008415 0.662 -0.835 -1.433 -1.529
0.0084736 -0.25 9.93702 1.019325256 2.476872756 1.015 1.613 3.6663 2.449 3 0 0.451 0 0 0 0 0 -1 -2.97e-11 0 0.7101 0.2815 0.001253 0.0006638 0.003702 -1 0.008415 0.738 -0.752 -1.343 -1.437
0.0084736 -0.25 9.93702 1.019442201 2.476896178 1.015 1.581 3.6685 2.49 3 0 0.451 0 0 0 0 0 -1 -2.64e-11 0 0.7101 0.2815 0.001253 0.0006639 0.003702 -1 0.008415 0.818 -0.665 -1.25 -1.343
0.0084736 -0.25 9.93702 1.019456983 2.476899138 1.015 1.576 3.6688 2.496 3 0 0.451 0 0 0 0 0 -1 -2.59e-11 0 0.7101 0.2815 0.001253 0.0006639 0.003702 -1 0.008415 0.83 -0.652 -1.236 -1.328
0.0084736 -0.25 9.93702 1.019502282 2.476908209 1.015 1.588 3.6681 2.481 3 0 0.451 0 0 0 0 0 -1 -2.69e-11 0 0.7101 0.2815 0.001253 0.0006639 0.003702 -1 0.008415 0.8 -0.685 -1.27 -1.364
0.0084736 -0.25 9.93702 1.019677877 2.476943362 1.015 1.636 3.6654 2.422 3 0 0.451 0 0 0 0 0 -1 -3.18e-11 0 0.7101 0.2815 0.001253 0.0006641 0.003702 -1 0.008415 0.68 -0.813 -1.407 -1.502
0.0084736 -0.25 9.93702 1.019845963 2.476976999 1.015 1.683 3.6626 2.364 3 0 0.451 0 0 0 0 0 -1 -3.79e-11 0 0.7101 0.2815 0.001252 0.0006642 0.003702 -1 0.008415 0.562 -0.94 -1.542 -1.64
0.0084736 -0.25 9.93702 1.019998908 2.477007595 1.015 1.729 3.6599 2.307 3 0 0.451 0 0 0 0 0 -1 -4.5e-11 0 0.7101 0.2815 0.001252 0.0006644 0.003702 -1 0.008415 0.448 -1.063 -1.673 -1.772
0.0084736 -0.25 9.93702 1.020141482 2.477036106 1.015 1.775 3.6571 2.25 3 0 0.451 0 0 0 0 0 -1 -5.33e-11 0 0.7101 0.2815 0.001252 0.0006645 0.003702 -1 0.008415 0.333 -1.185 -1.805 -1.906
0.0084736 -0.25 9.93702 1.020275474 2.477062893 1.015 1.821 3.6543 2.192 3 0 0.451 0 0 0 0 0 -1 -6.35e-11 0 0.7101 0.2815 0.001252 0.0006646 0.003702 -1 0.008415 0.216 -1.31 -1.939 -2.042
0.0084736 -0.25 9.93702 1.020390987 2.47708598 1.015 1.865 3.6515 2.138 3 0 0.451 0 0 0 0 0 -1 -7.48e-11 0 0.7101 0.2815 0.001252 0.0006647 0.003702 -1 0.008415 0.108 -1.427 -2.064 -2.17
0.0084736 -0.25 9.93702 1.020502329 2.477108227 1.015 1.91 3.6487 2.081 3 0 0.451 0 0 0 0 0 -1 -8.86e-11 0 0.7101 0.2815 0.001252 0.0006648 0.003702 -1 0.008415 -0.006 -1.548 -2.195 -2.303
0.0084736 -0.25 9.93702 1.020602703 2.477128277 1.015 1.954 3.6458 2.025 3 0 0.451 0 0 0 0 0 -1 -1.05e-10 0 0.7101 0.2815 0.001252 0.0006649 0.003702 -1 0.008415 -0.116 -1.666 -2.322 -2.432
0.0084736 -0.25 9.93702 1.020695567 2.477146824 1.014 1.998 3.6429 1.97 3 0 0.451 0 0 0 0 0 -1 -1.23e-10 0 0.7101 0.2815 0.001252 0.000665 0.003702 -1 0.008415 -0.226 -1.784 -2.446 -2.56
0.0084736 -0.25 9.93702 1.020780087 2.4771637 1.014 2.042 3.64 1.914 3 0 0.451 0 0 0 0 0 -1 -1.45e-10 0 0.7101 0.2815 0.001252 0.0006651 0.003702 -1 0.008415 -0.335 -1.9 -2.567 -2.686
0.0084736 -0.25 9.93702 1.020857453 2.477179146 1.014 2.085 3.6371 1.859 3 0 0.451 0 0 0 0 0 -1 -1.71e-10 0 0.7101 0.2815 0.001252 0.0006652 0.003702 -1 0.008415 -0.443 -2.014 -2.686 -2.81
0.0084736 -0.25 9.93702 1.020929933 2.477193613 1.014 2.129 3.634 1.803 3 0 0.451 0 0 0 0 0 -1 -2.02e-10 0 0.7101 0.2815 0.001252 0.0006652 0.003702 -1 0.008415 -0.553 -2.131 -2.807 -2.937
0.0084736 -0.25 9.93702 1.020994425 2.477206484 1.013 2.171 3.6311 1.749 3 0 0.451 0 0 0 0 0 -1 -2.37e-10 0 0.7101 0.2815 0.001252 0.0006653 0.003702 -1 0.008415 -0.658 -2.243 -2.923 -3.058
0.0084736 -0.25 9.93702 1.021054029 2.477218378 1.013 2.213 3.6282 1.695 3 0 0.451 0 0 0 0 0 -1 -2.79e-10 0 0.7101 0.2815 0.001252 0.0006654 0.003702 -1 0.008415 -0.764 -2.354 -3.039 -3.18
0.0084736 -0.25 9.93702 1.021108866 2.477229319 1.012 2.255 3.6252 1.641 3 0 0.451 0 0 0 0 0 -1 -3.27e-10 0 0.7101 0.2815 0.001252 0.0006654 0.003702 -1 0.008415 -0.868 -2.464 -3.154 -3.301
0.0084736 -0.25 9.93702 1.021160006 2.477239522 1.012 2.297 3.6222 1.587 3 0 0.451 0 0 0 0 0 -1 -3.83e-10 0 0.7101 0.2815 0.001252 0.0006655 0.003702 -1 0.008415 -0.973 -2.574 -3.27 -3.422
0.0084736 -0.25 9.93702 1.021207571 2.47724901 1.011 2.339 3.6191 1.532 3 0 0.451 0 0 0 0 0 -1 -4.5e-10 0 0.7101 0.2815 0.001252 0.0006655 0.003702 -1 0.008415 -1.078 -2.685 -3.385 -3.544
0.0084736 -0.25 9.93702 1.021249771 2.477257427 1.011 2.38 3.6161 1.48 3 0 0.451 0 0 0 0 0 -1 -5.24e-10 0 0.7101 0.2815 0.001251 0.0006655 0.003702 -1 0.008415 -1.179 -2.791 -3.499 -3.663
0.0084736 -0.25 9.93702 1.021289945 2.477265439 1.01 2.421 3.613 1.426 3 0 0.451 0 0 0 0 0 -1 -6.14e-10 0 0.7101 0.2815 0.001251 0.0006656 0.003702 -1 0.008415 -1.282 -2.901 -3.618 -3.787
0.0084736 -0.25 9.93702 1.021326661 2.477272761 1.009 2.461 3.61 1.373 3 0 0.451 0 0 0 0 0 -1 -7.18e-10 0 0.7101 0.2815 0.001251 0.0006656 0.003702 -1 0.008415 -1.384 -3.009 -3.735 -3.909
0.0084736 -0.25 9.93702 1.021360278 2.477279464 1.009 2.501 3.6069 1.32 3 0 0.451 10.6 7.85 5.51 4.25 3.44 4 -8.37e-10 0 0.7101 0.2815 0.001251 0.0006656 0.003702 -1 0.008415 -1.484 -3.116 -3.851 -4.029
0.0084736 -0.25 9.93702 1.021391749 2.477285739 1.008 2.542 3.6038 1.267 3 0 0.451 11.83 8.63 6.04 4.66 3.78 3 -9.76e-10 0 0.7101 0.2815 0.001251 0.0006657 0.003702 -1 0.008415 -1.584 -3.223 -3.967 -4.15
0.0084736 -0.25 9.93702 1.021420121 2.477291396 1.007 2.58 3.6008 1.216 3 0 0.451 13.16 9.47 6.6 5.1 4.14 3 -1.13e-09 0 0.71 0.2815 0.001251 0.0006657 0.003702 -1 0.008415 -1.681 -3.326 -4.08 -4.268
0.0084736 -0.25 9.93702 1.021446705 2.477296696 1.006 2.619 3.5976 1.164 3 0 0.451 14.66 10.4 7.21 5.58 4.53 3 -1.32e-09 0 0.71 0.2815 0.001251 0.0006657 0.003702 -1 0.008415 -1.778 -3.43 -4.193 -4.386
0.0084736 -0.25 9.93702 1.021471739 2.477301686 1.005 2.658 3.5945 1.112 3 0 0.451 16.34 11.42 7.89 6.11 4.96 3 -1.53e-09 0 0.71 0.2815 0.001251 0.0006657 0.003702 -1 0.008415 -1.876 -3.534 -4.306 -4.505
0.0084736 -0.25 9.93702 1.021493793 2.477306083 1.004 2.695 3.5915 1.062 3 0 0.451 18.11 12.49 8.59 6.66 5.41 3 -1.77e-09 0 0.71 0.2815 0.001251 0.0006658 0.003702 -1 0.008415 -1.968 -3.632 -4.414 -4.617
0.0084736 -0.25 9.93702 1.021515131 2.477310336 1.003 2.733 3.5883 1.011 3 0 0.451 20.14 13.7 9.38 7.29 5.92 3 -2.05e-09 0 0.71 0.2815 0.001251 0.0006658 0.003702 -1 0.008415 -2.063 -3.733 -4.524 -4.733
0.0084736 -0.25 9.93702 1.021535277 2.477314352 1.001 2.771 3.5851 0.96 3 0 0.451 22.41 15.02 10.25 7.97 6.47 3 -2.38e-09 0 0.71 0.2815 0.001251 0.0006658 0.003702 -1 0.008415 -2.157 -3.835 -4.635 -4.849
0.0084736 -0.25 9.93702 1.021557331 2.477318747 1 2.815 3.5812 0.899 3 0 0.451 25.41 16.75 11.37 8.86 7.2 3 -2.82e-09 0 0.71 0.2815 0.001251 0.0006658 0.003702 -1 0.008415 -2.268 -3.954 -4.765 -4.985
0.0084736 -0.25 9.93702 1.021577597 2.477322786 0.998 2.859 3.5773 0.839 3 0 0.451 28.78 18.65 12.6 9.83 7.99 2 -3.35e-09 0 0.71 0.2815 0.001251 0.0006658 0.003702 -1 0.008415 -2.377 -4.072 -4.893 -5.12
0.0084736 -0.25 9.93702 1.021596432 2.47732654 0.996 2.902 3.5733 0.779 3 0 0.451 32.61 20.79 13.97 10.92 8.88 2 -3.98e-09 0 0.71 0.2815 0.001251 0.0006659 0.003702 -1 0.008415 -2.485 -4.19 -5.021 -5.255
0.0084736 -0.25 9.93702 1.021613955 2.477330032 0.993 2.945 3.5693 0.719 3 0 0.451 36.94 23.16 15.49 12.13 9.86 2 -4.72e-09 0 0.71 0.2815 0.001251 0.0006659 0.003702 -1 0.008415 -2.593 -4.307 -5.148 -5.39
0.0084736 -0.25 9.93702 1.021629929 2.477333216 0.991 2.987 3.5653 0.66 3 0 0.451 41.75 25.74 17.14 13.44 10.93 2 -5.58e-09 0 0.71 0.2815 0.001251 0.0006659 0.003702 -1 0.008415 -2.697 -4.423 -5.273 -5.521
0.0084736 -0.25 9.93702 1.021644592 2.477336138 0.988 3.028 3.5613 0.602 3 0 0.451 47.09 28.57 18.93 14.87 12.1 2 -6.58e-09 0 0.71 0.2815 0.001251 0.0006659 0.003702 -1 0.008415 -2.799 -4.535 -5.394 -5.649
0.0084736 -0.25 9.93702 1.021658182 2.477338845 0.985 3.068 3.5573 0.545 3 0 0.451 53.05 31.67 20.88 16.43 13.37 2 -7.73e-09 0 0.71 0.2815 0.001251 0.0006659 0.003702 -1 0.008415 -2.899 -4.646 -5.514 -5.776
0.0084736 -0.25 9.93702 1.021670699 2.47734134 0.982 3.107 3.5532 0.488 3 0 0.451 59.68 35.06 23.01 18.14 14.76 2 -9.07e-09 0 0.71 0.2815 0.001251 0.0006659 0.003702 -1 0.008415 -2.997 -4.755 -5.632 -5.9
0.0084736 -0.25 9.93702 1.021682143 2.47734362 0.979 3.145 3.5492 0.433 3 0 0.451 66.96 38.72 25.3 19.97 16.26 1 -1.06e-08 0 0.71 0.2815 0.001251 0.0006659 0.003702 -1 0.008415 -3.092 -4.862 -5.746 -6.022
0.0084736 -0.25 9.93702 1.021692991 2.477345781 0.975 3.182 3.5451 0.377 3 0 0.451 75.1 42.75 27.81 21.99 17.9 1 -1.24e-08 0 0.71 0.2815 0.001251 0.0006659 0.003702 -1 0.008415 -3.185 -4.968 -5.859 -6.142
0.0084736 -0.25 9.93702 1.021702766 2.477347729 0.971 3.218 3.5411 0.324 3 0 0.451 83.9 47.04 30.46 24.12 19.65 1 -1.43e-08 0 0.71 0.2815 0.001251 0.0006659 0.003702 -1 0.008415 -3.274 -5.069 -5.968 -6.258
0.0084736 -0.25 9.93702 1.021712303 2.477349629 0.966 3.254 3.537 0.269 3 0 0.451 94.06 51.9 33.46 26.54 21.62 1 -1.67e-08 0 0.71 0.2815 0.001251 0.000666 0.003702 -1 0.008415 -3.365 -5.175 -6.078 -6.376
0.0084736 -0.25 9.93702 1.021721005 2.477351363 0.961 3.289 3.5329 0.216 3 0 0.451 105.02 57.07 36.63 29.1 23.71 1 -1.93e-08 0 0.71 0.2815 0.001251 0.000666 0.003702 -1 0.008415 -3.452 -5.275 -6.184 -6.49
0.0084736 -0.25 9.93702 1.02172935 2.477353025 0.956 3.324 3.5288 0.162 3 0 0.451 117.39 62.79 40.12 31.93 26.02 1 -2.23e-08 0 0.71 0.2815 0.001251 0.000666 0.003702 -1 0.008415 -3.539 -5.376 -6.29 -6.603
0.0084736 -0.25 9.93702 1.021737218 2.477354593 0.95 3.357 3.5249 0.111 3 0 0.451 130.56 68.79 43.77 34.89 28.43 1 -2.55e-08 0 0.71 0.2815 0.001251 0.000666 0.003702 -1 0.008415 -3.622 -5.472 -6.39 -6.711
0.0084736 -0.25 9.93702 1.021745443 2.477356232 0.944 3.39 3.5209 0.058 3 0 0.451 145.51 75.48 47.82 38.18 31.12 1 -2.95e-08 0 0.71 0.2815 0.001251 0.000666 0.003702 -1 0.008415 -3.705 -5.569 -6.491 -6.821
0.0084736 -0.25 9.93702 1.021745443 2.477356232 0.944 1.714 3.6828 2.382 4 0 0.474 0 0 0 0 0 -1 -1e-30 0 0.7133 0.2783 0.001311 0.0005864 0.003687 -1 0.008404 0.484 -0.957 -1.493 -1.577
0.0084736 -0.25 9.93702 1.02184546 2.477376155 0.944 1.724 3.6821 2.369 4 0 0.474 0 0 0 0 0 -1 -1e-30 0 0.7133 0.2783 0.001311 0.0005865 0.003687 -1 0.008404 0.461 -0.983 -1.521 -1.606
0.0084736 -0.25 9.93702 1.021941781 2.477395338 0.944 1.727 3.6819 2.365 4 0 0.474 0 0 0 0 0 -1 -1e-30 0 0.7132 0.2783 0.001311 0.0005865 0.003687 -1 0.008405 0.452 -0.992 -1.531 -1.616
0.0084736 -0.25 9.93702 1.022038102 2.477414517 0.944 1.728 3.6821 2.365 4 0 0.474 0 0 0 0 0 -1 -1e-30 0 0.7132 0.2784 0.001311 0.0005866 0.003687 -1 0.008405 0.45 -0.994 -1.531 -1.616
0.0084736 -0.25 9.93702 1.022137165 2.477434238 0.944 1.727 3.6825 2.368 4 0 0.474 0 0 0 0 0 -1 -1e-30 0 0.7132 0.2784 0.00131 0.0005867 0.003687 -1 0.008405 0.453 -0.99 -1.526 -1.611
0.0084736 -0.25 9.93702 1.022236824 2.477454072 0.944 1.725 3.6829 2.372 4 0 0.474 0 0 0 0 0 -1 -1e-30 0 0.7132 0.2784 0.00131 0.0005868 0.003687 -1 0.008405 0.458 -0.983 -1.519 -1.603
0.0084736 -0.25 9.93702 1.022333145 2.477473239 0.944 1.723 3.6834 2.376 4 0 0.474 0 0 0 0 0 -1 -1e-30 0 0.7132 0.2784 0.00131 0.0005869 0.003687 -1 0.008406 0.463 -0.976 -1.51 -1.594
0.0084736 -0.25 9.93702 1.022435784 2.477493657 0.944 1.72 3.684 2.381 4 0 0.474 0 0 0 0 0 -1 -1e-30 0 0.7132 0.2784 0.00131 0.000587 0.003687 -1 0.008406 0.469 -0.969 -1.501 -1.585
0.0084736 -0.25 9.93702 1.022536039 2.477513597 0.945 1.718 3.6845 2.385 4 0 0.474 0 0 0 0 0 -1 -1e-30 0 0.7132 0.2784 0.00131 0.0005871 0.003687 -1 0.008406 0.474 -0.962 -1.492 -1.576
0.0084736 -0.25 9.93702 1.022637248 2.477533722 0.945 1.716 3.6849 2.389 4 0 0.474 0 0 0 0 0 -1 -1e-30 0 0.7132 0.2784 0.00131 0.0005872 0.003688 -1 0.008406 0.479 -0.955 -1.484 -1.568
0.0084736 -0.25 9.93702 1.022743702 2.477554886 0.945 1.715 3.6854 2.392 4 0 0.474 0 0 0 0 0 -1 -1e-30 0 0.7132 0.2784 0.00131 0.0005873 0.003688 -1 0.008406 0.483 -0.949 -1.477 -1.56
0.0084736 -0.25 9.93702 1.022849679 2.477575949 0.945 1.713 3.6858 2.395 4 0 0.474 0 0 0 0 0 -1 -1e-30 0 0.7132 0.2784 0.00131 0.0005874 0.003688 -1 0.008407 0.487 -0.945 -1.471 -1.554
0.0084736 -0.25 9.93702 1.022947788 2.477595444 0.945 1.712 3.6861 2.398 4 0 0.474 0 0 0 0 0 -1 -1e-30 0 0.7132 0.2784 0.00131 0.0005875 0.003688 -1 0.008407 0.49 -0.941 -1.466 -1.549
0.0084736 -0.25 9.93702 1.023052335 2.477616213 0.945 1.711 3.6865 2.4 4 0 0.474 0 0 0 0 0 -1 -1e-30 0 0.7132 0.2784 0.00131 0.0005876 0.003688 -1 0.008407 0.492 -0.937 -1.462 -1.544
0.0084736 -0.25 9.93702 1.023119092 2.477629473 0.945 1.711 3.6867 2.402 4 0 0.474 0 0 0 0 0 -1 -1e-30 0 0.7132 0.2784 0.00131 0.0005876 0.003688 -1 0.008407 0.494 -0.935 -1.459 -1.541
0.0084736 -0.25 9.93702 1.023154736 2.477636552 0.945 1.71 3.6868 2.402 4 0 0.474 0 0 0 0 0 -1 -1e-30 0 0.7132 0.2784 0.00131 0.0005877 0.003688 -1 0.008407 0.494 -0.934 -1.458 -1.54
0.0084736 -0.25 9.93702 1.023254514 2.477656365 0.945 1.71 3.687 2.404 4 0 0.474 0 0 0 0 0 -1 -1e-30 0 0.7132 0.2784 0.00131 0.0005878 0.003688 -1 0.008407 0.495 -0.932 -1.455 -1.537
0.0084736 -0.25 9.93702 1.023353696 2.477676055 0.946 1.71 3.6872 2.405 4 0 0.474 0 0 0 0 0 -1 -1e-30 0 0.7132 0.2784 0.00131 0.0005878 0.003688 -1 0.008408 0.496 -0.931 -1.453 -1.535
0.0084736 -0.25 9.93702 1.023451328 2.477695434 0.946 1.71 3.6874 2.406 4 0 0.473 0 0 0 0 0 -1 -1e-30 0 0.7132 0.2784 0.00131 0.0005879 0.003688 -1 0.008408 0.496 -0.93 -1.452 -1.534
0.0084736 -0.25 9.93702 1.02355051 2.477715115 0.946 1.71 3.6875 2.406 4 0 0.473 0 0 0 0 0 -1 -1e-30 0 0.7132 0.2784 0.00131 0.000588 0.003688 -1 0.008408 0.495 -0.931 -1.452 -1.534
0.0084736 -0.25 9.93702 1.023649573 2.477734769 0.946 1.711 3.6875 2.405 4 0 0.473 0 0 0 0 0 -1 -1e-30 0 0.7132 0.2784 0.00131 0.0005881 0.003688 -1 0.008408 0.494 -0.932 -1.453 -1.535
0.0084736 -0.25 9.93702 1.023750782 2.477754843 0.946 1.712 3.6875 2.404 4 0 0.473 0 0 0 0 0 -1 -1e-30 0 0.7132 0.2784 0.001309 0.0005882 0.003688 -1 0.008409 0.491 -0.935 -1.456 -1.538
0.0084736 -0.25 9.93702 1.023829699 2.477770493 0.946 1.713 3.6875 2.403 4 0 0.473 0 0 0 0 0 -1 -1e-30 0 0.7132 0.2784 0.001309 0.0005883 0.003688 -1 0.008409 0.488 -0.937 -1.459 -1.541
0.0084736 -0.25 9.93702 1.023873687 2.477779215 0.946 1.713 3.6874 2.402 4 0 0.473 0 0 0 0 0 -1 -1e-30 0 0.7132 0.2784 0.001309 0.0005883 0.003688 -1 0.008409 0.486 -0.94 -1.461 -1.543
0.0084736 -0.25 9.93702 1.023964763 2.477797271 0.946 1.715 3.6873 2.4 4 0 0.473 0 0 0 0 0 -1 -1e-30 0 0.7132 0.2784 0.001309 0.0005884 0.003688 -1 0.008409 0.482 -0.945 -1.467 -1.549
0.0084736 -0.25 9.93702 1.024055362 2.477815229 0.946 1.718 3.6871 2.397 4 0 0.473 0 0 0 0 0 -1 -1e-30 0 0.7131 0.2784 0.001309 0.0005885 0.003688 -1 0.008409 0.476 -0.951 -1.474 -1.556
0.0084736 -0.25 9.93702 1.024151921 2.477834365 0.946 1.721 3.6868 2.393 4 0 0.473 0 0 0 0 0 -1 -1e-30 0 0.7131 0.2784 0.001309 0.0005886 0.003688 -1 0.00841 0.468 -0.96 -1.483 -1.566
0.0084736 -0.25 9.93702 1.024249434 2.477853684 0.947 1.724 3.6864 2.387 4 0 0.473 0 0 0 0 0 -1 -1e-30 0 0.7131 0.2785 0.001309 0.0005887 0.003688 -1 0.00841 0.459 -0.971 -1.495 -1.577
0.0084736 -0.25 9.93702 1.02434063 2.477871749 0.947 1.729 3.686 2.381 4 0 0.473 0 0 0 0 0 -1 -1e-30 0 0.7131 0.2785 0.001309 0.0005888 0.003688 -1 0.00841 0.448 -0.983 -1.509 -1.591
0.0084736 -0.25 9.93702 1.024433374 2.477890116 0.947 1.734 3.6855 2.375 4 0 0.473 0 0 0 0 0 -1 -1e-30 0 0.7131 0.2785 0.001309 0.0005888 0.003688 -1 0.00841 0.436 -0.997 -1.524 -1.607
0.0084736 -0.25 9.93702 1.024524331 2.477908126 0.947 1.739 3.685 2.367 4 0 0.473 0 0 0 0 0 -1 -1e-30 0 0.7131 0.2785 0.001309 0.0005889 0.003688 -1 0.00841 0.423 -1.012 -1.54 -1.624
0.0084736 -0.25 9.93702 1.024617195 2.47792651 0.947 1.746 3.6843 2.358 4 0 0.473 0 0 0 0 0 -1 -1e-30 0 0.7131 0.2785 0.001309 0.000589 0.003688 -1 0.008411 0.406 -1.031 -1.562 -1.645
0.0084736 -0.25 9.93702 1.024716377 2.47794614 0.947 1.754 3.6834 2.346 4 0 0.473 0 0 0 0 0 -1 -1e-30 0 0.7131 0.2785 0.001309 0.0005891 0.003688 -1 0.008411 0.384 -1.056 -1.589 -1.673
0.0084736 -0.25 9.93702 1.024796009 2.477961898 0.947 1.76 3.6828 2.338 4 0 0.473 0 0 0 0 0 -1 -1e-30 0 0.7131 0.2785 0.001309 0.0005892 0.003688 -1 0.008411 0.371 -1.071 -1.606 -1.691
0.0084736 -0.25 9.93702 1.02482152 2.477966945 0.947 1.761 3.6827 2.336 4 0 0.473 0 0 0 0 0 -1 -1e-30 0 0.7131 0.2785 0.001309 0.0005892 0.003688 -1 0.008411 0.366 -1.076 -1.612 -1.696
0.0084736 -0.25 9.93702 1.024906874 2.477983831 0.947 1.775 3.6812 2.316 4 0 0.473 0 0 0 0 0 -1 -1e-30 0 0.7131 0.2785 0.001309 0.0005893 0.003688 -1 0.008411 0.331 -1.116 -1.656 -1.741
0.0084736 -0.25 9.93702 1.024993181 2.478000902 0.947 1.806 3.6781 2.273 4 0 0.473 0 0 0 0 0 -1 -1e-30 0 0.7131 0.2785 0.001309 0.0005894 0.003688 -1 0.008411 0.254 -1.204 -1.753 -1.841
0.0084736 -0.25 9.93702 1.025040746 2.478010309 0.948 1.842 3.6745 2.222 4 0 0.473 0 0 0 0 0 -1 -1e-30 0 0.7131 0.2785 0.001309 0.0005894 0.003688 -1 0.008411 0.164 -1.306 -1.866 -1.956
0.0084736 -0.25 9.93702 1.025066972 2.478015495 0.948 1.885 3.6704 2.164 4 0 0.473 0 0 0 0 0 -1 -1e-30 0 0.7131 0.2785 0.001309 0.0005895 0.003688 -1 0.008411 0.059 -1.424 -1.997 -2.09
0.0084736 -0.25 9.93702 1.025079608 2.478017993 0.948 1.925 3.6665 2.107 4 0 0.473 0 0 0 0 0 -1 -1e-30 0 0.7131 0.2785 0.001309 0.0005895 0.003688 -1 0.008411 -0.043 -1.538 -2.123 -2.218
0.0084736 -0.25 9.93702 1.025085807 2.478019219 0.948 1.964 3.6628 2.054 4 0 0.473 0 0 0 0 0 -1 -1e-30 0 0.7131 0.2785 0.001309 0.0005895 0.003688 -1 0.008411 -0.14 -1.646 -2.242 -2.34
0.0084736 -0.25 9.93702 1.025089383 2.478019926 0.948 2 3.6594 2.004 4 0 0.473 0 0 0 0 0 -1 -1e-30 0 0.7131 0.2785 0.001309 0.0005895 0.003688 -1 0.008411 -0.231 -1.747 -2.354 -2.455
0.0084736 -0.25 9.93702 1.025091529 2.478020351 0.948 2.034 3.6563 1.958 4 0 0.473 0 0 0 0 0 -1 -1e-30 0 0.7131 0.2785 0.001309 0.0005895 0.003688 -1 0.008411 -0.314 -1.839 -2.452 -2.557
0.0084736 -0.25 9.93702 1.025092959 2.478020633 0.948 2.063 3.6536 1.918 7 0 0.473 0 0 0 0 0 -1 -1.84e-24 0 0.7131 0.2781 0.001309 0.0005895 0.003688 -1 0.008838 -0.388 -1.92 -2.539 -2.647
0.0084736 -0.25 9.93702 1.025093913 2.478020822 0.948 2.084 3.6518 1.889 7 0 0.473 0 0 0 0 0 -1 -1.9e-24 0 0.7131 0.2781 0.001309 0.0005895 0.003688 -1 0.008838 -0.441 -1.978 -2.6 -2.711
0.0084736 -0.25 9.93702 1.025095701 2.478021175 0.948 2.127 3.6479 1.831 7 0 0.473 0 0 0 0 0 -1 -2.04e-24 0 0.7131 0.2781 0.001309 0.0005895 0.003688 -1 0.008838 -0.548 -2.095 -2.724 -2.841
0.0084736 -0.25 9.93702 1.02509737 2.478021506 0.948 2.16 3.645 1.786 7 0 0.473 0 0 0 0 0 -1 -2.16e-24 0 0.7131 0.2781 0.001309 0.0005895 0.003688 -1 0.008838 -0.631 -2.185 -2.82 -2.941
0.0084736 -0.25 9.93702 1.025102139 2.478022448 0.948 2.167 3.6444 1.777 7 0 0.473 0 0 0 0 0 -1 -2.18e-24 0 0.7131 0.2781 0.001309 0.0005895 0.003688 -1 0.008838 -0.649 -2.204 -2.841 -2.962
0.0084736 -0.25 9.93702 1.025107384 2.478023485 0.948 2.145 3.6465 1.808 7 0 0.473 0 0 0 0 0 -1 -2.06e-24 0 0.7131 0.2781 0.001309 0.0005895 0.003688 -1 0.008838 -0.591 -2.142 -2.774 -2.893
0.0084736 -0.25 9.93702 1.025155902 2.478033078 0.947 2.129 3.6478 1.829 7 0 0.473 0 0 0 0 0 -1 -3.16e-15 0 0.7131 0.2775 0.001309 0.0005896 0.003688 -1 0.009412 -0.552 -2.099 -2.729 -2.845
0.0084736 -0.25 9.93702 1.025208235 2.478043424 0.946 2.149 3.646 1.801 7 0 0.473 0 0 0 0 0 -1 -8.33e-10 0 0.7131 0.2772 0.001308 0.0005896 0.003688 -1 0.009744 -0.602 -2.154 -2.787 -2.907
0.0084736 -0.25 9.93702 1.025241375 2.478049975 0.945 2.183 3.6428 1.753 7 0 0.473 0 0 0 0 0 -1 -1.09e-09 0 0.7131 0.2772 0.001308 0.0005897 0.003688 -1 0.009745 -0.689 -2.248 -2.888 -3.012
0.0084736 -0.25 9.93702 1.0252738 2.478056384 0.944 2.22 3.6396 1.704 7 0 0.473 0 0 0 0 0 -1 -1.31e-09 0 0.7131 0.2772 0.001308 0.0005897 0.003688 -1 0.009744 -0.779 -2.346 -2.991 -3.121
0.0084736 -0.25 9.93702 1.025304914 2.478062533 0.943 2.26 3.6361 1.649 7 0 0.473 0 0 0 0 0 -1 -1.63e-09 0 0.7131 0.2772 0.001308 0.0005898 0.003688 -1 0.009744 -0.879 -2.453 -3.105 -3.241
0.0084736 -0.25 9.93702 1.025331974 2.478067881 0.941 2.3 3.6326 1.594 7 0 0.473 0 0 0 0 0 -1 -2e-09 0 0.7131 0.2772 0.001308 0.0005898 0.003688 -1 0.009744 -0.979 -2.561 -3.219 -3.361
0.0084736 -0.25 9.93702 1.025356293 2.478072687 0.94 2.34 3.629 1.539 7 0 0.473 0 0 0 0 0 -1 -2.49e-09 0 0.7131 0.2772 0.001308 0.0005898 0.003688 -1 0.009744 -1.081 -2.67 -3.335 -3.483
0.0084736 -0.25 9.93702 1.02537787 2.478076951 0.938 2.382 3.6254 1.482 7 0 0.473 0 0 0 0 0 -1 -3.07e-09 0 0.7131 0.2772 0.001308 0.0005898 0.003688 -1 0.009744 -1.184 -2.78 -3.453 -3.608
0.0084736 -0.25 9.93702 1.025396943 2.47808072 0.936 2.423 3.6217 1.425 7 0 0.473 0 0 0 0 0 -1 -3.86e-09 0 0.7131 0.2772 0.001308 0.0005899 0.003688 -1 0.009744 -1.288 -2.892 -3.577 -3.736
0.0084736 -0.25 9.93702 1.02541399 2.478084088 0.934 2.465 3.6181 1.368 7 0 0.473 0 0 0 0 0 -1 -4.77e-09 0 0.7131 0.2772 0.001308 0.0005899 0.003688 -1 0.009744 -1.392 -3.004 -3.7 -3.865
0.0084736 -0.25 9.93702 1.025429606 2.478087174 0.932 2.506 3.6144 1.311 7 0 0.473 10.52 7.82 5.48 4.24 3.43 3 -5.89e-09 0 0.7131 0.2772 0.001308 0.0005899 0.003688 -1 0.009744 -1.496 -3.116 -3.823 -3.993
0.0084736 -0.25 9.93702 1.025443912 2.47809 0.929 2.548 3.6108 1.253 7 0 0.473 11.85 8.66 6.05 4.68 3.79 3 -7.27e-09 0 0.7131 0.2772 0.001307 0.0005901 0.003688 -1 0.009744 -1.599 -3.227 -3.946 -4.121
0.0084736 -0.25 9.93702 1.025457501 2.478092685 0.926 2.59 3.6054 1.188 7 0 0.472 13.57 9.74 6.76 5.24 4.25 3 -9.02e-09 0 0.7131 0.2772 0.001306 0.0005909 0.003688 -1 0.009719 -1.704 -3.343 -4.079 -4.262
0.0084736 -0.25 9.93702 1.025470138 2.478095182 0.922 2.631 3.5984 1.117 7 0 0.471 15.74 11.07 7.64 5.94 4.82 3 -1.12e-08 0 0.7131 0.2772 0.001303 0.0005936 0.003688 -1 0.009717 -1.809 -3.46 -4.219 -4.412
0.0084736 -0.25 9.93702 1.025482535 2.478097631 0.917 2.674 3.5945 1.057 7 0 0.469 17.83 12.33 8.47 6.59 5.35 3 -1.39e-08 0 0.7131 0.2772 0.001298 0.0005994 0.003688 -1 0.009714 -1.915 -3.574 -4.344 -4.544
0.0084736 -0.25 9.93702 1.025494218 2.478099939 0.912 2.717 3.5905 0.996 7 0 0.467 20.23 13.75 9.4 7.32 5.94 3 -1.73e-08 0 0.7131 0.2772 0.001291 0.0006067 0.003688 -1 0.009716 -2.021 -3.688 -4.471 -4.677
0.0084736 -0.25 9.93702 1.025505185 2.478102105 0.906 2.758 3.5864 0.934 7 0 0.465 22.96 15.33 10.42 8.14 6.61 2 -2.17e-08 0 0.7131 0.2772 0.001285 0.0006142 0.003688 -1 0.009718 -2.126 -3.802 -4.596 -4.809
0.0084736 -0.25 9.93702 1.025515556 2.478104154 0.899 2.801 3.5821 0.872 7 0 0.463 26.15 17.13 11.59 9.07 7.36 2 -2.7e-08 0 0.7131 0.2772 0.00128 0.0006206 0.003688 -1 0.009718 -2.231 -3.917 -4.723 -4.943
0.0084736 -0.25 9.93702 1.025523543 2.478105732 0.892 2.841 3.5779 0.811 7 0 0.461 29.63 19.08 12.84 10.07 8.17 2 -3.33e-08 0 0.7131 0.2773 0.001276 0.0006256 0.003688 -1 0.009683 -2.332 -4.027 -4.844 -5.072
0.0084736 -0.25 9.93702 1.025528789 2.478106768 0.886 2.876 3.5742 0.758 7 0 0.46 33.08 20.97 14.05 11.03 8.96 2 -3.97e-08 0 0.7131 0.2773 0.001272 0.0006297 0.003688 -1 0.00965 -2.421 -4.125 -4.952 -5.186
0.0084736 -0.25 9.93702 1.02553308 2.478107616 0.881 2.914 3.5702 0.701 7 0 0.459 37.21 23.19 15.47 12.17 9.89 2 -4.77e-08 0 0.7131 0.2773 0.001269 0.0006338 0.003688 -1 0.00965 -2.516 -4.229 -5.066 -5.307
0.0084736 -0.25 9.93702 1.025536895 2.478108369 0.875 2.955 3.5657 0.64 7 0 0.458 42.26 25.86 17.17 13.53 10.99 2 -5.81e-08 0 0.7131 0.2773 0.001266 0.0006375 0.003688 -1 0.009656 -2.617 -4.342 -5.19 -5.438
0.0084736 -0.25 9.93702 1.025540471 2.478109076 0.868 2.995 3.561 0.578 7 0 0.457 48.08 28.88 19.07 15.05 12.24 2 -7.13e-08 0 0.713 0.2773 0.001264 0.0006404 0.003688 -1 0.009718 -2.717 -4.454 -5.313 -5.569
0.0084736 -0.25 9.93702 1.025543571 2.478109688 0.861 3.032 3.5565 0.52 7 0 0.456 54.28 32.03 21.05 16.65 13.53 1 -8.61e-08 0 0.713 0.2773 0.001262 0.0006426 0.003688 -1 0.009718 -2.81 -4.558 -5.428 -5.691
0.0084736 -0.25 9.93702 1.025547028 2.478110371 0.852 3.076 3.5509 0.448 7 0 0.456 63 36.37 23.75 18.83 15.31 1 -1.09e-07 0 0.713 0.2773 0.001261 0.0006442 0.003688 -1 0.009714 -2.92 -4.686 -5.566 -5.839
0.0084736 -0.25 9.93702 1.025550485 2.478111054 0.839 3.117 3.5455 0.379 7 0 0.455 72.68 41.05 26.66 21.18 17.23 1 -1.36e-07 0 0.713 0.2773 0.00126 0.0006448 0.003688 -1 0.009714 -3.023 -4.805 -5.695 -5.978
0.0084736 -0.25 9.93702 1.02555418 2.478111784 0.822 3.158 3.5396 0.306 7 0 0.455 84.49 46.6 30.08 23.96 19.49 1 -1.72e-07 0 0.713 0.2773 0.00126 0.0006448 0.003688 -1 0.009714 -3.125 -4.924 -5.825 -6.119
0.0084736 -0.25 9.93702 1.025557756 2.47811249 0.802 3.201 3.5332 0.226 7 0 0.455 99.45 53.43 34.25 27.37 22.26 1 -2.22e-07 0 0.713 0.2773 0.00126 0.0006448 0.003688 -1 0.009714 -3.232 -5.053 -5.961 -6.268
0.0084736 -0.25 9.93702 1.025558591 2.478112655 0.797 3.176 3.5359 0.259 7 0 0.455 92.72 50.29 32.33 25.81 20.99 1 -2.05e-07 0 0.713 0.2773 0.00126 0.0006448 0.003688 -1 0.009714 -3.17 -4.982 -5.887 -6.189
0.0084736 -0.25 9.93702 1.025559187 2.478112773 0.793 3.085 3.5477 0.395 7 0 0.455 69.4 39.25 25.51 20.3 16.5 1 -1.4e-07 0 0.713 0.2773 0.00126 0.0006448 0.003688 -1 0.009714 -2.942 -4.718 -5.603 -5.883
0.0084736 -0.25 9.93702 1.025559306 2.478112796 0.792 3.121 3.5431 0.34 7 0 0.455 77.94 43.34 28.04 22.35 18.17 1 -1.66e-07 0 0.713 0.2773 0.001259 0.0006457 0.003688 -1 0.009688 -3.032 -4.822 -5.716 -6.004
0.0084736 -0.25 9.93702 1.025559664 2.478112867 0.791 3.177 3.5358 0.254 7 0 0.455 93.59 50.65 32.54 25.99 21.14 1 -2.1e-07 0 0.713 0.2773 0.001259 0.0006457 0.003688 -1 0.009688 -3.173 -4.986 -5.891 -6.193
0.0084736 -0.25 9.93702 1.025559902 2.478112914 0.789 3.224 3.5295 0.182 7 0 0.455 109.03 57.68 36.84 29.49 23.99 1 -2.57e-07 0 0.713 0.2773 0.001259 0.0006457 0.003688 -1 0.009688 -3.289 -5.122 -6.036 -6.349
0.0084736 -0.25 9.93702 1.025560021 2.478112938 0.788 3.253 3.5255 0.135 7 0 0.455 120.29 62.71 39.9 31.98 26.02 1 -2.94e-07 0 0.713 0.2773 0.001259 0.0006457 0.003688 -1 0.009688 -3.363 -5.209 -6.127 -6.448
0.0084736 -0.25 9.93702 1.02556026 2.478112985 0.785 3.282 3.5213 0.088 7 0 0.455 132.93 68.26 43.27 34.72 28.26 1 -3.34e-07 0 0.713 0.2773 0.001259 0.0006457 0.003688 -1 0.009688 -3.436 -5.296 -6.219 -6.549
0.0084736 -0.25 9.93702 1.025560498 2.478113032 0.783 3.311 3.5174 0.043 7 0 0.455 143.48 74.02 46.74 37.56 30.57 1 -3.77e-07 0 0.713 0.2773 0.001259 0.000646 0.003688 -1 0.009688 -3.506 -5.38 -6.306 -6.644
0.0084736 -0.25 9.93702 1.025560856 2.478113102 0.779 3.342 3.5129 -0.009 7 0 0.455 155.12 81.19 51.05 41.09 33.45 1 -4.34e-07 0 0.713 0.2773 0.001259 0.0006466 0.003688 -1 0.009688 -3.586 -5.474 -6.404 -6.751
0.0084736 -0.25 9.93702 1.025561333 2.478113196 0.773 3.375 3.5079 -0.065 7 0 0.455 168.65 89.68 56.12 45.25 36.85 1 -5.14e-07 0.01 0.713 0.2773 0.001259 0.0006471 0.003688 -1 0.009688 -3.667 -5.574 -6.506 -6.863
0.0084736 -0.25 9.93702 1.02556181 2.478113291 0.765 3.403 3.5033 -0.117 7 0.527 0.455 181.88 98.15 61.16 49.4 40.23 0 -5.93e-07 0.01 0.713 0.2773 0.001259 0.0006472 0.003688 -1 0.009688 -3.738 -5.66 -6.596 -6.963
0.0084736 -0.25 9.93702 1.025562406 2.478113408 0.751 3.43 3.4989 -0.169 7 0.526 0.455 195.84 107.35 66.6 53.9 43.9 0 -6.92e-07 0.01 0.713 0.2773 0.001258 0.0006473 0.003688 -1 0.009688 -3.805 -5.741 -6.68 -7.056
0.0084736 -0.25 9.93702 1.025563121 2.47811355 0.737 3.445 3.4962 -0.203 8 0.526 0.476 205.13 113.67 70.31 56.98 46.41 0 -7.8e-07 0.01 0.713 0.2786 0.00132 0.0006484 0.003697 -1 0.008423 -3.843 -5.789 -6.729 -7.11
0.0084736 -0.25 9.93702 1.025563121 2.47811355 0.736 3.191 3.5293 0.183 8 0.526 0.476 107.45 56.48 36.05 28.92 23.51 1 -2.75e-07 0 0.713 0.2786 0.00132 0.0006484 0.003697 -1 0.008423 -3.207 -5.04 -5.955 -6.268
0.0084736 -0.25 9.93702 1.025563121 2.47811355 0.735 3.06 3.5491 0.393 8 0.526 0.476 68.75 38.65 25.1 20.02 16.26 1 -1.59e-07 0 0.713 0.2786 0.00132 0.0006484 0.003697 -1 0.008423 -2.879 -4.651 -5.533 -5.811
0.0084736 -0.25 9.93702 1.02556324 2.478113573 0.734 2.891 3.5747 0.664 8 0.526 0.476 38.62 23.68 15.72 12.45 10.1 1 -7.68e-08 0 0.713 0.2786 0.00132 0.0006484 0.003697 -1 0.008423 -2.456 -4.162 -4.983 -5.219
0.0084736 -0.25 9.93702 1.025563359 2.478113597 0.731 2.91 3.572 0.632 8 0.526 0.476 41.33 25.08 16.6 13.16 10.68 1 -8.48e-08 0 0.713 0.2786 0.00132 0.0006484 0.003697 -1 0.008423 -2.506 -4.217 -5.046 -5.287
0.0084736 -0.25 9.93702 1.025563359 2.478113597 0.728 3.033 3.5538 0.435 8 0.526 0.476 62.77 35.74 23.28 18.56 15.07 1 -1.46e-07 0 0.713 0.2786 0.00132 0.0006484 0.003697 -1 0.008423 -2.811 -4.57 -5.442 -5.712
0.0084736 -0.25 9.93702 1.025563598 2.478113644 0.724 3.189 3.5306 0.183 8 0.526 0.476 107.23 56.26 35.91 28.82 23.43 1 -2.88e-07 0 0.713 0.2786 0.00132 0.0006484 0.003697 -1 0.008423 -3.203 -5.033 -5.945 -6.256
0.0084736 -0.25 9.93702 1.025563717 2.478113667 0.72 3.317 3.5118 -0.022 8 0.526 0.476 153.84 81.48 51.13 41.27 33.58 1 -4.96e-07 0 0.713 0.2786 0.00132 0.0006484 0.003697 -1 0.008423 -3.523 -5.415 -6.345 -6.695
0.0084736 -0.25 9.93702 1.025563836 2.478113691 0.715 3.397 3.5003 -0.151 8 0.526 0.476 187.31 102.67 63.76 51.65 42.05 0 -6.99e-07 0.01 0.713 0.2786 0.00132 0.0006484 0.003697 -1 0.008423 -3.722 -5.653 -6.591 -6.965
0.0084736 -0.25 9.93702 1.025564075 2.478113738 0.709 3.435 3.4951 -0.214 8 0.526 0.476 205.93 114.84 70.94 57.58 46.89 0 -8.38e-07 0.01 0.713 0.2786 0.00132 0.0006484 0.003697 -1 0.008423 -3.818 -5.767 -6.708 -7.091
0.0084736 -0.25 9.93702 1.025564313 2.478113785 0.703 3.449 3.4936 -0.238 8 0.526 0.476 205.05 -1 -1 -1 -1 0 -9.14e-07 0.01 0.713 0.2786 0.00132 0.0006484 0.003697 -1 0.008423 -3.854 -5.806 -6.748 -7.136
0.0084736 -0.25 9.93702 1.025564551 2.478113832 0.696 3.454 3.4935 -0.247 8 0.527 0.476 201.39 -1 -1 -1 -1 0 -9.62e-07 0.02 0.713 0.2786 0.00132 0.0006484 0.003697 -1 0.008423 -3.865 -5.817 -6.759 -7.147
0.0084736 -0.25 9.93702 1.025564551 2.478113832 0.695 3.253 3.5237 0.074 8 0.527 0.476 130.9 67.86 42.9 34.58 28.12 1 -4.29e-07 0 0.713 0.2786 0.00132 0.0006484 0.003697 -1 0.008423 -3.363 -5.215 -6.134 -6.461
0.0084736 -0.25 9.93702 1.025564551 2.478113832 0.694 3.072 3.5512 0.365 8 0.527 0.476 72.29 40.09 25.95 20.76 16.86 1 -2.02e-07 0 0.713 0.2786 0.00132 0.0006484 0.003697 -1 0.008423 -2.909 -4.676 -5.551 -5.828
0.0084736 -0.25 9.93702 1.025564671 2.478113856 0.692 2.902 3.5768 0.635 8 0.527 0.476 40.54 24.57 16.26 12.91 10.47 1 -9.75e-08 0 0.713 0.2786 0.00132 0.0006484 0.003697 -1 0.008423 -2.486 -4.189 -5.001 -5.236
0.0084736 -0.25 9.93702 1.02556479 2.478113879 0.69 2.922 3.5741 0.603 8 0.527 0.476 43.4 26.02 17.17 13.65 11.07 1 -1.08e-07 0 0.713 0.2786 0.00132 0.0006484 0.003697 -1 0.008423 -2.535 -4.244 -5.064 -5.303
0.0084736 -0.25 9.93702 1.025564909 2.478113903 0.686 3.044 3.5561 0.407 8 0.527 0.476 65.93 37.03 24.05 19.23 15.61 1 -1.86e-07 0 0.713 0.2786 0.00132 0.0006484 0.003697 -1 0.008423 -2.84 -4.593 -5.458 -5.727
0.0084736 -0.25 9.93702 1.025565028 2.478113926 0.682 3.2 3.5331 0.156 8 0.527 0.476 112.61 58.18 37.02 29.79 24.21 1 -3.66e-07 0 0.713 0.2786 0.00132 0.0006484 0.003697 -1 0.008423 -3.23 -5.052 -5.958 -6.268
0.0084736 -0.25 9.93702 1.025565147 2.47811395 0.677 3.327 3.5144 -0.049 8 0.527 0.476 156.81 84.13 52.65 42.61 34.66 0 -6.32e-07 0.01 0.713 0.2786 0.00132 0.0006484 0.003697 -1 0.008423 -3.548 -5.43 -6.358 -6.706
0.0084736 -0.25 9.93702 1.025565386 2.478113997 0.672 3.407 3.503 -0.177 8 0.527 0.476 189.03 -1 -1 -1 -1 0 -8.95e-07 0.01 0.713 0.2786 0.00132 0.0006484 0.003697 -1 0.008423 -3.746 -5.666 -6.602 -6.975
0.0084736 -0.25 9.93702 1.025565624 2.478114044 0.666 3.445 3.4978 -0.241 8 0.527 0.476 185.86 -1 -1 -1 -1 0 -1.08e-06 0.02 0.713 0.2786 0.00132 0.0006484 0.003697 -1 0.008423 -3.843 -5.779 -6.719 -7.103
0.0084736 -0.25 9.93702 1.025565863 2.478114091 0.659 3.459 3.4963 -0.266 8 0.527 0.476 182.37 -1 -1 -1 -1 0 -1.18e-06 0.02 0.713 0.2786 0.00132 0.0006484 0.003697 -1 0.008423 -3.879 -5.817 -6.759 -7.148
0.0084736 -0.25 9.93702 1.025566101 2.478114138 0.651 3.464 3.4963 -0.275 8 0.528 0.476 178.59 -1 -1 -1 -1 0 -1.25e-06 0.03 0.713 0.2786 0.00132 0.0006484 0.003697 -1 0.008423 -3.89 -5.827 -6.769 -7.16
0.0084736 -0.25 9.93702 1.025566101 2.478114138 0.651 3.267 3.5261 0.041 8 0.528 0.476 134.47 70.78 44.6 36.06 29.31 0 -5.64e-07 0.01 0.713 0.2786 0.00132 0.0006484 0.003697 -1 0.008423 -3.397 -5.24 -6.155 -6.481
0.0084736 -0.25 9.93702 1.02556622 2.478114162 0.649 3.085 3.5536 0.331 8 0.528 0.476 76.81 41.86 27.01 21.67 17.59 1 -2.66e-07 0 0.713 0.2786 0.00132 0.0006484 0.003697 -1 0.008423 -2.943 -4.705 -5.573 -5.848
0.0084736 -0.25 9.93702 1.02556622 2.478114162 0.647 2.916 3.5792 0.602 8 0.528 0.476 42.96 25.65 16.92 13.48 10.93 1 -1.28e-07 0 0.713 0.2786 0.00132 0.0006484 0.003697 -1 0.008423 -2.521 -4.22 -5.023 -5.256
0.0084736 -0.25 9.93702 1.02556634 2.478114185 0.645 2.936 3.5765 0.569 8 0.528 0.476 46.03 27.18 17.87 14.25 11.56 1 -1.42e-07 0 0.713 0.2786 0.00132 0.0006484 0.003697 -1 0.008423 -2.57 -4.276 -5.086 -5.323
0.0084736 -0.25 9.93702 1.025566459 2.478114209 0.641 3.057 3.5587 0.374 8 0.528 0.476 69.93 38.62 25 20.04 16.26 1 -2.46e-07 0 0.713 0.2786 0.00132 0.0006484 0.003697 -1 0.008423 -2.873 -4.621 -5.478 -5.745
0.0084736 -0.25 9.93702 1.025566697 2.478114256 0.636 3.212 3.5358 0.125 8 0.528 0.476 117.17 60.53 38.39 30.99 25.18 1 -4.84e-07 0.01 0.713 0.2786 0.00132 0.0006484 0.003697 -1 0.008423 -3.261 -5.074 -5.975 -6.283
0.0084736 -0.25 9.93702 1.025566816 2.47811428 0.631 3.339 3.5172 -0.08 8 0.528 0.476 160.61 87.39 54.5 44.25 35.98 0 -8.38e-07 0.01 0.713 0.2786 0.00132 0.0006484 0.003697 -1 0.008423 -3.577 -5.447 -6.372 -6.72
0.0084736 -0.25 9.93702 1.025567055 2.478114327 0.625 3.418 3.5059 -0.208 8 0.528 0.476 165.94 -1 -1 -1 -1 0 -1.19e-06 0.02 0.713 0.2786 0.00132 0.0006484 0.003697 -1 0.008423 -3.775 -5.679 -6.614 -6.989
0.0084736 -0.25 9.93702 1.025567412 2.478114397 0.618 3.456 3.5008 -0.272 8 0.528 0.476 162.72 -1 -1 -1 -1 0 -1.44e-06 0.03 0.713 0.2786 0.00132 0.0006484 0.003697 -1 0.008423 -3.871 -5.787 -6.728 -7.117
0.0084736 -0.25 9.93702 1.025567651 2.478114445 0.611 3.471 3.4994 -0.297 8 0.528 0.476 159.2 -1 -1 -1 -1 0 -1.59e-06 0.04 0.713 0.2786 0.00132 0.0006484 0.003697 -1 0.008423 -3.907 -5.825 -6.768 -7.162
0.0084736 -0.25 9.93702 1.025568008 2.478114515 0.603 3.476 3.4995 -0.307 8 0.529 0.476 155.38 -1 -1 -1 -1 0 -1.69e-06 0.04 0.713 0.2786 0.00132 0.0006484 0.003697 -1 0.008423 -3.919 -5.835 -6.778 -7.174
0.0084736 -0.25 9.93702 1.025570631 2.478115033 0.529 -9.999 4 1.859 9 0.53 0 0 0 0 0 0 -1 -1e-30 0 0.713 0.2786 0.00132 0.0006484 0.003697 -1 0.008423 29.767 30.028 30.05 30.059
