# downloaded from PARSEC/CMD via ezpadova
# component=thin7 family=thin_disk component_index=6 logAge=9.937016107464814 MH=-0.5 photometric_system=twomass
# Zini MH logAge Mini int_IMF Mass logL logTe logg label McoreTP C_O period0 period1 period2 period3 period4 pmode Mloss tau1m X Y Xc Xn Xo Cexcess Z mbolmag Jmag Hmag Ksmag
0.0048313 -0.5 9.93702 0.0900000036 1.081689593 0.09 -3.325 3.4058 5.293 1 0 0.545 0 0 0 0 0 -1 -4.48e-17 0 0.7364 0.2587 0.0008868 0.0002392 0.00217 -1 0.004931 13.082 10.887 10.433 10.234
0.0048313 -0.5 9.93702 0.0922942311 1.10331004 0.092 -3.275 3.413 5.282 1 0 0.545 0 0 0 0 0 -1 -5.02e-17 0 0.7362 0.2588 0.0008868 0.0002392 0.00217 -1 0.004931 12.958 10.762 10.308 10.107
0.0048313 -0.5 9.93702 0.1000000015 1.171106412 0.1 -3.116 3.4356 5.248 1 0 0.545 0 0 0 0 0 -1 -7.24e-17 0 0.7358 0.2592 0.0008868 0.0002392 0.00217 -1 0.004931 12.56 10.421 9.938 9.721
0.0048313 -0.5 9.93702 0.1199999973 1.319315425 0.12 -2.848 3.4679 5.189 1 0 0.545 0 0 0 0 0 -1 -1.31e-16 0 0.7348 0.2603 0.0008868 0.0002392 0.00217 -1 0.004931 11.89 9.845 9.325 9.094
0.0048313 -0.5 9.93702 0.1400000006 1.438452672 0.14 -2.663 3.4873 5.148 1 0 0.545 0 0 0 0 0 -1 -1.95e-16 0 0.7339 0.2612 0.0008868 0.0002392 0.00217 -1 0.004931 11.426 9.439 8.904 8.671
0.0048313 -0.5 9.93702 0.1599999964 1.537293155 0.16 -2.52 3.5005 5.116 1 0 0.545 0 0 0 0 0 -1 -2.63e-16 0 0.7331 0.262 0.0008868 0.0002392 0.00217 -1 0.004931 11.069 9.12 8.577 8.346
0.0048313 -0.5 9.93702 0.1999999881 1.693879036 0.2 -2.299 3.5184 5.063 1 0 0.545 0 0 0 0 0 -1 -4.15e-16 0 0.7319 0.2632 0.0008868 0.0002392 0.00217 -1 0.004931 10.517 8.62 8.068 7.842
0.0048313 -0.5 9.93702 0.2206202298 1.759486914 0.221 -2.207 3.5245 5.038 1 0 0.545 0 0 0 0 0 -1 -4.24e-16 0 0.7315 0.2636 0.0008868 0.0002392 0.00217 -1 0.004931 10.286 8.407 7.852 7.627
0.0048313 -0.5 9.93702 0.25 1.8403258 0.25 -2.089 3.5324 5.007 1 0 0.545 0 0 0 0 0 -1 -3.85e-16 0 0.731 0.2641 0.0008868 0.0002393 0.00217 -1 0.004931 9.993 8.135 7.576 7.354
0.0048313 -0.5 9.93702 0.3000000119 1.952913977 0.3 -1.926 3.542 4.961 1 0 0.545 0 0 0 0 0 -1 -7.36e-16 0 0.7308 0.2643 0.0008868 0.0002393 0.00217 -1 0.004931 9.585 7.753 7.187 6.969
0.0048313 -0.5 9.93702 0.3130899966 1.978408978 0.313 -1.886 3.5442 4.949 1 0 0.545 0 0 0 0 0 -1 -9.78e-16 0 0.7328 0.2623 0.0008868 0.0002393 0.00217 -1 0.004931 9.486 7.661 7.093 6.875
0.0048313 -0.5 9.93702 0.3499999642 2.043417416 0.35 -1.782 3.5501 4.917 1 0 0.545 0 0 0 0 0 -1 -1.22e-15 0 0.7374 0.2577 0.0008868 0.0002392 0.00217 -1 0.004931 9.226 7.418 6.845 6.63
0.0048313 -0.5 9.93702 0.3999999762 2.118502399 0.4 -1.629 3.5616 4.867 1 0 0.545 0 0 0 0 0 -1 -1.72e-15 0 0.7376 0.2575 0.0008868 0.0002392 0.00217 -1 0.004931 8.843 7.069 6.487 6.275
0.0048313 -0.5 9.93702 0.4499999881 2.182280901 0.45 -1.462 3.5762 4.81 1 0 0.545 0 0 0 0 0 -1 -2.55e-15 0 0.7376 0.2575 0.0008868 0.0002392 0.00217 -1 0.004931 8.425 6.695 6.101 5.895
0.0048313 -0.5 9.93702 0.4999999404 2.237454072 0.5 -1.281 3.5961 4.755 1 0 0.545 0 0 0 0 0 -1 -3.9e-15 0 0.7376 0.2575 0.0008868 0.0002392 0.00217 -1 0.004931 7.973 6.299 5.687 5.498
0.0048313 -0.5 9.93702 0.5500000119 2.283658263 0.55 -1.081 3.6236 4.705 1 0 0.545 0 0 0 0 0 -1 -6.25e-15 0 0.7607 0.2347 0.0008144 0.0002198 0.001994 -1 0.004555 7.471 5.865 5.227 5.082
0.0048313 -0.5 9.93702 0.5958385468 2.318278135 0.595 -0.905 3.6519 4.678 1 0 0.544 0 0 0 0 0 -1 -9.28e-15 0 0.7641 0.2314 0.0008046 0.0002172 0.001971 -1 0.00449 7.033 5.5 4.885 4.777
0.0048313 -0.5 9.93702 0.5999999642 2.321121285 0.6 -0.89 3.6544 4.675 1 0 0.544 0 0 0 0 0 -1 -9.6e-15 0 0.7644 0.2311 0.0008038 0.000217 0.001969 -1 0.004484 6.994 5.469 4.86 4.754
0.0048313 -0.5 9.93702 0.6499999166 2.352035277 0.65 -0.701 3.6871 4.653 1 0 0.544 0 0 0 0 0 -1 -1.46e-14 0 0.7681 0.2275 0.0007934 0.0002143 0.001945 -1 0.004396 6.523 5.102 4.583 4.5
0.0048313 -0.5 9.93702 0.6591121554 2.357091238 0.659 -0.668 3.6925 4.647 1 0 0.544 0 0 0 0 0 -1 -1.58e-14 0 0.7689 0.2267 0.0007909 0.0002136 0.001939 -1 0.004374 6.44 5.038 4.536 4.455
0.0048313 -0.5 9.93702 0.6780285239 2.367089836 0.678 -0.6 3.7034 4.635 1 0 0.544 0 0 0 0 0 -1 -1.85e-14 0 0.7706 0.225 0.0007857 0.0002122 0.001926 -1 0.004344 6.27 4.906 4.437 4.361
0.0048313 -0.5 9.93702 0.6960684061 2.376045281 0.696 -0.535 3.7136 4.622 1 0 0.544 0 0 0 0 0 -1 -2.14e-14 0 0.7723 0.2234 0.0007806 0.0002108 0.001914 -1 0.004327 6.108 4.783 4.343 4.272
0.0048313 -0.5 9.93702 0.6999999881 2.377926697 0.7 -0.521 3.7158 4.619 1 0 0.544 0 0 0 0 0 -1 -2.21e-14 0 0.7727 0.223 0.0007795 0.0002106 0.001912 -1 0.004307 6.073 4.757 4.322 4.252
0.0048313 -0.5 9.93702 0.7064682841 2.380969693 0.706 -0.498 3.7193 4.615 1 0 0.543 0 0 0 0 0 -1 -2.34e-14 0 0.7734 0.2223 0.0007761 0.00021 0.001907 -1 0.004287 6.015 4.713 4.288 4.22
0.0048313 -0.5 9.93702 0.7225444317 2.388262038 0.722 -0.441 3.728 4.601 1 0 0.54 0 0 0 0 0 -1 -2.68e-14 0 0.7751 0.2206 0.0007677 0.0002086 0.001895 -1 0.00431 5.872 4.603 4.202 4.137
0.0048313 -0.5 9.93702 0.7373055816 2.394636832 0.737 -0.388 3.7358 4.589 1 0 0.538 0 0 0 0 0 -1 -3.04e-14 0 0.7767 0.219 0.0007601 0.0002073 0.001884 -1 0.004292 5.74 4.503 4.122 4.06
0.0048313 -0.5 9.93702 0.7487857342 2.399395381 0.749 -0.347 3.7417 4.578 1 0 0.536 0 0 0 0 0 -1 -3.35e-14 0 0.778 0.2178 0.0007543 0.0002062 0.001875 -1 0.004229 5.637 4.425 4.058 3.999
0.0048313 -0.5 9.93702 0.7595626116 2.40371222 0.759 -0.308 3.7465 4.565 1 0 0.536 0 0 0 0 0 -1 -3.7e-14 0 0.7796 0.2162 0.0007496 0.000205 0.001864 -1 0.004213 5.54 4.35 3.994 3.937
0.0048313 -0.5 9.93702 0.7727318406 2.408799815 0.772 -0.261 3.7522 4.547 1 0 0.536 0 0 0 0 0 -1 -4.17e-14 0 0.7816 0.2142 0.0007438 0.0002035 0.001851 -1 0.004187 5.422 4.257 3.913 3.859
0.0048313 -0.5 9.93702 0.7848263383 2.413299663 0.784 -0.217 3.7573 4.531 1 0 0.536 0 0 0 0 0 -1 -4.66e-14 0 0.7835 0.2123 0.0007383 0.000202 0.001837 -1 0.004205 5.312 4.17 3.837 3.786
0.0048313 -0.5 9.93702 0.7963664532 2.417447035 0.796 -0.175 3.7619 4.513 1 0 0.536 0 0 0 0 0 -1 -5.2e-14 0 0.7854 0.2105 0.0007329 0.0002005 0.001824 -1 0.004161 5.207 4.086 3.763 3.714
0.0048313 -0.5 9.93702 0.7975714207 2.417872134 0.797 -0.17 3.7624 4.511 1 0 0.536 0 0 0 0 0 -1 -5.26e-14 0 0.7856 0.2103 0.0007323 0.0002004 0.001823 -1 0.004156 5.196 4.078 3.755 3.707
0.0048313 -0.5 9.93702 0.8004993796 2.418898955 0.8 -0.16 3.7635 4.507 1 0 0.536 0 0 0 0 0 -1 -5.41e-14 0 0.7862 0.2097 0.0007306 0.0001999 0.001819 -1 0.004142 5.169 4.056 3.736 3.687
0.0048313 -0.5 9.93702 0.8128128052 2.423124252 0.812 -0.114 3.7678 4.485 1 0 0.535 0 0 0 0 0 -1 -6.11e-14 0 0.7888 0.207 0.000723 0.0001979 0.001801 -1 0.004124 5.055 3.962 3.651 3.605
0.0048313 -0.5 9.93702 0.8251585364 2.427215372 0.824 -0.067 3.7719 4.461 1 0 0.535 0 0 0 0 0 -1 -6.94e-14 0 0.7916 0.2043 0.0007151 0.0001958 0.001782 -1 0.004082 4.939 3.866 3.563 3.519
0.0048313 -0.5 9.93702 0.8362299204 2.430766296 0.835 -0.025 3.7754 4.439 1 0 0.535 0 0 0 0 0 -1 -7.8e-14 0 0.7943 0.2017 0.0007078 0.0001938 0.001764 -1 0.004026 4.832 3.777 3.481 3.439
0.0048313 -0.5 9.93702 0.8463571072 2.433921003 0.845 0.015 3.7785 4.416 1 0 0.535 0 0 0 0 0 -1 -8.72e-14 0 0.7967 0.1993 0.0007008 0.0001919 0.001747 -1 0.003969 4.732 3.693 3.403 3.363
0.0048313 -0.5 9.93702 0.8502035141 2.43509657 0.849 0.03 3.7796 4.407 1 0 0.535 0 0 0 0 0 -1 -9.11e-14 0 0.798 0.198 0.0006972 0.0001909 0.001739 -1 0.003944 4.694 3.66 3.373 3.333
0.0048313 -0.5 9.93702 0.8652186394 2.43957078 0.864 0.093 3.7835 4.368 1 0 0.534 0 0 0 0 0 -1 -1.09e-13 0 0.8031 0.193 0.0006828 0.0001871 0.001704 -1 0.003855 4.538 3.524 3.246 3.207
0.0048313 -0.5 9.93702 0.8791847825 2.443575042 0.878 0.153 3.7868 4.328 1 0 0.534 0 0 0 0 0 -1 -1.3e-13 0 0.808 0.1882 0.0006693 0.0001835 0.001672 -1 0.003802 4.387 3.39 3.119 3.082
0.0048313 -0.5 9.93702 0.8922148347 2.447181215 0.891 0.21 3.7891 4.287 1 0 0.533 0 0 0 0 0 -1 -1.54e-13 0 0.8125 0.1838 0.0006568 0.0001801 0.001642 -1 0.00377 4.246 3.261 2.994 2.958
0.0048313 -0.5 9.93702 0.8951427937 2.447974956 0.894 0.223 3.7895 4.276 1 0 0.533 0 0 0 0 0 -1 -1.61e-13 0 0.8133 0.1829 0.0006545 0.0001795 0.001636 -1 0.003748 4.212 3.23 2.964 2.928
0.0048313 -0.5 9.93702 0.9025622606 2.449959809 0.901 0.257 3.7905 4.25 1 0 0.533 0 0 0 0 0 -1 -1.78e-13 0 0.8151 0.1812 0.0006496 0.0001782 0.001625 -1 0.003692 4.128 3.15 2.886 2.851
0.0048313 -0.5 9.93702 0.9112343788 2.452232722 0.91 0.299 3.7913 4.215 1 0 0.533 0 0 0 0 0 -1 -2.04e-13 0 0.8156 0.1807 0.0006486 0.000178 0.001623 -1 0.00369 4.022 3.048 2.786 2.751
0.0048313 -0.5 9.93702 0.9128374457 2.452647441 0.911 0.307 3.7915 4.208 1 0 0.533 0 0 0 0 0 -1 -2.1e-13 0 0.8157 0.1807 0.0006486 0.0001779 0.001623 -1 0.00369 4.002 3.029 2.767 2.732
0.0048313 -0.5 9.93702 0.9144407511 2.45306055 0.913 0.316 3.7915 4.201 1 0 0.533 0 0 0 0 0 -1 -2.15e-13 0 0.8157 0.1806 0.0006485 0.0001779 0.001623 -1 0.00369 3.981 3.008 2.747 2.712
0.0048313 -0.5 9.93702 0.9239878058 2.455486352 0.922 0.367 3.7911 4.152 1 0 0.533 0 0 0 0 0 -1 -2.54e-13 0 0.8157 0.1806 0.0006494 0.0001782 0.001625 -1 0.003688 3.852 2.877 2.616 2.58
0.0048313 -0.5 9.93702 0.932279408 2.457546864 0.931 0.415 3.7895 4.102 1 0 0.533 0 0 0 0 0 -1 -2.99e-13 0 0.815 0.1813 0.0006532 0.0001793 0.001635 -1 0.003696 3.732 2.75 2.485 2.449
0.0048313 -0.5 9.93702 0.9374228716 2.458803999 0.936 0.446 3.7879 4.067 1 0 0.532 0 0 0 0 0 -1 -3.34e-13 0 0.8139 0.1823 0.0006576 0.0001805 0.001646 -1 0.003735 3.656 2.665 2.398 2.361
0.0048313 -0.5 9.93702 0.9402864575 2.459497049 0.938 0.464 3.786 4.042 2 0 0.532 0 0 0 0 0 -1 -3.58e-13 0 0.8117 0.1845 0.0006664 0.0001829 0.001668 -1 0.003773 3.609 2.609 2.337 2.3
0.0048313 -0.5 9.93702 0.9439284801 2.460371516 0.942 0.488 3.7828 4.007 2 0 0.533 0 0 0 0 0 -1 -3.92e-13 0 0.8071 0.189 0.0006822 0.0001872 0.001707 -1 0.003851 3.55 2.534 2.256 2.217
0.0048313 -0.5 9.93702 0.9490623474 2.461591084 0.947 0.521 3.7763 3.95 2 0 0.533 0 0 0 0 0 -1 -4.5e-13 0 0.7949 0.2011 0.00072 0.0001975 0.0018 -1 0.004077 3.467 2.419 2.126 2.085
0.0048313 -0.5 9.93702 0.9529619217 2.462507349 0.951 0.542 3.767 3.894 2 0 0.534 0 0 0 0 0 -1 -5.04e-13 0 0.7787 0.2169 0.0007652 0.0002096 0.001909 -1 0.004337 3.415 2.323 2.01 1.964
0.0048313 -0.5 9.93702 0.9552800655 2.463047958 0.953 0.549 3.7579 3.852 2 0 0.535 0 0 0 0 0 -1 -5.38e-13 0 0.7675 0.228 0.000795 0.0002176 0.00198 -1 0.004505 3.398 2.265 1.932 1.882
0.0048313 -0.5 9.93702 0.9568503499 2.463412449 0.955 0.55 3.749 3.816 2 0 0.536 0 0 0 0 0 -1 -5.62e-13 0 0.7608 0.2346 0.0008124 0.0002222 0.002021 -1 0.004609 3.395 2.224 1.87 1.816
0.0048313 -0.5 9.93702 0.9582922459 2.463745929 0.956 0.554 3.7397 3.776 2 0 0.536 0 0 0 0 0 -1 -5.94e-13 0 0.7558 0.2395 0.0008251 0.0002256 0.002051 -1 0.004676 3.386 2.175 1.799 1.74
0.0048313 -0.5 9.93702 0.9597219229 2.464075446 0.958 0.569 3.7307 3.725 2 0 0.537 0 0 0 0 0 -1 -6.5e-13 0 0.752 0.2433 0.000835 0.0002282 0.002074 -1 0.004711 3.347 2.099 1.7 1.638
0.0048313 -0.5 9.93702 0.9612330198 2.464422504 0.959 0.605 3.7231 3.66 2 0 0.537 0 0 0 0 0 -1 -7.57e-13 0 0.7484 0.2469 0.0008426 0.0002303 0.002093 -1 0.004755 3.259 1.981 1.561 1.496
0.0048313 -0.5 9.93702 0.9620455503 2.464608602 0.96 0.63 3.7198 3.621 2 0 0.537 0 0 0 0 0 -1 -8.4e-13 0 0.7465 0.2487 0.0008464 0.0002312 0.002101 -1 0.004764 3.195 1.905 1.475 1.409
0.0048313 -0.5 9.93702 0.9623984694 2.46468932 0.96 0.644 3.7187 3.603 2 0 0.537 0 0 0 0 0 -1 -8.87e-13 0 0.7457 0.2495 0.0008474 0.0002316 0.002104 -1 0.004779 3.159 1.865 1.432 1.365
0.0048313 -0.5 9.93702 0.9636206627 2.46496833 0.962 0.697 3.7153 3.537 3 0 0.537 0 0 0 0 0 -1 -1.08e-12 0 0.7428 0.2523 0.0008508 0.0002327 0.002113 -1 0.004831 3.027 1.72 1.277 1.209
0.0048313 -0.5 9.93702 0.9646030068 2.465191996 0.963 0.746 3.7131 3.48 3 0 0.535 0 0 0 0 0 -1 -1.29e-12 0 0.7402 0.255 0.0008511 0.000234 0.002119 -1 0.004812 2.905 1.59 1.141 1.072
0.0048313 -0.5 9.93702 0.9654103518 2.465375426 0.963 0.79 3.7115 3.43 3 0 0.532 0 0 0 0 0 -1 -1.5e-12 0 0.7378 0.2574 0.0008475 0.0002367 0.002124 -1 0.004819 2.796 1.475 1.02 0.951
0.0048313 -0.5 9.93702 0.9662608504 2.465568279 0.964 0.84 3.7098 3.373 3 0 0.524 0 0 0 0 0 -1 -1.8e-12 0 0.735 0.2602 0.0008354 0.0002474 0.002128 -1 0.004824 2.67 1.342 0.883 0.813
0.0048313 -0.5 9.93702 0.9669005275 2.46571307 0.965 0.881 3.7086 3.327 3 0 0.513 0 0 0 0 0 -1 -2.09e-12 0 0.7328 0.2623 0.0008199 0.0002643 0.00213 -1 0.004845 2.567 1.234 0.771 0.701
0.0048313 -0.5 9.93702 0.9675174952 2.465852513 0.965 0.924 3.7072 3.28 3 0 0.502 0 0 0 0 0 -1 -2.44e-12 0 0.7307 0.2644 0.0008026 0.0002846 0.002132 -1 0.004852 2.46 1.123 0.656 0.585
0.0048313 -0.5 9.93702 0.9681951404 2.466005434 0.966 0.975 3.7056 3.223 3 0 0.49 0 0 0 0 0 -1 -2.92e-12 0 0.7286 0.2665 0.0007841 0.0003077 0.002134 -1 0.004857 2.333 0.99 0.518 0.447
0.0048313 -0.5 9.93702 0.9688513279 2.466153278 0.967 1.029 3.7039 3.162 3 0 0.48 0 0 0 0 0 -1 -3.54e-12 0 0.7267 0.2685 0.0007684 0.0003277 0.002136 -1 0.004866 2.198 0.85 0.372 0.3
0.0048313 -0.5 9.93702 0.9694352746 2.466284653 0.967 1.081 3.7021 3.102 3 0 0.473 0 0 0 0 0 -1 -4.28e-12 0 0.7252 0.27 0.0007573 0.0003419 0.002137 -1 0.004865 2.067 0.712 0.229 0.156
0.0048313 -0.5 9.93702 0.9699587226 2.466402261 0.968 1.134 3.7002 3.043 3 0 0.468 0 0 0 0 0 -1 -5.17e-12 0 0.7241 0.271 0.0007498 0.0003516 0.002138 -1 0.00488 1.936 0.575 0.087 0.013
0.0048313 -0.5 9.93702 0.9703333974 2.466486354 0.968 1.174 3.6987 2.996 3 0 0.465 0 0 0 0 0 -1 -5.99e-12 0 0.7234 0.2717 0.0007454 0.0003573 0.002139 -1 0.004896 1.834 0.467 -0.026 -0.1
0.0048313 -0.5 9.93702 0.970749557 2.46657967 0.968 1.224 3.6967 2.939 3 0 0.462 0 0 0 0 0 -1 -7.17e-12 0 0.7228 0.2723 0.0007416 0.0003622 0.002139 -1 0.004875 1.711 0.336 -0.163 -0.238
0.0048313 -0.5 9.93702 0.971136868 2.466666435 0.968 1.274 3.6946 2.88 3 0 0.461 0 0 0 0 0 -1 -8.62e-12 0 0.7224 0.2727 0.0007392 0.0003653 0.002139 -1 0.00486 1.585 0.202 -0.304 -0.38
0.0048313 -0.5 9.93702 0.9714853168 2.466744426 0.969 1.324 3.6924 2.822 3 0 0.46 0 0 0 0 0 -1 -1.03e-11 0 0.7222 0.2729 0.0007379 0.000367 0.00214 -1 0.004892 1.46 0.069 -0.444 -0.521
0.0048313 -0.5 9.93702 0.9718100429 2.46681705 0.969 1.375 3.6901 2.762 3 0 0.46 0 0 0 0 0 -1 -1.25e-11 0 0.7221 0.273 0.0007373 0.0003677 0.00214 -1 0.004912 1.332 -0.067 -0.588 -0.666
0.0048313 -0.5 9.93702 0.9720853567 2.466878579 0.969 1.422 3.6879 2.706 3 0 0.459 0 0 0 0 0 -1 -1.48e-11 0 0.7221 0.273 0.0007372 0.0003679 0.00214 -1 0.004912 1.214 -0.193 -0.721 -0.8
0.0048313 -0.5 9.93702 0.9723430872 2.466936142 0.969 1.471 3.6856 2.648 3 0 0.459 0 0 0 0 0 -1 -1.77e-11 0 0.7221 0.273 0.0007371 0.0003681 0.00214 -1 0.004912 1.093 -0.321 -0.858 -0.938
0.0048313 -0.5 9.93702 0.9725828767 2.466989666 0.969 1.519 3.6831 2.59 3 0 0.459 0 0 0 0 0 -1 -2.12e-11 0 0.722 0.273 0.000737 0.0003682 0.00214 -1 0.004912 0.972 -0.451 -0.996 -1.077
0.0048313 -0.5 9.93702 0.9728016853 2.467038481 0.969 1.567 3.6807 2.532 3 0 0.459 0 0 0 0 0 -1 -2.53e-11 0 0.722 0.2731 0.0007369 0.0003684 0.00214 -1 0.004913 0.851 -0.579 -1.132 -1.215
0.0048313 -0.5 9.93702 0.9730013609 2.467083005 0.969 1.615 3.6782 2.475 3 0 0.459 0 0 0 0 0 -1 -3.01e-11 0 0.722 0.2731 0.0007368 0.0003685 0.00214 -1 0.004913 0.734 -0.705 -1.266 -1.351
0.0048313 -0.5 9.93702 0.9731894732 2.467124931 0.969 1.661 3.6756 2.418 3 0 0.459 0 0 0 0 0 -1 -3.58e-11 0 0.722 0.2731 0.0007367 0.0003686 0.00214 -1 0.004913 0.617 -0.83 -1.399 -1.485
0.0048313 -0.5 9.93702 0.9733747244 2.467166202 0.969 1.704 3.6733 2.366 3 0 0.459 0 0 0 0 0 -1 -4.19e-11 0 0.722 0.2731 0.0007366 0.0003687 0.00214 -1 0.004913 0.511 -0.945 -1.521 -1.608
0.0048313 -0.5 9.93702 0.9735867381 2.467213413 0.969 1.739 3.6714 2.323 3 0 0.459 0 0 0 0 0 -1 -4.8e-11 0 0.722 0.2731 0.0007365 0.0003688 0.00214 -1 0.004913 0.422 -1.04 -1.622 -1.71
0.0048313 -0.5 9.93702 0.9736901522 2.467236432 0.969 1.725 3.6725 2.342 3 0 0.459 0 0 0 0 0 -1 -4.59e-11 0 0.722 0.2731 0.0007365 0.0003689 0.00214 -1 0.004914 0.458 -1 -1.579 -1.666
0.0048313 -0.5 9.93702 0.973792851 2.467259287 0.969 1.69 3.6749 2.386 3 0 0.459 0 0 0 0 0 -1 -4.04e-11 0 0.722 0.2731 0.0007364 0.000369 0.00214 -1 0.004914 0.546 -0.904 -1.475 -1.561
0.0048313 -0.5 9.93702 0.9738200307 2.467265335 0.969 1.681 3.6755 2.397 3 0 0.459 0 0 0 0 0 -1 -3.89e-11 0 0.722 0.2731 0.0007364 0.000369 0.00214 -1 0.004914 0.567 -0.881 -1.45 -1.536
0.0048313 -0.5 9.93702 0.9738519788 2.467272443 0.969 1.692 3.6749 2.385 3 0 0.459 0 0 0 0 0 -1 -4.03e-11 0 0.722 0.2731 0.0007364 0.000369 0.00214 -1 0.004914 0.541 -0.909 -1.48 -1.566
0.0048313 -0.5 9.93702 0.973988831 2.467302885 0.969 1.736 3.6724 2.33 3 0 0.459 0 0 0 0 0 -1 -4.71e-11 0 0.722 0.2731 0.0007363 0.0003691 0.00214 -1 0.004914 0.43 -1.029 -1.608 -1.695
0.0048313 -0.5 9.93702 0.9741252065 2.467333212 0.969 1.782 3.6697 2.273 3 0 0.459 0 0 0 0 0 -1 -5.58e-11 0 0.722 0.2731 0.0007363 0.0003692 0.00214 -1 0.004914 0.316 -1.152 -1.739 -1.828
0.0048313 -0.5 9.93702 0.9742495418 2.467360852 0.969 1.826 3.667 2.218 3 0 0.459 0 0 0 0 0 -1 -6.58e-11 0 0.722 0.2731 0.0007362 0.0003692 0.00214 -1 0.004914 0.205 -1.271 -1.866 -1.957
0.0048313 -0.5 9.93702 0.9743679166 2.46738716 0.969 1.871 3.6643 2.162 3 0 0.459 0 0 0 0 0 -1 -7.8e-11 0 0.722 0.2731 0.0007362 0.0003693 0.00214 -1 0.004914 0.092 -1.393 -1.997 -2.089
0.0048313 -0.5 9.93702 0.97447294 2.467410495 0.969 1.915 3.6616 2.108 3 0 0.459 0 0 0 0 0 -1 -9.17e-11 0 0.722 0.2731 0.0007361 0.0003694 0.00214 -1 0.004914 -0.016 -1.509 -2.122 -2.216
0.0048313 -0.5 9.93702 0.9745723605 2.467432579 0.968 1.959 3.6588 2.053 3 0 0.459 0 0 0 0 0 -1 -1.08e-10 0 0.722 0.2731 0.0007361 0.0003694 0.00214 -1 0.004914 -0.126 -1.628 -2.249 -2.345
0.0048313 -0.5 9.93702 0.9746608734 2.467452236 0.968 2.001 3.6561 1.999 3 0 0.459 0 0 0 0 0 -1 -1.27e-10 0 0.722 0.2731 0.0007361 0.0003695 0.00214 -1 0.004914 -0.232 -1.741 -2.372 -2.469
0.0048313 -0.5 9.93702 0.9747439623 2.467470685 0.968 2.043 3.6533 1.945 3 0 0.459 0 0 0 0 0 -1 -1.49e-10 0 0.7219 0.2731 0.000736 0.0003695 0.00214 -1 0.004915 -0.339 -1.857 -2.493 -2.593
0.0048313 -0.5 9.93702 0.9748211503 2.46748782 0.967 2.086 3.6504 1.891 3 0 0.459 0 0 0 0 0 -1 -1.75e-10 0 0.7219 0.2731 0.000736 0.0003696 0.00214 -1 0.004915 -0.446 -1.973 -2.614 -2.718
0.0048313 -0.5 9.93702 0.9748904705 2.467503206 0.967 2.128 3.6476 1.838 3 0 0.459 0 0 0 0 0 -1 -2.05e-10 0 0.7219 0.2731 0.000736 0.0003696 0.00214 -1 0.004915 -0.55 -2.085 -2.732 -2.84
0.0048313 -0.5 9.93702 0.9749560356 2.467517756 0.967 2.171 3.6447 1.783 3 0 0.459 0 0 0 0 0 -1 -2.41e-10 0 0.7219 0.2731 0.0007359 0.0003697 0.00214 -1 0.004915 -0.657 -2.199 -2.852 -2.963
0.0048313 -0.5 9.93702 0.9750143886 2.467530704 0.966 2.212 3.6418 1.731 3 0 0.459 0 0 0 0 0 -1 -2.81e-10 0 0.7219 0.2731 0.0007359 0.0003697 0.00214 -1 0.004915 -0.759 -2.309 -2.967 -3.083
0.0048313 -0.5 9.93702 0.9750694633 2.467542923 0.966 2.253 3.6389 1.677 3 0 0.458 0 0 0 0 0 -1 -3.29e-10 0 0.7219 0.2732 0.0007359 0.0003697 0.00214 -1 0.004915 -0.863 -2.42 -3.084 -3.204
0.0048313 -0.5 9.93702 0.9751192927 2.467553977 0.965 2.294 3.6361 1.625 3 0 0.458 0 0 0 0 0 -1 -3.83e-10 0 0.7219 0.2732 0.0007359 0.0003698 0.00214 -1 0.004915 -0.964 -2.527 -3.197 -3.321
0.0048313 -0.5 9.93702 0.9751659036 2.467564315 0.965 2.334 3.6331 1.573 3 0 0.458 0 0 0 0 0 -1 -4.47e-10 0 0.7219 0.2732 0.0007358 0.0003698 0.00214 -1 0.004915 -1.066 -2.636 -3.311 -3.44
0.0048313 -0.5 9.93702 0.9752084017 2.46757374 0.964 2.374 3.6302 1.521 3 0 0.458 0 0 0 0 0 -1 -5.21e-10 0 0.7219 0.2732 0.0007358 0.0003698 0.00214 -1 0.004915 -1.165 -2.742 -3.423 -3.557
0.0048313 -0.5 9.93702 0.9752478004 2.467582478 0.963 2.414 3.6273 1.469 3 0 0.458 0 0 0 0 0 -1 -6.07e-10 0 0.7219 0.2732 0.0007358 0.0003698 0.00214 -1 0.004915 -1.265 -2.848 -3.537 -3.676
0.0048313 -0.5 9.93702 0.9752851725 2.467590765 0.963 2.455 3.6243 1.416 3 0 0.458 0 0 0 0 0 -1 -7.09e-10 0 0.7219 0.2732 0.0007358 0.0003699 0.00214 -1 0.004915 -1.367 -2.957 -3.656 -3.798
0.0048313 -0.5 9.93702 0.9753183126 2.467598113 0.962 2.494 3.6214 1.365 3 0 0.458 0 0 0 0 0 -1 -8.21e-10 0 0.7219 0.2732 0.0007358 0.0003699 0.00214 -1 0.004915 -1.464 -3.061 -3.768 -3.915
0.0048313 -0.5 9.93702 0.9753494263 2.467605011 0.961 2.533 3.6184 1.314 3 0 0.458 10.56 7.84 5.5 4.24 3.44 3 -9.53e-10 0 0.7219 0.2732 0.0007358 0.0003699 0.00214 -1 0.004915 -1.561 -3.165 -3.882 -4.032
0.0048313 -0.5 9.93702 0.9753783941 2.467611433 0.96 2.571 3.6155 1.263 3 0 0.458 11.74 8.59 6.01 4.64 3.76 3 -1.11e-09 0 0.7219 0.2732 0.0007357 0.0003699 0.00214 -1 0.004915 -1.658 -3.268 -3.995 -4.149
0.0048313 -0.5 9.93702 0.9754047394 2.467617273 0.959 2.609 3.6126 1.213 3 0 0.458 13.02 9.39 6.54 5.06 4.1 3 -1.28e-09 0 0.7219 0.2732 0.0007357 0.0003699 0.00214 -1 0.004915 -1.753 -3.368 -4.104 -4.263
0.0048313 -0.5 9.93702 0.9754298329 2.467622835 0.958 2.647 3.6096 1.162 3 0 0.458 14.48 10.3 7.14 5.53 4.49 3 -1.48e-09 0 0.7219 0.2732 0.0007357 0.00037 0.00214 -1 0.004915 -1.849 -3.47 -4.216 -4.379
0.0048313 -0.5 9.93702 0.9754526019 2.467627882 0.957 2.684 3.6067 1.113 3 0 0.458 16.04 11.25 7.77 6.03 4.89 3 -1.71e-09 0 0.7219 0.2732 0.0007357 0.00037 0.00214 -1 0.004915 -1.941 -3.568 -4.323 -4.491
0.0048313 -0.5 9.93702 0.9754739404 2.467632611 0.956 2.721 3.6038 1.064 3 0 0.458 17.78 12.29 8.45 6.57 5.33 3 -1.97e-09 0 0.7219 0.2732 0.0007357 0.00037 0.00214 -1 0.004915 -2.034 -3.666 -4.431 -4.603
0.0048313 -0.5 9.93702 0.9754944444 2.467637155 0.954 2.759 3.6008 1.014 3 0 0.458 19.73 13.45 9.21 7.17 5.82 3 -2.27e-09 0 0.7219 0.2732 0.0007357 0.00037 0.00214 -1 0.004915 -2.127 -3.765 -4.54 -4.716
0.0048313 -0.5 9.93702 0.9755170345 2.467642162 0.953 2.803 3.5972 0.955 3 0 0.458 22.33 14.97 10.2 7.95 6.46 2 -2.7e-09 0 0.7219 0.2732 0.0007357 0.00037 0.00214 -1 0.004915 -2.238 -3.883 -4.669 -4.851
0.0048313 -0.5 9.93702 0.9755378962 2.467646785 0.951 2.847 3.5935 0.895 3 0 0.458 25.27 16.66 11.3 8.82 7.16 2 -3.2e-09 0 0.7219 0.2732 0.0007357 0.00037 0.00214 -1 0.004915 -2.347 -4 -4.797 -4.985
0.0048313 -0.5 9.93702 0.9755538106 2.467650311 0.949 2.883 3.5906 0.847 3 0 0.458 27.94 18.16 12.27 9.59 7.79 2 -3.67e-09 0 0.7219 0.2732 0.0007357 0.00037 0.00214 -1 0.004915 -2.436 -4.094 -4.9 -5.094
0.0048313 -0.5 9.93702 0.9755718708 2.467654313 0.947 2.925 3.5869 0.789 3 0 0.458 31.56 20.18 13.57 10.62 8.63 2 -4.34e-09 0 0.7219 0.2732 0.0007357 0.00037 0.00214 -1 0.004915 -2.544 -4.209 -5.026 -5.226
0.0048313 -0.5 9.93702 0.9755883217 2.467657958 0.944 2.967 3.5834 0.731 3 0 0.458 35.54 22.36 14.96 11.73 9.53 2 -5.11e-09 0 0.7219 0.2732 0.0007356 0.0003701 0.00214 -1 0.004915 -2.648 -4.32 -5.148 -5.354
0.0048313 -0.5 9.93702 0.9756035209 2.467661326 0.942 3.008 3.5798 0.675 3 0 0.458 40 24.76 16.49 12.95 10.53 2 -6e-09 0 0.7219 0.2732 0.0007356 0.0003701 0.00214 -1 0.004915 -2.751 -4.429 -5.268 -5.48
0.0048313 -0.5 9.93702 0.9756175876 2.467664442 0.939 3.049 3.5762 0.619 3 0 0.458 44.95 27.37 18.15 14.28 11.61 2 -7.03e-09 0 0.7219 0.2732 0.0007356 0.0003701 0.00214 -1 0.004915 -2.851 -4.537 -5.386 -5.605
0.0048313 -0.5 9.93702 0.975630641 2.467667335 0.936 3.088 3.5725 0.563 3 0 0.458 50.49 30.26 19.97 15.73 12.8 2 -8.24e-09 0 0.7219 0.2732 0.0007356 0.0003701 0.00214 -1 0.004915 -2.951 -4.644 -5.504 -5.729
0.0048313 -0.5 9.93702 0.9756426215 2.467669989 0.932 3.127 3.5689 0.508 3 0 0.458 56.55 33.36 21.92 17.3 14.07 1 -9.6e-09 0 0.7219 0.2732 0.0007356 0.0003701 0.00214 -1 0.004915 -3.047 -4.748 -5.618 -5.849
0.0048313 -0.5 9.93702 0.9756537676 2.467672458 0.929 3.165 3.5653 0.454 3 0 0.458 63.32 36.76 24.05 19.01 15.46 1 -1.12e-08 0 0.7219 0.2732 0.0007356 0.0003701 0.00214 -1 0.004915 -3.142 -4.852 -5.731 -5.968
0.0048313 -0.5 9.93702 0.97566396 2.467674716 0.925 3.201 3.5617 0.401 3 0 0.458 70.65 40.39 26.31 20.83 16.95 1 -1.29e-08 0 0.7219 0.2732 0.0007356 0.0003701 0.00214 -1 0.004915 -3.233 -4.952 -5.839 -6.083
0.0048313 -0.5 9.93702 0.9756734967 2.467676829 0.921 3.237 3.558 0.349 3 0 0.458 78.75 44.34 28.75 22.8 18.56 1 -1.5e-08 0 0.7219 0.2732 0.0007356 0.0003701 0.00214 -1 0.004915 -3.323 -5.05 -5.946 -6.196
0.0048313 -0.5 9.93702 0.9756822586 2.46767877 0.916 3.271 3.5544 0.298 3 0 0.458 87.55 48.55 31.36 24.9 20.27 1 -1.72e-08 0 0.7219 0.2732 0.0007356 0.0003701 0.00214 -1 0.004915 -3.409 -5.146 -6.05 -6.306
0.0048313 -0.5 9.93702 0.9756907821 2.467680658 0.911 3.307 3.5507 0.246 3 0 0.458 97.57 53.28 34.26 27.25 22.19 1 -1.99e-08 0 0.7219 0.2732 0.0007356 0.0003701 0.00214 -1 0.004915 -3.496 -5.244 -6.155 -6.418
0.0048313 -0.5 9.93702 0.9756986499 2.467682401 0.906 3.34 3.5473 0.197 3 0 0.458 108.15 58.18 37.26 29.68 24.17 1 -2.28e-08 0 0.7219 0.2732 0.0007356 0.0003701 0.00214 -1 0.004915 -3.579 -5.336 -6.255 -6.523
0.0048313 -0.5 9.93702 0.9757073522 2.467684328 0.899 3.374 3.5435 0.144 3 0 0.458 120.72 63.9 40.75 32.51 26.48 1 -2.65e-08 0 0.7219 0.2732 0.0007356 0.0003701 0.00214 -1 0.004915 -3.666 -5.434 -6.359 -6.635
0.0048313 -0.5 9.93702 0.9757073522 2.467684328 0.899 1.736 3.6979 2.399 4 0 0.485 0 0 0 0 0 -1 -1e-30 0 0.725 0.2702 0.0007763 0.0003183 0.002134 -1 0.004885 0.429 -0.945 -1.442 -1.516
0.0048313 -0.5 9.93702 0.9757981896 2.467704448 0.899 1.747 3.697 2.385 4 0 0.485 0 0 0 0 0 -1 -1e-30 0 0.725 0.2702 0.0007762 0.0003183 0.002134 -1 0.004885 0.403 -0.975 -1.474 -1.548
0.0048313 -0.5 9.93702 0.9758958817 2.46772608 0.899 1.751 3.6968 2.38 4 0 0.485 0 0 0 0 0 -1 -1e-30 0 0.725 0.2702 0.0007762 0.0003184 0.002134 -1 0.004885 0.392 -0.986 -1.486 -1.56
0.0048313 -0.5 9.93702 0.9758961201 2.467726133 0.9 1.751 3.6968 2.38 4 0 0.485 0 0 0 0 0 -1 -1e-30 0 0.725 0.2702 0.0007762 0.0003184 0.002134 -1 0.004885 0.392 -0.986 -1.486 -1.56
0.0048313 -0.5 9.93702 0.9759733677 2.467743235 0.9 1.752 3.6969 2.379 4 0 0.485 0 0 0 0 0 -1 -1e-30 0 0.7249 0.2702 0.0007762 0.0003184 0.002134 -1 0.004885 0.389 -0.989 -1.489 -1.563
0.0048313 -0.5 9.93702 0.9760625958 2.467762986 0.9 1.752 3.6972 2.381 4 0 0.485 0 0 0 0 0 -1 -1e-30 0 0.7249 0.2702 0.0007761 0.0003185 0.002134 -1 0.004885 0.39 -0.987 -1.486 -1.56
0.0048313 -0.5 9.93702 0.9761555791 2.467783563 0.9 1.751 3.6978 2.384 4 0 0.485 0 0 0 0 0 -1 -1e-30 0 0.7249 0.2702 0.0007761 0.0003186 0.002134 -1 0.004885 0.393 -0.983 -1.479 -1.553
0.0048313 -0.5 9.93702 0.9762464166 2.467803661 0.9 1.749 3.6983 2.388 4 0 0.485 0 0 0 0 0 -1 -1e-30 0 0.7249 0.2702 0.0007761 0.0003186 0.002134 -1 0.004885 0.397 -0.977 -1.472 -1.545
0.0048313 -0.5 9.93702 0.9763364196 2.46782357 0.9 1.748 3.6988 2.392 4 0 0.485 0 0 0 0 0 -1 -1e-30 0 0.7249 0.2702 0.000776 0.0003187 0.002134 -1 0.004885 0.401 -0.97 -1.464 -1.537
0.0048313 -0.5 9.93702 0.9764278531 2.467843792 0.9 1.746 3.6994 2.396 4 0 0.484 0 0 0 0 0 -1 -1e-30 0 0.7249 0.2702 0.000776 0.0003188 0.002134 -1 0.004885 0.405 -0.964 -1.456 -1.529
0.0048313 -0.5 9.93702 0.9765226841 2.46786476 0.9 1.744 3.6999 2.399 4 0 0.484 0 0 0 0 0 -1 -1e-30 0 0.7249 0.2702 0.0007759 0.0003188 0.002134 -1 0.004885 0.409 -0.959 -1.449 -1.522
0.0048313 -0.5 9.93702 0.9766074419 2.467883497 0.9 1.743 3.7003 2.402 4 0 0.484 0 0 0 0 0 -1 -1e-30 0 0.7249 0.2702 0.0007759 0.0003189 0.002134 -1 0.004885 0.412 -0.955 -1.444 -1.516
0.0048313 -0.5 9.93702 0.9766955376 2.467902967 0.9 1.742 3.7007 2.405 4 0 0.484 0 0 0 0 0 -1 -1e-30 0 0.7249 0.2702 0.0007759 0.000319 0.002134 -1 0.004885 0.414 -0.951 -1.438 -1.511
0.0048313 -0.5 9.93702 0.9767816067 2.467921986 0.901 1.742 3.701 2.407 4 0 0.484 0 0 0 0 0 -1 -1e-30 0 0.7249 0.2703 0.0007758 0.000319 0.002134 -1 0.004885 0.416 -0.947 -1.434 -1.507
0.0048313 -0.5 9.93702 0.9768660069 2.467940633 0.901 1.741 3.7014 2.409 4 0 0.484 0 0 0 0 0 -1 -1e-30 0 0.7249 0.2703 0.0007758 0.0003191 0.002134 -1 0.004885 0.418 -0.945 -1.43 -1.503
0.0048313 -0.5 9.93702 0.9769564271 2.467960605 0.901 1.741 3.7017 2.411 4 0 0.484 0 0 0 0 0 -1 -1e-30 0 0.7248 0.2703 0.0007757 0.0003192 0.002134 -1 0.004885 0.419 -0.942 -1.427 -1.499
0.0048313 -0.5 9.93702 0.976978898 2.467965568 0.901 1.74 3.7018 2.411 4 0 0.484 0 0 0 0 0 -1 -1e-30 0 0.7248 0.2703 0.0007757 0.0003192 0.002134 -1 0.004885 0.419 -0.942 -1.427 -1.499
0.0048313 -0.5 9.93702 0.9770259857 2.467975967 0.901 1.74 3.7019 2.412 4 0 0.484 0 0 0 0 0 -1 -1e-30 0 0.7248 0.2703 0.0007757 0.0003192 0.002134 -1 0.004885 0.419 -0.941 -1.425 -1.497
0.0048313 -0.5 9.93702 0.9771108031 2.467994694 0.901 1.74 3.7022 2.413 4 0 0.484 0 0 0 0 0 -1 -1e-30 0 0.7248 0.2703 0.0007757 0.0003193 0.002134 -1 0.004885 0.42 -0.94 -1.423 -1.495
0.0048313 -0.5 9.93702 0.9771947265 2.468013221 0.901 1.74 3.7024 2.414 4 0 0.484 0 0 0 0 0 -1 -1e-30 0 0.7248 0.2703 0.0007756 0.0003194 0.002134 -1 0.004885 0.42 -0.939 -1.422 -1.494
0.0048313 -0.5 9.93702 0.9772816896 2.468032415 0.901 1.74 3.7025 2.414 4 0 0.484 0 0 0 0 0 -1 -1e-30 0 0.7248 0.2703 0.0007756 0.0003194 0.002134 -1 0.004885 0.419 -0.939 -1.422 -1.493
0.0048313 -0.5 9.93702 0.9773679376 2.468051447 0.901 1.741 3.7026 2.414 4 0 0.484 0 0 0 0 0 -1 -1e-30 0 0.7248 0.2703 0.0007755 0.0003195 0.002134 -1 0.004885 0.418 -0.94 -1.422 -1.494
0.0048313 -0.5 9.93702 0.9774516225 2.46806991 0.901 1.742 3.7027 2.414 4 0 0.484 0 0 0 0 0 -1 -1e-30 0 0.7248 0.2703 0.0007755 0.0003195 0.002134 -1 0.004885 0.415 -0.942 -1.424 -1.496
0.0048313 -0.5 9.93702 0.9775440693 2.468090302 0.901 1.743 3.7027 2.413 4 0 0.484 0 0 0 0 0 -1 -1e-30 0 0.7248 0.2703 0.0007755 0.0003196 0.002134 -1 0.004885 0.413 -0.945 -1.427 -1.498
0.0048313 -0.5 9.93702 0.9776281714 2.468108849 0.902 1.744 3.7026 2.411 4 0 0.484 0 0 0 0 0 -1 -1e-30 0 0.7248 0.2703 0.0007754 0.0003197 0.002134 -1 0.004885 0.409 -0.948 -1.43 -1.502
0.0048313 -0.5 9.93702 0.9776344895 2.468110242 0.902 1.744 3.7026 2.411 4 0 0.484 0 0 0 0 0 -1 -1e-30 0 0.7248 0.2703 0.0007754 0.0003197 0.002134 -1 0.004885 0.409 -0.949 -1.431 -1.503
0.0048313 -0.5 9.93702 0.9776422977 2.468111964 0.902 1.744 3.7026 2.411 4 0 0.484 0 0 0 0 0 -1 -1e-30 0 0.7248 0.2703 0.0007754 0.0003197 0.002134 -1 0.004885 0.409 -0.949 -1.431 -1.503
0.0048313 -0.5 9.93702 0.9777346253 2.468132321 0.902 1.747 3.7024 2.408 4 0 0.484 0 0 0 0 0 -1 -1e-30 0 0.7248 0.2703 0.0007754 0.0003198 0.002134 -1 0.004885 0.404 -0.955 -1.437 -1.509
0.0048313 -0.5 9.93702 0.9778237343 2.468151963 0.902 1.749 3.7022 2.405 4 0 0.484 0 0 0 0 0 -1 -1e-30 0 0.7248 0.2704 0.0007753 0.0003198 0.002134 -1 0.004885 0.397 -0.962 -1.445 -1.518
0.0048313 -0.5 9.93702 0.9779139161 2.468171838 0.902 1.752 3.7018 2.4 4 0 0.484 0 0 0 0 0 -1 -1e-30 0 0.7248 0.2704 0.0007753 0.0003199 0.002135 -1 0.004885 0.389 -0.971 -1.456 -1.528
0.0048313 -0.5 9.93702 0.9780020118 2.468191249 0.902 1.756 3.7014 2.395 4 0 0.484 0 0 0 0 0 -1 -1e-30 0 0.7247 0.2704 0.0007753 0.00032 0.002135 -1 0.004885 0.38 -0.982 -1.468 -1.54
0.0048313 -0.5 9.93702 0.9780928493 2.46821126 0.902 1.76 3.7009 2.389 4 0 0.484 0 0 0 0 0 -1 -1e-30 0 0.7247 0.2704 0.0007752 0.00032 0.002135 -1 0.004885 0.37 -0.995 -1.481 -1.554
0.0048313 -0.5 9.93702 0.9781835675 2.46823124 0.902 1.765 3.7004 2.382 4 0 0.484 0 0 0 0 0 -1 -1e-30 0 0.7247 0.2704 0.0007752 0.0003201 0.002135 -1 0.004885 0.358 -1.008 -1.496 -1.569
0.0048313 -0.5 9.93702 0.9782720804 2.468250731 0.902 1.77 3.6998 2.375 4 0 0.484 0 0 0 0 0 -1 -1e-30 0 0.7247 0.2704 0.0007751 0.0003202 0.002135 -1 0.004885 0.345 -1.024 -1.513 -1.587
0.0048313 -0.5 9.93702 0.9783604145 2.468270178 0.902 1.776 3.6991 2.366 4 0 0.484 0 0 0 0 0 -1 -1e-30 0 0.7247 0.2704 0.0007751 0.0003202 0.002135 -1 0.004885 0.329 -1.042 -1.534 -1.607
0.0048313 -0.5 9.93702 0.9784500003 2.468289896 0.902 1.784 3.6982 2.354 4 0 0.484 0 0 0 0 0 -1 -1e-30 0 0.7247 0.2704 0.0007751 0.0003203 0.002135 -1 0.004885 0.309 -1.065 -1.56 -1.634
0.0048313 -0.5 9.93702 0.9785394669 2.468309585 0.903 1.781 3.6987 2.36 4 0 0.484 0 0 0 0 0 -1 -1e-30 0 0.7247 0.2704 0.000775 0.0003204 0.002135 -1 0.004885 0.318 -1.054 -1.548 -1.621
0.0048313 -0.5 9.93702 0.9786274433 2.468328941 0.903 1.798 3.6967 2.335 4 0 0.484 0 0 0 0 0 -1 -1e-30 0 0.7247 0.2704 0.000775 0.0003204 0.002135 -1 0.004885 0.276 -1.104 -1.603 -1.678
0.0048313 -0.5 9.93702 0.9787176847 2.468348791 0.903 1.826 3.6935 2.293 4 0 0.484 0 0 0 0 0 -1 -1e-30 0 0.7247 0.2704 0.0007749 0.0003205 0.002135 -1 0.004885 0.204 -1.188 -1.696 -1.772
0.0048313 -0.5 9.93702 0.9787756801 2.468361546 0.903 1.863 3.6896 2.241 4 0 0.484 0 0 0 0 0 -1 -1e-30 0 0.7247 0.2704 0.0007749 0.0003206 0.002135 -1 0.004885 0.113 -1.293 -1.814 -1.892
0.0048313 -0.5 9.93702 0.9788063765 2.468368297 0.903 1.903 3.6853 2.184 4 0 0.484 0 0 0 0 0 -1 -1e-30 0 0.7247 0.2705 0.0007749 0.0003206 0.002135 -1 0.004885 0.012 -1.408 -1.943 -2.023
0.0048313 -0.5 9.93702 0.9788203239 2.468371364 0.903 1.943 3.6813 2.128 4 0 0.484 0 0 0 0 0 -1 -1e-30 0 0.7247 0.2705 0.0007749 0.0003206 0.002135 -1 0.004885 -0.087 -1.521 -2.069 -2.151
0.0048313 -0.5 9.93702 0.9788267612 2.468372779 0.903 1.98 3.6774 2.075 4 0 0.484 0 0 0 0 0 -1 -1e-30 0 0.7247 0.2705 0.0007749 0.0003206 0.002135 -1 0.004885 -0.181 -1.628 -2.188 -2.272
0.0048313 -0.5 9.93702 0.9788302183 2.468373539 0.903 2.018 3.6738 2.023 4 0 0.484 0 0 0 0 0 -1 -1e-30 0 0.7247 0.2705 0.0007749 0.0003206 0.002135 -1 0.004885 -0.274 -1.733 -2.304 -2.39
0.0048313 -0.5 9.93702 0.9788323045 2.468373998 0.903 2.055 3.6703 1.972 4 0 0.484 0 0 0 0 0 -1 -1e-30 0 0.7247 0.2705 0.0007749 0.0003206 0.002135 -1 0.004885 -0.367 -1.837 -2.418 -2.507
0.0048313 -0.5 9.93702 0.9788331389 2.468374182 0.903 2.073 3.6685 1.946 4 0 0.484 0 0 0 0 0 -1 -1e-30 0 0.7247 0.2705 0.0007749 0.0003206 0.002135 -1 0.004885 -0.413 -1.89 -2.474 -2.565
0.0048313 -0.5 9.93702 0.9788331985 2.468374195 0.903 2.074 3.6684 1.945 7 0 0.484 0 0 0 0 0 -1 -7.03e-10 0 0.7247 0.269 0.0007749 0.0003206 0.002135 -1 0.006324 -0.415 -1.892 -2.476 -2.566
0.0048313 -0.5 9.93702 0.9788339138 2.468374352 0.903 2.093 3.6667 1.919 7 0 0.484 0 0 0 0 0 -1 -7.82e-10 0 0.7247 0.269 0.0007749 0.0003206 0.002135 -1 0.006324 -0.463 -1.946 -2.534 -2.626
0.0048313 -0.5 9.93702 0.9788354039 2.46837468 0.903 2.134 3.6629 1.863 7 0 0.484 0 0 0 0 0 -1 -9.75e-10 0 0.7247 0.269 0.0007749 0.0003206 0.002135 -1 0.006324 -0.566 -2.06 -2.656 -2.752
0.0048313 -0.5 9.93702 0.9788367748 2.468374981 0.903 2.167 3.66 1.819 7 0 0.484 0 0 0 0 0 -1 -1.16e-09 0 0.7247 0.269 0.0007749 0.0003206 0.002135 -1 0.006324 -0.647 -2.15 -2.752 -2.851
0.0048313 -0.5 9.93702 0.9788381457 2.468375283 0.903 2.187 3.6581 1.791 7 0 0.484 0 0 0 0 0 -1 -1.3e-09 0 0.7247 0.269 0.0007749 0.0003206 0.002135 -1 0.006324 -0.697 -2.206 -2.812 -2.913
0.0048313 -0.5 9.93702 0.9788396358 2.46837561 0.903 2.184 3.6584 1.794 7 0 0.484 0 0 0 0 0 -1 -1.28e-09 0 0.7247 0.269 0.0007749 0.0003206 0.002135 -1 0.006324 -0.691 -2.2 -2.805 -2.906
0.0048313 -0.5 9.93702 0.9788430929 2.46837637 0.902 2.164 3.6602 1.822 7 0 0.484 0 0 0 0 0 -1 -1.15e-09 0 0.7247 0.269 0.0007749 0.0003206 0.002135 -1 0.006324 -0.641 -2.144 -2.745 -2.844
0.0048313 -0.5 9.93702 0.9788454771 2.468376895 0.902 2.152 3.6614 1.839 7 0 0.484 0 0 0 0 0 -1 -1.07e-09 0 0.7247 0.269 0.0007749 0.0003206 0.002135 -1 0.006324 -0.609 -2.109 -2.707 -2.805
0.0048313 -0.5 9.93702 0.9788514972 2.468378218 0.902 2.137 3.6627 1.86 7 0 0.484 0 0 0 0 0 -1 -9.91e-10 0 0.7247 0.269 0.0007749 0.0003206 0.002135 -1 0.006324 -0.571 -2.066 -2.662 -2.758
0.0048313 -0.5 9.93702 0.9788879752 2.468386239 0.901 2.144 3.6621 1.849 7 0 0.484 0 0 0 0 0 -1 -1.04e-09 0 0.7247 0.269 0.0007749 0.0003206 0.002135 -1 0.006324 -0.59 -2.087 -2.684 -2.781
0.0048313 -0.5 9.93702 0.9789223671 2.4683938 0.9 2.174 3.6593 1.808 7 0 0.484 0 0 0 0 0 -1 -1.22e-09 0 0.7247 0.269 0.0007748 0.0003207 0.002135 -1 0.006324 -0.664 -2.17 -2.772 -2.872
0.0048313 -0.5 9.93702 0.9789562225 2.468401242 0.899 2.224 3.6546 1.738 7 0 0.484 0 0 0 0 0 -1 -1.6e-09 0 0.7247 0.269 0.0007748 0.0003207 0.002135 -1 0.006324 -0.79 -2.31 -2.923 -3.029
0.0048313 -0.5 9.93702 0.9789865017 2.468407898 0.897 2.274 3.6501 1.669 7 0 0.484 0 0 0 0 0 -1 -2.11e-09 0 0.7246 0.269 0.0007748 0.0003207 0.002135 -1 0.006324 -0.915 -2.448 -3.071 -3.182
0.0048313 -0.5 9.93702 0.9790127873 2.468413676 0.895 2.319 3.6461 1.608 7 0 0.484 0 0 0 0 0 -1 -2.67e-09 0 0.7246 0.269 0.0007748 0.0003207 0.002135 -1 0.006324 -1.027 -2.569 -3.201 -3.317
0.0048313 -0.5 9.93702 0.9790355563 2.46841868 0.893 2.362 3.6422 1.548 7 0 0.484 0 0 0 0 0 -1 -3.37e-09 0 0.7246 0.269 0.0007748 0.0003207 0.002135 -1 0.006324 -1.134 -2.686 -3.326 -3.448
0.0048313 -0.5 9.93702 0.9790553451 2.468423029 0.891 2.403 3.6385 1.491 7 0 0.484 0 0 0 0 0 -1 -4.22e-09 0 0.7246 0.269 0.0007748 0.0003208 0.002135 -1 0.006324 -1.238 -2.799 -3.447 -3.575
0.0048313 -0.5 9.93702 0.9790724516 2.468426789 0.888 2.443 3.6349 1.435 7 0 0.484 0 0 0 0 0 -1 -5.22e-09 0 0.7246 0.269 0.0007748 0.0003208 0.002135 -1 0.006324 -1.339 -2.909 -3.568 -3.7
0.0048313 -0.5 9.93702 0.9790878296 2.468430168 0.886 2.484 3.6314 1.379 7 0 0.483 0 0 0 0 0 -1 -6.48e-09 0 0.7246 0.269 0.0007747 0.0003208 0.002135 -1 0.006324 -1.439 -3.018 -3.689 -3.825
0.0048313 -0.5 9.93702 0.9791017771 2.468433233 0.883 2.524 3.6278 1.323 7 0 0.483 10.06 7.54 5.29 4.09 3.32 3 -8.07e-09 0 0.7246 0.269 0.0007744 0.0003209 0.002135 -1 0.006321 -1.54 -3.127 -3.809 -3.949
0.0048313 -0.5 9.93702 0.9791144729 2.468436023 0.879 2.564 3.6242 1.267 7 0 0.483 11.31 8.34 5.82 4.51 3.66 3 -9.97e-09 0 0.7246 0.269 0.0007737 0.0003212 0.002135 -1 0.00632 -1.64 -3.235 -3.929 -4.074
0.0048313 -0.5 9.93702 0.9791234732 2.468438001 0.876 2.595 3.6183 1.211 7 0 0.482 12.7 9.21 6.4 4.97 4.03 3 -1.18e-08 0 0.7246 0.2691 0.0007725 0.0003221 0.002135 -1 0.006283 -1.716 -3.323 -4.037 -4.189
0.0048313 -0.5 9.93702 0.9791345596 2.468440437 0.872 2.634 3.6128 1.148 7 0 0.48 14.51 10.32 7.14 5.55 4.5 3 -1.45e-08 0 0.7246 0.2691 0.0007695 0.0003249 0.002135 -1 0.006254 -1.816 -3.433 -4.166 -4.325
0.0048313 -0.5 9.93702 0.9791451097 2.468442755 0.867 2.674 3.6091 1.091 7 0 0.477 16.33 11.43 7.87 6.13 4.97 3 -1.8e-08 0 0.7246 0.2691 0.000765 0.0003298 0.002135 -1 0.006231 -1.915 -3.539 -4.284 -4.449
0.0048313 -0.5 9.93702 0.9791552424 2.468444981 0.861 2.713 3.6055 1.034 7 0 0.474 18.36 12.64 8.66 6.76 5.48 2 -2.23e-08 0 0.7246 0.2691 0.0007602 0.0003357 0.002135 -1 0.006224 -2.013 -3.644 -4.401 -4.571
0.0048313 -0.5 9.93702 0.9791647792 2.468447077 0.853 2.752 3.6018 0.976 7 0 0.471 20.67 13.99 9.54 7.46 6.05 2 -2.75e-08 0 0.7246 0.2691 0.0007555 0.0003414 0.002135 -1 0.006224 -2.11 -3.748 -4.517 -4.693
0.0048313 -0.5 9.93702 0.9791738391 2.468449067 0.845 2.791 3.5981 0.919 7 0 0.468 23.29 15.49 10.51 8.23 6.68 2 -3.42e-08 0 0.7246 0.2691 0.0007513 0.0003465 0.002135 -1 0.006224 -2.207 -3.852 -4.633 -4.815
0.0048313 -0.5 9.93702 0.9791827202 2.468451019 0.835 2.831 3.5942 0.857 7 0 0.466 26.42 17.25 11.65 9.14 7.42 2 -4.32e-08 0 0.7246 0.2692 0.0007477 0.000351 0.002135 -1 0.006192 -2.307 -3.96 -4.753 -4.942
0.0048313 -0.5 9.93702 0.979190588 2.468452747 0.823 2.874 3.5899 0.791 7 0 0.464 30.27 19.37 13.01 10.23 8.3 2 -5.49e-08 0 0.7246 0.2692 0.0007444 0.000355 0.002135 -1 0.006173 -2.414 -4.075 -4.881 -5.077
0.0048313 -0.5 9.93702 0.9791961908 2.468453978 0.813 2.915 3.5856 0.727 7 0 0.462 34.54 21.67 14.48 11.41 9.26 2 -6.88e-08 0 0.7246 0.2692 0.0007416 0.0003585 0.002135 -1 0.006184 -2.518 -4.187 -5.007 -5.21
0.0048313 -0.5 9.93702 0.9792003036 2.468454882 0.804 2.954 3.5816 0.667 7 0 0.461 39.11 24.08 16.01 12.64 10.26 1 -8.51e-08 0 0.7246 0.2693 0.0007392 0.0003614 0.002135 -1 0.006158 -2.615 -4.292 -5.123 -5.333
0.0048313 -0.5 9.93702 0.9792040586 2.468455707 0.793 2.995 3.5773 0.604 7 0 0.46 44.63 26.93 17.8 14.09 11.44 1 -1.07e-07 0 0.7246 0.2693 0.0007371 0.0003639 0.002135 -1 0.006135 -2.717 -4.401 -5.246 -5.463
0.0048313 -0.5 9.93702 0.9792075157 2.468456466 0.78 3.034 3.5729 0.539 7 0 0.459 50.97 30.13 19.81 15.71 12.76 1 -1.34e-07 0 0.7245 0.2693 0.0007355 0.0003659 0.002135 -1 0.006187 -2.816 -4.509 -5.367 -5.592
0.0048313 -0.5 9.93702 0.9792103171 2.468457082 0.767 3.07 3.5686 0.479 7 0 0.458 57.72 33.45 21.88 17.39 14.13 1 -1.67e-07 0 0.7245 0.2693 0.0007343 0.0003674 0.002135 -1 0.006224 -2.906 -4.608 -5.478 -5.71
0.0048313 -0.5 9.93702 0.9792134762 2.468457776 0.75 3.111 3.5637 0.409 7 0 0.457 66.76 37.77 24.56 19.57 15.9 1 -2.14e-07 0 0.7245 0.2693 0.0007335 0.0003684 0.002135 -1 0.006215 -3.007 -4.721 -5.603 -5.845
0.0048313 -0.5 9.93702 0.9792153239 2.468458182 0.736 3.135 3.5607 0.364 7 0 0.457 73.14 40.74 26.39 21.07 17.12 1 -2.53e-07 0 0.7245 0.2693 0.0007332 0.0003688 0.002135 -1 0.006183 -3.068 -4.789 -5.679 -5.926
0.0048313 -0.5 9.93702 0.97921592 2.468458313 0.731 3.141 3.56 0.353 7 0 0.457 74.77 41.48 26.84 21.44 17.42 1 -2.65e-07 0 0.7245 0.2693 0.0007331 0.0003689 0.002134 -1 0.006174 -3.081 -4.804 -5.695 -5.944
0.0048313 -0.5 9.93702 0.9792160392 2.468458339 0.73 3.139 3.5601 0.354 7 0 0.457 74.56 41.38 26.78 21.39 17.38 1 -2.64e-07 0 0.7245 0.2693 0.0007331 0.000369 0.002134 -1 0.006174 -3.078 -4.8 -5.692 -5.94
0.0048313 -0.5 9.93702 0.9792162776 2.468458391 0.728 3.14 3.5599 0.352 7 0 0.457 74.97 41.56 26.89 21.48 17.45 1 -2.67e-07 0 0.7245 0.2693 0.000733 0.000369 0.002134 -1 0.006174 -3.081 -4.803 -5.695 -5.943
0.0048313 -0.5 9.93702 0.9792164564 2.46845843 0.727 3.143 3.5597 0.347 7 0 0.457 75.62 41.86 27.07 21.63 17.57 1 -2.72e-07 0 0.7245 0.2693 0.000733 0.000369 0.002134 -1 0.006174 -3.087 -4.81 -5.702 -5.951
0.0048313 -0.5 9.93702 0.9792166352 2.46845847 0.725 3.145 3.5593 0.342 7 0 0.457 76.41 42.21 27.29 21.81 17.72 1 -2.77e-07 0 0.7245 0.2693 0.000733 0.0003691 0.002134 -1 0.006174 -3.093 -4.818 -5.71 -5.96
0.0048313 -0.5 9.93702 0.979216814 2.468458509 0.724 3.148 3.559 0.338 7 0 0.457 77.15 42.55 27.5 21.98 17.86 1 -2.82e-07 0 0.7245 0.2693 0.000733 0.0003691 0.002134 -1 0.006174 -3.099 -4.825 -5.718 -5.968
0.0048313 -0.5 9.93702 0.9792171717 2.468458587 0.721 3.151 3.5586 0.331 7 0 0.457 78.15 43 27.77 22.21 18.04 1 -2.89e-07 0 0.7245 0.2694 0.0007329 0.0003692 0.002134 -1 0.006174 -3.107 -4.834 -5.728 -5.979
0.0048313 -0.5 9.93702 0.9792177081 2.468458705 0.716 3.172 3.5562 0.297 7 0 0.457 83.95 45.65 29.4 23.54 19.12 1 -3.23e-07 0 0.7245 0.2694 0.0007328 0.0003693 0.002134 -1 0.00617 -3.16 -4.894 -5.793 -6.048
0.0048313 -0.5 9.93702 0.9792183042 2.468458836 0.709 3.179 3.5552 0.282 7 0 0.457 86.52 46.79 30.09 24.11 19.59 1 -3.42e-07 0 0.7245 0.2694 0.0007326 0.0003695 0.002134 -1 0.00617 -3.179 -4.914 -5.816 -6.072
0.0048313 -0.5 9.93702 0.9792183638 2.468458849 0.709 3.183 3.5549 0.277 7 0 0.457 87.5 47.23 30.36 24.33 19.76 1 -3.48e-07 0 0.7245 0.2694 0.0007324 0.0003699 0.002134 -1 0.006174 -3.187 -4.924 -5.826 -6.083
0.0048313 -0.5 9.93702 0.9792184234 2.468458862 0.708 3.171 3.5562 0.294 7 0 0.457 84.37 45.79 29.48 23.61 19.18 1 -3.31e-07 0 0.7245 0.2694 0.0007324 0.0003699 0.002134 -1 0.006174 -3.157 -4.89 -5.789 -6.044
0.0048313 -0.5 9.93702 0.979218483 2.468458876 0.707 3.183 3.5549 0.276 7 0 0.457 87.59 47.26 30.38 24.34 19.78 1 -3.5e-07 0 0.7245 0.2694 0.0007323 0.0003699 0.002134 -1 0.006174 -3.187 -4.923 -5.825 -6.083
0.0048313 -0.5 9.93702 0.9792185426 2.468458889 0.707 3.177 3.5555 0.285 7 0 0.457 86.06 46.55 29.95 23.99 19.49 1 -3.42e-07 0 0.7245 0.2694 0.0007323 0.00037 0.002134 -1 0.006174 -3.172 -4.907 -5.807 -6.063
0.0048313 -0.5 9.93702 0.9792186022 2.468458902 0.706 3.174 3.5558 0.289 7 0 0.457 85.33 46.22 29.74 23.82 19.35 1 -3.38e-07 0 0.7245 0.2694 0.0007323 0.00037 0.002134 -1 0.006174 -3.164 -4.899 -5.798 -6.054
0.0048313 -0.5 9.93702 0.9792186618 2.468458915 0.706 3.173 3.5559 0.29 7 0 0.457 85.12 46.12 29.68 23.77 19.31 1 -3.38e-07 0 0.7245 0.2694 0.0007323 0.00037 0.002134 -1 0.006174 -3.162 -4.896 -5.795 -6.051
0.0048313 -0.5 9.93702 0.9792189598 2.46845898 0.702 3.179 3.5552 0.279 7 0 0.455 87.1 46.99 30.21 24.21 19.67 1 -3.51e-07 0 0.7244 0.2694 0.0007299 0.0003731 0.002134 -1 0.006174 -3.177 -4.913 -5.814 -6.071
0.0048313 -0.5 9.93702 0.9792191982 2.468459033 0.7 3.133 3.56 0.342 7 0 0.455 76.01 41.86 27.05 21.65 17.58 1 -2.91e-07 0 0.7244 0.2694 0.0007299 0.0003731 0.002134 -1 0.006174 -3.063 -4.786 -5.677 -5.925
0.0048313 -0.5 9.93702 0.9792194963 2.468459098 0.698 3.159 3.5571 0.303 7 0 0.455 82.52 44.86 28.9 23.15 18.8 1 -3.28e-07 0 0.7244 0.2694 0.0007298 0.0003732 0.002134 -1 0.006174 -3.127 -4.858 -5.755 -6.009
0.0048313 -0.5 9.93702 0.9792196751 2.468459137 0.696 3.195 3.5529 0.249 7 0 0.454 92.56 49.42 31.69 25.43 20.66 1 -3.86e-07 0 0.7244 0.2694 0.0007293 0.0003738 0.002134 -1 0.006166 -3.216 -4.958 -5.865 -6.126
0.0048313 -0.5 9.93702 0.9792199135 2.46845919 0.693 3.227 3.549 0.199 7 0 0.454 102.91 54.02 34.51 27.72 22.53 1 -4.53e-07 0 0.7244 0.2694 0.0007286 0.0003746 0.002134 -1 0.006153 -3.298 -5.05 -5.964 -6.233
0.0048313 -0.5 9.93702 0.9792202115 2.468459255 0.688 3.261 3.5448 0.146 7 0 0.454 115.29 59.42 37.78 30.41 24.71 1 -5.35e-07 0 0.7244 0.2694 0.0007281 0.0003752 0.002134 -1 0.006134 -3.383 -5.145 -6.069 -6.345
0.0048313 -0.5 9.93702 0.9792205691 2.468459334 0.681 3.293 3.541 0.094 7 0 0.454 125.86 65.05 41.19 33.2 26.99 0 -6.32e-07 0 0.7244 0.2695 0.0007278 0.0003756 0.002134 -1 0.006128 -3.462 -5.234 -6.166 -6.449
0.0048313 -0.5 9.93702 0.9792211056 2.468459452 0.668 3.326 3.5371 0.038 7 0 0.453 136.43 71.68 45.17 36.49 29.67 0 -7.63e-07 0.01 0.7244 0.2695 0.0007275 0.0003759 0.002134 -1 0.006128 -3.544 -5.327 -6.265 -6.557
0.0048313 -0.5 9.93702 0.9792214036 2.468459517 0.662 3.331 3.5366 0.026 7 0 0.453 138.47 73.05 45.98 37.17 30.22 0 -8.09e-07 0.01 0.7244 0.2695 0.0007275 0.000376 0.002134 -1 0.006128 -3.558 -5.342 -6.281 -6.574
0.0048313 -0.5 9.93702 1.020151854 2.47703818 0.531 -9.999 3.9791 7.902 9 0.531 0 0 0 0 0 0 -1 -1e-30 0 0.7205 0.2746 0.0007491 0.0004028 0.002154 -1 0.004913 29.767 29.843 29.794 29.796
