# downloaded from PARSEC/CMD via ezpadova
# component=thin7 family=thin_disk component_index=6 logAge=9.937016107464814 MH=0.0 photometric_system=twomass
# Zini MH logAge Mini int_IMF Mass logL logTe logg label McoreTP C_O period0 period1 period2 period3 period4 pmode Mloss tau1m X Y Xc Xn Xo Cexcess Z mbolmag Jmag Hmag Ksmag
0.01471 0 9.93702 0.0900000036 1.081689593 0.09 -3.421 3.3634 5.219 1 0 0.545 0 0 0 0 0 -1 -3.9e-17 0 0.7097 0.2756 0.002655 0.0007163 0.006496 -1 0.01476 13.324 11.175 10.571 10.31
0.01471 0 9.93702 0.1000000015 1.171106412 0.1 -3.238 3.3896 5.186 1 0 0.545 0 0 0 0 0 -1 -5.87e-17 0 0.7093 0.2759 0.002655 0.0007163 0.006496 -1 0.01476 12.864 10.717 10.114 9.849
0.01471 0 9.93702 0.1200000048 1.319315474 0.12 -2.971 3.4249 5.14 1 0 0.545 0 0 0 0 0 -1 -1.04e-16 0 0.7086 0.2767 0.002655 0.0007163 0.006496 -1 0.01476 12.198 10.07 9.469 9.198
0.01471 0 9.93702 0.1310929656 1.388321032 0.131 -2.866 3.4362 5.119 1 0 0.545 0 0 0 0 0 -1 -1.3e-16 0 0.7082 0.277 0.002655 0.0007163 0.006496 -1 0.01476 11.936 9.836 9.234 8.962
0.01471 0 9.93702 0.1400000006 1.438452672 0.14 -2.789 3.4447 5.103 1 0 0.545 0 0 0 0 0 -1 -1.54e-16 0 0.7079 0.2773 0.002655 0.0007163 0.006496 -1 0.01476 11.741 9.661 9.06 8.787
0.01471 0 9.93702 0.1599999964 1.537293155 0.16 -2.647 3.4583 5.074 1 0 0.545 0 0 0 0 0 -1 -2.06e-16 0 0.7073 0.2779 0.002655 0.0007163 0.006496 -1 0.01476 11.387 9.342 8.739 8.469
0.01471 0 9.93702 0.200000003 1.693879086 0.2 -2.428 3.4771 5.027 1 0 0.545 0 0 0 0 0 -1 -3.22e-16 0 0.7063 0.2789 0.002655 0.0007163 0.006496 -1 0.01476 10.84 8.841 8.238 7.975
0.01471 0 9.93702 0.25 1.8403258 0.25 -2.217 3.4933 4.978 1 0 0.545 0 0 0 0 0 -1 -3.43e-16 0 0.7055 0.2798 0.002655 0.0007163 0.006496 -1 0.01476 10.311 8.353 7.75 7.494
0.01471 0 9.93702 0.3000000119 1.952913977 0.3 -2.052 3.5038 4.934 1 0 0.545 0 0 0 0 0 -1 -6.08e-17 0 0.7052 0.28 0.002655 0.0007163 0.006496 -1 0.01476 9.901 7.967 7.361 7.113
0.01471 0 9.93702 0.3124624491 1.977218551 0.312 -2.013 3.5061 4.922 1 0 0.545 0 0 0 0 0 -1 -2.01e-16 0 0.7067 0.2785 0.002655 0.0007163 0.006496 -1 0.01476 9.803 7.875 7.268 7.021
0.01471 0 9.93702 0.3500000238 2.043417513 0.35 -1.903 3.5125 4.887 1 0 0.545 0 0 0 0 0 -1 -5.24e-16 0 0.7104 0.2748 0.002655 0.0007163 0.006496 -1 0.01476 9.528 7.615 7.006 6.763
0.01471 0 9.93702 0.4000000358 2.118502481 0.4 -1.759 3.5235 4.845 1 0 0.545 0 0 0 0 0 -1 -1.31e-15 0 0.7106 0.2746 0.002655 0.0007163 0.006496 -1 0.01476 9.167 7.282 6.665 6.43
0.01471 0 9.93702 0.4500000179 2.182280936 0.45 -1.609 3.5359 4.795 1 0 0.545 0 0 0 0 0 -1 -1.85e-15 0 0.7107 0.2745 0.002655 0.0007163 0.006496 -1 0.01476 8.791 6.937 6.312 6.083
0.01471 0 9.93702 0.5 2.237454153 0.5 -1.45 3.5514 4.744 1 0 0.545 0 0 0 0 0 -1 -2.68e-15 0 0.7107 0.2745 0.002655 0.0007163 0.006496 -1 0.01476 8.394 6.58 5.944 5.722
0.01471 0 9.93702 0.5500000119 2.283658263 0.55 -1.274 3.5715 4.69 1 0 0.545 0 0 0 0 0 -1 -4.08e-15 0 0.7305 0.2556 0.002484 0.0006704 0.006082 -1 0.01383 7.954 6.195 5.545 5.336
0.01471 0 9.93702 0.6000000238 2.321121326 0.6 -1.101 3.5964 4.654 1 0 0.544 0 0 0 0 0 -1 -6.06e-15 0 0.7335 0.2528 0.002461 0.0006642 0.006026 -1 0.01371 7.521 5.829 5.158 4.98
0.01471 0 9.93702 0.6327094436 2.341979621 0.633 -0.983 3.6166 4.641 1 0 0.544 0 0 0 0 0 -1 -7.85e-15 0 0.7352 0.2511 0.002446 0.0006604 0.005992 -1 0.01363 7.229 5.582 4.908 4.759
0.01471 0 9.93702 0.6499999762 2.352035311 0.65 -0.924 3.6268 4.634 1 0 0.544 0 0 0 0 0 -1 -8.95e-15 0 0.7362 0.2502 0.002439 0.0006584 0.005975 -1 0.01359 7.079 5.457 4.789 4.654
0.01471 0 9.93702 0.7000000477 2.377926726 0.7 -0.752 3.6576 4.617 1 0 0.544 0 0 0 0 0 -1 -1.31e-14 0 0.7388 0.2477 0.002418 0.000653 0.005926 -1 0.01347 6.65 5.111 4.5 4.399
0.01471 0 9.93702 0.7048451304 2.380212119 0.705 -0.735 3.6605 4.616 1 0 0.543 0 0 0 0 0 -1 -1.35e-14 0 0.7391 0.2474 0.002413 0.0006523 0.005921 -1 0.01345 6.609 5.079 4.476 4.377
0.01471 0 9.93702 0.7311641574 2.39202053 0.731 -0.647 3.676 4.605 1 0 0.539 0 0 0 0 0 -1 -1.65e-14 0 0.7406 0.246 0.002383 0.0006486 0.005892 -1 0.01341 6.388 4.904 4.353 4.264
0.01471 0 9.93702 0.75 2.399888909 0.75 -0.585 3.6867 4.597 1 0 0.537 0 0 0 0 0 -1 -1.9e-14 0 0.7417 0.245 0.002363 0.000646 0.005871 -1 0.01335 6.232 4.782 4.265 4.181
0.01471 0 9.93702 0.7646431923 2.405698854 0.764 -0.538 3.6936 4.586 1 0 0.537 0 0 0 0 0 -1 -2.12e-14 0 0.7428 0.2438 0.002354 0.0006434 0.005849 -1 0.01331 6.114 4.688 4.192 4.111
0.01471 0 9.93702 0.7875112891 2.414277083 0.787 -0.465 3.7042 4.568 1 0 0.536 0 0 0 0 0 -1 -2.52e-14 0 0.7447 0.2421 0.002339 0.0006395 0.005814 -1 0.01319 5.932 4.542 4.078 4.003
0.01471 0 9.93702 0.8000000119 2.418724441 0.8 -0.425 3.7098 4.557 1 0 0.536 0 0 0 0 0 -1 -2.77e-14 0 0.7457 0.2412 0.002331 0.0006374 0.005795 -1 0.01314 5.833 4.463 4.016 3.943
0.01471 0 9.93702 0.8026083112 2.419633212 0.802 -0.417 3.7109 4.555 1 0 0.536 0 0 0 0 0 -1 -2.83e-14 0 0.7459 0.2409 0.002329 0.0006369 0.00579 -1 0.01313 5.812 4.446 4.003 3.93
0.01471 0 9.93702 0.8228846788 2.426472464 0.822 -0.352 3.7196 4.536 1 0 0.536 0 0 0 0 0 -1 -3.31e-14 0 0.7478 0.2391 0.002314 0.0006328 0.005754 -1 0.01307 5.651 4.317 3.897 3.828
0.01471 0 9.93702 0.8414710164 2.432409845 0.841 -0.293 3.7272 4.517 1 0 0.536 0 0 0 0 0 -1 -3.84e-14 0 0.7496 0.2374 0.002301 0.0006291 0.005721 -1 0.01302 5.502 4.197 3.798 3.732
0.01471 0 9.93702 0.8500000238 2.435034684 0.849 -0.266 3.7307 4.507 1 0 0.536 0 0 0 0 0 -1 -4.11e-14 0 0.7504 0.2367 0.002294 0.0006274 0.005706 -1 0.01298 5.434 4.141 3.752 3.687
0.01471 0 9.93702 0.8629117012 2.438894994 0.862 -0.224 3.7355 4.491 1 0 0.536 0 0 0 0 0 -1 -4.57e-14 0 0.7518 0.2353 0.002282 0.0006242 0.005677 -1 0.01291 5.33 4.057 3.68 3.618
0.01471 0 9.93702 0.8809283376 2.444064699 0.88 -0.165 3.742 4.468 1 0 0.536 0 0 0 0 0 -1 -5.32e-14 0 0.7539 0.2332 0.002266 0.0006198 0.005637 -1 0.01282 5.183 3.938 3.577 3.519
0.01471 0 9.93702 0.8977667093 2.448681218 0.897 -0.11 3.7477 4.443 1 0 0.536 0 0 0 0 0 -1 -6.16e-14 0 0.7559 0.2314 0.00225 0.0006156 0.0056 -1 0.01271 5.044 3.825 3.478 3.423
0.01471 0 9.93702 0.8999999762 2.449278602 0.899 -0.102 3.7485 4.44 1 0 0.536 0 0 0 0 0 -1 -6.28e-14 0 0.7562 0.2311 0.002248 0.000615 0.005595 -1 0.01269 5.025 3.81 3.465 3.41
0.01471 0 9.93702 0.9148179293 2.453157492 0.914 -0.052 3.753 4.415 1 0 0.536 0 0 0 0 0 -1 -7.19e-14 0 0.7583 0.2291 0.002231 0.0006104 0.005554 -1 0.0126 4.901 3.706 3.371 3.318
0.01471 0 9.93702 0.925139606 2.455775122 0.924 -0.017 3.756 4.397 1 0 0.536 0 0 0 0 0 -1 -7.93e-14 0 0.7598 0.2276 0.002219 0.0006072 0.005525 -1 0.01254 4.813 3.631 3.303 3.251
0.01471 0 9.93702 0.9437228441 2.460322349 0.943 0.047 3.7609 4.36 1 0 0.535 0 0 0 0 0 -1 -9.48e-14 0 0.7625 0.225 0.002197 0.0006014 0.005473 -1 0.01245 4.651 3.492 3.175 3.126
0.01471 0 9.93702 0.9499999881 2.461812187 0.949 0.069 3.7623 4.347 1 0 0.535 0 0 0 0 0 -1 -1.01e-13 0 0.7634 0.2242 0.00219 0.0005995 0.005456 -1 0.01241 4.597 3.444 3.131 3.082
0.01471 0 9.93702 0.961078465 2.464387065 0.96 0.108 3.7645 4.322 1 0 0.535 0 0 0 0 0 -1 -1.13e-13 0 0.7655 0.2222 0.002174 0.0005952 0.005417 -1 0.01233 4.5 3.359 3.05 3.003
0.01471 0 9.93702 0.97655797 2.467872561 0.976 0.162 3.7669 4.285 1 0 0.535 0 0 0 0 0 -1 -1.32e-13 0 0.7678 0.22 0.002156 0.0005902 0.005373 -1 0.01221 4.364 3.234 2.932 2.885
0.01471 0 9.93702 0.9887558818 2.470530909 0.988 0.208 3.7685 4.25 1 0 0.535 0 0 0 0 0 -1 -1.53e-13 0 0.7681 0.2197 0.002154 0.0005897 0.005369 -1 0.01224 4.249 3.127 2.828 2.783
0.01471 0 9.93702 0.9905148745 2.470908048 0.99 0.215 3.7688 4.245 1 0 0.535 0 0 0 0 0 -1 -1.56e-13 0 0.7681 0.2197 0.002154 0.0005898 0.00537 -1 0.01224 4.232 3.112 2.813 2.768
0.01471 0 9.93702 1 2.472915448 0.999 0.253 3.7694 4.214 1 0 0.535 0 0 0 0 0 -1 -1.75e-13 0 0.7677 0.2201 0.002159 0.000591 0.00538 -1 0.01228 4.137 3.02 2.723 2.678
0.01471 0 9.93702 1.007278085 2.474426313 1.006 0.283 3.7695 4.188 1 0 0.535 0 0 0 0 0 -1 -1.91e-13 0 0.7673 0.2204 0.002163 0.0005923 0.005392 -1 0.01229 4.062 2.945 2.649 2.604
0.01471 0 9.93702 1.01750207 2.476506794 1.016 0.328 3.7688 4.145 1 0 0.535 0 0 0 0 0 -1 -2.17e-13 0 0.7657 0.2219 0.00218 0.0005971 0.005436 -1 0.01238 3.951 2.831 2.533 2.488
0.01471 0 9.93702 1.024226546 2.47784915 1.023 0.357 3.7677 4.113 1 0 0.535 0 0 0 0 0 -1 -2.38e-13 0 0.7641 0.2235 0.002197 0.0006016 0.005478 -1 0.01247 3.877 2.752 2.451 2.405
0.01471 0 9.93702 1.026345491 2.47826795 1.025 0.367 3.767 4.102 1 0 0.535 0 0 0 0 0 -1 -2.46e-13 0 0.7628 0.2247 0.002209 0.0006049 0.005508 -1 0.01257 3.852 2.724 2.422 2.376
0.01471 0 9.93702 1.034937143 2.47994586 1.034 0.406 3.7629 4.05 2 0 0.535 0 0 0 0 0 -1 -2.8e-13 0 0.7563 0.2309 0.002267 0.0006208 0.005652 -1 0.01287 3.756 2.609 2.297 2.249
0.01471 0 9.93702 1.042732716 2.481440816 1.041 0.436 3.7546 3.99 2 0 0.535 0 0 0 0 0 -1 -3.18e-13 0 0.7464 0.2403 0.002348 0.0006428 0.00585 -1 0.01329 3.68 2.495 2.164 2.112
0.01471 0 9.93702 1.047532439 2.482348541 1.046 0.446 3.745 3.943 2 0 0.536 0 0 0 0 0 -1 -3.41e-13 0 0.7384 0.2479 0.002411 0.0006597 0.006 -1 0.01367 3.655 2.428 2.073 2.017
0.01471 0 9.93702 1.049999952 2.482811486 1.048 0.445 3.7371 3.914 2 0 0.536 0 0 0 0 0 -1 -3.51e-13 0 0.7337 0.2524 0.002447 0.0006692 0.006086 -1 0.01388 3.656 2.398 2.023 1.963
0.01471 0 9.93702 1.051078916 2.483013131 1.049 0.444 3.7329 3.899 2 0 0.536 0 0 0 0 0 -1 -3.55e-13 0 0.7316 0.2545 0.002463 0.0006735 0.006124 -1 0.01396 3.661 2.386 2 1.938
0.01471 0 9.93702 1.052700758 2.48331534 1.051 0.44 3.725 3.872 2 0 0.536 0 0 0 0 0 -1 -3.62e-13 0 0.7283 0.2576 0.002487 0.0006798 0.006181 -1 0.01406 3.67 2.364 1.957 1.891
0.01471 0 9.93702 1.054241538 2.483601454 1.053 0.44 3.7168 3.84 2 0 0.537 0 0 0 0 0 -1 -3.74e-13 0 0.7254 0.2604 0.002508 0.0006853 0.00623 -1 0.01416 3.671 2.334 1.904 1.834
0.01471 0 9.93702 1.056093454 2.483944073 1.054 0.455 3.7078 3.789 2 0 0.537 0 0 0 0 0 -1 -4.08e-13 0 0.7222 0.2635 0.002528 0.000691 0.006279 -1 0.01432 3.631 2.262 1.805 1.732
0.01471 0 9.93702 1.057739496 2.484247447 1.056 0.488 3.7017 3.733 2 0 0.537 0 0 0 0 0 -1 -4.66e-13 0 0.7192 0.2664 0.002544 0.0006952 0.006316 -1 0.01436 3.55 2.159 1.685 1.609
0.01471 0 9.93702 1.058201909 2.484332476 1.056 0.498 3.7002 3.716 2 0 0.537 0 0 0 0 0 -1 -4.86e-13 0 0.7184 0.2673 0.002548 0.0006963 0.006326 -1 0.01438 3.524 2.128 1.649 1.572
0.01471 0 9.93702 1.058672309 2.484418887 1.057 0.513 3.699 3.697 2 0 0.537 0 0 0 0 0 -1 -5.13e-13 0 0.7175 0.2681 0.002551 0.0006973 0.006334 -1 0.01437 3.488 2.088 1.606 1.528
0.01471 0 9.93702 1.060027599 2.484667356 1.058 0.558 3.6962 3.641 3 0 0.536 0 0 0 0 0 -1 -6.05e-13 0 0.7147 0.2708 0.002557 0.0007004 0.006356 -1 0.01444 3.375 1.966 1.474 1.395
0.01471 0 9.93702 1.061107874 2.484864882 1.059 0.599 3.6943 3.593 3 0 0.533 0 0 0 0 0 -1 -7.01e-13 0 0.7121 0.2734 0.002548 0.0007079 0.006371 -1 0.01449 3.272 1.857 1.36 1.28
0.01471 0 9.93702 1.062363982 2.485093979 1.061 0.652 3.6925 3.534 3 0 0.523 0 0 0 0 0 -1 -8.44e-13 0 0.7086 0.2768 0.002506 0.0007441 0.006387 -1 0.01457 3.14 1.719 1.217 1.136
0.01471 0 9.93702 1.063292146 2.485262863 1.061 0.695 3.6913 3.486 3 0 0.509 0 0 0 0 0 -1 -9.83e-13 0 0.7059 0.2795 0.002443 0.0008126 0.006396 -1 0.01458 3.033 1.608 1.101 1.02
0.01471 0 9.93702 1.06433177 2.485451627 1.062 0.747 3.6899 3.429 3 0 0.491 0 0 0 0 0 -1 -1.18e-12 0 0.7028 0.2827 0.002357 0.0009164 0.006405 -1 0.01459 2.903 1.473 0.963 0.88
0.01471 0 9.93702 1.065124512 2.485595279 1.063 0.79 3.6887 3.381 3 0 0.478 0 0 0 0 0 -1 -1.38e-12 0 0.7005 0.2849 0.002297 0.0009915 0.006411 -1 0.0146 2.795 1.361 0.847 0.764
0.01471 0 9.93702 1.065864801 2.485729204 1.064 0.834 3.6875 3.333 3 0 0.468 0 0 0 0 0 -1 -1.61e-12 0 0.6985 0.2868 0.002252 0.00105 0.006415 -1 0.01462 2.685 1.247 0.73 0.646
0.01471 0 9.93702 1.066508174 2.485845423 1.064 0.875 3.6863 3.287 3 0 0.461 0 0 0 0 0 -1 -1.86e-12 0 0.697 0.2883 0.002221 0.00109 0.006418 -1 0.01464 2.581 1.139 0.619 0.534
0.01471 0 9.93702 1.067280769 2.485984772 1.065 0.929 3.6847 3.227 3 0 0.455 0 0 0 0 0 -1 -2.25e-12 0 0.6954 0.2899 0.002191 0.001129 0.006421 -1 0.01465 2.447 0.999 0.474 0.388
0.01471 0 9.93702 1.067818523 2.486081626 1.066 0.97 3.6834 3.181 3 0 0.451 0 0 0 0 0 -1 -2.61e-12 0 0.6944 0.2909 0.002173 0.001151 0.006423 -1 0.01467 2.345 0.893 0.364 0.277
0.01471 0 9.93702 1.068440795 2.486193564 1.066 1.022 3.6816 3.123 3 0 0.448 0 0 0 0 0 -1 -3.14e-12 0 0.6935 0.2918 0.002159 0.00117 0.006425 -1 0.01467 2.216 0.758 0.224 0.136
0.01471 0 9.93702 1.068904161 2.486276819 1.067 1.064 3.6801 3.075 3 0 0.446 0 0 0 0 0 -1 -3.65e-12 0 0.6931 0.2923 0.002151 0.00118 0.006426 -1 0.01466 2.111 0.648 0.11 0.02
0.01471 0 9.93702 1.069423914 2.486370107 1.067 1.115 3.6781 3.015 3 0 0.445 0 0 0 0 0 -1 -4.39e-12 0 0.6926 0.2927 0.002144 0.00119 0.006427 -1 0.01469 1.982 0.513 -0.032 -0.122
0.01471 0 9.93702 1.069902539 2.48645592 1.068 1.168 3.6759 2.954 3 0 0.444 0 0 0 0 0 -1 -5.31e-12 0 0.6924 0.2929 0.002141 0.001194 0.006428 -1 0.0147 1.851 0.375 -0.176 -0.268
0.01471 0 9.93702 1.070317388 2.486530228 1.068 1.218 3.6737 2.896 3 0 0.444 0 0 0 0 0 -1 -6.38e-12 0 0.6923 0.2929 0.002139 0.001196 0.006428 -1 0.01471 1.725 0.243 -0.316 -0.409
0.01471 0 9.93702 1.07069695 2.486598157 1.068 1.268 3.6714 2.836 3 0 0.444 0 0 0 0 0 -1 -7.67e-12 0 0.6923 0.293 0.002138 0.001196 0.006428 -1 0.01471 1.599 0.109 -0.456 -0.551
0.01471 0 9.93702 1.071048141 2.48666096 1.068 1.32 3.669 2.775 3 0 0.443 0 0 0 0 0 -1 -9.26e-12 0 0.6923 0.293 0.002138 0.001197 0.006428 -1 0.01471 1.47 -0.027 -0.599 -0.696
0.01471 0 9.93702 1.071354032 2.486715623 1.069 1.369 3.6666 2.717 3 0 0.443 0 0 0 0 0 -1 -1.11e-11 0 0.6923 0.293 0.002138 0.001197 0.006428 -1 0.01471 1.348 -0.155 -0.735 -0.834
0.01471 0 9.93702 1.071647406 2.486768015 1.069 1.419 3.6641 2.656 3 0 0.443 0 0 0 0 0 -1 -1.33e-11 0 0.6923 0.293 0.002137 0.001198 0.006428 -1 0.01471 1.222 -0.289 -0.877 -0.978
0.01471 0 9.93702 1.0719136 2.486815525 1.069 1.468 3.6615 2.597 3 0 0.443 0 0 0 0 0 -1 -1.6e-11 0 0.6923 0.293 0.002137 0.001198 0.006428 -1 0.01471 1.1 -0.418 -1.014 -1.117
0.01471 0 9.93702 1.072175026 2.486862158 1.069 1.515 3.6591 2.54 3 0 0.443 0 0 0 0 0 -1 -1.9e-11 0 0.6923 0.293 0.002137 0.001198 0.006428 -1 0.01471 0.983 -0.541 -1.145 -1.25
0.01471 0 9.93702 1.072515249 2.486922807 1.069 1.559 3.6568 2.487 3 0 0.443 0 0 0 0 0 -1 -2.25e-11 0 0.6923 0.293 0.002137 0.001199 0.006428 -1 0.01471 0.873 -0.657 -1.268 -1.375
0.01471 0 9.93702 1.072723031 2.486959825 1.069 1.527 3.6589 2.528 3 0 0.443 0 0 0 0 0 -1 -2.02e-11 0 0.6923 0.293 0.002136 0.001199 0.006428 -1 0.01471 0.952 -0.573 -1.176 -1.282
0.01471 0 9.93702 1.07286191 2.486984558 1.069 1.487 3.6616 2.579 3 0 0.443 0 0 0 0 0 -1 -1.74e-11 0 0.6923 0.293 0.002136 0.001199 0.006429 -1 0.01471 1.053 -0.465 -1.06 -1.163
0.01471 0 9.93702 1.072873712 2.486986659 1.069 1.484 3.6618 2.583 3 0 0.443 0 0 0 0 0 -1 -1.71e-11 0 0.6923 0.293 0.002136 0.001199 0.006429 -1 0.01471 1.061 -0.456 -1.051 -1.154
0.01471 0 9.93702 1.073070049 2.487021612 1.069 1.529 3.6592 2.527 3 0 0.443 0 0 0 0 0 -1 -2e-11 0 0.6923 0.293 0.002136 0.0012 0.006429 -1 0.01471 0.946 -0.578 -1.181 -1.286
0.01471 0 9.93702 1.073271751 2.487057504 1.07 1.577 3.6565 2.468 3 0 0.443 0 0 0 0 0 -1 -2.38e-11 0 0.6923 0.293 0.002136 0.0012 0.006429 -1 0.01471 0.826 -0.706 -1.317 -1.424
0.01471 0 9.93702 1.073464394 2.48709177 1.07 1.626 3.6537 2.409 3 0 0.443 0 0 0 0 0 -1 -2.85e-11 0 0.6923 0.293 0.002136 0.0012 0.006429 -1 0.01471 0.706 -0.834 -1.453 -1.563
0.01471 0 9.93702 1.073637605 2.487122567 1.07 1.672 3.651 2.351 3 0 0.443 0 0 0 0 0 -1 -3.39e-11 0 0.6923 0.293 0.002135 0.0012 0.006429 -1 0.01471 0.59 -0.958 -1.586 -1.698
0.01471 0 9.93702 1.073802113 2.487151807 1.07 1.72 3.6481 2.292 3 0 0.443 0 0 0 0 0 -1 -4.05e-11 0 0.6923 0.293 0.002135 0.001201 0.006429 -1 0.01471 0.471 -1.086 -1.722 -1.837
0.01471 0 9.93702 1.073946714 2.487177499 1.07 1.765 3.6453 2.235 3 0 0.443 0 0 0 0 0 -1 -4.8e-11 0 0.6923 0.293 0.002135 0.001201 0.006429 -1 0.01471 0.357 -1.207 -1.852 -1.97
0.01471 0 9.93702 1.074082732 2.48720166 1.069 1.812 3.6424 2.177 3 0 0.443 0 0 0 0 0 -1 -5.71e-11 0 0.6923 0.293 0.002135 0.001201 0.006429 -1 0.01471 0.241 -1.332 -1.985 -2.106
0.01471 0 9.93702 1.074205279 2.487223421 1.069 1.857 3.6395 2.12 3 0 0.443 0 0 0 0 0 -1 -6.78e-11 0 0.6922 0.293 0.002135 0.001201 0.006429 -1 0.01471 0.127 -1.453 -2.115 -2.239
0.01471 0 9.93702 1.074317455 2.487243336 1.069 1.902 3.6366 2.063 3 0 0.443 0 0 0 0 0 -1 -8.03e-11 0 0.6922 0.293 0.002135 0.001201 0.006429 -1 0.01471 0.014 -1.574 -2.245 -2.372
0.01471 0 9.93702 1.074422717 2.487262019 1.069 1.948 3.6336 2.005 3 0 0.443 0 0 0 0 0 -1 -9.54e-11 0 0.6922 0.293 0.002135 0.001201 0.006429 -1 0.01471 -0.1 -1.696 -2.377 -2.507
0.01471 0 9.93702 1.074515939 2.487278561 1.069 1.993 3.6307 1.949 3 0 0.443 0 0 0 0 0 -1 -1.13e-10 0 0.6922 0.293 0.002134 0.001202 0.006429 -1 0.01471 -0.211 -1.813 -2.498 -2.634
0.01471 0 9.93702 1.074601173 2.487293684 1.069 2.036 3.6277 1.893 3 0 0.443 0 0 0 0 0 -1 -1.33e-10 0 0.6922 0.293 0.002134 0.001202 0.006429 -1 0.01471 -0.321 -1.928 -2.617 -2.759
0.01471 0 9.93702 1.074681282 2.487307894 1.068 2.081 3.6246 1.836 3 0 0.443 0 0 0 0 0 -1 -1.58e-10 0 0.6922 0.2931 0.002134 0.001202 0.006429 -1 0.01471 -0.434 -2.046 -2.739 -2.887
0.01471 0 9.93702 1.074752331 2.487320495 1.068 2.125 3.6216 1.78 3 0 0.443 0 0 0 0 0 -1 -1.86e-10 0 0.6922 0.2931 0.002134 0.001202 0.006429 -1 0.01471 -0.541 -2.159 -2.856 -3.011
0.01471 0 9.93702 1.074819446 2.487332397 1.068 2.169 3.6185 1.724 3 0 0.443 0 0 0 0 0 -1 -2.2e-10 0 0.6922 0.2931 0.002134 0.001202 0.006429 -1 0.01471 -0.652 -2.275 -2.976 -3.138
0.01471 0 9.93702 1.074877977 2.487342775 1.067 2.21 3.6155 1.67 3 0 0.443 0 0 0 0 0 -1 -2.58e-10 0 0.6922 0.2931 0.002134 0.001202 0.006429 -1 0.01471 -0.756 -2.383 -3.089 -3.257
0.01471 0 9.93702 1.074934006 2.487352708 1.067 2.253 3.6123 1.614 3 0 0.443 0 0 0 0 0 -1 -3.04e-10 0 0.6922 0.2931 0.002134 0.001202 0.006429 -1 0.01471 -0.863 -2.495 -3.206 -3.381
0.01471 0 9.93702 1.074985504 2.487361837 1.067 2.296 3.6092 1.559 3 0 0.443 0 0 0 0 0 -1 -3.57e-10 0 0.6922 0.2931 0.002134 0.001202 0.006429 -1 0.01471 -0.97 -2.607 -3.321 -3.504
0.01471 0 9.93702 1.075031638 2.487370014 1.066 2.337 3.6061 1.505 3 0 0.443 0 0 0 0 0 -1 -4.18e-10 0 0.6922 0.2931 0.002134 0.001202 0.006429 -1 0.01471 -1.073 -2.714 -3.434 -3.623
0.01471 0 9.93702 1.075074911 2.487377684 1.066 2.379 3.6029 1.45 3 0 0.443 0 0 0 0 0 -1 -4.91e-10 0 0.6922 0.2931 0.002134 0.001202 0.006429 -1 0.01471 -1.177 -2.825 -3.554 -3.749
0.01471 0 9.93702 1.075114489 2.487384697 1.065 2.42 3.5998 1.397 3 0 0.443 0 0 0 0 0 -1 -5.75e-10 0 0.6922 0.2931 0.002134 0.001202 0.006429 -1 0.01471 -1.28 -2.935 -3.672 -3.872
0.01471 0 9.93702 1.075150609 2.487391098 1.064 2.46 3.5966 1.343 3 0 0.442 0 0 0 0 0 -1 -6.71e-10 0 0.6922 0.2931 0.002134 0.001202 0.006429 -1 0.01471 -1.38 -3.043 -3.789 -3.994
0.01471 0 9.93702 1.075184584 2.487397118 1.064 2.501 3.5933 1.289 3 0 0.442 11.51 8.41 5.9 4.54 3.68 4 -7.86e-10 0 0.6922 0.2931 0.002134 0.001203 0.006429 -1 0.01471 -1.482 -3.153 -3.907 -4.118
0.01471 0 9.93702 1.075215221 2.487402546 1.063 2.54 3.5901 1.237 3 0 0.442 12.83 9.24 6.45 4.97 4.04 4 -9.15e-10 0 0.6922 0.2931 0.002134 0.001203 0.006429 -1 0.01471 -1.58 -3.259 -4.021 -4.238
0.01471 0 9.93702 1.075242996 2.487407467 1.062 2.578 3.5868 1.185 3 0 0.442 14.28 10.15 7.05 5.44 4.42 3 -1.06e-09 0 0.6922 0.2931 0.002134 0.001203 0.006429 -1 0.01472 -1.676 -3.362 -4.133 -4.355
0.01471 0 9.93702 1.07526958 2.487412176 1.061 2.618 3.5835 1.132 3 0 0.442 15.93 11.16 7.73 5.97 4.85 3 -1.24e-09 0 0.6922 0.2931 0.002134 0.001203 0.006429 -1 0.01472 -1.774 -3.468 -4.248 -4.475
0.01471 0 9.93702 1.075293541 2.487416421 1.06 2.655 3.5803 1.081 3 0 0.442 17.71 12.24 8.44 6.53 5.3 3 -1.43e-09 0 0.6922 0.2931 0.002134 0.001203 0.006429 -1 0.01472 -1.868 -3.57 -4.358 -4.591
0.01471 0 9.93702 1.075315595 2.487420327 1.059 2.692 3.577 1.031 3 0 0.442 19.67 13.41 9.2 7.13 5.8 3 -1.66e-09 0 0.6922 0.2931 0.002134 0.001203 0.006429 -1 0.01472 -1.961 -3.671 -4.467 -4.706
0.01471 0 9.93702 1.075336456 2.487424022 1.058 2.729 3.5735 0.979 3 0 0.442 21.88 14.71 10.06 7.8 6.34 3 -1.92e-09 0 0.6922 0.2931 0.002134 0.001203 0.006429 -1 0.01472 -2.054 -3.774 -4.578 -4.822
0.01471 0 9.93702 1.075356007 2.487427485 1.057 2.766 3.5701 0.928 3 0 0.442 24.31 16.12 10.98 8.53 6.93 3 -2.22e-09 0 0.6922 0.2931 0.002134 0.001203 0.006429 -1 0.01472 -2.145 -3.875 -4.687 -4.937
0.01471 0 9.93702 1.07537818 2.487431412 1.056 2.81 3.5658 0.867 3 0 0.442 27.63 18.02 12.21 9.5 7.73 3 -2.65e-09 0 0.6922 0.2931 0.002134 0.001203 0.006429 -1 0.01472 -2.256 -3.998 -4.818 -5.076
0.01471 0 9.93702 1.075398207 2.487434959 1.054 2.853 3.5617 0.806 3 0 0.442 31.32 20.1 13.55 10.56 8.59 3 -3.14e-09 0 0.6922 0.2931 0.002134 0.001203 0.006429 -1 0.01472 -2.364 -4.119 -4.947 -5.212
0.01471 0 9.93702 1.075416565 2.487438211 1.052 2.896 3.5575 0.746 3 0 0.442 35.44 22.37 15.01 11.72 9.54 2 -3.72e-09 0 0.6922 0.2931 0.002134 0.001203 0.006429 -1 0.01472 -2.469 -4.237 -5.073 -5.345
0.01471 0 9.93702 1.075433612 2.487441229 1.05 2.938 3.5532 0.687 3 0 0.442 40.11 24.91 16.63 13.01 10.59 2 -4.41e-09 0 0.6922 0.2931 0.002134 0.001203 0.006429 -1 0.01472 -2.574 -4.354 -5.199 -5.478
0.01471 0 9.93702 1.075449347 2.487444016 1.048 2.978 3.5489 0.628 3 0 0.442 45.31 27.7 18.4 14.42 11.73 2 -5.21e-09 0 0.6922 0.2931 0.002134 0.001203 0.006429 -1 0.01472 -2.676 -4.469 -5.322 -5.609
0.01471 0 9.93702 1.07546401 2.487446612 1.046 3.019 3.5446 0.569 3 0 0.442 51.16 30.78 20.35 15.97 13 2 -6.15e-09 0 0.6922 0.2931 0.002134 0.001203 0.006429 -1 0.01472 -2.776 -4.584 -5.444 -5.739
0.01471 0 9.93702 1.0754776 2.487449019 1.043 3.058 3.5402 0.511 3 0 0.442 57.74 34.19 22.5 17.68 14.4 2 -7.24e-09 0 0.6922 0.2931 0.002133 0.001203 0.006429 -1 0.01472 -2.876 -4.698 -5.565 -5.868
0.01471 0 9.93702 1.075490117 2.487451235 1.04 3.097 3.5358 0.453 3 0 0.442 65 37.88 24.81 19.54 15.91 2 -8.5e-09 0 0.6922 0.2931 0.002133 0.001203 0.006429 -1 0.01472 -2.973 -4.809 -5.682 -5.993
0.01471 0 9.93702 1.0755018 2.487453304 1.037 3.135 3.5315 0.397 3 0 0.442 73.12 41.96 27.35 21.57 17.57 2 -9.98e-09 0 0.6922 0.2931 0.002133 0.001203 0.006429 -1 0.01472 -3.068 -4.92 -5.797 -6.118
0.01471 0 9.93702 1.075512528 2.487455203 1.034 3.172 3.5271 0.341 3 0 0.442 82.1 46.39 30.1 23.78 19.37 2 -1.17e-08 0 0.6922 0.2931 0.002133 0.001203 0.006429 -1 0.01472 -3.161 -5.028 -5.91 -6.239
0.01471 0 9.93702 1.075522542 2.487456976 1.03 3.208 3.5227 0.285 3 0 0.442 92.04 51.21 33.08 26.17 21.33 1 -1.36e-08 0 0.6922 0.2931 0.002133 0.001203 0.006429 -1 0.01472 -3.251 -5.134 -6.019 -6.359
0.01471 0 9.93702 1.07553184 2.487458623 1.026 3.244 3.5183 0.231 3 0 0.442 103.06 56.48 36.32 28.78 23.46 1 -1.58e-08 0 0.6922 0.2931 0.002133 0.001203 0.006429 -1 0.01472 -3.339 -5.237 -6.127 -6.476
0.01471 0 9.93702 1.075540781 2.487460205 1.021 3.279 3.5138 0.176 3 0 0.442 115.47 62.31 39.89 31.66 25.81 1 -1.84e-08 0 0.6922 0.2931 0.002133 0.001203 0.006429 -1 0.01472 -3.427 -5.34 -6.234 -6.593
0.01471 0 9.93702 1.075549006 2.487461662 1.017 3.313 3.5095 0.122 3 0 0.442 128.96 68.55 43.69 34.73 28.32 1 -2.13e-08 0 0.6922 0.2931 0.002133 0.001203 0.006429 -1 0.01472 -3.512 -5.439 -6.337 -6.706
0.01471 0 9.93702 1.075556636 2.487463012 1.012 3.345 3.5052 0.07 3 0 0.442 143.54 75.18 47.71 37.99 30.98 1 -2.45e-08 0 0.6922 0.2931 0.002133 0.001203 0.006429 -1 0.01472 -3.594 -5.535 -6.436 -6.813
0.01471 0 9.93702 1.075564146 2.487464342 1.006 3.378 3.501 0.019 3 0 0.442 159.72 82.42 52.09 41.54 33.88 1 -2.82e-08 0 0.6922 0.2931 0.002133 0.001203 0.006429 -1 0.01472 -3.674 -5.629 -6.535 -6.92
0.01471 0 9.93702 1.075570107 2.487465397 1.001 3.402 3.4978 -0.02 3 0 0.442 173.07 88.31 55.63 44.41 36.23 1 -3.15e-08 0 0.6922 0.2931 0.002133 0.001203 0.006429 -1 0.01472 -3.734 -5.7 -6.608 -7
0.01471 0 9.93702 1.075570107 2.487465397 1.001 1.691 3.6684 2.374 4 0 0.463 0 0 0 0 0 -1 -1e-30 0 0.6946 0.2908 0.002224 0.001083 0.006407 -1 0.01464 0.543 -0.958 -1.526 -1.626
0.01471 0 9.93702 1.075671434 2.487483334 1.001 1.699 3.6679 2.363 4 0 0.463 0 0 0 0 0 -1 -1e-30 0 0.6946 0.2908 0.002223 0.001083 0.006407 -1 0.01464 0.523 -0.98 -1.55 -1.65
0.01471 0 9.93702 1.075775385 2.487501731 1.001 1.703 3.6677 2.359 4 0 0.463 0 0 0 0 0 -1 -1e-30 0 0.6946 0.2908 0.002223 0.001084 0.006407 -1 0.01464 0.513 -0.99 -1.561 -1.662
0.01471 0 9.93702 1.075880528 2.487520335 1.001 1.703 3.6679 2.36 4 0 0.463 0 0 0 0 0 -1 -1e-30 0 0.6946 0.2908 0.002223 0.001084 0.006407 -1 0.01464 0.514 -0.989 -1.559 -1.66
0.01471 0 9.93702 1.075986862 2.487539145 1.002 1.701 3.6683 2.363 4 0 0.463 0 0 0 0 0 -1 -1e-30 0 0.6946 0.2908 0.002223 0.001084 0.006407 -1 0.01464 0.519 -0.983 -1.552 -1.652
0.01471 0 9.93702 1.076094866 2.487558246 1.002 1.698 3.6688 2.368 4 0 0.463 0 0 0 0 0 -1 -1e-30 0 0.6946 0.2908 0.002223 0.001084 0.006407 -1 0.01464 0.525 -0.975 -1.542 -1.642
0.01471 0 9.93702 1.076201558 2.487577111 1.002 1.695 3.6693 2.373 4 0 0.462 0 0 0 0 0 -1 -1e-30 0 0.6946 0.2908 0.002223 0.001084 0.006407 -1 0.01464 0.532 -0.967 -1.532 -1.632
0.01471 0 9.93702 1.076308131 2.487595951 1.002 1.692 3.6698 2.378 4 0 0.462 0 0 0 0 0 -1 -1e-30 0 0.6946 0.2908 0.002223 0.001085 0.006407 -1 0.01464 0.539 -0.959 -1.522 -1.622
0.01471 0 9.93702 1.0764153 2.487614892 1.002 1.69 3.6703 2.382 4 0 0.462 0 0 0 0 0 -1 -1e-30 0 0.6946 0.2908 0.002222 0.001085 0.006408 -1 0.01464 0.545 -0.951 -1.513 -1.612
0.01471 0 9.93702 1.076519132 2.487633238 1.002 1.688 3.6707 2.386 4 0 0.462 0 0 0 0 0 -1 -1e-30 0 0.6946 0.2908 0.002222 0.001085 0.006408 -1 0.01464 0.551 -0.943 -1.505 -1.603
0.01471 0 9.93702 1.076628804 2.487652612 1.002 1.686 3.6711 2.39 4 0 0.462 0 0 0 0 0 -1 -1e-30 0 0.6946 0.2908 0.002222 0.001085 0.006408 -1 0.01464 0.556 -0.937 -1.497 -1.595
0.01471 0 9.93702 1.076732874 2.487670993 1.002 1.684 3.6715 2.393 4 0 0.462 0 0 0 0 0 -1 -1e-30 0 0.6946 0.2908 0.002222 0.001085 0.006408 -1 0.01464 0.56 -0.932 -1.491 -1.588
0.01471 0 9.93702 1.076835632 2.487689138 1.003 1.682 3.6718 2.396 4 0 0.462 0 0 0 0 0 -1 -1e-30 0 0.6946 0.2908 0.002222 0.001086 0.006408 -1 0.01464 0.564 -0.927 -1.485 -1.583
0.01471 0 9.93702 1.076949477 2.487709235 1.003 1.681 3.6721 2.399 4 0 0.462 0 0 0 0 0 -1 -1e-30 0 0.6946 0.2908 0.002222 0.001086 0.006408 -1 0.01464 0.568 -0.923 -1.479 -1.577
0.01471 0 9.93702 1.077035785 2.487724469 1.003 1.68 3.6724 2.401 4 0 0.462 0 0 0 0 0 -1 -1e-30 0 0.6945 0.2908 0.002222 0.001086 0.006408 -1 0.01464 0.57 -0.919 -1.476 -1.573
0.01471 0 9.93702 1.07706058 2.487728844 1.003 1.68 3.6724 2.401 4 0 0.462 0 0 0 0 0 -1 -1e-30 0 0.6945 0.2908 0.002222 0.001086 0.006408 -1 0.01464 0.57 -0.919 -1.475 -1.572
0.01471 0 9.93702 1.077171207 2.487748364 1.003 1.679 3.6727 2.403 4 0 0.462 0 0 0 0 0 -1 -1e-30 0 0.6945 0.2908 0.002221 0.001086 0.006408 -1 0.01464 0.573 -0.916 -1.471 -1.568
0.01471 0 9.93702 1.077278256 2.487767249 1.003 1.678 3.6729 2.405 4 0 0.462 0 0 0 0 0 -1 -1e-30 0 0.6945 0.2908 0.002221 0.001086 0.006408 -1 0.01464 0.574 -0.913 -1.468 -1.565
0.01471 0 9.93702 1.077377081 2.487784679 1.003 1.678 3.673 2.406 4 0 0.462 0 0 0 0 0 -1 -1e-30 0 0.6945 0.2908 0.002221 0.001087 0.006408 -1 0.01464 0.575 -0.912 -1.466 -1.563
0.01471 0 9.93702 1.077486157 2.487803913 1.003 1.678 3.6731 2.406 4 0 0.462 0 0 0 0 0 -1 -1e-30 0 0.6945 0.2908 0.002221 0.001087 0.006408 -1 0.01464 0.575 -0.912 -1.466 -1.562
0.01471 0 9.93702 1.077590465 2.487822302 1.004 1.678 3.6732 2.406 4 0 0.462 0 0 0 0 0 -1 -1e-30 0 0.6945 0.2908 0.002221 0.001087 0.006408 -1 0.01464 0.574 -0.912 -1.466 -1.562
0.01471 0 9.93702 1.077697515 2.48784117 1.004 1.679 3.6733 2.406 4 0 0.462 0 0 0 0 0 -1 -1e-30 0 0.6945 0.2908 0.002221 0.001087 0.006408 -1 0.01464 0.573 -0.914 -1.467 -1.564
0.01471 0 9.93702 1.077804565 2.487860033 1.004 1.68 3.6732 2.404 4 0 0.462 0 0 0 0 0 -1 -1e-30 0 0.6945 0.2908 0.002221 0.001087 0.006408 -1 0.01464 0.57 -0.917 -1.47 -1.567
0.01471 0 9.93702 1.077848792 2.487867825 1.004 1.681 3.6732 2.404 4 0 0.462 0 0 0 0 0 -1 -1e-30 0 0.6945 0.2908 0.002221 0.001087 0.006408 -1 0.01464 0.568 -0.919 -1.472 -1.569
0.01471 0 9.93702 1.077957511 2.487886977 1.004 1.683 3.6731 2.401 4 0 0.462 0 0 0 0 0 -1 -1e-30 0 0.6945 0.2908 0.00222 0.001088 0.006408 -1 0.01464 0.563 -0.924 -1.478 -1.574
0.01471 0 9.93702 1.078064918 2.487905893 1.004 1.685 3.6729 2.398 4 0 0.462 0 0 0 0 0 -1 -1e-30 0 0.6945 0.2908 0.00222 0.001088 0.006408 -1 0.01464 0.557 -0.931 -1.485 -1.582
0.01471 0 9.93702 1.078171849 2.487924721 1.004 1.688 3.6727 2.394 4 0 0.462 0 0 0 0 0 -1 -1e-30 0 0.6945 0.2909 0.00222 0.001088 0.006408 -1 0.01464 0.55 -0.939 -1.494 -1.591
0.01471 0 9.93702 1.078281403 2.487944006 1.004 1.692 3.6724 2.39 4 0 0.462 0 0 0 0 0 -1 -1e-30 0 0.6945 0.2909 0.00222 0.001088 0.006408 -1 0.01464 0.541 -0.949 -1.505 -1.602
0.01471 0 9.93702 1.078389406 2.487963013 1.004 1.696 3.672 2.384 4 0 0.462 0 0 0 0 0 -1 -1e-30 0 0.6945 0.2909 0.00222 0.001088 0.006408 -1 0.01464 0.529 -0.961 -1.518 -1.616
0.01471 0 9.93702 1.078497291 2.487981996 1.005 1.702 3.6715 2.376 4 0 0.462 0 0 0 0 0 -1 -1e-30 0 0.6945 0.2909 0.00222 0.001089 0.006408 -1 0.01464 0.516 -0.976 -1.535 -1.633
0.01471 0 9.93702 1.078604817 2.488000911 1.005 1.708 3.6709 2.368 4 0 0.462 0 0 0 0 0 -1 -1e-30 0 0.6945 0.2909 0.00222 0.001089 0.006409 -1 0.01464 0.5 -0.994 -1.554 -1.653
0.01471 0 9.93702 1.078711391 2.488019655 1.005 1.715 3.6702 2.358 4 0 0.462 0 0 0 0 0 -1 -1e-30 0 0.6945 0.2909 0.002219 0.001089 0.006409 -1 0.01464 0.482 -1.014 -1.576 -1.675
0.01471 0 9.93702 1.078820825 2.488038897 1.005 1.724 3.6693 2.345 4 0 0.462 0 0 0 0 0 -1 -1e-30 0 0.6945 0.2909 0.002219 0.001089 0.006409 -1 0.01464 0.459 -1.041 -1.605 -1.705
0.01471 0 9.93702 1.078931689 2.488058386 1.005 1.727 3.6691 2.342 4 0 0.462 0 0 0 0 0 -1 -1e-30 0 0.6945 0.2909 0.002219 0.001089 0.006409 -1 0.01464 0.453 -1.047 -1.612 -1.712
0.01471 0 9.93702 1.079041719 2.488077723 1.005 1.755 3.6665 2.304 4 0 0.462 0 0 0 0 0 -1 -1e-30 0 0.6945 0.2909 0.002219 0.00109 0.006409 -1 0.01464 0.383 -1.125 -1.698 -1.8
0.01471 0 9.93702 1.079127193 2.488092742 1.005 1.793 3.663 2.252 4 0 0.462 0 0 0 0 0 -1 -1e-30 0 0.6945 0.2909 0.002219 0.00109 0.006409 -1 0.01464 0.288 -1.23 -1.814 -1.919
0.01471 0 9.93702 1.079169631 2.488100198 1.005 1.83 3.6595 2.2 4 0 0.462 0 0 0 0 0 -1 -1e-30 0 0.6945 0.2909 0.002219 0.00109 0.006409 -1 0.01464 0.194 -1.335 -1.929 -2.037
0.01471 0 9.93702 1.079193592 2.488104407 1.005 1.87 3.6559 2.145 4 0 0.462 0 0 0 0 0 -1 -1e-30 0 0.6945 0.2909 0.002219 0.00109 0.006409 -1 0.01464 0.094 -1.446 -2.051 -2.162
0.01471 0 9.93702 1.079205275 2.488106459 1.005 1.908 3.6525 2.094 4 0 0.462 0 0 0 0 0 -1 -1e-30 0 0.6945 0.2909 0.002219 0.00109 0.006409 -1 0.01464 -0 -1.55 -2.165 -2.279
0.01471 0 9.93702 1.079211593 2.488107569 1.005 1.946 3.649 2.042 4 0 0.462 0 0 0 0 0 -1 -1e-30 0 0.6945 0.2909 0.002219 0.00109 0.006409 -1 0.01464 -0.096 -1.655 -2.281 -2.399
0.01471 0 9.93702 1.079215288 2.488108218 1.005 1.985 3.6456 1.99 4 0 0.462 0 0 0 0 0 -1 -1e-30 0 0.6945 0.2909 0.002219 0.00109 0.006409 -1 0.01464 -0.192 -1.76 -2.396 -2.517
0.01471 0 9.93702 1.079217792 2.488108658 1.005 2.024 3.6422 1.937 4 0 0.462 0 0 0 0 0 -1 -1e-30 0 0.6945 0.2909 0.002219 0.00109 0.006409 -1 0.01464 -0.291 -1.866 -2.508 -2.635
0.01471 0 9.93702 1.079219103 2.488108889 1.005 2.051 3.6398 1.9 7 0 0.462 0 0 0 0 0 -1 -1e-30 0 0.6945 0.2909 0.002219 0.00109 0.006409 -1 0.01464 -0.358 -1.939 -2.585 -2.716
0.01471 0 9.93702 1.07921958 2.488108972 1.005 2.063 3.6388 1.884 7 0 0.462 0 0 0 0 0 -1 -1e-30 0 0.6945 0.2909 0.002219 0.00109 0.006409 -1 0.01464 -0.388 -1.971 -2.618 -2.751
0.01471 0 9.93702 1.079221249 2.488109265 1.005 2.103 3.6353 1.83 7 0 0.462 0 0 0 0 0 -1 -1e-30 0 0.6945 0.2909 0.002219 0.00109 0.006409 -1 0.01464 -0.488 -2.078 -2.732 -2.871
0.01471 0 9.93702 1.079222679 2.488109517 1.005 2.137 3.6324 1.785 7 0 0.462 0 0 0 0 0 -1 -1e-30 0 0.6945 0.2909 0.002219 0.00109 0.006409 -1 0.01464 -0.573 -2.168 -2.827 -2.971
0.01471 0 9.93702 1.079224229 2.488109789 1.005 2.155 3.6309 1.761 7 0 0.462 0 0 0 0 0 -1 -1e-30 0 0.6945 0.2909 0.002219 0.00109 0.006409 -1 0.01464 -0.618 -2.216 -2.877 -3.025
0.01471 0 9.93702 1.079225779 2.488110061 1.005 2.158 3.6307 1.757 7 0 0.462 0 0 0 0 0 -1 -1e-30 0 0.6945 0.2909 0.002219 0.00109 0.006409 -1 0.01464 -0.624 -2.223 -2.884 -3.032
0.01471 0 9.93702 1.079230189 2.488110836 1.005 2.141 3.6322 1.78 7 0 0.462 0 0 0 0 0 -1 -1e-30 0 0.6945 0.2909 0.002219 0.00109 0.006409 -1 0.01464 -0.583 -2.179 -2.837 -2.982
0.01471 0 9.93702 1.079233289 2.48811138 1.005 2.123 3.6337 1.804 7 0 0.462 0 0 0 0 0 -1 -1e-30 0 0.6945 0.2909 0.002219 0.00109 0.006409 -1 0.01464 -0.538 -2.131 -2.787 -2.929
0.01471 0 9.93702 1.079239964 2.488112553 1.005 2.101 3.6356 1.834 7 0 0.462 0 0 0 0 0 -1 -4.6e-30 0 0.6945 0.2909 0.002219 0.00109 0.006409 -1 0.01468 -0.482 -2.072 -2.725 -2.863
0.01471 0 9.93702 1.079253912 2.488115003 1.005 2.102 3.6356 1.833 7 0 0.462 0 0 0 0 0 -1 -3.52e-26 0 0.6945 0.2906 0.002219 0.00109 0.006409 -1 0.01492 -0.484 -2.074 -2.727 -2.865
0.01471 0 9.93702 1.079328537 2.48812811 1.004 2.125 3.6335 1.801 7 0 0.462 0 0 0 0 0 -1 -6.38e-10 0 0.6945 0.2896 0.002219 0.00109 0.006409 -1 0.01592 -0.543 -2.137 -2.793 -2.936
0.01471 0 9.93702 1.079377294 2.488136672 1.003 2.17 3.6295 1.739 7 0 0.462 0 0 0 0 0 -1 -8.12e-10 0 0.6945 0.2896 0.002219 0.00109 0.006409 -1 0.01592 -0.655 -2.256 -2.92 -3.07
0.01471 0 9.93702 1.07941854 2.488143915 1.002 2.214 3.6257 1.68 7 0 0.462 0 0 0 0 0 -1 -1.03e-09 0 0.6945 0.2896 0.002218 0.00109 0.006409 -1 0.01592 -0.765 -2.373 -3.043 -3.2
0.01471 0 9.93702 1.079453707 2.488150089 1.001 2.258 3.622 1.621 7 0 0.461 0 0 0 0 0 -1 -1.28e-09 0 0.6945 0.2896 0.002218 0.00109 0.006409 -1 0.01592 -0.874 -2.488 -3.164 -3.329
0.01471 0 9.93702 1.079483151 2.488155259 1 2.3 3.6183 1.563 7 0 0.461 0 0 0 0 0 -1 -1.59e-09 0 0.6945 0.2896 0.002218 0.00109 0.006409 -1 0.01592 -0.98 -2.6 -3.283 -3.455
0.01471 0 9.93702 1.079507947 2.488159612 0.999 2.341 3.6148 1.507 7 0 0.461 0 0 0 0 0 -1 -1.95e-09 0 0.6945 0.2896 0.002218 0.00109 0.006409 -1 0.01592 -1.083 -2.708 -3.397 -3.577
0.01471 0 9.93702 1.079529643 2.488163421 0.998 2.382 3.6112 1.452 7 0 0.461 0 0 0 0 0 -1 -2.4e-09 0 0.6945 0.2896 0.002218 0.001091 0.006409 -1 0.01592 -1.184 -2.818 -3.516 -3.702
0.01471 0 9.93702 1.079548836 2.48816679 0.996 2.422 3.6077 1.397 7 0 0.461 0 0 0 0 0 -1 -2.94e-09 0 0.6945 0.2896 0.002218 0.001091 0.006409 -1 0.01592 -1.286 -2.927 -3.636 -3.827
0.01471 0 9.93702 1.079566002 2.488169803 0.995 2.463 3.6041 1.342 7 0 0.461 0 0 0 0 0 -1 -3.6e-09 0 0.6945 0.2896 0.002218 0.001091 0.006409 -1 0.01592 -1.386 -3.035 -3.754 -3.951
0.01471 0 9.93702 1.079581738 2.488172565 0.993 2.503 3.6005 1.286 7 0 0.461 11.31 8.31 5.82 4.49 3.64 4 -4.41e-09 0 0.6945 0.2896 0.002218 0.001091 0.006409 -1 0.01592 -1.487 -3.144 -3.873 -4.076
0.01471 0 9.93702 1.079596519 2.48817516 0.991 2.543 3.5969 1.23 7 0 0.461 12.7 9.19 6.41 4.95 4.01 3 -5.41e-09 0 0.6945 0.2897 0.002218 0.001091 0.006409 -1 0.01588 -1.588 -3.254 -3.993 -4.201
0.01471 0 9.93702 1.079610228 2.488177566 0.989 2.583 3.591 1.166 7 0 0.461 14.52 10.31 7.15 5.54 4.49 3 -6.57e-09 0 0.6945 0.2897 0.002216 0.001092 0.006409 -1 0.01585 -1.688 -3.366 -4.123 -4.34
0.01471 0 9.93702 1.079620123 2.488179302 0.987 2.613 3.5866 1.117 7 0 0.461 16.07 11.26 7.78 6.03 4.89 3 -7.58e-09 0 0.6945 0.2897 0.002214 0.001094 0.006409 -1 0.01585 -1.764 -3.452 -4.221 -4.445
0.01471 0 9.93702 1.079632521 2.488181478 0.984 2.653 3.5816 1.056 7 0 0.46 18.23 12.56 8.63 6.7 5.44 3 -9.24e-09 0 0.6945 0.2897 0.00221 0.001098 0.006409 -1 0.01585 -1.862 -3.562 -4.345 -4.577
0.01471 0 9.93702 1.079644084 2.488183508 0.98 2.692 3.5777 1 7 0 0.458 20.46 13.88 9.5 7.39 6 3 -1.12e-08 0 0.6944 0.2897 0.002204 0.001104 0.006409 -1 0.01585 -1.96 -3.669 -4.462 -4.7
0.01471 0 9.93702 1.079655051 2.488185432 0.976 2.731 3.5736 0.943 7 0 0.457 23.04 15.38 10.48 8.16 6.63 3 -1.35e-08 0 0.6944 0.2897 0.002196 0.001113 0.006409 -1 0.01585 -2.058 -3.779 -4.58 -4.826
0.01471 0 9.93702 1.079665184 2.488187211 0.972 2.77 3.5696 0.886 7 0 0.455 25.93 17.04 11.55 9.01 7.32 3 -1.64e-08 0 0.6944 0.2897 0.00219 0.00112 0.006409 -1 0.01585 -2.155 -3.887 -4.698 -4.95
0.01471 0 9.93702 1.079672933 2.488188571 0.968 2.807 3.5656 0.831 7 0 0.454 29.04 18.79 12.68 9.91 8.05 2 -1.96e-08 0 0.6944 0.2897 0.002185 0.001127 0.006409 -1 0.01583 -2.248 -3.992 -4.811 -5.07
0.01471 0 9.93702 1.079678178 2.488189491 0.965 2.843 3.5617 0.778 7 0 0.453 32.43 20.67 13.89 10.87 8.83 2 -2.35e-08 0 0.6944 0.2897 0.00218 0.001132 0.006409 -1 0.01583 -2.338 -4.094 -4.921 -5.186
0.01471 0 9.93702 1.079682231 2.488190202 0.962 2.878 3.5577 0.726 7 0 0.453 36.13 22.69 15.18 11.9 9.67 2 -2.76e-08 0 0.6944 0.2897 0.002176 0.001138 0.006409 -1 0.01583 -2.425 -4.193 -5.028 -5.3
0.01471 0 9.93702 1.079685926 2.488190851 0.959 2.915 3.5534 0.671 7 0 0.452 40.51 25.05 16.68 13.1 10.65 2 -3.25e-08 0 0.6944 0.2897 0.002172 0.001142 0.006409 -1 0.01583 -2.517 -4.297 -5.141 -5.42
0.01471 0 9.93702 1.079689384 2.488191458 0.956 2.951 3.549 0.615 7 0 0.451 45.49 27.68 18.35 14.43 11.73 2 -3.85e-08 0 0.6944 0.2897 0.002169 0.001146 0.006409 -1 0.01583 -2.609 -4.402 -5.254 -5.541
0.01471 0 9.93702 1.079692483 2.488192001 0.952 2.988 3.5446 0.559 7 0 0.451 51.09 30.6 20.19 15.9 12.94 2 -4.6e-08 0 0.6944 0.2897 0.002167 0.001149 0.006409 -1 0.01583 -2.7 -4.508 -5.367 -5.662
0.01471 0 9.93702 1.079695702 2.488192566 0.947 3.025 3.5399 0.501 7 0 0.45 57.67 33.96 22.31 17.6 14.32 2 -5.46e-08 0 0.6944 0.2897 0.002164 0.001152 0.006409 -1 0.01583 -2.794 -4.616 -5.483 -5.787
0.01471 0 9.93702 1.07969892 2.488193131 0.942 3.065 3.5347 0.437 7 0 0.45 65.76 38.02 24.84 19.63 15.98 2 -6.55e-08 0 0.6944 0.2897 0.002163 0.001153 0.006409 -1 0.01583 -2.894 -4.734 -5.608 -5.922
0.01471 0 9.93702 1.079702258 2.488193717 0.935 3.103 3.5295 0.376 7 0 0.45 74.73 42.43 27.58 21.84 17.78 1 -7.92e-08 0 0.6944 0.2897 0.002163 0.001153 0.006409 -1 0.01583 -2.988 -4.847 -5.727 -6.051
0.01471 0 9.93702 1.079705834 2.488194344 0.926 3.14 3.5242 0.313 7 0 0.45 85.05 47.4 30.65 24.32 19.8 1 -9.49e-08 0 0.6944 0.2897 0.002163 0.001153 0.006409 -1 0.01583 -3.081 -4.958 -5.843 -6.179
0.01471 0 9.93702 1.079709768 2.488195035 0.914 3.176 3.5187 0.25 7 0 0.45 96.9 52.98 34.08 27.1 22.06 1 -1.14e-07 0 0.6944 0.2897 0.002163 0.001153 0.006409 -1 0.01583 -3.171 -5.066 -5.957 -6.304
0.01471 0 9.93702 1.079712033 2.488195432 0.906 3.202 3.5148 0.204 7 0 0.45 106.43 57.39 36.77 29.28 23.85 1 -1.31e-07 0 0.6944 0.2897 0.002163 0.001153 0.006409 -1 0.01583 -3.235 -5.144 -6.039 -6.395
0.01471 0 9.93702 1.079712391 2.488195495 0.904 3.208 3.5139 0.194 7 0 0.45 108.69 58.42 37.41 29.8 24.27 1 -1.35e-07 0 0.6944 0.2897 0.002163 0.001153 0.006409 -1 0.01583 -3.25 -5.162 -6.057 -6.415
0.01471 0 9.93702 1.079713345 2.488195662 0.901 3.135 3.5236 0.304 7 0 0.45 86.17 47.82 30.89 24.54 19.97 1 -1.01e-07 0 0.6944 0.2897 0.002163 0.001153 0.006409 -1 0.01583 -3.068 -4.947 -5.832 -6.169
0.01471 0 9.93702 1.079713464 2.488195683 0.901 3.128 3.5245 0.315 7 0 0.45 84.31 46.93 30.34 24.09 19.61 1 -9.81e-08 0 0.6944 0.2897 0.002163 0.001153 0.006409 -1 0.01583 -3.05 -4.926 -5.811 -6.146
0.01471 0 9.93702 1.079713583 2.488195704 0.9 3.132 3.524 0.308 7 0 0.45 85.45 47.47 30.68 24.37 19.83 1 -9.98e-08 0 0.6944 0.2897 0.002163 0.001153 0.006409 -1 0.01583 -3.06 -4.938 -5.824 -6.16
0.01471 0 9.93702 1.079713702 2.488195725 0.9 3.162 3.5199 0.262 7 0 0.45 94.11 51.58 33.21 26.41 21.5 1 -1.13e-07 0 0.6944 0.2897 0.002163 0.001153 0.006409 -1 0.01583 -3.134 -5.026 -5.915 -6.26
0.01471 0 9.93702 1.079713941 2.488195767 0.899 3.202 3.5144 0.199 7 0 0.45 107.48 57.82 37.04 29.5 24.03 1 -1.34e-07 0 0.6944 0.2897 0.002163 0.001153 0.006409 -1 0.01583 -3.236 -5.146 -6.041 -6.398
0.01471 0 9.93702 1.079714179 2.488195809 0.898 3.241 3.5089 0.138 7 0 0.45 122.24 64.59 41.16 32.84 26.75 1 -1.58e-07 0 0.6944 0.2897 0.002163 0.001153 0.006409 -1 0.01583 -3.334 -5.262 -6.162 -6.531
0.01471 0 9.93702 1.079714298 2.48819583 0.898 3.267 3.5052 0.097 7 0 0.45 133.15 69.51 44.15 35.27 28.73 1 -1.75e-07 0 0.6944 0.2897 0.002163 0.001153 0.006409 -1 0.01583 -3.397 -5.338 -6.241 -6.616
0.01471 0 9.93702 1.079714537 2.488195871 0.896 3.299 3.5004 0.046 7 0 0.45 148.24 76.22 48.21 38.57 31.43 1 -2.01e-07 0 0.6944 0.2897 0.002163 0.001153 0.006409 -1 0.01583 -3.476 -5.432 -6.339 -6.724
0.01471 0 9.93702 1.079714894 2.488195934 0.894 3.328 3.4959 -0.003 7 0 0.45 161.69 83.17 52.4 41.98 34.21 1 -2.27e-07 0 0.6944 0.2897 0.002163 0.001153 0.006409 -1 0.01583 -3.55 -5.52 -6.432 -6.826
0.01471 0 9.93702 1.079715252 2.488195997 0.892 3.359 3.4909 -0.055 7 0 0.45 175.04 91.37 57.32 45.98 37.49 1 -2.59e-07 0 0.6944 0.2897 0.002163 0.001153 0.006409 -1 0.01583 -3.628 -5.613 -6.53 -6.934
0.01471 0 9.93702 1.079715848 2.488196102 0.887 3.39 3.4858 -0.109 7 0.521 0.45 189.8 100.61 62.83 50.49 41.17 1 -2.98e-07 0 0.6944 0.2897 0.002163 0.001153 0.006409 -1 0.01583 -3.706 -5.707 -6.628 -7.039
0.01471 0 9.93702 1.079716325 2.488196185 0.882 3.407 3.4828 -0.141 8 0.521 0.471 198.77 106.33 66.23 53.27 43.44 1 -3.22e-07 0 0.6944 0.2909 0.00227 0.001155 0.006424 -1 0.01461 -3.749 -5.759 -6.682 -7.098
0.01471 0 9.93702 1.079716325 2.488196185 0.882 3.132 3.5221 0.292 8 0.521 0.471 88.15 48.66 31.4 24.97 20.32 1 -1.06e-07 0 0.6944 0.2909 0.00227 0.001155 0.006424 -1 0.01461 -3.061 -4.945 -5.832 -6.172
0.01471 0 9.93702 1.079716444 2.488196206 0.882 3.006 3.54 0.489 8 0.521 0.471 58.13 34.03 22.31 17.65 14.35 2 -6.28e-08 0 0.6944 0.2909 0.00227 0.001155 0.006424 -1 0.01461 -2.744 -4.567 -5.434 -5.738
0.01471 0 9.93702 1.079716444 2.488196206 0.881 2.841 3.5632 0.747 8 0.522 0.471 33.83 21.37 14.31 11.24 9.13 2 -3.09e-08 0 0.6944 0.2909 0.00227 0.001155 0.006424 -1 0.01461 -2.332 -4.085 -4.906 -5.171
0.01471 0 9.93702 1.079716563 2.488196227 0.88 2.866 3.5594 0.706 8 0.522 0.471 36.85 23 15.35 12.07 9.81 2 -3.47e-08 0 0.6944 0.2909 0.00227 0.001155 0.006424 -1 0.01461 -2.396 -4.159 -4.988 -5.259
0.01471 0 9.93702 1.079716682 2.488196248 0.878 2.994 3.5411 0.504 8 0.522 0.471 56.33 33.11 21.74 17.19 13.98 2 -6.03e-08 0 0.6944 0.2909 0.00227 0.001155 0.006424 -1 0.01461 -2.715 -4.534 -5.399 -5.701
0.01471 0 9.93702 1.079716921 2.48819629 0.877 3.154 3.5181 0.251 8 0.522 0.471 95.84 52.26 33.61 26.76 21.78 1 -1.18e-07 0 0.6944 0.2909 0.00227 0.001155 0.006424 -1 0.01461 -3.116 -5.013 -5.905 -6.253
0.01471 0 9.93702 1.079717159 2.488196332 0.875 3.285 3.4993 0.044 8 0.522 0.471 148.09 75.92 48.01 38.43 31.31 1 -2.02e-07 0 0.6944 0.2909 0.00227 0.001155 0.006424 -1 0.01461 -3.442 -5.401 -6.31 -6.697
0.01471 0 9.93702 1.079717398 2.488196374 0.873 3.367 3.4873 -0.087 8 0.522 0.471 182.35 96.25 60.21 48.38 39.44 1 -2.83e-07 0 0.6944 0.2909 0.00227 0.001155 0.006424 -1 0.01461 -3.648 -5.644 -6.564 -6.973
0.01471 0 9.93702 1.079717636 2.488196415 0.87 3.408 3.481 -0.154 8 0.522 0.471 201.95 108.59 67.56 54.38 44.35 1 -3.35e-07 0 0.6944 0.2909 0.00227 0.001155 0.006424 -1 0.01461 -3.75 -5.765 -6.69 -7.109
0.01471 0 9.93702 1.079717994 2.488196478 0.867 3.425 3.4782 -0.184 8 0.522 0.471 211 114.41 71.01 57.21 46.65 1 -3.61e-07 0 0.6944 0.2909 0.00227 0.001155 0.006424 -1 0.01461 -3.792 -5.815 -6.742 -7.164
0.01471 0 9.93702 1.079718351 2.488196541 0.864 3.432 3.4766 -0.199 8 0.523 0.471 215.6 117.43 72.79 58.67 47.85 1 -3.74e-07 0 0.6944 0.2909 0.00227 0.001155 0.006424 -1 0.01461 -3.81 -5.838 -6.765 -7.189
0.01471 0 9.93702 1.079718351 2.488196541 0.864 3.214 3.5074 0.142 8 0.523 0.471 120.34 63.44 40.43 32.3 26.3 1 -1.57e-07 0 0.6944 0.2909 0.00227 0.001155 0.006424 -1 0.01461 -3.265 -5.198 -6.1 -6.47
0.01471 0 9.93702 1.079718471 2.488196562 0.863 3.034 3.5328 0.423 8 0.523 0.471 66.58 38.17 24.89 19.73 16.05 1 -7.5e-08 0 0.6944 0.2909 0.00227 0.001155 0.006424 -1 0.01461 -2.816 -4.663 -5.54 -5.857
0.01471 0 9.93702 1.079718471 2.488196562 0.863 2.87 3.556 0.68 8 0.523 0.471 38.71 23.97 15.96 12.57 10.21 2 -3.73e-08 0 0.6944 0.2909 0.00227 0.001155 0.006424 -1 0.01461 -2.404 -4.177 -5.014 -5.29
0.01471 0 9.93702 1.07971859 2.488196583 0.861 2.895 3.5523 0.64 8 0.523 0.471 42.14 25.78 17.1 13.49 10.96 2 -4.17e-08 0 0.6944 0.2909 0.00227 0.001155 0.006424 -1 0.01461 -2.467 -4.25 -5.095 -5.378
0.01471 0 9.93702 1.079718828 2.488196625 0.86 3.021 3.5341 0.439 8 0.523 0.471 64.25 37.01 24.16 19.15 15.57 1 -7.2e-08 0 0.6944 0.2909 0.00227 0.001155 0.006424 -1 0.01461 -2.784 -4.626 -5.501 -5.816
0.01471 0 9.93702 1.079719067 2.488196666 0.858 3.18 3.5114 0.189 8 0.523 0.471 108.94 58.2 37.23 29.71 24.18 1 -1.4e-07 0 0.6944 0.2909 0.00227 0.001155 0.006424 -1 0.01461 -3.18 -5.1 -5.999 -6.361
0.01471 0 9.93702 1.079719305 2.488196708 0.855 3.31 3.4927 -0.017 8 0.523 0.471 162.43 84.3 53.03 42.55 34.67 1 -2.37e-07 0 0.6944 0.2909 0.00227 0.001155 0.006424 -1 0.01461 -3.504 -5.483 -6.399 -6.798
0.01471 0 9.93702 1.079719543 2.48819675 0.853 3.391 3.4807 -0.147 8 0.523 0.471 198.28 106.66 66.38 53.46 43.58 1 -3.3e-07 0 0.6944 0.2909 0.00227 0.001155 0.006424 -1 0.01461 -3.707 -5.723 -6.649 -7.067
0.01471 0 9.93702 1.079719901 2.488196813 0.849 3.431 3.4746 -0.214 8 0.524 0.471 219.35 120.19 74.39 60.03 48.95 1 -3.91e-07 0 0.6944 0.2909 0.00227 0.001155 0.006424 -1 0.01461 -3.808 -5.842 -6.771 -7.197
0.01471 0 9.93702 1.079720259 2.488196876 0.846 3.447 3.4718 -0.243 8 0.524 0.471 229.01 126.52 78.12 63.1 51.46 1 -4.21e-07 0.01 0.6944 0.2909 0.00227 0.001155 0.006424 -1 0.01461 -3.849 -5.89 -6.821 -7.251
0.01471 0 9.93702 1.079720616 2.488196938 0.842 3.454 3.4703 -0.258 8 0.524 0.471 233.84 129.76 80.02 64.66 52.74 0 -4.38e-07 0.01 0.6944 0.2909 0.00227 0.001155 0.006424 -1 0.01461 -3.866 -5.911 -6.843 -7.274
0.01471 0 9.93702 1.079720616 2.488196938 0.842 3.241 3.5007 0.077 8 0.524 0.471 137.48 70.89 44.92 35.98 29.3 1 -1.88e-07 0 0.6944 0.2909 0.00227 0.001155 0.006424 -1 0.01461 -3.333 -5.288 -6.195 -6.578
0.01471 0 9.93702 1.079720736 2.488196959 0.841 3.062 3.5262 0.358 8 0.524 0.471 76.01 42.66 27.66 21.99 17.89 1 -9.08e-08 0 0.6944 0.2909 0.00227 0.001155 0.006424 -1 0.01461 -2.885 -4.755 -5.639 -5.97
0.01471 0 9.93702 1.079720855 2.48819698 0.84 2.897 3.5496 0.616 8 0.524 0.471 44.07 26.74 17.71 13.98 11.36 2 -4.54e-08 0 0.6944 0.2909 0.00227 0.001155 0.006424 -1 0.01461 -2.473 -4.264 -5.115 -5.401
0.01471 0 9.93702 1.079720974 2.488197001 0.838 2.922 3.546 0.575 8 0.524 0.471 47.96 28.75 18.97 15 12.19 2 -5.08e-08 0 0.6944 0.2909 0.00227 0.001155 0.006424 -1 0.01461 -2.535 -4.338 -5.195 -5.488
0.01471 0 9.93702 1.079721093 2.488197022 0.836 3.047 3.5279 0.376 8 0.524 0.471 72.96 41.17 26.73 21.25 17.28 1 -8.68e-08 0 0.6944 0.2909 0.00227 0.001155 0.006424 -1 0.01461 -2.848 -4.712 -5.595 -5.922
0.01471 0 9.93702 1.079721332 2.488197064 0.834 3.204 3.5052 0.127 8 0.525 0.471 123.36 64.53 41.06 32.85 26.74 1 -1.67e-07 0 0.6944 0.2909 0.00227 0.001155 0.006424 -1 0.01461 -3.241 -5.181 -6.085 -6.459
0.01471 0 9.93702 1.07972157 2.488197106 0.831 3.332 3.4865 -0.076 8 0.525 0.471 176.16 93.22 58.33 46.93 38.24 1 -2.81e-07 0 0.6944 0.2909 0.00227 0.001155 0.006424 -1 0.01461 -3.561 -5.559 -6.48 -6.888
0.01471 0 9.93702 1.079721928 2.488197168 0.828 3.413 3.4747 -0.206 8 0.525 0.471 214.69 117.69 72.87 58.84 47.97 1 -3.9e-07 0.01 0.6944 0.2909 0.00227 0.001155 0.006424 -1 0.01461 -3.761 -5.795 -6.724 -7.149
0.01471 0 9.93702 1.079722285 2.488197231 0.824 3.452 3.4686 -0.272 8 0.525 0.471 237.19 132.42 81.55 65.97 53.8 0 -4.61e-07 0.01 0.6944 0.2909 0.00227 0.001155 0.006424 -1 0.01461 -3.86 -5.91 -6.843 -7.276
0.01471 0 9.93702 1.079722643 2.488197294 0.82 3.468 3.4659 -0.3 8 0.525 0.471 247.34 139.23 85.54 69.26 56.49 0 -4.97e-07 0.01 0.6944 0.2909 0.00227 0.001155 0.006424 -1 0.01461 -3.899 -5.956 -6.89 -7.325
0.01471 0 9.93702 1.07972312 2.488197378 0.815 3.474 3.4646 -0.314 8 0.526 0.471 252.25 142.61 87.51 70.9 57.82 0 -5.18e-07 0.01 0.6944 0.2909 0.00227 0.001155 0.006424 -1 0.01461 -3.915 -5.976 -6.91 -7.347
0.01471 0 9.93702 1.07972312 2.488197378 0.815 3.266 3.4946 0.013 8 0.526 0.471 152.33 78.86 49.7 39.91 32.5 1 -2.29e-07 0 0.6944 0.2909 0.00227 0.001155 0.006424 -1 0.01461 -3.395 -5.369 -6.282 -6.677
0.01471 0 9.93702 1.079723239 2.488197399 0.814 3.088 3.5204 0.294 8 0.526 0.471 86.38 47.44 30.59 24.39 19.83 1 -1.11e-07 0 0.6944 0.2909 0.00227 0.001155 0.006424 -1 0.01461 -2.95 -4.839 -5.729 -6.072
0.01471 0 9.93702 1.079723358 2.488197419 0.812 2.923 3.5442 0.553 8 0.526 0.471 49.89 29.67 19.54 15.47 12.57 2 -5.63e-08 0 0.6944 0.2909 0.00227 0.001155 0.006424 -1 0.01461 -2.537 -4.346 -5.206 -5.502
0.01471 0 9.93702 1.079723477 2.48819744 0.81 2.948 3.5405 0.513 8 0.526 0.471 54.33 31.91 20.94 16.6 13.49 1 -6.3e-08 0 0.6944 0.2909 0.00227 0.001155 0.006424 -1 0.01461 -2.599 -4.42 -5.286 -5.589
0.01471 0 9.93702 1.079723597 2.488197461 0.807 3.072 3.5223 0.314 8 0.526 0.471 82.62 45.63 29.47 23.49 19.1 1 -1.07e-07 0 0.6944 0.2909 0.00227 0.001155 0.006424 -1 0.01461 -2.909 -4.792 -5.68 -6.019
0.01471 0 9.93702 1.079723835 2.488197503 0.804 3.227 3.4995 0.066 8 0.526 0.471 139.59 71.39 45.18 36.25 29.51 1 -2.03e-07 0 0.6944 0.2909 0.00227 0.001155 0.006424 -1 0.01461 -3.296 -5.255 -6.164 -6.549
0.01471 0 9.93702 1.079724193 2.488197566 0.8 3.353 3.4807 -0.137 8 0.527 0.471 190.71 103 64.11 51.73 42.15 1 -3.4e-07 0 0.6944 0.2909 0.00227 0.001155 0.006424 -1 0.01461 -3.612 -5.628 -6.554 -6.971
0.01471 0 9.93702 1.07972455 2.488197629 0.795 3.432 3.4687 -0.267 8 0.527 0.471 232.31 129.97 80.05 64.82 52.84 0 -4.72e-07 0.01 0.6944 0.2909 0.00227 0.001155 0.006424 -1 0.01461 -3.81 -5.859 -6.792 -7.225
0.01471 0 9.93702 1.079724908 2.488197691 0.79 3.471 3.4626 -0.333 8 0.527 0.471 253.15 -1 -1 -1 -1 0 -5.59e-07 0.01 0.6944 0.2909 0.00227 0.001155 0.006424 -1 0.01461 -3.907 -5.972 -6.909 -7.348
0.01471 0 9.93702 1.079725266 2.488197754 0.784 3.486 3.46 -0.362 8 0.527 0.471 249.76 -1 -1 -1 -1 0 -6.06e-07 0.01 0.6944 0.2909 0.00227 0.001155 0.006424 -1 0.01461 -3.944 -6.017 -6.955 -7.398
0.01471 0 9.93702 1.079725742 2.488197838 0.777 3.492 3.4588 -0.376 8 0.528 0.471 246.07 -1 -1 -1 -1 0 -6.35e-07 0.01 0.6944 0.2909 0.00227 0.001155 0.006424 -1 0.01461 -3.959 -6.034 -6.973 -7.417
0.01471 0 9.93702 1.079725742 2.488197838 0.777 3.291 3.4886 -0.056 8 0.528 0.471 166.49 88.25 55.28 44.55 36.27 1 -2.9e-07 0 0.6944 0.2909 0.00227 0.001155 0.006424 -1 0.01461 -3.456 -5.448 -6.367 -6.773
0.01471 0 9.93702 1.079725862 2.488197859 0.776 3.113 3.5149 0.226 8 0.528 0.471 98.98 53.01 33.97 27.17 22.1 1 -1.43e-07 0 0.6944 0.2909 0.00227 0.001155 0.006424 -1 0.01461 -3.013 -4.921 -5.816 -6.171
0.01471 0 9.93702 1.079725981 2.48819788 0.774 2.948 3.5393 0.487 8 0.528 0.471 56.81 33.02 21.62 17.17 13.95 1 -7.28e-08 0 0.6944 0.2909 0.00227 0.001155 0.006424 -1 0.01461 -2.601 -4.426 -5.293 -5.599
0.01471 0 9.93702 1.0797261 2.488197901 0.771 2.973 3.5356 0.446 8 0.528 0.471 61.96 35.54 23.19 18.44 14.99 1 -8.17e-08 0 0.6944 0.2909 0.00227 0.001155 0.006424 -1 0.01461 -2.663 -4.501 -5.373 -5.686
0.01471 0 9.93702 1.079726338 2.488197942 0.767 3.096 3.5171 0.248 8 0.528 0.471 94.33 50.82 32.62 26.09 21.21 1 -1.38e-07 0 0.6944 0.2909 0.00227 0.001155 0.006424 -1 0.01461 -2.969 -4.87 -5.763 -6.113
0.01471 0 9.93702 1.079726577 2.488197984 0.763 3.249 3.494 -0 8 0.529 0.471 151.8 79.44 49.97 40.24 32.75 1 -2.59e-07 0 0.6944 0.2909 0.00227 0.001155 0.006424 -1 0.01461 -3.352 -5.326 -6.241 -6.637
0.01471 0 9.93702 1.079726934 2.488198047 0.758 3.373 3.475 -0.204 8 0.529 0.471 207.31 114.59 70.9 57.41 46.77 0 -4.33e-07 0.01 0.6944 0.2909 0.00227 0.001155 0.006424 -1 0.01461 -3.663 -5.694 -6.624 -7.05
0.01471 0 9.93702 1.079727292 2.48819811 0.752 3.452 3.463 -0.334 8 0.529 0.471 231.5 -1 -1 -1 -1 0 -6e-07 0.01 0.6944 0.2909 0.00227 0.001155 0.006424 -1 0.01461 -3.859 -5.922 -6.859 -7.299
0.01471 0 9.93702 1.07972765 2.488198173 0.745 3.49 3.4569 -0.401 8 0.529 0.471 227.74 -1 -1 -1 -1 0 -7.15e-07 0.02 0.6944 0.2909 0.00227 0.001155 0.006424 -1 0.01461 -3.955 -6.033 -6.973 -7.421
0.01471 0 9.93702 1.079728127 2.488198256 0.737 3.505 3.4544 -0.43 8 0.53 0.471 223.6 -1 -1 -1 -1 0 -7.82e-07 0.02 0.6944 0.2909 0.00227 0.001155 0.006424 -1 0.01461 -3.993 -6.077 -7.017 -7.468
0.01471 0 9.93702 1.079728603 2.48819834 0.729 3.511 3.4534 -0.445 8 0.53 0.471 219.1 -1 -1 -1 -1 0 -8.29e-07 0.02 0.6944 0.2909 0.00227 0.001155 0.006424 -1 0.01461 -4.009 -6.095 -7.035 -7.488
0.01471 0 9.93702 1.079728603 2.48819834 0.729 3.318 3.4833 -0.132 8 0.53 0.471 183.04 99.65 61.99 50.16 40.84 1 -3.93e-07 0.01 0.6944 0.2909 0.00227 0.001155 0.006424 -1 0.01461 -3.524 -5.531 -6.455 -6.87
0.01471 0 9.93702 1.079728723 2.488198361 0.727 3.141 3.5104 0.152 8 0.53 0.471 114.72 59.61 37.95 30.48 24.78 1 -1.96e-07 0 0.6944 0.2909 0.00227 0.001155 0.006424 -1 0.01461 -3.083 -5.006 -5.904 -6.271
0.01471 0 9.93702 1.079728842 2.488198382 0.725 2.977 3.5359 0.417 8 0.53 0.471 65.16 36.88 23.99 19.13 15.54 1 -1.01e-07 0 0.6944 0.2909 0.00227 0.001155 0.006424 -1 0.01461 -2.672 -4.509 -5.379 -5.693
0.01471 0 9.93702 1.079728961 2.488198403 0.721 3.001 3.5323 0.376 8 0.531 0.471 71.02 39.65 25.71 20.53 16.67 1 -1.13e-07 0 0.6944 0.2909 0.00227 0.001155 0.006424 -1 0.01461 -2.733 -4.582 -5.457 -5.778
0.01471 0 9.93702 1.079729199 2.488198444 0.717 3.122 3.5138 0.179 8 0.531 0.471 108.12 56.58 36.09 28.98 23.56 1 -1.9e-07 0 0.6944 0.2909 0.00227 0.001155 0.006424 -1 0.01461 -3.035 -4.946 -5.841 -6.201
0.01471 0 9.93702 1.079729438 2.488198486 0.712 3.273 3.4906 -0.068 8 0.531 0.471 164.4 88.22 55.15 44.59 36.28 1 -3.55e-07 0 0.6944 0.2909 0.00227 0.001155 0.006424 -1 0.01461 -3.412 -5.396 -6.314 -6.719
0.01471 0 9.93702 1.079729676 2.488198528 0.705 3.395 3.4717 -0.27 8 0.531 0.471 206.37 -1 -1 -1 -1 0 -5.9e-07 0.01 0.6944 0.2909 0.00227 0.001155 0.006424 -1 0.01461 -3.719 -5.757 -6.689 -7.123
0.01471 0 9.93702 1.079730034 2.488198591 0.698 3.473 3.4599 -0.399 8 0.532 0.471 202.58 -1 -1 -1 -1 0 -8.21e-07 0.02 0.6944 0.2909 0.00227 0.001155 0.006424 -1 0.01461 -3.911 -5.979 -6.919 -7.37
0.01471 0 9.93702 1.079730392 2.488198654 0.69 3.511 3.4545 -0.464 8 0.532 0.471 198.36 -1 -1 -1 -1 0 -9.86e-07 0.03 0.6944 0.2909 0.00227 0.001155 0.006424 -1 0.01461 -4.006 -6.083 -7.027 -7.484
0.01471 0 9.93702 1.079730868 2.488198737 0.681 3.526 3.4529 -0.491 8 0.532 0.471 193.73 -1 -1 -1 -1 0 -1.09e-06 0.03 0.6944 0.2909 0.00227 0.001155 0.006424 -1 0.01461 -4.044 -6.122 -7.067 -7.529
0.01471 0 9.93702 1.079731345 2.488198821 0.671 3.532 3.4531 -0.503 8 0.533 0.471 188.72 -1 -1 -1 -1 0 -1.18e-06 0.04 0.6944 0.2909 0.00227 0.001155 0.006424 -1 0.01461 -4.06 -6.134 -7.081 -7.545
0.01471 0 9.93702 1.079735279 2.488199511 0.536 -9.999 4 1.818 9 0.536 0 0 0 0 0 0 -1 -1e-30 0 0.6944 0.2909 0.00227 0.001155 0.006424 -1 0.01461 29.767 30.019 30.042 30.052
