# downloaded from PARSEC/CMD via ezpadova
# component=thin7 family=thin_disk component_index=6 logAge=9.937016107464814 MH=0.25 photometric_system=twomass
# Zini MH logAge Mini int_IMF Mass logL logTe logg label McoreTP C_O period0 period1 period2 period3 period4 pmode Mloss tau1m X Y Xc Xn Xo Cexcess Z mbolmag Jmag Hmag Ksmag
0.025095 0.25 9.93702 0.0955969095 1.133236387 0.095 -3.348 3.3623 5.168 1 0 0.545 0 0 0 0 0 -1 -3.61e-17 0 0.6792 0.2952 0.004602 0.001242 0.01126 -1 0.0256 13.141 10.988 10.399 10.103
0.025095 0.25 9.93702 0.1055120975 1.21556776 0.105 -3.208 3.3802 5.141 1 0 0.545 0 0 0 0 0 -1 -5.26e-17 0 0.6789 0.2955 0.004602 0.001242 0.01126 -1 0.0256 12.79 10.638 10.05 9.752
0.025095 0.25 9.93702 0.1105110496 1.253354834 0.11 -3.148 3.3874 5.129 1 0 0.545 0 0 0 0 0 -1 -6.1e-17 0 0.6787 0.2957 0.004602 0.001242 0.01126 -1 0.0256 12.64 10.488 9.901 9.602
0.025095 0.25 9.93702 0.1253425032 1.353540291 0.125 -2.985 3.4068 5.099 1 0 0.545 0 0 0 0 0 -1 -1.04e-16 0 0.6783 0.2961 0.004602 0.001242 0.01126 -1 0.0256 12.231 10.08 9.494 9.193
0.025095 0.25 9.93702 0.145172894 1.465702437 0.145 -2.815 3.4255 5.068 1 0 0.545 0 0 0 0 0 -1 -1.48e-16 0 0.6778 0.2966 0.004602 0.001242 0.01126 -1 0.0256 11.807 9.673 9.091 8.791
0.025095 0.25 9.93702 0.1650032997 1.559528955 0.165 -2.68 3.439 5.043 1 0 0.545 0 0 0 0 0 -1 -1.85e-16 0 0.6773 0.2971 0.004602 0.001242 0.01126 -1 0.0256 11.471 9.366 8.786 8.491
0.025095 0.25 9.93702 0.1875936985 1.650008516 0.187 -2.552 3.4507 5.017 1 0 0.545 0 0 0 0 0 -1 -2.53e-16 0 0.6767 0.2977 0.004602 0.001242 0.01126 -1 0.0256 11.151 9.072 8.493 8.204
0.025095 0.25 9.93702 0.2046640813 1.709466363 0.204 -2.466 3.4586 5 1 0 0.545 0 0 0 0 0 -1 -3.01e-16 0 0.6764 0.298 0.004602 0.001242 0.01126 -1 0.0256 10.934 8.874 8.295 8.011
0.025095 0.25 9.93702 0.2187128365 1.753758809 0.218 -2.403 3.4634 4.986 1 0 0.545 0 0 0 0 0 -1 -3.42e-16 0 0.6762 0.2982 0.004602 0.001242 0.01126 -1 0.0256 10.778 8.729 8.149 7.868
0.025095 0.25 9.93702 0.2542400956 1.850971178 0.254 -2.261 3.4743 4.953 1 0 0.545 0 0 0 0 0 -1 -4.56e-16 0 0.6757 0.2987 0.004602 0.001242 0.01126 -1 0.0256 10.423 8.398 7.816 7.544
0.025095 0.25 9.93702 0.3038160801 1.960493596 0.303 -2.094 3.4863 4.911 1 0 0.545 0 0 0 0 0 -1 -6.44e-16 0 0.6757 0.2987 0.004602 0.001242 0.01126 -1 0.0256 10.004 8.008 7.423 7.16
0.025095 0.25 9.93702 0.3289523423 2.007507136 0.329 -2.017 3.4914 4.889 1 0 0.545 0 0 0 0 0 -1 -7.17e-16 0 0.6781 0.2963 0.004602 0.001242 0.01126 -1 0.0256 9.812 7.827 7.24 6.981
0.025095 0.25 9.93702 0.3533920944 2.048942254 0.353 -1.946 3.4959 4.868 0 0 0.545 0 0 0 0 0 -1 -8.21e-16 0 0.68 0.2944 0.004602 0.001242 0.01126 -1 0.0256 9.635 7.661 7.07 6.816
0.025095 0.25 9.93702 0.4029681087 2.122572238 0.403 -1.806 3.5073 4.83 1 0 0.545 0 0 0 0 0 -1 -1.19e-15 0 0.6802 0.2942 0.004602 0.001242 0.01126 -1 0.0256 9.284 7.336 6.736 6.491
0.025095 0.25 9.93702 0.4179978073 2.142598453 0.418 -1.76 3.5113 4.816 1 0 0.545 0 0 0 0 0 -1 -1.32e-15 0 0.6802 0.2942 0.004602 0.001242 0.01126 -1 0.0256 9.17 7.232 6.628 6.386
0.025095 0.25 9.93702 0.4525440931 2.185277485 0.452 -1.661 3.5201 4.786 1 0 0.545 0 0 0 0 0 -1 -1.65e-15 0 0.6802 0.2942 0.004602 0.001242 0.01126 -1 0.0256 8.922 7.008 6.393 6.157
0.025095 0.25 9.93702 0.502120018 2.239628983 0.502 -1.512 3.5341 4.74 1 0 0.545 0 0 0 0 0 -1 -2.33e-15 0 0.6811 0.2934 0.00459 0.001238 0.01123 -1 0.02553 8.551 6.671 6.04 5.812
0.025095 0.25 9.93702 0.550958693 2.2844504 0.55 -1.352 3.551 4.687 1 0 0.545 0 0 0 0 0 -1 -3.42e-15 0 0.6995 0.2763 0.004341 0.001171 0.01063 -1 0.02416 8.149 6.313 5.662 5.444
0.025095 0.25 9.93702 0.5516960621 2.285057517 0.551 -1.349 3.5513 4.686 1 0 0.545 0 0 0 0 0 -1 -3.43e-15 0 0.6998 0.276 0.004337 0.00117 0.01062 -1 0.02414 8.144 6.308 5.657 5.439
0.025095 0.25 9.93702 0.5609325767 2.292507223 0.561 -1.318 3.5556 4.679 1 0 0.545 0 0 0 0 0 -1 -3.69e-15 0 0.7004 0.2755 0.00433 0.001168 0.0106 -1 0.0241 8.065 6.241 5.586 5.371
0.025095 0.25 9.93702 0.601271987 2.321981326 0.601 -1.186 3.5738 4.65 1 0 0.545 0 0 0 0 0 -1 -4.99e-15 0 0.7028 0.2733 0.004299 0.00116 0.01053 -1 0.02394 7.736 5.966 5.292 5.093
0.025095 0.25 9.93702 0.6468804479 2.350266746 0.647 -1.031 3.5998 4.631 1 0 0.544 0 0 0 0 0 -1 -7.04e-15 0 0.7052 0.271 0.004269 0.001152 0.01046 -1 0.02378 7.348 5.646 4.959 4.792
0.025095 0.25 9.93702 0.650848031 2.352512732 0.651 -1.018 3.6019 4.629 1 0 0.544 0 0 0 0 0 -1 -7.24e-15 0 0.7054 0.2708 0.004266 0.001152 0.01045 -1 0.02377 7.315 5.618 4.933 4.768
0.025095 0.25 9.93702 0.7004240751 2.378128189 0.7 -0.852 3.6316 4.614 1 0 0.544 0 0 0 0 0 -1 -1.04e-14 0 0.7078 0.2686 0.004236 0.001144 0.01038 -1 0.0236 6.9 5.279 4.613 4.487
0.025095 0.25 9.93702 0.7357088327 2.393961434 0.736 -0.731 3.6555 4.61 1 0 0.539 0 0 0 0 0 -1 -1.35e-14 0 0.7093 0.2672 0.004176 0.001137 0.01033 -1 0.02349 6.598 5.044 4.435 4.33
0.025095 0.25 9.93702 0.75 2.399888909 0.75 -0.683 3.6648 4.607 1 0 0.537 0 0 0 0 0 -1 -1.49e-14 0 0.7099 0.2666 0.004152 0.001134 0.01031 -1 0.02346 6.478 4.952 4.373 4.274
0.025095 0.25 9.93702 0.7767916918 2.410328284 0.777 -0.602 3.6763 4.588 1 0 0.537 0 0 0 0 0 -1 -1.81e-14 0 0.7119 0.2648 0.004127 0.001128 0.01025 -1 0.02329 6.276 4.785 4.245 4.152
0.025095 0.25 9.93702 0.8000000119 2.418724441 0.8 -0.533 3.6862 4.57 1 0 0.537 0 0 0 0 0 -1 -2.13e-14 0 0.7136 0.2632 0.004105 0.001122 0.0102 -1 0.02318 6.102 4.642 4.134 4.046
0.025095 0.25 9.93702 0.8124927878 2.423016302 0.812 -0.495 3.6915 4.56 1 0 0.537 0 0 0 0 0 -1 -2.33e-14 0 0.7147 0.2622 0.004092 0.001119 0.01017 -1 0.02311 6.007 4.565 4.072 3.987
0.025095 0.25 9.93702 0.8353513479 2.430488463 0.835 -0.426 3.701 4.541 1 0 0.536 0 0 0 0 0 -1 -2.76e-14 0 0.7165 0.2605 0.004069 0.001112 0.01011 -1 0.023 5.834 4.424 3.96 3.88
0.025095 0.25 9.93702 0.8500000238 2.435034684 0.849 -0.382 3.7069 4.528 1 0 0.536 0 0 0 0 0 -1 -3.07e-14 0 0.7177 0.2594 0.004054 0.001109 0.01008 -1 0.02295 5.724 4.335 3.889 3.811
0.025095 0.25 9.93702 0.8512100577 2.435402181 0.851 -0.378 3.7074 4.527 1 0 0.536 0 0 0 0 0 -1 -3.1e-14 0 0.7178 0.2593 0.004053 0.001108 0.01007 -1 0.02294 5.715 4.327 3.883 3.805
0.025095 0.25 9.93702 0.8726843596 2.441729627 0.872 -0.312 3.7156 4.505 1 0 0.536 0 0 0 0 0 -1 -3.65e-14 0 0.7198 0.2574 0.004027 0.001101 0.01001 -1 0.02277 5.551 4.193 3.772 3.698
0.025095 0.25 9.93702 0.8928803205 2.447362148 0.892 -0.25 3.7231 4.483 1 0 0.536 0 0 0 0 0 -1 -4.27e-14 0 0.7218 0.2556 0.004003 0.001095 0.009955 -1 0.02261 5.396 4.066 3.665 3.594
0.025095 0.25 9.93702 0.8999999762 2.449278602 0.899 -0.229 3.7256 4.475 1 0 0.536 0 0 0 0 0 -1 -4.51e-14 0 0.7224 0.255 0.003995 0.001092 0.009935 -1 0.02255 5.342 4.021 3.627 3.558
0.025095 0.25 9.93702 0.9001913071 2.449329623 0.899 -0.228 3.7257 4.475 1 0 0.536 0 0 0 0 0 -1 -4.52e-14 0 0.7225 0.255 0.003994 0.001092 0.009934 -1 0.02255 5.34 4.02 3.626 3.557
0.025095 0.25 9.93702 0.9126933813 2.45261024 0.912 -0.189 3.7299 4.459 1 0 0.536 0 0 0 0 0 -1 -5e-14 0 0.7239 0.2537 0.003977 0.001088 0.009889 -1 0.02244 5.243 3.939 3.556 3.489
0.025095 0.25 9.93702 0.9251688719 2.455782449 0.924 -0.151 3.7339 4.442 1 0 0.536 0 0 0 0 0 -1 -5.53e-14 0 0.7253 0.2523 0.003959 0.001083 0.009846 -1 0.02236 5.146 3.858 3.485 3.42
0.025095 0.25 9.93702 0.9367620945 2.458643384 0.936 -0.114 3.7375 4.425 1 0 0.536 0 0 0 0 0 -1 -6.09e-14 0 0.7266 0.2511 0.003943 0.001078 0.009807 -1 0.02227 5.056 3.782 3.418 3.354
0.025095 0.25 9.93702 0.9482159019 2.461391053 0.947 -0.079 3.7408 4.408 1 0 0.536 0 0 0 0 0 -1 -6.71e-14 0 0.7279 0.2499 0.003926 0.001074 0.009769 -1 0.02221 4.966 3.706 3.35 3.289
0.025095 0.25 9.93702 0.9500000477 2.461812201 0.949 -0.073 3.7413 4.405 1 0 0.536 0 0 0 0 0 -1 -6.81e-14 0 0.7281 0.2497 0.003924 0.001073 0.009763 -1 0.02221 4.952 3.694 3.339 3.278
0.025095 0.25 9.93702 0.9587308764 2.463847147 0.958 -0.045 3.7436 4.391 1 0 0.536 0 0 0 0 0 -1 -7.36e-14 0 0.7292 0.2486 0.003909 0.001069 0.009727 -1 0.02215 4.883 3.634 3.285 3.225
0.025095 0.25 9.93702 0.9688004851 2.466141831 0.968 -0.013 3.7461 4.373 1 0 0.536 0 0 0 0 0 -1 -8.04e-14 0 0.7306 0.2474 0.003893 0.001065 0.009686 -1 0.02204 4.802 3.565 3.222 3.163
0.025095 0.25 9.93702 0.9784699082 2.468294278 0.978 0.018 3.7483 4.356 1 0 0.536 0 0 0 0 0 -1 -8.76e-14 0 0.7318 0.2462 0.003877 0.001061 0.009651 -1 0.02197 4.726 3.498 3.16 3.103
0.025095 0.25 9.93702 0.9884365201 2.470462271 0.988 0.049 3.7503 4.337 1 0 0.536 0 0 0 0 0 -1 -9.56e-14 0 0.7331 0.245 0.003862 0.001057 0.009616 -1 0.02187 4.649 3.43 3.096 3.04
0.025095 0.25 9.93702 0.9980068207 2.472497259 0.998 0.079 3.7519 4.318 1 0 0.536 0 0 0 0 0 -1 -1.04e-13 0 0.734 0.2442 0.003851 0.001054 0.009588 -1 0.0218 4.573 3.362 3.032 2.977
0.025095 0.25 9.93702 1 2.472915448 1 0.085 3.7523 4.314 1 0 0.536 0 0 0 0 0 -1 -1.06e-13 0 0.7342 0.244 0.003849 0.001053 0.009583 -1 0.02178 4.557 3.347 3.018 2.963
0.025095 0.25 9.93702 1.008108973 2.474597203 1.008 0.112 3.7535 4.296 1 0 0.536 0 0 0 0 0 -1 -1.13e-13 0 0.7351 0.2432 0.003839 0.00105 0.009558 -1 0.02171 4.491 3.286 2.961 2.906
0.025095 0.25 9.93702 1.020576477 2.477123039 1.02 0.155 3.7554 4.265 1 0 0.536 0 0 0 0 0 -1 -1.27e-13 0 0.7349 0.2434 0.003843 0.001051 0.009565 -1 0.02177 4.382 3.187 2.866 2.812
0.025095 0.25 9.93702 1.029113054 2.47881196 1.028 0.186 3.7564 4.242 1 0 0.535 0 0 0 0 0 -1 -1.37e-13 0 0.7343 0.2439 0.003852 0.001054 0.00959 -1 0.02182 4.305 3.114 2.795 2.742
0.025095 0.25 9.93702 1.040778995 2.481068569 1.04 0.229 3.7572 4.207 1 0 0.536 0 0 0 0 0 -1 -1.54e-13 0 0.7331 0.245 0.003869 0.001059 0.009633 -1 0.0219 4.198 3.011 2.694 2.641
0.025095 0.25 9.93702 1.049833298 2.482780298 1.049 0.263 3.7573 4.176 1 0 0.535 0 0 0 0 0 -1 -1.7e-13 0 0.732 0.246 0.003885 0.001063 0.009673 -1 0.022 4.112 2.925 2.609 2.556
0.025095 0.25 9.93702 1.049999952 2.482811486 1.049 0.264 3.7573 4.176 1 0 0.535 0 0 0 0 0 -1 -1.7e-13 0 0.732 0.246 0.003885 0.001063 0.009674 -1 0.02201 4.11 2.924 2.607 2.554
0.025095 0.25 9.93702 1.057984948 2.484292592 1.057 0.296 3.7567 4.145 1 0 0.535 0 0 0 0 0 -1 -1.87e-13 0 0.7307 0.2472 0.003906 0.001069 0.009728 -1 0.02214 4.031 2.842 2.524 2.471
0.025095 0.25 9.93702 1.06083715 2.484815424 1.059 0.307 3.7564 4.134 1 0 0.535 0 0 0 0 0 -1 -1.93e-13 0 0.7297 0.2481 0.003921 0.001073 0.009764 -1 0.0222 4.002 2.812 2.493 2.44
0.025095 0.25 9.93702 1.068049312 2.486123159 1.067 0.337 3.7546 4.1 2 0 0.535 0 0 0 0 0 -1 -2.12e-13 0 0.7262 0.2513 0.003971 0.001087 0.009891 -1 0.02249 3.928 2.73 2.407 2.352
0.025095 0.25 9.93702 1.075518727 2.487456301 1.074 0.367 3.7513 4.059 2 0 0.535 0 0 0 0 0 -1 -2.34e-13 0 0.7214 0.2558 0.004037 0.001105 0.01005 -1 0.02284 3.853 2.64 2.309 2.253
0.025095 0.25 9.93702 1.083231568 2.488810725 1.082 0.393 3.7445 4.009 2 0 0.536 0 0 0 0 0 -1 -2.59e-13 0 0.7142 0.2624 0.00413 0.00113 0.01028 -1 0.02338 3.787 2.544 2.196 2.137
0.025095 0.25 9.93702 1.089395285 2.489877272 1.088 0.405 3.7345 3.959 2 0 0.536 0 0 0 0 0 -1 -2.8e-13 0 0.7065 0.2696 0.004225 0.001156 0.01051 -1 0.02392 3.757 2.474 2.1 2.036
0.025095 0.25 9.93702 1.092734695 2.490449335 1.091 0.401 3.7243 3.924 2 0 0.536 0 0 0 0 0 -1 -2.87e-13 0 0.7012 0.2746 0.004289 0.001173 0.01066 -1 0.02424 3.767 2.445 2.044 1.975
0.025095 0.25 9.93702 1.0949049 2.490818955 1.093 0.396 3.7149 3.892 2 0 0.537 0 0 0 0 0 -1 -2.93e-13 0 0.6974 0.2781 0.004334 0.001185 0.01077 -1 0.02446 3.78 2.424 1.997 1.923
0.025095 0.25 9.93702 1.096840262 2.49114716 1.095 0.399 3.7057 3.854 2 0 0.537 0 0 0 0 0 -1 -3.06e-13 0 0.6941 0.2812 0.004371 0.001194 0.01086 -1 0.02465 3.773 2.384 1.932 1.853
0.025095 0.25 9.93702 1.098755002 2.491470559 1.097 0.418 3.6975 3.802 2 0 0.537 0 0 0 0 0 -1 -3.37e-13 0 0.6909 0.2843 0.004403 0.001203 0.01093 -1 0.02484 3.726 2.309 1.832 1.75
0.025095 0.25 9.93702 1.100000024 2.491680148 1.098 0.441 3.6932 3.763 2 0 0.537 0 0 0 0 0 -1 -3.7e-13 0 0.6887 0.2863 0.004422 0.001208 0.01098 -1 0.02494 3.668 2.237 1.748 1.663
0.025095 0.25 9.93702 1.10041368 2.491749663 1.099 0.45 3.6918 3.749 2 0 0.537 0 0 0 0 0 -1 -3.84e-13 0 0.688 0.287 0.004428 0.00121 0.01099 -1 0.02497 3.646 2.21 1.717 1.631
0.025095 0.25 9.93702 1.101089239 2.491863062 1.099 0.47 3.6903 3.722 2 0 0.537 0 0 0 0 0 -1 -4.14e-13 0 0.6867 0.2883 0.004434 0.001212 0.01101 -1 0.02503 3.595 2.155 1.657 1.57
0.025095 0.25 9.93702 1.102545261 2.492106925 1.101 0.518 3.6875 3.663 3 0 0.535 0 0 0 0 0 -1 -4.93e-13 0 0.6836 0.2913 0.004431 0.001223 0.01105 -1 0.0251 3.474 2.025 1.518 1.43
0.025095 0.25 9.93702 1.103965282 2.492344045 1.102 0.573 3.6854 3.601 3 0 0.526 0 0 0 0 0 -1 -5.98e-13 0 0.68 0.2948 0.00437 0.001274 0.01108 -1 0.02519 3.337 1.882 1.368 1.279
0.025095 0.25 9.93702 1.105234027 2.492555313 1.103 0.628 3.6838 3.54 3 0 0.507 0 0 0 0 0 -1 -7.25e-13 0 0.6763 0.2984 0.004221 0.001427 0.0111 -1 0.02526 3.201 1.741 1.223 1.133
0.025095 0.25 9.93702 1.106166363 2.492710208 1.104 0.671 3.6827 3.492 3 0 0.49 0 0 0 0 0 -1 -8.46e-13 0 0.6737 0.301 0.004082 0.001597 0.01111 -1 0.02533 3.092 1.628 1.106 1.016
0.025095 0.25 9.93702 1.107258081 2.4928912 1.105 0.727 3.6813 3.432 3 0 0.471 0 0 0 0 0 -1 -1.03e-12 0 0.6705 0.3041 0.003927 0.001793 0.01113 -1 0.02539 2.954 1.485 0.96 0.868
0.025095 0.25 9.93702 1.108043671 2.493021187 1.106 0.77 3.6801 3.384 3 0 0.46 0 0 0 0 0 -1 -1.2e-12 0 0.6684 0.3062 0.003842 0.001902 0.01114 -1 0.02538 2.845 1.373 0.844 0.751
0.025095 0.25 9.93702 1.10872817 2.493134274 1.107 0.811 3.679 3.339 3 0 0.453 0 0 0 0 0 -1 -1.39e-12 0 0.6669 0.3076 0.003789 0.00197 0.01114 -1 0.02544 2.743 1.267 0.735 0.641
0.025095 0.25 9.93702 1.109370112 2.493240185 1.107 0.852 3.6778 3.293 3 0 0.448 0 0 0 0 0 -1 -1.6e-12 0 0.6656 0.3089 0.003748 0.002023 0.01115 -1 0.02545 2.64 1.161 0.625 0.53
0.025095 0.25 9.93702 1.109963417 2.493337945 1.108 0.893 3.6764 3.247 3 0 0.444 0 0 0 0 0 -1 -1.85e-12 0 0.6646 0.3099 0.003716 0.002064 0.01115 -1 0.02546 2.537 1.054 0.514 0.418
0.025095 0.25 9.93702 1.110687137 2.493457032 1.109 0.948 3.6746 3.185 3 0 0.441 0 0 0 0 0 -1 -2.25e-12 0 0.6635 0.311 0.003686 0.002103 0.01115 -1 0.0255 2.401 0.911 0.366 0.269
0.025095 0.25 9.93702 1.111293197 2.493556621 1.109 0.998 3.6727 3.128 3 0 0.438 0 0 0 0 0 -1 -2.7e-12 0 0.6629 0.3116 0.003667 0.002128 0.01116 -1 0.02546 2.274 0.779 0.228 0.129
0.025095 0.25 9.93702 1.111742616 2.49363039 1.11 1.04 3.6711 3.08 3 0 0.437 0 0 0 0 0 -1 -3.14e-12 0 0.6626 0.312 0.003659 0.002139 0.01116 -1 0.02546 2.17 0.67 0.114 0.014
0.025095 0.25 9.93702 1.112262845 2.493715697 1.11 1.092 3.669 3.02 3 0 0.436 0 0 0 0 0 -1 -3.79e-12 0 0.6623 0.3122 0.003651 0.002149 0.01116 -1 0.02547 2.04 0.534 -0.029 -0.13
0.025095 0.25 9.93702 1.112715483 2.493789845 1.11 1.142 3.6669 2.961 3 0 0.436 0 0 0 0 0 -1 -4.54e-12 0 0.6622 0.3123 0.003647 0.002154 0.01116 -1 0.02548 1.916 0.403 -0.166 -0.269
0.025095 0.25 9.93702 1.113145948 2.493860296 1.111 1.194 3.6646 2.901 3 0 0.436 0 0 0 0 0 -1 -5.48e-12 0 0.6622 0.3124 0.003646 0.002155 0.01116 -1 0.02548 1.786 0.267 -0.309 -0.414
0.025095 0.25 9.93702 1.113523126 2.493921975 1.111 1.244 3.6622 2.841 3 0 0.436 0 0 0 0 0 -1 -6.58e-12 0 0.6621 0.3124 0.003645 0.002156 0.01116 -1 0.02548 1.661 0.135 -0.448 -0.555
0.025095 0.25 9.93702 1.113855958 2.493976363 1.111 1.292 3.6599 2.783 3 0 0.436 0 0 0 0 0 -1 -7.86e-12 0 0.6621 0.3124 0.003645 0.002156 0.01116 -1 0.02548 1.54 0.007 -0.582 -0.692
0.025095 0.25 9.93702 1.114175558 2.494028553 1.112 1.342 3.6574 2.723 3 0 0.436 0 0 0 0 0 -1 -9.45e-12 0 0.6621 0.3124 0.003644 0.002157 0.01116 -1 0.02549 1.415 -0.125 -0.722 -0.834
0.025095 0.25 9.93702 1.114461541 2.494075224 1.112 1.39 3.6549 2.666 3 0 0.435 0 0 0 0 0 -1 -1.13e-11 0 0.6621 0.3124 0.003644 0.002158 0.01116 -1 0.02549 1.295 -0.251 -0.856 -0.97
0.025095 0.25 9.93702 1.114738345 2.494120371 1.112 1.437 3.6524 2.609 3 0 0.435 0 0 0 0 0 -1 -1.34e-11 0 0.6621 0.3124 0.003644 0.002158 0.01116 -1 0.02549 1.178 -0.374 -0.987 -1.103
0.025095 0.25 9.93702 1.115107775 2.494180585 1.112 1.483 3.65 2.553 3 0 0.435 0 0 0 0 0 -1 -1.59e-11 0 0.6621 0.3124 0.003643 0.002159 0.01116 -1 0.02549 1.063 -0.496 -1.116 -1.234
0.025095 0.25 9.93702 1.115158558 2.494188858 1.112 1.487 3.6498 2.548 3 0 0.435 0 0 0 0 0 -1 -1.62e-11 0 0.6621 0.3124 0.003643 0.002159 0.01116 -1 0.02549 1.051 -0.508 -1.129 -1.247
0.025095 0.25 9.93702 1.115427971 2.494232737 1.112 1.444 3.6527 2.603 3 0 0.435 0 0 0 0 0 -1 -1.4e-11 0 0.6621 0.3124 0.003642 0.00216 0.01116 -1 0.02549 1.16 -0.391 -1.003 -1.119
0.025095 0.25 9.93702 1.115546346 2.494252009 1.113 1.413 3.6547 2.642 3 0 0.435 0 0 0 0 0 -1 -1.24e-11 0 0.6621 0.3124 0.003642 0.00216 0.01116 -1 0.02549 1.237 -0.309 -0.915 -1.029
0.025095 0.25 9.93702 1.115629077 2.494265475 1.113 1.432 3.6536 2.618 3 0 0.435 0 0 0 0 0 -1 -1.32e-11 0 0.6621 0.3124 0.003642 0.00216 0.01116 -1 0.02549 1.189 -0.36 -0.969 -1.084
0.025095 0.25 9.93702 1.115857244 2.494302601 1.113 1.481 3.6509 2.559 3 0 0.435 0 0 0 0 0 -1 -1.57e-11 0 0.6621 0.3124 0.003642 0.002161 0.01116 -1 0.02549 1.067 -0.49 -1.107 -1.225
0.025095 0.25 9.93702 1.116079807 2.494338799 1.113 1.53 3.6481 2.498 3 0 0.435 0 0 0 0 0 -1 -1.88e-11 0 0.6621 0.3124 0.003641 0.002161 0.01116 -1 0.02549 0.944 -0.62 -1.246 -1.366
0.025095 0.25 9.93702 1.116284728 2.494372113 1.113 1.579 3.6453 2.439 3 0 0.435 0 0 0 0 0 -1 -2.26e-11 0 0.6621 0.3124 0.003641 0.002162 0.01116 -1 0.02549 0.823 -0.749 -1.383 -1.506
0.025095 0.25 9.93702 1.116468191 2.494401927 1.113 1.626 3.6425 2.381 3 0 0.435 0 0 0 0 0 -1 -2.69e-11 0 0.6621 0.3124 0.003641 0.002162 0.01116 -1 0.02549 0.706 -0.874 -1.515 -1.642
0.025095 0.25 9.93702 1.116640806 2.494429967 1.113 1.674 3.6396 2.321 3 0 0.435 0 0 0 0 0 -1 -3.21e-11 0 0.6621 0.3124 0.003641 0.002162 0.01116 -1 0.02549 0.586 -1.002 -1.651 -1.781
0.025095 0.25 9.93702 1.116795301 2.494455056 1.113 1.72 3.6367 2.263 3 0 0.435 0 0 0 0 0 -1 -3.83e-11 0 0.6621 0.3124 0.00364 0.002163 0.01116 -1 0.02549 0.469 -1.126 -1.783 -1.917
0.025095 0.25 9.93702 1.116937637 2.494478163 1.113 1.767 3.6338 2.204 3 0 0.435 0 0 0 0 0 -1 -4.56e-11 0 0.6621 0.3124 0.00364 0.002163 0.01116 -1 0.02549 0.352 -1.251 -1.916 -2.053
0.025095 0.25 9.93702 1.117066026 2.494499 1.113 1.813 3.6308 2.147 3 0 0.435 0 0 0 0 0 -1 -5.41e-11 0 0.6621 0.3124 0.00364 0.002163 0.01116 -1 0.0255 0.238 -1.373 -2.046 -2.187
0.025095 0.25 9.93702 1.11718452 2.494518226 1.113 1.859 3.6279 2.089 3 0 0.435 0 0 0 0 0 -1 -6.43e-11 0 0.6621 0.3124 0.00364 0.002164 0.01116 -1 0.0255 0.123 -1.495 -2.176 -2.321
0.025095 0.25 9.93702 1.117293358 2.494535881 1.113 1.905 3.6248 2.031 3 0 0.435 0 0 0 0 0 -1 -7.64e-11 0 0.6621 0.3124 0.00364 0.002164 0.01116 -1 0.0255 0.008 -1.618 -2.308 -2.456
0.025095 0.25 9.93702 1.117390156 2.49455158 1.113 1.949 3.6218 1.974 3 0 0.435 0 0 0 0 0 -1 -9.04e-11 0 0.6621 0.3124 0.003639 0.002164 0.01116 -1 0.0255 -0.103 -1.736 -2.431 -2.585
0.025095 0.25 9.93702 1.11747992 2.494566135 1.112 1.994 3.6187 1.917 3 0 0.435 0 0 0 0 0 -1 -1.07e-10 0 0.6621 0.3124 0.003639 0.002164 0.01116 -1 0.0255 -0.215 -1.854 -2.552 -2.713
0.025095 0.25 9.93702 1.117560983 2.494579277 1.112 2.038 3.6156 1.861 3 0 0.435 0 0 0 0 0 -1 -1.27e-10 0 0.6621 0.3124 0.003639 0.002164 0.01116 -1 0.0255 -0.325 -1.971 -2.671 -2.839
0.025095 0.25 9.93702 1.117636204 2.49459147 1.112 2.082 3.6124 1.803 3 0 0.435 0 0 0 0 0 -1 -1.5e-10 0 0.6621 0.3124 0.003639 0.002164 0.01116 -1 0.0255 -0.436 -2.088 -2.791 -2.967
0.025095 0.25 9.93702 1.117704392 2.494602522 1.112 2.126 3.6092 1.747 3 0 0.435 0 0 0 0 0 -1 -1.77e-10 0 0.6621 0.3124 0.003639 0.002165 0.01116 -1 0.0255 -0.545 -2.203 -2.909 -3.093
0.025095 0.25 9.93702 1.117766261 2.494612548 1.111 2.169 3.6061 1.692 3 0 0.435 0 0 0 0 0 -1 -2.08e-10 0 0.6621 0.3124 0.003639 0.002165 0.01116 -1 0.0255 -0.652 -2.316 -3.025 -3.217
0.025095 0.25 9.93702 1.117823362 2.4946218 1.111 2.211 3.6029 1.636 3 0 0.435 0 0 0 0 0 -1 -2.45e-10 0 0.6621 0.3124 0.003639 0.002165 0.01116 -1 0.0255 -0.758 -2.429 -3.141 -3.341
0.025095 0.25 9.93702 1.11787653 2.494630413 1.111 2.254 3.5996 1.58 3 0 0.435 0 0 0 0 0 -1 -2.88e-10 0 0.6621 0.3124 0.003639 0.002165 0.01116 -1 0.0255 -0.865 -2.542 -3.258 -3.466
0.025095 0.25 9.93702 1.117923975 2.494638099 1.11 2.295 3.5964 1.526 3 0 0.435 0 0 0 0 0 -1 -3.38e-10 0 0.6621 0.3124 0.003639 0.002165 0.01116 -1 0.0255 -0.968 -2.652 -3.371 -3.587
0.025095 0.25 9.93702 1.117967963 2.494645225 1.11 2.337 3.5931 1.471 3 0 0.435 0 0 0 0 0 -1 -3.96e-10 0 0.6621 0.3124 0.003638 0.002165 0.01116 -1 0.0255 -1.071 -2.763 -3.488 -3.711
0.025095 0.25 9.93702 1.11800921 2.494651905 1.11 2.378 3.5897 1.416 3 0 0.435 0 0 0 0 0 -1 -4.65e-10 0 0.6621 0.3124 0.003638 0.002165 0.01116 -1 0.0255 -1.175 -2.876 -3.609 -3.837
0.025095 0.25 9.93702 1.118045211 2.494657736 1.109 2.417 3.5864 1.364 3 0 0.435 0 0 0 0 0 -1 -5.41e-10 0 0.6621 0.3124 0.003638 0.002165 0.01116 -1 0.0255 -1.273 -2.982 -3.723 -3.957
0.025095 0.25 9.93702 1.118079543 2.494663295 1.109 2.457 3.5831 1.31 3 0 0.435 0 0 0 0 0 -1 -6.31e-10 0 0.6621 0.3124 0.003638 0.002165 0.01116 -1 0.0255 -1.372 -3.092 -3.84 -4.079
0.025095 0.25 9.93702 1.118112206 2.494668585 1.108 2.498 3.5796 1.255 3 0 0.435 0 0 0 0 0 -1 -7.39e-10 0 0.6621 0.3124 0.003638 0.002165 0.01116 -1 0.0255 -1.474 -3.203 -3.959 -4.204
0.025095 0.25 9.93702 1.118140578 2.494673179 1.107 2.536 3.5762 1.204 3 0 0.435 13.94 9.92 6.91 5.32 4.32 4 -8.58e-10 0 0.6621 0.3124 0.003638 0.002166 0.01116 -1 0.0255 -1.569 -3.308 -4.071 -4.322
0.025095 0.25 9.93702 1.118166804 2.494677425 1.107 2.573 3.5727 1.152 3 0 0.435 15.51 10.89 7.56 5.83 4.73 4 -9.94e-10 0 0.6621 0.3124 0.003638 0.002166 0.01116 -1 0.0255 -1.663 -3.413 -4.183 -4.439
0.025095 0.25 9.93702 1.118191957 2.494681497 1.106 2.612 3.5692 1.099 3 0 0.435 17.3 11.98 8.28 6.39 5.19 3 -1.16e-09 0 0.6621 0.3124 0.003638 0.002166 0.01116 -1 0.0255 -1.759 -3.519 -4.297 -4.559
0.025095 0.25 9.93702 1.118215084 2.494685241 1.105 2.649 3.5657 1.047 3 0 0.435 19.26 13.16 9.05 7 5.69 3 -1.34e-09 0 0.6621 0.3124 0.003638 0.002166 0.01116 -1 0.0255 -1.853 -3.624 -4.409 -4.677
0.025095 0.25 9.93702 1.118241072 2.494689448 1.104 2.695 3.5613 0.983 3 0 0.435 21.97 14.76 10.1 7.82 6.36 3 -1.6e-09 0 0.6621 0.3124 0.003638 0.002166 0.01116 -1 0.0255 -1.967 -3.752 -4.545 -4.82
0.025095 0.25 9.93702 1.118264794 2.494693289 1.103 2.739 3.5568 0.921 3 0 0.435 25.01 16.52 11.25 8.73 7.1 3 -1.91e-09 0 0.6621 0.3124 0.003638 0.002166 0.01116 -1 0.0255 -2.078 -3.878 -4.678 -4.962
0.025095 0.25 9.93702 1.118286729 2.494696839 1.102 2.783 3.5523 0.858 3 0 0.435 28.47 18.5 12.53 9.74 7.92 3 -2.28e-09 0 0.6621 0.3124 0.003638 0.002166 0.01116 -1 0.0255 -2.188 -4.003 -4.811 -5.102
0.025095 0.25 9.93702 1.118306637 2.494700061 1.1 2.826 3.5478 0.797 3 0 0.435 32.32 20.66 13.92 10.84 8.82 3 -2.71e-09 0 0.6621 0.3124 0.003638 0.002166 0.01116 -1 0.0255 -2.295 -4.125 -4.94 -5.24
0.025095 0.25 9.93702 1.118325114 2.494703052 1.099 2.869 3.5433 0.735 3 0 0.435 36.7 23.08 15.48 12.07 9.83 3 -3.22e-09 0 0.6621 0.3124 0.003638 0.002166 0.01116 -1 0.0255 -2.402 -4.247 -5.068 -5.377
0.025095 0.25 9.93702 1.118342042 2.494705792 1.097 2.91 3.5387 0.675 3 0 0.435 41.56 25.73 17.17 13.41 10.92 2 -3.81e-09 0 0.6621 0.3124 0.003638 0.002166 0.01116 -1 0.0255 -2.505 -4.366 -5.194 -5.511
0.025095 0.25 9.93702 1.118357897 2.494708358 1.095 2.952 3.5342 0.614 3 0 0.435 47.11 28.69 19.05 14.91 12.14 2 -4.51e-09 0 0.6621 0.3124 0.003638 0.002166 0.01116 -1 0.0255 -2.609 -4.486 -5.319 -5.646
0.025095 0.25 9.93702 1.118372202 2.494710673 1.093 2.991 3.5296 0.556 3 0 0.435 53.17 31.89 21.07 16.52 13.45 2 -5.32e-09 0 0.6621 0.3124 0.003638 0.002166 0.01116 -1 0.0255 -2.708 -4.6 -5.439 -5.776
0.025095 0.25 9.93702 1.118385911 2.494712892 1.091 3.031 3.525 0.496 3 0 0.435 60.11 35.48 23.33 18.32 14.92 2 -6.27e-09 0 0.6621 0.3124 0.003638 0.002166 0.01116 -1 0.0255 -2.809 -4.715 -5.559 -5.907
0.025095 0.25 9.93702 1.118398428 2.494714917 1.088 3.07 3.5205 0.439 3 0 0.435 67.74 39.37 25.77 20.27 16.51 2 -7.37e-09 0 0.6621 0.3124 0.003638 0.002166 0.01116 -1 0.0255 -2.905 -4.827 -5.676 -6.034
0.025095 0.25 9.93702 1.118409872 2.494716769 1.086 3.108 3.5159 0.381 3 0 0.435 76.22 43.63 28.42 22.39 18.25 2 -8.63e-09 0 0.6621 0.3124 0.003638 0.002166 0.01116 -1 0.0255 -3 -4.936 -5.79 -6.158
0.025095 0.25 9.93702 1.118420601 2.494718505 1.083 3.145 3.5113 0.325 3 0 0.435 85.69 48.31 31.32 24.72 20.15 2 -1.01e-08 0 0.6621 0.3124 0.003638 0.002166 0.01116 -1 0.0255 -3.092 -5.043 -5.903 -6.281
0.025095 0.25 9.93702 1.118430734 2.494720145 1.08 3.182 3.5066 0.268 3 0 0.435 96.34 53.48 34.52 27.28 22.24 2 -1.18e-08 0 0.6621 0.3124 0.003638 0.002166 0.01116 -1 0.0255 -3.184 -5.148 -6.015 -6.402
0.025095 0.25 9.93702 1.118440032 2.49472165 1.076 3.217 3.5019 0.213 3 0 0.435 108.02 59.07 37.95 30.04 24.5 2 -1.37e-08 0 0.6621 0.3124 0.003638 0.002166 0.01116 -1 0.0255 -3.273 -5.251 -6.123 -6.519
0.025095 0.25 9.93702 1.118448853 2.494723077 1.073 3.252 3.4972 0.157 3 0 0.435 121.1 65.24 41.72 33.08 26.98 1 -1.6e-08 0 0.6621 0.3124 0.003638 0.002166 0.01116 -1 0.0255 -3.36 -5.351 -6.23 -6.635
0.025095 0.25 9.93702 1.11845696 2.494724389 1.069 3.286 3.4925 0.103 3 0 0.435 135.4 71.87 45.76 36.34 29.65 1 -1.86e-08 0 0.6621 0.3124 0.003638 0.002166 0.01116 -1 0.0255 -3.445 -5.446 -6.334 -6.748
0.025095 0.25 9.93702 1.118464589 2.494725623 1.064 3.319 3.4879 0.05 3 0 0.435 151.21 79.08 50.13 39.87 32.54 1 -2.15e-08 0 0.6621 0.3124 0.003638 0.002166 0.01116 -1 0.0255 -3.528 -5.54 -6.436 -6.859
0.025095 0.25 9.93702 1.11847198 2.494726819 1.059 3.352 3.4833 -0.004 3 0 0.435 168.9 87.03 54.93 43.76 35.71 1 -2.49e-08 0 0.6621 0.3124 0.003638 0.002166 0.01116 -1 0.0255 -3.61 -5.633 -6.537 -6.968
0.025095 0.25 9.93702 1.118479013 2.494727957 1.054 3.384 3.4787 -0.057 3 0 0.435 186.62 95.58 60.06 47.92 39.12 1 -2.89e-08 0 0.6621 0.3124 0.003638 0.002166 0.01116 -1 0.0255 -3.691 -5.724 -6.636 -7.073
0.025095 0.25 9.93702 1.118484139 2.494728787 1.05 3.405 3.4757 -0.091 3 0 0.435 196.5 101.69 63.72 50.89 41.55 1 -3.19e-08 0 0.6621 0.3124 0.003638 0.002166 0.01116 -1 0.0255 -3.743 -5.783 -6.699 -7.14
0.025095 0.25 9.93702 1.118484139 2.494728787 1.049 1.672 3.6557 2.362 4 0 0.451 0 0 0 0 0 -1 -1e-30 0 0.6637 0.3109 0.003764 0.001998 0.01113 -1 0.0254 0.59 -0.957 -1.553 -1.67
0.025095 0.25 9.93702 1.118607759 2.494748786 1.05 1.682 3.6549 2.349 4 0 0.451 0 0 0 0 0 -1 -1e-30 0 0.6637 0.3109 0.003763 0.001999 0.01113 -1 0.0254 0.565 -0.985 -1.583 -1.701
0.025095 0.25 9.93702 1.118726492 2.49476799 1.05 1.685 3.6549 2.346 4 0 0.451 0 0 0 0 0 -1 -1e-30 0 0.6637 0.3109 0.003763 0.001999 0.01113 -1 0.0254 0.558 -0.992 -1.59 -1.708
0.025095 0.25 9.93702 1.118846893 2.494787459 1.05 1.683 3.6552 2.349 4 0 0.451 0 0 0 0 0 -1 -1e-30 0 0.6637 0.3109 0.003763 0.001999 0.01113 -1 0.0254 0.562 -0.987 -1.584 -1.701
0.025095 0.25 9.93702 1.118970156 2.494807385 1.05 1.68 3.6557 2.354 4 0 0.451 0 0 0 0 0 -1 -1e-30 0 0.6637 0.3109 0.003763 0.002 0.01113 -1 0.0254 0.57 -0.978 -1.574 -1.691
0.025095 0.25 9.93702 1.119090676 2.494826864 1.05 1.677 3.6562 2.359 4 0 0.451 0 0 0 0 0 -1 -1e-30 0 0.6637 0.3109 0.003763 0.002 0.01113 -1 0.0254 0.578 -0.968 -1.563 -1.679
0.025095 0.25 9.93702 1.119211435 2.494846376 1.05 1.674 3.6567 2.364 4 0 0.451 0 0 0 0 0 -1 -1e-30 0 0.6637 0.3109 0.003762 0.002 0.01113 -1 0.0254 0.585 -0.959 -1.552 -1.668
0.025095 0.25 9.93702 1.119331121 2.49486571 1.05 1.671 3.6572 2.369 4 0 0.451 0 0 0 0 0 -1 -1e-30 0 0.6637 0.3109 0.003762 0.002001 0.01113 -1 0.0254 0.593 -0.951 -1.542 -1.658
0.025095 0.25 9.93702 1.119453311 2.494885443 1.051 1.668 3.6577 2.374 4 0 0.451 0 0 0 0 0 -1 -1e-30 0 0.6637 0.3109 0.003762 0.002001 0.01113 -1 0.0254 0.6 -0.942 -1.532 -1.647
0.025095 0.25 9.93702 1.119570851 2.494904421 1.051 1.665 3.6581 2.378 4 0 0.451 0 0 0 0 0 -1 -1e-30 0 0.6637 0.3109 0.003762 0.002001 0.01113 -1 0.0254 0.606 -0.935 -1.523 -1.638
0.025095 0.25 9.93702 1.119692802 2.494924107 1.051 1.663 3.6585 2.382 4 0 0.451 0 0 0 0 0 -1 -1e-30 0 0.6637 0.3109 0.003762 0.002001 0.01113 -1 0.0254 0.612 -0.928 -1.515 -1.63
0.025095 0.25 9.93702 1.119820356 2.494944691 1.051 1.661 3.6589 2.386 4 0 0.451 0 0 0 0 0 -1 -1e-30 0 0.6637 0.3109 0.003761 0.002002 0.01113 -1 0.0254 0.617 -0.922 -1.508 -1.622
0.025095 0.25 9.93702 1.119948864 2.494965424 1.051 1.659 3.6592 2.389 4 0 0.451 0 0 0 0 0 -1 -1e-30 0 0.6637 0.3109 0.003761 0.002002 0.01113 -1 0.0254 0.622 -0.916 -1.501 -1.615
0.025095 0.25 9.93702 1.119974136 2.494969501 1.051 1.659 3.6593 2.39 4 0 0.451 0 0 0 0 0 -1 -1e-30 0 0.6637 0.3109 0.003761 0.002002 0.01113 -1 0.0254 0.623 -0.915 -1.5 -1.614
0.025095 0.25 9.93702 1.120073557 2.494985536 1.051 1.658 3.6595 2.392 4 0 0.451 0 0 0 0 0 -1 -1e-30 0 0.6637 0.3109 0.003761 0.002002 0.01113 -1 0.0254 0.626 -0.911 -1.495 -1.609
0.025095 0.25 9.93702 1.120100617 2.4949899 1.051 1.657 3.6596 2.393 4 0 0.451 0 0 0 0 0 -1 -1e-30 0 0.6637 0.3109 0.003761 0.002003 0.01113 -1 0.0254 0.627 -0.91 -1.494 -1.608
0.025095 0.25 9.93702 1.120192289 2.495004682 1.052 1.656 3.6598 2.395 4 0 0.451 0 0 0 0 0 -1 -1e-30 0 0.6637 0.3109 0.003761 0.002003 0.01113 -1 0.0254 0.629 -0.907 -1.491 -1.604
0.025095 0.25 9.93702 1.120307088 2.49502319 1.052 1.655 3.6601 2.397 4 0 0.451 0 0 0 0 0 -1 -1e-30 0 0.6637 0.3109 0.00376 0.002003 0.01113 -1 0.0254 0.632 -0.904 -1.487 -1.6
0.025095 0.25 9.93702 1.120428562 2.495042768 1.052 1.655 3.6603 2.399 4 0 0.451 0 0 0 0 0 -1 -1e-30 0 0.6637 0.3109 0.00376 0.002003 0.01113 -1 0.0254 0.634 -0.901 -1.483 -1.596
0.025095 0.25 9.93702 1.120548487 2.495062093 1.052 1.654 3.6605 2.4 4 0 0.45 0 0 0 0 0 -1 -1e-30 0 0.6637 0.3109 0.00376 0.002004 0.01113 -1 0.02541 0.635 -0.9 -1.481 -1.594
0.025095 0.25 9.93702 1.120669365 2.495081566 1.052 1.654 3.6606 2.4 4 0 0.45 0 0 0 0 0 -1 -1e-30 0 0.6637 0.3109 0.00376 0.002004 0.01113 -1 0.02541 0.635 -0.899 -1.48 -1.593
0.025095 0.25 9.93702 1.120783567 2.495099959 1.052 1.654 3.6607 2.4 4 0 0.45 0 0 0 0 0 -1 -1e-30 0 0.6637 0.3109 0.003759 0.002004 0.01113 -1 0.02541 0.634 -0.9 -1.481 -1.593
0.025095 0.25 9.93702 1.120896936 2.495118213 1.052 1.655 3.6607 2.4 4 0 0.45 0 0 0 0 0 -1 -1e-30 0 0.6637 0.3109 0.003759 0.002005 0.01113 -1 0.02541 0.632 -0.902 -1.482 -1.595
0.025095 0.25 9.93702 1.120930195 2.495123568 1.052 1.655 3.6607 2.4 4 0 0.45 0 0 0 0 0 -1 -1e-30 0 0.6637 0.3109 0.003759 0.002005 0.01113 -1 0.02541 0.631 -0.902 -1.483 -1.596
0.025095 0.25 9.93702 1.121051431 2.495143083 1.053 1.657 3.6607 2.398 4 0 0.45 0 0 0 0 0 -1 -1e-30 0 0.6637 0.3109 0.003759 0.002005 0.01113 -1 0.02541 0.627 -0.907 -1.487 -1.6
0.025095 0.25 9.93702 1.12116611 2.495161539 1.053 1.659 3.6605 2.395 4 0 0.45 0 0 0 0 0 -1 -1e-30 0 0.6637 0.3109 0.003759 0.002005 0.01113 -1 0.02541 0.623 -0.912 -1.493 -1.606
0.025095 0.25 9.93702 1.12128377 2.495180469 1.053 1.662 3.6604 2.392 4 0 0.45 0 0 0 0 0 -1 -1e-30 0 0.6636 0.3109 0.003758 0.002006 0.01113 -1 0.02541 0.616 -0.919 -1.501 -1.613
0.025095 0.25 9.93702 1.121397018 2.495198686 1.053 1.665 3.6601 2.388 4 0 0.45 0 0 0 0 0 -1 -1e-30 0 0.6636 0.3109 0.003758 0.002006 0.01113 -1 0.02541 0.608 -0.928 -1.51 -1.623
0.025095 0.25 9.93702 1.121510983 2.495217013 1.053 1.669 3.6598 2.382 4 0 0.45 0 0 0 0 0 -1 -1e-30 0 0.6636 0.311 0.003758 0.002006 0.01113 -1 0.02541 0.597 -0.94 -1.523 -1.636
0.025095 0.25 9.93702 1.12162447 2.49523526 1.053 1.674 3.6594 2.376 4 0 0.45 0 0 0 0 0 -1 -1e-30 0 0.6636 0.311 0.003758 0.002007 0.01113 -1 0.02541 0.584 -0.954 -1.538 -1.652
0.025095 0.25 9.93702 1.121738076 2.495253521 1.053 1.68 3.6589 2.368 4 0 0.45 0 0 0 0 0 -1 -1e-30 0 0.6636 0.311 0.003758 0.002007 0.01113 -1 0.02541 0.569 -0.97 -1.556 -1.671
0.025095 0.25 9.93702 1.12185359 2.495272085 1.054 1.687 3.6584 2.359 4 0 0.45 0 0 0 0 0 -1 -1e-30 0 0.6636 0.311 0.003757 0.002007 0.01113 -1 0.02541 0.553 -0.988 -1.575 -1.69
0.025095 0.25 9.93702 1.121968031 2.495290472 1.054 1.695 3.6576 2.348 4 0 0.45 0 0 0 0 0 -1 -1e-30 0 0.6636 0.311 0.003757 0.002008 0.01113 -1 0.02541 0.531 -1.012 -1.601 -1.717
0.025095 0.25 9.93702 1.122080207 2.49530849 1.054 1.708 3.6565 2.331 4 0 0.45 0 0 0 0 0 -1 -1e-30 0 0.6636 0.311 0.003757 0.002008 0.01113 -1 0.02541 0.5 -1.047 -1.639 -1.756
0.025095 0.25 9.93702 1.122167706 2.495322542 1.054 1.692 3.6581 2.353 4 0 0.45 0 0 0 0 0 -1 -1e-30 0 0.6636 0.311 0.003757 0.002008 0.01113 -1 0.02541 0.539 -1.003 -1.591 -1.706
0.025095 0.25 9.93702 1.122276664 2.495340037 1.054 1.709 3.6565 2.329 4 0 0.45 0 0 0 0 0 -1 -1e-30 0 0.6636 0.311 0.003756 0.002009 0.01113 -1 0.02541 0.497 -1.05 -1.642 -1.759
0.025095 0.25 9.93702 1.122391224 2.495358427 1.054 1.745 3.6533 2.281 4 0 0.45 0 0 0 0 0 -1 -1e-30 0 0.6636 0.311 0.003756 0.002009 0.01113 -1 0.02541 0.406 -1.149 -1.751 -1.871
0.025095 0.25 9.93702 1.122455001 2.495368663 1.054 1.782 3.6501 2.232 4 0 0.45 0 0 0 0 0 -1 -1e-30 0 0.6636 0.311 0.003756 0.002009 0.01113 -1 0.02541 0.316 -1.249 -1.859 -1.983
0.025095 0.25 9.93702 1.122491121 2.49537446 1.054 1.818 3.6469 2.183 4 0 0.45 0 0 0 0 0 -1 -1e-30 0 0.6636 0.311 0.003756 0.002009 0.01113 -1 0.02541 0.225 -1.348 -1.968 -2.094
0.025095 0.25 9.93702 1.122512221 2.495377846 1.054 1.855 3.6437 2.133 4 0 0.45 0 0 0 0 0 -1 -1e-30 0 0.6636 0.311 0.003756 0.002009 0.01113 -1 0.02541 0.133 -1.448 -2.077 -2.208
0.025095 0.25 9.93702 1.122524857 2.495379873 1.054 1.893 3.6403 2.081 4 0 0.45 0 0 0 0 0 -1 -1e-30 0 0.6636 0.311 0.003756 0.002009 0.01113 -1 0.02541 0.036 -1.554 -2.193 -2.327
0.025095 0.25 9.93702 1.122532129 2.49538104 1.054 1.932 3.637 2.029 4 0 0.45 0 0 0 0 0 -1 -1e-30 0 0.6636 0.311 0.003756 0.002009 0.01113 -1 0.02541 -0.059 -1.658 -2.306 -2.444
0.025095 0.25 9.93702 1.12253654 2.495381748 1.054 1.97 3.6337 1.978 4 0 0.45 0 0 0 0 0 -1 -1e-30 0 0.6636 0.311 0.003756 0.002009 0.01113 -1 0.02541 -0.156 -1.762 -2.418 -2.561
0.025095 0.25 9.93702 1.12253952 2.495382226 1.054 2.009 3.6304 1.925 4 0 0.45 0 0 0 0 0 -1 -1e-30 0 0.6636 0.311 0.003756 0.002009 0.01113 -1 0.02541 -0.254 -1.867 -2.527 -2.677
0.025095 0.25 9.93702 1.122541547 2.495382551 1.054 2.045 3.6273 1.877 4 0 0.45 0 0 0 0 0 -1 -1e-30 0 0.6636 0.311 0.003756 0.002009 0.01113 -1 0.02541 -0.343 -1.963 -2.626 -2.782
0.025095 0.25 9.93702 1.122542024 2.495382628 1.054 2.057 3.6263 1.861 7 0 0.45 0 0 0 0 0 -1 -1e-30 0 0.6636 0.311 0.003756 0.002009 0.01113 -1 0.02541 -0.373 -1.995 -2.659 -2.817
0.025095 0.25 9.93702 1.122542381 2.495382685 1.054 2.063 3.6258 1.853 7 0 0.45 0 0 0 0 0 -1 -1e-30 0 0.6636 0.311 0.003756 0.002009 0.01113 -1 0.02541 -0.389 -2.012 -2.677 -2.836
0.025095 0.25 9.93702 1.12254405 2.495382953 1.054 2.1 3.6226 1.803 7 0 0.45 0 0 0 0 0 -1 -1e-30 0 0.6636 0.311 0.003756 0.002009 0.01113 -1 0.02541 -0.481 -2.111 -2.779 -2.946
0.025095 0.25 9.93702 1.122545838 2.49538324 1.054 2.133 3.6198 1.759 7 0 0.45 0 0 0 0 0 -1 -1e-30 0 0.6636 0.311 0.003756 0.002009 0.01113 -1 0.02541 -0.564 -2.199 -2.871 -3.044
0.025095 0.25 9.93702 1.122550368 2.495383967 1.054 2.149 3.6185 1.738 7 0 0.45 0 0 0 0 0 -1 -1e-30 0 0.6636 0.311 0.003756 0.002009 0.01113 -1 0.02541 -0.602 -2.24 -2.914 -3.089
0.025095 0.25 9.93702 1.122559309 2.495385401 1.054 2.107 3.6221 1.795 7 0 0.45 0 0 0 0 0 -1 -1e-30 0 0.6636 0.311 0.003756 0.002009 0.01113 -1 0.02541 -0.497 -2.128 -2.797 -2.965
0.025095 0.25 9.93702 1.122591853 2.495390623 1.054 2.099 3.6228 1.805 7 0 0.45 0 0 0 0 0 -1 -1e-30 0 0.6636 0.311 0.003756 0.002009 0.01113 -1 0.02541 -0.478 -2.107 -2.775 -2.941
0.025095 0.25 9.93702 1.12267983 2.495404737 1.055 2.123 3.6207 1.772 7 0 0.45 0 0 0 0 0 -1 -1e-30 0 0.6636 0.311 0.003756 0.00201 0.01113 -1 0.02541 -0.538 -2.172 -2.843 -3.013
0.025095 0.25 9.93702 1.12273562 2.495413686 1.055 2.168 3.6168 1.712 7 0 0.45 0 0 0 0 0 -1 -1e-30 0 0.6636 0.311 0.003756 0.00201 0.01113 -1 0.02541 -0.65 -2.291 -2.967 -3.146
0.025095 0.25 9.93702 1.122777581 2.495420416 1.055 2.212 3.613 1.654 7 0 0.45 0 0 0 0 0 -1 -1e-30 0 0.6636 0.311 0.003755 0.00201 0.01113 -1 0.02541 -0.759 -2.408 -3.089 -3.276
0.025095 0.25 9.93702 1.122812629 2.495426037 1.055 2.255 3.6092 1.595 7 0 0.45 0 0 0 0 0 -1 -1e-30 0 0.6636 0.311 0.003755 0.00201 0.01113 -1 0.02541 -0.867 -2.523 -3.209 -3.405
0.025095 0.25 9.93702 1.122841954 2.49543074 1.055 2.297 3.6055 1.538 7 0 0.45 0 0 0 0 0 -1 -1e-30 0 0.6636 0.311 0.003755 0.00201 0.01113 -1 0.02541 -0.973 -2.636 -3.328 -3.533
0.025095 0.25 9.93702 1.122866869 2.495434735 1.055 2.339 3.6019 1.482 7 0 0.45 0 0 0 0 0 -1 -1e-30 0 0.6636 0.311 0.003755 0.00201 0.01113 -1 0.02541 -1.077 -2.747 -3.445 -3.658
0.025095 0.25 9.93702 1.122888565 2.495438214 1.055 2.38 3.5982 1.426 7 0 0.45 0 0 0 0 0 -1 -1e-30 0 0.6636 0.311 0.003755 0.00201 0.01113 -1 0.02541 -1.179 -2.859 -3.567 -3.785
0.025095 0.25 9.93702 1.122907758 2.495441291 1.055 2.421 3.5944 1.37 7 0 0.45 0 0 0 0 0 -1 -1e-30 0 0.6636 0.311 0.003755 0.00201 0.01113 -1 0.02541 -1.281 -2.972 -3.688 -3.912
0.025095 0.25 9.93702 1.122924805 2.495444024 1.055 2.461 3.5907 1.315 7 0 0.45 0 0 0 0 0 -1 -1e-30 0 0.6636 0.311 0.003755 0.00201 0.01113 -1 0.02541 -1.383 -3.082 -3.808 -4.038
0.025095 0.25 9.93702 1.12294054 2.495446547 1.055 2.501 3.587 1.26 7 0 0.45 12.19 8.85 6.19 4.77 3.87 4 -1e-30 0 0.6636 0.311 0.003755 0.00201 0.01113 -1 0.02541 -1.482 -3.193 -3.927 -4.164
0.025095 0.25 9.93702 1.122954965 2.49544886 1.055 2.54 3.5831 1.205 7 0 0.45 13.66 9.77 6.8 5.25 4.26 4 -1e-30 0 0.6636 0.311 0.003755 0.002011 0.01113 -1 0.02541 -1.581 -3.302 -4.045 -4.288
0.025095 0.25 9.93702 1.122968674 2.495451058 1.055 2.579 3.5793 1.151 7 0 0.45 15.28 10.77 7.46 5.77 4.68 3 -1e-30 0 0.6636 0.311 0.003754 0.002011 0.01113 -1 0.02541 -1.678 -3.409 -4.161 -4.41
0.025095 0.25 9.93702 1.122981667 2.495453141 1.055 2.619 3.5754 1.096 7 0 0.449 17.13 11.89 8.21 6.35 5.16 3 -1e-30 0 0.6636 0.311 0.003751 0.002012 0.01113 -1 0.02541 -1.776 -3.519 -4.28 -4.535
0.025095 0.25 9.93702 1.122993827 2.49545509 1.055 2.658 3.5714 1.04 7 0 0.449 19.24 13.16 9.04 7 5.69 3 -1e-30 0 0.6636 0.311 0.003746 0.002016 0.01113 -1 0.02541 -1.876 -3.63 -4.4 -4.662
0.025095 0.25 9.93702 1.123005033 2.495456886 1.055 2.696 3.5675 0.987 7 0 0.448 21.49 14.48 9.91 7.69 6.25 3 -1e-30 0 0.6636 0.311 0.003741 0.002022 0.01113 -1 0.02541 -1.97 -3.736 -4.514 -4.782
0.025095 0.25 9.93702 1.123016 2.495458645 1.055 2.736 3.5633 0.931 7 0 0.447 24.17 16.04 10.92 8.49 6.9 3 -1e-30 0 0.6636 0.311 0.003733 0.00203 0.01113 -1 0.02541 -2.069 -3.849 -4.634 -4.91
0.025095 0.25 9.93702 1.123026371 2.495460307 1.055 2.784 3.5581 0.862 7 0 0.446 27.89 18.17 12.3 9.58 7.79 3 -1e-30 0 0.6636 0.311 0.003725 0.002041 0.01113 -1 0.02541 -2.189 -3.986 -4.781 -5.065
0.025095 0.25 9.93702 1.123034596 2.495461626 1.055 2.843 3.5514 0.775 7 0 0.445 33.39 21.24 14.28 11.15 9.07 3 -1e-30 0 0.6636 0.311 0.003715 0.002053 0.01113 -1 0.02541 -2.338 -4.157 -4.963 -5.259
0.025095 0.25 9.93702 1.123039722 2.495462447 1.055 2.894 3.5454 0.701 7 0 0.444 39 24.32 16.25 12.71 10.34 2 -1e-30 0 0.6636 0.311 0.003707 0.002062 0.01113 -1 0.02541 -2.466 -4.305 -5.12 -5.427
0.025095 0.25 9.93702 1.123043656 2.495463078 1.055 2.938 3.5403 0.637 7 0 0.443 44.54 27.29 18.15 14.21 11.57 2 -1e-30 0 0.6636 0.311 0.003702 0.002068 0.01113 -1 0.02541 -2.574 -4.43 -5.253 -5.57
0.025095 0.25 9.93702 1.123047113 2.495463632 1.055 2.979 3.5353 0.576 7 0 0.443 50.57 30.48 20.16 15.82 12.88 2 -1e-30 0 0.6636 0.311 0.003699 0.002072 0.01113 -1 0.0254 -2.677 -4.55 -5.379 -5.706
0.025095 0.25 9.93702 1.123050332 2.495464148 1.055 3.019 3.5302 0.515 7 0 0.443 57.4 34.03 22.4 17.6 14.33 2 -1e-30 0 0.6636 0.311 0.003697 0.002075 0.01113 -1 0.0254 -2.778 -4.668 -5.505 -5.842
0.025095 0.25 9.93702 1.123053432 2.495464645 1.055 3.056 3.5255 0.459 7 0 0.443 64.5 37.66 24.68 19.42 15.82 2 -1e-30 0 0.6636 0.311 0.003696 0.002076 0.01113 -1 0.0254 -2.871 -4.777 -5.619 -5.967
0.025095 0.25 9.93702 1.123056412 2.495465123 1.055 3.091 3.521 0.406 7 0 0.443 72.03 41.46 27.05 21.32 17.37 2 -1e-30 0 0.6636 0.311 0.003696 0.002076 0.01113 -1 0.0254 -2.959 -4.88 -5.726 -6.084
0.025095 0.25 9.93702 1.123059154 2.495465562 1.055 3.122 3.5169 0.359 7 0 0.443 79.35 45.1 29.31 23.13 18.85 2 -1e-30 0 0.6636 0.311 0.003696 0.002076 0.01113 -1 0.0254 -3.035 -4.968 -5.82 -6.187
0.025095 0.25 9.93702 1.123062491 2.495466097 1.055 3.155 3.5124 0.308 7 0 0.443 88.25 49.47 32.02 25.3 20.62 2 -1e-30 0 0.6636 0.311 0.003696 0.002076 0.01113 -1 0.0254 -3.118 -5.065 -5.922 -6.299
0.025095 0.25 9.93702 1.123065949 2.495466651 1.055 3.188 3.508 0.257 7 0 0.443 98.09 54.23 34.96 27.66 22.55 2 -1e-30 0 0.6636 0.311 0.003696 0.002076 0.01113 -1 0.0254 -3.2 -5.161 -6.024 -6.41
0.025095 0.25 9.93702 1.123069644 2.495467243 1.055 3.219 3.5037 0.209 7 0 0.443 108.49 59.2 38.01 30.11 24.55 1 -1e-30 0 0.6636 0.311 0.003696 0.002076 0.01113 -1 0.0254 -3.278 -5.252 -6.121 -6.514
0.025095 0.25 9.93702 1.123072743 2.49546774 1.055 3.244 3.5003 0.17 7 0 0.443 117.5 63.45 40.62 32.21 26.27 1 -1e-30 0 0.6636 0.311 0.003696 0.002076 0.01113 -1 0.0254 -3.34 -5.323 -6.197 -6.597
0.025095 0.25 9.93702 1.123073697 2.495467893 1.055 3.228 3.5025 0.195 7 0 0.443 111.54 60.64 38.9 30.83 25.14 1 -1e-30 0 0.6636 0.311 0.003696 0.002076 0.01113 -1 0.0254 -3.3 -5.276 -6.147 -6.543
0.025095 0.25 9.93702 1.123073935 2.495467931 1.055 3.226 3.5027 0.198 7 0 0.443 110.88 60.33 38.71 30.67 25.01 1 -1e-30 0 0.6636 0.311 0.003696 0.002076 0.01113 -1 0.0254 -3.295 -5.271 -6.141 -6.537
0.025095 0.25 9.93702 1.123074055 2.495467951 1.055 3.228 3.5024 0.195 7 0 0.443 111.63 60.68 38.92 30.85 25.15 1 -1e-30 0 0.6636 0.311 0.003696 0.002076 0.01113 -1 0.0254 -3.3 -5.277 -6.148 -6.544
0.025095 0.25 9.93702 1.123074174 2.49546797 1.055 3.239 3.501 0.179 7 0 0.443 115.48 62.5 40.03 31.74 25.88 1 -1e-30 0 0.6636 0.311 0.003696 0.002076 0.01113 -1 0.0254 -3.327 -5.308 -6.18 -6.579
0.025095 0.25 9.93702 1.123074412 2.495468008 1.055 3.254 3.4988 0.154 7 0 0.443 121.4 65.28 41.73 33.11 27 1 -1e-30 0 0.6636 0.311 0.003696 0.002076 0.01113 -1 0.0254 -3.365 -5.352 -6.228 -6.631
0.025095 0.25 9.93702 1.123074532 2.495468027 1.055 3.272 3.4962 0.126 7 0 0.443 128.93 68.78 43.87 34.83 28.41 1 -1e-30 0 0.6636 0.311 0.003696 0.002076 0.01113 -1 0.0254 -3.411 -5.404 -6.285 -6.693
0.025095 0.25 9.93702 1.123074889 2.495468084 1.055 3.292 3.4933 0.095 7 0 0.443 137.46 72.72 46.27 36.76 29.99 1 -1e-30 0 0.6636 0.311 0.003696 0.002076 0.01113 -1 0.0254 -3.459 -5.459 -6.345 -6.759
0.025095 0.25 9.93702 1.123075247 2.495468141 1.055 3.312 3.4902 0.062 7 0 0.443 147.11 77.14 48.95 38.93 31.76 1 -1e-30 0 0.6636 0.311 0.003696 0.002076 0.01113 -1 0.0254 -3.51 -5.517 -6.409 -6.829
0.025095 0.25 9.93702 1.123075604 2.495468199 1.055 3.337 3.4864 0.022 7 0.523 0.443 159.84 82.92 52.44 41.75 34.07 1 -1e-30 0 0.6636 0.311 0.003696 0.002076 0.01113 -1 0.0254 -3.572 -5.587 -6.486 -6.912
0.025095 0.25 9.93702 1.12307632 2.495468313 1.011 3.365 3.4739 -0.074 8 0.522 0.464 188.73 97.6 61.22 48.93 39.94 1 -1.25e-07 0 0.6636 0.311 0.003881 0.002079 0.01116 -1 0.02537 -3.642 -5.684 -6.604 -7.045
0.025095 0.25 9.93702 1.12307632 2.495468313 1.011 3.085 3.502 0.317 8 0.522 0.464 85.77 48.1 31.15 24.64 20.07 2 -3.74e-08 0 0.6636 0.311 0.003881 0.002079 0.01116 -1 0.02537 -2.944 -4.919 -5.796 -6.187
0.025095 0.25 9.93702 1.123076439 2.495468333 1.011 2.964 3.5196 0.509 8 0.522 0.464 57.48 33.99 22.36 17.6 14.32 2 -2.32e-08 0 0.6636 0.311 0.003881 0.002079 0.01116 -1 0.02537 -2.64 -4.563 -5.416 -5.773
0.025095 0.25 9.93702 1.123076439 2.495468333 1.01 2.805 3.5426 0.76 8 0.522 0.464 34.08 21.6 14.5 11.34 9.22 3 -1.27e-08 0 0.6636 0.311 0.003881 0.002079 0.01116 -1 0.02537 -2.242 -4.089 -4.913 -5.222
0.025095 0.25 9.93702 1.123076558 2.495468352 1.01 2.836 3.5377 0.709 8 0.522 0.464 37.89 23.69 15.83 12.4 10.08 2 -1.42e-08 0 0.6636 0.311 0.003881 0.002079 0.01116 -1 0.02537 -2.32 -4.184 -5.015 -5.333
0.025095 0.25 9.93702 1.123076677 2.495468371 1.009 2.966 3.5183 0.501 8 0.522 0.464 58.47 34.5 22.68 17.85 14.53 2 -2.34e-08 0 0.6636 0.311 0.003881 0.002079 0.01116 -1 0.02537 -2.645 -4.572 -5.428 -5.787
0.025095 0.25 9.93702 1.123076916 2.495468409 1.008 3.125 3.4945 0.246 8 0.522 0.464 99.46 54.67 35.2 27.9 22.74 2 -4.38e-08 0 0.6636 0.311 0.003881 0.002079 0.01116 -1 0.02537 -3.044 -5.039 -5.928 -6.331
0.025095 0.25 9.93702 1.123077154 2.495468447 1.007 3.256 3.4749 0.037 8 0.522 0.464 153.9 79.82 50.52 40.27 32.84 1 -7.41e-08 0 0.6636 0.311 0.003881 0.002079 0.01116 -1 0.02537 -3.37 -5.409 -6.33 -6.762
0.025095 0.25 9.93702 1.123077393 2.495468485 1.006 3.339 3.4619 -0.099 8 0.523 0.464 195.71 101.98 63.83 51.06 41.68 1 -1.04e-07 0 0.6636 0.311 0.003881 0.002079 0.01116 -1 0.02537 -3.578 -5.644 -6.583 -7.029
0.025095 0.25 9.93702 1.123077631 2.495468524 1.004 3.383 3.4548 -0.172 8 0.523 0.464 218.65 116.28 72.35 57.99 47.35 1 -1.24e-07 0 0.6636 0.311 0.003881 0.002079 0.01116 -1 0.02537 -3.687 -5.767 -6.713 -7.164
0.025095 0.25 9.93702 1.123077989 2.495468581 1.003 3.403 3.4509 -0.208 8 0.523 0.464 231.03 124.12 77 61.79 50.45 1 -1.35e-07 0 0.6636 0.311 0.003881 0.002079 0.01116 -1 0.02537 -3.737 -5.824 -6.774 -7.228
0.025095 0.25 9.93702 1.123078346 2.495468638 1.001 3.414 3.4482 -0.231 8 0.523 0.464 239.19 129.35 80.1 64.31 52.52 1 -1.41e-07 0 0.6636 0.311 0.003881 0.002079 0.01116 -1 0.02537 -3.766 -5.858 -6.809 -7.263
0.025095 0.25 9.93702 1.123078346 2.495468638 1.001 3.194 3.4803 0.118 8 0.523 0.464 129.74 68.79 43.82 34.86 28.43 1 -5.73e-08 0 0.6636 0.311 0.003881 0.002079 0.01116 -1 0.02537 -3.214 -5.243 -6.155 -6.579
0.025095 0.25 9.93702 1.123078465 2.495468657 1.001 3.018 3.5059 0.396 8 0.523 0.464 72.58 41.59 27.1 21.4 17.43 2 -2.84e-08 0 0.6636 0.311 0.003881 0.002079 0.01116 -1 0.02537 -2.774 -4.737 -5.611 -5.993
0.025095 0.25 9.93702 1.123078465 2.495468657 1 2.858 3.529 0.648 8 0.523 0.464 42.94 26.39 17.55 13.77 11.2 2 -1.53e-08 0 0.6636 0.311 0.003881 0.002079 0.01116 -1 0.02537 -2.375 -4.268 -5.112 -5.446
0.025095 0.25 9.93702 1.123078585 2.495468676 0.999 2.889 3.5243 0.598 8 0.523 0.464 47.62 28.86 19.12 15.02 12.22 2 -1.72e-08 0 0.6636 0.311 0.003881 0.002079 0.01116 -1 0.02537 -2.452 -4.36 -5.209 -5.554
0.025095 0.25 9.93702 1.123078823 2.495468715 0.998 3.017 3.5052 0.393 8 0.523 0.464 73.08 41.83 27.25 21.52 17.52 2 -2.84e-08 0 0.6636 0.311 0.003881 0.002079 0.01116 -1 0.02537 -2.773 -4.739 -5.614 -5.997
0.025095 0.25 9.93702 1.123078942 2.495468734 0.997 3.175 3.4819 0.141 8 0.524 0.464 123.46 65.87 42.04 33.43 27.25 1 -5.32e-08 0 0.6636 0.311 0.003881 0.002079 0.01116 -1 0.02537 -3.166 -5.192 -6.102 -6.523
0.025095 0.25 9.93702 1.123079181 2.495468772 0.995 3.303 3.4626 -0.065 8 0.524 0.464 184.98 95.59 59.99 47.97 39.14 1 -8.97e-08 0 0.6636 0.311 0.003881 0.002079 0.01116 -1 0.02537 -3.488 -5.552 -6.49 -6.933
0.025095 0.25 9.93702 1.123079419 2.49546881 0.993 3.385 3.4501 -0.197 8 0.524 0.464 226.45 121.42 75.38 60.49 49.39 1 -1.26e-07 0 0.6636 0.311 0.003881 0.002079 0.01116 -1 0.02537 -3.692 -5.78 -6.731 -7.184
0.025095 0.25 9.93702 1.123079777 2.495468868 0.991 3.427 3.4434 -0.267 8 0.524 0.464 251.73 137.63 84.96 68.31 55.79 1 -1.49e-07 0 0.6636 0.311 0.003881 0.002079 0.01116 -1 0.02537 -3.796 -5.897 -6.85 -7.303
0.025095 0.25 9.93702 1.123080134 2.495468925 0.989 3.445 3.44 -0.3 8 0.524 0.464 264.53 146 89.88 72.33 59.08 1 -1.75e-07 0 0.6636 0.311 0.003881 0.002079 0.01116 -1 0.02537 -3.843 -5.95 -6.904 -7.356
0.025095 0.25 9.93702 1.123080492 2.495468982 0.986 3.455 3.4379 -0.319 8 0.525 0.464 272.2 151.08 92.86 74.77 61.08 1 -2.11e-07 0 0.6636 0.311 0.003881 0.002079 0.01116 -1 0.02537 -3.867 -5.978 -6.933 -7.388
0.025095 0.25 9.93702 1.123080492 2.495468982 0.986 3.239 3.4698 0.024 8 0.525 0.464 157.33 81.17 51.31 40.94 33.39 1 -6.99e-08 0 0.6636 0.311 0.003881 0.002079 0.01116 -1 0.02537 -3.327 -5.377 -6.306 -6.741
0.025095 0.25 9.93702 1.123080611 2.495469001 0.986 3.063 3.4958 0.304 8 0.525 0.464 87.82 48.99 31.68 25.09 20.44 2 -3.46e-08 0 0.6636 0.311 0.003881 0.002079 0.01116 -1 0.02537 -2.888 -4.88 -5.769 -6.167
0.025095 0.25 9.93702 1.123080611 2.495469001 0.985 2.904 3.5194 0.557 8 0.525 0.464 51.7 30.97 20.44 16.08 13.09 2 -1.86e-08 0 0.6636 0.311 0.003881 0.002079 0.01116 -1 0.02537 -2.49 -4.413 -5.269 -5.624
0.025095 0.25 9.93702 1.12308085 2.49546904 0.984 2.934 3.5149 0.509 8 0.525 0.464 57.21 33.8 22.22 17.51 14.25 2 -2.1e-08 0 0.6636 0.311 0.003881 0.002079 0.01116 -1 0.02537 -2.565 -4.501 -5.364 -5.728
0.025095 0.25 9.93702 1.123080969 2.495469059 0.982 3.061 3.4961 0.305 8 0.525 0.464 87.42 48.78 31.55 24.99 20.35 2 -3.46e-08 0 0.6636 0.311 0.003881 0.002079 0.01116 -1 0.02537 -2.883 -4.874 -5.762 -6.16
0.025095 0.25 9.93702 1.123081207 2.495469097 0.98 3.217 3.473 0.057 8 0.525 0.464 146.91 76.44 48.44 38.62 31.5 1 -6.48e-08 0 0.6636 0.311 0.003881 0.002079 0.01116 -1 0.02537 -3.272 -5.315 -6.239 -6.67
0.025095 0.25 9.93702 1.123081446 2.495469135 0.978 3.343 3.4541 -0.147 8 0.525 0.464 208.31 110.33 68.77 55.14 45 1 -1.09e-07 0 0.6636 0.311 0.003881 0.002079 0.01116 -1 0.02537 -3.589 -5.669 -6.616 -7.065
0.025095 0.25 9.93702 1.123081684 2.495469173 0.975 3.424 3.4422 -0.276 8 0.526 0.464 253.73 139.32 85.93 69.14 56.46 1 -1.53e-07 0 0.6636 0.311 0.003881 0.002079 0.01116 -1 0.02537 -3.79 -5.893 -6.846 -7.299
0.025095 0.25 9.93702 1.123082042 2.495469231 0.973 3.465 3.4362 -0.342 8 0.526 0.464 280.49 156.91 96.25 77.59 63.38 1 -2.69e-07 0 0.6636 0.311 0.003881 0.002079 0.01116 -1 0.02537 -3.892 -6.004 -6.962 -7.419
0.025095 0.25 9.93702 1.123082399 2.495469288 0.969 3.483 3.4337 -0.371 8 0.526 0.464 292.87 165.21 101.1 81.57 66.63 1 -3.71e-07 0.01 0.6636 0.311 0.003881 0.002079 0.01116 -1 0.02537 -3.936 -6.05 -7.011 -7.474
0.025095 0.25 9.93702 1.123082876 2.495469364 0.966 3.492 3.4328 -0.386 8 0.526 0.464 299.08 169.46 103.58 83.61 68.3 1 -4.4e-07 0.01 0.6636 0.311 0.003881 0.002079 0.01116 -1 0.02537 -3.959 -6.073 -7.036 -7.501
0.025095 0.25 9.93702 1.123082876 2.495469364 0.965 3.281 3.4646 -0.048 8 0.526 0.464 178.26 92.02 57.81 46.25 37.72 1 -8.82e-08 0 0.6636 0.311 0.003881 0.002079 0.01116 -1 0.02537 -3.433 -5.493 -6.428 -6.869
0.025095 0.25 9.93702 1.123082995 2.495469384 0.964 3.106 3.491 0.232 8 0.526 0.464 101.52 55.43 35.63 28.29 23.05 2 -4.38e-08 0 0.6636 0.311 0.003881 0.002079 0.01116 -1 0.02537 -2.995 -4.999 -5.895 -6.303
0.025095 0.25 9.93702 1.123082995 2.495469384 0.962 2.946 3.5151 0.488 8 0.527 0.464 59.46 34.91 22.91 18.07 14.7 2 -2.35e-08 0 0.6636 0.311 0.003881 0.002079 0.01116 -1 0.02537 -2.595 -4.531 -5.393 -5.757
0.025095 0.25 9.93702 1.123083234 2.495469422 0.96 2.975 3.5104 0.439 8 0.527 0.464 65.86 38.12 24.92 19.68 16.02 2 -2.65e-08 0 0.6636 0.311 0.003881 0.002079 0.01116 -1 0.02537 -2.669 -4.619 -5.487 -5.861
0.025095 0.25 9.93702 1.123083353 2.495469441 0.957 3.1 3.4912 0.235 8 0.527 0.464 100.69 55 35.36 28.08 22.87 2 -4.35e-08 0 0.6636 0.311 0.003881 0.002079 0.01116 -1 0.02537 -2.981 -4.984 -5.879 -6.287
0.025095 0.25 9.93702 1.123083591 2.495469479 0.953 3.253 3.4676 -0.013 8 0.527 0.464 168.16 86.1 54.24 43.37 35.37 1 -8.07e-08 0 0.6636 0.311 0.003881 0.002079 0.01116 -1 0.02537 -3.362 -5.416 -6.347 -6.785
0.025095 0.25 9.93702 1.12308383 2.495469517 0.949 3.377 3.4483 -0.216 8 0.527 0.464 229.19 124.17 76.94 61.86 50.49 1 -1.35e-07 0 0.6636 0.311 0.003881 0.002079 0.01116 -1 0.02537 -3.672 -5.763 -6.714 -7.168
0.025095 0.25 9.93702 1.123084068 2.495469556 0.943 3.455 3.4361 -0.346 8 0.528 0.464 278.84 156.63 96.03 77.49 63.28 1 -2.81e-07 0 0.6636 0.311 0.003881 0.002079 0.01116 -1 0.02537 -3.867 -5.979 -6.937 -7.395
0.025095 0.25 9.93702 1.123084426 2.495469613 0.937 3.493 3.43 -0.411 8 0.528 0.464 307.69 176.11 107.39 86.83 70.92 1 -5.93e-07 0.02 0.6636 0.311 0.003881 0.002079 0.01116 -1 0.02537 -3.963 -6.075 -7.044 -7.514
0.025095 0.25 9.93702 1.123084784 2.49546967 0.931 3.509 3.4276 -0.439 8 0.528 0.464 320.45 184.97 112.52 91.07 74.39 1 -8.33e-07 0.04 0.6636 0.311 0.003881 0.002079 0.01116 -1 0.02537 -4.002 -6.105 -7.08 -7.558
0.025095 0.25 9.93702 1.12308526 2.495469746 0.924 3.516 3.4269 -0.453 8 0.529 0.464 326.05 189.03 114.86 93.02 75.98 1 -9.79e-07 0.05 0.6636 0.311 0.003881 0.002079 0.01116 -1 0.02537 -4.019 -6.116 -7.095 -7.577
0.025095 0.25 9.93702 1.12308526 2.495469746 0.923 3.312 3.4587 -0.122 8 0.529 0.464 196.22 103.89 64.85 52.06 42.46 1 -1.11e-07 0 0.6636 0.311 0.003881 0.002079 0.01116 -1 0.02537 -3.509 -5.581 -6.524 -6.972
0.025095 0.25 9.93702 1.12308538 2.495469766 0.921 3.137 3.4858 0.16 8 0.529 0.464 117.11 62.42 39.87 31.76 25.88 1 -5.57e-08 0 0.6636 0.311 0.003881 0.002079 0.01116 -1 0.02537 -3.074 -5.09 -5.993 -6.41
0.025095 0.25 9.93702 1.123085499 2.495469785 0.919 2.978 3.5106 0.418 8 0.529 0.464 68.15 39.14 25.52 20.2 16.44 2 -2.99e-08 0 0.6636 0.311 0.003881 0.002079 0.01116 -1 0.02537 -2.674 -4.624 -5.491 -5.866
0.025095 0.25 9.93702 1.123085618 2.495469804 0.915 3.007 3.5057 0.368 8 0.529 0.464 75.65 42.81 27.8 22.03 17.93 2 -3.38e-08 0 0.6636 0.311 0.003881 0.002079 0.01116 -1 0.02537 -2.746 -4.711 -5.584 -5.968
0.025095 0.25 9.93702 1.123085737 2.495469823 0.91 3.13 3.486 0.163 8 0.529 0.464 116.01 61.83 39.5 31.48 25.64 1 -5.55e-08 0 0.6636 0.311 0.003881 0.002079 0.01116 -1 0.02537 -3.054 -5.07 -5.973 -6.389
0.025095 0.25 9.93702 1.123085976 2.495469861 0.904 3.28 3.4619 -0.086 8 0.529 0.464 184.41 96.92 60.66 48.68 39.69 1 -1.02e-07 0 0.6636 0.311 0.003881 0.002079 0.01116 -1 0.02537 -3.43 -5.495 -6.434 -6.879
0.025095 0.25 9.93702 1.123086333 2.495469918 0.897 3.402 3.4421 -0.291 8 0.53 0.464 251.7 140.01 86.17 69.55 56.76 1 -1.73e-07 0 0.6636 0.311 0.003881 0.002079 0.01116 -1 0.02537 -3.735 -5.838 -6.791 -7.244
0.025095 0.25 9.93702 1.123086691 2.495469976 0.889 3.478 3.4295 -0.421 8 0.53 0.464 306.68 176.97 107.76 87.3 71.28 1 -6.7e-07 0.02 0.6636 0.311 0.003881 0.002079 0.01116 -1 0.02537 -3.926 -6.034 -7.005 -7.478
0.025095 0.25 9.93702 1.123087048 2.495470033 0.88 3.516 3.4232 -0.489 8 0.53 0.464 307.88 -1 -1 -1 -1 0 -1.52e-06 0.1 0.6636 0.311 0.003881 0.002079 0.01116 -1 0.02537 -4.02 -6.085 -7.082 -7.583
0.025095 0.25 9.93702 1.123087406 2.495470091 0.87 3.531 3.4207 -0.519 8 0.531 0.464 301.54 -1 -1 -1 -1 0 -2.2e-06 0.18 0.6636 0.311 0.003881 0.002079 0.01116 -1 0.02537 -4.058 -6.065 -7.092 -7.623
0.025095 0.25 9.93702 1.123087883 2.495470167 0.859 3.538 3.4199 -0.534 8 0.531 0.464 294.66 -1 -1 -1 -1 0 -2.64e-06 0.42 0.6636 0.311 0.003881 0.002079 0.01116 -1 0.02537 -4.074 -5.914 -7.021 -7.626
0.025095 0.25 9.93702 1.123087883 2.495470167 0.858 3.341 3.4517 -0.211 8 0.531 0.464 219.12 119.84 74.2 59.85 48.81 1 -1.5e-07 0 0.6636 0.311 0.003881 0.002079 0.01116 -1 0.02537 -3.582 -5.667 -6.616 -7.071
0.025095 0.25 9.93702 1.123088002 2.495470186 0.855 3.168 3.479 0.07 8 0.531 0.464 139.75 72.03 45.63 36.54 29.76 1 -7.58e-08 0 0.6636 0.311 0.003881 0.002079 0.01116 -1 0.02537 -3.15 -5.181 -6.095 -6.523
0.025095 0.25 9.93702 1.123088121 2.495470205 0.851 3.008 3.5039 0.327 8 0.531 0.464 81.22 45.21 29.24 23.26 18.92 1 -4.08e-08 0 0.6636 0.311 0.003881 0.002079 0.01116 -1 0.02537 -2.751 -4.721 -5.595 -5.983
0.025095 0.25 9.93702 1.123088241 2.495470224 0.845 3.037 3.4977 0.27 8 0.531 0.464 91.44 50.01 32.19 25.65 20.87 1 -4.62e-08 0 0.6636 0.311 0.003881 0.002079 0.01116 -1 0.02537 -2.823 -4.811 -5.694 -6.092
0.025095 0.25 9.93702 1.12308836 2.495470243 0.837 3.158 3.476 0.058 8 0.532 0.464 142.83 73.19 46.31 37.12 30.23 1 -7.54e-08 0 0.6636 0.311 0.003881 0.002079 0.01116 -1 0.02537 -3.126 -5.164 -6.082 -6.513
0.025095 0.25 9.93702 1.123088598 2.495470281 0.827 3.306 3.4497 -0.2 8 0.532 0.464 212.67 116.41 72.11 58.22 47.46 1 -1.38e-07 0 0.6636 0.311 0.003881 0.002079 0.01116 -1 0.02537 -3.496 -5.585 -6.536 -6.989
0.025095 0.25 9.93702 1.123088956 2.495470339 0.816 3.427 3.4278 -0.414 8 0.532 0.464 268.59 -1 -1 -1 -1 0 -6.07e-07 0.02 0.6636 0.311 0.003881 0.002079 0.01116 -1 0.02537 -3.797 -5.911 -6.88 -7.349
0.025095 0.25 9.93702 1.123089313 2.495470396 0.803 3.502 3.4133 -0.554 8 0.533 0.464 260.98 -1 -1 -1 -1 0 -2.62e-06 0.44 0.6636 0.311 0.003881 0.002079 0.01116 -1 0.02537 -3.986 -5.811 -6.929 -7.541
0.025095 0.25 9.93702 1.123089671 2.495470453 0.789 3.54 3.4055 -0.631 8 0.533 0.464 252.58 -1 -1 -1 -1 0 -2.95e-06 0.47 0.6636 0.311 0.003881 0.002079 0.01116 -1 0.02537 -4.079 -5.88 -7.014 -7.644
0.025095 0.25 9.93702 1.123090029 2.495470511 0.773 3.555 3.402 -0.669 8 0.533 0.464 243.49 -1 -1 -1 -1 0 -3.12e-06 0.5 0.6636 0.311 0.003881 0.002079 0.01116 -1 0.02537 -4.117 -5.903 -7.046 -7.686
0.025095 0.25 9.93702 1.123090506 2.495470587 0.756 3.562 3.4009 -0.69 8 0.534 0.464 233.78 -1 -1 -1 -1 0 -3.23e-06 0.52 0.6636 0.311 0.003881 0.002079 0.01116 -1 0.02537 -4.134 -5.903 -7.055 -7.704
0.025095 0.25 9.93702 1.123090506 2.495470587 0.754 3.373 3.433 -0.373 8 0.534 0.464 233.07 -1 -1 -1 -1 0 -3.95e-07 0.01 0.6636 0.311 0.003881 0.002079 0.01116 -1 0.02537 -3.662 -5.776 -6.738 -7.201
0.025095 0.25 9.93702 1.123090625 2.495470606 0.75 3.201 3.462 -0.088 8 0.534 0.464 172.73 92.68 57.88 46.74 38.05 1 -1.15e-07 0 0.6636 0.311 0.003881 0.002079 0.01116 -1 0.02537 -3.233 -5.298 -6.237 -6.682
0.025095 0.25 9.93702 1.123090744 2.495470625 0.744 3.041 3.4891 0.176 8 0.534 0.464 109.25 57.36 36.6 29.35 23.87 1 -6.33e-08 0 0.6636 0.311 0.003881 0.002079 0.01116 -1 0.02537 -2.833 -4.842 -5.74 -6.153
0.025095 0.25 9.93702 1.123090863 2.495470645 0.734 3.07 3.4841 0.123 8 0.534 0.464 122.2 62.98 40 32.14 26.14 1 -7.31e-08 0 0.6636 0.311 0.003881 0.002079 0.01116 -1 0.02537 -2.904 -4.924 -5.829 -6.25
0.025095 0.25 9.93702 1.123090982 2.495470664 0.723 3.188 3.4639 -0.084 8 0.535 0.464 169.41 91.15 56.92 46.01 37.45 1 -1.22e-07 0 0.6636 0.311 0.003881 0.002079 0.01116 -1 0.02537 -3.201 -5.263 -6.198 -6.643
0.025095 0.25 9.93702 1.123091221 2.495470702 0.708 3.333 3.4398 -0.334 8 0.535 0.464 207.9 -1 -1 -1 -1 0 -2.88e-07 0.01 0.6636 0.311 0.003881 0.002079 0.01116 -1 0.02537 -3.563 -5.668 -6.625 -7.084
0.025095 0.25 9.93702 1.123091578 2.495470759 0.691 3.451 3.4217 -0.534 8 0.535 0.464 199.11 -1 -1 -1 -1 0 -2.4e-06 0.42 0.6636 0.311 0.003881 0.002079 0.01116 -1 0.02537 -3.857 -5.688 -6.798 -7.407
0.025095 0.25 9.93702 1.123091936 2.495470817 0.673 3.524 3.4133 -0.653 8 0.536 0.464 189.39 -1 -1 -1 -1 0 -2.97e-06 0.49 0.6636 0.311 0.003881 0.002079 0.01116 -1 0.02537 -4.04 -5.832 -6.972 -7.608
0.025095 0.25 9.93702 1.123092294 2.495470874 0.652 3.56 3.4144 -0.698 8 0.536 0.464 178.91 -1 -1 -1 -1 0 -3.43e-06 0.58 0.6636 0.311 0.003881 0.002079 0.01116 -1 0.02537 -4.13 -5.853 -7.026 -7.696
0.025095 0.25 9.93702 1.123092651 2.495470931 0.629 3.574 3.4231 -0.693 8 0.536 0.464 167.84 -1 -1 -1 -1 0 -3.67e-06 0.62 0.6636 0.311 0.003881 0.002079 0.01116 -1 0.02537 -4.165 -5.857 -7.036 -7.722
0.025095 0.25 9.93702 1.123093128 2.495471008 0.605 3.58 3.4378 -0.657 8 0.537 0.464 156.36 -1 -1 -1 -1 0 -3.8e-06 0.62 0.6636 0.311 0.003881 0.002079 0.01116 -1 0.02537 -4.179 -5.851 -7.018 -7.71
0.025095 0.25 9.93702 1.123094797 2.495471275 0.538 -9.999 4 1.806 9 0.538 0 0 0 0 0 0 -1 -1e-30 0 0.6636 0.311 0.003881 0.002079 0.01116 -1 0.02537 29.767 30.008 30.033 30.044
