# downloaded from PARSEC/CMD via ezpadova
# component=thin7 family=thin_disk component_index=6 logAge=9.937016107464814 MH=0.25 photometric_system=roman2021
# Zini MH logAge Mini int_IMF Mass logL logTe logg label McoreTP C_O period0 period1 period2 period3 period4 pmode Mloss tau1m X Y Xc Xn Xo Cexcess Z mbolmag F062mag F087mag F106mag F129mag F158mag F184mag F146mag F213mag SNprismmag Grism_1stOrdermag Grism_0thOrdermag
0.025095 0.25 9.93702 0.0955969095 1.133236387 0.095 -3.348 3.3623 5.168 1 0 0.545 0 0 0 0 0 -1 -3.61e-17 0 0.6792 0.2952 0.004602 0.001242 0.01126 -1 0.0256 13.141 16.226 12.85 11.656 11.004 10.584 10.439 11.015 10.182 11.407 10.91 10.557
0.025095 0.25 9.93702 0.1055120975 1.21556776 0.105 -3.208 3.3802 5.141 1 0 0.545 0 0 0 0 0 -1 -5.26e-17 0 0.6789 0.2955 0.004602 0.001242 0.01126 -1 0.0256 12.79 15.869 12.5 11.305 10.654 10.235 10.088 10.665 9.831 11.057 10.561 10.206
0.025095 0.25 9.93702 0.1105110496 1.253354834 0.11 -3.148 3.3874 5.129 1 0 0.545 0 0 0 0 0 -1 -6.1e-17 0 0.6787 0.2957 0.004602 0.001242 0.01126 -1 0.0256 12.64 15.717 12.35 11.155 10.504 10.086 9.938 10.515 9.681 10.907 10.411 10.056
0.025095 0.25 9.93702 0.1253425032 1.353540291 0.125 -2.985 3.4068 5.099 1 0 0.545 0 0 0 0 0 -1 -1.04e-16 0 0.6783 0.2961 0.004602 0.001242 0.01126 -1 0.0256 12.231 15.301 11.942 10.745 10.096 9.68 9.529 10.107 9.272 10.499 10.003 9.647
0.025095 0.25 9.93702 0.145172894 1.465702437 0.145 -2.815 3.4255 5.068 1 0 0.545 0 0 0 0 0 -1 -1.48e-16 0 0.6778 0.2966 0.004602 0.001242 0.01126 -1 0.0256 11.807 14.652 11.454 10.317 9.682 9.267 9.11 9.689 8.865 10.077 9.589 9.228
0.025095 0.25 9.93702 0.1650032997 1.559528955 0.165 -2.68 3.439 5.043 1 0 0.545 0 0 0 0 0 -1 -1.85e-16 0 0.6773 0.2971 0.004602 0.001242 0.01126 -1 0.0256 11.471 13.983 11.017 9.977 9.363 8.949 8.788 9.365 8.559 9.744 9.269 8.903
0.025095 0.25 9.93702 0.1875936985 1.650008516 0.187 -2.552 3.4507 5.017 1 0 0.545 0 0 0 0 0 -1 -2.53e-16 0 0.6767 0.2977 0.004602 0.001242 0.01126 -1 0.0256 11.151 13.405 10.62 9.657 9.06 8.645 8.481 9.057 8.267 9.428 8.965 8.596
0.025095 0.25 9.93702 0.2046640813 1.709466363 0.204 -2.466 3.4586 5 1 0 0.545 0 0 0 0 0 -1 -3.01e-16 0 0.6764 0.298 0.004602 0.001242 0.01126 -1 0.0256 10.934 13.017 10.356 9.443 8.855 8.44 8.275 8.85 8.07 9.215 8.76 8.388
0.025095 0.25 9.93702 0.2187128365 1.753758809 0.218 -2.403 3.4634 4.986 1 0 0.545 0 0 0 0 0 -1 -3.42e-16 0 0.6762 0.2982 0.004602 0.001242 0.01126 -1 0.0256 10.778 12.768 10.174 9.288 8.707 8.291 8.125 8.7 7.926 9.061 8.61 8.238
0.025095 0.25 9.93702 0.2542400956 1.850971178 0.254 -2.261 3.4743 4.953 1 0 0.545 0 0 0 0 0 -1 -4.56e-16 0 0.6757 0.2987 0.004602 0.001242 0.01126 -1 0.0256 10.423 12.217 9.764 8.938 8.369 7.951 7.785 8.358 7.597 8.712 8.271 7.896
0.025095 0.25 9.93702 0.3038160801 1.960493596 0.303 -2.094 3.4863 4.911 1 0 0.545 0 0 0 0 0 -1 -6.44e-16 0 0.6757 0.2987 0.004602 0.001242 0.01126 -1 0.0256 10.004 11.59 9.295 8.528 7.972 7.551 7.383 7.956 7.209 8.302 7.872 7.492
0.025095 0.25 9.93702 0.3289523423 2.007507136 0.329 -2.017 3.4914 4.889 1 0 0.545 0 0 0 0 0 -1 -7.17e-16 0 0.6781 0.2963 0.004602 0.001242 0.01126 -1 0.0256 9.812 11.316 9.083 8.34 7.788 7.366 7.197 7.77 7.029 8.113 7.687 7.306
0.025095 0.25 9.93702 0.3533920944 2.048942254 0.353 -1.946 3.4959 4.868 0 0 0.545 0 0 0 0 0 -1 -8.21e-16 0 0.68 0.2944 0.004602 0.001242 0.01126 -1 0.0256 9.635 11.08 8.892 8.167 7.62 7.195 7.025 7.599 6.863 7.94 7.517 7.134
0.025095 0.25 9.93702 0.4029681087 2.122572238 0.403 -1.806 3.5073 4.83 1 0 0.545 0 0 0 0 0 -1 -1.19e-15 0 0.6802 0.2942 0.004602 0.001242 0.01126 -1 0.0256 9.284 10.585 8.508 7.827 7.289 6.856 6.685 7.262 6.534 7.596 7.182 6.791
0.025095 0.25 9.93702 0.4179978073 2.142598453 0.418 -1.76 3.5113 4.816 1 0 0.545 0 0 0 0 0 -1 -1.32e-15 0 0.6802 0.2942 0.004602 0.001242 0.01126 -1 0.0256 9.17 10.422 8.384 7.718 7.183 6.747 6.574 7.153 6.428 7.486 7.074 6.68
0.025095 0.25 9.93702 0.4525440931 2.185277485 0.452 -1.661 3.5201 4.786 1 0 0.545 0 0 0 0 0 -1 -1.65e-15 0 0.6802 0.2942 0.004602 0.001242 0.01126 -1 0.0256 8.922 10.071 8.117 7.483 6.953 6.51 6.333 6.917 6.196 7.247 6.84 6.438
0.025095 0.25 9.93702 0.502120018 2.239628983 0.502 -1.512 3.5341 4.74 1 0 0.545 0 0 0 0 0 -1 -2.33e-15 0 0.6811 0.2934 0.00459 0.001238 0.01123 -1 0.02553 8.551 9.568 7.719 7.131 6.611 6.154 5.969 6.564 5.847 6.889 6.49 6.072
0.025095 0.25 9.93702 0.550958693 2.2844504 0.55 -1.352 3.551 4.687 1 0 0.545 0 0 0 0 0 -1 -3.42e-15 0 0.6995 0.2763 0.004341 0.001171 0.01063 -1 0.02416 8.149 9.012 7.292 6.755 6.246 5.775 5.577 6.186 5.473 6.506 6.116 5.679
0.025095 0.25 9.93702 0.5516960621 2.285057517 0.551 -1.349 3.5513 4.686 1 0 0.545 0 0 0 0 0 -1 -3.43e-15 0 0.6998 0.276 0.004337 0.00117 0.01062 -1 0.02414 8.144 9.004 7.286 6.75 6.241 5.77 5.572 6.181 5.468 6.5 6.111 5.673
0.025095 0.25 9.93702 0.5609325767 2.292507223 0.561 -1.318 3.5556 4.679 1 0 0.545 0 0 0 0 0 -1 -3.69e-15 0 0.7004 0.2755 0.00433 0.001168 0.0106 -1 0.0241 8.065 8.881 7.202 6.679 6.173 5.699 5.498 6.11 5.398 6.428 6.041 5.599
0.025095 0.25 9.93702 0.601271987 2.321981326 0.601 -1.186 3.5738 4.65 1 0 0.545 0 0 0 0 0 -1 -4.99e-15 0 0.7028 0.2733 0.004299 0.00116 0.01053 -1 0.02394 7.736 8.368 6.857 6.388 5.893 5.405 5.194 5.818 5.114 6.128 5.752 5.295
0.025095 0.25 9.93702 0.6468804479 2.350266746 0.647 -1.031 3.5998 4.631 1 0 0.544 0 0 0 0 0 -1 -7.04e-15 0 0.7052 0.271 0.004269 0.001152 0.01046 -1 0.02378 7.348 7.748 6.459 6.051 5.568 5.072 4.862 5.485 4.807 5.784 5.422 4.962
0.025095 0.25 9.93702 0.650848031 2.352512732 0.651 -1.018 3.6019 4.629 1 0 0.544 0 0 0 0 0 -1 -7.24e-15 0 0.7054 0.2708 0.004266 0.001152 0.01045 -1 0.02377 7.315 7.698 6.426 6.023 5.54 5.045 4.836 5.458 4.783 5.755 5.395 4.936
0.025095 0.25 9.93702 0.7004240751 2.378128189 0.7 -0.852 3.6316 4.614 1 0 0.544 0 0 0 0 0 -1 -1.04e-14 0 0.7078 0.2686 0.004236 0.001144 0.01038 -1 0.0236 6.9 7.052 6.014 5.665 5.2 4.718 4.528 5.124 4.496 5.403 5.062 4.625
0.025095 0.25 9.93702 0.7357088327 2.393961434 0.736 -0.731 3.6555 4.61 1 0 0.539 0 0 0 0 0 -1 -1.35e-14 0 0.7093 0.2672 0.004176 0.001137 0.01033 -1 0.02349 6.598 6.591 5.717 5.407 4.971 4.529 4.36 4.912 4.336 5.168 4.851 4.452
0.025095 0.25 9.93702 0.75 2.399888909 0.75 -0.683 3.6648 4.607 1 0 0.537 0 0 0 0 0 -1 -1.49e-14 0 0.7099 0.2666 0.004152 0.001134 0.01031 -1 0.02346 6.478 6.422 5.598 5.304 4.883 4.462 4.301 4.831 4.28 5.077 4.771 4.392
0.025095 0.25 9.93702 0.7767916918 2.410328284 0.777 -0.602 3.6763 4.588 1 0 0.537 0 0 0 0 0 -1 -1.81e-14 0 0.7119 0.2648 0.004127 0.001128 0.01025 -1 0.02329 6.276 6.169 5.398 5.122 4.721 4.327 4.178 4.679 4.157 4.911 4.62 4.265
0.025095 0.25 9.93702 0.8000000119 2.418724441 0.8 -0.533 3.6862 4.57 1 0 0.537 0 0 0 0 0 -1 -2.13e-14 0 0.7136 0.2632 0.004105 0.001122 0.0102 -1 0.02318 6.102 5.959 5.228 4.967 4.582 4.211 4.07 4.548 4.05 4.769 4.49 4.155
0.025095 0.25 9.93702 0.8124927878 2.423016302 0.812 -0.495 3.6915 4.56 1 0 0.537 0 0 0 0 0 -1 -2.33e-14 0 0.7147 0.2622 0.004092 0.001119 0.01017 -1 0.02311 6.007 5.847 5.136 4.883 4.506 4.147 4.011 4.476 3.992 4.692 4.419 4.094
0.025095 0.25 9.93702 0.8353513479 2.430488463 0.835 -0.426 3.701 4.541 1 0 0.536 0 0 0 0 0 -1 -2.76e-14 0 0.7165 0.2605 0.004069 0.001112 0.01011 -1 0.023 5.834 5.647 4.969 4.731 4.369 4.029 3.903 4.345 3.884 4.551 4.289 3.983
0.025095 0.25 9.93702 0.8500000238 2.435034684 0.849 -0.382 3.7069 4.528 1 0 0.536 0 0 0 0 0 -1 -3.07e-14 0 0.7177 0.2594 0.004054 0.001109 0.01008 -1 0.02295 5.724 5.522 4.863 4.634 4.282 3.955 3.833 4.262 3.815 4.461 4.207 3.911
0.025095 0.25 9.93702 0.8512100577 2.435402181 0.851 -0.378 3.7074 4.527 1 0 0.536 0 0 0 0 0 -1 -3.1e-14 0 0.7178 0.2593 0.004053 0.001108 0.01007 -1 0.02294 5.715 5.511 4.855 4.626 4.275 3.948 3.827 4.255 3.809 4.453 4.2 3.905
0.025095 0.25 9.93702 0.8726843596 2.441729627 0.872 -0.312 3.7156 4.505 1 0 0.536 0 0 0 0 0 -1 -3.65e-14 0 0.7198 0.2574 0.004027 0.001101 0.01001 -1 0.02277 5.551 5.329 4.698 4.482 4.144 3.833 3.72 4.128 3.701 4.318 4.074 3.795
0.025095 0.25 9.93702 0.8928803205 2.447362148 0.892 -0.25 3.7231 4.483 1 0 0.536 0 0 0 0 0 -1 -4.27e-14 0 0.7218 0.2556 0.004003 0.001095 0.009955 -1 0.02261 5.396 5.16 4.552 4.346 4.019 3.722 3.616 4.008 3.598 4.189 3.955 3.689
0.025095 0.25 9.93702 0.8999999762 2.449278602 0.899 -0.229 3.7256 4.475 1 0 0.536 0 0 0 0 0 -1 -4.51e-14 0 0.7224 0.255 0.003995 0.001092 0.009935 -1 0.02255 5.342 5.102 4.5 4.298 3.976 3.683 3.579 3.965 3.561 4.144 3.913 3.651
0.025095 0.25 9.93702 0.9001913071 2.449329623 0.899 -0.228 3.7257 4.475 1 0 0.536 0 0 0 0 0 -1 -4.52e-14 0 0.7225 0.255 0.003994 0.001092 0.009934 -1 0.02255 5.34 5.1 4.499 4.297 3.975 3.682 3.578 3.964 3.56 4.143 3.911 3.65
0.025095 0.25 9.93702 0.9126933813 2.45261024 0.912 -0.189 3.7299 4.459 1 0 0.536 0 0 0 0 0 -1 -5e-14 0 0.7239 0.2537 0.003977 0.001088 0.009889 -1 0.02244 5.243 4.996 4.407 4.21 3.895 3.61 3.51 3.886 3.492 4.061 3.834 3.58
0.025095 0.25 9.93702 0.9251688719 2.455782449 0.924 -0.151 3.7339 4.442 1 0 0.536 0 0 0 0 0 -1 -5.53e-14 0 0.7253 0.2523 0.003959 0.001083 0.009846 -1 0.02236 5.146 4.893 4.316 4.125 3.815 3.537 3.44 3.809 3.423 3.979 3.757 3.51
0.025095 0.25 9.93702 0.9367620945 2.458643384 0.936 -0.114 3.7375 4.425 1 0 0.536 0 0 0 0 0 -1 -6.09e-14 0 0.7266 0.2511 0.003943 0.001078 0.009807 -1 0.02227 5.056 4.798 4.231 4.045 3.74 3.468 3.374 3.735 3.357 3.902 3.684 3.443
0.025095 0.25 9.93702 0.9482159019 2.461391053 0.947 -0.079 3.7408 4.408 1 0 0.536 0 0 0 0 0 -1 -6.71e-14 0 0.7279 0.2499 0.003926 0.001074 0.009769 -1 0.02221 4.966 4.704 4.146 3.965 3.666 3.399 3.308 3.661 3.291 3.825 3.611 3.375
0.025095 0.25 9.93702 0.9500000477 2.461812201 0.949 -0.073 3.7413 4.405 1 0 0.536 0 0 0 0 0 -1 -6.81e-14 0 0.7281 0.2497 0.003924 0.001073 0.009763 -1 0.02221 4.952 4.689 4.133 3.952 3.654 3.388 3.298 3.65 3.281 3.813 3.6 3.365
0.025095 0.25 9.93702 0.9587308764 2.463847147 0.958 -0.045 3.7436 4.391 1 0 0.536 0 0 0 0 0 -1 -7.36e-14 0 0.7292 0.2486 0.003909 0.001069 0.009727 -1 0.02215 4.883 4.618 4.068 3.89 3.595 3.333 3.245 3.592 3.228 3.753 3.542 3.311
0.025095 0.25 9.93702 0.9688004851 2.466141831 0.968 -0.013 3.7461 4.373 1 0 0.536 0 0 0 0 0 -1 -8.04e-14 0 0.7306 0.2474 0.003893 0.001065 0.009686 -1 0.02204 4.802 4.536 3.993 3.818 3.527 3.268 3.182 3.524 3.166 3.683 3.475 3.248
0.025095 0.25 9.93702 0.9784699082 2.468294278 0.978 0.018 3.7483 4.356 1 0 0.536 0 0 0 0 0 -1 -8.76e-14 0 0.7318 0.2462 0.003877 0.001061 0.009651 -1 0.02197 4.726 4.457 3.921 3.749 3.461 3.205 3.122 3.459 3.106 3.616 3.41 3.186
0.025095 0.25 9.93702 0.9884365201 2.470462271 0.988 0.049 3.7503 4.337 1 0 0.536 0 0 0 0 0 -1 -9.56e-14 0 0.7331 0.245 0.003862 0.001057 0.009616 -1 0.02187 4.649 4.379 3.848 3.678 3.393 3.141 3.059 3.392 3.043 3.547 3.343 3.123
0.025095 0.25 9.93702 0.9980068207 2.472497259 0.998 0.079 3.7519 4.318 1 0 0.536 0 0 0 0 0 -1 -1.04e-13 0 0.734 0.2442 0.003851 0.001054 0.009588 -1 0.0218 4.573 4.302 3.776 3.608 3.325 3.076 2.995 3.325 2.979 3.478 3.276 3.059
0.025095 0.25 9.93702 1 2.472915448 1 0.085 3.7523 4.314 1 0 0.536 0 0 0 0 0 -1 -1.06e-13 0 0.7342 0.244 0.003849 0.001053 0.009583 -1 0.02178 4.557 4.286 3.761 3.593 3.311 3.062 2.981 3.31 2.966 3.463 3.262 3.045
0.025095 0.25 9.93702 1.008108973 2.474597203 1.008 0.112 3.7535 4.296 1 0 0.536 0 0 0 0 0 -1 -1.13e-13 0 0.7351 0.2432 0.003839 0.00105 0.009558 -1 0.02171 4.491 4.219 3.697 3.531 3.251 3.004 2.924 3.251 2.909 3.402 3.202 2.987
0.025095 0.25 9.93702 1.020576477 2.477123039 1.02 0.155 3.7554 4.265 1 0 0.536 0 0 0 0 0 -1 -1.27e-13 0 0.7349 0.2434 0.003843 0.001051 0.009565 -1 0.02177 4.382 4.11 3.593 3.429 3.152 2.908 2.83 3.152 2.815 3.302 3.104 2.892
0.025095 0.25 9.93702 1.029113054 2.47881196 1.028 0.186 3.7564 4.242 1 0 0.535 0 0 0 0 0 -1 -1.37e-13 0 0.7343 0.2439 0.003852 0.001054 0.00959 -1 0.02182 4.305 4.032 3.518 3.356 3.08 2.837 2.76 3.08 2.745 3.229 3.032 2.822
0.025095 0.25 9.93702 1.040778995 2.481068569 1.04 0.229 3.7572 4.207 1 0 0.536 0 0 0 0 0 -1 -1.54e-13 0 0.7331 0.245 0.003869 0.001059 0.009633 -1 0.0219 4.198 3.925 3.413 3.251 2.976 2.735 2.659 2.977 2.644 3.126 2.93 2.72
0.025095 0.25 9.93702 1.049833298 2.482780298 1.049 0.263 3.7573 4.176 1 0 0.535 0 0 0 0 0 -1 -1.7e-13 0 0.732 0.246 0.003885 0.001063 0.009673 -1 0.022 4.112 3.839 3.328 3.166 2.891 2.65 2.573 2.892 2.558 3.04 2.844 2.635
0.025095 0.25 9.93702 1.049999952 2.482811486 1.049 0.264 3.7573 4.176 1 0 0.535 0 0 0 0 0 -1 -1.7e-13 0 0.732 0.246 0.003885 0.001063 0.009674 -1 0.02201 4.11 3.837 3.326 3.164 2.889 2.648 2.572 2.89 2.557 3.039 2.843 2.633
0.025095 0.25 9.93702 1.057984948 2.484292592 1.057 0.296 3.7567 4.145 1 0 0.535 0 0 0 0 0 -1 -1.87e-13 0 0.7307 0.2472 0.003906 0.001069 0.009728 -1 0.02214 4.031 3.758 3.246 3.083 2.807 2.565 2.488 2.808 2.473 2.957 2.76 2.55
0.025095 0.25 9.93702 1.06083715 2.484815424 1.059 0.307 3.7564 4.134 1 0 0.535 0 0 0 0 0 -1 -1.93e-13 0 0.7297 0.2481 0.003921 0.001073 0.009764 -1 0.0222 4.002 3.73 3.216 3.053 2.777 2.534 2.457 2.778 2.442 2.927 2.73 2.519
0.025095 0.25 9.93702 1.068049312 2.486123159 1.067 0.337 3.7546 4.1 2 0 0.535 0 0 0 0 0 -1 -2.12e-13 0 0.7262 0.2513 0.003971 0.001087 0.009891 -1 0.02249 3.928 3.658 3.139 2.973 2.694 2.449 2.37 2.695 2.355 2.846 2.646 2.433
0.025095 0.25 9.93702 1.075518727 2.487456301 1.074 0.367 3.7513 4.059 2 0 0.535 0 0 0 0 0 -1 -2.34e-13 0 0.7214 0.2558 0.004037 0.001105 0.01005 -1 0.02284 3.853 3.585 3.057 2.888 2.604 2.353 2.271 2.603 2.256 2.757 2.554 2.335
0.025095 0.25 9.93702 1.083231568 2.488810725 1.082 0.393 3.7445 4.009 2 0 0.536 0 0 0 0 0 -1 -2.59e-13 0 0.7142 0.2624 0.00413 0.00113 0.01028 -1 0.02338 3.787 3.525 2.979 2.801 2.506 2.243 2.156 2.502 2.14 2.664 2.452 2.222
0.025095 0.25 9.93702 1.089395285 2.489877272 1.088 0.405 3.7345 3.959 2 0 0.536 0 0 0 0 0 -1 -2.8e-13 0 0.7065 0.2696 0.004225 0.001156 0.01051 -1 0.02392 3.757 3.507 2.934 2.742 2.431 2.152 2.055 2.424 2.038 2.596 2.372 2.125
0.025095 0.25 9.93702 1.092734695 2.490449335 1.091 0.401 3.7243 3.924 2 0 0.536 0 0 0 0 0 -1 -2.87e-13 0 0.7012 0.2746 0.004289 0.001173 0.01066 -1 0.02424 3.767 3.534 2.932 2.726 2.399 2.101 1.995 2.387 1.977 2.569 2.334 2.068
0.025095 0.25 9.93702 1.0949049 2.490818955 1.093 0.396 3.7149 3.892 2 0 0.537 0 0 0 0 0 -1 -2.93e-13 0 0.6974 0.2781 0.004334 0.001185 0.01077 -1 0.02446 3.78 3.566 2.937 2.717 2.374 2.059 1.944 2.358 1.926 2.55 2.303 2.02
0.025095 0.25 9.93702 1.096840262 2.49114716 1.095 0.399 3.7057 3.854 2 0 0.537 0 0 0 0 0 -1 -3.06e-13 0 0.6941 0.2812 0.004371 0.001194 0.01086 -1 0.02465 3.773 3.58 2.923 2.689 2.332 1.999 1.875 2.31 1.857 2.512 2.254 1.954
0.025095 0.25 9.93702 1.098755002 2.491470559 1.097 0.418 3.6975 3.802 2 0 0.537 0 0 0 0 0 -1 -3.37e-13 0 0.6909 0.2843 0.004403 0.001203 0.01093 -1 0.02484 3.726 3.553 2.871 2.624 2.253 1.904 1.772 2.226 1.753 2.437 2.169 1.854
0.025095 0.25 9.93702 1.100000024 2.491680148 1.098 0.441 3.6932 3.763 2 0 0.537 0 0 0 0 0 -1 -3.7e-13 0 0.6887 0.2863 0.004422 0.001208 0.01098 -1 0.02494 3.668 3.508 2.812 2.558 2.18 1.822 1.686 2.151 1.666 2.366 2.093 1.769
0.025095 0.25 9.93702 1.10041368 2.491749663 1.099 0.45 3.6918 3.749 2 0 0.537 0 0 0 0 0 -1 -3.84e-13 0 0.688 0.287 0.004428 0.00121 0.01099 -1 0.02497 3.646 3.489 2.788 2.533 2.152 1.792 1.654 2.122 1.635 2.339 2.064 1.738
0.025095 0.25 9.93702 1.101089239 2.491863062 1.099 0.47 3.6903 3.722 2 0 0.537 0 0 0 0 0 -1 -4.14e-13 0 0.6867 0.2883 0.004434 0.001212 0.01101 -1 0.02503 3.595 3.443 2.737 2.479 2.096 1.732 1.593 2.065 1.573 2.284 2.007 1.677
0.025095 0.25 9.93702 1.102545261 2.492106925 1.101 0.518 3.6875 3.663 3 0 0.535 0 0 0 0 0 -1 -4.93e-13 0 0.6836 0.2913 0.004431 0.001223 0.01105 -1 0.0251 3.474 3.331 2.616 2.353 1.965 1.595 1.453 1.932 1.433 2.154 1.873 1.538
0.025095 0.25 9.93702 1.103965282 2.492344045 1.102 0.573 3.6854 3.601 3 0 0.526 0 0 0 0 0 -1 -5.98e-13 0 0.68 0.2948 0.00437 0.001274 0.01108 -1 0.02519 3.337 3.202 2.48 2.213 1.821 1.447 1.303 1.787 1.283 2.012 1.728 1.388
0.025095 0.25 9.93702 1.105234027 2.492555313 1.103 0.628 3.6838 3.54 3 0 0.507 0 0 0 0 0 -1 -7.25e-13 0 0.6763 0.2984 0.004221 0.001427 0.0111 -1 0.02526 3.201 3.071 2.344 2.075 1.68 1.302 1.156 1.644 1.136 1.871 1.586 1.243
0.025095 0.25 9.93702 1.106166363 2.492710208 1.104 0.671 3.6827 3.492 3 0 0.49 0 0 0 0 0 -1 -8.46e-13 0 0.6737 0.301 0.004082 0.001597 0.01111 -1 0.02533 3.092 2.965 2.235 1.964 1.567 1.187 1.039 1.53 1.019 1.758 1.471 1.126
0.025095 0.25 9.93702 1.107258081 2.4928912 1.105 0.727 3.6813 3.432 3 0 0.471 0 0 0 0 0 -1 -1.03e-12 0 0.6705 0.3041 0.003927 0.001793 0.01113 -1 0.02539 2.954 2.831 2.097 1.823 1.423 1.041 0.891 1.386 0.871 1.616 1.327 0.979
0.025095 0.25 9.93702 1.108043671 2.493021187 1.106 0.77 3.6801 3.384 3 0 0.46 0 0 0 0 0 -1 -1.2e-12 0 0.6684 0.3062 0.003842 0.001902 0.01114 -1 0.02538 2.845 2.727 1.988 1.712 1.311 0.926 0.775 1.273 0.755 1.504 1.213 0.863
0.025095 0.25 9.93702 1.10872817 2.493134274 1.107 0.811 3.679 3.339 3 0 0.453 0 0 0 0 0 -1 -1.39e-12 0 0.6669 0.3076 0.003789 0.00197 0.01114 -1 0.02544 2.743 2.628 1.886 1.608 1.204 0.817 0.665 1.165 0.644 1.398 1.106 0.753
0.025095 0.25 9.93702 1.109370112 2.493240185 1.107 0.852 3.6778 3.293 3 0 0.448 0 0 0 0 0 -1 -1.6e-12 0 0.6656 0.3089 0.003748 0.002023 0.01115 -1 0.02545 2.64 2.53 1.783 1.503 1.097 0.708 0.554 1.058 0.533 1.292 0.998 0.642
0.025095 0.25 9.93702 1.109963417 2.493337945 1.108 0.893 3.6764 3.247 3 0 0.444 0 0 0 0 0 -1 -1.85e-12 0 0.6646 0.3099 0.003716 0.002064 0.01115 -1 0.02546 2.537 2.433 1.681 1.399 0.99 0.598 0.442 0.949 0.421 1.185 0.89 0.531
0.025095 0.25 9.93702 1.110687137 2.493457032 1.109 0.948 3.6746 3.185 3 0 0.441 0 0 0 0 0 -1 -2.25e-12 0 0.6635 0.311 0.003686 0.002103 0.01115 -1 0.0255 2.401 2.302 1.544 1.259 0.847 0.451 0.293 0.805 0.272 1.043 0.745 0.383
0.025095 0.25 9.93702 1.111293197 2.493556621 1.109 0.998 3.6727 3.128 3 0 0.438 0 0 0 0 0 -1 -2.7e-12 0 0.6629 0.3116 0.003667 0.002128 0.01116 -1 0.02546 2.274 2.183 1.418 1.129 0.714 0.314 0.154 0.67 0.132 0.91 0.61 0.244
0.025095 0.25 9.93702 1.111742616 2.49363039 1.11 1.04 3.6711 3.08 3 0 0.437 0 0 0 0 0 -1 -3.14e-12 0 0.6626 0.312 0.003659 0.002139 0.01116 -1 0.02546 2.17 2.085 1.315 1.023 0.604 0.201 0.039 0.56 0.018 0.802 0.5 0.13
0.025095 0.25 9.93702 1.112262845 2.493715697 1.11 1.092 3.669 3.02 3 0 0.436 0 0 0 0 0 -1 -3.79e-12 0 0.6623 0.3122 0.003651 0.002149 0.01116 -1 0.02547 2.04 1.963 1.185 0.89 0.467 0.06 -0.105 0.421 -0.127 0.666 0.361 -0.013
0.025095 0.25 9.93702 1.112715483 2.493789845 1.11 1.142 3.6669 2.961 3 0 0.436 0 0 0 0 0 -1 -4.54e-12 0 0.6622 0.3123 0.003647 0.002154 0.01116 -1 0.02548 1.916 1.847 1.061 0.762 0.336 -0.076 -0.244 0.288 -0.266 0.535 0.227 -0.151
0.025095 0.25 9.93702 1.113145948 2.493860296 1.111 1.194 3.6646 2.901 3 0 0.436 0 0 0 0 0 -1 -5.48e-12 0 0.6622 0.3124 0.003646 0.002155 0.01116 -1 0.02548 1.786 1.727 0.932 0.629 0.199 -0.218 -0.388 0.149 -0.411 0.399 0.088 -0.295
0.025095 0.25 9.93702 1.113523126 2.493921975 1.111 1.244 3.6622 2.841 3 0 0.436 0 0 0 0 0 -1 -6.58e-12 0 0.6621 0.3124 0.003645 0.002156 0.01116 -1 0.02548 1.661 1.611 0.808 0.5 0.066 -0.356 -0.529 0.014 -0.552 0.267 -0.047 -0.435
0.025095 0.25 9.93702 1.113855958 2.493976363 1.111 1.292 3.6599 2.783 3 0 0.436 0 0 0 0 0 -1 -7.86e-12 0 0.6621 0.3124 0.003645 0.002156 0.01116 -1 0.02548 1.54 1.5 0.688 0.376 -0.063 -0.489 -0.665 -0.116 -0.688 0.14 -0.177 -0.571
0.025095 0.25 9.93702 1.114175558 2.494028553 1.112 1.342 3.6574 2.723 3 0 0.436 0 0 0 0 0 -1 -9.45e-12 0 0.6621 0.3124 0.003644 0.002157 0.01116 -1 0.02549 1.415 1.386 0.564 0.248 -0.196 -0.627 -0.806 -0.251 -0.83 0.008 -0.312 -0.711
0.025095 0.25 9.93702 1.114461541 2.494075224 1.112 1.39 3.6549 2.666 3 0 0.435 0 0 0 0 0 -1 -1.13e-11 0 0.6621 0.3124 0.003644 0.002158 0.01116 -1 0.02549 1.295 1.278 0.445 0.125 -0.323 -0.76 -0.942 -0.38 -0.967 -0.119 -0.442 -0.846
0.025095 0.25 9.93702 1.114738345 2.494120371 1.112 1.437 3.6524 2.609 3 0 0.435 0 0 0 0 0 -1 -1.34e-11 0 0.6621 0.3124 0.003644 0.002158 0.01116 -1 0.02549 1.178 1.172 0.33 0.005 -0.447 -0.89 -1.075 -0.507 -1.1 -0.242 -0.569 -0.978
0.025095 0.25 9.93702 1.115107775 2.494180585 1.112 1.483 3.65 2.553 3 0 0.435 0 0 0 0 0 -1 -1.59e-11 0 0.6621 0.3124 0.003643 0.002159 0.01116 -1 0.02549 1.063 1.068 0.216 -0.113 -0.57 -1.017 -1.206 -0.631 -1.231 -0.364 -0.693 -1.108
0.025095 0.25 9.93702 1.115158558 2.494188858 1.112 1.487 3.6498 2.548 3 0 0.435 0 0 0 0 0 -1 -1.62e-11 0 0.6621 0.3124 0.003643 0.002159 0.01116 -1 0.02549 1.051 1.058 0.205 -0.125 -0.582 -1.03 -1.219 -0.644 -1.244 -0.376 -0.705 -1.121
0.025095 0.25 9.93702 1.115427971 2.494232737 1.112 1.444 3.6527 2.603 3 0 0.435 0 0 0 0 0 -1 -1.4e-11 0 0.6621 0.3124 0.003642 0.00216 0.01116 -1 0.02549 1.16 1.153 0.312 -0.013 -0.464 -0.906 -1.091 -0.524 -1.116 -0.259 -0.585 -0.994
0.025095 0.25 9.93702 1.115546346 2.494252009 1.113 1.413 3.6547 2.642 3 0 0.435 0 0 0 0 0 -1 -1.24e-11 0 0.6621 0.3124 0.003642 0.00216 0.01116 -1 0.02549 1.237 1.221 0.388 0.067 -0.381 -0.818 -1.001 -0.439 -1.026 -0.177 -0.5 -0.905
0.025095 0.25 9.93702 1.115629077 2.494265475 1.113 1.432 3.6536 2.618 3 0 0.435 0 0 0 0 0 -1 -1.32e-11 0 0.6621 0.3124 0.003642 0.00216 0.01116 -1 0.02549 1.189 1.178 0.341 0.018 -0.432 -0.872 -1.056 -0.491 -1.081 -0.228 -0.552 -0.96
0.025095 0.25 9.93702 1.115857244 2.494302601 1.113 1.481 3.6509 2.559 3 0 0.435 0 0 0 0 0 -1 -1.57e-11 0 0.6621 0.3124 0.003642 0.002161 0.01116 -1 0.02549 1.067 1.068 0.22 -0.108 -0.563 -1.009 -1.196 -0.624 -1.221 -0.358 -0.686 -1.099
0.025095 0.25 9.93702 1.116079807 2.494338799 1.113 1.53 3.6481 2.498 3 0 0.435 0 0 0 0 0 -1 -1.88e-11 0 0.6621 0.3124 0.003641 0.002161 0.01116 -1 0.02549 0.944 0.959 0.099 -0.234 -0.694 -1.146 -1.337 -0.757 -1.362 -0.488 -0.819 -1.239
0.025095 0.25 9.93702 1.116284728 2.494372113 1.113 1.579 3.6453 2.439 3 0 0.435 0 0 0 0 0 -1 -2.26e-11 0 0.6621 0.3124 0.003641 0.002162 0.01116 -1 0.02549 0.823 0.852 -0.021 -0.36 -0.824 -1.281 -1.476 -0.89 -1.503 -0.617 -0.952 -1.377
0.025095 0.25 9.93702 1.116468191 2.494401927 1.113 1.626 3.6425 2.381 3 0 0.435 0 0 0 0 0 -1 -2.69e-11 0 0.6621 0.3124 0.003641 0.002162 0.01116 -1 0.02549 0.706 0.749 -0.137 -0.48 -0.95 -1.412 -1.611 -1.018 -1.638 -0.742 -1.08 -1.511
0.025095 0.25 9.93702 1.116640806 2.494429967 1.113 1.674 3.6396 2.321 3 0 0.435 0 0 0 0 0 -1 -3.21e-11 0 0.6621 0.3124 0.003641 0.002162 0.01116 -1 0.02549 0.586 0.644 -0.256 -0.604 -1.079 -1.546 -1.75 -1.149 -1.777 -0.869 -1.211 -1.649
0.025095 0.25 9.93702 1.116795301 2.494455056 1.113 1.72 3.6367 2.263 3 0 0.435 0 0 0 0 0 -1 -3.83e-11 0 0.6621 0.3124 0.00364 0.002163 0.01116 -1 0.02549 0.469 0.545 -0.371 -0.725 -1.205 -1.677 -1.885 -1.277 -1.913 -0.994 -1.339 -1.783
0.025095 0.25 9.93702 1.116937637 2.494478163 1.113 1.767 3.6338 2.204 3 0 0.435 0 0 0 0 0 -1 -4.56e-11 0 0.6621 0.3124 0.00364 0.002163 0.01116 -1 0.02549 0.352 0.446 -0.486 -0.845 -1.331 -1.808 -2.02 -1.405 -2.05 -1.118 -1.468 -1.918
0.025095 0.25 9.93702 1.117066026 2.494499 1.113 1.813 3.6308 2.147 3 0 0.435 0 0 0 0 0 -1 -5.41e-11 0 0.6621 0.3124 0.00364 0.002163 0.01116 -1 0.0255 0.238 0.348 -0.598 -0.963 -1.454 -1.937 -2.153 -1.531 -2.184 -1.241 -1.593 -2.05
0.025095 0.25 9.93702 1.11718452 2.494518226 1.113 1.859 3.6279 2.089 3 0 0.435 0 0 0 0 0 -1 -6.43e-11 0 0.6621 0.3124 0.00364 0.002164 0.01116 -1 0.0255 0.123 0.254 -0.71 -1.081 -1.577 -2.066 -2.286 -1.656 -2.317 -1.363 -1.719 -2.182
0.025095 0.25 9.93702 1.117293358 2.494535881 1.113 1.905 3.6248 2.031 3 0 0.435 0 0 0 0 0 -1 -7.64e-11 0 0.6621 0.3124 0.00364 0.002164 0.01116 -1 0.0255 0.008 0.161 -0.823 -1.199 -1.7 -2.195 -2.42 -1.783 -2.452 -1.485 -1.845 -2.315
0.025095 0.25 9.93702 1.117390156 2.49455158 1.113 1.949 3.6218 1.974 3 0 0.435 0 0 0 0 0 -1 -9.04e-11 0 0.6621 0.3124 0.003639 0.002164 0.01116 -1 0.0255 -0.103 0.07 -0.931 -1.313 -1.819 -2.318 -2.547 -1.903 -2.581 -1.603 -1.966 -2.44
0.025095 0.25 9.93702 1.11747992 2.494566135 1.112 1.994 3.6187 1.917 3 0 0.435 0 0 0 0 0 -1 -1.07e-10 0 0.6621 0.3124 0.003639 0.002164 0.01116 -1 0.0255 -0.215 -0.02 -1.037 -1.427 -1.939 -2.439 -2.671 -2.022 -2.709 -1.719 -2.085 -2.563
0.025095 0.25 9.93702 1.117560983 2.494579277 1.112 2.038 3.6156 1.861 3 0 0.435 0 0 0 0 0 -1 -1.27e-10 0 0.6621 0.3124 0.003639 0.002164 0.01116 -1 0.0255 -0.325 -0.104 -1.141 -1.538 -2.056 -2.558 -2.793 -2.14 -2.835 -1.833 -2.203 -2.684
0.025095 0.25 9.93702 1.117636204 2.49459147 1.112 2.082 3.6124 1.803 3 0 0.435 0 0 0 0 0 -1 -1.5e-10 0 0.6621 0.3124 0.003639 0.002164 0.01116 -1 0.0255 -0.436 -0.191 -1.246 -1.651 -2.174 -2.678 -2.917 -2.258 -2.962 -1.949 -2.322 -2.806
0.025095 0.25 9.93702 1.117704392 2.494602522 1.112 2.126 3.6092 1.747 3 0 0.435 0 0 0 0 0 -1 -1.77e-10 0 0.6621 0.3124 0.003639 0.002165 0.01116 -1 0.0255 -0.545 -0.275 -1.348 -1.761 -2.29 -2.796 -3.039 -2.374 -3.088 -2.062 -2.438 -2.926
0.025095 0.25 9.93702 1.117766261 2.494612548 1.111 2.169 3.6061 1.692 3 0 0.435 0 0 0 0 0 -1 -2.08e-10 0 0.6621 0.3124 0.003639 0.002165 0.01116 -1 0.0255 -0.652 -0.353 -1.447 -1.869 -2.404 -2.912 -3.158 -2.489 -3.211 -2.173 -2.553 -3.045
0.025095 0.25 9.93702 1.117823362 2.4946218 1.111 2.211 3.6029 1.636 3 0 0.435 0 0 0 0 0 -1 -2.45e-10 0 0.6621 0.3124 0.003639 0.002165 0.01116 -1 0.0255 -0.758 -0.431 -1.546 -1.977 -2.517 -3.028 -3.278 -2.603 -3.335 -2.284 -2.668 -3.163
0.025095 0.25 9.93702 1.11787653 2.494630413 1.111 2.254 3.5996 1.58 3 0 0.435 0 0 0 0 0 -1 -2.88e-10 0 0.6621 0.3124 0.003639 0.002165 0.01116 -1 0.0255 -0.865 -0.511 -1.645 -2.085 -2.632 -3.145 -3.399 -2.718 -3.46 -2.395 -2.783 -3.282
0.025095 0.25 9.93702 1.117923975 2.494638099 1.11 2.295 3.5964 1.526 3 0 0.435 0 0 0 0 0 -1 -3.38e-10 0 0.6621 0.3124 0.003639 0.002165 0.01116 -1 0.0255 -0.968 -0.581 -1.739 -2.189 -2.742 -3.259 -3.516 -2.83 -3.581 -2.503 -2.894 -3.398
0.025095 0.25 9.93702 1.117967963 2.494645225 1.11 2.337 3.5931 1.471 3 0 0.435 0 0 0 0 0 -1 -3.96e-10 0 0.6621 0.3124 0.003638 0.002165 0.01116 -1 0.0255 -1.071 -0.649 -1.835 -2.295 -2.854 -3.375 -3.636 -2.943 -3.704 -2.612 -3.008 -3.517
0.025095 0.25 9.93702 1.11800921 2.494651905 1.11 2.378 3.5897 1.416 3 0 0.435 0 0 0 0 0 -1 -4.65e-10 0 0.6621 0.3124 0.003638 0.002165 0.01116 -1 0.0255 -1.175 -0.715 -1.934 -2.403 -2.968 -3.495 -3.761 -3.06 -3.831 -2.725 -3.125 -3.641
0.025095 0.25 9.93702 1.118045211 2.494657736 1.109 2.417 3.5864 1.364 3 0 0.435 0 0 0 0 0 -1 -5.41e-10 0 0.6621 0.3124 0.003638 0.002165 0.01116 -1 0.0255 -1.273 -0.767 -2.026 -2.505 -3.076 -3.608 -3.879 -3.171 -3.95 -2.831 -3.235 -3.758
0.025095 0.25 9.93702 1.118079543 2.494663295 1.109 2.457 3.5831 1.31 3 0 0.435 0 0 0 0 0 -1 -6.31e-10 0 0.6621 0.3124 0.003638 0.002165 0.01116 -1 0.0255 -1.372 -0.82 -2.119 -2.61 -3.186 -3.723 -3.999 -3.283 -4.072 -2.939 -3.348 -3.877
0.025095 0.25 9.93702 1.118112206 2.494668585 1.108 2.498 3.5796 1.255 3 0 0.435 0 0 0 0 0 -1 -7.39e-10 0 0.6621 0.3124 0.003638 0.002165 0.01116 -1 0.0255 -1.474 -0.873 -2.214 -2.716 -3.299 -3.841 -4.122 -3.399 -4.197 -3.05 -3.463 -3.999
0.025095 0.25 9.93702 1.118140578 2.494673179 1.107 2.536 3.5762 1.204 3 0 0.435 13.94 9.92 6.91 5.32 4.32 4 -8.58e-10 0 0.6621 0.3124 0.003638 0.002166 0.01116 -1 0.0255 -1.569 -0.908 -2.301 -2.816 -3.405 -3.952 -4.238 -3.507 -4.315 -3.154 -3.572 -4.114
0.025095 0.25 9.93702 1.118166804 2.494677425 1.107 2.573 3.5727 1.152 3 0 0.435 15.51 10.89 7.56 5.83 4.73 4 -9.94e-10 0 0.6621 0.3124 0.003638 0.002166 0.01116 -1 0.0255 -1.663 -0.941 -2.387 -2.915 -3.511 -4.063 -4.353 -3.615 -4.432 -3.257 -3.68 -4.229
0.025095 0.25 9.93702 1.118191957 2.494681497 1.106 2.612 3.5692 1.099 3 0 0.435 17.3 11.98 8.28 6.39 5.19 3 -1.16e-09 0 0.6621 0.3124 0.003638 0.002166 0.01116 -1 0.0255 -1.759 -0.973 -2.474 -3.016 -3.618 -4.175 -4.471 -3.726 -4.552 -3.362 -3.79 -4.346
0.025095 0.25 9.93702 1.118215084 2.494685241 1.105 2.649 3.5657 1.047 3 0 0.435 19.26 13.16 9.05 7 5.69 3 -1.34e-09 0 0.6621 0.3124 0.003638 0.002166 0.01116 -1 0.0255 -1.853 -0.993 -2.555 -3.115 -3.724 -4.286 -4.587 -3.834 -4.669 -3.465 -3.899 -4.461
0.025095 0.25 9.93702 1.118241072 2.494689448 1.104 2.695 3.5613 0.983 3 0 0.435 21.97 14.76 10.1 7.82 6.36 3 -1.6e-09 0 0.6621 0.3124 0.003638 0.002166 0.01116 -1 0.0255 -1.967 -1.012 -2.653 -3.235 -3.853 -4.421 -4.728 -3.965 -4.813 -3.59 -4.03 -4.6
0.025095 0.25 9.93702 1.118264794 2.494693289 1.103 2.739 3.5568 0.921 3 0 0.435 25.01 16.52 11.25 8.73 7.1 3 -1.91e-09 0 0.6621 0.3124 0.003638 0.002166 0.01116 -1 0.0255 -2.078 -1.013 -2.743 -3.353 -3.98 -4.553 -4.866 -4.095 -4.954 -3.712 -4.16 -4.738
0.025095 0.25 9.93702 1.118286729 2.494696839 1.102 2.783 3.5523 0.858 3 0 0.435 28.47 18.5 12.53 9.74 7.92 3 -2.28e-09 0 0.6621 0.3124 0.003638 0.002166 0.01116 -1 0.0255 -2.188 -1.008 -2.828 -3.468 -4.106 -4.684 -5.004 -4.223 -5.094 -3.833 -4.289 -4.874
0.025095 0.25 9.93702 1.118306637 2.494700061 1.1 2.826 3.5478 0.797 3 0 0.435 32.32 20.66 13.92 10.84 8.82 3 -2.71e-09 0 0.6621 0.3124 0.003638 0.002166 0.01116 -1 0.0255 -2.295 -0.993 -2.906 -3.58 -4.229 -4.813 -5.138 -4.349 -5.231 -3.951 -4.415 -5.008
0.025095 0.25 9.93702 1.118325114 2.494703052 1.099 2.869 3.5433 0.735 3 0 0.435 36.7 23.08 15.48 12.07 9.83 3 -3.22e-09 0 0.6621 0.3124 0.003638 0.002166 0.01116 -1 0.0255 -2.402 -0.965 -2.976 -3.691 -4.353 -4.94 -5.273 -4.473 -5.369 -4.067 -4.54 -5.141
0.025095 0.25 9.93702 1.118342042 2.494705792 1.097 2.91 3.5387 0.675 3 0 0.435 41.56 25.73 17.17 13.41 10.92 2 -3.81e-09 0 0.6621 0.3124 0.003638 0.002166 0.01116 -1 0.0255 -2.505 -0.93 -3.039 -3.797 -4.473 -5.065 -5.404 -4.595 -5.502 -4.179 -4.662 -5.271
0.025095 0.25 9.93702 1.118357897 2.494708358 1.095 2.952 3.5342 0.614 3 0 0.435 47.11 28.69 19.05 14.91 12.14 2 -4.51e-09 0 0.6621 0.3124 0.003638 0.002166 0.01116 -1 0.0255 -2.609 -0.885 -3.09 -3.901 -4.593 -5.189 -5.535 -4.716 -5.637 -4.29 -4.785 -5.4
0.025095 0.25 9.93702 1.118372202 2.494710673 1.093 2.991 3.5296 0.556 3 0 0.435 53.17 31.89 21.07 16.52 13.45 2 -5.32e-09 0 0.6621 0.3124 0.003638 0.002166 0.01116 -1 0.0255 -2.708 -0.833 -3.135 -4 -4.709 -5.309 -5.661 -4.832 -5.766 -4.396 -4.902 -5.525
0.025095 0.25 9.93702 1.118385911 2.494712892 1.091 3.031 3.525 0.496 3 0 0.435 60.11 35.48 23.33 18.32 14.92 2 -6.27e-09 0 0.6621 0.3124 0.003638 0.002166 0.01116 -1 0.0255 -2.809 -0.759 -3.155 -4.094 -4.825 -5.429 -5.789 -4.948 -5.897 -4.501 -5.019 -5.651
0.025095 0.25 9.93702 1.118398428 2.494714917 1.088 3.07 3.5205 0.439 3 0 0.435 67.74 39.37 25.77 20.27 16.51 2 -7.37e-09 0 0.6621 0.3124 0.003638 0.002166 0.01116 -1 0.0255 -2.905 -0.682 -3.174 -4.185 -4.939 -5.546 -5.912 -5.06 -6.023 -4.603 -5.134 -5.773
0.025095 0.25 9.93702 1.118409872 2.494716769 1.086 3.108 3.5159 0.381 3 0 0.435 76.22 43.63 28.42 22.39 18.25 2 -8.63e-09 0 0.6621 0.3124 0.003638 0.002166 0.01116 -1 0.0255 -3 -0.577 -3.166 -4.265 -5.05 -5.66 -6.032 -5.169 -6.147 -4.7 -5.245 -5.891
0.025095 0.25 9.93702 1.118420601 2.494718505 1.083 3.145 3.5113 0.325 3 0 0.435 85.69 48.31 31.32 24.72 20.15 2 -1.01e-08 0 0.6621 0.3124 0.003638 0.002166 0.01116 -1 0.0255 -3.092 -0.459 -3.148 -4.342 -5.158 -5.772 -6.15 -5.275 -6.269 -4.795 -5.353 -6.007
0.025095 0.25 9.93702 1.118430734 2.494720145 1.08 3.182 3.5066 0.268 3 0 0.435 96.34 53.48 34.52 27.28 22.24 2 -1.18e-08 0 0.6621 0.3124 0.003638 0.002166 0.01116 -1 0.0255 -3.184 -0.354 -3.132 -4.416 -5.265 -5.882 -6.265 -5.379 -6.389 -4.89 -5.46 -6.12
0.025095 0.25 9.93702 1.118440032 2.49472165 1.076 3.217 3.5019 0.213 3 0 0.435 108.02 59.07 37.95 30.04 24.5 2 -1.37e-08 0 0.6621 0.3124 0.003638 0.002166 0.01116 -1 0.0255 -3.273 -0.255 -3.116 -4.488 -5.369 -5.99 -6.375 -5.48 -6.504 -4.982 -5.564 -6.228
0.025095 0.25 9.93702 1.118448853 2.494723077 1.073 3.252 3.4972 0.157 3 0 0.435 121.1 65.24 41.72 33.08 26.98 1 -1.6e-08 0 0.6621 0.3124 0.003638 0.002166 0.01116 -1 0.0255 -3.36 -0.151 -3.088 -4.552 -5.47 -6.096 -6.484 -5.579 -6.619 -5.072 -5.665 -6.336
0.025095 0.25 9.93702 1.11845696 2.494724389 1.069 3.286 3.4925 0.103 3 0 0.435 135.4 71.87 45.76 36.34 29.65 1 -1.86e-08 0 0.6621 0.3124 0.003638 0.002166 0.01116 -1 0.0255 -3.445 -0.049 -3.056 -4.611 -5.568 -6.198 -6.591 -5.674 -6.731 -5.159 -5.763 -6.44
0.025095 0.25 9.93702 1.118464589 2.494725623 1.064 3.319 3.4879 0.05 3 0 0.435 151.21 79.08 50.13 39.87 32.54 1 -2.15e-08 0 0.6621 0.3124 0.003638 0.002166 0.01116 -1 0.0255 -3.528 0.022 -3.039 -4.671 -5.663 -6.299 -6.693 -5.767 -6.84 -5.246 -5.858 -6.54
0.025095 0.25 9.93702 1.11847198 2.494726819 1.059 3.352 3.4833 -0.004 3 0 0.435 168.9 87.03 54.93 43.76 35.71 1 -2.49e-08 0 0.6621 0.3124 0.003638 0.002166 0.01116 -1 0.0255 -3.61 0.056 -3.041 -4.732 -5.756 -6.397 -6.79 -5.858 -6.945 -5.333 -5.951 -6.636
0.025095 0.25 9.93702 1.118479013 2.494727957 1.054 3.384 3.4787 -0.057 3 0 0.435 186.62 95.58 60.06 47.92 39.12 1 -2.89e-08 0 0.6621 0.3124 0.003638 0.002166 0.01116 -1 0.0255 -3.691 0.082 -3.05 -4.794 -5.847 -6.492 -6.883 -5.946 -7.047 -5.419 -6.042 -6.728
0.025095 0.25 9.93702 1.118484139 2.494728787 1.05 3.405 3.4757 -0.091 3 0 0.435 196.5 101.69 63.72 50.89 41.55 1 -3.19e-08 0 0.6621 0.3124 0.003638 0.002166 0.01116 -1 0.0255 -3.743 0.089 -3.063 -4.835 -5.905 -6.553 -6.941 -6.003 -7.111 -5.475 -6.099 -6.785
0.025095 0.25 9.93702 1.118484139 2.494728787 1.049 1.672 3.6557 2.362 4 0 0.451 0 0 0 0 0 -1 -1e-30 0 0.6637 0.3109 0.003764 0.001998 0.01113 -1 0.0254 0.59 0.568 -0.259 -0.58 -1.028 -1.458 -1.642 -1.082 -1.667 -0.822 -1.144 -1.547
0.025095 0.25 9.93702 1.118607759 2.494748786 1.05 1.682 3.6549 2.349 4 0 0.451 0 0 0 0 0 -1 -1e-30 0 0.6637 0.3109 0.003763 0.001999 0.01113 -1 0.0254 0.565 0.546 -0.285 -0.607 -1.056 -1.487 -1.673 -1.111 -1.698 -0.849 -1.173 -1.577
0.025095 0.25 9.93702 1.118726492 2.49476799 1.05 1.685 3.6549 2.346 4 0 0.451 0 0 0 0 0 -1 -1e-30 0 0.6637 0.3109 0.003763 0.001999 0.01113 -1 0.0254 0.558 0.54 -0.291 -0.614 -1.063 -1.494 -1.68 -1.118 -1.704 -0.856 -1.179 -1.584
0.025095 0.25 9.93702 1.118846893 2.494787459 1.05 1.683 3.6552 2.349 4 0 0.451 0 0 0 0 0 -1 -1e-30 0 0.6637 0.3109 0.003763 0.001999 0.01113 -1 0.0254 0.562 0.542 -0.287 -0.609 -1.058 -1.488 -1.673 -1.112 -1.698 -0.851 -1.174 -1.577
0.025095 0.25 9.93702 1.118970156 2.494807385 1.05 1.68 3.6557 2.354 4 0 0.451 0 0 0 0 0 -1 -1e-30 0 0.6637 0.3109 0.003763 0.002 0.01113 -1 0.0254 0.57 0.547 -0.28 -0.601 -1.049 -1.478 -1.663 -1.103 -1.687 -0.842 -1.164 -1.567
0.025095 0.25 9.93702 1.119090676 2.494826864 1.05 1.677 3.6562 2.359 4 0 0.451 0 0 0 0 0 -1 -1e-30 0 0.6637 0.3109 0.003763 0.002 0.01113 -1 0.0254 0.578 0.553 -0.272 -0.593 -1.039 -1.467 -1.652 -1.093 -1.676 -0.833 -1.155 -1.556
0.025095 0.25 9.93702 1.119211435 2.494846376 1.05 1.674 3.6567 2.364 4 0 0.451 0 0 0 0 0 -1 -1e-30 0 0.6637 0.3109 0.003762 0.002 0.01113 -1 0.0254 0.585 0.559 -0.264 -0.584 -1.03 -1.457 -1.641 -1.083 -1.665 -0.824 -1.145 -1.545
0.025095 0.25 9.93702 1.119331121 2.49486571 1.05 1.671 3.6572 2.369 4 0 0.451 0 0 0 0 0 -1 -1e-30 0 0.6637 0.3109 0.003762 0.002001 0.01113 -1 0.0254 0.593 0.564 -0.257 -0.576 -1.021 -1.447 -1.63 -1.074 -1.655 -0.815 -1.136 -1.535
0.025095 0.25 9.93702 1.119453311 2.494885443 1.051 1.668 3.6577 2.374 4 0 0.451 0 0 0 0 0 -1 -1e-30 0 0.6637 0.3109 0.003762 0.002001 0.01113 -1 0.0254 0.6 0.569 -0.25 -0.568 -1.012 -1.438 -1.62 -1.065 -1.644 -0.807 -1.127 -1.525
0.025095 0.25 9.93702 1.119570851 2.494904421 1.051 1.665 3.6581 2.378 4 0 0.451 0 0 0 0 0 -1 -1e-30 0 0.6637 0.3109 0.003762 0.002001 0.01113 -1 0.0254 0.606 0.574 -0.244 -0.561 -1.005 -1.429 -1.611 -1.057 -1.635 -0.799 -1.118 -1.516
0.025095 0.25 9.93702 1.119692802 2.494924107 1.051 1.663 3.6585 2.382 4 0 0.451 0 0 0 0 0 -1 -1e-30 0 0.6637 0.3109 0.003762 0.002001 0.01113 -1 0.0254 0.612 0.578 -0.238 -0.555 -0.998 -1.421 -1.602 -1.05 -1.627 -0.792 -1.111 -1.507
0.025095 0.25 9.93702 1.119820356 2.494944691 1.051 1.661 3.6589 2.386 4 0 0.451 0 0 0 0 0 -1 -1e-30 0 0.6637 0.3109 0.003761 0.002002 0.01113 -1 0.0254 0.617 0.581 -0.233 -0.549 -0.991 -1.414 -1.595 -1.043 -1.619 -0.786 -1.104 -1.5
0.025095 0.25 9.93702 1.119948864 2.494965424 1.051 1.659 3.6592 2.389 4 0 0.451 0 0 0 0 0 -1 -1e-30 0 0.6637 0.3109 0.003761 0.002002 0.01113 -1 0.0254 0.622 0.584 -0.229 -0.544 -0.985 -1.407 -1.588 -1.037 -1.612 -0.78 -1.098 -1.493
0.025095 0.25 9.93702 1.119974136 2.494969501 1.051 1.659 3.6593 2.39 4 0 0.451 0 0 0 0 0 -1 -1e-30 0 0.6637 0.3109 0.003761 0.002002 0.01113 -1 0.0254 0.623 0.585 -0.228 -0.543 -0.984 -1.406 -1.587 -1.036 -1.611 -0.779 -1.097 -1.492
0.025095 0.25 9.93702 1.120073557 2.494985536 1.051 1.658 3.6595 2.392 4 0 0.451 0 0 0 0 0 -1 -1e-30 0 0.6637 0.3109 0.003761 0.002002 0.01113 -1 0.0254 0.626 0.586 -0.225 -0.54 -0.981 -1.402 -1.582 -1.032 -1.606 -0.776 -1.093 -1.487
0.025095 0.25 9.93702 1.120100617 2.4949899 1.051 1.657 3.6596 2.393 4 0 0.451 0 0 0 0 0 -1 -1e-30 0 0.6637 0.3109 0.003761 0.002003 0.01113 -1 0.0254 0.627 0.587 -0.224 -0.539 -0.98 -1.401 -1.581 -1.031 -1.605 -0.775 -1.092 -1.486
0.025095 0.25 9.93702 1.120192289 2.495004682 1.052 1.656 3.6598 2.395 4 0 0.451 0 0 0 0 0 -1 -1e-30 0 0.6637 0.3109 0.003761 0.002003 0.01113 -1 0.0254 0.629 0.588 -0.222 -0.536 -0.977 -1.397 -1.577 -1.027 -1.601 -0.772 -1.089 -1.482
0.025095 0.25 9.93702 1.120307088 2.49502319 1.052 1.655 3.6601 2.397 4 0 0.451 0 0 0 0 0 -1 -1e-30 0 0.6637 0.3109 0.00376 0.002003 0.01113 -1 0.0254 0.632 0.59 -0.219 -0.533 -0.973 -1.393 -1.573 -1.024 -1.597 -0.768 -1.085 -1.478
0.025095 0.25 9.93702 1.120428562 2.495042768 1.052 1.655 3.6603 2.399 4 0 0.451 0 0 0 0 0 -1 -1e-30 0 0.6637 0.3109 0.00376 0.002003 0.01113 -1 0.0254 0.634 0.591 -0.217 -0.531 -0.97 -1.39 -1.569 -1.021 -1.593 -0.766 -1.082 -1.475
0.025095 0.25 9.93702 1.120548487 2.495062093 1.052 1.654 3.6605 2.4 4 0 0.45 0 0 0 0 0 -1 -1e-30 0 0.6637 0.3109 0.00376 0.002004 0.01113 -1 0.02541 0.635 0.591 -0.216 -0.53 -0.969 -1.388 -1.567 -1.019 -1.591 -0.764 -1.08 -1.473
0.025095 0.25 9.93702 1.120669365 2.495081566 1.052 1.654 3.6606 2.4 4 0 0.45 0 0 0 0 0 -1 -1e-30 0 0.6637 0.3109 0.00376 0.002004 0.01113 -1 0.02541 0.635 0.591 -0.216 -0.529 -0.968 -1.387 -1.566 -1.018 -1.59 -0.763 -1.08 -1.472
0.025095 0.25 9.93702 1.120783567 2.495099959 1.052 1.654 3.6607 2.4 4 0 0.45 0 0 0 0 0 -1 -1e-30 0 0.6637 0.3109 0.003759 0.002004 0.01113 -1 0.02541 0.634 0.59 -0.217 -0.53 -0.969 -1.388 -1.566 -1.019 -1.59 -0.764 -1.08 -1.472
0.025095 0.25 9.93702 1.120896936 2.495118213 1.052 1.655 3.6607 2.4 4 0 0.45 0 0 0 0 0 -1 -1e-30 0 0.6637 0.3109 0.003759 0.002005 0.01113 -1 0.02541 0.632 0.588 -0.219 -0.532 -0.971 -1.39 -1.568 -1.021 -1.592 -0.766 -1.082 -1.474
0.025095 0.25 9.93702 1.120930195 2.495123568 1.052 1.655 3.6607 2.4 4 0 0.45 0 0 0 0 0 -1 -1e-30 0 0.6637 0.3109 0.003759 0.002005 0.01113 -1 0.02541 0.631 0.587 -0.22 -0.533 -0.971 -1.39 -1.569 -1.021 -1.593 -0.767 -1.083 -1.475
0.025095 0.25 9.93702 1.121051431 2.495143083 1.053 1.657 3.6607 2.398 4 0 0.45 0 0 0 0 0 -1 -1e-30 0 0.6637 0.3109 0.003759 0.002005 0.01113 -1 0.02541 0.627 0.583 -0.224 -0.537 -0.975 -1.394 -1.573 -1.026 -1.597 -0.771 -1.087 -1.479
0.025095 0.25 9.93702 1.12116611 2.495161539 1.053 1.659 3.6605 2.395 4 0 0.45 0 0 0 0 0 -1 -1e-30 0 0.6637 0.3109 0.003759 0.002005 0.01113 -1 0.02541 0.623 0.579 -0.229 -0.542 -0.981 -1.4 -1.579 -1.031 -1.603 -0.776 -1.092 -1.484
0.025095 0.25 9.93702 1.12128377 2.495180469 1.053 1.662 3.6604 2.392 4 0 0.45 0 0 0 0 0 -1 -1e-30 0 0.6636 0.3109 0.003758 0.002006 0.01113 -1 0.02541 0.616 0.573 -0.235 -0.549 -0.988 -1.407 -1.586 -1.038 -1.61 -0.783 -1.1 -1.492
0.025095 0.25 9.93702 1.121397018 2.495198686 1.053 1.665 3.6601 2.388 4 0 0.45 0 0 0 0 0 -1 -1e-30 0 0.6636 0.3109 0.003758 0.002006 0.01113 -1 0.02541 0.608 0.565 -0.244 -0.557 -0.997 -1.417 -1.596 -1.048 -1.62 -0.792 -1.109 -1.502
0.025095 0.25 9.93702 1.121510983 2.495217013 1.053 1.669 3.6598 2.382 4 0 0.45 0 0 0 0 0 -1 -1e-30 0 0.6636 0.311 0.003758 0.002006 0.01113 -1 0.02541 0.597 0.556 -0.254 -0.569 -1.009 -1.429 -1.609 -1.06 -1.633 -0.804 -1.121 -1.515
0.025095 0.25 9.93702 1.12162447 2.49523526 1.053 1.674 3.6594 2.376 4 0 0.45 0 0 0 0 0 -1 -1e-30 0 0.6636 0.311 0.003758 0.002007 0.01113 -1 0.02541 0.584 0.545 -0.267 -0.582 -1.023 -1.445 -1.625 -1.074 -1.649 -0.818 -1.136 -1.53
0.025095 0.25 9.93702 1.121738076 2.495253521 1.053 1.68 3.6589 2.368 4 0 0.45 0 0 0 0 0 -1 -1e-30 0 0.6636 0.311 0.003758 0.002007 0.01113 -1 0.02541 0.569 0.532 -0.282 -0.598 -1.04 -1.462 -1.643 -1.091 -1.667 -0.834 -1.153 -1.548
0.025095 0.25 9.93702 1.12185359 2.495272085 1.054 1.687 3.6584 2.359 4 0 0.45 0 0 0 0 0 -1 -1e-30 0 0.6636 0.311 0.003757 0.002007 0.01113 -1 0.02541 0.553 0.519 -0.298 -0.615 -1.058 -1.481 -1.663 -1.109 -1.687 -0.852 -1.171 -1.568
0.025095 0.25 9.93702 1.121968031 2.495290472 1.054 1.695 3.6576 2.348 4 0 0.45 0 0 0 0 0 -1 -1e-30 0 0.6636 0.311 0.003757 0.002008 0.01113 -1 0.02541 0.531 0.5 -0.319 -0.637 -1.082 -1.506 -1.689 -1.134 -1.714 -0.876 -1.196 -1.594
0.025095 0.25 9.93702 1.122080207 2.49530849 1.054 1.708 3.6565 2.331 4 0 0.45 0 0 0 0 0 -1 -1e-30 0 0.6636 0.311 0.003757 0.002008 0.01113 -1 0.02541 0.5 0.473 -0.351 -0.671 -1.117 -1.544 -1.728 -1.17 -1.753 -0.911 -1.232 -1.633
0.025095 0.25 9.93702 1.122167706 2.495322542 1.054 1.692 3.6581 2.353 4 0 0.45 0 0 0 0 0 -1 -1e-30 0 0.6636 0.311 0.003757 0.002008 0.01113 -1 0.02541 0.539 0.506 -0.312 -0.629 -1.073 -1.496 -1.678 -1.125 -1.703 -0.867 -1.186 -1.583
0.025095 0.25 9.93702 1.122276664 2.495340037 1.054 1.709 3.6565 2.329 4 0 0.45 0 0 0 0 0 -1 -1e-30 0 0.6636 0.311 0.003756 0.002009 0.01113 -1 0.02541 0.497 0.471 -0.354 -0.674 -1.12 -1.547 -1.731 -1.173 -1.756 -0.914 -1.235 -1.636
0.025095 0.25 9.93702 1.122391224 2.495358427 1.054 1.745 3.6533 2.281 4 0 0.45 0 0 0 0 0 -1 -1e-30 0 0.6636 0.311 0.003756 0.002009 0.01113 -1 0.02541 0.406 0.395 -0.443 -0.769 -1.221 -1.654 -1.842 -1.276 -1.868 -1.013 -1.338 -1.746
0.025095 0.25 9.93702 1.122455001 2.495368663 1.054 1.782 3.6501 2.232 4 0 0.45 0 0 0 0 0 -1 -1e-30 0 0.6636 0.311 0.003756 0.002009 0.01113 -1 0.02541 0.316 0.318 -0.532 -0.864 -1.321 -1.761 -1.953 -1.379 -1.979 -1.112 -1.442 -1.856
0.025095 0.25 9.93702 1.122491121 2.49537446 1.054 1.818 3.6469 2.183 4 0 0.45 0 0 0 0 0 -1 -1e-30 0 0.6636 0.311 0.003756 0.002009 0.01113 -1 0.02541 0.225 0.244 -0.621 -0.958 -1.422 -1.868 -2.065 -1.483 -2.091 -1.211 -1.545 -1.966
0.025095 0.25 9.93702 1.122512221 2.495377846 1.054 1.855 3.6437 2.133 4 0 0.45 0 0 0 0 0 -1 -1e-30 0 0.6636 0.311 0.003756 0.002009 0.01113 -1 0.02541 0.133 0.168 -0.711 -1.054 -1.523 -1.975 -2.177 -1.587 -2.204 -1.312 -1.649 -2.077
0.025095 0.25 9.93702 1.122524857 2.495379873 1.054 1.893 3.6403 2.081 4 0 0.45 0 0 0 0 0 -1 -1e-30 0 0.6636 0.311 0.003756 0.002009 0.01113 -1 0.02541 0.036 0.087 -0.806 -1.155 -1.631 -2.089 -2.295 -1.697 -2.324 -1.418 -1.759 -2.195
0.025095 0.25 9.93702 1.122532129 2.49538104 1.054 1.932 3.637 2.029 4 0 0.45 0 0 0 0 0 -1 -1e-30 0 0.6636 0.311 0.003756 0.002009 0.01113 -1 0.02541 -0.059 0.011 -0.899 -1.255 -1.736 -2.201 -2.412 -1.805 -2.441 -1.522 -1.867 -2.31
0.025095 0.25 9.93702 1.12253654 2.495381748 1.054 1.97 3.6337 1.978 4 0 0.45 0 0 0 0 0 -1 -1e-30 0 0.6636 0.311 0.003756 0.002009 0.01113 -1 0.02541 -0.156 -0.066 -0.993 -1.354 -1.841 -2.311 -2.526 -1.912 -2.557 -1.626 -1.975 -2.423
0.025095 0.25 9.93702 1.12253952 2.495382226 1.054 2.009 3.6304 1.925 4 0 0.45 0 0 0 0 0 -1 -1e-30 0 0.6636 0.311 0.003756 0.002009 0.01113 -1 0.02541 -0.254 -0.146 -1.086 -1.454 -1.947 -2.42 -2.638 -2.019 -2.673 -1.729 -2.081 -2.534
0.025095 0.25 9.93702 1.122541547 2.495382551 1.054 2.045 3.6273 1.877 4 0 0.45 0 0 0 0 0 -1 -1e-30 0 0.6636 0.311 0.003756 0.002009 0.01113 -1 0.02541 -0.343 -0.215 -1.17 -1.546 -2.044 -2.519 -2.741 -2.116 -2.778 -1.823 -2.179 -2.635
0.025095 0.25 9.93702 1.122542024 2.495382628 1.054 2.057 3.6263 1.861 7 0 0.45 0 0 0 0 0 -1 -1e-30 0 0.6636 0.311 0.003756 0.002009 0.01113 -1 0.02541 -0.373 -0.238 -1.198 -1.576 -2.076 -2.552 -2.775 -2.148 -2.813 -1.854 -2.211 -2.668
0.025095 0.25 9.93702 1.122542381 2.495382685 1.054 2.063 3.6258 1.853 7 0 0.45 0 0 0 0 0 -1 -1e-30 0 0.6636 0.311 0.003756 0.002009 0.01113 -1 0.02541 -0.389 -0.25 -1.213 -1.592 -2.093 -2.57 -2.793 -2.165 -2.832 -1.871 -2.229 -2.687
0.025095 0.25 9.93702 1.12254405 2.495382953 1.054 2.1 3.6226 1.803 7 0 0.45 0 0 0 0 0 -1 -1e-30 0 0.6636 0.311 0.003756 0.002009 0.01113 -1 0.02541 -0.481 -0.322 -1.3 -1.686 -2.192 -2.672 -2.899 -2.266 -2.941 -1.968 -2.329 -2.791
0.025095 0.25 9.93702 1.122545838 2.49538324 1.054 2.133 3.6198 1.759 7 0 0.45 0 0 0 0 0 -1 -1e-30 0 0.6636 0.311 0.003756 0.002009 0.01113 -1 0.02541 -0.564 -0.386 -1.378 -1.77 -2.282 -2.764 -2.993 -2.355 -3.039 -2.055 -2.419 -2.884
0.025095 0.25 9.93702 1.122550368 2.495383967 1.054 2.149 3.6185 1.738 7 0 0.45 0 0 0 0 0 -1 -1e-30 0 0.6636 0.311 0.003756 0.002009 0.01113 -1 0.02541 -0.602 -0.415 -1.414 -1.81 -2.323 -2.806 -3.037 -2.397 -3.084 -2.096 -2.461 -2.928
0.025095 0.25 9.93702 1.122559309 2.495385401 1.054 2.107 3.6221 1.795 7 0 0.45 0 0 0 0 0 -1 -1e-30 0 0.6636 0.311 0.003756 0.002009 0.01113 -1 0.02541 -0.497 -0.335 -1.316 -1.703 -2.21 -2.69 -2.917 -2.283 -2.96 -1.985 -2.347 -2.809
0.025095 0.25 9.93702 1.122591853 2.495390623 1.054 2.099 3.6228 1.805 7 0 0.45 0 0 0 0 0 -1 -1e-30 0 0.6636 0.311 0.003756 0.002009 0.01113 -1 0.02541 -0.478 -0.32 -1.297 -1.683 -2.189 -2.668 -2.894 -2.261 -2.936 -1.965 -2.325 -2.787
0.025095 0.25 9.93702 1.12267983 2.495404737 1.055 2.123 3.6207 1.772 7 0 0.45 0 0 0 0 0 -1 -1e-30 0 0.6636 0.311 0.003756 0.00201 0.01113 -1 0.02541 -0.538 -0.367 -1.354 -1.745 -2.254 -2.735 -2.964 -2.328 -3.009 -2.029 -2.391 -2.856
0.025095 0.25 9.93702 1.12273562 2.495413686 1.055 2.168 3.6168 1.712 7 0 0.45 0 0 0 0 0 -1 -1e-30 0 0.6636 0.311 0.003756 0.00201 0.01113 -1 0.02541 -0.65 -0.449 -1.458 -1.858 -2.375 -2.859 -3.092 -2.449 -3.141 -2.146 -2.513 -2.982
0.025095 0.25 9.93702 1.122777581 2.495420416 1.055 2.212 3.613 1.654 7 0 0.45 0 0 0 0 0 -1 -1e-30 0 0.6636 0.311 0.003755 0.00201 0.01113 -1 0.02541 -0.759 -0.529 -1.56 -1.969 -2.492 -2.981 -3.218 -2.568 -3.271 -2.261 -2.632 -3.106
0.025095 0.25 9.93702 1.122812629 2.495426037 1.055 2.255 3.6092 1.595 7 0 0.45 0 0 0 0 0 -1 -1e-30 0 0.6636 0.311 0.003755 0.00201 0.01113 -1 0.02541 -0.867 -0.608 -1.66 -2.079 -2.609 -3.101 -3.342 -2.685 -3.4 -2.374 -2.75 -3.229
0.025095 0.25 9.93702 1.122841954 2.49543074 1.055 2.297 3.6055 1.538 7 0 0.45 0 0 0 0 0 -1 -1e-30 0 0.6636 0.311 0.003755 0.00201 0.01113 -1 0.02541 -0.973 -0.681 -1.757 -2.186 -2.723 -3.22 -3.465 -2.801 -3.526 -2.486 -2.866 -3.349
0.025095 0.25 9.93702 1.122866869 2.495434735 1.055 2.339 3.6019 1.482 7 0 0.45 0 0 0 0 0 -1 -1e-30 0 0.6636 0.311 0.003755 0.00201 0.01113 -1 0.02541 -1.077 -0.753 -1.853 -2.292 -2.836 -3.337 -3.586 -2.915 -3.651 -2.595 -2.98 -3.469
0.025095 0.25 9.93702 1.122888565 2.495438214 1.055 2.38 3.5982 1.426 7 0 0.45 0 0 0 0 0 -1 -1e-30 0 0.6636 0.311 0.003755 0.00201 0.01113 -1 0.02541 -1.179 -0.818 -1.95 -2.399 -2.949 -3.457 -3.712 -3.032 -3.779 -2.707 -3.097 -3.594
0.025095 0.25 9.93702 1.122907758 2.495441291 1.055 2.421 3.5944 1.37 7 0 0.45 0 0 0 0 0 -1 -1e-30 0 0.6636 0.311 0.003755 0.00201 0.01113 -1 0.02541 -1.281 -0.878 -2.047 -2.505 -3.063 -3.576 -3.837 -3.148 -3.906 -2.819 -3.213 -3.718
0.025095 0.25 9.93702 1.122924805 2.495444024 1.055 2.461 3.5907 1.315 7 0 0.45 0 0 0 0 0 -1 -1e-30 0 0.6636 0.311 0.003755 0.00201 0.01113 -1 0.02541 -1.383 -0.938 -2.143 -2.611 -3.175 -3.695 -3.961 -3.263 -4.032 -2.93 -3.328 -3.841
0.025095 0.25 9.93702 1.12294054 2.495446547 1.055 2.501 3.587 1.26 7 0 0.45 12.19 8.85 6.19 4.77 3.87 4 -1e-30 0 0.6636 0.311 0.003755 0.00201 0.01113 -1 0.02541 -1.482 -0.988 -2.236 -2.716 -3.286 -3.812 -4.084 -3.378 -4.157 -3.039 -3.443 -3.963
0.025095 0.25 9.93702 1.122954965 2.49544886 1.055 2.54 3.5831 1.205 7 0 0.45 13.66 9.77 6.8 5.25 4.26 4 -1e-30 0 0.6636 0.311 0.003755 0.002011 0.01113 -1 0.02541 -1.581 -1.034 -2.329 -2.819 -3.397 -3.929 -4.206 -3.492 -4.281 -3.148 -3.557 -4.085
0.025095 0.25 9.93702 1.122968674 2.495451058 1.055 2.579 3.5793 1.151 7 0 0.45 15.28 10.77 7.46 5.77 4.68 3 -1e-30 0 0.6636 0.311 0.003754 0.002011 0.01113 -1 0.02541 -1.678 -1.077 -2.418 -2.921 -3.505 -4.044 -4.327 -3.603 -4.403 -3.254 -3.668 -4.204
0.025095 0.25 9.93702 1.122981667 2.495453141 1.055 2.619 3.5754 1.096 7 0 0.449 17.13 11.89 8.21 6.35 5.16 3 -1e-30 0 0.6636 0.311 0.003751 0.002012 0.01113 -1 0.02541 -1.776 -1.107 -2.507 -3.025 -3.616 -4.161 -4.449 -3.717 -4.528 -3.363 -3.782 -4.325
0.025095 0.25 9.93702 1.122993827 2.49545509 1.055 2.658 3.5714 1.04 7 0 0.449 19.24 13.16 9.04 7 5.69 3 -1e-30 0 0.6636 0.311 0.003746 0.002016 0.01113 -1 0.02541 -1.876 -1.136 -2.597 -3.13 -3.728 -4.28 -4.573 -3.833 -4.654 -3.473 -3.898 -4.449
0.025095 0.25 9.93702 1.123005033 2.495456886 1.055 2.696 3.5675 0.987 7 0 0.448 21.49 14.48 9.91 7.69 6.25 3 -1e-30 0 0.6636 0.311 0.003741 0.002022 0.01113 -1 0.02541 -1.97 -1.152 -2.679 -3.23 -3.835 -4.392 -4.691 -3.943 -4.774 -3.577 -4.007 -4.566
0.025095 0.25 9.93702 1.123016 2.495458645 1.055 2.736 3.5633 0.931 7 0 0.447 24.17 16.04 10.92 8.49 6.9 3 -1e-30 0 0.6636 0.311 0.003733 0.00203 0.01113 -1 0.02541 -2.069 -1.16 -2.763 -3.335 -3.949 -4.512 -4.817 -4.059 -4.902 -3.687 -4.124 -4.69
0.025095 0.25 9.93702 1.123026371 2.495460307 1.055 2.784 3.5581 0.862 7 0 0.446 27.89 18.17 12.3 9.58 7.79 3 -1e-30 0 0.6636 0.311 0.003725 0.002041 0.01113 -1 0.02541 -2.189 -1.16 -2.862 -3.463 -4.088 -4.657 -4.969 -4.201 -5.057 -3.821 -4.266 -4.841
0.025095 0.25 9.93702 1.123034596 2.495461626 1.055 2.843 3.5514 0.775 7 0 0.445 33.39 21.24 14.28 11.15 9.07 3 -1e-30 0 0.6636 0.311 0.003715 0.002053 0.01113 -1 0.02541 -2.338 -1.137 -2.975 -3.62 -4.261 -4.838 -5.159 -4.377 -5.251 -3.986 -4.443 -5.029
0.025095 0.25 9.93702 1.123039722 2.495462447 1.055 2.894 3.5454 0.701 7 0 0.444 39 24.32 16.25 12.71 10.34 2 -1e-30 0 0.6636 0.311 0.003707 0.002062 0.01113 -1 0.02541 -2.466 -1.095 -3.059 -3.753 -4.409 -4.993 -5.323 -4.528 -5.419 -4.126 -4.595 -5.192
0.025095 0.25 9.93702 1.123043656 2.495463078 1.055 2.938 3.5403 0.637 7 0 0.443 44.54 27.29 18.15 14.21 11.57 2 -1e-30 0 0.6636 0.311 0.003702 0.002068 0.01113 -1 0.02541 -2.574 -1.051 -3.126 -3.866 -4.536 -5.125 -5.462 -4.657 -5.561 -4.245 -4.724 -5.33
0.025095 0.25 9.93702 1.123047113 2.495463632 1.055 2.979 3.5353 0.576 7 0 0.443 50.57 30.48 20.16 15.82 12.88 2 -1e-30 0 0.6636 0.311 0.003699 0.002072 0.01113 -1 0.0254 -2.677 -0.991 -3.172 -3.969 -4.657 -5.251 -5.595 -4.779 -5.697 -4.356 -4.847 -5.461
0.025095 0.25 9.93702 1.123050332 2.495464148 1.055 3.019 3.5302 0.515 7 0 0.443 57.4 34.03 22.4 17.6 14.33 2 -1e-30 0 0.6636 0.311 0.003697 0.002075 0.01113 -1 0.0254 -2.778 -0.924 -3.215 -4.071 -4.777 -5.375 -5.728 -4.899 -5.833 -4.465 -4.969 -5.592
0.025095 0.25 9.93702 1.123053432 2.495464645 1.055 3.056 3.5255 0.459 7 0 0.443 64.5 37.66 24.68 19.42 15.82 2 -1e-30 0 0.6636 0.311 0.003696 0.002076 0.01113 -1 0.0254 -2.871 -0.838 -3.227 -4.158 -4.887 -5.489 -5.848 -5.009 -5.957 -4.563 -5.08 -5.711
0.025095 0.25 9.93702 1.123056412 2.495465123 1.055 3.091 3.521 0.406 7 0 0.443 72.03 41.46 27.05 21.32 17.37 2 -1e-30 0 0.6636 0.311 0.003696 0.002076 0.01113 -1 0.0254 -2.959 -0.754 -3.237 -4.24 -4.992 -5.596 -5.962 -5.112 -6.074 -4.656 -5.185 -5.823
0.025095 0.25 9.93702 1.123059154 2.495465562 1.055 3.122 3.5169 0.359 7 0 0.443 79.35 45.1 29.31 23.13 18.85 2 -1e-30 0 0.6636 0.311 0.003696 0.002076 0.01113 -1 0.0254 -3.035 -0.655 -3.225 -4.304 -5.082 -5.69 -6.061 -5.201 -6.176 -4.735 -5.276 -5.92
0.025095 0.25 9.93702 1.123062491 2.495466097 1.055 3.155 3.5124 0.308 7 0 0.443 88.25 49.47 32.02 25.3 20.62 2 -1e-30 0 0.6636 0.311 0.003696 0.002076 0.01113 -1 0.0254 -3.118 -0.535 -3.202 -4.372 -5.18 -5.792 -6.169 -5.297 -6.288 -4.82 -5.375 -6.027
0.025095 0.25 9.93702 1.123065949 2.495466651 1.055 3.188 3.508 0.257 7 0 0.443 98.09 54.23 34.96 27.66 22.55 2 -1e-30 0 0.6636 0.311 0.003696 0.002076 0.01113 -1 0.0254 -3.2 -0.422 -3.179 -4.438 -5.277 -5.893 -6.275 -5.392 -6.397 -4.905 -5.472 -6.13
0.025095 0.25 9.93702 1.123069644 2.495467243 1.055 3.219 3.5037 0.209 7 0 0.443 108.49 59.2 38.01 30.11 24.55 1 -1e-30 0 0.6636 0.311 0.003696 0.002076 0.01113 -1 0.0254 -3.278 -0.328 -3.16 -4.5 -5.369 -5.988 -6.373 -5.481 -6.5 -4.986 -5.564 -6.227
0.025095 0.25 9.93702 1.123072743 2.49546774 1.055 3.244 3.5003 0.17 7 0 0.443 117.5 63.45 40.62 32.21 26.27 1 -1e-30 0 0.6636 0.311 0.003696 0.002076 0.01113 -1 0.0254 -3.34 -0.246 -3.141 -4.548 -5.442 -6.063 -6.451 -5.552 -6.582 -5.05 -5.636 -6.304
0.025095 0.25 9.93702 1.123073697 2.495467893 1.055 3.228 3.5025 0.195 7 0 0.443 111.54 60.64 38.9 30.83 25.14 1 -1e-30 0 0.6636 0.311 0.003696 0.002076 0.01113 -1 0.0254 -3.3 -0.3 -3.154 -4.517 -5.395 -6.014 -6.4 -5.506 -6.529 -5.008 -5.589 -6.253
0.025095 0.25 9.93702 1.123073935 2.495467931 1.055 3.226 3.5027 0.198 7 0 0.443 110.88 60.33 38.71 30.67 25.01 1 -1e-30 0 0.6636 0.311 0.003696 0.002076 0.01113 -1 0.0254 -3.295 -0.306 -3.155 -4.513 -5.389 -6.008 -6.394 -5.5 -6.522 -5.003 -5.584 -6.248
0.025095 0.25 9.93702 1.123074055 2.495467951 1.055 3.228 3.5024 0.195 7 0 0.443 111.63 60.68 38.92 30.85 25.15 1 -1e-30 0 0.6636 0.311 0.003696 0.002076 0.01113 -1 0.0254 -3.3 -0.299 -3.154 -4.517 -5.395 -6.015 -6.401 -5.506 -6.529 -5.009 -5.59 -6.254
0.025095 0.25 9.93702 1.123074174 2.49546797 1.055 3.239 3.501 0.179 7 0 0.443 115.48 62.5 40.03 31.74 25.88 1 -1e-30 0 0.6636 0.311 0.003696 0.002076 0.01113 -1 0.0254 -3.327 -0.264 -3.145 -4.538 -5.426 -6.047 -6.434 -5.536 -6.564 -5.036 -5.621 -6.287
0.025095 0.25 9.93702 1.123074412 2.495468008 1.055 3.254 3.4988 0.154 7 0 0.443 121.4 65.28 41.73 33.11 27 1 -1e-30 0 0.6636 0.311 0.003696 0.002076 0.01113 -1 0.0254 -3.365 -0.213 -3.13 -4.565 -5.471 -6.094 -6.483 -5.58 -6.615 -5.076 -5.665 -6.335
0.025095 0.25 9.93702 1.123074532 2.495468027 1.055 3.272 3.4962 0.126 7 0 0.443 128.93 68.78 43.87 34.83 28.41 1 -1e-30 0 0.6636 0.311 0.003696 0.002076 0.01113 -1 0.0254 -3.411 -0.153 -3.109 -4.596 -5.524 -6.15 -6.541 -5.632 -6.677 -5.123 -5.719 -6.392
0.025095 0.25 9.93702 1.123074889 2.495468084 1.055 3.292 3.4933 0.095 7 0 0.443 137.46 72.72 46.27 36.76 29.99 1 -1e-30 0 0.6636 0.311 0.003696 0.002076 0.01113 -1 0.0254 -3.459 -0.088 -3.086 -4.629 -5.581 -6.21 -6.602 -5.687 -6.742 -5.173 -5.775 -6.452
0.025095 0.25 9.93702 1.123075247 2.495468141 1.055 3.312 3.4902 0.062 7 0 0.443 147.11 77.14 48.95 38.93 31.76 1 -1e-30 0 0.6636 0.311 0.003696 0.002076 0.01113 -1 0.0254 -3.51 -0.014 -3.058 -4.662 -5.64 -6.273 -6.668 -5.744 -6.811 -5.225 -5.835 -6.516
0.025095 0.25 9.93702 1.123075604 2.495468199 1.055 3.337 3.4864 0.022 7 0.523 0.443 159.84 82.92 52.44 41.75 34.07 1 -1e-30 0 0.6636 0.311 0.003696 0.002076 0.01113 -1 0.0254 -3.572 0.021 -3.054 -4.707 -5.71 -6.347 -6.742 -5.813 -6.891 -5.291 -5.905 -6.589
0.025095 0.25 9.93702 1.12307632 2.495468313 1.011 3.365 3.4739 -0.074 8 0.522 0.464 188.73 97.6 61.22 48.93 39.94 1 -1.25e-07 0 0.6636 0.311 0.003881 0.002079 0.01116 -1 0.02537 -3.642 0.213 -2.946 -4.727 -5.806 -6.456 -6.84 -5.902 -7.014 -5.374 -6 -6.683
0.025095 0.25 9.93702 1.12307632 2.495468313 1.011 3.085 3.502 0.317 8 0.522 0.464 85.77 48.1 31.15 24.64 20.07 2 -3.74e-08 0 0.6636 0.311 0.003881 0.002079 0.01116 -1 0.02537 -2.944 0.055 -2.793 -4.157 -5.037 -5.662 -6.045 -5.15 -6.172 -4.653 -5.234 -5.898
0.025095 0.25 9.93702 1.123076439 2.495468333 1.011 2.964 3.5196 0.509 8 0.522 0.464 57.48 33.99 22.36 17.6 14.32 2 -2.32e-08 0 0.6636 0.311 0.003881 0.002079 0.01116 -1 0.02537 -2.64 -0.383 -2.889 -3.915 -4.675 -5.285 -5.652 -4.797 -5.762 -4.337 -4.871 -5.512
0.025095 0.25 9.93702 1.123076439 2.495468333 1.01 2.805 3.5426 0.76 8 0.522 0.464 34.08 21.6 14.5 11.34 9.22 3 -1.27e-08 0 0.6636 0.311 0.003881 0.002079 0.01116 -1 0.02537 -2.242 -0.783 -2.81 -3.531 -4.195 -4.785 -5.117 -4.316 -5.213 -3.908 -4.383 -4.986
0.025095 0.25 9.93702 1.123076558 2.495468352 1.01 2.836 3.5377 0.709 8 0.522 0.464 37.89 23.69 15.83 12.4 10.08 2 -1.42e-08 0 0.6636 0.311 0.003881 0.002079 0.01116 -1 0.02537 -2.32 -0.709 -2.84 -3.612 -4.291 -4.885 -5.225 -4.413 -5.324 -3.995 -4.481 -5.092
0.025095 0.25 9.93702 1.123076677 2.495468371 1.009 2.966 3.5183 0.501 8 0.522 0.464 58.47 34.5 22.68 17.85 14.53 2 -2.34e-08 0 0.6636 0.311 0.003881 0.002079 0.01116 -1 0.02537 -2.645 -0.331 -2.864 -3.916 -4.685 -5.296 -5.665 -4.807 -5.776 -4.344 -4.881 -5.525
0.025095 0.25 9.93702 1.123076916 2.495468409 1.008 3.125 3.4945 0.246 8 0.522 0.464 99.46 54.67 35.2 27.9 22.74 2 -4.38e-08 0 0.6636 0.311 0.003881 0.002079 0.01116 -1 0.02537 -3.044 0.236 -2.723 -4.224 -5.159 -5.791 -6.177 -5.267 -6.314 -4.758 -5.355 -6.028
0.025095 0.25 9.93702 1.123077154 2.495468447 1.007 3.256 3.4749 0.037 8 0.522 0.464 153.9 79.82 50.52 40.27 32.84 1 -7.41e-08 0 0.6636 0.311 0.003881 0.002079 0.01116 -1 0.02537 -3.37 0.425 -2.71 -4.465 -5.529 -6.181 -6.559 -5.627 -6.731 -5.102 -5.724 -6.403
0.025095 0.25 9.93702 1.123077393 2.495468485 1.006 3.339 3.4619 -0.099 8 0.523 0.464 195.71 101.98 63.83 51.06 41.68 1 -1.04e-07 0 0.6636 0.311 0.003881 0.002079 0.01116 -1 0.02537 -3.578 0.448 -2.772 -4.628 -5.757 -6.421 -6.784 -5.848 -6.986 -5.322 -5.951 -6.623
0.025095 0.25 9.93702 1.123077631 2.495468524 1.004 3.383 3.4548 -0.172 8 0.523 0.464 218.65 116.28 72.35 57.99 47.35 1 -1.24e-07 0 0.6636 0.311 0.003881 0.002079 0.01116 -1 0.02537 -3.687 0.449 -2.823 -4.717 -5.872 -6.543 -6.894 -5.96 -7.114 -5.436 -6.066 -6.731
0.025095 0.25 9.93702 1.123077989 2.495468581 1.003 3.403 3.4509 -0.208 8 0.523 0.464 231.03 124.12 77 61.79 50.45 1 -1.35e-07 0 0.6636 0.311 0.003881 0.002079 0.01116 -1 0.02537 -3.737 0.455 -2.846 -4.757 -5.925 -6.599 -6.943 -6.011 -7.174 -5.489 -6.119 -6.779
0.025095 0.25 9.93702 1.123078346 2.495468638 1.001 3.414 3.4482 -0.231 8 0.523 0.464 239.19 129.35 80.1 64.31 52.52 1 -1.41e-07 0 0.6636 0.311 0.003881 0.002079 0.01116 -1 0.02537 -3.766 0.458 -2.863 -4.782 -5.954 -6.63 -6.968 -6.039 -7.206 -5.519 -6.148 -6.803
0.025095 0.25 9.93702 1.123078346 2.495468638 1.001 3.194 3.4803 0.118 8 0.523 0.464 129.74 68.79 43.82 34.86 28.43 1 -5.73e-08 0 0.6636 0.311 0.003881 0.002079 0.01116 -1 0.02537 -3.214 0.462 -2.632 -4.331 -5.364 -6.011 -6.394 -5.465 -6.554 -4.942 -5.56 -6.24
0.025095 0.25 9.93702 1.123078465 2.495468657 1.001 3.018 3.5059 0.396 8 0.523 0.464 72.58 41.59 27.1 21.4 17.43 2 -2.84e-08 0 0.6636 0.311 0.003881 0.002079 0.01116 -1 0.02537 -2.774 0.064 -2.712 -4.002 -4.854 -5.477 -5.857 -4.97 -5.979 -4.48 -5.052 -5.712
0.025095 0.25 9.93702 1.123078465 2.495468657 1 2.858 3.529 0.648 8 0.523 0.464 42.94 26.39 17.55 13.77 11.2 2 -1.53e-08 0 0.6636 0.311 0.003881 0.002079 0.01116 -1 0.02537 -2.375 -0.474 -2.788 -3.666 -4.377 -4.981 -5.332 -4.501 -5.436 -4.064 -4.572 -5.196
0.025095 0.25 9.93702 1.123078585 2.495468676 0.999 2.889 3.5243 0.598 8 0.523 0.464 47.62 28.86 19.12 15.02 12.22 2 -1.72e-08 0 0.6636 0.311 0.003881 0.002079 0.01116 -1 0.02537 -2.452 -0.375 -2.784 -3.735 -4.471 -5.078 -5.436 -4.594 -5.543 -4.145 -4.666 -5.298
0.025095 0.25 9.93702 1.123078823 2.495468715 0.998 3.017 3.5052 0.393 8 0.523 0.464 73.08 41.83 27.25 21.52 17.52 2 -2.84e-08 0 0.6636 0.311 0.003881 0.002079 0.01116 -1 0.02537 -2.773 0.091 -2.696 -3.999 -4.856 -5.479 -5.859 -4.971 -5.982 -4.48 -5.053 -5.714
0.025095 0.25 9.93702 1.123078942 2.495468734 0.997 3.175 3.4819 0.141 8 0.524 0.464 123.46 65.87 42.04 33.43 27.25 1 -5.32e-08 0 0.6636 0.311 0.003881 0.002079 0.01116 -1 0.02537 -3.166 0.469 -2.611 -4.291 -5.312 -5.958 -6.341 -5.414 -6.498 -4.893 -5.508 -6.187
0.025095 0.25 9.93702 1.123079181 2.495468772 0.995 3.303 3.4626 -0.065 8 0.524 0.464 184.98 95.59 59.99 47.97 39.14 1 -8.97e-08 0 0.6636 0.311 0.003881 0.002079 0.01116 -1 0.02537 -3.488 0.516 -2.695 -4.542 -5.664 -6.328 -6.69 -5.756 -6.89 -5.23 -5.859 -6.529
0.025095 0.25 9.93702 1.123079419 2.49546881 0.993 3.385 3.4501 -0.197 8 0.524 0.464 226.45 121.42 75.38 60.49 49.39 1 -1.26e-07 0 0.6636 0.311 0.003881 0.002079 0.01116 -1 0.02537 -3.692 0.506 -2.799 -4.711 -5.879 -6.554 -6.896 -5.966 -7.129 -5.444 -6.074 -6.732
0.025095 0.25 9.93702 1.123079777 2.495468868 0.991 3.427 3.4434 -0.267 8 0.524 0.464 251.73 137.63 84.96 68.31 55.79 1 -1.49e-07 0 0.6636 0.311 0.003881 0.002079 0.01116 -1 0.02537 -3.796 0.48 -2.877 -4.808 -5.985 -6.663 -6.991 -6.068 -7.24 -5.551 -6.178 -6.824
0.025095 0.25 9.93702 1.123080134 2.495468925 0.989 3.445 3.44 -0.3 8 0.524 0.464 264.53 146 89.88 72.33 59.08 1 -1.75e-07 0 0.6636 0.311 0.003881 0.002079 0.01116 -1 0.02537 -3.843 0.471 -2.911 -4.85 -6.031 -6.711 -7.032 -6.112 -7.29 -5.598 -6.224 -6.864
0.025095 0.25 9.93702 1.123080492 2.495468982 0.986 3.455 3.4379 -0.319 8 0.525 0.464 272.2 151.08 92.86 74.77 61.08 1 -2.11e-07 0 0.6636 0.311 0.003881 0.002079 0.01116 -1 0.02537 -3.867 0.481 -2.922 -4.87 -6.056 -6.737 -7.055 -6.137 -7.319 -5.623 -6.249 -6.887
0.025095 0.25 9.93702 1.123080492 2.495468982 0.986 3.239 3.4698 0.024 8 0.525 0.464 157.33 81.17 51.31 40.94 33.39 1 -6.99e-08 0 0.6636 0.311 0.003881 0.002079 0.01116 -1 0.02537 -3.327 0.548 -2.613 -4.406 -5.493 -6.151 -6.522 -5.589 -6.705 -5.064 -5.689 -6.364
0.025095 0.25 9.93702 1.123080611 2.495469001 0.986 3.063 3.4958 0.304 8 0.525 0.464 87.82 48.99 31.68 25.09 20.44 2 -3.46e-08 0 0.6636 0.311 0.003881 0.002079 0.01116 -1 0.02537 -2.888 0.333 -2.602 -4.075 -4.999 -5.631 -6.015 -5.109 -6.15 -4.602 -5.196 -5.866
0.025095 0.25 9.93702 1.123080611 2.495469001 0.985 2.904 3.5194 0.557 8 0.525 0.464 51.7 30.97 20.44 16.08 13.09 2 -1.86e-08 0 0.6636 0.311 0.003881 0.002079 0.01116 -1 0.02537 -2.49 -0.224 -2.733 -3.764 -4.525 -5.137 -5.503 -4.648 -5.613 -4.188 -4.722 -5.363
0.025095 0.25 9.93702 1.12308085 2.49546904 0.984 2.934 3.5149 0.509 8 0.525 0.464 57.21 33.8 22.22 17.51 14.25 2 -2.1e-08 0 0.6636 0.311 0.003881 0.002079 0.01116 -1 0.02537 -2.565 -0.107 -2.708 -3.825 -4.615 -5.231 -5.603 -4.736 -5.716 -4.266 -4.813 -5.461
0.025095 0.25 9.93702 1.123080969 2.495469059 0.982 3.061 3.4961 0.305 8 0.525 0.464 87.42 48.78 31.55 24.99 20.35 2 -3.46e-08 0 0.6636 0.311 0.003881 0.002079 0.01116 -1 0.02537 -2.883 0.327 -2.604 -4.071 -4.993 -5.624 -6.009 -5.103 -6.143 -4.597 -5.19 -5.86
0.025095 0.25 9.93702 1.123081207 2.495469097 0.98 3.217 3.473 0.057 8 0.525 0.464 146.91 76.44 48.44 38.62 31.5 1 -6.48e-08 0 0.6636 0.311 0.003881 0.002079 0.01116 -1 0.02537 -3.272 0.542 -2.599 -4.363 -5.433 -6.087 -6.461 -5.53 -6.637 -5.006 -5.628 -6.304
0.025095 0.25 9.93702 1.123081446 2.495469135 0.978 3.343 3.4541 -0.147 8 0.525 0.464 208.31 110.33 68.77 55.14 45 1 -1.09e-07 0 0.6636 0.311 0.003881 0.002079 0.01116 -1 0.02537 -3.589 0.543 -2.729 -4.62 -5.773 -6.444 -6.792 -5.861 -7.014 -5.338 -5.967 -6.629
0.025095 0.25 9.93702 1.123081684 2.495469173 0.975 3.424 3.4422 -0.276 8 0.526 0.464 253.73 139.32 85.93 69.14 56.46 1 -1.53e-07 0 0.6636 0.311 0.003881 0.002079 0.01116 -1 0.02537 -3.79 0.499 -2.866 -4.8 -5.978 -6.657 -6.982 -6.06 -7.234 -5.545 -6.172 -6.815
0.025095 0.25 9.93702 1.123082042 2.495469231 0.973 3.465 3.4362 -0.342 8 0.526 0.464 280.49 156.91 96.25 77.59 63.38 1 -2.69e-07 0 0.6636 0.311 0.003881 0.002079 0.01116 -1 0.02537 -3.892 0.493 -2.931 -4.888 -6.08 -6.763 -7.08 -6.161 -7.349 -5.648 -6.274 -6.911
0.025095 0.25 9.93702 1.123082399 2.495469288 0.969 3.483 3.4337 -0.371 8 0.526 0.464 292.87 165.21 101.1 81.57 66.63 1 -3.71e-07 0.01 0.6636 0.311 0.003881 0.002079 0.01116 -1 0.02537 -3.936 0.498 -2.953 -4.923 -6.124 -6.809 -7.125 -6.204 -7.401 -5.691 -6.319 -6.955
0.025095 0.25 9.93702 1.123082876 2.495469364 0.966 3.492 3.4328 -0.386 8 0.526 0.464 299.08 169.46 103.58 83.61 68.3 1 -4.4e-07 0.01 0.6636 0.311 0.003881 0.002079 0.01116 -1 0.02537 -3.959 0.499 -2.965 -4.94 -6.146 -6.833 -7.148 -6.226 -7.428 -5.713 -6.341 -6.978
0.025095 0.25 9.93702 1.123082876 2.495469364 0.965 3.281 3.4646 -0.048 8 0.526 0.464 178.26 92.02 57.81 46.25 37.72 1 -8.82e-08 0 0.6636 0.311 0.003881 0.002079 0.01116 -1 0.02537 -3.433 0.539 -2.659 -4.493 -5.606 -6.268 -6.633 -5.699 -6.829 -5.174 -5.801 -6.473
0.025095 0.25 9.93702 1.123082995 2.495469384 0.964 3.106 3.491 0.232 8 0.526 0.464 101.52 55.43 35.63 28.29 23.05 2 -4.38e-08 0 0.6636 0.311 0.003881 0.002079 0.01116 -1 0.02537 -2.995 0.413 -2.594 -4.158 -5.12 -5.756 -6.143 -5.226 -6.284 -4.712 -5.316 -5.992
0.025095 0.25 9.93702 1.123082995 2.495469384 0.962 2.946 3.5151 0.488 8 0.527 0.464 59.46 34.91 22.91 18.07 14.7 2 -2.35e-08 0 0.6636 0.311 0.003881 0.002079 0.01116 -1 0.02537 -2.595 -0.143 -2.741 -3.855 -4.645 -5.26 -5.632 -4.766 -5.746 -4.296 -4.842 -5.49
0.025095 0.25 9.93702 1.123083234 2.495469422 0.96 2.975 3.5104 0.439 8 0.527 0.464 65.86 38.12 24.92 19.68 16.02 2 -2.65e-08 0 0.6636 0.311 0.003881 0.002079 0.01116 -1 0.02537 -2.669 -0.01 -2.707 -3.913 -4.735 -5.354 -5.731 -4.853 -5.848 -4.372 -4.932 -5.587
0.025095 0.25 9.93702 1.123083353 2.495469441 0.957 3.1 3.4912 0.235 8 0.527 0.464 100.69 55 35.36 28.08 22.87 2 -4.35e-08 0 0.6636 0.311 0.003881 0.002079 0.01116 -1 0.02537 -2.981 0.419 -2.584 -4.144 -5.105 -5.741 -6.128 -5.212 -6.268 -4.698 -5.301 -5.977
0.025095 0.25 9.93702 1.123083591 2.495469479 0.953 3.253 3.4676 -0.013 8 0.527 0.464 168.16 86.1 54.24 43.37 35.37 1 -8.07e-08 0 0.6636 0.311 0.003881 0.002079 0.01116 -1 0.02537 -3.362 0.558 -2.62 -4.432 -5.531 -6.19 -6.559 -5.625 -6.748 -5.1 -5.726 -6.401
0.025095 0.25 9.93702 1.12308383 2.495469517 0.949 3.377 3.4483 -0.216 8 0.527 0.464 229.19 124.17 76.94 61.86 50.49 1 -1.35e-07 0 0.6636 0.311 0.003881 0.002079 0.01116 -1 0.02537 -3.672 0.547 -2.771 -4.689 -5.86 -6.535 -6.874 -5.945 -7.111 -5.425 -6.054 -6.709
0.025095 0.25 9.93702 1.123084068 2.495469556 0.943 3.455 3.4361 -0.346 8 0.528 0.464 278.84 156.63 96.03 77.49 63.28 1 -2.81e-07 0 0.6636 0.311 0.003881 0.002079 0.01116 -1 0.02537 -3.867 0.521 -2.903 -4.862 -6.055 -6.738 -7.055 -6.136 -7.324 -5.622 -6.249 -6.887
0.025095 0.25 9.93702 1.123084426 2.495469613 0.937 3.493 3.43 -0.411 8 0.528 0.464 307.69 176.11 107.39 86.83 70.92 1 -5.93e-07 0.02 0.6636 0.311 0.003881 0.002079 0.01116 -1 0.02537 -3.963 0.55 -2.944 -4.932 -6.144 -6.837 -7.15 -6.225 -7.437 -5.711 -6.341 -6.978
0.025095 0.25 9.93702 1.123084784 2.49546967 0.931 3.509 3.4276 -0.439 8 0.528 0.464 320.45 184.97 112.52 91.07 74.39 1 -8.33e-07 0.04 0.6636 0.311 0.003881 0.002079 0.01116 -1 0.02537 -4.002 0.577 -2.951 -4.952 -6.171 -6.869 -7.181 -6.253 -7.479 -5.736 -6.369 -7.009
0.025095 0.25 9.93702 1.12308526 2.495469746 0.924 3.516 3.4269 -0.453 8 0.529 0.464 326.05 189.03 114.86 93.02 75.98 1 -9.79e-07 0.05 0.6636 0.311 0.003881 0.002079 0.01116 -1 0.02537 -4.019 0.589 -2.953 -4.959 -6.181 -6.883 -7.196 -6.264 -7.497 -5.746 -6.381 -7.023
0.025095 0.25 9.93702 1.12308526 2.495469746 0.923 3.312 3.4587 -0.122 8 0.529 0.464 196.22 103.89 64.85 52.06 42.46 1 -1.11e-07 0 0.6636 0.311 0.003881 0.002079 0.01116 -1 0.02537 -3.509 0.564 -2.676 -4.549 -5.691 -6.358 -6.716 -5.781 -6.926 -5.255 -5.885 -6.554
0.025095 0.25 9.93702 1.12308538 2.495469766 0.921 3.137 3.4858 0.16 8 0.529 0.464 117.11 62.42 39.87 31.76 25.88 1 -5.57e-08 0 0.6636 0.311 0.003881 0.002079 0.01116 -1 0.02537 -3.074 0.478 -2.578 -4.213 -5.211 -5.852 -6.238 -5.315 -6.388 -4.796 -5.407 -6.086
0.025095 0.25 9.93702 1.123085499 2.495469785 0.919 2.978 3.5106 0.418 8 0.529 0.464 68.15 39.14 25.52 20.2 16.44 2 -2.99e-08 0 0.6636 0.311 0.003881 0.002079 0.01116 -1 0.02537 -2.674 -0.019 -2.715 -3.92 -4.74 -5.358 -5.736 -4.858 -5.853 -4.377 -4.937 -5.592
0.025095 0.25 9.93702 1.123085618 2.495469804 0.915 3.007 3.5057 0.368 8 0.529 0.464 75.65 42.81 27.8 22.03 17.93 2 -3.38e-08 0 0.6636 0.311 0.003881 0.002079 0.01116 -1 0.02537 -2.746 0.102 -2.68 -3.974 -4.828 -5.45 -5.831 -4.943 -5.954 -4.453 -5.025 -5.685
0.025095 0.25 9.93702 1.123085737 2.495469823 0.91 3.13 3.486 0.163 8 0.529 0.464 116.01 61.83 39.5 31.48 25.64 1 -5.55e-08 0 0.6636 0.311 0.003881 0.002079 0.01116 -1 0.02537 -3.054 0.491 -2.562 -4.195 -5.191 -5.831 -6.218 -5.295 -6.367 -4.776 -5.387 -6.065
0.025095 0.25 9.93702 1.123085976 2.495469861 0.904 3.28 3.4619 -0.086 8 0.529 0.464 184.41 96.92 60.66 48.68 39.69 1 -1.02e-07 0 0.6636 0.311 0.003881 0.002079 0.01116 -1 0.02537 -3.43 0.592 -2.626 -4.48 -5.607 -6.272 -6.634 -5.699 -6.836 -5.173 -5.802 -6.473
0.025095 0.25 9.93702 1.123086333 2.495469918 0.897 3.402 3.4421 -0.291 8 0.53 0.464 251.7 140.01 86.17 69.55 56.76 1 -1.73e-07 0 0.6636 0.311 0.003881 0.002079 0.01116 -1 0.02537 -3.735 0.558 -2.809 -4.743 -5.923 -6.602 -6.928 -6.005 -7.18 -5.489 -6.116 -6.76
0.025095 0.25 9.93702 1.123086691 2.495469976 0.889 3.478 3.4295 -0.421 8 0.53 0.464 306.68 176.97 107.76 87.3 71.28 1 -6.7e-07 0.02 0.6636 0.311 0.003881 0.002079 0.01116 -1 0.02537 -3.926 0.606 -2.897 -4.888 -6.103 -6.798 -7.111 -6.185 -7.401 -5.67 -6.301 -6.939
0.025095 0.25 9.93702 1.123087048 2.495470033 0.88 3.516 3.4232 -0.489 8 0.53 0.464 307.88 -1 -1 -1 -1 0 -1.52e-06 0.1 0.6636 0.311 0.003881 0.002079 0.01116 -1 0.02537 -4.02 0.727 -2.879 -4.908 -6.146 -6.863 -7.179 -6.233 -7.5 -5.707 -6.35 -7.003
0.025095 0.25 9.93702 1.123087406 2.495470091 0.87 3.531 3.4207 -0.519 8 0.531 0.464 301.54 -1 -1 -1 -1 0 -2.2e-06 0.18 0.6636 0.311 0.003881 0.002079 0.01116 -1 0.02537 -4.058 0.87 -2.806 -4.863 -6.125 -6.869 -7.194 -6.218 -7.536 -5.678 -6.338 -7.014
0.025095 0.25 9.93702 1.123087883 2.495470167 0.859 3.538 3.4199 -0.534 8 0.531 0.464 294.66 -1 -1 -1 -1 0 -2.64e-06 0.42 0.6636 0.311 0.003881 0.002079 0.01116 -1 0.02537 -4.074 1.255 -2.55 -4.664 -5.983 -6.795 -7.154 -6.096 -7.537 -5.518 -6.221 -6.968
0.025095 0.25 9.93702 1.123087883 2.495470167 0.858 3.341 3.4517 -0.211 8 0.531 0.464 219.12 119.84 74.2 59.85 48.81 1 -1.5e-07 0 0.6636 0.311 0.003881 0.002079 0.01116 -1 0.02537 -3.582 0.603 -2.694 -4.603 -5.769 -6.443 -6.789 -5.856 -7.018 -5.333 -5.963 -6.625
0.025095 0.25 9.93702 1.123088002 2.495470186 0.855 3.168 3.479 0.07 8 0.531 0.464 139.75 72.03 45.63 36.54 29.76 1 -7.58e-08 0 0.6636 0.311 0.003881 0.002079 0.01116 -1 0.02537 -3.15 0.568 -2.541 -4.26 -5.303 -5.95 -6.334 -5.403 -6.497 -4.879 -5.498 -6.18
0.025095 0.25 9.93702 1.123088121 2.495470205 0.851 3.008 3.5039 0.327 8 0.531 0.464 81.22 45.21 29.24 23.26 18.92 1 -4.08e-08 0 0.6636 0.311 0.003881 0.002079 0.01116 -1 0.02537 -2.751 0.173 -2.643 -3.972 -4.839 -5.461 -5.843 -4.952 -5.969 -4.459 -5.035 -5.697
0.025095 0.25 9.93702 1.123088241 2.495470224 0.845 3.037 3.4977 0.27 8 0.531 0.464 91.44 50.01 32.19 25.65 20.87 1 -4.62e-08 0 0.6636 0.311 0.003881 0.002079 0.01116 -1 0.02537 -2.823 0.34 -2.575 -4.019 -4.93 -5.558 -5.943 -5.04 -6.075 -4.535 -5.126 -5.795
0.025095 0.25 9.93702 1.12308836 2.495470243 0.837 3.158 3.476 0.058 8 0.532 0.464 142.83 73.19 46.31 37.12 30.23 1 -7.54e-08 0 0.6636 0.311 0.003881 0.002079 0.01116 -1 0.02537 -3.126 0.641 -2.484 -4.227 -5.283 -5.934 -6.313 -5.382 -6.483 -4.858 -5.479 -6.158
0.025095 0.25 9.93702 1.123088598 2.495470281 0.827 3.306 3.4497 -0.2 8 0.532 0.464 212.67 116.41 72.11 58.22 47.46 1 -1.38e-07 0 0.6636 0.311 0.003881 0.002079 0.01116 -1 0.02537 -3.496 0.707 -2.601 -4.514 -5.683 -6.358 -6.7 -5.769 -6.933 -5.248 -5.878 -6.535
0.025095 0.25 9.93702 1.123088956 2.495470339 0.816 3.427 3.4278 -0.414 8 0.532 0.464 268.59 -1 -1 -1 -1 0 -6.07e-07 0.02 0.6636 0.311 0.003881 0.002079 0.01116 -1 0.02537 -3.797 0.742 -2.771 -4.764 -5.975 -6.668 -6.977 -6.055 -7.27 -5.543 -6.172 -6.804
0.025095 0.25 9.93702 1.123089313 2.495470396 0.803 3.502 3.4133 -0.554 8 0.533 0.464 260.98 -1 -1 -1 -1 0 -2.62e-06 0.44 0.6636 0.311 0.003881 0.002079 0.01116 -1 0.02537 -3.986 1.412 -2.425 -4.551 -5.877 -6.699 -7.056 -5.992 -7.449 -5.41 -6.117 -6.869
0.025095 0.25 9.93702 1.123089671 2.495470453 0.789 3.54 3.4055 -0.631 8 0.533 0.464 252.58 -1 -1 -1 -1 0 -2.95e-06 0.47 0.6636 0.311 0.003881 0.002079 0.01116 -1 0.02537 -4.079 1.407 -2.463 -4.607 -5.951 -6.785 -7.153 -6.071 -7.553 -5.48 -6.196 -6.965
0.025095 0.25 9.93702 1.123090029 2.495470511 0.773 3.555 3.402 -0.669 8 0.533 0.464 243.49 -1 -1 -1 -1 0 -3.12e-06 0.5 0.6636 0.311 0.003881 0.002079 0.01116 -1 0.02537 -4.117 1.418 -2.47 -4.623 -5.977 -6.818 -7.191 -6.099 -7.596 -5.504 -6.225 -7.003
0.025095 0.25 9.93702 1.123090506 2.495470587 0.756 3.562 3.4009 -0.69 8 0.534 0.464 233.78 -1 -1 -1 -1 0 -3.23e-06 0.52 0.6636 0.311 0.003881 0.002079 0.01116 -1 0.02537 -4.134 1.448 -2.456 -4.616 -5.979 -6.827 -7.205 -6.104 -7.614 -5.504 -6.229 -7.016
0.025095 0.25 9.93702 1.123090506 2.495470587 0.754 3.373 3.433 -0.373 8 0.534 0.464 233.07 -1 -1 -1 -1 0 -3.95e-07 0.01 0.6636 0.311 0.003881 0.002079 0.01116 -1 0.02537 -3.662 0.783 -2.674 -4.646 -5.848 -6.535 -6.849 -5.928 -7.127 -5.415 -6.043 -6.679
0.025095 0.25 9.93702 1.123090625 2.495470606 0.75 3.201 3.462 -0.088 8 0.534 0.464 172.73 92.68 57.88 46.74 38.05 1 -1.15e-07 0 0.6636 0.311 0.003881 0.002079 0.01116 -1 0.02537 -3.233 0.789 -2.43 -4.283 -5.41 -6.075 -6.437 -5.502 -6.639 -4.976 -5.605 -6.277
0.025095 0.25 9.93702 1.123090744 2.495470625 0.744 3.041 3.4891 0.176 8 0.534 0.464 109.25 57.36 36.6 29.35 23.87 1 -6.33e-08 0 0.6636 0.311 0.003881 0.002079 0.01116 -1 0.02537 -2.833 0.648 -2.386 -3.985 -4.964 -5.601 -5.99 -5.069 -6.134 -4.551 -5.16 -5.838
0.025095 0.25 9.93702 1.123090863 2.495470645 0.734 3.07 3.4841 0.123 8 0.534 0.464 122.2 62.98 40 32.14 26.14 1 -7.31e-08 0 0.6636 0.311 0.003881 0.002079 0.01116 -1 0.02537 -2.904 0.695 -2.376 -4.035 -5.045 -5.688 -6.074 -5.148 -6.227 -4.627 -5.241 -5.921
0.025095 0.25 9.93702 1.123090982 2.495470664 0.723 3.188 3.4639 -0.084 8 0.535 0.464 169.41 91.15 56.92 46.01 37.45 1 -1.22e-07 0 0.6636 0.311 0.003881 0.002079 0.01116 -1 0.02537 -3.201 0.795 -2.414 -4.256 -5.377 -6.039 -6.405 -5.469 -6.602 -4.943 -5.571 -6.245
0.025095 0.25 9.93702 1.123091221 2.495470702 0.708 3.333 3.4398 -0.334 8 0.535 0.464 207.9 -1 -1 -1 -1 0 -2.88e-07 0.01 0.6636 0.311 0.003881 0.002079 0.01116 -1 0.02537 -3.563 0.783 -2.611 -4.561 -5.751 -6.433 -6.757 -5.834 -7.017 -5.317 -5.945 -6.59
0.025095 0.25 9.93702 1.123091578 2.495470759 0.691 3.451 3.4217 -0.534 8 0.535 0.464 199.11 -1 -1 -1 -1 0 -2.4e-06 0.42 0.6636 0.311 0.003881 0.002079 0.01116 -1 0.02537 -3.857 1.471 -2.325 -4.439 -5.762 -6.575 -6.939 -5.876 -7.32 -5.294 -6 -6.754
0.025095 0.25 9.93702 1.123091936 2.495470817 0.673 3.524 3.4133 -0.653 8 0.536 0.464 189.39 -1 -1 -1 -1 0 -2.97e-06 0.49 0.6636 0.311 0.003881 0.002079 0.01116 -1 0.02537 -4.04 1.475 -2.406 -4.555 -5.905 -6.743 -7.114 -6.027 -7.517 -5.433 -6.152 -6.926
0.025095 0.25 9.93702 1.123092294 2.495470874 0.652 3.56 3.4144 -0.698 8 0.536 0.464 178.91 -1 -1 -1 -1 0 -3.43e-06 0.58 0.6636 0.311 0.003881 0.002079 0.01116 -1 0.02537 -4.13 1.562 -2.377 -4.553 -5.932 -6.799 -7.186 -6.063 -7.606 -5.451 -6.189 -6.995
0.025095 0.25 9.93702 1.123092651 2.495470931 0.629 3.574 3.4231 -0.693 8 0.536 0.464 167.84 -1 -1 -1 -1 0 -3.67e-06 0.62 0.6636 0.311 0.003881 0.002079 0.01116 -1 0.02537 -4.165 1.535 -2.383 -4.559 -5.949 -6.818 -7.224 -6.083 -7.637 -5.462 -6.208 -7.035
0.025095 0.25 9.93702 1.123093128 2.495471008 0.605 3.58 3.4378 -0.657 8 0.537 0.464 156.36 -1 -1 -1 -1 0 -3.8e-06 0.62 0.6636 0.311 0.003881 0.002079 0.01116 -1 0.02537 -4.179 1.362 -2.44 -4.587 -5.972 -6.826 -7.264 -6.107 -7.642 -5.476 -6.226 -7.079
0.025095 0.25 9.93702 1.123094797 2.495471275 0.538 -9.999 4 1.806 9 0.538 0 0 0 0 0 0 -1 -1e-30 0 0.6636 0.311 0.003881 0.002079 0.01116 -1 0.02537 29.767 29.975 29.973 30.014 30.031 30.03 30.031 30.023 30.043 30.005 30.027 30.029
