# downloaded from PARSEC/CMD via ezpadova
# component=thin4 family=thin_disk component_index=3 logAge=9.397940008672037 MH=-0.5 photometric_system=ubvrijhk
# Zini MH logAge Mini int_IMF Mass logL logTe logg label McoreTP C_O period0 period1 period2 period3 period4 pmode Mloss tau1m X Y Xc Xn Xo Cexcess Z mbolmag Umag Bmag Vmag Rmag Imag Jmag Hmag Kmag
0.0048313 -0.5 9.39794 0.0900000036 1.081689593 0.09 -3.327 3.4055 5.293 0 0 0.545 0 0 0 0 0 -1 -4.46e-17 0 0.7373 0.2577 0.0008868 0.0002392 0.00217 -1 0.004931 13.086 22.41 19.68 17.692 15.4 13.113 10.95 10.483 10.253
0.0048313 -0.5 9.39794 0.095227614 1.129957329 0.095 -3.215 3.4214 5.269 1 0 0.545 0 0 0 0 0 -1 -5.77e-17 0 0.7372 0.2578 0.0008868 0.0002392 0.00217 -1 0.004931 12.807 21.876 19.235 17.267 15.043 12.798 10.684 10.209 9.973
0.0048313 -0.5 9.39794 0.1000000015 1.171106412 0.1 -3.118 3.4353 5.249 1 0 0.545 0 0 0 0 0 -1 -7.21e-17 0 0.7371 0.2579 0.0008868 0.0002392 0.00217 -1 0.004931 12.565 20.902 18.485 16.575 14.549 12.431 10.483 9.986 9.739
0.0048313 -0.5 9.39794 0.1140799969 1.278998691 0.114 -2.925 3.4585 5.206 1 0 0.545 0 0 0 0 0 -1 -1.11e-16 0 0.737 0.2581 0.0008868 0.0002392 0.00217 -1 0.004931 12.081 19.329 17.216 15.401 13.668 11.769 10.066 9.538 9.281
0.0048313 -0.5 9.39794 0.1199999973 1.319315425 0.12 -2.85 3.4675 5.189 1 0 0.545 0 0 0 0 0 -1 -1.3e-16 0 0.7369 0.2582 0.0008868 0.0002392 0.00217 -1 0.004931 11.896 18.751 16.749 14.964 13.335 11.525 9.906 9.369 9.11
0.0048313 -0.5 9.39794 0.1400000006 1.438452672 0.14 -2.665 3.4869 5.148 1 0 0.545 0 0 0 0 0 -1 -1.94e-16 0 0.7366 0.2585 0.0008868 0.0002392 0.00217 -1 0.004931 11.433 17.492 15.711 13.988 12.558 10.954 9.5 8.946 8.687
0.0048313 -0.5 9.39794 0.1599999964 1.537293155 0.16 -2.523 3.5 5.117 1 0 0.545 0 0 0 0 0 -1 -2.6e-16 0 0.7364 0.2587 0.0008868 0.0002392 0.00217 -1 0.004931 11.078 16.661 15.012 13.332 12.013 10.542 9.183 8.621 8.365
0.0048313 -0.5 9.39794 0.1999999881 1.693879036 0.2 -2.308 3.5178 5.07 1 0 0.545 0 0 0 0 0 -1 -4.04e-16 0 0.736 0.2591 0.0008868 0.0002392 0.00217 -1 0.004931 10.539 15.567 14.066 12.446 11.242 9.944 8.695 8.123 7.874
0.0048313 -0.5 9.39794 0.25 1.8403258 0.25 -2.108 3.5321 5.025 1 0 0.545 0 0 0 0 0 -1 -6.02e-16 0 0.7356 0.2595 0.0008868 0.0002392 0.00217 -1 0.004931 10.041 14.699 13.291 11.727 10.595 9.411 8.236 7.656 7.415
0.0048313 -0.5 9.39794 0.3000000119 1.952913977 0.3 -1.951 3.5419 4.986 1 0 0.545 0 0 0 0 0 -1 -8.24e-16 0 0.7353 0.2597 0.0008868 0.0002392 0.00217 -1 0.004931 9.648 14.084 12.728 11.204 10.112 9 7.87 7.284 7.048
0.0048313 -0.5 9.39794 0.3461715281 2.037097729 0.346 -1.805 3.5493 4.931 0 0 0.545 0 0 0 0 0 -1 -1.15e-15 0 0.7375 0.2576 0.0008868 0.0002392 0.00217 -1 0.004931 9.282 13.562 12.241 10.747 9.684 8.622 7.524 6.932 6.7
0.0048313 -0.5 9.39794 0.3499999642 2.043417416 0.35 -1.793 3.5498 4.927 0 0 0.545 0 0 0 0 0 -1 -1.18e-15 0 0.7376 0.2575 0.0008868 0.0002392 0.00217 -1 0.004931 9.253 13.521 12.203 10.712 9.65 8.593 7.497 6.904 6.672
0.0048313 -0.5 9.39794 0.3614490628 2.061792915 0.361 -1.757 3.5526 4.916 0 0 0.545 0 0 0 0 0 -1 -1.27e-15 0 0.7376 0.2575 0.0008868 0.0002392 0.00217 -1 0.004931 9.163 13.38 12.072 10.591 9.538 8.5 7.415 6.82 6.59
0.0048313 -0.5 9.39794 0.3999999762 2.118502399 0.4 -1.644 3.5612 4.881 0 0 0.545 0 0 0 0 0 -1 -1.63e-15 0 0.7376 0.2575 0.0008868 0.0002392 0.00217 -1 0.004931 8.881 12.94 11.663 10.21 9.186 8.207 7.158 6.556 6.33
0.0048313 -0.5 9.39794 0.4499999881 2.182280901 0.45 -1.48 3.5754 4.824 1 0 0.545 0 0 0 0 0 -1 -2.4e-15 0 0.7376 0.2575 0.0008868 0.0002392 0.00217 -1 0.004931 8.47 12.298 11.063 9.655 8.672 7.784 6.789 6.175 5.959
0.0048313 -0.5 9.39794 0.4999999404 2.237454072 0.5 -1.306 3.5939 4.77 1 0 0.545 0 0 0 0 0 -1 -3.62e-15 0 0.7376 0.2575 0.0008868 0.0002392 0.00217 -1 0.004931 8.034 11.581 10.402 9.057 8.126 7.338 6.406 5.776 5.579
0.0048313 -0.5 9.39794 0.5191153884 2.256328043 0.519 -1.233 3.6037 4.753 1 0 0.545 0 0 0 0 0 -1 -4.28e-15 0 0.7407 0.2544 0.0008768 0.0002366 0.002146 -1 0.004862 7.853 11.259 10.106 8.8 7.898 7.153 6.25 5.61 5.428
0.0048313 -0.5 9.39794 0.5500000119 2.283658263 0.55 -1.123 3.6186 4.727 1 0 0.545 0 0 0 0 0 -1 -5.52e-15 0 0.7446 0.2506 0.0008645 0.0002333 0.002116 -1 0.004782 7.577 10.769 9.654 8.416 7.559 6.874 6.01 5.355 5.201
0.0048313 -0.5 9.39794 0.573436439 2.302153831 0.573 -1.038 3.6323 4.715 1 0 0.545 0 0 0 0 0 -1 -6.67e-15 0 0.7451 0.2501 0.0008628 0.0002329 0.002112 -1 0.004772 7.365 10.356 9.278 8.106 7.294 6.66 5.83 5.174 5.041
0.0048313 -0.5 9.39794 0.5999999642 2.321121285 0.6 -0.946 3.6472 4.702 1 0 0.545 0 0 0 0 0 -1 -8.18e-15 0 0.7457 0.2495 0.000861 0.0002324 0.002108 -1 0.004787 7.134 9.859 8.85 7.761 7.006 6.427 5.639 4.996 4.884
0.0048313 -0.5 9.39794 0.6499999166 2.352035277 0.65 -0.776 3.6768 4.686 1 0 0.545 0 0 0 0 0 -1 -1.18e-14 0 0.7469 0.2484 0.000858 0.0002316 0.0021 -1 0.004776 6.709 8.809 8.059 7.124 6.488 5.996 5.304 4.73 4.645
0.0048313 -0.5 9.39794 0.6999999881 2.377926697 0.7 -0.617 3.7037 4.667 1 0 0.545 0 0 0 0 0 -1 -1.68e-14 0 0.7483 0.247 0.0008539 0.0002305 0.002091 -1 0.004751 6.313 7.888 7.405 6.58 6.039 5.602 5.001 4.51 4.437
0.0048313 -0.5 9.39794 0.73847121 2.395127753 0.738 -0.502 3.723 4.652 1 0 0.539 0 0 0 0 0 -1 -2.17e-14 0 0.7495 0.2458 0.0008415 0.0002293 0.002082 -1 0.004719 6.025 7.28 6.97 6.215 5.731 5.328 4.787 4.349 4.285
0.0048313 -0.5 9.39794 0.7487857342 2.399395381 0.749 -0.472 3.728 4.648 1 0 0.537 0 0 0 0 0 -1 -2.32e-14 0 0.7499 0.2454 0.0008383 0.000229 0.00208 -1 0.004706 5.95 7.13 6.861 6.124 5.653 5.257 4.732 4.306 4.245
0.0048313 -0.5 9.39794 0.7695411444 2.407585544 0.769 -0.413 3.7368 4.636 1 0 0.537 0 0 0 0 0 -1 -2.66e-14 0 0.7508 0.2445 0.0008356 0.0002282 0.002074 -1 0.004703 5.802 6.856 6.656 5.951 5.501 5.12 4.62 4.217 4.159
0.0048313 -0.5 9.39794 0.7975714207 2.417872134 0.797 -0.335 3.7482 4.619 1 0 0.537 0 0 0 0 0 -1 -3.18e-14 0 0.7521 0.2432 0.0008317 0.0002272 0.002065 -1 0.004698 5.608 6.507 6.394 5.727 5.306 4.942 4.475 4.098 4.045
0.0048313 -0.5 9.39794 0.8460963368 2.43384086 0.845 -0.204 3.7656 4.584 1 0 0.537 0 0 0 0 0 -1 -4.35e-14 0 0.7552 0.2401 0.0008229 0.0002248 0.002043 -1 0.004666 5.28 5.976 5.973 5.368 4.986 4.65 4.227 3.886 3.842
0.0048313 -0.5 9.39794 0.8463571072 2.433921003 0.846 -0.203 3.7657 4.583 1 0 0.537 0 0 0 0 0 -1 -4.36e-14 0 0.7553 0.2401 0.0008228 0.0002248 0.002043 -1 0.004666 5.279 5.973 5.971 5.367 4.984 4.648 4.226 3.885 3.841
0.0048313 -0.5 9.39794 0.8548488617 2.436500108 0.854 -0.181 3.7684 4.576 1 0 0.537 0 0 0 0 0 -1 -4.6e-14 0 0.756 0.2393 0.0008205 0.0002242 0.002037 -1 0.004654 5.223 5.89 5.901 5.307 4.931 4.598 4.183 3.847 3.805
0.0048313 -0.5 9.39794 0.893186152 2.447445193 0.892 -0.082 3.78 4.542 1 0 0.537 0 0 0 0 0 -1 -5.89e-14 0 0.76 0.2354 0.000809 0.0002211 0.00201 -1 0.004591 4.975 5.526 5.594 5.045 4.693 4.379 3.992 3.679 3.644
0.0048313 -0.5 9.39794 0.8951427937 2.447974956 0.894 -0.077 3.7806 4.541 1 0 0.537 0 0 0 0 0 -1 -5.96e-14 0 0.7602 0.2352 0.0008084 0.000221 0.002009 -1 0.004588 4.962 5.508 5.579 5.032 4.681 4.368 3.983 3.671 3.636
0.0048313 -0.5 9.39794 0.9179395437 2.453956292 0.917 -0.019 3.7866 4.518 1 0 0.536 0 0 0 0 0 -1 -6.91e-14 0 0.7639 0.2316 0.0007984 0.0002183 0.001985 -1 0.004518 4.817 5.314 5.404 4.881 4.543 4.24 3.869 3.569 3.537
0.0048313 -0.5 9.39794 0.9408547878 2.459634021 0.94 0.039 3.7925 4.494 1 0 0.536 0 0 0 0 0 -1 -8.02e-14 0 0.7678 0.2278 0.0007878 0.0002154 0.001959 -1 0.004486 4.672 5.127 5.233 4.732 4.406 4.112 3.755 3.466 3.437
0.0048313 -0.5 9.39794 0.9439284801 2.460371516 0.943 0.047 3.7933 4.491 1 0 0.536 0 0 0 0 0 -1 -8.18e-14 0 0.7683 0.2272 0.0007863 0.000215 0.001956 -1 0.004476 4.653 5.103 5.21 4.712 4.388 4.095 3.739 3.452 3.423
0.0048313 -0.5 9.39794 0.9675409198 2.465857803 0.967 0.106 3.7989 4.465 1 0 0.536 0 0 0 0 0 -1 -9.53e-14 0 0.7712 0.2244 0.0007785 0.000213 0.001938 -1 0.004397 4.505 4.919 5.037 4.56 4.247 3.963 3.62 3.343 3.317
0.0048313 -0.5 9.39794 0.9907540083 2.470959201 0.99 0.163 3.8043 4.44 1 0 0.535 0 0 0 0 0 -1 -1.11e-13 0 0.7739 0.2217 0.0007713 0.0002111 0.001921 -1 0.004355 4.361 4.747 4.87 4.413 4.11 3.835 3.504 3.237 3.213
0.0048313 -0.5 9.39794 0.9927142262 2.471377441 0.992 0.168 3.8047 4.437 1 0 0.535 0 0 0 0 0 -1 -1.12e-13 0 0.7741 0.2215 0.0007707 0.0002109 0.00192 -1 0.004356 4.349 4.733 4.856 4.4 4.099 3.824 3.494 3.228 3.204
0.0048313 -0.5 9.39794 1.012675404 2.475530635 1.012 0.217 3.8093 4.415 1 0 0.535 0 0 0 0 0 -1 -1.24e-13 0 0.7741 0.2215 0.0007732 0.0002117 0.001927 -1 0.004401 4.227 4.587 4.714 4.275 3.982 3.715 3.395 3.137 3.115
0.0048313 -0.5 9.39794 1.032443762 2.479462221 1.032 0.266 3.8137 4.393 1 0 0.535 0 0 0 0 0 -1 -1.38e-13 0 0.7739 0.2217 0.0007762 0.0002125 0.001934 -1 0.004387 4.106 4.449 4.576 4.151 3.867 3.607 3.297 3.047 3.027
0.0048313 -0.5 9.39794 1.041499853 2.481206102 1.041 0.288 3.8157 4.382 1 0 0.535 0 0 0 0 0 -1 -1.44e-13 0 0.7738 0.2218 0.0007776 0.000213 0.001938 -1 0.004388 4.051 4.387 4.513 4.094 3.814 3.557 3.251 3.006 2.986
0.0048313 -0.5 9.39794 1.057990432 2.4842936 1.057 0.327 3.8193 4.364 1 0 0.535 0 0 0 0 0 -1 -1.56e-13 0 0.774 0.2216 0.0007774 0.0002129 0.001938 -1 0.004399 3.952 4.274 4.399 3.993 3.719 3.468 3.171 2.933 2.914
0.0048313 -0.5 9.39794 1.07770443 2.487842388 1.077 0.375 3.8236 4.342 1 0 0.535 0 0 0 0 0 -1 -1.72e-13 0 0.774 0.2215 0.0007775 0.0002129 0.001938 -1 0.004402 3.834 4.143 4.264 3.871 3.606 3.362 3.074 2.845 2.827
0.0048313 -0.5 9.39794 1.090285659 2.490030193 1.089 0.405 3.8262 4.327 1 0 0.535 0 0 0 0 0 -1 -1.82e-13 0 0.774 0.2216 0.0007777 0.000213 0.001939 -1 0.004387 3.758 4.059 4.178 3.794 3.534 3.294 3.013 2.789 2.771
0.0048313 -0.5 9.39794 1.103011489 2.492184855 1.102 0.435 3.829 4.313 1 0 0.535 0 0 0 0 0 -1 -1.93e-13 0 0.7741 0.2215 0.0007777 0.000213 0.001939 -1 0.004391 3.683 3.975 4.092 3.716 3.461 3.227 2.952 2.734 2.717
0.0048313 -0.5 9.39794 1.115768671 2.494288191 1.114 0.465 3.8317 4.299 1 0 0.535 0 0 0 0 0 -1 -2.05e-13 0 0.774 0.2216 0.000778 0.0002131 0.00194 -1 0.004379 3.608 3.894 4.007 3.639 3.389 3.159 2.89 2.678 2.661
0.0048313 -0.5 9.39794 1.127796173 2.496221188 1.126 0.493 3.8341 4.285 1 0 0.535 0 0 0 0 0 -1 -2.16e-13 0 0.7738 0.2218 0.0007786 0.0002132 0.001941 -1 0.004395 3.538 3.819 3.928 3.567 3.322 3.096 2.833 2.626 2.609
0.0048313 -0.5 9.39794 1.138885856 2.497961923 1.137 0.518 3.8361 4.272 1 0 0.535 0 0 0 0 0 -1 -2.27e-13 0 0.7736 0.222 0.0007793 0.0002134 0.001943 -1 0.004415 3.475 3.752 3.857 3.502 3.261 3.039 2.781 2.578 2.561
0.0048313 -0.5 9.39794 1.139071226 2.497990689 1.138 0.518 3.8361 4.272 1 0 0.535 0 0 0 0 0 -1 -2.27e-13 0 0.7736 0.222 0.0007793 0.0002134 0.001943 -1 0.004416 3.474 3.751 3.856 3.501 3.26 3.038 2.78 2.577 2.561
0.0048313 -0.5 9.39794 1.169904232 2.502629943 1.169 0.584 3.8407 4.236 1 0 0.535 0 0 0 0 0 -1 -2.56e-13 0 0.7734 0.2222 0.0007792 0.0002131 0.001943 -1 0.004429 3.31 3.579 3.674 3.332 3.101 2.887 2.639 2.446 2.43
0.0048313 -0.5 9.39794 1.187857151 2.505203987 1.187 0.621 3.8426 4.213 1 0 0.535 0 0 0 0 0 -1 -2.75e-13 0 0.7732 0.2223 0.0007792 0.0002129 0.001944 -1 0.004438 3.217 3.484 3.573 3.237 3.01 2.8 2.556 2.367 2.351
0.0048313 -0.5 9.39794 1.21308887 2.508673965 1.212 0.673 3.8449 4.18 1 0 0.535 0 0 0 0 0 -1 -3.03e-13 0 0.7734 0.2222 0.0007788 0.000213 0.001942 -1 0.004435 3.088 3.352 3.434 3.105 2.882 2.677 2.438 2.255 2.239
0.0048313 -0.5 9.39794 1.236642718 2.511766672 1.236 0.72 3.8462 4.146 1 0 0.535 0 0 0 0 0 -1 -3.32e-13 0 0.7735 0.2221 0.0007785 0.0002131 0.001941 -1 0.004418 2.969 3.232 3.308 2.984 2.764 2.562 2.326 2.146 2.13
0.0048313 -0.5 9.39794 1.251463532 2.513644224 1.25 0.751 3.8465 4.123 1 0 0.535 0 0 0 0 0 -1 -3.51e-13 0 0.7736 0.222 0.0007785 0.0002131 0.001941 -1 0.00441 2.894 3.158 3.23 2.907 2.689 2.488 2.253 2.073 2.058
0.0048313 -0.5 9.39794 1.283302546 2.517509565 1.282 0.815 3.8453 4.065 1 0 0.535 0 0 0 0 0 -1 -3.99e-13 0 0.7736 0.222 0.0007787 0.0002131 0.001942 -1 0.004426 2.734 3.004 3.069 2.746 2.526 2.324 2.086 1.905 1.889
0.0048313 -0.5 9.39794 1.285428286 2.517759805 1.285 0.819 3.8451 4.061 1 0 0.535 0 0 0 0 0 -1 -4.02e-13 0 0.7736 0.222 0.0007787 0.0002131 0.001942 -1 0.00443 2.723 2.994 3.059 2.735 2.515 2.312 2.074 1.894 1.877
0.0048313 -0.5 9.39794 1.294143319 2.518775854 1.293 0.837 3.8443 4.042 1 0 0.535 0 0 0 0 0 -1 -4.17e-13 0 0.7736 0.222 0.0007787 0.0002131 0.001942 -1 0.004438 2.678 2.952 3.016 2.69 2.469 2.265 2.025 1.843 1.827
0.0048313 -0.5 9.39794 1.316589117 2.521321634 1.316 0.882 3.8404 3.988 1 0 0.535 0 0 0 0 0 -1 -4.61e-13 0 0.7735 0.2221 0.000779 0.0002131 0.001942 -1 0.004442 2.564 2.848 2.91 2.576 2.349 2.139 1.89 1.701 1.684
0.0048313 -0.5 9.39794 1.334214211 2.523251762 1.333 0.918 3.836 3.941 1 0 0.535 0 0 0 0 0 -1 -5.03e-13 0 0.7734 0.2222 0.0007794 0.0002131 0.001943 -1 0.00443 2.474 2.771 2.832 2.487 2.252 2.035 1.777 1.58 1.561
0.0048313 -0.5 9.39794 1.345463038 2.524453268 1.345 0.942 3.8328 3.908 1 0 0.535 0 0 0 0 0 -1 -5.31e-13 0 0.7733 0.2223 0.0007797 0.0002132 0.001943 -1 0.00442 2.415 2.721 2.782 2.43 2.189 1.967 1.701 1.498 1.479
0.0048313 -0.5 9.39794 1.367546558 2.526746064 1.367 0.99 3.8254 3.838 1 0 0.535 0 0 0 0 0 -1 -5.97e-13 0 0.773 0.2226 0.0007807 0.0002135 0.001945 -1 0.004424 2.296 2.627 2.686 2.314 2.06 1.826 1.543 1.326 1.306
0.0048313 -0.5 9.39794 1.382950544 2.528295606 1.382 1.027 3.8207 3.786 1 0 0.535 0 0 0 0 0 -1 -6.56e-13 0 0.7727 0.2228 0.0007814 0.0002137 0.001946 -1 0.004438 2.203 2.552 2.608 2.222 1.961 1.719 1.426 1.199 1.178
0.0048313 -0.5 9.39794 1.382999897 2.528300507 1.382 1.027 3.8207 3.786 1 0 0.535 0 0 0 0 0 -1 -6.57e-13 0 0.7727 0.2228 0.0007814 0.0002137 0.001946 -1 0.004438 2.202 2.551 2.607 2.222 1.96 1.719 1.425 1.199 1.177
0.0048313 -0.5 9.39794 1.389907718 2.528982518 1.389 1.071 3.8303 3.783 1 0 0.535 0 0 0 0 0 -1 -7.11e-13 0 0.7726 0.223 0.0007819 0.0002139 0.001947 -1 0.004441 2.093 2.412 2.459 2.104 1.861 1.636 1.365 1.159 1.139
0.0048313 -0.5 9.39794 1.391070604 2.529096565 1.39 1.095 3.8401 3.798 1 0 0.535 0 0 0 0 0 -1 -7.36e-13 0 0.7725 0.2231 0.000782 0.0002139 0.001948 -1 0.004441 2.031 2.326 2.363 2.035 1.811 1.604 1.355 1.169 1.151
0.0048313 -0.5 9.39794 1.391507983 2.529139403 1.391 1.117 3.8491 3.813 1 0 0.535 0 0 0 0 0 -1 -7.6e-13 0 0.7725 0.2231 0.0007821 0.0002139 0.001948 -1 0.004441 1.978 2.253 2.278 1.974 1.768 1.577 1.349 1.181 1.164
0.0048313 -0.5 9.39794 1.391728044 2.529160944 1.391 1.139 3.8574 3.824 1 0 0.535 0 0 0 0 0 -1 -7.87e-13 0 0.7725 0.2231 0.0007821 0.0002139 0.001948 -1 0.004441 1.923 2.184 2.196 1.914 1.724 1.549 1.339 1.188 1.171
0.0048313 -0.5 9.39794 1.39186573 2.529174418 1.391 1.157 3.8639 3.832 1 0 0.535 0 0 0 0 0 -1 -8.14e-13 0 0.7725 0.2231 0.0007821 0.0002139 0.001948 -1 0.004442 1.877 2.127 2.129 1.864 1.687 1.524 1.327 1.189 1.173
0.0048313 -0.5 9.39794 1.391924381 2.529180157 1.391 1.165 3.8664 3.834 1 0 0.535 0 0 0 0 0 -1 -8.26e-13 0 0.7725 0.2231 0.0007821 0.0002139 0.001948 -1 0.004441 1.858 2.104 2.102 1.844 1.672 1.513 1.323 1.189 1.173
0.0048313 -0.5 9.39794 1.391957641 2.529183411 1.391 1.157 3.8642 3.833 1 0 0.535 0 0 0 0 0 -1 -8.15e-13 0 0.7725 0.2231 0.0007821 0.0002139 0.001948 -1 0.004441 1.877 2.127 2.129 1.864 1.688 1.525 1.329 1.191 1.176
0.0048313 -0.5 9.39794 1.392034292 2.52919091 1.391 1.138 3.8566 3.822 2 0 0.535 0 0 0 0 0 -1 -7.91e-13 0 0.7725 0.2231 0.0007822 0.0002139 0.001948 -1 0.004442 1.925 2.187 2.2 1.916 1.725 1.548 1.336 1.183 1.167
0.0048313 -0.5 9.39794 1.392124295 2.529199713 1.391 1.132 3.8462 3.787 2 0 0.535 0 0 0 0 0 -1 -8.08e-13 0 0.7724 0.2231 0.0007822 0.0002139 0.001948 -1 0.004441 1.941 2.224 2.249 1.939 1.727 1.531 1.296 1.124 1.105
0.0048313 -0.5 9.39794 1.392234564 2.529210497 1.391 1.14 3.8373 3.743 2 0 0.535 0 0 0 0 0 -1 -8.63e-13 0 0.7724 0.2231 0.0007822 0.000214 0.001948 -1 0.004442 1.92 2.225 2.257 1.923 1.695 1.484 1.229 1.039 1.019
0.0048313 -0.5 9.39794 1.392389298 2.529225627 1.392 1.15 3.8289 3.699 2 0 0.535 0 0 0 0 0 -1 -9.27e-13 0 0.7724 0.2231 0.0007822 0.000214 0.001948 -1 0.004442 1.895 2.223 2.261 1.904 1.66 1.434 1.16 0.953 0.932
0.0048313 -0.5 9.39794 1.392616272 2.529247812 1.392 1.157 3.8207 3.659 2 0 0.535 0 0 0 0 0 -1 -9.87e-13 0 0.7724 0.2231 0.0007822 0.000214 0.001948 -1 0.004442 1.877 2.234 2.274 1.892 1.633 1.393 1.1 0.876 0.853
0.0048313 -0.5 9.39794 1.392974853 2.529282845 1.392 1.161 3.8129 3.625 2 0 0.535 0 0 0 0 0 -1 -1.03e-12 0 0.7724 0.2232 0.0007823 0.000214 0.001948 -1 0.004442 1.869 2.255 2.296 1.89 1.616 1.363 1.051 0.811 0.787
0.0048313 -0.5 9.39794 1.393598795 2.529343754 1.393 1.161 3.8038 3.588 2 0 0.535 0 0 0 0 0 -1 -1.08e-12 0 0.7724 0.2232 0.0007824 0.000214 0.001949 -1 0.004442 1.868 2.294 2.334 1.898 1.606 1.337 1.005 0.748 0.72
0.0048313 -0.5 9.39794 1.394517422 2.529433316 1.394 1.156 3.794 3.554 2 0 0.535 0 0 0 0 0 -1 -1.11e-12 0 0.7719 0.2236 0.0007838 0.0002144 0.001952 -1 0.004447 1.88 2.357 2.392 1.921 1.609 1.324 0.969 0.692 0.661
0.0048313 -0.5 9.39794 1.395583391 2.529537073 1.395 1.144 3.7833 3.524 2 0 0.536 0 0 0 0 0 -1 -1.11e-12 0 0.7693 0.2262 0.000792 0.0002166 0.001971 -1 0.004491 1.911 2.451 2.476 1.966 1.632 1.33 0.948 0.648 0.613
0.0048313 -0.5 9.39794 1.396647334 2.529640451 1.396 1.119 3.7718 3.503 2 0 0.536 0 0 0 0 0 -1 -1.07e-12 0 0.7624 0.233 0.0008121 0.0002219 0.002019 -1 0.004586 1.972 2.597 2.599 2.044 1.688 1.366 0.954 0.626 0.587
0.0048313 -0.5 9.39794 1.397402286 2.529713697 1.397 1.091 3.7627 3.494 2 0 0.537 0 0 0 0 0 -1 -1.02e-12 0 0.7547 0.2406 0.0008318 0.0002272 0.002067 -1 0.004703 2.042 2.741 2.72 2.13 1.755 1.417 0.981 0.634 0.59
0.0048313 -0.5 9.39794 1.398058295 2.529777269 1.397 1.062 3.754 3.489 2 0 0.537 0 0 0 0 0 -1 -9.54e-13 0 0.7487 0.2465 0.0008464 0.0002311 0.002101 -1 0.004781 2.115 2.891 2.842 2.22 1.827 1.475 1.017 0.649 0.601
0.0048313 -0.5 9.39794 1.398664832 2.529835985 1.398 1.04 3.7461 3.48 2 0 0.537 0 0 0 0 0 -1 -9.14e-13 0 0.7456 0.2496 0.0008539 0.000233 0.002118 -1 0.004829 2.169 3.021 2.942 2.292 1.883 1.518 1.037 0.651 0.599
0.0048313 -0.5 9.39794 1.399465442 2.5299134 1.399 1.033 3.7371 3.451 2 0 0.537 0 0 0 0 0 -1 -9.22e-13 0 0.7429 0.2522 0.0008593 0.0002346 0.002132 -1 0.004849 2.188 3.135 3.014 2.333 1.905 1.525 1.019 0.61 0.555
0.0048313 -0.5 9.39794 1.400453568 2.530008806 1.4 1.055 3.7286 3.396 2 0 0.536 0 0 0 0 0 -1 -1.02e-12 0 0.74 0.2551 0.0008615 0.0002363 0.002142 -1 0.004853 2.133 3.179 3.013 2.301 1.856 1.462 0.93 0.498 0.441
0.0048313 -0.5 9.39794 1.40126586 2.530087119 1.4 1.096 3.7242 3.337 3 0 0.511 0 0 0 0 0 -1 -1.2e-12 0 0.7368 0.2583 0.0008204 0.0002723 0.002147 -1 0.004904 2.031 3.132 2.94 2.211 1.757 1.355 0.809 0.366 0.307
0.0048313 -0.5 9.39794 1.402068734 2.530164422 1.401 1.142 3.7206 3.277 3 0 0.46 0 0 0 0 0 -1 -1.42e-12 0 0.7329 0.2621 0.0007399 0.0003668 0.002151 -1 0.004931 1.915 3.059 2.847 2.105 1.644 1.236 0.679 0.226 0.167
0.0048313 -0.5 9.39794 1.402829409 2.530237567 1.402 1.189 3.7179 3.219 3 0 0.424 0 0 0 0 0 -1 -1.69e-12 0 0.7292 0.2659 0.0006834 0.0004374 0.002153 -1 0.004931 1.798 2.978 2.75 1.997 1.53 1.118 0.552 0.091 0.03
0.0048313 -0.5 9.39794 1.403710127 2.530322143 1.403 1.244 3.7151 3.153 3 0 0.4 0 0 0 0 0 -1 -2.06e-12 0 0.7254 0.2696 0.0006455 0.0004853 0.002155 -1 0.004939 1.659 2.878 2.632 1.868 1.395 0.978 0.403 -0.066 -0.128
0.0048313 -0.5 9.39794 1.404734135 2.530420324 1.404 1.309 3.712 3.077 3 0 0.385 0 0 0 0 0 -1 -2.6e-12 0 0.7222 0.2729 0.0006223 0.0005154 0.002158 -1 0.004949 1.499 2.758 2.494 1.718 1.238 0.815 0.23 -0.248 -0.31
0.0048313 -0.5 9.39794 1.40574348 2.530516939 1.405 1.371 3.7089 3.002 3 0 0.377 0 0 0 0 0 -1 -3.26e-12 0 0.7198 0.2752 0.0006096 0.0005329 0.002161 -1 0.004964 1.341 2.64 2.359 1.571 1.085 0.657 0.061 -0.426 -0.489
0.0048313 -0.5 9.39794 1.40675962 2.530614043 1.406 1.436 3.7057 2.925 3 0 0.372 0 0 0 0 0 -1 -4.11e-12 0 0.7181 0.2769 0.0006022 0.0005439 0.002163 -1 0.004969 1.181 2.523 2.221 1.422 0.929 0.495 -0.111 -0.607 -0.671
0.0048313 -0.5 9.39794 1.407693267 2.530703122 1.407 1.494 3.7028 2.855 3 0 0.369 0 0 0 0 0 -1 -5.09e-12 0 0.7171 0.2779 0.0005983 0.00055 0.002162 -1 0.004967 1.034 2.417 2.097 1.286 0.787 0.348 -0.268 -0.773 -0.838
0.0048313 -0.5 9.39794 1.408527136 2.530782567 1.408 1.547 3.7 2.792 3 0 0.368 0 0 0 0 0 -1 -6.15e-12 0 0.7165 0.2785 0.0005963 0.0005534 0.002162 -1 0.00495 0.903 2.325 1.987 1.165 0.661 0.216 -0.409 -0.922 -0.988
0.0048313 -0.5 9.39794 1.409140825 2.530840965 1.408 1.587 3.6979 2.743 3 0 0.367 0 0 0 0 0 -1 -7.13e-12 0 0.7162 0.2788 0.0005952 0.0005551 0.002161 -1 0.004984 0.802 2.26 1.904 1.073 0.563 0.114 -0.519 -1.039 -1.105
0.0048313 -0.5 9.39794 1.409571528 2.530881916 1.409 1.617 3.6963 2.707 3 0 0.367 0 0 0 0 0 -1 -7.93e-12 0 0.7161 0.2789 0.0005946 0.0005561 0.002161 -1 0.00499 0.729 2.213 1.845 1.007 0.493 0.041 -0.598 -1.123 -1.19
0.0048313 -0.5 9.39794 1.410123706 2.530934374 1.409 1.653 3.6944 2.664 3 0 0.367 0 0 0 0 0 -1 -9.04e-12 0 0.716 0.279 0.0005942 0.0005568 0.002161 -1 0.005007 0.639 2.155 1.772 0.925 0.407 -0.049 -0.695 -1.226 -1.293
0.0048313 -0.5 9.39794 1.410684466 2.530987599 1.41 1.687 3.6924 2.622 3 0 0.366 0 0 0 0 0 -1 -1.03e-11 0 0.716 0.279 0.000594 0.0005571 0.002161 -1 0.005007 0.552 2.099 1.702 0.847 0.324 -0.136 -0.788 -1.326 -1.394
0.0048313 -0.5 9.39794 1.411248326 2.531041069 1.41 1.721 3.6906 2.581 3 0 0.366 0 0 0 0 0 -1 -1.16e-11 0 0.716 0.279 0.0005939 0.0005573 0.002161 -1 0.005007 0.468 2.044 1.634 0.771 0.244 -0.219 -0.878 -1.422 -1.49
0.0048313 -0.5 9.39794 1.411769509 2.531090449 1.411 1.749 3.689 2.546 3 0 0.366 0 0 0 0 0 -1 -1.29e-11 0 0.716 0.279 0.0005938 0.0005575 0.002161 -1 0.005008 0.397 1.999 1.577 0.707 0.176 -0.29 -0.955 -1.504 -1.573
0.0048313 -0.5 9.39794 1.412250757 2.531136008 1.411 1.775 3.6875 2.514 3 0 0.366 0 0 0 0 0 -1 -1.42e-11 0 0.7159 0.279 0.0005937 0.0005576 0.002161 -1 0.005008 0.332 1.958 1.525 0.649 0.114 -0.355 -1.026 -1.58 -1.649
0.0048313 -0.5 9.39794 1.412706256 2.531179096 1.412 1.801 3.686 2.483 3 0 0.366 0 0 0 0 0 -1 -1.55e-11 0 0.7159 0.2791 0.0005936 0.0005578 0.002161 -1 0.005008 0.268 1.921 1.476 0.592 0.053 -0.419 -1.094 -1.653 -1.723
0.0048313 -0.5 9.39794 1.413167715 2.531222716 1.412 1.827 3.6845 2.451 3 0 0.366 0 0 0 0 0 -1 -1.71e-11 0 0.7159 0.2791 0.0005934 0.000558 0.002161 -1 0.005008 0.203 1.887 1.426 0.534 -0.009 -0.484 -1.165 -1.728 -1.799
0.0048313 -0.5 9.39794 1.413757563 2.531278423 1.413 1.864 3.6823 2.405 3 0 0.366 0 0 0 0 0 -1 -1.96e-11 0 0.7159 0.2791 0.0005933 0.0005582 0.002161 -1 0.005008 0.109 1.84 1.355 0.451 -0.098 -0.577 -1.266 -1.836 -1.908
0.0048313 -0.5 9.39794 1.413862586 2.531288336 1.413 1.871 3.6819 2.396 3 0 0.366 0 0 0 0 0 -1 -2.02e-11 0 0.7159 0.2791 0.0005933 0.0005582 0.002161 -1 0.005008 0.092 1.831 1.342 0.436 -0.114 -0.595 -1.285 -1.856 -1.928
0.0048313 -0.5 9.39794 1.413918614 2.531293624 1.413 1.868 3.6821 2.401 3 0 0.366 0 0 0 0 0 -1 -2e-11 0 0.7159 0.2791 0.0005933 0.0005583 0.002161 -1 0.005008 0.1 1.834 1.348 0.443 -0.107 -0.586 -1.276 -1.847 -1.918
0.0048313 -0.5 9.39794 1.414005041 2.53130178 1.413 1.861 3.6826 2.41 3 0 0.366 0 0 0 0 0 -1 -1.95e-11 0 0.7159 0.2791 0.0005933 0.0005583 0.002161 -1 0.005008 0.119 1.842 1.361 0.459 -0.089 -0.568 -1.256 -1.825 -1.896
0.0048313 -0.5 9.39794 1.414659262 2.53136348 1.413 1.831 3.6847 2.448 3 0 0.366 0 0 0 0 0 -1 -1.75e-11 0 0.7159 0.2791 0.0005931 0.0005585 0.002161 -1 0.005009 0.193 1.875 1.415 0.523 -0.019 -0.494 -1.174 -1.737 -1.807
0.0048313 -0.5 9.39794 1.415007234 2.531396271 1.414 1.789 3.6875 2.501 3 0 0.366 0 0 0 0 0 -1 -1.5e-11 0 0.7159 0.2791 0.000593 0.0005587 0.002161 -1 0.005009 0.297 1.923 1.491 0.614 0.079 -0.39 -1.06 -1.614 -1.684
0.0048313 -0.5 9.39794 1.41522038 2.531416347 1.414 1.761 3.6893 2.537 3 0 0.366 0 0 0 0 0 -1 -1.35e-11 0 0.7159 0.2791 0.000593 0.0005587 0.002161 -1 0.005009 0.368 1.963 1.545 0.676 0.146 -0.32 -0.983 -1.531 -1.6
0.0048313 -0.5 9.39794 1.415392637 2.531432568 1.414 1.74 3.6907 2.564 3 0 0.366 0 0 0 0 0 -1 -1.24e-11 0 0.7159 0.2791 0.0005929 0.0005588 0.002161 -1 0.005009 0.421 1.994 1.586 0.722 0.196 -0.267 -0.926 -1.469 -1.537
0.0048313 -0.5 9.39794 1.415488481 2.531441591 1.414 1.747 3.6903 2.554 3 0 0.366 0 0 0 0 0 -1 -1.27e-11 0 0.7159 0.2791 0.0005929 0.0005588 0.002161 -1 0.005009 0.401 1.981 1.57 0.705 0.177 -0.286 -0.947 -1.492 -1.56
0.0048313 -0.5 9.39794 1.415954113 2.531485405 1.415 1.787 3.6879 2.505 3 0 0.366 0 0 0 0 0 -1 -1.45e-11 0 0.7159 0.2791 0.0005928 0.000559 0.002161 -1 0.005009 0.302 1.921 1.492 0.617 0.084 -0.385 -1.053 -1.606 -1.675
0.0048313 -0.5 9.39794 1.416489363 2.531535731 1.415 1.83 3.6853 2.451 3 0 0.366 0 0 0 0 0 -1 -1.7e-11 0 0.7159 0.2791 0.0005927 0.0005592 0.002161 -1 0.005009 0.194 1.865 1.41 0.521 -0.019 -0.493 -1.171 -1.732 -1.802
0.0048313 -0.5 9.39794 1.417021513 2.531585721 1.416 1.874 3.6826 2.397 3 0 0.366 0 0 0 0 0 -1 -2e-11 0 0.7159 0.2791 0.0005926 0.0005594 0.002161 -1 0.005009 0.084 1.81 1.327 0.424 -0.124 -0.603 -1.291 -1.86 -1.931
0.0048313 -0.5 9.39794 1.417527199 2.531633185 1.416 1.918 3.6799 2.343 3 0 0.365 0 0 0 0 0 -1 -2.35e-11 0 0.7159 0.2791 0.0005924 0.0005596 0.002161 -1 0.005009 -0.024 1.756 1.246 0.329 -0.227 -0.711 -1.408 -1.986 -2.058
0.0048313 -0.5 9.39794 1.418004394 2.531677939 1.416 1.96 3.6772 2.29 3 0 0.365 0 0 0 0 0 -1 -2.75e-11 0 0.7159 0.2791 0.0005923 0.0005598 0.002161 -1 0.00501 -0.13 1.708 1.168 0.237 -0.327 -0.817 -1.524 -2.109 -2.182
0.0048313 -0.5 9.39794 1.418453574 2.531720035 1.417 2.002 3.6746 2.237 3 0 0.365 0 0 0 0 0 -1 -3.21e-11 0 0.7159 0.2791 0.0005922 0.0005599 0.002161 -1 0.00501 -0.235 1.661 1.093 0.146 -0.426 -0.921 -1.638 -2.231 -2.305
0.0048313 -0.5 9.39794 1.418882012 2.531760158 1.417 2.045 3.6718 2.184 3 0 0.365 0 0 0 0 0 -1 -3.76e-11 0 0.7159 0.2791 0.0005921 0.0005601 0.002161 -1 0.00501 -0.341 1.615 1.017 0.055 -0.525 -1.027 -1.753 -2.355 -2.43
0.0048313 -0.5 9.39794 1.419286132 2.531797978 1.418 2.087 3.669 2.131 3 0 0.365 0 0 0 0 0 -1 -4.41e-11 0 0.7159 0.2791 0.000592 0.0005603 0.002161 -1 0.00501 -0.448 1.571 0.942 -0.036 -0.625 -1.132 -1.868 -2.479 -2.555
0.0048313 -0.5 9.39794 1.419662714 2.531833198 1.418 2.129 3.6662 2.077 3 0 0.365 0 0 0 0 0 -1 -5.16e-11 0 0.7159 0.2791 0.0005919 0.0005604 0.002161 -1 0.00501 -0.553 1.529 0.868 -0.125 -0.723 -1.236 -1.982 -2.602 -2.679
0.0048313 -0.5 9.39794 1.420006514 2.531865334 1.418 2.171 3.6634 2.025 3 0 0.365 0 0 0 0 0 -1 -6.02e-11 0 0.7159 0.2791 0.0005919 0.0005605 0.002161 -1 0.00501 -0.656 1.49 0.798 -0.212 -0.818 -1.338 -2.094 -2.722 -2.801
0.0048313 -0.5 9.39794 1.420329332 2.531895492 1.418 2.212 3.6605 1.972 3 0 0.365 0 0 0 0 0 -1 -7.03e-11 0 0.7158 0.2791 0.0005918 0.0005606 0.002161 -1 0.00501 -0.76 1.457 0.732 -0.3 -0.915 -1.44 -2.206 -2.841 -2.921
0.0048313 -0.5 9.39794 1.420626521 2.531923242 1.418 2.252 3.6577 1.92 3 0 0.365 0 0 0 0 0 -1 -8.19e-11 0 0.7158 0.2791 0.0005917 0.0005607 0.002161 -1 0.005011 -0.861 1.434 0.672 -0.385 -1.01 -1.539 -2.316 -2.957 -3.04
0.0048313 -0.5 9.39794 1.420904636 2.531949199 1.419 2.293 3.6548 1.868 3 0 0.365 0 0 0 0 0 -1 -9.54e-11 0 0.7158 0.2791 0.0005917 0.0005609 0.002161 -1 0.005011 -0.962 1.412 0.613 -0.47 -1.103 -1.638 -2.426 -3.073 -3.158
0.0048313 -0.5 9.39794 1.42116344 2.531973343 1.419 2.333 3.652 1.816 3 0 0.365 0 0 0 0 0 -1 -1.11e-10 0 0.7158 0.2792 0.0005916 0.0005609 0.002161 -1 0.005011 -1.063 1.39 0.555 -0.554 -1.196 -1.736 -2.535 -3.188 -3.276
0.0048313 -0.5 9.39794 1.421402693 2.531995654 1.419 2.373 3.6491 1.765 3 0 0.365 0 0 0 0 0 -1 -1.29e-10 0 0.7158 0.2792 0.0005915 0.000561 0.002161 -1 0.005011 -1.163 1.37 0.498 -0.637 -1.287 -1.832 -2.643 -3.302 -3.392
0.0048313 -0.5 9.39794 1.42162323 2.532016212 1.419 2.413 3.6462 1.714 3 0 0.365 0 0 0 0 0 -1 -1.5e-10 0 0.7158 0.2792 0.0005915 0.0005611 0.002161 -1 0.005011 -1.261 1.353 0.444 -0.717 -1.376 -1.926 -2.749 -3.413 -3.507
0.0048313 -0.5 9.39794 1.421831608 2.53203563 1.419 2.452 3.6433 1.663 3 0 0.365 0 0 0 0 0 -1 -1.74e-10 0 0.7158 0.2792 0.0005914 0.0005612 0.002161 -1 0.005011 -1.361 1.337 0.39 -0.797 -1.464 -2.02 -2.856 -3.526 -3.623
0.0048313 -0.5 9.39794 1.422020316 2.53205321 1.419 2.49 3.6404 1.613 3 0 0.365 0 0 0 0 0 -1 -2.01e-10 0 0.7158 0.2792 0.0005914 0.0005613 0.002161 -1 0.005011 -1.456 1.324 0.339 -0.874 -1.549 -2.11 -2.959 -3.635 -3.735
0.0048313 -0.5 9.39794 1.422199607 2.532069907 1.419 2.529 3.6375 1.563 3 0 0.365 7.31 5.52 3.97 3.01 2.44 4 -2.33e-10 0 0.7158 0.2792 0.0005914 0.0005613 0.002161 -1 0.005011 -1.553 1.314 0.289 -0.95 -1.634 -2.2 -3.062 -3.744 -3.849
0.0048313 -0.5 9.39794 1.422365546 2.532085356 1.419 2.567 3.6346 1.513 3 0 0.365 8.09 6.04 4.33 3.28 2.66 4 -2.7e-10 0 0.7158 0.2792 0.0005913 0.0005614 0.002161 -1 0.005011 -1.648 1.304 0.24 -1.025 -1.716 -2.289 -3.164 -3.852 -3.961
0.0048313 -0.5 9.39794 1.422520876 2.532099814 1.419 2.605 3.6318 1.464 3 0 0.365 8.95 6.61 4.71 3.58 2.91 4 -3.12e-10 0 0.7158 0.2792 0.0005913 0.0005614 0.002161 -1 0.005011 -1.743 1.301 0.191 -1.096 -1.797 -2.378 -3.266 -3.962 -4.074
0.0048313 -0.5 9.39794 1.422668815 2.532113581 1.419 2.644 3.6288 1.413 3 0 0.365 9.92 7.24 5.14 3.91 3.18 4 -3.62e-10 0 0.7158 0.2792 0.0005913 0.0005615 0.002161 -1 0.005011 -1.84 1.304 0.142 -1.166 -1.879 -2.468 -3.37 -4.075 -4.19
0.0048313 -0.5 9.39794 1.422801614 2.532125936 1.418 2.681 3.6259 1.365 3 0 0.365 10.95 7.9 5.59 4.25 3.46 4 -4.16e-10 0 0.7158 0.2792 0.0005912 0.0005616 0.002161 -1 0.005011 -1.932 1.309 0.098 -1.231 -1.956 -2.554 -3.469 -4.183 -4.302
0.0048313 -0.5 9.39794 1.422927976 2.532137689 1.418 2.718 3.623 1.316 3 0 0.365 12.1 8.63 6.08 4.63 3.77 4 -4.8e-10 0 0.7158 0.2792 0.0005912 0.0005616 0.002161 -1 0.005011 -2.025 1.316 0.054 -1.296 -2.033 -2.64 -3.568 -4.292 -4.414
0.0048313 -0.5 9.39794 1.423045993 2.532148664 1.418 2.755 3.6201 1.267 3 0 0.365 13.36 9.42 6.61 5.05 4.1 4 -5.54e-10 0 0.7158 0.2792 0.0005912 0.0005616 0.002161 -1 0.005011 -2.117 1.323 0.01 -1.361 -2.109 -2.726 -3.667 -4.4 -4.525
0.0048313 -0.5 9.39794 1.423156023 2.532158895 1.418 2.791 3.6173 1.219 3 0 0.365 14.72 10.27 7.18 5.49 4.46 4 -6.37e-10 0 0.7158 0.2792 0.0005911 0.0005617 0.002161 -1 0.005011 -2.209 1.332 -0.031 -1.423 -2.184 -2.809 -3.764 -4.506 -4.635
0.0048313 -0.5 9.39794 1.42326045 2.532168603 1.418 2.828 3.6144 1.171 3 0 0.365 16.25 11.21 7.81 5.97 4.86 4 -7.33e-10 0 0.7158 0.2792 0.0005911 0.0005617 0.002161 -1 0.005012 -2.3 1.344 -0.071 -1.484 -2.257 -2.893 -3.862 -4.613 -4.745
0.0048313 -0.5 9.39794 1.423356771 2.532177556 1.417 2.864 3.6115 1.124 3 0 0.365 17.89 12.21 8.47 6.49 5.28 3 -8.41e-10 0 0.7158 0.2792 0.0005911 0.0005618 0.002161 -1 0.005012 -2.389 1.358 -0.109 -1.543 -2.329 -2.975 -3.957 -4.717 -4.853
0.0048313 -0.5 9.39794 1.423447967 2.532186031 1.417 2.899 3.6086 1.076 3 0 0.365 19.7 13.3 9.19 7.05 5.74 3 -9.66e-10 0 0.7158 0.2792 0.0005911 0.0005618 0.002161 -1 0.005012 -2.479 1.371 -0.146 -1.601 -2.4 -3.056 -4.052 -4.821 -4.961
0.0048313 -0.5 9.39794 1.423533797 2.532194006 1.417 2.935 3.6058 1.029 3 0 0.365 21.68 14.48 9.97 7.65 6.23 3 -1.11e-09 0 0.7158 0.2792 0.0005911 0.0005618 0.002161 -1 0.005012 -2.568 1.387 -0.181 -1.658 -2.469 -3.137 -4.146 -4.925 -5.069
0.0048313 -0.5 9.39794 1.423631191 2.532203055 1.416 2.978 3.6022 0.972 3 0 0.365 24.37 16.06 11.01 8.46 6.89 3 -1.31e-09 0 0.7158 0.2792 0.000591 0.0005619 0.002161 -1 0.005012 -2.675 1.415 -0.219 -1.723 -2.551 -3.233 -4.26 -5.051 -5.2
0.0048313 -0.5 9.39794 1.423704028 2.532209821 1.416 3.012 3.5994 0.927 3 0 0.365 26.71 17.43 11.9 9.16 7.46 3 -1.49e-09 0 0.7158 0.2792 0.000591 0.0005619 0.002161 -1 0.005012 -2.759 1.44 -0.247 -1.773 -2.615 -3.31 -4.35 -5.149 -5.303
0.0048313 -0.5 9.39794 1.423775196 2.532216432 1.415 3.047 3.5965 0.88 3 0 0.365 29.36 18.95 12.89 9.94 8.1 3 -1.71e-09 0 0.7158 0.2792 0.000591 0.0005619 0.002161 -1 0.005012 -2.847 1.463 -0.274 -1.822 -2.679 -3.388 -4.443 -5.251 -5.409
0.0048313 -0.5 9.39794 1.423855066 2.532223849 1.414 3.088 3.593 0.825 3 0 0.365 32.87 20.95 14.19 10.95 8.92 3 -2.01e-09 0 0.7158 0.2792 0.000591 0.0005619 0.002161 -1 0.005012 -2.95 1.497 -0.303 -1.879 -2.754 -3.48 -4.553 -5.371 -5.534
0.0048313 -0.5 9.39794 1.423928976 2.532230713 1.414 3.128 3.5895 0.77 3 0 0.365 36.74 23.12 15.59 12.05 9.82 2 -2.35e-09 0 0.7158 0.2792 0.000591 0.000562 0.002161 -1 0.005012 -3.051 1.531 -0.329 -1.933 -2.826 -3.569 -4.66 -5.49 -5.659
0.0048313 -0.5 9.39794 1.42399776 2.532237099 1.413 3.168 3.586 0.716 3 0 0.365 41.03 25.5 17.12 13.25 10.81 2 -2.76e-09 0 0.7158 0.2792 0.0005909 0.000562 0.002161 -1 0.005012 -3.151 1.561 -0.352 -1.981 -2.892 -3.658 -4.767 -5.607 -5.781
0.0048313 -0.5 9.39794 1.424063086 2.532243164 1.412 3.209 3.5825 0.661 3 0 0.365 45.85 28.14 18.81 14.58 11.89 2 -3.23e-09 0 0.7158 0.2792 0.0005909 0.000562 0.002161 -1 0.005012 -3.251 1.593 -0.375 -2.028 -2.959 -3.746 -4.874 -5.725 -5.905
0.0048313 -0.5 9.39794 1.424123764 2.532248797 1.411 3.248 3.579 0.608 3 0 0.365 51.13 31 20.63 16.01 13.07 2 -3.78e-09 0 0.7158 0.2792 0.0005909 0.000562 0.002161 -1 0.005012 -3.35 1.622 -0.394 -2.072 -3.022 -3.832 -4.979 -5.84 -6.026
0.0048313 -0.5 9.39794 1.42418015 2.532254031 1.409 3.286 3.5756 0.555 3 0 0.365 56.85 34.05 22.56 17.54 14.32 2 -4.4e-09 0 0.7158 0.2792 0.0005909 0.0005621 0.002161 -1 0.005012 -3.444 1.647 -0.407 -2.105 -3.075 -3.913 -5.081 -5.952 -6.143
0.0048313 -0.5 9.39794 1.42423284 2.532258921 1.408 3.321 3.5723 0.507 3 0 0.365 62.8 37.2 24.55 19.11 15.6 2 -5.08e-09 0 0.7158 0.2792 0.0005909 0.0005621 0.002161 -1 0.005012 -3.533 1.672 -0.418 -2.135 -3.124 -3.989 -5.176 -6.057 -6.253
0.0048313 -0.5 9.39794 1.424259305 2.532261377 1.407 3.338 3.5706 0.483 3 0 0.364 65.94 38.84 25.58 19.93 16.27 2 -5.46e-09 0 0.7158 0.2792 0.0005909 0.0005621 0.002161 -1 0.005012 -3.576 1.686 -0.421 -2.149 -3.147 -4.027 -5.222 -6.108 -6.307
0.0048313 -0.5 9.39794 1.424259305 2.532261377 1.407 1.817 3.7032 2.534 4 0 0.37 0 0 0 0 0 -1 -1e-30 0 0.7168 0.2782 0.0006017 0.0005478 0.00217 -1 0.004978 0.227 1.606 1.289 0.475 -0.02 -0.459 -1.076 -1.581 -1.645
0.0048313 -0.5 9.39794 1.424769998 2.532308753 1.408 1.829 3.7021 2.518 4 0 0.37 0 0 0 0 0 -1 -1e-30 0 0.7168 0.2782 0.0006015 0.000548 0.00217 -1 0.004978 0.198 1.594 1.269 0.451 -0.047 -0.488 -1.109 -1.618 -1.681
0.0048313 -0.5 9.39794 1.425280213 2.532356045 1.409 1.835 3.7017 2.511 4 0 0.37 0 0 0 0 0 -1 -1e-30 0 0.7168 0.2782 0.0006014 0.0005481 0.002169 -1 0.004978 0.183 1.585 1.257 0.437 -0.061 -0.503 -1.126 -1.635 -1.699
0.0048313 -0.5 9.39794 1.425825477 2.532406543 1.409 1.838 3.7017 2.508 4 0 0.37 0 0 0 0 0 -1 -1e-30 0 0.7168 0.2782 0.0006012 0.0005483 0.002169 -1 0.004978 0.176 1.578 1.25 0.43 -0.068 -0.511 -1.133 -1.643 -1.707
0.0048313 -0.5 9.39794 1.426314116 2.532451759 1.41 1.839 3.7019 2.508 4 0 0.369 0 0 0 0 0 -1 -1e-30 0 0.7168 0.2782 0.0006011 0.0005485 0.002169 -1 0.004978 0.173 1.572 1.246 0.427 -0.071 -0.513 -1.135 -1.644 -1.708
0.0048313 -0.5 9.39794 1.42680645 2.532497282 1.41 1.839 3.7022 2.508 4 0 0.369 0 0 0 0 0 -1 -1e-30 0 0.7168 0.2782 0.0006009 0.0005487 0.002169 -1 0.004978 0.171 1.567 1.242 0.424 -0.073 -0.515 -1.135 -1.644 -1.707
0.0048313 -0.5 9.39794 1.427299142 2.532542801 1.411 1.84 3.7024 2.509 4 0 0.369 0 0 0 0 0 -1 -1e-30 0 0.7169 0.2782 0.0006008 0.0005488 0.002169 -1 0.004978 0.17 1.561 1.238 0.421 -0.075 -0.516 -1.136 -1.643 -1.707
0.0048313 -0.5 9.39794 1.427794576 2.532588537 1.411 1.841 3.7027 2.51 4 0 0.369 0 0 0 0 0 -1 -1e-30 0 0.7169 0.2782 0.0006007 0.000549 0.002169 -1 0.004978 0.168 1.556 1.235 0.419 -0.077 -0.518 -1.137 -1.643 -1.707
0.0048313 -0.5 9.39794 1.428333759 2.53263827 1.412 1.842 3.703 2.51 4 0 0.369 0 0 0 0 0 -1 -1e-30 0 0.7169 0.2782 0.0006005 0.0005492 0.002169 -1 0.004978 0.166 1.549 1.23 0.415 -0.08 -0.52 -1.138 -1.644 -1.707
0.0048313 -0.5 9.39794 1.428884387 2.532689014 1.412 1.843 3.7033 2.51 4 0 0.369 0 0 0 0 0 -1 -1e-30 0 0.7169 0.2782 0.0006003 0.0005494 0.002169 -1 0.004978 0.163 1.543 1.225 0.412 -0.083 -0.522 -1.139 -1.644 -1.708
0.0048313 -0.5 9.39794 1.429404139 2.532736872 1.413 1.844 3.7035 2.51 4 0 0.369 0 0 0 0 0 -1 -1e-30 0 0.7169 0.2782 0.0006002 0.0005496 0.002169 -1 0.004978 0.16 1.536 1.221 0.408 -0.086 -0.525 -1.142 -1.646 -1.709
0.0048313 -0.5 9.39794 1.429916501 2.53278401 1.414 1.845 3.7037 2.51 4 0 0.369 0 0 0 0 0 -1 -1e-30 0 0.7169 0.2782 0.0006 0.0005497 0.002169 -1 0.004978 0.157 1.53 1.216 0.404 -0.09 -0.529 -1.144 -1.648 -1.711
0.0048313 -0.5 9.39794 1.430446386 2.532832719 1.414 1.847 3.7039 2.509 4 0 0.369 0 0 0 0 0 -1 -1e-30 0 0.7169 0.2782 0.0005999 0.0005499 0.002169 -1 0.004978 0.153 1.524 1.211 0.399 -0.093 -0.532 -1.147 -1.65 -1.713
0.0048313 -0.5 9.39794 1.430950165 2.53287899 1.415 1.848 3.7041 2.509 4 0 0.369 0 0 0 0 0 -1 -1e-30 0 0.7169 0.2782 0.0005997 0.0005501 0.002169 -1 0.004978 0.15 1.518 1.206 0.395 -0.097 -0.535 -1.15 -1.653 -1.716
0.0048313 -0.5 9.39794 1.431448698 2.532924742 1.415 1.849 3.7042 2.508 4 0 0.369 0 0 0 0 0 -1 -1e-30 0 0.7169 0.2782 0.0005996 0.0005503 0.002169 -1 0.004978 0.146 1.512 1.201 0.391 -0.101 -0.539 -1.153 -1.655 -1.718
0.0048313 -0.5 9.39794 1.431959152 2.532971551 1.416 1.851 3.7044 2.508 4 0 0.368 0 0 0 0 0 -1 -1e-30 0 0.7169 0.2782 0.0005995 0.0005505 0.002169 -1 0.004978 0.142 1.506 1.196 0.387 -0.105 -0.543 -1.156 -1.658 -1.721
0.0048313 -0.5 9.39794 1.432023525 2.532977451 1.416 1.851 3.7044 2.507 4 0 0.368 0 0 0 0 0 -1 -1e-30 0 0.7169 0.2782 0.0005994 0.0005505 0.002169 -1 0.004978 0.142 1.505 1.195 0.386 -0.106 -0.543 -1.157 -1.658 -1.721
0.0048313 -0.5 9.39794 1.432502508 2.533021334 1.416 1.853 3.7045 2.507 4 0 0.368 0 0 0 0 0 -1 -1e-30 0 0.7169 0.2782 0.0005993 0.0005506 0.002169 -1 0.004978 0.138 1.499 1.19 0.382 -0.11 -0.547 -1.16 -1.661 -1.724
0.0048313 -0.5 9.39794 1.433062315 2.533072579 1.417 1.855 3.7046 2.505 4 0 0.368 0 0 0 0 0 -1 -1e-30 0 0.7169 0.2781 0.0005991 0.0005508 0.002169 -1 0.004978 0.134 1.493 1.185 0.377 -0.114 -0.552 -1.164 -1.665 -1.728
0.0048313 -0.5 9.39794 1.43358469 2.533120357 1.418 1.856 3.7047 2.504 4 0 0.368 0 0 0 0 0 -1 -1e-30 0 0.7169 0.2781 0.000599 0.000551 0.002169 -1 0.004978 0.129 1.487 1.18 0.372 -0.119 -0.556 -1.168 -1.669 -1.732
0.0048313 -0.5 9.39794 1.434110522 2.533168409 1.418 1.858 3.7048 2.503 4 0 0.368 0 0 0 0 0 -1 -1e-30 0 0.7169 0.2781 0.0005988 0.0005512 0.002169 -1 0.004978 0.124 1.481 1.174 0.367 -0.124 -0.561 -1.173 -1.673 -1.736
0.0048313 -0.5 9.39794 1.43467319 2.533219784 1.419 1.86 3.7049 2.501 4 0 0.368 0 0 0 0 0 -1 -1e-30 0 0.7169 0.2781 0.0005987 0.0005514 0.002169 -1 0.004978 0.119 1.475 1.169 0.361 -0.129 -0.566 -1.178 -1.678 -1.741
0.0048313 -0.5 9.39794 1.435222626 2.533269905 1.419 1.863 3.7049 2.499 4 0 0.368 0 0 0 0 0 -1 -1e-30 0 0.7169 0.2781 0.0005985 0.0005516 0.002169 -1 0.004978 0.113 1.47 1.163 0.356 -0.135 -0.572 -1.184 -1.684 -1.747
0.0048313 -0.5 9.39794 1.435787082 2.533321351 1.42 1.865 3.7048 2.497 4 0 0.368 0 0 0 0 0 -1 -1e-30 0 0.7169 0.2781 0.0005984 0.0005518 0.002169 -1 0.004978 0.107 1.464 1.157 0.35 -0.141 -0.578 -1.19 -1.69 -1.753
0.0048313 -0.5 9.39794 1.435896993 2.533331363 1.42 1.866 3.7048 2.496 4 0 0.368 0 0 0 0 0 -1 -1e-30 0 0.7169 0.2781 0.0005983 0.0005518 0.002169 -1 0.004978 0.106 1.463 1.156 0.348 -0.142 -0.579 -1.191 -1.691 -1.754
0.0048313 -0.5 9.39794 1.436307311 2.533368725 1.421 1.868 3.7048 2.494 4 0 0.368 0 0 0 0 0 -1 -1e-30 0 0.7169 0.2781 0.0005982 0.000552 0.002169 -1 0.004978 0.101 1.46 1.152 0.344 -0.147 -0.584 -1.196 -1.697 -1.76
0.0048313 -0.5 9.39794 1.436818957 2.533415278 1.421 1.87 3.7046 2.491 4 0 0.368 0 0 0 0 0 -1 -1e-30 0 0.7169 0.2781 0.0005981 0.0005521 0.002169 -1 0.004978 0.095 1.455 1.146 0.337 -0.154 -0.591 -1.204 -1.704 -1.767
0.0048313 -0.5 9.39794 1.43730545 2.533459508 1.422 1.873 3.7044 2.488 4 0 0.368 0 0 0 0 0 -1 -1e-30 0 0.7169 0.2781 0.0005979 0.0005523 0.002169 -1 0.004978 0.087 1.451 1.141 0.331 -0.161 -0.598 -1.211 -1.713 -1.776
0.0048313 -0.5 9.39794 1.437808275 2.533505186 1.422 1.876 3.7042 2.483 4 0 0.367 0 0 0 0 0 -1 -1e-30 0 0.7169 0.2781 0.0005978 0.0005525 0.002169 -1 0.004978 0.079 1.448 1.135 0.324 -0.169 -0.607 -1.221 -1.723 -1.786
0.0048313 -0.5 9.39794 1.438312769 2.533550979 1.423 1.88 3.7039 2.479 4 0 0.367 0 0 0 0 0 -1 -1e-30 0 0.7169 0.2781 0.0005976 0.0005526 0.002169 -1 0.004978 0.07 1.443 1.128 0.316 -0.177 -0.616 -1.231 -1.734 -1.797
0.0048313 -0.5 9.39794 1.438824534 2.533597394 1.423 1.884 3.7035 2.473 4 0 0.367 0 0 0 0 0 -1 -1e-30 0 0.7169 0.2781 0.0005975 0.0005528 0.002169 -1 0.004978 0.059 1.44 1.121 0.306 -0.187 -0.627 -1.243 -1.747 -1.811
0.0048313 -0.5 9.39794 1.439316034 2.533641935 1.424 1.889 3.7029 2.466 4 0 0.367 0 0 0 0 0 -1 -1e-30 0 0.7169 0.2781 0.0005974 0.000553 0.002169 -1 0.004978 0.047 1.436 1.113 0.296 -0.199 -0.639 -1.258 -1.763 -1.827
0.0048313 -0.5 9.39794 1.43981123 2.533686776 1.424 1.895 3.7023 2.458 4 0 0.367 0 0 0 0 0 -1 -1e-30 0 0.7169 0.2781 0.0005972 0.0005532 0.002169 -1 0.004978 0.032 1.432 1.103 0.283 -0.213 -0.655 -1.275 -1.782 -1.846
0.0048313 -0.5 9.39794 1.440321445 2.533732941 1.425 1.903 3.7014 2.446 4 0 0.367 0 0 0 0 0 -1 -1e-30 0 0.7169 0.2781 0.0005971 0.0005533 0.002169 -1 0.004978 0.012 1.426 1.091 0.267 -0.232 -0.675 -1.298 -1.808 -1.872
0.0048313 -0.5 9.39794 1.440822244 2.533778216 1.426 1.903 3.7016 2.448 4 0 0.367 0 0 0 0 0 -1 -1e-30 0 0.7169 0.2781 0.0005969 0.0005535 0.002169 -1 0.004978 0.014 1.424 1.091 0.267 -0.231 -0.673 -1.296 -1.805 -1.869
0.0048313 -0.5 9.39794 1.441329122 2.533824004 1.426 1.915 3.7002 2.43 4 0 0.367 0 0 0 0 0 -1 -1e-30 0 0.7169 0.2781 0.0005968 0.0005537 0.002169 -1 0.004978 -0.018 1.417 1.072 0.241 -0.261 -0.706 -1.333 -1.847 -1.911
0.0048313 -0.5 9.39794 1.441831827 2.533869379 1.427 1.939 3.6975 2.396 4 0 0.367 0 0 0 0 0 -1 -1e-30 0 0.7169 0.2781 0.0005966 0.0005539 0.002169 -1 0.004978 -0.076 1.406 1.037 0.194 -0.315 -0.765 -1.401 -1.923 -1.988
0.0048313 -0.5 9.39794 1.442188263 2.533901529 1.427 1.973 3.6937 2.346 4 0 0.367 0 0 0 0 0 -1 -1e-30 0 0.7169 0.2781 0.0005965 0.000554 0.002169 -1 0.004978 -0.164 1.385 0.984 0.122 -0.396 -0.854 -1.502 -2.035 -2.101
0.0048313 -0.5 9.39794 1.442354441 2.533916512 1.427 2.01 3.6901 2.295 4 0 0.367 0 0 0 0 0 -1 -1e-30 0 0.7169 0.2781 0.0005965 0.000554 0.002169 -1 0.004978 -0.254 1.359 0.927 0.047 -0.481 -0.945 -1.606 -2.149 -2.216
0.0048313 -0.5 9.39794 1.44243288 2.533923583 1.427 2.047 3.6865 2.243 4 0 0.367 0 0 0 0 0 -1 -1e-30 0 0.7169 0.2781 0.0005965 0.0005541 0.002169 -1 0.004978 -0.348 1.336 0.868 -0.029 -0.567 -1.038 -1.712 -2.267 -2.335
0.0048313 -0.5 9.39794 1.442466497 2.533926613 1.427 2.082 3.6832 2.195 4 0 0.367 0 0 0 0 0 -1 -1e-30 0 0.7169 0.2781 0.0005965 0.0005541 0.002169 -1 0.004978 -0.436 1.311 0.812 -0.102 -0.649 -1.127 -1.812 -2.377 -2.447
0.0048313 -0.5 9.39794 1.442483187 2.533928117 1.427 2.116 3.6802 2.149 4 0 0.367 0 0 0 0 0 -1 -1e-30 0 0.7169 0.2781 0.0005964 0.0005541 0.002169 -1 0.004978 -0.52 1.285 0.757 -0.172 -0.726 -1.21 -1.907 -2.481 -2.552
0.0048313 -0.5 9.39794 1.442492008 2.533928912 1.427 2.145 3.6777 2.11 4 0 0.367 0 0 0 0 0 -1 -1e-30 0 0.7169 0.2781 0.0005964 0.0005541 0.002169 -1 0.004978 -0.592 1.266 0.712 -0.23 -0.792 -1.281 -1.987 -2.569 -2.641
0.0048313 -0.5 9.39794 1.442492127 2.533928923 1.427 2.145 3.6776 2.11 7 0 0.367 0 0 0 0 0 -1 -1.61e-20 0 0.7169 0.2778 0.0005964 0.0005541 0.002169 -1 0.005279 -0.593 1.266 0.712 -0.231 -0.793 -1.283 -1.988 -2.571 -2.642
0.0048313 -0.5 9.39794 1.442493558 2.533929052 1.427 2.151 3.6771 2.102 7 0 0.367 0 0 0 0 0 -1 -1.65e-20 0 0.7169 0.2778 0.0005964 0.0005541 0.002169 -1 0.005279 -0.608 1.262 0.703 -0.243 -0.806 -1.297 -2.004 -2.588 -2.66
0.0048313 -0.5 9.39794 1.442504048 2.533929997 1.427 2.196 3.6733 2.042 7 0 0.367 0 0 0 0 0 -1 -1.84e-20 0 0.7169 0.2778 0.0005964 0.0005541 0.002169 -1 0.005279 -0.72 1.23 0.631 -0.335 -0.91 -1.408 -2.129 -2.725 -2.798
0.0048313 -0.5 9.39794 1.442518353 2.533931287 1.427 2.251 3.6687 1.968 7 0 0.367 0 0 0 0 0 -1 -2.04e-20 0 0.7169 0.2778 0.0005964 0.0005541 0.002169 -1 0.005279 -0.858 1.197 0.547 -0.449 -1.039 -1.546 -2.282 -2.89 -2.966
0.0048313 -0.5 9.39794 1.442555904 2.533934671 1.427 2.245 3.6689 1.975 7 0 0.367 0 0 0 0 0 -1 -4.45e-14 0 0.7169 0.2776 0.0005964 0.0005541 0.002169 -1 0.005463 -0.843 1.206 0.559 -0.435 -1.023 -1.53 -2.266 -2.874 -2.949
0.0048313 -0.5 9.39794 1.442850828 2.533961243 1.427 2.217 3.6699 2.008 7 0 0.367 0 0 0 0 0 -1 -3.49e-10 0 0.7169 0.2775 0.0005963 0.0005542 0.002169 -1 0.005578 -0.771 1.249 0.616 -0.367 -0.953 -1.458 -2.191 -2.798 -2.872
0.0048313 -0.5 9.39794 1.44309926 2.533983617 1.427 2.262 3.6671 1.951 7 0 0.367 0 0 0 0 0 -1 -4.42e-10 0 0.7169 0.2775 0.0005963 0.0005543 0.002169 -1 0.005578 -0.885 1.208 0.541 -0.467 -1.062 -1.572 -2.314 -2.926 -3.003
0.0048313 -0.5 9.39794 1.443249941 2.533997183 1.427 2.302 3.6642 1.899 7 0 0.366 0 0 0 0 0 -1 -5.44e-10 0 0.7169 0.2775 0.0005962 0.0005543 0.002169 -1 0.005578 -0.985 1.184 0.481 -0.553 -1.156 -1.671 -2.423 -3.041 -3.119
0.0048313 -0.5 9.39794 1.443343759 2.534005628 1.427 2.332 3.6619 1.86 7 0 0.366 0 0 0 0 0 -1 -6.35e-10 0 0.7169 0.2775 0.0005962 0.0005544 0.002169 -1 0.005578 -1.059 1.17 0.439 -0.615 -1.225 -1.744 -2.505 -3.127 -3.207
0.0048313 -0.5 9.39794 1.443450093 2.534015198 1.426 2.367 3.659 1.813 7 0 0.366 0 0 0 0 0 -1 -7.58e-10 0 0.7169 0.2775 0.0005962 0.0005544 0.002169 -1 0.005578 -1.147 1.158 0.392 -0.687 -1.306 -1.83 -2.602 -3.23 -3.313
0.0048313 -0.5 9.39794 1.443562746 2.534025335 1.426 2.407 3.6556 1.76 7 0 0.366 0 0 0 0 0 -1 -9.27e-10 0 0.7169 0.2775 0.0005961 0.0005544 0.002169 -1 0.005578 -1.246 1.148 0.34 -0.767 -1.396 -1.925 -2.711 -3.346 -3.432
0.0048313 -0.5 9.39794 1.443664908 2.534034527 1.426 2.446 3.6523 1.707 7 0 0.366 0 0 0 0 0 -1 -1.14e-09 0 0.7169 0.2775 0.0005961 0.0005545 0.002169 -1 0.005578 -1.345 1.138 0.289 -0.846 -1.485 -2.02 -2.819 -3.461 -3.55
0.0048313 -0.5 9.39794 1.443759084 2.534042998 1.425 2.486 3.649 1.653 7 0 0.366 0 0 0 0 0 -1 -1.4e-09 0 0.7169 0.2775 0.0005961 0.0005545 0.002169 -1 0.005578 -1.446 1.128 0.238 -0.926 -1.575 -2.116 -2.929 -3.578 -3.671
0.0048313 -0.5 9.39794 1.443845272 2.53405075 1.425 2.527 3.6456 1.599 7 0 0.366 6.81 5.18 3.74 2.83 2.3 4 -1.72e-09 0 0.7169 0.2775 0.0005961 0.0005545 0.002169 -1 0.005578 -1.548 1.122 0.187 -1.006 -1.665 -2.212 -3.04 -3.697 -3.794
0.0048313 -0.5 9.39794 1.443923473 2.534057783 1.424 2.568 3.6414 1.541 7 0 0.366 7.66 5.75 4.13 3.13 2.54 4 -2.13e-09 0 0.7169 0.2775 0.000596 0.0005546 0.002169 -1 0.005578 -1.651 1.135 0.146 -1.081 -1.751 -2.307 -3.153 -3.819 -3.921
0.0048313 -0.5 9.39794 1.443977594 2.53406265 1.423 2.599 3.6374 1.494 7 0 0.366 8.43 6.26 4.48 3.39 2.76 4 -2.49e-09 0 0.7169 0.2775 0.000596 0.0005546 0.002169 -1 0.005578 -1.728 1.167 0.128 -1.129 -1.81 -2.375 -3.239 -3.915 -4.022
0.0048313 -0.5 9.39794 1.444042563 2.534068491 1.423 2.64 3.633 1.435 7 0 0.366 9.5 6.96 4.95 3.76 3.06 4 -3.06e-09 0 0.7169 0.2775 0.0005957 0.0005548 0.002169 -1 0.005567 -1.83 1.201 0.093 -1.193 -1.891 -2.468 -3.351 -4.041 -4.153
0.0048313 -0.5 9.39794 1.444102764 2.534073903 1.422 2.68 3.6297 1.381 7 0 0.366 10.6 7.67 5.44 4.13 3.36 4 -3.76e-09 0 0.7169 0.2775 0.000595 0.0005553 0.002169 -1 0.005545 -1.931 1.208 0.044 -1.265 -1.976 -2.562 -3.461 -4.161 -4.277
0.0048313 -0.5 9.39794 1.444159746 2.534079026 1.421 2.721 3.6263 1.327 7 0 0.365 11.84 8.47 5.97 4.55 3.7 4 -4.61e-09 0 0.7169 0.2775 0.0005936 0.0005567 0.002169 -1 0.005535 -2.033 1.219 -0.002 -1.335 -2.059 -2.657 -3.57 -4.281 -4.4
0.0048313 -0.5 9.39794 1.44421339 2.534083847 1.419 2.762 3.6228 1.271 7 0 0.364 13.26 9.36 6.57 5.01 4.08 4 -5.64e-09 0 0.7169 0.2775 0.0005915 0.000559 0.002169 -1 0.005535 -2.136 1.235 -0.047 -1.405 -2.143 -2.751 -3.681 -4.403 -4.526
0.0048313 -0.5 9.39794 1.444262505 2.534088262 1.418 2.803 3.6194 1.217 7 0 0.362 14.8 10.32 7.21 5.51 4.48 4 -6.9e-09 0 0.7169 0.2775 0.0005893 0.0005617 0.002169 -1 0.005536 -2.236 1.251 -0.09 -1.472 -2.225 -2.844 -3.789 -4.522 -4.649
0.0048313 -0.5 9.39794 1.444312692 2.534092772 1.416 2.844 3.6159 1.161 7 0 0.361 16.58 11.42 7.95 6.08 4.95 3 -8.42e-09 0 0.7169 0.2776 0.0005873 0.0005642 0.002169 -1 0.005537 -2.34 1.271 -0.132 -1.539 -2.307 -2.938 -3.9 -4.645 -4.776
0.0048313 -0.5 9.39794 1.444363356 2.534097325 1.414 2.886 3.6123 1.104 7 0 0.36 18.6 12.64 8.76 6.71 5.46 3 -1.04e-08 0 0.7169 0.2776 0.0005855 0.0005665 0.002169 -1 0.005537 -2.444 1.293 -0.172 -1.606 -2.389 -3.032 -4.011 -4.767 -4.903
0.0048313 -0.5 9.39794 1.444414377 2.53410191 1.411 2.927 3.6087 1.047 7 0 0.359 20.89 14.01 9.66 7.42 6.04 3 -1.28e-08 0 0.7169 0.2776 0.0005839 0.0005684 0.002169 -1 0.00552 -2.549 1.318 -0.211 -1.672 -2.47 -3.127 -4.123 -4.891 -5.031
0.0048313 -0.5 9.39794 1.44446218 2.534106205 1.408 2.971 3.6049 0.987 7 0 0.358 23.57 15.6 10.7 8.23 6.7 3 -1.57e-08 0 0.7169 0.2776 0.0005826 0.00057 0.002169 -1 0.005516 -2.657 1.348 -0.248 -1.736 -2.553 -3.224 -4.238 -5.019 -5.164
0.0048313 -0.5 9.39794 1.444496512 2.53410929 1.405 3.015 3.601 0.926 7 0 0.357 26.67 17.4 11.88 9.15 7.45 3 -1.94e-08 0 0.7169 0.2776 0.0005815 0.0005714 0.002169 -1 0.005513 -2.768 1.389 -0.281 -1.801 -2.636 -3.324 -4.357 -5.15 -5.301
0.0048313 -0.5 9.39794 1.444517732 2.534111196 1.403 3.056 3.5975 0.871 7 0 0.357 29.82 19.22 13.07 10.07 8.21 3 -2.36e-08 0 0.7169 0.2776 0.0005805 0.0005725 0.002169 -1 0.005513 -2.869 1.425 -0.309 -1.856 -2.709 -3.414 -4.465 -5.269 -5.425
0.0048313 -0.5 9.39794 1.444537878 2.534113006 1.4 3.096 3.5938 0.815 7 0 0.356 33.4 21.25 14.38 11.1 9.05 3 -2.85e-08 0 0.7169 0.2776 0.0005797 0.0005735 0.002169 -1 0.00553 -2.969 1.466 -0.332 -1.907 -2.779 -3.502 -4.572 -5.387 -5.55
0.0048313 -0.5 9.39794 1.444555044 2.534114548 1.397 3.136 3.59 0.759 7 0 0.356 37.43 23.51 15.84 12.25 9.99 2 -3.46e-08 0 0.7169 0.2776 0.0005791 0.0005743 0.002169 -1 0.005531 -3.07 1.509 -0.354 -1.958 -2.85 -3.591 -4.68 -5.507 -5.675
0.0048313 -0.5 9.39794 1.444570303 2.534115919 1.395 3.175 3.5863 0.704 7 0 0.356 41.84 25.95 17.4 13.48 10.99 2 -4.16e-08 0 0.7169 0.2776 0.0005786 0.0005749 0.002169 -1 0.005531 -3.168 1.548 -0.371 -2.001 -2.912 -3.676 -4.784 -5.623 -5.797
0.0048313 -0.5 9.39794 1.444585919 2.534117322 1.391 3.214 3.5824 0.649 7 0 0.355 46.79 28.65 19.13 14.84 12.1 2 -4.94e-08 0 0.7169 0.2776 0.0005784 0.0005752 0.002169 -1 0.005531 -3.265 1.592 -0.383 -2.04 -2.971 -3.759 -4.888 -5.739 -5.919
0.0048313 -0.5 9.39794 1.444602609 2.534118821 1.386 3.255 3.5782 0.59 7 0 0.355 52.78 31.88 21.18 16.46 13.43 2 -6.01e-08 0 0.7169 0.2776 0.0005783 0.0005752 0.002169 -1 0.005531 -3.367 1.638 -0.39 -2.075 -3.029 -3.846 -4.999 -5.862 -6.049
0.0048313 -0.5 9.39794 1.444610477 2.534119528 1.384 3.29 3.5746 0.539 7 0 0.355 58.47 34.9 23.09 17.97 14.66 2 -7.08e-08 0 0.7169 0.2776 0.0005783 0.0005754 0.002169 -1 0.005531 -3.456 1.671 -0.395 -2.099 -3.074 -3.921 -5.094 -5.968 -6.161
0.0048313 -0.5 9.39794 1.44461453 2.534119892 1.383 3.284 3.5749 0.546 7 0 0.355 57.64 34.46 22.81 17.75 14.48 2 -6.89e-08 0 0.7168 0.2776 0.0005773 0.0005767 0.002168 -1 0.005552 -3.44 1.673 -0.388 -2.09 -3.063 -3.907 -5.078 -5.951 -6.143
0.0048313 -0.5 9.39794 1.444615006 2.534119934 1.382 3.293 3.574 0.534 7 0 0.355 59.1 35.23 23.3 18.14 14.8 2 -7.14e-08 0 0.7168 0.2776 0.0005769 0.0005772 0.002168 -1 0.005567 -3.462 1.681 -0.389 -2.096 -3.074 -3.925 -5.101 -5.977 -6.171
0.0048313 -0.5 9.39794 1.444615126 2.534119945 1.382 3.294 3.5739 0.533 7 0 0.355 59.25 35.32 23.35 18.18 14.83 2 -7.17e-08 0 0.7168 0.2776 0.0005769 0.0005772 0.002168 -1 0.005569 -3.464 1.682 -0.389 -2.096 -3.075 -3.927 -5.104 -5.98 -6.174
0.0048313 -0.5 9.39794 1.444615245 2.534119956 1.382 3.296 3.5737 0.529 7 0 0.355 59.7 35.55 23.5 18.3 14.93 2 -7.24e-08 0 0.7168 0.2776 0.0005768 0.0005774 0.002168 -1 0.005573 -3.471 1.685 -0.389 -2.098 -3.078 -3.933 -5.111 -5.988 -6.182
0.0048313 -0.5 9.39794 1.444615364 2.534119967 1.382 3.293 3.574 0.534 7 0 0.355 59.08 35.22 23.29 18.13 14.8 2 -7.13e-08 0 0.7168 0.2776 0.0005767 0.0005774 0.002168 -1 0.005575 -3.462 1.681 -0.389 -2.096 -3.074 -3.925 -5.101 -5.977 -6.17
0.0048313 -0.5 9.39794 1.444615483 2.534119977 1.382 3.284 3.575 0.547 7 0 0.355 57.54 34.41 22.78 17.72 14.46 2 -6.85e-08 0 0.7168 0.2776 0.0005767 0.0005774 0.002168 -1 0.005575 -3.439 1.672 -0.388 -2.089 -3.062 -3.906 -5.076 -5.949 -6.141
0.0048313 -0.5 9.39794 1.444615603 2.534119988 1.382 3.27 3.5764 0.566 7 0 0.355 55.3 33.22 22.03 17.13 13.98 2 -6.46e-08 0 0.7168 0.2776 0.0005767 0.0005775 0.002168 -1 0.005575 -3.405 1.659 -0.387 -2.08 -3.045 -3.877 -5.039 -5.908 -6.098
0.0048313 -0.5 9.39794 1.444615722 2.534119999 1.382 3.261 3.5774 0.579 7 0 0.355 53.86 32.45 21.54 16.75 13.66 2 -6.21e-08 0 0.7168 0.2776 0.0005767 0.0005775 0.002168 -1 0.005575 -3.382 1.65 -0.386 -2.074 -3.034 -3.857 -5.014 -5.881 -6.069
0.0048313 -0.5 9.39794 1.444616079 2.534120031 1.382 3.233 3.5802 0.618 7 0 0.355 49.75 30.25 20.14 15.64 12.76 2 -5.51e-08 0 0.7168 0.2776 0.0005767 0.0005775 0.002168 -1 0.005575 -3.313 1.624 -0.383 -2.055 -2.999 -3.8 -4.94 -5.798 -5.982
0.0048313 -0.5 9.39794 1.44461751 2.534120159 1.382 3.228 3.5809 0.626 7 0 0.354 48.96 29.82 19.87 15.43 12.59 2 -5.41e-08 0 0.7168 0.2776 0.0005767 0.0005775 0.002168 -1 0.005575 -3.3 1.613 -0.384 -2.052 -2.992 -3.789 -4.926 -5.782 -5.964
0.0048313 -0.5 9.39794 1.444618583 2.534120256 1.381 3.253 3.5783 0.59 7 0 0.354 52.67 31.82 21.14 16.43 13.4 2 -6.07e-08 0 0.7168 0.2776 0.0005767 0.0005775 0.002168 -1 0.005575 -3.364 1.638 -0.39 -2.073 -3.027 -3.843 -4.995 -5.858 -6.044
0.0048313 -0.5 9.39794 1.444619536 2.534120341 1.381 3.287 3.5749 0.542 7 0 0.354 58.09 34.7 22.96 17.87 14.58 2 -7.08e-08 0 0.7168 0.2776 0.0005766 0.0005775 0.002168 -1 0.005575 -3.449 1.669 -0.394 -2.097 -3.071 -3.915 -5.086 -5.96 -6.152
0.0048313 -0.5 9.39794 1.444620728 2.534120448 1.381 3.316 3.5719 0.502 7 0 0.354 63.11 37.34 24.63 19.19 15.66 2 -7.99e-08 0 0.7168 0.2776 0.0005766 0.0005775 0.002168 -1 0.005575 -3.52 1.696 -0.397 -2.117 -3.107 -3.976 -5.164 -6.046 -6.243
0.0048313 -0.5 9.39794 1.44462204 2.534120566 1.38 3.348 3.5686 0.456 7 0 0.354 69.25 40.54 26.64 20.78 16.96 2 -9.22e-08 0 0.7168 0.2776 0.0005766 0.0005777 0.002168 -1 0.005575 -3.6 1.729 -0.391 -2.129 -3.14 -4.042 -5.251 -6.142 -6.345
0.0048313 -0.5 9.39794 1.444623589 2.534120705 1.379 3.382 3.5649 0.407 7 0 0.354 76.46 44.26 28.97 22.63 18.47 2 -1.07e-07 0 0.7168 0.2776 0.0005765 0.0005778 0.002168 -1 0.005575 -3.685 1.76 -0.378 -2.132 -3.168 -4.111 -5.344 -6.244 -6.453
0.0048313 -0.5 9.39794 1.444625378 2.534120866 1.378 3.415 3.5613 0.359 7 0.544 0.354 84.31 48.26 31.46 24.61 20.09 2 -1.24e-07 0 0.7168 0.2776 0.0005764 0.0005779 0.002168 -1 0.005575 -3.767 1.789 -0.363 -2.133 -3.194 -4.178 -5.435 -6.345 -6.559
0.0048313 -0.5 9.39794 1.444628119 2.534121112 1.376 3.45 3.5571 0.307 7 0.544 0.354 93.77 53.02 34.42 26.96 22.02 2 -1.44e-07 0 0.7168 0.2776 0.0005764 0.0005779 0.002168 -1 0.005575 -3.855 1.82 -0.334 -2.115 -3.207 -4.246 -5.534 -6.453 -6.674
0.0048313 -0.5 9.39794 1.444632173 2.534121476 1.373 3.478 3.5538 0.265 7 0.543 0.354 102.19 57.2 37.01 29.02 23.71 2 -1.64e-07 0 0.7168 0.2776 0.0005764 0.0005779 0.002168 -1 0.005575 -3.925 1.846 -0.306 -2.091 -3.21 -4.299 -5.612 -6.539 -6.765
0.0048313 -0.5 9.39794 1.444633603 2.534121605 1.372 3.487 3.5527 0.251 7 0.542 0.354 105.08 58.63 37.89 29.72 24.28 1 -1.71e-07 0 0.7168 0.2776 0.0005764 0.000578 0.002168 -1 0.005575 -3.947 1.855 -0.296 -2.084 -3.211 -4.316 -5.637 -6.566 -6.795
0.0048313 -0.5 9.39794 1.444633722 2.534121616 1.372 3.487 3.5527 0.251 8 0.542 0.373 105.08 58.63 37.89 29.72 24.28 2 -1.71e-07 0 0.7168 0.2782 0.0006094 0.0005784 0.002175 -1 0.005001 -3.947 1.855 -0.296 -2.084 -3.211 -4.316 -5.637 -6.566 -6.795
0.0048313 -0.5 9.39794 1.44463408 2.534121648 1.371 3.29 3.573 0.53 8 0.542 0.374 59.5 35.44 23.42 18.24 14.88 2 -7.26e-08 0 0.7168 0.2782 0.0006094 0.0005784 0.002175 -1 0.005001 -3.454 1.714 -0.361 -2.071 -3.054 -3.914 -5.095 -5.974 -6.169
0.0048313 -0.5 9.39794 1.444634318 2.534121669 1.371 3.203 3.582 0.653 8 0.542 0.374 46.28 28.38 18.94 14.7 11.99 2 -4.93e-08 0 0.7168 0.2782 0.0006094 0.0005784 0.002175 -1 0.005001 -3.237 1.626 -0.349 -2.007 -2.94 -3.73 -4.861 -5.713 -5.893
0.0048313 -0.5 9.39794 1.444635272 2.534121755 1.371 2.988 3.6042 0.956 8 0.542 0.374 24.9 16.39 11.22 8.64 7.03 3 -1.85e-08 0 0.7168 0.2782 0.0006094 0.0005784 0.002175 -1 0.005001 -2.7 1.35 -0.271 -1.77 -2.59 -3.265 -4.283 -5.065 -5.212
0.0048313 -0.5 9.39794 1.444636464 2.534121862 1.37 2.994 3.6035 0.947 8 0.542 0.374 25.37 16.67 11.4 8.78 7.15 3 -1.91e-08 0 0.7168 0.2782 0.0006094 0.0005784 0.002175 -1 0.005001 -2.714 1.363 -0.271 -1.775 -2.6 -3.278 -4.299 -5.083 -5.232
0.0048313 -0.5 9.39794 1.444638133 2.534122012 1.368 3.087 3.5936 0.814 8 0.543 0.374 33.29 21.2 14.34 11.08 9.03 3 -2.94e-08 0 0.7168 0.2782 0.0006094 0.0005784 0.002175 -1 0.005001 -2.948 1.494 -0.307 -1.883 -2.756 -3.48 -4.55 -5.366 -5.529
0.0048313 -0.5 9.39794 1.444640279 2.534122205 1.367 3.234 3.578 0.603 8 0.543 0.374 51.11 30.98 20.6 16.01 13.06 2 -5.74e-08 0 0.7168 0.2782 0.0006094 0.0005784 0.002175 -1 0.005002 -3.316 1.68 -0.341 -2.022 -2.976 -3.794 -4.947 -5.812 -5.998
0.0048313 -0.5 9.39794 1.444642782 2.534122429 1.365 3.366 3.5641 0.416 8 0.543 0.374 74.98 43.48 28.48 22.25 18.16 2 -1.03e-07 0 0.7168 0.2782 0.0006094 0.0005784 0.002175 -1 0.005002 -3.644 1.806 -0.325 -2.076 -3.116 -4.067 -5.305 -6.208 -6.417
0.0048313 -0.5 9.39794 1.444645762 2.534122697 1.362 3.453 3.5547 0.29 8 0.543 0.374 96.87 54.54 35.35 27.71 22.64 2 -1.51e-07 0 0.7168 0.2782 0.0006094 0.0005784 0.002175 -1 0.005002 -3.862 1.869 -0.277 -2.057 -3.167 -4.241 -5.547 -6.472 -6.697
0.0048313 -0.5 9.39794 1.44464922 2.534123008 1.36 3.499 3.5495 0.223 8 0.544 0.374 111.11 61.57 39.69 31.17 25.47 1 -1.85e-07 0 0.7168 0.2782 0.0006095 0.0005784 0.002175 -1 0.005002 -3.977 1.901 -0.238 -2.026 -3.178 -4.329 -5.675 -6.612 -6.845
0.0048313 -0.5 9.39794 1.444653034 2.53412335 1.357 3.519 3.5469 0.191 8 0.544 0.374 118.56 65.2 41.92 32.95 26.93 1 -2.03e-07 0 0.7168 0.2782 0.0006095 0.0005784 0.002175 -1 0.005002 -4.029 1.916 -0.204 -1.989 -3.167 -4.363 -5.734 -6.676 -6.913
0.0048313 -0.5 9.39794 1.444657326 2.534123736 1.354 3.53 3.5453 0.172 8 0.545 0.374 123.11 67.4 43.27 34.03 27.81 1 -2.14e-07 0 0.7168 0.2782 0.0006095 0.0005784 0.002175 -1 0.005002 -4.056 1.929 -0.177 -1.96 -3.154 -4.379 -5.766 -6.711 -6.952
0.0048313 -0.5 9.39794 1.444657564 2.534123757 1.354 3.402 3.5586 0.354 8 0.545 0.374 84.92 48.53 31.62 24.75 20.21 2 -1.23e-07 0 0.7168 0.2782 0.0006096 0.0005784 0.002175 -1 0.005002 -3.735 1.872 -0.27 -2.038 -3.116 -4.134 -5.408 -6.326 -6.544
0.0048313 -0.5 9.39794 1.44465816 2.534123811 1.353 3.254 3.5739 0.562 8 0.545 0.374 55.44 33.28 22.06 17.17 14 2 -6.46e-08 0 0.7168 0.2782 0.0006099 0.0005784 0.002175 -1 0.005002 -3.366 1.755 -0.299 -1.999 -2.976 -3.828 -5.004 -5.882 -6.075
0.0048313 -0.5 9.39794 1.444659352 2.534123918 1.352 3.04 3.5961 0.865 8 0.545 0.374 29.85 19.25 13.07 10.1 8.22 3 -2.46e-08 0 0.7168 0.2782 0.0006104 0.0005785 0.002175 -1 0.005003 -2.83 1.504 -0.246 -1.8 -2.659 -3.37 -4.428 -5.237 -5.395
0.0048313 -0.5 9.39794 1.444660902 2.534124057 1.35 3.046 3.5954 0.856 8 0.545 0.375 30.42 19.57 13.28 10.26 8.36 3 -2.54e-08 0 0.7168 0.2782 0.0006111 0.0005785 0.002175 -1 0.005004 -2.845 1.516 -0.246 -1.805 -2.668 -3.383 -4.444 -5.255 -5.415
0.0048313 -0.5 9.39794 1.444663167 2.53412426 1.348 3.138 3.5856 0.724 8 0.546 0.375 39.8 24.83 16.67 12.92 10.53 2 -3.89e-08 0 0.7168 0.2782 0.0006121 0.0005785 0.002175 -1 0.005005 -3.076 1.639 -0.273 -1.9 -2.813 -3.581 -4.692 -5.534 -5.709
0.0048313 -0.5 9.39794 1.44466579 2.534124496 1.345 3.283 3.5703 0.517 8 0.546 0.376 60.71 36.06 23.81 18.56 15.14 2 -7.46e-08 0 0.7167 0.2783 0.0006133 0.0005785 0.002176 -1 0.005006 -3.437 1.799 -0.289 -2.008 -3.005 -3.886 -5.082 -5.971 -6.169
0.0048313 -0.5 9.39794 1.444669128 2.534124796 1.342 3.412 3.5566 0.333 8 0.546 0.377 88.48 50.31 32.72 25.63 20.93 2 -1.32e-07 0 0.7167 0.2783 0.0006147 0.0005786 0.002176 -1 0.005008 -3.759 1.9 -0.238 -2.009 -3.102 -4.148 -5.438 -6.359 -6.58
0.0048313 -0.5 9.39794 1.444672942 2.534125138 1.338 3.497 3.5474 0.209 8 0.547 0.378 113.78 62.82 40.45 31.79 25.97 1 -1.92e-07 0 0.7167 0.2783 0.0006164 0.0005786 0.002176 -1 0.00501 -3.972 1.949 -0.169 -1.95 -3.122 -4.309 -5.676 -6.617 -6.853
0.0048313 -0.5 9.39794 1.444677353 2.534125535 1.334 3.541 3.5424 0.143 8 0.548 0.379 130.13 70.72 45.28 35.66 29.14 1 -2.34e-07 0 0.7166 0.2784 0.0006184 0.0005787 0.002177 -1 0.005013 -4.083 1.971 -0.112 -1.889 -3.111 -4.386 -5.8 -6.752 -6.997
0.0048313 -0.5 9.39794 1.44468236 2.534125984 1.329 3.561 3.5399 0.112 8 0.548 0.38 138.62 74.76 47.75 37.64 30.76 1 -2.57e-07 0 0.7166 0.2784 0.0006206 0.0005788 0.002177 -1 0.005016 -4.132 1.985 -0.079 -1.854 -3.101 -4.419 -5.856 -6.813 -7.063
0.0048313 -0.5 9.39794 1.444687962 2.534126487 1.324 3.571 3.5385 0.094 8 0.549 0.381 143.72 77.16 49.21 38.81 31.72 1 -2.72e-07 0 0.7165 0.2785 0.0006231 0.0005789 0.002178 -1 0.005019 -4.158 1.995 -0.051 -1.821 -3.086 -4.432 -5.887 -6.846 -7.098
0.0048313 -0.5 9.39794 1.444688201 2.534126509 1.323 3.454 3.5509 0.261 8 0.549 0.382 102.03 57.02 36.86 28.94 23.64 1 -1.65e-07 0 0.7165 0.2785 0.0006233 0.0005789 0.002178 -1 0.005019 -3.865 1.955 -0.179 -1.959 -3.096 -4.225 -5.559 -6.493 -6.723
0.0048313 -0.5 9.39794 1.444688916 2.534126573 1.322 3.308 3.5664 0.469 8 0.549 0.382 66.7 39.17 25.76 20.11 16.41 2 -8.77e-08 0 0.7165 0.2785 0.0006241 0.0005789 0.002178 -1 0.00502 -3.5 1.856 -0.252 -1.986 -3.008 -3.933 -5.154 -6.053 -6.258
0.0048313 -0.5 9.39794 1.444690108 2.53412668 1.321 3.094 3.5891 0.773 8 0.549 0.383 35.81 22.62 15.24 11.81 9.62 2 -3.4e-08 0 0.7165 0.2785 0.0006255 0.0005789 0.002179 -1 0.005022 -2.966 1.624 -0.238 -1.842 -2.737 -3.483 -4.576 -5.408 -5.577
0.0048313 -0.5 9.39794 1.444692016 2.534126851 1.318 3.101 3.5883 0.763 8 0.55 0.384 36.52 23.02 15.5 12.01 9.79 2 -3.51e-08 0 0.7164 0.2785 0.0006276 0.0005788 0.002179 -1 0.005025 -2.982 1.635 -0.237 -1.846 -2.745 -3.496 -4.593 -5.427 -5.597
0.0048313 -0.5 9.39794 1.4446944 2.534127066 1.315 3.191 3.5785 0.632 8 0.55 0.386 47.69 29.12 19.4 15.09 12.3 2 -5.32e-08 0 0.7164 0.2786 0.0006303 0.0005788 0.00218 -1 0.005028 -3.207 1.753 -0.251 -1.923 -2.874 -3.687 -4.837 -5.701 -5.886
0.0048313 -0.5 9.39794 1.44469738 2.534127333 1.312 3.332 3.5633 0.429 8 0.551 0.387 72.23 42.01 27.53 21.53 17.57 2 -9.98e-08 0 0.7163 0.2786 0.0006337 0.0005788 0.00218 -1 0.005032 -3.559 1.894 -0.229 -1.976 -3.018 -3.979 -5.221 -6.127 -6.337
0.0048313 -0.5 9.39794 1.444701076 2.534127665 1.307 3.456 3.5496 0.248 8 0.551 0.39 104.57 58.22 37.59 29.54 24.13 1 -1.73e-07 0 0.7162 0.2787 0.0006377 0.0005788 0.002181 -1 0.005037 -3.871 1.982 -0.146 -1.926 -3.075 -4.223 -5.569 -6.506 -6.738
0.0048313 -0.5 9.39794 1.444705367 2.534128051 1.302 3.539 3.5404 0.127 8 0.552 0.393 133.86 72.37 46.27 36.48 29.81 1 -2.49e-07 0 0.7161 0.2788 0.0006425 0.0005788 0.002182 -1 0.005043 -4.077 2.02 -0.043 -1.816 -3.057 -4.366 -5.799 -6.755 -7.004
0.0048313 -0.5 9.39794 1.444710255 2.53412849 1.295 3.582 3.5354 0.062 8 0.553 0.396 152.75 81.28 51.69 40.83 33.37 1 -3.03e-07 0 0.716 0.2789 0.000648 0.0005788 0.002184 -1 0.00505 -4.184 2.038 0.033 -1.724 -3.026 -4.43 -5.922 -6.886 -7.143
0.0048313 -0.5 9.39794 1.444715738 2.534128982 1.288 3.601 3.533 0.031 8 0.554 0.399 162.64 85.86 54.46 43.07 35.2 1 -3.33e-07 0 0.7159 0.279 0.0006542 0.0005788 0.002185 -1 0.005058 -4.232 2.051 0.077 -1.671 -3.004 -4.456 -5.976 -6.945 -7.206
0.0048313 -0.5 9.39794 1.444721937 2.534129539 1.281 3.611 3.5315 0.013 8 0.555 0.403 168.66 88.61 56.12 44.41 36.3 1 -3.54e-07 0 0.7158 0.2791 0.0006611 0.0005788 0.002187 -1 0.005067 -4.257 2.063 0.107 -1.636 -2.987 -4.467 -6.006 -6.976 -7.24
0.0048313 -0.5 9.39794 1.444722176 2.53412956 1.28 3.507 3.543 0.163 8 0.555 0.404 124.04 67.59 43.33 34.15 27.9 1 -2.28e-07 0 0.7158 0.2792 0.0006618 0.0005788 0.002187 -1 0.005067 -3.996 2.03 -0.051 -1.826 -3.04 -4.304 -5.712 -6.663 -6.906
0.0048313 -0.5 9.39794 1.444722891 2.534129624 1.279 3.363 3.5588 0.369 8 0.555 0.405 81.19 46.53 30.33 23.78 19.4 2 -1.23e-07 0 0.7158 0.2792 0.0006641 0.0005788 0.002187 -1 0.00507 -3.637 1.953 -0.183 -1.947 -3.022 -4.036 -5.309 -6.227 -6.444
0.0048313 -0.5 9.39794 1.444724321 2.534129753 1.277 3.15 3.5821 0.674 8 0.555 0.407 43.38 26.79 17.9 13.92 11.34 2 -4.87e-08 0 0.7157 0.2792 0.0006681 0.0005787 0.002188 -1 0.005075 -3.106 1.736 -0.227 -1.878 -2.81 -3.599 -4.729 -5.581 -5.761
0.0048313 -0.5 9.39794 1.444726348 2.534129935 1.273 3.157 3.5813 0.664 8 0.556 0.411 44.31 27.29 18.22 14.17 11.55 2 -5.05e-08 0 0.7156 0.2793 0.0006739 0.0005787 0.002188 -1 0.005082 -3.121 1.749 -0.225 -1.882 -2.818 -3.612 -4.746 -5.601 -5.782
0.0048313 -0.5 9.39794 1.444728851 2.53413016 1.269 3.245 3.5714 0.534 8 0.556 0.415 57.76 34.46 22.77 17.77 14.49 2 -7.55e-08 0 0.7155 0.2794 0.0006816 0.0005786 0.002189 -1 0.005091 -3.342 1.858 -0.219 -1.931 -2.922 -3.795 -4.985 -5.87 -6.067
0.0048313 -0.5 9.39794 1.444732189 2.53413046 1.263 3.381 3.556 0.335 8 0.557 0.421 86.86 49.35 32.08 25.18 20.55 2 -1.38e-07 0 0.7154 0.2795 0.0006912 0.0005785 0.002191 -1 0.005102 -3.682 1.986 -0.147 -1.916 -3.012 -4.067 -5.362 -6.285 -6.507
0.0048313 -0.5 9.39794 1.444736123 2.534130813 1.256 3.501 3.5422 0.157 8 0.557 0.427 124.92 67.92 43.51 34.32 28.03 1 -2.35e-07 0 0.7153 0.2796 0.0007027 0.0005784 0.002192 -1 0.005116 -3.982 2.06 -0.014 -1.786 -3.007 -4.284 -5.699 -6.652 -6.897
0.0048313 -0.5 9.39794 1.444740772 2.53413123 1.248 3.58 3.533 0.038 8 0.558 0.435 159.29 84.07 53.34 42.21 34.49 1 -3.35e-07 0 0.7151 0.2798 0.0007163 0.0005782 0.002194 -1 0.005132 -4.179 2.097 0.126 -1.62 -2.952 -4.404 -5.924 -6.893 -7.154
0.0048313 -0.5 9.39794 1.444746017 2.534131701 1.24 3.621 3.5279 -0.026 8 0.559 0.444 181.63 94.29 59.51 47.19 38.56 1 -4.07e-07 0 0.7149 0.28 0.0007318 0.0005781 0.002196 -1 0.00515 -4.282 2.119 0.232 -1.489 -2.895 -4.45 -6.043 -7.018 -7.289
0.0048313 -0.5 9.39794 1.444752097 2.534132247 1.229 3.639 3.5253 -0.058 8 0.56 0.455 193.69 99.69 62.74 49.81 40.71 1 -4.5e-07 0 0.7147 0.2802 0.0007495 0.0005779 0.002198 -1 0.005171 -4.328 2.133 0.301 -1.403 -2.854 -4.461 -6.098 -7.075 -7.351
0.0048313 -0.5 9.39794 1.444758773 2.534132847 1.218 3.649 3.5238 -0.078 8 0.561 0.466 201.43 103.08 64.77 51.46 42.06 1 -4.81e-07 0 0.7144 0.2804 0.0007691 0.0005777 0.002201 -1 0.005194 -4.352 2.146 0.347 -1.346 -2.824 -4.464 -6.127 -7.106 -7.385
0.0048313 -0.5 9.39794 1.444759011 2.534132868 1.218 3.559 3.534 0.052 8 0.561 0.467 154.16 81.5 51.75 40.98 33.47 1 -3.32e-07 0 0.7144 0.2804 0.0007706 0.0005777 0.002201 -1 0.005196 -4.129 2.121 0.137 -1.613 -2.932 -4.363 -5.87 -6.837 -7.096
0.0048313 -0.5 9.39794 1.444759727 2.534132932 1.216 3.418 3.5502 0.257 8 0.562 0.47 100.96 56.2 36.29 28.58 23.32 1 -1.83e-07 0 0.7144 0.2804 0.0007755 0.0005777 0.002201 -1 0.005202 -3.775 2.06 -0.071 -1.85 -2.993 -4.132 -5.471 -6.407 -6.639
0.0048313 -0.5 9.39794 1.444761038 2.53413305 1.212 3.207 3.5744 0.565 8 0.562 0.475 53.6 32.23 21.34 16.67 13.58 2 -7.35e-08 0 0.7143 0.2805 0.0007842 0.0005776 0.002202 -1 0.005211 -3.247 1.86 -0.192 -1.89 -2.864 -3.712 -4.885 -5.76 -5.953
0.0048313 -0.5 9.39794 1.444763064 2.534133232 1.208 3.213 3.5735 0.553 8 0.562 0.482 54.87 32.89 21.75 17 13.86 2 -7.66e-08 0 0.7142 0.2806 0.0007967 0.0005775 0.002203 -1 0.005225 -3.263 1.874 -0.186 -1.89 -2.869 -3.724 -4.902 -5.781 -5.975
0.0048313 -0.5 9.39794 1.444765568 2.534133457 1.201 3.299 3.5633 0.424 8 0.563 0.492 71.48 41.48 27.14 21.29 17.36 2 -1.13e-07 0 0.714 0.2807 0.0008134 0.0005774 0.002204 -1 0.005244 -3.478 1.98 -0.145 -1.894 -2.937 -3.897 -5.14 -6.046 -6.256
0.0048313 -0.5 9.39794 1.444768786 2.534133746 1.194 3.43 3.5477 0.228 8 0.563 0.504 106.84 58.99 37.99 29.96 24.45 1 -2.03e-07 0 0.7139 0.2809 0.0008341 0.0005773 0.002206 -1 0.005267 -3.805 2.093 -0.02 -1.797 -2.964 -4.144 -5.507 -6.448 -6.683
0.0048313 -0.5 9.39794 1.444772601 2.534134089 1.185 3.545 3.5338 0.054 8 0.564 0.519 152.78 80.66 51.21 40.58 33.14 1 -3.39e-07 0 0.7137 0.281 0.0008591 0.0005771 0.002207 -1 0.005295 -4.093 2.158 0.177 -1.572 -2.891 -4.325 -5.834 -6.802 -7.061
0.0048313 -0.5 9.39794 1.444777131 2.534134496 1.174 3.621 3.5244 -0.064 8 0.565 0.536 194.34 99.49 62.56 49.75 40.65 1 -4.78e-07 0 0.7134 0.2812 0.0008884 0.0005769 0.00221 -1 0.005327 -4.282 2.195 0.384 -1.313 -2.777 -4.403 -6.055 -7.033 -7.31
0.0048313 -0.5 9.39794 1.444782376 2.534134966 1.162 3.66 3.5191 -0.129 8 0.566 0.556 215.87 111.61 69.8 55.62 45.45 1 -5.81e-07 0 0.7132 0.2815 0.0009221 0.0005767 0.002212 -1 0.005365 -4.38 2.221 0.53 -1.126 -2.689 -4.424 -6.172 -7.155 -7.443
0.0048313 -0.5 9.39794 1.444788217 2.534135491 1.148 3.678 3.5163 -0.163 8 0.567 0.578 226.27 118.36 73.81 58.89 48.13 1 -6.48e-07 0 0.7128 0.2817 0.0009602 0.0005764 0.002215 -1 0.005407 -4.425 2.238 0.629 -0.997 -2.624 -4.413 -6.226 -7.211 -7.504
0.0048313 -0.5 9.39794 1.444794774 2.53413608 1.133 3.688 3.5144 -0.186 8 0.568 0.603 233.13 122.96 76.52 61.12 49.95 1 -7.02e-07 0 0.7125 0.282 0.001003 0.0005761 0.002218 -1 0.005455 -4.449 2.256 0.703 -0.901 -2.572 -4.399 -6.257 -7.243 -7.54
0.0048313 -0.5 9.39794 1.444795012 2.534136101 1.132 3.613 3.5233 -0.076 8 0.568 0.604 197.54 100.87 63.34 50.44 41.21 1 -5.17e-07 0 0.7125 0.2821 0.001005 0.0005761 0.002218 -1 0.005458 -4.263 2.24 0.454 -1.235 -2.719 -4.369 -6.04 -7.019 -7.299
0.0048313 -0.5 9.39794 1.444795728 2.534136166 1.129 3.474 3.5397 0.127 8 0.569 0.609 130.11 69.77 44.54 35.28 28.79 1 -2.91e-07 0 0.7124 0.2821 0.001014 0.0005761 0.002218 -1 0.005466 -3.916 2.19 0.136 -1.633 -2.88 -4.201 -5.64 -6.597 -6.847
0.0048313 -0.5 9.39794 1.44479692 2.534136273 1.124 3.264 3.5647 0.435 8 0.569 0.618 68.71 39.93 26.14 20.54 16.74 2 -1.2e-07 0 0.7124 0.2822 0.001028 0.000576 0.002219 -1 0.005482 -3.39 2.03 -0.092 -1.837 -2.871 -3.816 -5.049 -5.951 -6.159
0.0048313 -0.5 9.39794 1.444798827 2.534136444 1.117 3.271 3.5636 0.422 8 0.569 0.63 70.56 40.85 26.71 21 17.11 2 -1.26e-07 0 0.7122 0.2822 0.001049 0.0005759 0.00222 -1 0.005505 -3.406 2.047 -0.08 -1.829 -2.871 -3.827 -5.068 -5.973 -6.183
0.0048313 -0.5 9.39794 1.444801211 2.534136658 1.107 3.354 3.5532 0.293 8 0.57 0.647 91.97 51.46 33.29 26.27 21.42 1 -1.85e-07 0 0.7121 0.2824 0.001077 0.0005758 0.002221 -1 0.005535 -3.615 2.138 0.004 -1.772 -2.891 -3.987 -5.303 -6.232 -6.459
0.0048313 -0.5 9.39794 1.444804311 2.534136936 1.095 3.479 3.5377 0.101 8 0.57 0.667 136.67 72.63 46.25 36.7 29.95 1 -3.26e-07 0 0.7119 0.2825 0.001112 0.0005756 0.002222 -1 0.005572 -3.928 2.229 0.2 -1.563 -2.835 -4.195 -5.659 -6.62 -6.872
0.0048313 -0.5 9.39794 1.444808006 2.534137268 1.081 3.589 3.5239 -0.07 8 0.571 0.692 192.3 98.56 61.89 49.35 40.3 1 -5.37e-07 0 0.7117 0.2827 0.001154 0.0005754 0.002224 -1 0.005617 -4.203 2.287 0.487 -1.206 -2.68 -4.317 -5.978 -6.957 -7.236
0.0048313 -0.5 9.39794 1.444812298 2.534137654 1.065 3.661 3.5146 -0.186 8 0.572 0.721 228.02 121.03 75.27 60.24 49.21 1 -7.57e-07 0 0.7114 0.2829 0.001203 0.0005752 0.002226 -1 0.00567 -4.383 2.321 0.763 -0.843 -2.512 -4.336 -6.191 -7.177 -7.474
0.0048313 -0.5 9.39794 1.444817185 2.534138092 1.047 3.699 3.5094 -0.251 8 0.573 0.754 250.41 135.64 83.89 67.3 54.98 0 -9.3e-07 0 0.7111 0.2832 0.00126 0.000575 0.002229 -1 0.005731 -4.477 2.345 0.947 -0.598 -2.394 -4.321 -6.303 -7.292 -7.6
0.0048313 -0.5 9.39794 1.444822788 2.534138595 1.027 3.716 3.5067 -0.287 8 0.574 0.791 262.85 144.08 88.83 71.37 58.31 0 -1.09e-06 0.01 0.7107 0.2835 0.001324 0.0005747 0.002231 -1 0.0058 -4.519 2.366 1.048 -0.466 -2.331 -4.301 -6.355 -7.344 -7.658
0.0048313 -0.5 9.39794 1.444828987 2.534139152 1.005 3.725 3.505 -0.313 8 0.576 0.833 271.36 150.07 92.31 74.27 60.68 0 -1.29e-06 0.01 0.7103 0.2838 0.001396 0.0005743 0.002235 -1 0.005877 -4.542 2.389 1.122 -0.372 -2.284 -4.283 -6.384 -7.374 -7.692
0.0048313 -0.5 9.39794 1.444829106 2.534139163 1.003 3.665 3.5118 -0.226 8 0.576 0.834 237.6 128.3 79.48 63.8 52.1 0 -9.22e-07 0 0.7103 0.2838 0.001398 0.0005743 0.002235 -1 0.005879 -4.393 2.381 0.906 -0.669 -2.406 -4.287 -6.21 -7.197 -7.501
0.0048313 -0.5 9.39794 1.444829583 2.534139206 0.997 3.528 3.5272 -0.031 8 0.576 0.837 175.71 89.92 56.59 45.2 36.88 1 -5.31e-07 0 0.7103 0.2838 0.001404 0.0005743 0.002235 -1 0.005885 -4.051 2.363 0.489 -1.227 -2.644 -4.211 -5.814 -6.79 -7.062
0.0048313 -0.5 9.39794 1.444830298 2.53413927 0.987 3.319 3.5515 0.272 8 0.576 0.844 93.92 51.93 33.5 26.55 21.63 1 -2.25e-07 0 0.7103 0.2838 0.001414 0.0005743 0.002235 -1 0.005896 -3.527 2.274 0.142 -1.636 -2.769 -3.89 -5.219 -6.152 -6.382
0.0048313 -0.5 9.39794 1.44483149 2.534139377 0.973 3.324 3.5487 0.249 8 0.576 0.853 98.22 53.91 34.7 27.54 22.43 1 -2.41e-07 0 0.7102 0.2839 0.001429 0.0005742 0.002235 -1 0.005912 -3.54 2.324 0.207 -1.568 -2.724 -3.887 -5.24 -6.179 -6.413
0.0048313 -0.5 9.39794 1.444832921 2.534139505 0.954 3.404 3.5359 0.109 8 0.577 0.864 131.09 69.06 43.94 35.02 28.54 1 -3.56e-07 0 0.7101 0.2839 0.00145 0.0005742 0.002236 -1 0.005933 -3.74 2.431 0.437 -1.309 -2.599 -3.992 -5.475 -6.44 -6.695
0.0048313 -0.5 9.39794 1.444834828 2.534139677 0.931 3.523 3.517 -0.096 8 0.577 0.879 189.21 99.37 62.16 49.85 40.66 1 -6.25e-07 0 0.71 0.284 0.001475 0.0005741 0.002237 -1 0.00596 -4.037 2.549 0.934 -0.684 -2.278 -4.046 -5.835 -6.821 -7.11
0.0048313 -0.5 9.39794 1.444837093 2.53413988 0.905 3.626 3.4994 -0.282 8 0.578 0.897 249.24 138.21 85.13 68.68 56.05 0 -1.03e-06 0.01 0.7099 0.2841 0.001505 0.000574 0.002237 -1 0.005992 -4.296 2.662 1.568 0.156 -1.859 -3.925 -6.154 -7.149 -7.474
0.0048313 -0.5 9.39794 1.444839716 2.534140116 0.874 3.693 3.4867 -0.415 8 0.579 0.918 301.78 174.11 106.06 85.96 70.17 0 -1.59e-06 0.02 0.7098 0.2842 0.001541 0.0005738 0.002238 -1 0.00603 -4.463 2.755 1.969 0.656 -1.627 -3.813 -6.364 -7.361 -7.711
0.0048313 -0.5 9.39794 1.444842696 2.534140383 0.841 3.727 3.4795 -0.494 8 0.579 0.942 283.51 -1 -1 -1 -1 0 -2.58e-06 0.05 0.7096 0.2843 0.001582 0.0005737 0.00224 -1 0.006073 -4.547 2.923 2.231 0.917 -1.494 -3.727 -6.458 -7.46 -7.833
0.0048313 -0.5 9.39794 1.444846153 2.534140693 0.804 3.741 3.4768 -0.538 8 0.58 0.969 261.69 -1 -1 -1 -1 0 -3.43e-06 0 0.7094 0.2845 0.001628 0.0005736 0.002241 -1 0.006122 -4.582 2.693 2.13 0.873 -1.538 -3.771 -6.538 -7.521 -7.879
0.0048313 -0.5 9.39794 1.444849968 2.534141036 0.765 3.747 3.4776 -0.563 8 0.581 0.999 239.28 -1 -1 -1 -1 0 -4.25e-06 0 0.7092 0.2846 0.00168 0.0005734 0.002242 -1 0.006177 -4.598 2.699 2.124 0.856 -1.557 -3.791 -6.553 -7.535 -7.895
0.0048313 -0.5 9.39794 1.44486928 2.53414277 0.585 -9.999 4 1.505 9 0.586 0 0 0 0 0 0 -1 -1e-30 0 0.7085 0.2851 0.001848 0.0005728 0.002247 7.284 0.006354 29.767 29.759 30.016 30.061 30.049 30.042 30.084 30.08 30.096
