# downloaded from PARSEC/CMD via ezpadova
# component=thin4 family=thin_disk component_index=3 logAge=9.397940008672037 MH=0.25 photometric_system=twomass
# Zini MH logAge Mini int_IMF Mass logL logTe logg label McoreTP C_O period0 period1 period2 period3 period4 pmode Mloss tau1m X Y Xc Xn Xo Cexcess Z mbolmag Jmag Hmag Ksmag
0.025095 0.25 9.39794 0.0955969095 1.133236387 0.095 -3.349 3.3621 5.168 0 0 0.545 0 0 0 0 0 -1 -4.75e-17 0 0.68 0.2944 0.004602 0.001242 0.01126 -1 0.0256 13.143 10.99 10.401 10.105
0.025095 0.25 9.39794 0.1054352745 1.214968986 0.105 -3.21 3.3798 5.141 0 0 0.545 0 0 0 0 0 -1 -6.43e-17 0 0.68 0.2944 0.004602 0.001242 0.01126 -1 0.0256 12.796 10.643 10.056 9.758
0.025095 0.25 9.39794 0.1055120975 1.21556776 0.105 -3.209 3.38 5.141 0 0 0.545 0 0 0 0 0 -1 -6.44e-17 0 0.68 0.2944 0.004602 0.001242 0.01126 -1 0.0256 12.793 10.641 10.053 9.755
0.025095 0.25 9.39794 0.121750325 1.330742952 0.121 -3.024 3.402 5.106 0 0 0.545 0 0 0 0 0 -1 -9.57e-17 0 0.6798 0.2946 0.004602 0.001242 0.01126 -1 0.0256 12.329 10.177 9.592 9.291
0.025095 0.25 9.39794 0.1253425032 1.353540291 0.125 -2.986 3.4065 5.099 0 0 0.545 0 0 0 0 0 -1 -1.04e-16 0 0.6798 0.2946 0.004602 0.001242 0.01126 -1 0.0256 12.235 10.083 9.498 9.197
0.025095 0.25 9.39794 0.145172894 1.465702437 0.145 -2.816 3.4251 5.068 1 0 0.545 0 0 0 0 0 -1 -1.48e-16 0 0.6796 0.2948 0.004602 0.001242 0.01126 -1 0.0256 11.811 9.677 9.095 8.794
0.025095 0.25 9.39794 0.1650032997 1.559528955 0.165 -2.682 3.4386 5.043 0 0 0.545 0 0 0 0 0 -1 -1.94e-16 0 0.6795 0.2949 0.004602 0.001242 0.01126 -1 0.0256 11.476 9.371 8.791 8.495
0.025095 0.25 9.39794 0.2046640813 1.709466363 0.204 -2.471 3.4582 5.004 0 0 0.545 0 0 0 0 0 -1 -2.96e-16 0 0.6792 0.2952 0.004602 0.001242 0.01126 -1 0.0256 10.949 8.887 8.308 8.024
0.025095 0.25 9.39794 0.2542400956 1.850971178 0.254 -2.275 3.474 4.966 1 0 0.545 0 0 0 0 0 -1 -4.36e-16 0 0.679 0.2954 0.004602 0.001242 0.01126 -1 0.0256 10.458 8.432 7.85 7.578
0.025095 0.25 9.39794 0.3149630427 1.981943689 0.315 -2.077 3.4885 4.919 1 0 0.545 0 0 0 0 0 -1 -6.51e-16 0 0.6794 0.295 0.004602 0.001242 0.01126 -1 0.0256 9.963 7.972 7.386 7.125
0.025095 0.25 9.39794 0.3372092843 2.021941502 0.337 -2.005 3.4928 4.894 0 0 0.545 0 0 0 0 0 -1 -7.65e-16 0 0.68 0.2944 0.004602 0.001242 0.01126 -1 0.0256 9.783 7.802 7.213 6.956
0.025095 0.25 9.39794 0.3451257646 2.035355647 0.345 -1.98 3.4943 4.885 0 0 0.545 0 0 0 0 0 -1 -8.08e-16 0 0.6802 0.2943 0.004602 0.001242 0.01126 -1 0.0256 9.721 7.743 7.154 6.898
0.025095 0.25 9.39794 0.3533920944 2.048942254 0.353 -1.957 3.4959 4.879 0 0 0.545 0 0 0 0 0 -1 -8.49e-16 0 0.6802 0.2942 0.004602 0.001242 0.01126 -1 0.0256 9.662 7.688 7.098 6.843
0.025095 0.25 9.39794 0.4029681087 2.122572238 0.403 -1.817 3.5074 4.842 0 0 0.545 0 0 0 0 0 -1 -1.14e-15 0 0.6802 0.2942 0.004602 0.001242 0.01126 -1 0.0256 9.313 7.366 6.766 6.521
0.025095 0.25 9.39794 0.4047555029 2.125004321 0.405 -1.812 3.5079 4.84 0 0 0.545 0 0 0 0 0 -1 -1.16e-15 0 0.6802 0.2942 0.004602 0.001242 0.01126 -1 0.0256 9.3 7.353 6.753 6.509
0.025095 0.25 9.39794 0.4165253341 2.140678118 0.416 -1.776 3.511 4.83 0 0 0.545 0 0 0 0 0 -1 -1.25e-15 0 0.6803 0.2941 0.004602 0.001242 0.01126 -1 0.0256 9.211 7.272 6.669 6.427
0.025095 0.25 9.39794 0.4525440931 2.185277485 0.452 -1.673 3.5199 4.798 1 0 0.545 0 0 0 0 0 -1 -1.58e-15 0 0.6803 0.2941 0.004602 0.001242 0.01126 -1 0.0256 8.954 7.039 6.425 6.189
0.025095 0.25 9.39794 0.502120018 2.239628983 0.502 -1.528 3.5335 4.752 1 0 0.545 0 0 0 0 0 -1 -2.22e-15 0 0.6805 0.2939 0.0046 0.001241 0.01126 -1 0.02558 8.589 6.707 6.077 5.849
0.025095 0.25 9.39794 0.5162421465 2.25359361 0.516 -1.483 3.5383 4.739 1 0 0.545 0 0 0 0 0 -1 -2.46e-15 0 0.6818 0.2927 0.004581 0.001236 0.01121 -1 0.02548 8.477 6.607 5.972 5.746
0.025095 0.25 9.39794 0.5516960621 2.285057517 0.551 -1.375 3.5499 4.706 0 0 0.545 0 0 0 0 0 -1 -3.16e-15 0 0.6861 0.2887 0.004523 0.00122 0.01107 -1 0.02516 8.208 6.368 5.72 5.501
0.025095 0.25 9.39794 0.581382513 2.308036784 0.581 -1.28 3.5627 4.685 1 0 0.545 0 0 0 0 0 -1 -3.93e-15 0 0.6867 0.2881 0.004515 0.001218 0.01105 -1 0.02512 7.971 6.168 5.507 5.297
0.025095 0.25 9.39794 0.601271987 2.321981326 0.601 -1.22 3.5709 4.672 1 0 0.545 0 0 0 0 0 -1 -4.51e-15 0 0.687 0.2879 0.004511 0.001217 0.01104 -1 0.02509 7.819 6.041 5.372 5.169
0.025095 0.25 9.39794 0.6228224635 2.335940238 0.623 -1.15 3.5824 4.663 1 0 0.545 0 0 0 0 0 -1 -5.26e-15 0 0.6874 0.2876 0.004506 0.001216 0.01103 -1 0.02505 7.644 5.897 5.219 5.029
0.025095 0.25 9.39794 0.650848031 2.352512732 0.651 -1.062 3.5968 4.652 1 0 0.545 0 0 0 0 0 -1 -6.37e-15 0 0.6879 0.2871 0.0045 0.001214 0.01101 -1 0.025 7.424 5.715 5.032 4.86
0.025095 0.25 9.39794 0.6575416327 2.356231316 0.658 -1.04 3.6006 4.651 1 0 0.545 0 0 0 0 0 -1 -6.67e-15 0 0.688 0.287 0.004499 0.001214 0.01101 -1 0.02499 7.371 5.671 4.988 4.821
0.025095 0.25 9.39794 0.7004240751 2.378128189 0.7 -0.908 3.6243 4.641 1 0 0.545 0 0 0 0 0 -1 -8.87e-15 0 0.6886 0.2864 0.00449 0.001212 0.01099 -1 0.02498 7.04 5.4 4.732 4.595
0.025095 0.25 9.39794 0.7440328002 2.397445761 0.744 -0.771 3.6537 4.647 1 0 0.538 0 0 0 0 0 -1 -1.17e-14 0 0.6891 0.2859 0.004431 0.001208 0.01098 -1 0.02495 6.696 5.138 4.523 4.417
0.025095 0.25 9.39794 0.75 2.399888909 0.75 -0.752 3.6576 4.648 1 0 0.538 0 0 0 0 0 -1 -1.22e-14 0 0.6891 0.2859 0.004424 0.001208 0.01097 -1 0.025 6.651 5.103 4.5 4.397
0.025095 0.25 9.39794 0.7522060275 2.400780843 0.752 -0.746 3.6585 4.646 1 0 0.538 0 0 0 0 0 -1 -1.23e-14 0 0.6892 0.2858 0.004424 0.001208 0.01097 -1 0.02499 6.636 5.091 4.491 4.388
0.025095 0.25 9.39794 0.8000000119 2.418724441 0.8 -0.621 3.6766 4.621 1 0 0.537 0 0 0 0 0 -1 -1.64e-14 0 0.6903 0.2848 0.00441 0.001204 0.01094 -1 0.02487 6.323 4.833 4.293 4.201
0.025095 0.25 9.39794 0.8016739488 2.419308447 0.801 -0.617 3.6773 4.62 1 0 0.537 0 0 0 0 0 -1 -1.66e-14 0 0.6904 0.2848 0.004409 0.001204 0.01094 -1 0.02486 6.312 4.824 4.286 4.194
0.025095 0.25 9.39794 0.8500000238 2.435034684 0.85 -0.493 3.6957 4.595 1 0 0.537 0 0 0 0 0 -1 -2.2e-14 0 0.6916 0.2836 0.004394 0.0012 0.0109 -1 0.02479 6.003 4.575 4.095 4.012
0.025095 0.25 9.39794 0.891078949 2.446871672 0.89 -0.391 3.7104 4.573 1 0 0.537 0 0 0 0 0 -1 -2.79e-14 0 0.6928 0.2825 0.004378 0.001196 0.01086 -1 0.02469 5.748 4.371 3.936 3.859
0.025095 0.25 9.39794 0.8999999762 2.449278602 0.899 -0.37 3.7135 4.568 1 0 0.537 0 0 0 0 0 -1 -2.93e-14 0 0.6931 0.2822 0.004374 0.001195 0.01086 -1 0.02467 5.694 4.328 3.902 3.827
0.025095 0.25 9.39794 0.9022420645 2.449874925 0.902 -0.364 3.7143 4.567 1 0 0.537 0 0 0 0 0 -1 -2.97e-14 0 0.6932 0.2822 0.004373 0.001194 0.01085 -1 0.02467 5.681 4.318 3.893 3.818
0.025095 0.25 9.39794 0.9478933811 2.461314727 0.947 -0.255 3.7292 4.538 1 0 0.537 0 0 0 0 0 -1 -3.86e-14 0 0.6949 0.2806 0.004352 0.001189 0.0108 -1 0.02455 5.408 4.1 3.716 3.648
0.025095 0.25 9.39794 0.9500000477 2.461812201 0.949 -0.25 3.7299 4.537 1 0 0.537 0 0 0 0 0 -1 -3.9e-14 0 0.6949 0.2805 0.004351 0.001189 0.0108 -1 0.02455 5.395 4.09 3.708 3.641
0.025095 0.25 9.39794 0.9866203666 2.470070963 0.986 -0.164 3.7407 4.511 1 0 0.537 0 0 0 0 0 -1 -4.8e-14 0 0.6966 0.2789 0.004329 0.001183 0.01075 -1 0.02443 5.181 3.919 3.564 3.502
0.025095 0.25 9.39794 1 2.472915448 1 -0.134 3.7446 4.502 1 0 0.537 0 0 0 0 0 -1 -5.18e-14 0 0.6973 0.2783 0.004321 0.00118 0.01073 -1 0.02437 5.104 3.859 3.513 3.453
0.025095 0.25 9.39794 1.009974718 2.474979756 1.01 -0.111 3.7473 4.494 1 0 0.537 0 0 0 0 0 -1 -5.4e-14 0 0.6979 0.2778 0.004313 0.001178 0.01071 -1 0.02431 5.046 3.814 3.473 3.416
0.025095 0.25 9.39794 1.041969418 2.481295574 1.041 -0.038 3.7557 4.468 1 0 0.537 0 0 0 0 0 -1 -6.18e-14 0 0.7 0.2758 0.004288 0.001172 0.01065 -1 0.02418 4.864 3.669 3.349 3.295
0.025095 0.25 9.39794 1.049999952 2.482811486 1.049 -0.02 3.7577 4.461 1 0 0.537 0 0 0 0 0 -1 -6.39e-14 0 0.7005 0.2753 0.004281 0.00117 0.01063 -1 0.02413 4.819 3.633 3.317 3.265
0.025095 0.25 9.39794 1.072285891 2.486881926 1.072 0.03 3.763 4.442 1 0 0.537 0 0 0 0 0 -1 -7e-14 0 0.7025 0.2735 0.004256 0.001163 0.01057 -1 0.02402 4.694 3.532 3.228 3.179
0.025095 0.25 9.39794 1.100000024 2.491680148 1.099 0.092 3.7694 4.417 1 0 0.537 0 0 0 0 0 -1 -7.84e-14 0 0.7051 0.271 0.004223 0.001154 0.01049 -1 0.02387 4.54 3.408 3.118 3.072
0.025095 0.25 9.39794 1.127664328 2.496200255 1.127 0.152 3.7751 4.39 1 0 0.537 0 0 0 0 0 -1 -8.74e-14 0 0.7089 0.2675 0.004177 0.001142 0.01038 -1 0.02361 4.389 3.286 3.008 2.965
0.025095 0.25 9.39794 1.149999976 2.499667814 1.149 0.2 3.7795 4.368 1 0 0.536 0 0 0 0 0 -1 -9.54e-14 0 0.7122 0.2644 0.004136 0.001131 0.01028 -1 0.0234 4.269 3.187 2.919 2.878
0.025095 0.25 9.39794 1.200000048 2.50689488 1.199 0.304 3.788 4.317 1 0 0.536 0 0 0 0 0 -1 -1.14e-13 0 0.7183 0.2587 0.00407 0.001113 0.01012 -1 0.02302 4.01 2.971 2.723 2.685
0.025095 0.25 9.39794 1.219909072 2.509583615 1.219 0.342 3.7906 4.296 1 0 0.536 0 0 0 0 0 -1 -1.22e-13 0 0.7198 0.2573 0.004052 0.001109 0.01008 -1 0.02293 3.914 2.888 2.645 2.608
0.025095 0.25 9.39794 1.25 2.513461095 1.25 0.399 3.7941 4.264 1 0 0.535 0 0 0 0 0 -1 -1.34e-13 0 0.722 0.2552 0.004026 0.001102 0.01003 -1 0.0228 3.772 2.765 2.53 2.494
0.025095 0.25 9.39794 1.265628457 2.515391503 1.265 0.428 3.7957 4.247 1 0 0.535 0 0 0 0 0 -1 -1.39e-13 0 0.7218 0.2553 0.004034 0.001104 0.01005 -1 0.02286 3.701 2.702 2.47 2.435
0.025095 0.25 9.39794 1.299999952 2.519449859 1.3 0.488 3.7983 4.209 1 0 0.535 0 0 0 0 0 -1 -1.52e-13 0 0.7215 0.2555 0.00405 0.001108 0.0101 -1 0.02299 3.55 2.564 2.338 2.304
0.025095 0.25 9.39794 1.347720265 2.52469159 1.348 0.568 3.8002 4.152 1 0 0.534 0 0 0 0 0 -1 -1.69e-13 0 0.7218 0.2552 0.004054 0.001108 0.01012 -1 0.023 3.349 2.374 2.152 2.118
0.025095 0.25 9.39794 1.350000024 2.52493136 1.35 0.572 3.8003 4.149 1 0 0.534 0 0 0 0 0 -1 -1.7e-13 0 0.7218 0.2552 0.004054 0.001108 0.01012 -1 0.023 3.34 2.365 2.143 2.109
0.025095 0.25 9.39794 1.367874861 2.526779508 1.368 0.602 3.8007 4.127 1 0 0.534 0 0 0 0 0 -1 -1.76e-13 0 0.7215 0.2554 0.004057 0.001109 0.01014 -1 0.02304 3.265 2.292 2.072 2.038
0.025095 0.25 9.39794 1.399999976 2.52996503 1.4 0.655 3.8009 4.084 1 0 0.533 0 0 0 0 0 -1 -1.87e-13 0 0.721 0.2559 0.004065 0.001112 0.01017 -1 0.02312 3.132 2.16 1.941 1.907
0.025095 0.25 9.39794 1.400910735 2.530052895 1.401 0.657 3.8009 4.083 1 0 0.533 0 0 0 0 0 -1 -1.87e-13 0 0.721 0.2559 0.004065 0.001112 0.01017 -1 0.02312 3.128 2.156 1.937 1.903
0.025095 0.25 9.39794 1.438589454 2.533576078 1.438 0.719 3.8001 4.03 1 0 0.535 0 0 0 0 0 -1 -1.97e-13 0 0.72 0.2569 0.004074 0.001113 0.01016 -1 0.02307 2.974 1.998 1.777 1.743
0.025095 0.25 9.39794 1.450000048 2.534601584 1.45 0.737 3.7996 4.013 1 0 0.535 0 0 0 0 0 -1 -2.01e-13 0 0.7197 0.2572 0.004076 0.001114 0.01016 -1 0.02308 2.927 1.949 1.728 1.693
0.025095 0.25 9.39794 1.461175799 2.53558815 1.461 0.755 3.7988 3.995 1 0 0.535 0 0 0 0 0 -1 -2.02e-13 0 0.7193 0.2575 0.004081 0.001115 0.01017 -1 0.02312 2.884 1.901 1.678 1.643
0.025095 0.25 9.39794 1.486048102 2.537722686 1.486 0.793 3.7965 3.955 1 0 0.535 0 0 0 0 0 -1 -2.05e-13 0 0.7184 0.2584 0.004091 0.001118 0.01019 -1 0.02318 2.788 1.793 1.566 1.53
0.025095 0.25 9.39794 1.5 2.53888446 1.5 0.814 3.7949 3.932 1 0 0.536 0 0 0 0 0 -1 -2.07e-13 0 0.7179 0.2589 0.004098 0.001119 0.0102 -1 0.0232 2.735 1.732 1.502 1.465
0.025095 0.25 9.39794 1.501979232 2.539047261 1.502 0.817 3.7947 3.928 1 0 0.536 0 0 0 0 0 -1 -2.06e-13 0 0.7179 0.2589 0.004098 0.001119 0.0102 -1 0.02321 2.728 1.724 1.493 1.456
0.025095 0.25 9.39794 1.521820664 2.54065244 1.521 0.844 3.7912 3.893 1 0 0.536 0 0 0 0 0 -1 -2.03e-13 0 0.7174 0.2593 0.004102 0.001121 0.01021 -1 0.02327 2.659 1.637 1.399 1.361
0.025095 0.25 9.39794 1.539439321 2.54203798 1.539 0.868 3.7874 3.859 1 0 0.535 0 0 0 0 0 -1 -2e-13 0 0.7167 0.26 0.00411 0.001124 0.01024 -1 0.0233 2.601 1.559 1.314 1.273
0.025095 0.25 9.39794 1.549999952 2.542851132 1.55 0.881 3.7849 3.839 1 0 0.535 0 0 0 0 0 -1 -1.98e-13 0 0.7161 0.2605 0.004117 0.001126 0.01025 -1 0.02333 2.567 1.513 1.262 1.221
0.025095 0.25 9.39794 1.556411028 2.543338589 1.556 0.889 3.7834 3.826 1 0 0.535 0 0 0 0 0 -1 -1.94e-13 0 0.7159 0.2608 0.00412 0.001127 0.01026 -1 0.02333 2.547 1.486 1.231 1.189
0.025095 0.25 9.39794 1.572301745 2.544527134 1.572 0.909 3.7793 3.795 1 0 0.535 0 0 0 0 0 -1 -1.84e-13 0 0.7148 0.2618 0.004133 0.001131 0.01029 -1 0.02341 2.498 1.415 1.152 1.108
0.025095 0.25 9.39794 1.587881565 2.545665904 1.587 0.931 3.7752 3.761 1 0 0.536 0 0 0 0 0 -1 -1.77e-13 0 0.7134 0.2631 0.004152 0.001136 0.01033 -1 0.02349 2.442 1.341 1.068 1.022
0.025095 0.25 9.39794 1.595582724 2.546219367 1.595 0.947 3.7741 3.742 1 0 0.536 0 0 0 0 0 -1 -1.75e-13 0 0.713 0.2635 0.004156 0.001137 0.01034 -1 0.0235 2.403 1.296 1.02 0.974
0.025095 0.25 9.39794 1.599249363 2.546480725 1.599 0.97 3.7765 3.73 1 0 0.536 0 0 0 0 0 -1 -1.82e-13 0 0.713 0.2634 0.004156 0.001136 0.01034 -1 0.02352 2.345 1.249 0.98 0.935
0.025095 0.25 9.39794 1.600000024 2.546534063 1.599 0.975 3.777 3.727 1 0 0.536 0 0 0 0 0 -1 -1.83e-13 0 0.713 0.2634 0.004156 0.001136 0.01034 -1 0.02353 2.332 1.239 0.971 0.926
0.025095 0.25 9.39794 1.601312637 2.546627191 1.601 0.983 3.7779 3.723 1 0 0.536 0 0 0 0 0 -1 -1.84e-13 0 0.713 0.2634 0.004156 0.001136 0.01034 -1 0.02354 2.312 1.223 0.957 0.912
0.025095 0.25 9.39794 1.60387516 2.546808493 1.603 1.017 3.7826 3.708 1 0 0.536 0 0 0 0 0 -1 -1.95e-13 0 0.713 0.2634 0.004157 0.001136 0.01034 -1 0.02352 2.227 1.162 0.907 0.864
0.025095 0.25 9.39794 1.604681134 2.54686538 1.604 1.051 3.7878 3.696 1 0 0.536 0 0 0 0 0 -1 -2.11e-13 0 0.713 0.2635 0.004157 0.001136 0.01034 -1 0.02351 2.143 1.104 0.861 0.82
0.025095 0.25 9.39794 1.605066061 2.546892525 1.604 1.091 3.7935 3.678 1 0 0.536 0 0 0 0 0 -1 -2.35e-13 0 0.713 0.2635 0.004157 0.001136 0.01035 -1 0.02351 2.042 1.032 0.802 0.763
0.025095 0.25 9.39794 1.605247498 2.546905315 1.605 1.124 3.7978 3.662 1 0 0.536 0 0 0 0 0 -1 -2.58e-13 0 0.713 0.2635 0.004157 0.001137 0.01035 -1 0.02351 1.959 0.971 0.751 0.713
0.025095 0.25 9.39794 1.605265379 2.546906575 1.605 1.127 3.7982 3.661 1 0 0.536 0 0 0 0 0 -1 -2.6e-13 0 0.713 0.2635 0.004157 0.001137 0.01035 -1 0.02351 1.952 0.966 0.746 0.709
0.025095 0.25 9.39794 1.60529995 2.546909012 1.605 1.112 3.7968 3.67 1 0 0.536 0 0 0 0 0 -1 -2.5e-13 0 0.713 0.2635 0.004157 0.001137 0.01035 -1 0.02351 1.989 0.996 0.773 0.736
0.025095 0.25 9.39794 1.605380535 2.546914691 1.605 1.082 3.793 3.686 2 0 0.536 0 0 0 0 0 -1 -2.3e-13 0 0.713 0.2635 0.004157 0.001137 0.01035 -1 0.02351 2.065 1.053 0.822 0.783
0.025095 0.25 9.39794 1.605511546 2.546923922 1.605 1.064 3.7849 3.671 2 0 0.536 0 0 0 0 0 -1 -2.23e-13 0 0.713 0.2635 0.004157 0.001137 0.01035 -1 0.02351 2.109 1.055 0.806 0.764
0.025095 0.25 9.39794 1.605750561 2.546940759 1.605 1.071 3.7751 3.624 2 0 0.536 0 0 0 0 0 -1 -2.37e-13 0 0.7126 0.2638 0.004161 0.001138 0.01036 -1 0.02353 2.091 0.989 0.717 0.671
0.025095 0.25 9.39794 1.606161594 2.546969701 1.606 1.067 3.7649 3.589 2 0 0.536 0 0 0 0 0 -1 -2.44e-13 0 0.7099 0.2664 0.004192 0.001146 0.01043 -1 0.0237 2.104 0.953 0.657 0.606
0.025095 0.25 9.39794 1.606797218 2.547014422 1.606 1.045 3.7547 3.569 2 0 0.537 0 0 0 0 0 -1 -2.36e-13 0 0.7011 0.2746 0.004296 0.001174 0.01067 -1 0.02428 2.157 0.96 0.639 0.584
0.025095 0.25 9.39794 1.607429981 2.547058902 1.607 1.018 3.7461 3.562 2 0 0.537 0 0 0 0 0 -1 -2.22e-13 0 0.6955 0.2798 0.004363 0.001192 0.01084 -1 0.02463 2.224 0.99 0.647 0.588
0.025095 0.25 9.39794 1.608060241 2.547103166 1.607 0.987 3.7379 3.561 2 0 0.537 0 0 0 0 0 -1 -2.05e-13 0 0.6919 0.2833 0.004406 0.001203 0.01094 -1 0.02485 2.303 1.035 0.67 0.607
0.025095 0.25 9.39794 1.608687639 2.547147189 1.608 0.955 3.7297 3.56 2 0 0.537 0 0 0 0 0 -1 -1.89e-13 0 0.6893 0.2857 0.004436 0.001212 0.01101 -1 0.02502 2.382 1.082 0.696 0.629
0.025095 0.25 9.39794 1.609312534 2.547190998 1.609 0.93 3.7215 3.553 2 0 0.537 0 0 0 0 0 -1 -1.78e-13 0 0.6872 0.2876 0.004458 0.001218 0.01106 -1 0.02515 2.445 1.114 0.706 0.635
0.025095 0.25 9.39794 1.610141396 2.547249045 1.61 0.923 3.7116 3.52 2 0 0.536 0 0 0 0 0 -1 -1.79e-13 0 0.6849 0.2899 0.00447 0.001226 0.01112 -1 0.02523 2.462 1.095 0.659 0.583
0.025095 0.25 9.39794 1.610862851 2.547299515 1.61 0.942 3.7039 3.47 2 0 0.531 0 0 0 0 0 -1 -1.95e-13 0 0.6826 0.2921 0.004448 0.001243 0.01115 -1 0.02534 2.414 1.02 0.562 0.483
0.025095 0.25 9.39794 1.610964298 2.547306607 1.61 0.95 3.7031 3.46 2 0 0.524 0 0 0 0 0 -1 -2e-13 0 0.6821 0.2925 0.004389 0.001303 0.01116 -1 0.02536 2.396 0.999 0.539 0.459
0.025095 0.25 9.39794 1.611572027 2.547349074 1.611 0.995 3.6983 3.395 3 0 0.478 0 0 0 0 0 -1 -2.37e-13 0 0.6793 0.2952 0.004017 0.001695 0.01118 -1 0.0255 2.281 0.868 0.394 0.311
0.025095 0.25 9.39794 1.612077236 2.54738435 1.611 1.041 3.6949 3.336 3 0 0.438 0 0 0 0 0 -1 -2.8e-13 0 0.6767 0.2977 0.003682 0.002105 0.01119 -1 0.02559 2.167 0.741 0.258 0.173
0.025095 0.25 9.39794 1.61248076 2.547412507 1.612 1.081 3.6924 3.286 3 0 0.415 0 0 0 0 0 -1 -3.23e-13 0 0.6746 0.2997 0.003491 0.002344 0.0112 -1 0.02565 2.067 0.633 0.142 0.056
0.025095 0.25 9.39794 1.61296463 2.547446249 1.612 1.132 3.6896 3.224 3 0 0.398 0 0 0 0 0 -1 -3.88e-13 0 0.6725 0.3019 0.00335 0.002524 0.01121 -1 0.02568 1.94 0.496 -0.003 -0.091
0.025095 0.25 9.39794 1.613330007 2.547471712 1.613 1.172 3.6875 3.176 3 0 0.389 0 0 0 0 0 -1 -4.47e-13 0 0.671 0.3033 0.003281 0.002615 0.01122 -1 0.02568 1.84 0.39 -0.115 -0.205
0.025095 0.25 9.39794 1.613685965 2.547496507 1.613 1.211 3.6854 3.128 3 0 0.383 0 0 0 0 0 -1 -5.15e-13 0 0.6697 0.3046 0.003234 0.002684 0.01123 -1 0.02572 1.742 0.285 -0.227 -0.318
0.025095 0.25 9.39794 1.614034057 2.547520741 1.613 1.25 3.6833 3.081 3 0 0.379 0 0 0 0 0 -1 -5.9e-13 0 0.6685 0.3058 0.0032 0.002741 0.01124 -1 0.02578 1.645 0.181 -0.336 -0.428
0.025095 0.25 9.39794 1.614465833 2.547550785 1.614 1.297 3.6808 3.024 3 0 0.376 0 0 0 0 0 -1 -6.98e-13 0 0.6667 0.3075 0.003168 0.002806 0.01122 -1 0.02581 1.527 0.055 -0.469 -0.563
0.025095 0.25 9.39794 1.614896894 2.547580761 1.614 1.343 3.6784 2.968 3 0 0.374 0 0 0 0 0 -1 -8.22e-13 0 0.6647 0.3095 0.003142 0.002868 0.01118 -1 0.02583 1.412 -0.068 -0.599 -0.695
0.025095 0.25 9.39794 1.61532712 2.54761066 1.615 1.389 3.6759 2.912 3 0 0.373 0 0 0 0 0 -1 -9.69e-13 0 0.6628 0.3113 0.003122 0.002922 0.01114 -1 0.02585 1.297 -0.19 -0.729 -0.827
0.025095 0.25 9.39794 1.615828633 2.54764549 1.615 1.444 3.6729 2.846 3 0 0.373 0 0 0 0 0 -1 -1.18e-12 0 0.6613 0.3129 0.003106 0.002969 0.0111 -1 0.02585 1.161 -0.335 -0.884 -0.984
0.025095 0.25 9.39794 1.616178989 2.547669808 1.616 1.482 3.6706 2.798 3 0 0.372 0 0 0 0 0 -1 -1.35e-12 0 0.6605 0.3137 0.003098 0.002994 0.01108 -1 0.02583 1.064 -0.439 -0.994 -1.096
0.025095 0.25 9.39794 1.616549849 2.547695536 1.616 1.525 3.6682 2.747 3 0 0.372 0 0 0 0 0 -1 -1.58e-12 0 0.6599 0.3143 0.003092 0.003012 0.01107 -1 0.0258 0.959 -0.551 -1.113 -1.217
0.025095 0.25 9.39794 1.616969585 2.547724638 1.616 1.573 3.6653 2.687 3 0 0.372 0 0 0 0 0 -1 -1.88e-12 0 0.6595 0.3147 0.003088 0.003024 0.01106 -1 0.02582 0.837 -0.681 -1.252 -1.358
0.025095 0.25 9.39794 1.617287755 2.547746686 1.617 1.611 3.663 2.64 3 0 0.372 0 0 0 0 0 -1 -2.15e-12 0 0.6594 0.3148 0.003087 0.003028 0.01106 -1 0.0258 0.743 -0.781 -1.359 -1.468
0.025095 0.25 9.39794 1.617635369 2.547770763 1.617 1.652 3.6604 2.588 3 0 0.372 0 0 0 0 0 -1 -2.5e-12 0 0.6593 0.3149 0.003086 0.003029 0.01106 -1 0.02581 0.639 -0.893 -1.479 -1.589
0.025095 0.25 9.39794 1.617966652 2.547793698 1.617 1.692 3.6579 2.538 3 0 0.372 0 0 0 0 0 -1 -2.89e-12 0 0.6593 0.3149 0.003086 0.00303 0.01105 -1 0.02582 0.539 -0.999 -1.593 -1.706
0.025095 0.25 9.39794 1.61828661 2.547815839 1.618 1.73 3.6555 2.491 3 0 0.372 0 0 0 0 0 -1 -3.31e-12 0 0.6593 0.3149 0.003086 0.003031 0.01105 -1 0.02582 0.445 -1.1 -1.701 -1.816
0.025095 0.25 9.39794 1.618595123 2.547837179 1.618 1.765 3.6532 2.447 3 0 0.372 0 0 0 0 0 -1 -3.76e-12 0 0.6593 0.3149 0.003086 0.003031 0.01105 -1 0.02582 0.357 -1.195 -1.802 -1.919
0.025095 0.25 9.39794 1.618932843 2.547860527 1.618 1.801 3.6509 2.402 3 0 0.372 0 0 0 0 0 -1 -4.28e-12 0 0.6593 0.3149 0.003086 0.003031 0.01105 -1 0.02582 0.268 -1.291 -1.904 -2.024
0.025095 0.25 9.39794 1.619416952 2.547893977 1.619 1.84 3.6484 2.353 3 0 0.372 0 0 0 0 0 -1 -4.94e-12 0 0.6593 0.3149 0.003085 0.003032 0.01105 -1 0.02582 0.171 -1.395 -2.016 -2.138
0.025095 0.25 9.39794 1.619553685 2.547903421 1.619 1.848 3.6479 2.343 3 0 0.372 0 0 0 0 0 -1 -5.1e-12 0 0.6593 0.3149 0.003085 0.003032 0.01105 -1 0.02582 0.151 -1.417 -2.039 -2.162
0.025095 0.25 9.39794 1.619960189 2.547931485 1.619 1.811 3.6504 2.39 3 0 0.372 0 0 0 0 0 -1 -4.46e-12 0 0.6593 0.3149 0.003085 0.003033 0.01105 -1 0.02582 0.242 -1.318 -1.933 -2.053
0.025095 0.25 9.39794 1.620126486 2.547942962 1.619 1.778 3.6527 2.432 3 0 0.372 0 0 0 0 0 -1 -3.94e-12 0 0.6593 0.3149 0.003085 0.003033 0.01105 -1 0.02582 0.324 -1.229 -1.838 -1.956
0.025095 0.25 9.39794 1.62028718 2.547954049 1.62 1.734 3.6557 2.488 3 0 0.372 0 0 0 0 0 -1 -3.33e-12 0 0.6593 0.3149 0.003085 0.003034 0.01105 -1 0.02582 0.436 -1.109 -1.709 -1.824
0.025095 0.25 9.39794 1.620403528 2.547962075 1.62 1.698 3.6581 2.534 3 0 0.372 0 0 0 0 0 -1 -2.9e-12 0 0.6593 0.3149 0.003085 0.003034 0.01105 -1 0.02582 0.526 -1.012 -1.605 -1.717
0.025095 0.25 9.39794 1.620526791 2.547970576 1.62 1.659 3.6607 2.584 3 0 0.372 0 0 0 0 0 -1 -2.5e-12 0 0.6593 0.3149 0.003085 0.003034 0.01105 -1 0.02582 0.624 -0.907 -1.492 -1.602
0.025095 0.25 9.39794 1.62066102 2.547979832 1.62 1.618 3.6634 2.635 3 0 0.372 0 0 0 0 0 -1 -2.14e-12 0 0.6593 0.3149 0.003085 0.003034 0.01105 -1 0.02582 0.725 -0.799 -1.375 -1.483
0.025095 0.25 9.39794 1.620805383 2.547989785 1.62 1.581 3.6658 2.682 3 0 0.372 0 0 0 0 0 -1 -1.86e-12 0 0.6593 0.3149 0.003085 0.003034 0.01105 -1 0.02582 0.818 -0.698 -1.267 -1.373
0.025095 0.25 9.39794 1.620905757 2.547996704 1.62 1.561 3.6672 2.708 3 0 0.372 0 0 0 0 0 -1 -1.71e-12 0 0.6593 0.3149 0.003084 0.003034 0.01105 -1 0.02582 0.869 -0.644 -1.209 -1.314
0.025095 0.25 9.39794 1.621103168 2.548010309 1.62 1.587 3.6655 2.675 3 0 0.372 0 0 0 0 0 -1 -1.86e-12 0 0.6593 0.3149 0.003084 0.003035 0.01105 -1 0.02582 0.802 -0.715 -1.285 -1.392
0.025095 0.25 9.39794 1.621556759 2.548041555 1.621 1.638 3.6623 2.61 3 0 0.372 0 0 0 0 0 -1 -2.23e-12 0 0.6593 0.3149 0.003084 0.003035 0.01105 -1 0.02582 0.674 -0.853 -1.432 -1.541
0.025095 0.25 9.39794 1.62202251 2.548073617 1.621 1.683 3.6595 2.555 3 0 0.372 0 0 0 0 0 -1 -2.62e-12 0 0.6593 0.3149 0.003084 0.003036 0.01105 -1 0.02582 0.563 -0.972 -1.56 -1.671
0.025095 0.25 9.39794 1.622505188 2.548106822 1.622 1.728 3.6566 2.498 3 0 0.372 0 0 0 0 0 -1 -3.08e-12 0 0.6593 0.3149 0.003084 0.003037 0.01105 -1 0.02582 0.45 -1.092 -1.69 -1.804
0.025095 0.25 9.39794 1.622972846 2.548138973 1.622 1.772 3.6538 2.444 3 0 0.372 0 0 0 0 0 -1 -3.61e-12 0 0.6593 0.3149 0.003083 0.003038 0.01105 -1 0.02582 0.341 -1.21 -1.815 -1.932
0.025095 0.25 9.39794 1.623426914 2.548170169 1.623 1.814 3.651 2.39 3 0 0.372 0 0 0 0 0 -1 -4.21e-12 0 0.6593 0.3149 0.003083 0.003038 0.01105 -1 0.02582 0.234 -1.325 -1.938 -2.058
0.025095 0.25 9.39794 1.623873949 2.548200861 1.623 1.857 3.6481 2.335 3 0 0.372 0 0 0 0 0 -1 -4.91e-12 0 0.6593 0.3149 0.003083 0.003039 0.01105 -1 0.02582 0.127 -1.44 -2.061 -2.184
0.025095 0.25 9.39794 1.624303341 2.548230325 1.623 1.9 3.6452 2.281 3 0 0.372 0 0 0 0 0 -1 -5.74e-12 0 0.6593 0.3149 0.003083 0.00304 0.01105 -1 0.02582 0.02 -1.555 -2.184 -2.31
0.025095 0.25 9.39794 1.624718547 2.548258798 1.624 1.943 3.6423 2.227 3 0 0.372 0 0 0 0 0 -1 -6.71e-12 0 0.6593 0.3149 0.003083 0.00304 0.01105 -1 0.02582 -0.088 -1.671 -2.308 -2.437
0.025095 0.25 9.39794 1.625106216 2.548285367 1.624 1.985 3.6394 2.173 3 0 0.372 0 0 0 0 0 -1 -7.82e-12 0 0.6593 0.3149 0.003082 0.003041 0.01105 -1 0.02583 -0.193 -1.784 -2.429 -2.562
0.025095 0.25 9.39794 1.625475168 2.54831064 1.625 2.027 3.6365 2.119 3 0 0.372 0 0 0 0 0 -1 -9.12e-12 0 0.6593 0.3149 0.003082 0.003041 0.01105 -1 0.02583 -0.298 -1.896 -2.55 -2.686
0.025095 0.25 9.39794 1.625826836 2.548334717 1.625 2.07 3.6335 2.065 3 0 0.372 0 0 0 0 0 -1 -1.06e-11 0 0.6593 0.3149 0.003082 0.003042 0.01105 -1 0.02583 -0.404 -2.01 -2.671 -2.812
0.025095 0.25 9.39794 1.626148224 2.54835671 1.625 2.11 3.6306 2.013 3 0 0.372 0 0 0 0 0 -1 -1.24e-11 0 0.6593 0.3149 0.003082 0.003042 0.01104 -1 0.02583 -0.506 -2.119 -2.789 -2.933
0.025095 0.25 9.39794 1.626455188 2.548377707 1.626 2.152 3.6276 1.96 3 0 0.372 0 0 0 0 0 -1 -1.44e-11 0 0.6593 0.3149 0.003082 0.003043 0.01104 -1 0.02583 -0.609 -2.229 -2.903 -3.053
0.025095 0.25 9.39794 1.626737952 2.548397041 1.626 2.192 3.6247 1.908 3 0 0.372 0 0 0 0 0 -1 -1.67e-11 0 0.6592 0.3149 0.003081 0.003043 0.01104 -1 0.02583 -0.71 -2.336 -3.012 -3.169
0.025095 0.25 9.39794 1.627008557 2.548415536 1.626 2.233 3.6216 1.855 3 0 0.372 0 0 0 0 0 -1 -1.95e-11 0 0.6592 0.3149 0.003081 0.003044 0.01104 -1 0.02583 -0.812 -2.445 -3.124 -3.287
0.025095 0.25 9.39794 1.627257585 2.54843255 1.626 2.273 3.6187 1.803 3 0 0.372 0 0 0 0 0 -1 -2.26e-11 0 0.6592 0.3149 0.003081 0.003044 0.01104 -1 0.02583 -0.913 -2.551 -3.233 -3.403
0.025095 0.25 9.39794 1.627492428 2.548448589 1.626 2.313 3.6156 1.75 3 0 0.372 0 0 0 0 0 -1 -2.62e-11 0 0.6592 0.3149 0.003081 0.003044 0.01104 -1 0.02583 -1.013 -2.657 -3.342 -3.52
0.025095 0.25 9.39794 1.62770772 2.548463288 1.627 2.352 3.6126 1.699 3 0 0.372 0 0 0 0 0 -1 -3.04e-11 0 0.6592 0.3149 0.003081 0.003045 0.01104 -1 0.02583 -1.111 -2.761 -3.45 -3.634
0.025095 0.25 9.39794 1.62791419 2.548477381 1.627 2.392 3.6095 1.647 3 0 0.372 0 0 0 0 0 -1 -3.53e-11 0 0.6592 0.3149 0.003081 0.003045 0.01104 -1 0.02583 -1.211 -2.867 -3.559 -3.751
0.025095 0.25 9.39794 1.628100634 2.548490103 1.627 2.431 3.6066 1.597 3 0 0.372 0 0 0 0 0 -1 -4.08e-11 0 0.6592 0.3149 0.003081 0.003045 0.01104 -1 0.02583 -1.307 -2.969 -3.664 -3.863
0.025095 0.25 9.39794 1.628279328 2.548502294 1.627 2.47 3.6035 1.545 3 0 0.372 0 0 0 0 0 -1 -4.72e-11 0 0.6592 0.3149 0.003081 0.003046 0.01104 -1 0.02583 -1.405 -3.073 -3.772 -3.978
0.025095 0.25 9.39794 1.628443837 2.548513514 1.627 2.508 3.6004 1.495 3 0 0.372 8.89 6.47 4.63 3.5 2.85 4 -5.46e-11 0 0.6592 0.3149 0.003081 0.003046 0.01104 -1 0.02583 -1.501 -3.174 -3.878 -4.091
0.025095 0.25 9.39794 1.628596067 2.548523894 1.627 2.546 3.5973 1.445 3 0 0.372 9.84 7.08 5.05 3.82 3.11 4 -6.3e-11 0 0.6592 0.3149 0.003081 0.003046 0.01104 -1 0.02583 -1.595 -3.276 -3.987 -4.206
0.025095 0.25 9.39794 1.628741145 2.548533784 1.627 2.584 3.5942 1.394 3 0 0.372 10.9 7.76 5.51 4.17 3.4 4 -7.28e-11 0 0.6592 0.3149 0.00308 0.003046 0.01104 -1 0.02583 -1.69 -3.38 -4.099 -4.323
0.025095 0.25 9.39794 1.628872991 2.548542771 1.628 2.621 3.591 1.345 3 0 0.372 12.04 8.48 6 4.55 3.7 4 -8.37e-11 0 0.6592 0.3149 0.00308 0.003046 0.01104 -1 0.02583 -1.782 -3.48 -4.206 -4.436
0.025095 0.25 9.39794 1.628997683 2.548551268 1.628 2.658 3.5879 1.296 3 0 0.372 13.3 9.27 6.54 4.96 4.04 4 -9.64e-11 0 0.6592 0.3149 0.00308 0.003047 0.01104 -1 0.02583 -1.874 -3.581 -4.315 -4.549
0.025095 0.25 9.39794 1.629115343 2.548559285 1.628 2.694 3.5848 1.246 3 0 0.372 14.69 10.14 7.12 5.41 4.4 4 -1.11e-10 0 0.6592 0.3149 0.00308 0.003047 0.01104 -1 0.02583 -1.966 -3.682 -4.422 -4.662
0.025095 0.25 9.39794 1.629249573 2.54856843 1.628 2.739 3.5807 1.186 3 0 0.372 16.6 11.31 7.9 6.01 4.9 4 -1.32e-10 0 0.6592 0.3149 0.00308 0.003047 0.01104 -1 0.02583 -2.077 -3.804 -4.554 -4.8
0.025095 0.25 9.39794 1.629373312 2.548576858 1.628 2.783 3.5767 1.126 3 0 0.372 18.74 12.61 8.76 6.68 5.44 4 -1.56e-10 0 0.6592 0.3149 0.00308 0.003047 0.01104 -1 0.02583 -2.187 -3.926 -4.684 -4.937
0.025095 0.25 9.39794 1.629486561 2.54858457 1.628 2.826 3.5727 1.066 3 0 0.372 21.11 14.03 9.71 7.41 6.04 4 -1.84e-10 0 0.6592 0.3149 0.00308 0.003047 0.01104 -1 0.02583 -2.295 -4.045 -4.812 -5.072
0.025095 0.25 9.39794 1.629591465 2.548591713 1.628 2.868 3.5686 1.008 3 0 0.372 23.77 15.6 10.74 8.21 6.7 4 -2.17e-10 0 0.6592 0.3149 0.00308 0.003048 0.01104 -1 0.02583 -2.401 -4.164 -4.939 -5.205
0.025095 0.25 9.39794 1.629688501 2.548598319 1.628 2.91 3.5646 0.95 3 0 0.372 26.73 17.33 11.87 9.09 7.42 4 -2.56e-10 0 0.6592 0.3149 0.00308 0.003048 0.01104 -1 0.02583 -2.506 -4.282 -5.064 -5.338
0.025095 0.25 9.39794 1.629778266 2.548604429 1.628 2.951 3.5605 0.892 3 0 0.372 30.03 19.23 13.12 10.06 8.21 3 -3.01e-10 0 0.6592 0.3149 0.00308 0.003048 0.01104 -1 0.02583 -2.609 -4.398 -5.188 -5.469
0.025095 0.25 9.39794 1.629861712 2.548610109 1.628 2.992 3.5563 0.835 3 0 0.372 33.7 21.33 14.48 11.12 9.07 3 -3.53e-10 0 0.6592 0.3149 0.00308 0.003048 0.01104 -1 0.02583 -2.71 -4.513 -5.311 -5.598
0.025095 0.25 9.39794 1.629939079 2.548615374 1.628 3.032 3.5522 0.778 3 0 0.372 37.75 23.61 15.96 12.27 10.02 3 -4.14e-10 0 0.6592 0.3149 0.00308 0.003048 0.01104 -1 0.02583 -2.81 -4.627 -5.431 -5.726
0.025095 0.25 9.39794 1.630011201 2.548620282 1.627 3.071 3.5482 0.723 3 0 0.372 42.25 26.11 17.57 13.53 11.05 3 -4.84e-10 0 0.6592 0.3149 0.00308 0.003048 0.01104 -1 0.02583 -2.908 -4.738 -5.549 -5.852
0.025095 0.25 9.39794 1.630077004 2.548624759 1.627 3.109 3.5441 0.668 3 0 0.372 47.14 28.81 19.29 14.89 12.16 3 -5.63e-10 0 0.6592 0.3149 0.00308 0.003048 0.01104 -1 0.02583 -3.003 -4.847 -5.664 -5.974
0.025095 0.25 9.39794 1.630139351 2.548629001 1.627 3.147 3.5399 0.614 3 0 0.372 52.62 31.79 21.2 16.38 13.38 3 -6.55e-10 0 0.6592 0.3149 0.00308 0.003048 0.01104 -1 0.02583 -3.098 -4.956 -5.778 -6.097
0.025095 0.25 9.39794 1.63019824 2.548633007 1.627 3.185 3.5357 0.56 3 0 0.372 58.71 35.07 23.28 18.01 14.72 3 -7.62e-10 0 0.6592 0.3149 0.00308 0.003048 0.01104 -1 0.02583 -3.192 -5.063 -5.892 -6.219
0.025095 0.25 9.39794 1.630252242 2.548636681 1.627 3.221 3.5316 0.507 3 0 0.371 65.29 38.57 25.49 19.75 16.14 2 -8.82e-10 0 0.6592 0.3149 0.00308 0.003049 0.01104 -1 0.02583 -3.282 -5.167 -6.001 -6.336
0.025095 0.25 9.39794 1.630303145 2.548640143 1.627 3.256 3.5274 0.455 3 0 0.371 72.54 42.38 27.89 21.64 17.69 2 -1.02e-09 0 0.6592 0.3149 0.00308 0.003049 0.01104 -1 0.02583 -3.37 -5.27 -6.108 -6.453
0.025095 0.25 9.39794 1.630353093 2.54864354 1.626 3.291 3.5233 0.404 3 0 0.371 80.42 46.48 30.47 23.67 19.35 2 -1.17e-09 0 0.6592 0.3149 0.00308 0.003049 0.01104 -1 0.02583 -3.457 -5.371 -6.213 -6.567
0.025095 0.25 9.39794 1.630373597 2.548644935 1.626 3.304 3.5217 0.383 3 0 0.371 83.78 48.22 31.55 24.53 20.05 2 -1.24e-09 0 0.6592 0.3149 0.00308 0.003049 0.01104 -1 0.02583 -3.491 -5.411 -6.255 -6.612
0.025095 0.25 9.39794 1.630373597 2.548644935 1.626 1.697 3.6697 2.583 4 0 0.371 0 0 0 0 0 -1 -1e-30 0 0.6592 0.315 0.003087 0.003017 0.01107 -1 0.02585 0.528 -0.979 -1.534 -1.639
0.025095 0.25 9.39794 1.631147742 2.548697555 1.627 1.717 3.6681 2.557 4 0 0.371 0 0 0 0 0 -1 -1e-30 0 0.6591 0.315 0.003087 0.003019 0.01106 -1 0.02585 0.479 -1.032 -1.592 -1.698
0.025095 0.25 9.39794 1.631870508 2.548746631 1.628 1.719 3.6681 2.555 4 0 0.371 0 0 0 0 0 -1 -1e-30 0 0.6591 0.3151 0.003087 0.003021 0.01106 -1 0.02585 0.472 -1.039 -1.599 -1.705
0.025095 0.25 9.39794 1.632610917 2.548796854 1.629 1.718 3.6684 2.557 4 0 0.371 0 0 0 0 0 -1 -1e-30 0 0.659 0.3151 0.003086 0.003023 0.01106 -1 0.02585 0.474 -1.036 -1.595 -1.701
0.025095 0.25 9.39794 1.633352161 2.54884708 1.629 1.717 3.6687 2.56 4 0 0.372 0 0 0 0 0 -1 -1e-30 0 0.659 0.3152 0.003086 0.003025 0.01106 -1 0.02585 0.477 -1.032 -1.591 -1.696
0.025095 0.25 9.39794 1.634104252 2.548897988 1.63 1.716 3.669 2.562 4 0 0.372 0 0 0 0 0 -1 -1e-30 0 0.6589 0.3152 0.003085 0.003027 0.01106 -1 0.02585 0.48 -1.029 -1.586 -1.691
0.025095 0.25 9.39794 1.634858608 2.548948996 1.631 1.715 3.6693 2.564 4 0 0.372 0 0 0 0 0 -1 -1e-30 0 0.6589 0.3153 0.003085 0.003029 0.01105 -1 0.02585 0.482 -1.026 -1.582 -1.687
0.025095 0.25 9.39794 1.635604501 2.548999377 1.632 1.714 3.6696 2.567 4 0 0.372 0 0 0 0 0 -1 -1e-30 0 0.6588 0.3153 0.003084 0.003031 0.01105 -1 0.02585 0.484 -1.023 -1.578 -1.682
0.025095 0.25 9.39794 1.636428475 2.549054972 1.633 1.713 3.6699 2.569 4 0 0.372 0 0 0 0 0 -1 -1e-30 0 0.6588 0.3153 0.003084 0.003033 0.01105 -1 0.02585 0.487 -1.02 -1.574 -1.678
0.025095 0.25 9.39794 1.637238383 2.549109555 1.633 1.713 3.6702 2.571 4 0 0.372 0 0 0 0 0 -1 -1e-30 0 0.6588 0.3154 0.003084 0.003035 0.01105 -1 0.02585 0.489 -1.017 -1.57 -1.674
0.025095 0.25 9.39794 1.638045073 2.549163859 1.634 1.712 3.6704 2.573 4 0 0.372 0 0 0 0 0 -1 -1e-30 0 0.6587 0.3154 0.003083 0.003037 0.01105 -1 0.02585 0.49 -1.015 -1.568 -1.671
0.025095 0.25 9.39794 1.638852954 2.549218182 1.635 1.712 3.6706 2.574 4 0 0.372 0 0 0 0 0 -1 -1e-30 0 0.6587 0.3155 0.003083 0.003039 0.01104 -1 0.02585 0.49 -1.014 -1.566 -1.67
0.025095 0.25 9.39794 1.639645696 2.549271426 1.636 1.712 3.6709 2.575 4 0 0.372 0 0 0 0 0 -1 -1e-30 0 0.6586 0.3155 0.003082 0.003041 0.01104 -1 0.02585 0.49 -1.013 -1.565 -1.668
0.025095 0.25 9.39794 1.640414476 2.549323005 1.637 1.712 3.671 2.576 4 0 0.372 0 0 0 0 0 -1 -1e-30 0 0.6586 0.3156 0.003082 0.003043 0.01104 -1 0.02585 0.49 -1.013 -1.564 -1.667
0.025095 0.25 9.39794 1.641192555 2.549375152 1.638 1.712 3.6712 2.577 4 0 0.372 0 0 0 0 0 -1 -1e-30 0 0.6585 0.3156 0.003081 0.003045 0.01104 -1 0.02585 0.489 -1.013 -1.563 -1.666
0.025095 0.25 9.39794 1.641665816 2.549406842 1.638 1.712 3.6713 2.577 4 0 0.372 0 0 0 0 0 -1 -1e-30 0 0.6585 0.3156 0.003081 0.003047 0.01104 -1 0.02585 0.489 -1.013 -1.563 -1.666
0.025095 0.25 9.39794 1.641842604 2.549418674 1.638 1.713 3.6714 2.577 4 0 0.372 0 0 0 0 0 -1 -1e-30 0 0.6585 0.3157 0.003081 0.003047 0.01104 -1 0.02585 0.489 -1.013 -1.563 -1.666
0.025095 0.25 9.39794 1.642659426 2.549473306 1.639 1.713 3.6715 2.578 4 0 0.372 0 0 0 0 0 -1 -1e-30 0 0.6584 0.3157 0.003081 0.003049 0.01103 -1 0.02585 0.487 -1.014 -1.564 -1.666
0.025095 0.25 9.39794 1.643471122 2.549527533 1.64 1.714 3.6717 2.578 4 0 0.372 0 0 0 0 0 -1 -1e-30 0 0.6584 0.3158 0.00308 0.003051 0.01103 -1 0.02585 0.485 -1.016 -1.564 -1.667
0.025095 0.25 9.39794 1.644262195 2.549580323 1.641 1.715 3.6718 2.577 4 0 0.372 0 0 0 0 0 -1 -1e-30 0 0.6584 0.3158 0.00308 0.003053 0.01103 -1 0.02585 0.483 -1.018 -1.566 -1.669
0.025095 0.25 9.39794 1.645031214 2.549631586 1.642 1.716 3.6719 2.577 4 0 0.372 0 0 0 0 0 -1 -1e-30 0 0.6583 0.3158 0.003079 0.003055 0.01103 -1 0.02585 0.481 -1.02 -1.568 -1.671
0.025095 0.25 9.39794 1.645874739 2.549687751 1.643 1.717 3.6719 2.576 4 0 0.372 0 0 0 0 0 -1 -1e-30 0 0.6583 0.3159 0.003079 0.003057 0.01103 -1 0.02585 0.477 -1.023 -1.571 -1.674
0.025095 0.25 9.39794 1.646714926 2.549743629 1.643 1.719 3.672 2.575 4 0 0.372 0 0 0 0 0 -1 -1e-30 0 0.6582 0.3159 0.003078 0.003059 0.01102 -1 0.02585 0.473 -1.027 -1.575 -1.678
0.025095 0.25 9.39794 1.647555709 2.549799481 1.644 1.721 3.672 2.573 4 0 0.372 0 0 0 0 0 -1 -1e-30 0 0.6582 0.316 0.003078 0.003062 0.01102 -1 0.02585 0.468 -1.032 -1.58 -1.683
0.025095 0.25 9.39794 1.647632718 2.549804593 1.644 1.721 3.6719 2.573 4 0 0.372 0 0 0 0 0 -1 -1e-30 0 0.6582 0.316 0.003078 0.003062 0.01102 -1 0.02585 0.467 -1.033 -1.581 -1.683
0.025095 0.25 9.39794 1.647710085 2.549809729 1.645 1.721 3.6719 2.573 4 0 0.372 0 0 0 0 0 -1 -1e-30 0 0.6582 0.316 0.003078 0.003062 0.01102 -1 0.02585 0.467 -1.033 -1.581 -1.684
0.025095 0.25 9.39794 1.648531079 2.549864191 1.645 1.724 3.6719 2.57 4 0 0.372 0 0 0 0 0 -1 -1e-30 0 0.6581 0.316 0.003077 0.003064 0.01102 -1 0.02585 0.461 -1.039 -1.587 -1.69
0.025095 0.25 9.39794 1.649361134 2.549919191 1.646 1.726 3.6718 2.567 4 0 0.372 0 0 0 0 0 -1 -1e-30 0 0.6581 0.3161 0.003077 0.003066 0.01102 -1 0.02585 0.454 -1.047 -1.595 -1.698
0.025095 0.25 9.39794 1.650214553 2.549975672 1.647 1.73 3.6716 2.563 4 0 0.372 0 0 0 0 0 -1 -1e-30 0 0.658 0.3161 0.003076 0.003068 0.01102 -1 0.02585 0.445 -1.056 -1.605 -1.708
0.025095 0.25 9.39794 1.651018381 2.550028811 1.648 1.734 3.6714 2.559 4 0 0.372 0 0 0 0 0 -1 -1e-30 0 0.658 0.3162 0.003076 0.00307 0.01101 -1 0.02585 0.436 -1.066 -1.615 -1.719
0.025095 0.25 9.39794 1.651833296 2.550082621 1.649 1.738 3.6711 2.553 4 0 0.372 0 0 0 0 0 -1 -1e-30 0 0.6579 0.3162 0.003075 0.003072 0.01101 -1 0.02585 0.424 -1.079 -1.629 -1.732
0.025095 0.25 9.39794 1.652600288 2.550133211 1.65 1.744 3.6707 2.547 4 0 0.372 0 0 0 0 0 -1 -1e-30 0 0.6579 0.3163 0.003075 0.003074 0.01101 -1 0.02585 0.411 -1.093 -1.645 -1.748
0.025095 0.25 9.39794 1.65265274 2.550136669 1.65 1.744 3.6707 2.546 4 0 0.372 0 0 0 0 0 -1 -1e-30 0 0.6579 0.3163 0.003075 0.003075 0.01101 -1 0.02585 0.41 -1.094 -1.646 -1.75
0.025095 0.25 9.39794 1.653487325 2.550191652 1.651 1.751 3.6702 2.537 4 0 0.372 0 0 0 0 0 -1 -1e-30 0 0.6579 0.3163 0.003075 0.003076 0.01101 -1 0.02585 0.393 -1.113 -1.666 -1.77
0.025095 0.25 9.39794 1.654341817 2.550247881 1.652 1.759 3.6696 2.527 4 0 0.372 0 0 0 0 0 -1 -1e-30 0 0.6579 0.3163 0.003074 0.003077 0.01101 -1 0.02585 0.372 -1.135 -1.69 -1.795
0.025095 0.25 9.39794 1.655231953 2.550306384 1.653 1.768 3.6689 2.516 4 0 0.372 0 0 0 0 0 -1 -1e-30 0 0.6578 0.3163 0.003074 0.003079 0.01101 -1 0.02585 0.35 -1.159 -1.716 -1.821
0.025095 0.25 9.39794 1.656094432 2.550363 1.653 1.787 3.6672 2.49 4 0 0.372 0 0 0 0 0 -1 -1e-30 0 0.6578 0.3163 0.003073 0.00308 0.01101 -1 0.02585 0.302 -1.212 -1.774 -1.881
0.025095 0.25 9.39794 1.656873465 2.550414081 1.654 1.826 3.6639 2.438 4 0 0.372 0 0 0 0 0 -1 -1e-30 0 0.6578 0.3163 0.003073 0.003081 0.01101 -1 0.02585 0.205 -1.319 -1.891 -2
0.025095 0.25 9.39794 1.65723753 2.550437933 1.655 1.864 3.6607 2.388 4 0 0.372 0 0 0 0 0 -1 -1e-30 0 0.6578 0.3163 0.003073 0.003082 0.011 -1 0.02585 0.111 -1.423 -2.003 -2.116
0.025095 0.25 9.39794 1.657430768 2.550450589 1.655 1.9 3.6576 2.339 4 0 0.372 0 0 0 0 0 -1 -1e-30 0 0.6578 0.3163 0.003072 0.003082 0.011 -1 0.02585 0.02 -1.523 -2.113 -2.228
0.025095 0.25 9.39794 1.657543182 2.55045795 1.655 1.938 3.6545 2.289 4 0 0.372 0 0 0 0 0 -1 -1e-30 0 0.6578 0.3163 0.003072 0.003082 0.011 -1 0.02585 -0.074 -1.626 -2.224 -2.343
0.025095 0.25 9.39794 1.657604814 2.550461985 1.655 1.974 3.6514 2.24 4 0 0.372 0 0 0 0 0 -1 -1e-30 0 0.6578 0.3163 0.003072 0.003083 0.011 -1 0.02585 -0.165 -1.726 -2.333 -2.455
0.025095 0.25 9.39794 1.657640815 2.550464341 1.655 2.012 3.6483 2.19 4 0 0.372 0 0 0 0 0 -1 -1e-30 0 0.6578 0.3163 0.003072 0.003083 0.011 -1 0.02585 -0.26 -1.83 -2.445 -2.571
0.025095 0.25 9.39794 1.657663584 2.550465832 1.655 2.052 3.6451 2.138 4 0 0.372 0 0 0 0 0 -1 -1e-30 0 0.6578 0.3163 0.003072 0.003083 0.011 -1 0.02585 -0.359 -1.937 -2.562 -2.69
0.025095 0.25 9.39794 1.657678008 2.550466776 1.655 2.088 3.6422 2.089 4 0 0.372 0 0 0 0 0 -1 -1e-30 0 0.6578 0.3163 0.003072 0.003083 0.011 -1 0.02585 -0.45 -2.036 -2.669 -2.802
0.025095 0.25 9.39794 1.657678604 2.550466815 1.655 2.09 3.6421 2.087 4 0 0.372 0 0 0 0 0 -1 -1e-30 0 0.6578 0.3163 0.003072 0.003083 0.011 -1 0.02585 -0.454 -2.04 -2.674 -2.806
0.025095 0.25 9.39794 1.657678723 2.550466823 1.655 2.09 3.642 2.087 7 0 0.372 0 0 0 0 0 -1 -1e-30 0 0.6578 0.3163 0.003072 0.003083 0.011 -1 0.02585 -0.455 -2.042 -2.675 -2.808
0.025095 0.25 9.39794 1.657684088 2.550467174 1.655 2.107 3.6407 2.065 7 0 0.372 0 0 0 0 0 -1 -1e-30 0 0.6578 0.3163 0.003072 0.003083 0.011 -1 0.02585 -0.497 -2.087 -2.725 -2.858
0.025095 0.25 9.39794 1.657696128 2.550467962 1.655 2.147 3.6374 2.012 7 0 0.372 0 0 0 0 0 -1 -1e-30 0 0.6578 0.3163 0.003072 0.003083 0.011 -1 0.02585 -0.597 -2.195 -2.842 -2.98
0.025095 0.25 9.39794 1.657708168 2.55046875 1.655 2.188 3.6341 1.958 7 0 0.372 0 0 0 0 0 -1 -1e-30 0 0.6578 0.3163 0.003072 0.003083 0.011 -1 0.02585 -0.699 -2.305 -2.956 -3.1
0.025095 0.25 9.39794 1.657720327 2.550469546 1.655 2.223 3.6312 1.911 7 0 0.372 0 0 0 0 0 -1 -1e-30 0 0.6578 0.3163 0.003072 0.003083 0.011 -1 0.02585 -0.787 -2.399 -3.054 -3.204
0.025095 0.25 9.39794 1.657747507 2.550471325 1.655 2.232 3.6305 1.898 7 0 0.372 0 0 0 0 0 -1 -1e-30 0 0.6578 0.3163 0.003072 0.003083 0.011 -1 0.02585 -0.811 -2.425 -3.08 -3.231
0.025095 0.25 9.39794 1.657765269 2.550472488 1.655 2.21 3.6324 1.929 7 0 0.372 0 0 0 0 0 -1 -1e-30 0 0.6578 0.3163 0.003072 0.003083 0.011 -1 0.02585 -0.754 -2.363 -3.016 -3.164
0.025095 0.25 9.39794 1.657795906 2.550474493 1.655 2.172 3.6355 1.979 7 0 0.372 0 0 0 0 0 -1 -1e-30 0 0.6578 0.3163 0.003072 0.003083 0.011 -1 0.02585 -0.66 -2.262 -2.912 -3.053
0.025095 0.25 9.39794 1.657869458 2.550479307 1.655 2.128 3.6391 2.037 7 0 0.372 0 0 0 0 0 -1 -1e-30 0 0.6578 0.3163 0.003072 0.003083 0.011 -1 0.02585 -0.55 -2.144 -2.786 -2.922
0.025095 0.25 9.39794 1.658415079 2.550515 1.656 2.109 3.6406 2.062 7 0 0.372 0 0 0 0 0 -1 -1e-30 0 0.6578 0.3163 0.003072 0.003084 0.011 -1 0.02585 -0.503 -2.094 -2.731 -2.865
0.025095 0.25 9.39794 1.658926487 2.550548431 1.656 2.141 3.638 2.02 7 0 0.372 0 0 0 0 0 -1 -1e-30 0 0.6578 0.3163 0.003072 0.003085 0.011 -1 0.02585 -0.583 -2.18 -2.825 -2.962
0.025095 0.25 9.39794 1.659304023 2.550573096 1.657 2.183 3.6346 1.965 7 0 0.372 0 0 0 0 0 -1 -1e-30 0 0.6578 0.3164 0.003071 0.003085 0.011 -1 0.02585 -0.687 -2.291 -2.942 -3.085
0.025095 0.25 9.39794 1.659601927 2.550592549 1.657 2.224 3.6312 1.91 7 0 0.372 0 0 0 0 0 -1 -1e-30 0 0.6578 0.3164 0.003071 0.003086 0.011 -1 0.02585 -0.791 -2.403 -3.058 -3.208
0.025095 0.25 9.39794 1.659842133 2.550608228 1.657 2.266 3.6278 1.854 7 0 0.372 0 0 0 0 0 -1 -1e-30 0 0.6578 0.3164 0.003071 0.003086 0.011 -1 0.02585 -0.895 -2.515 -3.173 -3.33
0.025095 0.25 9.39794 1.66004014 2.550621149 1.658 2.308 3.6244 1.799 7 0 0.372 0 0 0 0 0 -1 -1e-30 0 0.6578 0.3164 0.003071 0.003087 0.011 -1 0.02585 -1 -2.625 -3.288 -3.453
0.025095 0.25 9.39794 1.660209537 2.550632201 1.658 2.35 3.621 1.744 7 0 0.372 0 0 0 0 0 -1 -1e-30 0 0.6578 0.3164 0.003071 0.003087 0.011 -1 0.02585 -1.104 -2.737 -3.403 -3.575
0.025095 0.25 9.39794 1.660357714 2.550641865 1.658 2.391 3.6175 1.688 7 0 0.372 0 0 0 0 0 -1 -1e-30 0 0.6578 0.3164 0.003071 0.003087 0.011 -1 0.02585 -1.209 -2.848 -3.519 -3.699
0.025095 0.25 9.39794 1.660489917 2.550650487 1.658 2.433 3.614 1.632 7 0 0.372 0 0 0 0 0 -1 -1e-30 0 0.6578 0.3164 0.003071 0.003087 0.011 -1 0.02585 -1.313 -2.96 -3.634 -3.823
0.025095 0.25 9.39794 1.660611391 2.550658407 1.658 2.475 3.6105 1.576 7 0 0.372 0 0 0 0 0 -1 -1e-30 0 0.6578 0.3164 0.003071 0.003087 0.011 -1 0.02585 -1.418 -3.071 -3.751 -3.947
0.025095 0.25 9.39794 1.660722494 2.55066565 1.658 2.517 3.6069 1.52 7 0 0.372 8.52 6.21 4.46 3.36 2.73 4 -1e-30 0 0.6578 0.3164 0.003071 0.003088 0.011 -1 0.02585 -1.523 -3.183 -3.868 -4.073
0.025095 0.25 9.39794 1.660821915 2.55067213 1.658 2.559 3.6033 1.464 7 0 0.372 9.53 6.87 4.91 3.7 3.02 4 -1e-30 0 0.6578 0.3164 0.003071 0.003088 0.011 -1 0.02585 -1.627 -3.295 -3.987 -4.198
0.025095 0.25 9.39794 1.660919309 2.550678477 1.658 2.601 3.5996 1.407 7 0 0.372 10.7 7.62 5.42 4.1 3.34 4 -1e-30 0 0.6578 0.3164 0.00307 0.003088 0.011 -1 0.02585 -1.733 -3.41 -4.112 -4.33
0.025095 0.25 9.39794 1.661013007 2.550684583 1.659 2.644 3.5958 1.349 7 0 0.372 12.02 8.45 5.98 4.53 3.69 4 -1e-30 0 0.6578 0.3164 0.00307 0.003088 0.011 -1 0.02585 -1.839 -3.526 -4.237 -4.461
0.025095 0.25 9.39794 1.661102772 2.550690431 1.659 2.687 3.592 1.291 7 0 0.371 13.52 9.39 6.62 5.02 4.09 4 -1e-30 0 0.6578 0.3164 0.003068 0.003089 0.011 -1 0.02585 -1.946 -3.644 -4.364 -4.594
0.025095 0.25 9.39794 1.661184907 2.550695782 1.659 2.731 3.5879 1.23 7 0 0.371 15.28 10.48 7.35 5.58 4.55 4 -1e-30 0 0.6578 0.3164 0.003066 0.003092 0.011 -1 0.02585 -2.058 -3.766 -4.496 -4.733
0.025095 0.25 9.39794 1.661248684 2.550699937 1.659 2.778 3.5835 1.166 7 0 0.371 17.41 11.79 8.22 6.26 5.1 4 -1e-30 0 0.6578 0.3164 0.003063 0.003095 0.011 -1 0.02585 -2.175 -3.896 -4.636 -4.88
0.025095 0.25 9.39794 1.661291122 2.550702701 1.659 2.823 3.5791 1.103 7 0 0.37 19.74 13.19 9.15 6.98 5.69 4 -1e-30 0 0.6578 0.3164 0.00306 0.003099 0.011 -1 0.02585 -2.288 -4.02 -4.771 -5.022
0.025095 0.25 9.39794 1.661323547 2.550704813 1.659 2.866 3.5749 1.043 7 0 0.37 22.28 14.7 10.15 7.75 6.32 4 -1e-30 0 0.6578 0.3164 0.003056 0.003103 0.011 -1 0.02585 -2.396 -4.14 -4.9 -5.158
0.025095 0.25 9.39794 1.661351919 2.550706661 1.659 2.91 3.5706 0.982 7 0 0.37 25.2 16.42 11.28 8.63 7.04 4 -1e-30 0 0.6578 0.3164 0.003054 0.003106 0.011 -1 0.02585 -2.505 -4.262 -5.032 -5.297
0.025095 0.25 9.39794 1.661377907 2.550708353 1.659 2.953 3.5662 0.922 7 0 0.369 28.47 18.32 12.53 9.59 7.83 3 -1e-30 0 0.6578 0.3164 0.003051 0.003109 0.011 -1 0.02585 -2.612 -4.384 -5.161 -5.434
0.025095 0.25 9.39794 1.661402345 2.550709945 1.659 2.995 3.5617 0.862 7 0 0.369 32.12 20.41 13.89 10.65 8.69 3 -1e-30 0 0.6578 0.3164 0.00305 0.003111 0.011 -1 0.02585 -2.717 -4.503 -5.289 -5.569
0.025095 0.25 9.39794 1.661429644 2.550711722 1.659 3.042 3.5567 0.795 7 0 0.369 36.77 23.04 15.6 11.98 9.78 3 -1e-30 0 0.6578 0.3164 0.003049 0.003112 0.011 -1 0.02585 -2.835 -4.637 -5.432 -5.72
0.025095 0.25 9.39794 1.661454797 2.55071336 1.659 3.084 3.5521 0.734 7 0 0.369 41.56 25.72 17.32 13.33 10.89 3 -1e-30 0 0.6578 0.3164 0.003049 0.003113 0.011 -1 0.02585 -2.94 -4.758 -5.561 -5.857
0.025095 0.25 9.39794 1.661480427 2.550715029 1.659 3.124 3.5476 0.676 7 0 0.369 46.7 28.56 19.14 14.75 12.05 3 -1e-30 0 0.6578 0.3164 0.003048 0.003113 0.011 -1 0.02585 -3.041 -4.873 -5.683 -5.988
0.025095 0.25 9.39794 1.66150856 2.550716861 1.659 3.165 3.543 0.617 7 0 0.369 52.55 31.74 21.18 16.35 13.36 3 -1e-30 0 0.6578 0.3164 0.003048 0.003113 0.011 -1 0.02585 -3.141 -4.989 -5.806 -6.119
0.025095 0.25 9.39794 1.66153729 2.550718732 1.659 3.203 3.5386 0.561 7 0 0.369 58.87 35.15 23.34 18.05 14.75 3 -1e-30 0 0.6578 0.3164 0.003048 0.003113 0.011 -1 0.02585 -3.237 -5.1 -5.923 -6.245
0.025095 0.25 9.39794 1.661569714 2.550720843 1.659 3.243 3.5337 0.501 7 0 0.369 66.42 39.16 25.88 20.04 16.38 2 -1e-30 0 0.6578 0.3164 0.003048 0.003113 0.011 -1 0.02585 -3.339 -5.217 -6.047 -6.379
0.025095 0.25 9.39794 1.661591172 2.55072224 1.659 3.264 3.5314 0.472 7 0 0.369 70.49 41.31 27.23 21.11 17.25 2 -1e-30 0 0.6578 0.3164 0.003048 0.003113 0.011 -1 0.02585 -3.389 -5.276 -6.108 -6.445
0.025095 0.25 9.39794 1.66159749 2.550722652 1.659 3.287 3.5283 0.436 7 0 0.369 75.8 44.09 28.98 22.48 18.38 2 -1e-30 0 0.6578 0.3164 0.003048 0.003113 0.011 -1 0.02585 -3.448 -5.346 -6.182 -6.525
0.025095 0.25 9.39794 1.661599994 2.550722814 1.659 3.292 3.5276 0.428 7 0 0.369 76.99 44.71 29.37 22.79 18.63 2 -1e-30 0 0.6578 0.3164 0.003048 0.003113 0.011 -1 0.02585 -3.461 -5.361 -6.197 -6.542
0.025095 0.25 9.39794 1.661601543 2.550722915 1.659 3.245 3.5337 0.499 7 0 0.369 66.72 39.32 25.98 20.12 16.45 2 -1e-30 0 0.6578 0.3164 0.003048 0.003113 0.011 -1 0.02585 -3.344 -5.223 -6.052 -6.385
0.025095 0.25 9.39794 1.661603093 2.550723016 1.659 3.266 3.5311 0.468 7 0 0.369 71.04 41.6 27.42 21.25 17.37 2 -1e-30 0 0.6578 0.3164 0.003048 0.003113 0.011 -1 0.02585 -3.396 -5.284 -6.117 -6.454
0.025095 0.25 9.39794 1.661604881 2.550723133 1.659 3.286 3.5287 0.439 7 0 0.369 75.27 43.81 28.81 22.35 18.27 2 -1e-30 0 0.6578 0.3164 0.003048 0.003113 0.011 -1 0.02585 -3.444 -5.34 -6.175 -6.518
0.025095 0.25 9.39794 1.661607623 2.550723311 1.659 3.31 3.5257 0.403 7 0 0.369 80.98 46.78 30.67 23.81 19.47 2 -1e-30 0 0.6578 0.3164 0.003048 0.003113 0.011 -1 0.02585 -3.504 -5.41 -6.249 -6.599
0.025095 0.25 9.39794 1.661611557 2.550723567 1.659 3.341 3.5215 0.355 7 0.523 0.369 89.26 51.05 33.34 25.92 21.2 2 -1e-30 0 0.6578 0.3164 0.003048 0.003113 0.011 -1 0.02585 -3.583 -5.504 -6.347 -6.706
0.025095 0.25 9.39794 1.661614299 2.550723746 1.659 3.341 3.5216 0.355 7 0.523 0.369 89.16 51 33.31 25.89 21.18 2 -1e-30 0 0.6578 0.3164 0.003048 0.003113 0.011 -1 0.02585 -3.583 -5.503 -6.346 -6.705
0.025095 0.25 9.39794 1.661614537 2.550723761 1.648 3.398 3.5087 0.243 8 0.523 0.387 111.56 62.34 40.34 31.46 25.74 2 -5.67e-08 0 0.6577 0.3164 0.003224 0.003116 0.01108 -1 0.02587 -3.726 -5.685 -6.546 -6.932
0.025095 0.25 9.39794 1.661614776 2.550723777 1.647 3.123 3.5401 0.644 8 0.523 0.388 49.7 30.2 20.19 15.58 12.72 3 -1.86e-08 0 0.6577 0.3164 0.003224 0.003116 0.01108 -1 0.02587 -3.037 -4.894 -5.718 -6.035
0.025095 0.25 9.39794 1.661614895 2.550723785 1.647 3.05 3.549 0.753 8 0.523 0.388 39.9 24.8 16.73 12.87 10.51 3 -1.42e-08 0 0.6577 0.3164 0.003224 0.003116 0.01108 -1 0.02587 -2.854 -4.681 -5.492 -5.792
0.025095 0.25 9.39794 1.661615491 2.550723823 1.647 2.843 3.574 1.06 8 0.523 0.388 21.46 14.23 9.84 7.51 6.12 4 -6.96e-09 0 0.6577 0.3164 0.003224 0.003116 0.01108 -1 0.02587 -2.336 -4.083 -4.846 -5.104
0.025095 0.25 9.39794 1.661616206 2.55072387 1.647 2.856 3.5722 1.04 8 0.523 0.388 22.38 14.77 10.2 7.79 6.35 4 -7.26e-09 0 0.6577 0.3164 0.003224 0.003116 0.01108 -1 0.02587 -2.37 -4.122 -4.889 -5.15
0.025095 0.25 9.39794 1.661617279 2.55072394 1.647 2.966 3.5587 0.875 8 0.523 0.388 31.17 19.88 13.54 10.39 8.47 3 -1.05e-08 0 0.6577 0.3164 0.003224 0.003116 0.01108 -1 0.02587 -2.645 -4.44 -5.234 -5.517
0.025095 0.25 9.39794 1.66161871 2.550724033 1.647 3.128 3.5387 0.634 8 0.523 0.388 50.73 30.76 20.55 15.86 12.96 3 -1.88e-08 0 0.6577 0.3164 0.003224 0.003116 0.01108 -1 0.02587 -3.049 -4.911 -5.736 -6.056
0.025095 0.25 9.39794 1.661620259 2.550724134 1.646 3.271 3.5209 0.419 8 0.524 0.388 78.28 45.38 29.78 23.12 18.91 2 -3.3e-08 0 0.6577 0.3164 0.003224 0.003116 0.01108 -1 0.02587 -3.409 -5.33 -6.177 -6.534
0.025095 0.25 9.39794 1.661622286 2.550724266 1.646 3.368 3.5088 0.274 8 0.524 0.388 104.89 58.99 38.26 29.82 24.4 2 -4.88e-08 0 0.6577 0.3164 0.003224 0.003116 0.01108 -1 0.02587 -3.65 -5.608 -6.47 -6.855
0.025095 0.25 9.39794 1.661624551 2.550724413 1.645 3.42 3.5021 0.195 8 0.524 0.388 122.95 68.02 43.84 34.24 28.02 2 -6.05e-08 0 0.6577 0.3164 0.003224 0.003116 0.01108 -1 0.02587 -3.779 -5.757 -6.628 -7.025
0.025095 0.25 9.39794 1.661627054 2.550724576 1.645 3.444 3.4986 0.156 8 0.524 0.388 132.84 72.9 46.84 36.62 29.97 2 -6.69e-08 0 0.6577 0.3164 0.003224 0.003116 0.01108 -1 0.02587 -3.84 -5.827 -6.704 -7.107
0.025095 0.25 9.39794 1.661629915 2.550724762 1.644 3.458 3.4963 0.133 8 0.524 0.388 139.31 76.07 48.78 38.16 31.24 2 -7.09e-08 0 0.6577 0.3164 0.003224 0.003116 0.01108 -1 0.02587 -3.876 -5.868 -6.749 -7.157
0.025095 0.25 9.39794 1.661630034 2.55072477 1.644 3.258 3.5206 0.431 8 0.524 0.388 76.4 44.4 29.17 22.64 18.51 2 -3.08e-08 0 0.6577 0.3164 0.003224 0.003116 0.01108 -1 0.02587 -3.374 -5.296 -6.144 -6.502
0.025095 0.25 9.39794 1.661630273 2.550724786 1.644 3.114 3.538 0.644 8 0.525 0.388 49.67 30.18 20.18 15.57 12.72 3 -1.76e-08 0 0.6577 0.3164 0.003224 0.003116 0.01108 -1 0.02587 -3.015 -4.878 -5.706 -6.026
0.025095 0.25 9.39794 1.661630869 2.550724825 1.643 2.906 3.5633 0.953 8 0.525 0.388 26.66 17.28 11.84 9.07 7.39 4 -8.37e-09 0 0.6577 0.3164 0.003224 0.003116 0.01108 -1 0.02587 -2.496 -4.275 -5.062 -5.336
0.025095 0.25 9.39794 1.661631823 2.550724887 1.643 2.919 3.5617 0.934 8 0.525 0.388 27.67 17.87 12.23 9.36 7.64 4 -8.73e-09 0 0.6577 0.3164 0.003224 0.003116 0.01108 -1 0.02587 -2.526 -4.311 -5.1 -5.377
0.025095 0.25 9.39794 1.661632895 2.550724956 1.643 3.026 3.5486 0.774 8 0.525 0.388 38.23 23.87 16.13 12.4 10.12 3 -1.27e-08 0 0.6577 0.3164 0.003224 0.003116 0.01108 -1 0.02587 -2.795 -4.623 -5.435 -5.735
0.025095 0.25 9.39794 1.661634445 2.550725057 1.642 3.185 3.5292 0.538 8 0.525 0.388 61.52 36.56 24.23 18.75 15.32 3 -2.31e-08 0 0.6577 0.3164 0.003224 0.003116 0.01108 -1 0.02587 -3.191 -5.084 -5.923 -6.261
0.025095 0.25 9.39794 1.661636233 2.550725174 1.642 3.325 3.512 0.329 8 0.525 0.388 93.77 53.35 34.76 27.05 22.13 2 -4.05e-08 0 0.6577 0.3164 0.003224 0.003116 0.01108 -1 0.02587 -3.542 -5.49 -6.349 -6.725
0.025095 0.25 9.39794 1.66163826 2.550725306 1.641 3.418 3.5006 0.19 8 0.525 0.388 124.09 68.57 44.18 34.51 28.24 2 -5.96e-08 0 0.6577 0.3164 0.003224 0.003116 0.01108 -1 0.02587 -3.774 -5.756 -6.63 -7.028
0.025095 0.25 9.39794 1.661640763 2.550725469 1.641 3.466 3.4945 0.117 8 0.526 0.388 143.61 78.16 50.06 39.18 32.08 2 -7.3e-08 0 0.6577 0.3164 0.003224 0.003116 0.01108 -1 0.02587 -3.894 -5.891 -6.775 -7.186
0.025095 0.25 9.39794 1.661643505 2.550725647 1.64 3.486 3.4918 0.086 8 0.526 0.388 153.07 82.76 52.87 41.41 33.91 2 -7.97e-08 0 0.6577 0.3164 0.003224 0.003116 0.01108 -1 0.02587 -3.946 -5.949 -6.838 -7.254
0.025095 0.25 9.39794 1.661646605 2.550725849 1.639 3.496 3.4903 0.07 8 0.526 0.388 158.11 85.2 54.35 42.6 34.88 2 -8.32e-08 0 0.6577 0.3164 0.003224 0.003116 0.01108 -1 0.02587 -3.971 -5.978 -6.869 -7.289
0.025095 0.25 9.39794 1.661646724 2.550725857 1.639 3.301 3.5142 0.36 8 0.526 0.388 87.97 50.38 32.91 25.59 20.93 2 -3.67e-08 0 0.6577 0.3164 0.003224 0.003116 0.01108 -1 0.02587 -3.483 -5.424 -6.281 -6.652
0.025095 0.25 9.39794 1.661647081 2.55072588 1.639 3.158 3.5318 0.574 8 0.526 0.388 57.21 34.26 22.77 17.61 14.38 3 -2.08e-08 0 0.6577 0.3164 0.003224 0.003116 0.01108 -1 0.02587 -3.125 -5.01 -5.845 -6.178
0.025095 0.25 9.39794 1.661647677 2.550725919 1.639 2.95 3.5573 0.883 8 0.526 0.388 30.63 19.57 13.34 10.23 8.35 3 -9.73e-09 0 0.6577 0.3164 0.003224 0.003116 0.01108 -1 0.02587 -2.606 -4.405 -5.203 -5.487
0.025095 0.25 9.39794 1.661648512 2.550725973 1.639 2.962 3.5558 0.865 8 0.527 0.388 31.75 20.21 13.76 10.56 8.61 3 -1.01e-08 0 0.6577 0.3164 0.003224 0.003116 0.01108 -1 0.02587 -2.636 -4.44 -5.24 -5.527
0.025095 0.25 9.39794 1.661649823 2.550726059 1.638 3.068 3.5428 0.707 8 0.527 0.388 43.67 26.89 18.07 13.92 11.37 3 -1.48e-08 0 0.6577 0.3164 0.003224 0.003116 0.01108 -1 0.02587 -2.9 -4.748 -5.569 -5.879
0.025095 0.25 9.39794 1.661651373 2.550726159 1.638 3.224 3.5235 0.475 8 0.527 0.388 69.82 40.95 27 20.93 17.11 2 -2.69e-08 0 0.6577 0.3164 0.003224 0.003116 0.01108 -1 0.02587 -3.289 -5.201 -6.046 -6.397
0.025095 0.25 9.39794 1.661653161 2.550726276 1.637 3.361 3.5065 0.269 8 0.527 0.388 105.72 59.4 38.51 30.02 24.56 2 -4.7e-08 0 0.6577 0.3164 0.003224 0.003116 0.01108 -1 0.02587 -3.633 -5.597 -6.464 -6.851
0.025095 0.25 9.39794 1.661655426 2.550726423 1.637 3.452 3.4952 0.133 8 0.527 0.388 139.07 75.94 48.69 38.1 31.19 2 -6.88e-08 0 0.6577 0.3164 0.003224 0.003116 0.01108 -1 0.02587 -3.859 -5.854 -6.737 -7.146
0.025095 0.25 9.39794 1.661657929 2.550726586 1.636 3.498 3.4894 0.063 8 0.528 0.388 160.04 86.12 54.91 43.04 35.25 2 -8.37e-08 0 0.6577 0.3164 0.003224 0.003116 0.01108 -1 0.02587 -3.975 -5.983 -6.877 -7.298
0.025095 0.25 9.39794 1.66166091 2.55072678 1.635 3.517 3.4869 0.035 8 0.528 0.388 169.63 90.72 57.71 45.28 37.08 2 -9.08e-08 0 0.6577 0.3164 0.003224 0.003116 0.01108 -1 0.02587 -4.022 -6.036 -6.934 -7.359
0.025095 0.25 9.39794 1.661664128 2.55072699 1.634 3.525 3.4857 0.021 8 0.529 0.388 174.21 92.91 59.04 46.33 37.95 2 -9.41e-08 0 0.6577 0.3164 0.003224 0.003116 0.01108 -1 0.02587 -4.043 -6.059 -6.959 -7.386
0.025095 0.25 9.39794 1.661664248 2.550726998 1.634 3.337 3.5091 0.303 8 0.529 0.388 98.63 55.81 36.29 28.26 23.12 2 -4.25e-08 0 0.6577 0.3164 0.003224 0.003116 0.01108 -1 0.02587 -3.571 -5.528 -6.391 -6.774
0.025095 0.25 9.39794 1.661664605 2.550727021 1.634 3.194 3.5268 0.516 8 0.529 0.388 64.17 37.97 25.12 19.46 15.9 3 -2.41e-08 0 0.6577 0.3164 0.003224 0.003116 0.01108 -1 0.02587 -3.216 -5.116 -5.958 -6.302
0.025095 0.25 9.39794 1.661665201 2.55072706 1.634 2.987 3.5527 0.827 8 0.529 0.388 34.29 21.66 14.7 11.29 9.21 3 -1.11e-08 0 0.6577 0.3164 0.003224 0.003116 0.01108 -1 0.02587 -2.698 -4.512 -5.318 -5.61
0.025095 0.25 9.39794 1.661666274 2.550727129 1.633 2.999 3.5512 0.809 8 0.529 0.388 35.55 22.37 15.16 11.65 9.51 3 -1.16e-08 0 0.6577 0.3164 0.003224 0.003116 0.01108 -1 0.02587 -2.727 -4.547 -5.355 -5.65
0.025095 0.25 9.39794 1.661667466 2.550727207 1.633 3.103 3.5381 0.652 8 0.529 0.388 48.77 29.7 19.86 15.33 12.52 3 -1.7e-08 0 0.6577 0.3164 0.003224 0.003116 0.01108 -1 0.02587 -2.988 -4.852 -5.679 -5.999
0.025095 0.25 9.39794 1.661669135 2.550727316 1.632 3.257 3.5189 0.422 8 0.529 0.388 77.63 45.03 29.56 22.96 18.77 2 -3.08e-08 0 0.6577 0.3164 0.003224 0.003116 0.01108 -1 0.02587 -3.372 -5.299 -6.15 -6.51
0.025095 0.25 9.39794 1.661671162 2.550727448 1.632 3.392 3.5019 0.218 8 0.53 0.388 117.08 65.07 42.02 32.8 26.84 2 -5.36e-08 0 0.6577 0.3164 0.003224 0.003116 0.01108 -1 0.02587 -3.71 -5.688 -6.561 -6.956
0.025095 0.25 9.39794 1.661673546 2.550727603 1.631 3.481 3.4906 0.084 8 0.53 0.388 153.57 82.98 52.99 41.52 34 2 -7.82e-08 0 0.6577 0.3164 0.003224 0.003116 0.01108 -1 0.02587 -3.934 -5.94 -6.831 -7.249
0.025095 0.25 9.39794 1.661676288 2.550727781 1.63 3.527 3.4848 0.015 8 0.53 0.388 176.46 93.97 59.68 46.85 38.37 2 -9.5e-08 0 0.6577 0.3164 0.003224 0.003116 0.01108 -1 0.02587 -4.047 -6.066 -6.968 -7.396
0.025095 0.25 9.39794 1.661679387 2.550727983 1.629 3.545 3.4824 -0.014 8 0.531 0.388 186.9 98.94 62.68 49.25 40.34 2 -1.03e-07 0 0.6577 0.3164 0.003224 0.003116 0.01108 -1 0.02587 -4.094 -6.118 -7.024 -7.456
0.025095 0.25 9.39794 1.661682844 2.550728208 1.628 3.554 3.4813 -0.027 8 0.531 0.388 191.86 101.28 64.1 50.38 41.26 2 -1.07e-07 0 0.6577 0.3164 0.003224 0.003116 0.01108 -1 0.02587 -4.114 -6.141 -7.049 -7.483
0.025095 0.25 9.39794 1.661682963 2.550728216 1.628 3.373 3.5041 0.245 8 0.531 0.388 110.91 61.99 40.11 31.3 25.6 2 -4.98e-08 0 0.6577 0.3164 0.003224 0.003116 0.01108 -1 0.02587 -3.663 -5.634 -6.504 -6.896
0.025095 0.25 9.39794 1.661683321 2.550728239 1.628 3.232 3.5219 0.457 8 0.531 0.388 72.22 42.21 27.79 21.56 17.62 2 -2.81e-08 0 0.6577 0.3164 0.003224 0.003116 0.01108 -1 0.02587 -3.31 -5.227 -6.075 -6.429
0.025095 0.25 9.39794 1.661683917 2.550728278 1.627 3.025 3.5481 0.768 8 0.532 0.388 38.53 24.05 16.24 12.49 10.2 3 -1.29e-08 0 0.6577 0.3164 0.003224 0.003116 0.01108 -1 0.02587 -2.793 -4.623 -5.436 -5.737
0.025095 0.25 9.39794 1.66168499 2.550728348 1.627 3.037 3.5465 0.75 8 0.532 0.388 39.96 24.84 16.75 12.89 10.53 3 -1.34e-08 0 0.6577 0.3164 0.003224 0.003116 0.01108 -1 0.02587 -2.823 -4.658 -5.473 -5.777
0.025095 0.25 9.39794 1.661686182 2.550728426 1.627 3.14 3.5335 0.595 8 0.532 0.388 54.68 32.9 21.91 16.93 13.83 3 -1.97e-08 0 0.6577 0.3164 0.003224 0.003116 0.01108 -1 0.02587 -3.081 -4.96 -5.793 -6.122
0.025095 0.25 9.39794 1.661687851 2.550728534 1.626 3.291 3.5143 0.367 8 0.532 0.388 86.6 49.67 32.46 25.24 20.64 2 -3.56e-08 0 0.6577 0.3164 0.003224 0.003116 0.01108 -1 0.02587 -3.458 -5.399 -6.256 -6.627
0.025095 0.25 9.39794 1.661689877 2.550728666 1.625 3.425 3.4973 0.165 8 0.532 0.388 130.07 71.5 45.96 35.94 29.41 2 -6.17e-08 0 0.6577 0.3164 0.003224 0.003116 0.01108 -1 0.02587 -3.791 -5.781 -6.661 -7.066
0.025095 0.25 9.39794 1.661692262 2.550728821 1.624 3.513 3.486 0.032 8 0.533 0.388 170.24 90.98 57.86 45.4 37.18 2 -8.97e-08 0 0.6577 0.3164 0.003224 0.003116 0.01108 -1 0.02587 -4.011 -6.028 -6.927 -7.353
0.025095 0.25 9.39794 1.661695003 2.550729 1.623 3.558 3.4801 -0.037 8 0.533 0.388 195.51 102.98 65.13 51.2 41.94 2 -1.09e-07 0 0.6577 0.3164 0.003224 0.003116 0.01108 -1 0.02587 -4.124 -6.154 -7.064 -7.499
0.025095 0.25 9.39794 1.661698103 2.550729201 1.622 3.576 3.4776 -0.066 8 0.534 0.388 207.27 108.5 68.46 53.86 44.13 2 -1.18e-07 0 0.6577 0.3164 0.003224 0.003116 0.01108 -1 0.02587 -4.171 -6.206 -7.119 -7.558
0.025095 0.25 9.39794 1.66170156 2.550729427 1.621 3.585 3.4764 -0.079 8 0.534 0.388 213.12 111.24 70.1 55.18 45.21 2 -1.23e-07 0 0.6577 0.3164 0.003224 0.003116 0.01108 -1 0.02587 -4.192 -6.23 -7.145 -7.585
0.025095 0.25 9.39794 1.661701679 2.550729434 1.621 3.413 3.4984 0.181 8 0.534 0.388 126.06 69.51 44.74 34.97 28.62 2 -5.9e-08 0 0.6577 0.3164 0.003224 0.003116 0.01108 -1 0.02587 -3.762 -5.749 -6.627 -7.029
0.025095 0.25 9.39794 1.661702037 2.550729458 1.621 3.273 3.5164 0.392 8 0.534 0.388 82.22 47.41 31.04 24.13 19.73 2 -3.33e-08 0 0.6577 0.3164 0.003224 0.003116 0.01108 -1 0.02587 -3.412 -5.347 -6.201 -6.567
0.025095 0.25 9.39794 1.661702752 2.550729504 1.62 3.067 3.5428 0.704 8 0.535 0.388 43.83 26.99 18.13 13.98 11.41 3 -1.51e-08 0 0.6577 0.3164 0.003224 0.003116 0.01108 -1 0.02587 -2.898 -4.745 -5.566 -5.877
0.025095 0.25 9.39794 1.661703825 2.550729574 1.62 3.079 3.5412 0.685 8 0.535 0.388 45.51 27.92 18.72 14.44 11.79 3 -1.58e-08 0 0.6577 0.3164 0.003224 0.003116 0.01108 -1 0.02587 -2.928 -4.781 -5.604 -5.918
0.025095 0.25 9.39794 1.661705256 2.550729667 1.619 3.181 3.5281 0.531 8 0.535 0.388 62.17 36.91 24.44 18.93 15.47 3 -2.32e-08 0 0.6577 0.3164 0.003224 0.003116 0.01108 -1 0.02587 -3.183 -5.079 -5.92 -6.26
0.025095 0.25 9.39794 1.661707044 2.550729784 1.619 3.33 3.5089 0.305 8 0.535 0.388 98.03 55.49 36.08 28.11 22.99 2 -4.2e-08 0 0.6577 0.3164 0.003224 0.003116 0.01108 -1 0.02587 -3.554 -5.511 -6.375 -6.758
0.025095 0.25 9.39794 1.661709189 2.550729923 1.618 3.461 3.4918 0.105 8 0.536 0.388 146.78 79.65 50.95 39.91 32.67 2 -7.24e-08 0 0.6577 0.3164 0.003224 0.003116 0.01108 -1 0.02587 -3.883 -5.886 -6.776 -7.19
0.025095 0.25 9.39794 1.661711812 2.550730094 1.617 3.548 3.4805 -0.028 8 0.536 0.388 191.9 101.25 64.07 50.37 41.25 2 -1.05e-07 0 0.6577 0.3164 0.003224 0.003116 0.01108 -1 0.02587 -4.101 -6.129 -7.039 -7.474
0.025095 0.25 9.39794 1.661714792 2.550730288 1.615 3.593 3.4745 -0.097 8 0.537 0.388 220.68 114.73 72.2 56.86 46.59 2 -1.28e-07 0 0.6577 0.3164 0.003224 0.003116 0.01108 -1 0.02587 -4.213 -6.255 -7.173 -7.615
0.025095 0.25 9.39794 1.66171813 2.550730505 1.614 3.613 3.4718 -0.128 8 0.537 0.388 234.7 121.23 76.09 59.98 49.15 2 -1.44e-07 0 0.6577 0.3164 0.003224 0.003116 0.01108 -1 0.02587 -4.262 -6.31 -7.232 -7.677
0.025095 0.25 9.39794 1.661721945 2.550730753 1.612 3.623 3.4704 -0.144 8 0.538 0.388 242.36 124.76 78.21 61.67 50.54 2 -1.54e-07 0 0.6577 0.3164 0.003224 0.003116 0.01108 -1 0.02587 -4.286 -6.337 -7.262 -7.709
0.025095 0.25 9.39794 1.661722064 2.550730761 1.612 3.46 3.4915 0.103 8 0.538 0.388 147.2 79.84 51.06 40 32.75 2 -7.24e-08 0 0.6577 0.3164 0.003224 0.003116 0.01108 -1 0.02587 -3.88 -5.884 -6.774 -7.19
0.025095 0.25 9.39794 1.661722422 2.550730785 1.612 3.321 3.5096 0.314 8 0.538 0.388 96.09 54.5 35.46 27.63 22.59 2 -4.08e-08 0 0.6577 0.3164 0.003224 0.003116 0.01108 -1 0.02587 -3.533 -5.488 -6.352 -6.733
0.025095 0.25 9.39794 1.661723137 2.550730831 1.612 3.116 3.5364 0.627 8 0.538 0.388 51.09 30.97 20.67 15.97 13.04 3 -1.83e-08 0 0.6577 0.3164 0.003224 0.003116 0.01108 -1 0.02587 -3.019 -4.888 -5.718 -6.041
0.025095 0.25 9.39794 1.66172421 2.550730901 1.611 3.127 3.5349 0.609 8 0.538 0.388 52.97 31.98 21.31 16.47 13.46 3 -1.91e-08 0 0.6577 0.3164 0.003224 0.003116 0.01108 -1 0.02587 -3.048 -4.923 -5.754 -6.081
0.025095 0.25 9.39794 1.66172564 2.550730994 1.61 3.227 3.5219 0.458 8 0.539 0.388 71.89 42.04 27.67 21.48 17.55 2 -2.8e-08 0 0.6577 0.3164 0.003224 0.003116 0.01108 -1 0.02587 -3.296 -5.213 -6.061 -6.415
0.025095 0.25 9.39794 1.661727548 2.550731118 1.61 3.371 3.5029 0.237 8 0.539 0.388 112.23 62.63 40.49 31.61 25.86 2 -5.01e-08 0 0.6577 0.3164 0.003223 0.003116 0.01108 -1 0.02587 -3.657 -5.632 -6.504 -6.897
0.025095 0.25 9.39794 1.661729693 2.550731258 1.609 3.498 3.4861 0.042 8 0.539 0.388 166.36 89.07 56.68 44.48 36.42 2 -8.53e-08 0 0.6577 0.3164 0.003223 0.003116 0.01108 -1 0.02587 -3.976 -5.992 -6.892 -7.317
0.025095 0.25 9.39794 1.661732316 2.550731429 1.607 3.582 3.4749 -0.086 8 0.54 0.388 215.67 112.35 70.76 55.72 45.65 2 -1.22e-07 0 0.6577 0.3164 0.003223 0.003116 0.01108 -1 0.02587 -4.185 -6.226 -7.144 -7.585
0.025095 0.25 9.39794 1.661735296 2.550731623 1.606 3.624 3.4692 -0.152 8 0.541 0.388 246.3 126.52 79.26 62.52 51.24 2 -1.57e-07 0 0.6577 0.3164 0.003223 0.003116 0.01108 -1 0.02587 -4.291 -6.344 -7.271 -7.719
0.025095 0.25 9.39794 1.661738753 2.550731848 1.604 3.642 3.4668 -0.18 8 0.541 0.388 260.33 132.94 83.09 65.6 53.76 1 -1.77e-07 0 0.6577 0.3164 0.003223 0.003116 0.01108 -1 0.02587 -4.334 -6.392 -7.322 -7.774
0.025095 0.25 9.39794 1.661742568 2.550732096 1.602 3.65 3.4656 -0.192 8 0.542 0.388 267.14 136.03 84.93 67.08 54.98 1 -1.87e-07 0 0.6577 0.3164 0.003223 0.003116 0.01108 -1 0.02587 -4.354 -6.413 -7.345 -7.799
0.025095 0.25 9.39794 1.661742687 2.550732104 1.602 3.497 3.4858 0.04 8 0.542 0.388 166.86 89.29 56.81 44.59 36.51 2 -8.56e-08 0 0.6577 0.3164 0.003223 0.003116 0.01108 -1 0.02587 -3.974 -5.99 -6.891 -7.316
0.025095 0.25 9.39794 1.661743045 2.550732127 1.602 3.36 3.5041 0.251 8 0.542 0.388 109.03 61.02 39.49 30.83 25.22 2 -4.83e-08 0 0.6577 0.3164 0.003223 0.003116 0.01108 -1 0.02587 -3.63 -5.601 -6.471 -6.862
0.025095 0.25 9.39794 1.66174376 2.550732174 1.601 3.155 3.5314 0.565 8 0.542 0.388 57.8 34.58 22.96 17.77 14.52 3 -2.15e-08 0 0.6577 0.3164 0.003223 0.003116 0.01108 -1 0.02587 -3.117 -5.003 -5.839 -6.173
0.025095 0.25 9.39794 1.661744833 2.550732243 1.601 3.166 3.5299 0.548 8 0.542 0.388 59.84 35.67 23.65 18.32 14.96 3 -2.24e-08 0 0.6577 0.3164 0.003223 0.003116 0.01108 -1 0.02587 -3.145 -5.036 -5.874 -6.211
0.025095 0.25 9.39794 1.661746263 2.550732336 1.6 3.262 3.517 0.4 8 0.543 0.388 80.74 46.63 30.55 23.75 19.42 2 -3.27e-08 0 0.6577 0.3164 0.003223 0.003116 0.01108 -1 0.02587 -3.386 -5.319 -6.172 -6.537
0.025095 0.25 9.39794 1.661748171 2.550732461 1.599 3.403 3.4982 0.184 8 0.543 0.388 124.79 68.84 44.32 34.65 28.36 2 -5.77e-08 0 0.6577 0.3164 0.003223 0.003116 0.01108 -1 0.02587 -3.736 -5.724 -6.603 -7.005
0.025095 0.25 9.39794 1.661750317 2.5507326 1.598 3.526 3.4816 -0.006 8 0.544 0.388 183.21 97.05 61.52 48.35 39.59 2 -9.69e-08 0 0.6577 0.3164 0.003223 0.003116 0.01108 -1 0.02587 -4.045 -6.07 -6.979 -7.411
0.025095 0.25 9.39794 1.661752939 2.550732771 1.596 3.606 3.4706 -0.131 8 0.544 0.388 235.63 121.55 76.27 60.14 49.28 2 -1.41e-07 0 0.6577 0.3164 0.003223 0.003116 0.01108 -1 0.02587 -4.246 -6.296 -7.22 -7.667
0.025095 0.25 9.39794 1.66175592 2.550732965 1.594 3.646 3.4651 -0.193 8 0.545 0.388 267.46 136.12 84.97 67.12 55.01 1 -1.85e-07 0 0.6577 0.3164 0.003223 0.003116 0.01108 -1 0.02587 -4.346 -6.406 -7.339 -7.793
0.025095 0.25 9.39794 1.661759377 2.55073319 1.592 3.662 3.4628 -0.219 8 0.545 0.388 278.81 142.39 88.7 70.12 57.48 1 -2.07e-07 0 0.6577 0.3164 0.003223 0.003116 0.01108 -1 0.02587 -4.385 -6.45 -7.386 -7.842
0.025095 0.25 9.39794 1.661763191 2.550733438 1.59 3.668 3.4619 -0.229 8 0.546 0.388 282.93 145.08 90.31 71.41 58.53 1 -2.16e-07 0 0.6577 0.3164 0.003223 0.003116 0.01108 -1 0.02587 -4.4 -6.467 -7.405 -7.862
0.025095 0.25 9.39794 1.66176331 2.550733446 1.59 3.526 3.4811 -0.011 8 0.546 0.388 184.77 97.76 61.94 48.7 39.88 2 -9.8e-08 0 0.6577 0.3164 0.003223 0.003116 0.01108 -1 0.02587 -4.046 -6.073 -6.982 -7.415
0.025095 0.25 9.39794 1.661763668 2.550733469 1.59 3.39 3.4995 0.199 8 0.546 0.388 120.94 66.92 43.13 33.72 27.59 2 -5.55e-08 0 0.6577 0.3164 0.003223 0.003116 0.01108 -1 0.02587 -3.706 -5.691 -6.567 -6.966
0.025095 0.25 9.39794 1.661764383 2.550733516 1.589 3.186 3.5272 0.514 8 0.546 0.388 64.01 37.89 25.05 19.42 15.87 3 -2.46e-08 0 0.6577 0.3164 0.003223 0.003116 0.01108 -1 0.02587 -3.196 -5.095 -5.937 -6.28
0.025095 0.25 9.39794 1.661765337 2.550733578 1.589 3.197 3.5256 0.496 8 0.547 0.388 66.3 39.09 25.81 20.02 16.36 2 -2.57e-08 0 0.6577 0.3164 0.003223 0.003116 0.01108 -1 0.02587 -3.224 -5.128 -5.971 -6.318
0.025095 0.25 9.39794 1.661766648 2.550733663 1.588 3.292 3.5127 0.35 8 0.547 0.388 89.15 50.95 33.24 25.88 21.16 2 -3.73e-08 0 0.6577 0.3164 0.003223 0.003116 0.01108 -1 0.02587 -3.46 -5.406 -6.265 -6.639
0.025095 0.25 9.39794 1.661768317 2.550733772 1.587 3.429 3.4939 0.137 8 0.547 0.388 136.86 74.74 47.93 37.53 30.72 2 -6.52e-08 0 0.6577 0.3164 0.003223 0.003116 0.01108 -1 0.02587 -3.802 -5.8 -6.686 -7.096
0.025095 0.25 9.39794 1.661770344 2.550733904 1.585 3.549 3.4773 -0.05 8 0.548 0.388 199.74 104.79 66.18 52.09 42.66 2 -1.08e-07 0 0.6577 0.3164 0.003223 0.003116 0.01108 -1 0.02587 -4.103 -6.138 -7.053 -7.49
0.025095 0.25 9.39794 1.661772728 2.550734059 1.583 3.628 3.4664 -0.173 8 0.548 0.388 256.07 130.84 81.81 64.61 52.94 1 -1.65e-07 0 0.6577 0.3164 0.003223 0.003116 0.01108 -1 0.02587 -4.299 -6.357 -7.288 -7.739
0.025095 0.25 9.39794 1.661775589 2.550734245 1.582 3.667 3.4607 -0.235 8 0.549 0.388 284.77 146.46 91.11 72.07 59.08 1 -2.17e-07 0 0.6577 0.3164 0.003223 0.003116 0.01108 -1 0.02587 -4.398 -6.467 -7.406 -7.864
0.025095 0.25 9.39794 1.661778688 2.550734447 1.579 3.683 3.4583 -0.261 8 0.55 0.388 295.44 153.42 95.24 75.39 61.81 1 -2.44e-07 0 0.6577 0.3164 0.003223 0.003116 0.01108 -1 0.02587 -4.437 -6.51 -7.453 -7.912
0.025095 0.25 9.39794 1.661782265 2.55073468 1.577 3.689 3.4571 -0.273 8 0.55 0.388 300.4 156.71 97.19 76.96 63.09 1 -2.57e-07 0 0.6577 0.3164 0.003223 0.003116 0.01108 -1 0.02587 -4.453 -6.529 -7.472 -7.932
0.025095 0.25 9.39794 1.661782384 2.550734688 1.577 3.557 3.4753 -0.068 8 0.55 0.388 207.26 108.27 68.27 53.77 44.04 2 -1.13e-07 0 0.6577 0.3164 0.003223 0.003116 0.01108 -1 0.02587 -4.124 -6.164 -7.081 -7.521
0.025095 0.25 9.39794 1.661782741 2.550734711 1.576 3.423 3.4939 0.14 8 0.551 0.388 135.83 74.21 47.6 37.28 30.51 2 -6.42e-08 0 0.6577 0.3164 0.003223 0.003116 0.01108 -1 0.02587 -3.787 -5.785 -6.671 -7.081
0.025095 0.25 9.39794 1.661783457 2.550734757 1.576 3.219 3.522 0.456 8 0.551 0.388 71.72 41.93 27.6 21.43 17.51 2 -2.84e-08 0 0.6577 0.3164 0.003223 0.003116 0.01108 -1 0.02587 -3.278 -5.195 -6.042 -6.397
0.025095 0.25 9.39794 1.66178441 2.55073482 1.575 3.23 3.5205 0.439 8 0.551 0.388 74.21 43.24 28.41 22.08 18.04 2 -2.96e-08 0 0.6577 0.3164 0.003223 0.003116 0.01108 -1 0.02587 -3.305 -5.227 -6.076 -6.433
0.025095 0.25 9.39794 1.661785722 2.550734905 1.574 3.322 3.5076 0.295 8 0.551 0.388 99.28 56.08 36.42 28.41 23.23 2 -4.26e-08 0 0.6577 0.3164 0.003223 0.003116 0.01108 -1 0.02587 -3.535 -5.496 -6.362 -6.747
0.025095 0.25 9.39794 1.661787391 2.550735014 1.572 3.455 3.489 0.088 8 0.552 0.388 151.03 81.58 52.1 40.86 33.45 2 -7.35e-08 0 0.6577 0.3164 0.003223 0.003116 0.01108 -1 0.02587 -3.867 -5.877 -6.771 -7.191
0.025095 0.25 9.39794 1.661789417 2.550735145 1.57 3.571 3.4726 -0.095 8 0.552 0.388 218.46 113.45 71.38 56.26 46.09 2 -1.2e-07 0 0.6577 0.3164 0.003223 0.003116 0.01108 -1 0.02587 -4.158 -6.204 -7.125 -7.568
0.025095 0.25 9.39794 1.661791801 2.550735301 1.568 3.647 3.4618 -0.214 8 0.553 0.388 275.35 140.72 87.68 69.34 56.83 1 -1.91e-07 0 0.6577 0.3164 0.003223 0.003116 0.01108 -1 0.02587 -4.347 -6.414 -7.352 -7.808
0.025095 0.25 9.39794 1.661794662 2.550735487 1.566 3.684 3.4563 -0.274 8 0.553 0.388 300.07 156.75 97.19 76.99 63.11 1 -2.51e-07 0 0.6577 0.3164 0.003223 0.003116 0.01108 -1 0.02587 -4.44 -6.517 -7.461 -7.921
0.025095 0.25 9.39794 1.661797762 2.550735689 1.563 3.698 3.454 -0.298 8 0.554 0.388 310.34 163.55 101.21 80.23 65.77 1 -2.8e-07 0 0.6577 0.3164 0.003223 0.003116 0.01108 -1 0.02587 -4.475 -6.556 -7.502 -7.963
0.025095 0.25 9.39794 1.661801338 2.550735921 1.56 3.703 3.4531 -0.308 8 0.555 0.388 314.54 166.4 102.89 81.58 66.89 1 -2.92e-07 0 0.6577 0.3164 0.003223 0.003116 0.01108 -1 0.02587 -4.488 -6.57 -7.518 -7.979
0.025095 0.25 9.39794 1.661801457 2.550735929 1.56 3.581 3.4703 -0.117 8 0.555 0.388 228.23 117.9 74.04 58.41 47.85 2 -1.27e-07 0 0.6577 0.3164 0.003223 0.003116 0.01108 -1 0.02587 -4.183 -6.234 -7.159 -7.605
0.025095 0.25 9.39794 1.661801815 2.550735952 1.559 3.448 3.4891 0.091 8 0.555 0.388 149.76 80.93 51.69 40.55 33.19 2 -7.25e-08 0 0.6577 0.3164 0.003223 0.003116 0.01108 -1 0.02587 -3.851 -5.86 -6.755 -7.174
0.025095 0.25 9.39794 1.661802411 2.550735991 1.559 3.246 3.5177 0.408 8 0.555 0.388 78.87 45.64 29.91 23.27 19.02 2 -3.21e-08 0 0.6577 0.3164 0.003223 0.003116 0.01108 -1 0.02587 -3.345 -5.275 -6.127 -6.491
0.025095 0.25 9.39794 1.661803365 2.550736053 1.557 3.256 3.5162 0.391 8 0.555 0.388 81.63 47.07 30.81 23.98 19.6 2 -3.35e-08 0 0.6577 0.3164 0.003223 0.003116 0.01108 -1 0.02587 -3.371 -5.306 -6.161 -6.528
0.025095 0.25 9.39794 1.661804676 2.550736139 1.556 3.347 3.5033 0.248 8 0.556 0.388 108.87 60.87 39.38 30.77 25.16 2 -4.8e-08 0 0.6577 0.3164 0.003223 0.003116 0.01108 -1 0.02587 -3.597 -5.57 -6.442 -6.834
0.025095 0.25 9.39794 1.661806226 2.550736239 1.554 3.476 3.4847 0.044 8 0.556 0.388 164.54 88 55.99 43.99 36.01 2 -8.19e-08 0 0.6577 0.3164 0.003223 0.003116 0.01108 -1 0.02587 -3.92 -5.939 -6.842 -7.268
0.025095 0.25 9.39794 1.661808133 2.550736364 1.552 3.59 3.4684 -0.135 8 0.556 0.388 236.6 121.69 76.31 60.24 49.35 2 -1.33e-07 0 0.6577 0.3164 0.003223 0.003116 0.01108 -1 0.02587 -4.204 -6.258 -7.187 -7.634
0.025095 0.25 9.39794 1.661810398 2.550736511 1.549 3.663 3.4576 -0.253 8 0.557 0.388 289.73 150.42 93.42 73.98 60.64 1 -2.21e-07 0 0.6577 0.3164 0.003223 0.003116 0.01108 -1 0.02587 -4.388 -6.463 -7.406 -7.865
0.025095 0.25 9.39794 1.661813021 2.550736682 1.546 3.7 3.4522 -0.312 8 0.558 0.388 315.41 167.31 103.41 82.03 67.25 1 -2.91e-07 0 0.6577 0.3164 0.003223 0.003116 0.01108 -1 0.02587 -4.48 -6.564 -7.512 -7.973
0.025095 0.25 9.39794 1.66181612 2.550736883 1.542 3.714 3.45 -0.336 8 0.558 0.388 326.25 174.59 107.7 85.49 70.09 1 -3.49e-07 0.01 0.6577 0.3164 0.003223 0.003116 0.01108 -1 0.02587 -4.515 -6.602 -7.554 -8.017
0.025095 0.25 9.39794 1.661819458 2.550737101 1.538 3.719 3.4491 -0.346 8 0.559 0.388 330.85 177.77 109.56 87 71.33 1 -3.92e-07 0.01 0.6577 0.3164 0.003223 0.003116 0.01108 -1 0.02587 -4.529 -6.616 -7.569 -8.034
0.025095 0.25 9.39794 1.661819577 2.550737108 1.538 3.607 3.4653 -0.169 8 0.559 0.388 252.9 129.05 80.69 63.77 52.24 1 -1.52e-07 0 0.6577 0.3164 0.003223 0.003116 0.01108 -1 0.02587 -4.248 -6.308 -7.241 -7.692
0.025095 0.25 9.39794 1.661819935 2.550737132 1.537 3.476 3.4844 0.039 8 0.559 0.388 166.05 88.66 56.38 44.31 36.27 2 -8.36e-08 0 0.6577 0.3164 0.003223 0.003116 0.01108 -1 0.02587 -3.919 -5.939 -6.842 -7.269
0.025095 0.25 9.39794 1.661820531 2.550737171 1.536 3.274 3.5136 0.357 8 0.56 0.388 87.15 49.88 32.55 25.37 20.74 2 -3.7e-08 0 0.6577 0.3164 0.003223 0.003116 0.01108 -1 0.02587 -3.415 -5.358 -6.216 -6.589
0.025095 0.25 9.39794 1.661821365 2.550737225 1.534 3.284 3.512 0.339 8 0.56 0.388 90.21 51.44 33.52 26.14 21.36 2 -3.86e-08 0 0.6577 0.3164 0.003223 0.003116 0.01108 -1 0.02587 -3.441 -5.389 -6.249 -6.625
0.025095 0.25 9.39794 1.661822557 2.550737302 1.532 3.373 3.499 0.199 8 0.56 0.388 119.93 66.31 42.72 33.44 27.35 2 -5.51e-08 0 0.6577 0.3164 0.003223 0.003116 0.01108 -1 0.02587 -3.662 -5.647 -6.525 -6.925
0.025095 0.25 9.39794 1.661824107 2.550737403 1.529 3.499 3.4805 -0.002 8 0.56 0.388 180.08 95.28 60.38 47.52 38.9 2 -9.26e-08 0 0.6577 0.3164 0.003223 0.003116 0.01108 -1 0.02587 -3.976 -6.004 -6.915 -7.348
0.025095 0.25 9.39794 1.661825895 2.55073752 1.526 3.609 3.4642 -0.178 8 0.561 0.388 257.34 130.97 81.82 64.7 53.01 1 -1.56e-07 0 0.6577 0.3164 0.003223 0.003116 0.01108 -1 0.02587 -4.252 -6.314 -7.248 -7.7
0.025095 0.25 9.39794 1.661828041 2.550737659 1.522 3.68 3.4535 -0.294 8 0.561 0.388 305.31 161.19 99.76 79.13 64.86 1 -2.6e-07 0 0.6577 0.3164 0.003223 0.003116 0.01108 -1 0.02587 -4.43 -6.512 -7.459 -7.918
0.025095 0.25 9.39794 1.661830544 2.550737822 1.518 3.715 3.448 -0.352 8 0.562 0.388 331.79 178.87 110.18 87.54 71.77 1 -4.09e-07 0.01 0.6577 0.3164 0.003223 0.003116 0.01108 -1 0.02587 -4.517 -6.606 -7.56 -8.026
0.025095 0.25 9.39794 1.661833405 2.550738009 1.513 3.728 3.4459 -0.375 8 0.563 0.388 342.89 186.47 114.63 91.15 74.73 1 -5.36e-07 0.01 0.6577 0.3164 0.003223 0.003116 0.01108 -1 0.02587 -4.55 -6.64 -7.598 -8.067
0.025095 0.25 9.39794 1.661836624 2.550738218 1.507 3.733 3.445 -0.385 8 0.564 0.388 347.51 189.73 116.54 92.7 76 1 -6.03e-07 0.02 0.6577 0.3164 0.003223 0.003116 0.01108 -1 0.02587 -4.563 -6.651 -7.611 -8.083
0.025095 0.25 9.39794 1.661836743 2.550738226 1.507 3.63 3.4603 -0.221 8 0.564 0.388 273.64 141 87.77 69.51 56.95 1 -1.86e-07 0 0.6577 0.3164 0.003223 0.003116 0.01108 -1 0.02587 -4.305 -6.375 -7.315 -7.772
0.025095 0.25 9.39794 1.661836982 2.550738241 1.506 3.5 3.4796 -0.014 8 0.564 0.388 183.91 96.97 61.39 48.35 39.58 2 -9.62e-08 0 0.6577 0.3164 0.003223 0.003116 0.01108 -1 0.02587 -3.98 -6.01 -6.922 -7.356
0.025095 0.25 9.39794 1.661837578 2.55073828 1.504 3.299 3.5093 0.305 8 0.564 0.388 96.21 54.44 35.37 27.62 22.58 2 -4.27e-08 0 0.6577 0.3164 0.003223 0.003116 0.01108 -1 0.02587 -3.478 -5.434 -6.297 -6.68
0.025095 0.25 9.39794 1.661838412 2.550738334 1.501 3.31 3.5076 0.287 8 0.564 0.388 99.71 56.2 36.46 28.49 23.29 2 -4.46e-08 0 0.6577 0.3164 0.003223 0.003116 0.01108 -1 0.02587 -3.504 -5.465 -6.33 -6.716
0.025095 0.25 9.39794 1.661839604 2.550738412 1.498 3.396 3.4944 0.147 8 0.564 0.388 132.45 72.36 46.41 36.4 29.78 2 -6.33e-08 0 0.6577 0.3164 0.003223 0.003116 0.01108 -1 0.02587 -3.72 -5.717 -6.602 -7.011
0.025095 0.25 9.39794 1.661841035 2.550738505 1.493 3.519 3.4758 -0.052 8 0.565 0.388 198.16 103.57 65.36 51.54 42.19 2 -1.05e-07 0 0.6577 0.3164 0.003223 0.003116 0.01108 -1 0.02587 -4.027 -6.066 -6.983 -7.421
0.025095 0.25 9.39794 1.661842823 2.550738621 1.488 3.626 3.4593 -0.226 8 0.565 0.388 274.37 141.87 88.26 69.94 57.3 1 -1.85e-07 0 0.6577 0.3164 0.003223 0.003116 0.01108 -1 0.02587 -4.295 -6.366 -7.308 -7.765
0.025095 0.25 9.39794 1.66184485 2.550738753 1.482 3.695 3.4484 -0.341 8 0.566 0.388 323.79 174.35 107.46 85.43 70.02 1 -3.52e-07 0.01 0.6577 0.3164 0.003223 0.003116 0.01108 -1 0.02587 -4.468 -6.558 -7.511 -7.974
0.025095 0.25 9.39794 1.661847234 2.550738909 1.475 3.729 3.4428 -0.399 8 0.567 0.388 352.12 193.63 118.76 94.58 77.53 1 -6.98e-07 0.02 0.6577 0.3164 0.003223 0.003116 0.01108 -1 0.02587 -4.553 -6.642 -7.606 -8.08
0.025095 0.25 9.39794 1.661849976 2.550739087 1.466 3.742 3.4403 -0.425 8 0.567 0.388 364.56 202.32 123.84 98.7 80.92 1 -9.42e-07 0.04 0.6577 0.3164 0.003223 0.003116 0.01108 -1 0.02587 -4.585 -6.667 -7.638 -8.12
0.025095 0.25 9.39794 1.661853075 2.550739289 1.457 3.747 3.4392 -0.437 8 0.568 0.388 370.34 206.52 126.27 100.69 82.55 1 -1.09e-06 0.05 0.6577 0.3164 0.003223 0.003116 0.01108 -1 0.02587 -4.598 -6.675 -7.65 -8.136
0.025095 0.25 9.39794 1.661853194 2.550739296 1.457 3.653 3.4536 -0.285 8 0.568 0.388 296.63 156.98 97.17 77.18 63.23 1 -2.36e-07 0 0.6577 0.3164 0.003223 0.003116 0.01108 -1 0.02587 -4.362 -6.444 -7.391 -7.85
0.025095 0.25 9.39794 1.661853433 2.550739312 1.455 3.524 3.4732 -0.079 8 0.568 0.388 208.3 108.04 68.01 53.72 43.97 2 -1.13e-07 0 0.6577 0.3164 0.003223 0.003116 0.01108 -1 0.02587 -4.041 -6.085 -7.006 -7.447
0.025095 0.25 9.39794 1.661854029 2.550739351 1.453 3.324 3.5036 0.242 8 0.568 0.388 108.46 60.48 39.08 30.61 25.02 2 -5.05e-08 0 0.6577 0.3164 0.003223 0.003116 0.01108 -1 0.02587 -3.541 -5.514 -6.385 -6.777
0.025095 0.25 9.39794 1.661854744 2.550739397 1.449 3.335 3.5018 0.224 8 0.569 0.388 112.52 62.48 40.31 31.59 25.82 2 -5.28e-08 0 0.6577 0.3164 0.003223 0.003116 0.01108 -1 0.02587 -3.566 -5.544 -6.418 -6.813
0.025095 0.25 9.39794 1.661855817 2.550739467 1.444 3.419 3.4885 0.084 8 0.569 0.388 149.37 80.34 51.25 40.31 32.97 2 -7.46e-08 0 0.6577 0.3164 0.003223 0.003116 0.01108 -1 0.02587 -3.778 -5.789 -6.685 -7.105
0.025095 0.25 9.39794 1.661857247 2.55073956 1.438 3.539 3.4696 -0.113 8 0.569 0.388 222.75 114.54 71.89 56.86 46.55 1 -1.23e-07 0 0.6577 0.3164 0.003223 0.003116 0.01108 -1 0.02587 -4.077 -6.129 -7.055 -7.501
0.025095 0.25 9.39794 1.661858797 2.550739661 1.43 3.643 3.453 -0.286 8 0.57 0.388 294.75 156.35 96.76 76.9 62.99 1 -2.29e-07 0 0.6577 0.3164 0.003223 0.003116 0.01108 -1 0.02587 -4.337 -6.42 -7.368 -7.827
0.025095 0.25 9.39794 1.661860824 2.550739793 1.421 3.71 3.442 -0.4 8 0.57 0.388 347.61 191.81 117.6 93.77 76.85 1 -6.78e-07 0.02 0.6577 0.3164 0.003223 0.003116 0.01108 -1 0.02587 -4.505 -6.596 -7.56 -8.034
0.025095 0.25 9.39794 1.661863089 2.55073994 1.41 3.743 3.4362 -0.459 8 0.571 0.388 378.24 213.08 130 103.84 85.12 1 -1.39e-06 0.07 0.6577 0.3164 0.003223 0.003116 0.01108 -1 0.02587 -4.588 -6.651 -7.636 -8.132
0.025095 0.25 9.39794 1.661865592 2.550740103 1.399 3.756 3.4336 -0.485 8 0.572 0.388 392.19 223.06 135.79 108.57 89 1 -1.91e-06 0.12 0.6577 0.3164 0.003223 0.003116 0.01108 -1 0.02587 -4.619 -6.652 -7.655 -8.17
0.025095 0.25 9.39794 1.661868453 2.55074029 1.386 3.76 3.4323 -0.499 8 0.572 0.388 399.2 228.28 138.79 111.04 91.03 1 -2.26e-06 0.16 0.6577 0.3164 0.003223 0.003116 0.01108 -1 0.02587 -4.63 -6.637 -7.655 -8.183
0.025095 0.25 9.39794 1.661868572 2.550740297 1.385 3.674 3.4458 -0.36 8 0.572 0.388 324.82 177.26 109.01 86.89 71.18 1 -4.14e-07 0.01 0.6577 0.3164 0.003223 0.003116 0.01108 -1 0.02587 -4.415 -6.508 -7.464 -7.93
0.025095 0.25 9.39794 1.661868811 2.550740313 1.382 3.547 3.4656 -0.154 8 0.572 0.388 239.65 122.12 76.36 60.54 49.55 1 -1.37e-07 0 0.6577 0.3164 0.003223 0.003116 0.01108 -1 0.02587 -4.097 -6.157 -7.089 -7.538
0.025095 0.25 9.39794 1.661869288 2.550740344 1.378 3.348 3.4967 0.168 8 0.573 0.388 124.65 68.22 43.79 34.43 28.14 2 -6.14e-08 0 0.6577 0.3164 0.003223 0.003116 0.01108 -1 0.02587 -3.6 -5.591 -6.472 -6.877
0.025095 0.25 9.39794 1.661870122 2.550740398 1.371 3.358 3.4946 0.148 8 0.573 0.388 129.81 70.69 45.3 35.64 29.13 2 -6.44e-08 0 0.6577 0.3164 0.003223 0.003116 0.01108 -1 0.02587 -3.625 -5.621 -6.506 -6.915
0.025095 0.25 9.39794 1.661871076 2.55074046 1.362 3.441 3.4808 0.006 8 0.573 0.388 172.97 91.09 57.7 45.57 37.27 2 -9.11e-08 0 0.6577 0.3164 0.003223 0.003116 0.01108 -1 0.02587 -3.832 -5.86 -6.77 -7.202
0.025095 0.25 9.39794 1.661872387 2.550740546 1.351 3.557 3.4614 -0.191 8 0.573 0.388 251.05 129.94 80.98 64.32 52.64 1 -1.49e-07 0 0.6577 0.3164 0.003223 0.003116 0.01108 -1 0.02587 -4.124 -6.191 -7.13 -7.584
0.025095 0.25 9.39794 1.661873937 2.550740646 1.337 3.659 3.4442 -0.366 8 0.574 0.388 323.77 177.64 109.14 87.11 71.35 1 -4.29e-07 0.01 0.6577 0.3164 0.003223 0.003116 0.01108 -1 0.02587 -4.377 -6.472 -7.429 -7.895
0.025095 0.25 9.39794 1.661875725 2.550740763 1.321 3.724 3.4325 -0.483 8 0.574 0.388 383.51 218.8 133.14 106.64 87.38 1 -1.78e-06 0.11 0.6577 0.3164 0.003223 0.003116 0.01108 -1 0.02587 -4.54 -6.583 -7.583 -8.092
0.025095 0.25 9.39794 1.661877871 2.550740902 1.303 3.756 3.426 -0.546 8 0.575 0.388 419.74 244.66 148.08 118.87 97.41 1 -3.85e-06 0.46 0.6577 0.3164 0.003223 0.003116 0.01108 -1 0.02587 -4.619 -6.417 -7.539 -8.166
0.025095 0.25 9.39794 1.661880255 2.550741057 1.283 3.767 3.4226 -0.579 8 0.576 0.388 438.33 258.37 155.94 125.35 102.73 1 -5.05e-06 0.69 0.6577 0.3164 0.003223 0.003116 0.01108 -1 0.02587 -4.649 -6.282 -7.484 -8.182
0.025095 0.25 9.39794 1.661882997 2.550741236 1.26 3.772 3.4204 -0.6 8 0.577 0.388 435.79 -1 -1 -1 -1 1 -5.16e-06 0.71 0.6577 0.3164 0.003223 0.003116 0.01108 -1 0.02587 -4.66 -6.281 -7.491 -8.196
0.025095 0.25 9.39794 1.661883116 2.550741244 1.259 3.694 3.4331 -0.471 8 0.577 0.388 371.22 211.69 128.87 103.35 84.65 1 -1.5e-06 0.09 0.6577 0.3164 0.003223 0.003116 0.01108 -1 0.02587 -4.464 -6.522 -7.514 -8.015
0.025095 0.25 9.39794 1.661883354 2.550741259 1.256 3.568 3.4533 -0.265 8 0.577 0.388 272.79 145.83 90.27 72.01 58.92 1 -1.8e-07 0 0.6577 0.3164 0.003223 0.003116 0.01108 -1 0.02587 -4.149 -6.232 -7.179 -7.637
0.025095 0.25 9.39794 1.661883831 2.55074129 1.249 3.37 3.4852 0.058 8 0.577 0.388 153.03 81.16 51.57 40.79 33.33 2 -8.06e-08 0 0.6577 0.3164 0.003223 0.003116 0.01108 -1 0.02587 -3.654 -5.672 -6.574 -6.998
0.025095 0.25 9.39794 1.661884546 2.550741337 1.24 3.379 3.4829 0.036 8 0.577 0.388 159.98 84.34 53.49 42.35 34.6 1 -8.51e-08 0 0.6577 0.3164 0.003223 0.003116 0.01108 -1 0.02587 -3.679 -5.701 -6.608 -7.036
0.025095 0.25 9.39794 1.6618855 2.550741399 1.227 3.461 3.4686 -0.108 8 0.577 0.388 213.62 108.99 68.32 54.31 44.4 1 -1.21e-07 0 0.6577 0.3164 0.003223 0.003116 0.01108 -1 0.02587 -3.883 -5.936 -6.864 -7.309
0.025095 0.25 9.39794 1.661886692 2.550741476 1.212 3.575 3.4486 -0.307 8 0.578 0.388 286.59 155.75 96.05 76.79 62.83 1 -2.05e-07 0 0.6577 0.3164 0.003223 0.003116 0.01108 -1 0.02587 -4.167 -6.258 -7.209 -7.667
0.025095 0.25 9.39794 1.661888123 2.55074157 1.193 3.673 3.4308 -0.484 8 0.578 0.388 371.78 213.57 129.8 104.32 85.41 1 -1.7e-06 0.1 0.6577 0.3164 0.003223 0.003116 0.01108 -1 0.02587 -4.414 -6.462 -7.462 -7.97
0.025095 0.25 9.39794 1.661889791 2.550741678 1.171 3.737 3.4184 -0.605 8 0.579 0.388 419.99 -1 -1 -1 -1 0 -4.75e-06 0.68 0.6577 0.3164 0.003223 0.003116 0.01108 -1 0.02587 -4.572 -6.218 -7.419 -8.113
0.025095 0.25 9.39794 1.661891818 2.55074181 1.146 3.768 3.4112 -0.674 8 0.579 0.388 415.51 -1 -1 -1 -1 0 -5.35e-06 0.77 0.6577 0.3164 0.003223 0.003116 0.01108 -1 0.02587 -4.649 -6.237 -7.471 -8.194
0.025095 0.25 9.39794 1.661894083 2.550741958 1.119 3.779 3.4069 -0.713 8 0.58 0.388 410.47 -1 -1 -1 -1 0 -5.67e-06 0.81 0.6577 0.3164 0.003223 0.003116 0.01108 -1 0.02587 -4.678 -6.236 -7.486 -8.225
0.025095 0.25 9.39794 1.661896586 2.55074212 1.089 3.784 3.4038 -0.742 8 0.581 0.388 404.89 -1 -1 -1 -1 0 -5.88e-06 0.84 0.6577 0.3164 0.003223 0.003116 0.01108 -1 0.02587 -4.689 -6.225 -7.486 -8.237
0.025095 0.25 9.39794 1.661896706 2.550742128 1.087 3.713 3.4158 -0.623 8 0.581 0.388 404.63 -1 -1 -1 -1 0 -4.53e-06 0.67 0.6577 0.3164 0.003223 0.003116 0.01108 -1 0.02587 -4.511 -6.166 -7.367 -8.057
0.025095 0.25 9.39794 1.661896944 2.550742144 1.083 3.588 3.4369 -0.416 8 0.581 0.388 325.26 184.2 112.46 90.51 74.02 1 -6.87e-07 0.02 0.6577 0.3164 0.003223 0.003116 0.01108 -1 0.02587 -4.2 -6.297 -7.265 -7.74
0.025095 0.25 9.39794 1.661897302 2.550742167 1.076 3.391 3.4703 -0.088 8 0.581 0.388 197.18 101.63 63.72 50.85 41.52 1 -1.19e-07 0 0.6577 0.3164 0.003223 0.003116 0.01108 -1 0.02587 -3.707 -5.757 -6.683 -7.126
0.025095 0.25 9.39794 1.661898017 2.550742213 1.066 3.4 3.4679 -0.111 8 0.581 0.388 203.63 105.79 66.19 52.87 43.17 1 -1.26e-07 0 0.6577 0.3164 0.003223 0.003116 0.01108 -1 0.02587 -3.731 -5.786 -6.715 -7.161
0.025095 0.25 9.39794 1.661898851 2.550742268 1.053 3.48 3.453 -0.256 8 0.581 0.388 252.79 137.06 84.74 67.98 55.54 1 -1.78e-07 0 0.6577 0.3164 0.003223 0.003116 0.01108 -1 0.02587 -3.931 -6.014 -6.962 -7.419
0.025095 0.25 9.39794 1.661900043 2.550742345 1.036 3.592 3.4324 -0.457 8 0.582 0.388 341.45 196.2 119.32 96.28 78.72 1 -1.12e-06 0.06 0.6577 0.3164 0.003223 0.003116 0.01108 -1 0.02587 -4.209 -6.29 -7.272 -7.761
0.025095 0.25 9.39794 1.661901355 2.550742431 1.016 3.688 3.4139 -0.635 8 0.582 0.388 391.01 -1 -1 -1 -1 0 -4.29e-06 0.66 0.6577 0.3164 0.003223 0.003116 0.01108 -1 0.02587 -4.449 -6.117 -7.313 -7.998
0.025095 0.25 9.39794 1.661902904 2.550742532 0.992 3.749 3.401 -0.758 8 0.583 0.388 382.55 -1 -1 -1 -1 0 -5.49e-06 0.82 0.6577 0.3164 0.003223 0.003116 0.01108 -1 0.02587 -4.603 -6.156 -7.41 -8.156
0.025095 0.25 9.39794 1.661904812 2.550742656 0.966 3.779 3.3934 -0.83 8 0.583 0.388 364.33 -1 -1 -1 -1 0 -6.41e-06 0.93 0.6577 0.3164 0.003223 0.003116 0.01108 -1 0.02587 -4.677 -6.151 -7.445 -8.232
0.025095 0.25 9.39794 1.661906838 2.550742788 0.937 3.79 3.3888 -0.873 8 0.584 0.388 344.67 -1 -1 -1 -1 0 -6.99e-06 1.05 0.6577 0.3164 0.003223 0.003116 0.01108 -1 0.02587 -4.705 -6.092 -7.428 -8.252
0.025095 0.25 9.39794 1.661909223 2.550742943 0.905 3.794 3.3853 -0.906 8 0.584 0.388 323.87 -1 -1 -1 -1 0 -7.43e-06 1.16 0.6577 0.3164 0.003223 0.003116 0.01108 -1 0.02587 -4.715 -6.029 -7.398 -8.253
0.025095 0.25 9.39794 1.661923289 2.550743858 0.588 -9.999 4 1.491 9 0.588 0 0 0 0 0 0 -1 -1e-30 0 0.6577 0.3164 0.003223 0.003116 0.01108 -1 0.02587 29.767 30.008 30.033 30.044
