# downloaded from PARSEC/CMD via ezpadova
# Zini MH logAge Mini int_IMF Mass logL logTe logg label McoreTP C_O period0 period1 period2 period3 period4 pmode Mloss tau1m X Y Xc Xn Xo Cexcess Z mbolmag Jmag Hmag Ksmag
0.01471 0 9.60746 0.0900000036 1.081689593 0.09 -3.422 3.3632 5.22 1 0 0.545 0 0 0 0 0 -1 -3.9e-17 0 0.7102 0.275 0.002655 0.0007163 0.006496 -1 0.01476 13.326 11.177 10.573 10.312
0.01471 0 9.60746 0.1000000015 1.171106412 0.1 -3.239 3.3894 5.186 1 0 0.545 0 0 0 0 0 -1 -5.86e-17 0 0.7101 0.2751 0.002655 0.0007163 0.006496 -1 0.01476 12.867 10.719 10.116 9.852
0.01471 0 9.60746 0.1170301512 1.299421431 0.117 -3.009 3.4197 5.146 1 0 0.545 0 0 0 0 0 -1 -9.62e-17 0 0.7098 0.2755 0.002655 0.0007163 0.006496 -1 0.01476 12.293 10.152 9.551 9.282
0.01471 0 9.60746 0.1200000048 1.319315474 0.12 -2.972 3.4246 5.14 1 0 0.545 0 0 0 0 0 -1 -1.04e-16 0 0.7097 0.2755 0.002655 0.0007163 0.006496 -1 0.01476 12.201 10.073 9.471 9.201
0.01471 0 9.60746 0.1400000006 1.438452672 0.14 -2.79 3.4444 5.104 1 0 0.545 0 0 0 0 0 -1 -1.53e-16 0 0.7094 0.2758 0.002655 0.0007163 0.006496 -1 0.01476 11.745 9.664 9.062 8.79
0.01471 0 9.60746 0.1548408419 1.513397607 0.155 -2.683 3.4547 5.082 1 0 0.545 0 0 0 0 0 -1 -1.91e-16 0 0.7092 0.276 0.002655 0.0007163 0.006496 -1 0.01476 11.479 9.423 8.821 8.55
0.01471 0 9.60746 0.1599999964 1.537293155 0.16 -2.649 3.458 5.075 1 0 0.545 0 0 0 0 0 -1 -2.05e-16 0 0.7091 0.2761 0.002655 0.0007163 0.006496 -1 0.01476 11.392 9.345 8.743 8.473
0.01471 0 9.60746 0.200000003 1.693879086 0.2 -2.433 3.4767 5.03 1 0 0.545 0 0 0 0 0 -1 -3.17e-16 0 0.7086 0.2766 0.002655 0.0007163 0.006496 -1 0.01476 10.851 8.851 8.248 7.984
0.01471 0 9.60746 0.25 1.8403258 0.25 -2.227 3.4931 4.988 1 0 0.545 0 0 0 0 0 -1 -4.78e-16 0 0.7081 0.2771 0.002655 0.0007163 0.006496 -1 0.01476 10.338 8.379 7.776 7.52
0.01471 0 9.60746 0.3000000119 1.952913977 0.3 -2.067 3.5038 4.95 1 0 0.545 0 0 0 0 0 -1 -5.18e-16 0 0.7079 0.2773 0.002655 0.0007163 0.006496 -1 0.01476 9.939 8.005 7.399 7.151
0.01471 0 9.60746 0.3457297683 2.03636266 0.346 -1.923 3.5117 4.898 1 0 0.545 0 0 0 0 0 -1 -9.07e-16 0 0.7105 0.2748 0.002655 0.0007163 0.006496 -1 0.01476 9.578 7.663 7.054 6.811
0.01471 0 9.60746 0.3500000238 2.043417513 0.35 -1.91 3.5123 4.894 0 0 0.545 0 0 0 0 0 -1 -9.33e-16 0 0.7106 0.2747 0.002655 0.0007163 0.006496 -1 0.01476 9.546 7.632 7.023 6.781
0.01471 0 9.60746 0.4000000358 2.118502481 0.4 -1.768 3.5235 4.854 0 0 0.545 0 0 0 0 0 -1 -1.27e-15 0 0.7107 0.2746 0.002655 0.0007163 0.006496 -1 0.01476 9.189 7.303 6.688 6.452
0.01471 0 9.60746 0.4500000179 2.182280936 0.45 -1.618 3.5355 4.803 1 0 0.545 0 0 0 0 0 -1 -1.79e-15 0 0.7107 0.2745 0.002655 0.0007163 0.006496 -1 0.01476 8.815 6.96 6.336 6.106
0.01471 0 9.60746 0.5 2.237454153 0.5 -1.462 3.5505 4.753 1 0 0.545 0 0 0 0 0 -1 -2.58e-15 0 0.7107 0.2745 0.002655 0.0007163 0.006496 -1 0.01476 8.425 6.608 5.974 5.751
0.01471 0 9.60746 0.5228532553 2.259833656 0.523 -1.384 3.5595 4.73 1 0 0.545 0 0 0 0 0 -1 -3.1e-15 0 0.7148 0.2706 0.002619 0.0007066 0.006409 -1 0.01457 8.23 6.438 5.797 5.579
0.01471 0 9.60746 0.5500000119 2.283658263 0.55 -1.295 3.5697 4.704 1 0 0.545 0 0 0 0 0 -1 -3.81e-15 0 0.7202 0.2654 0.002572 0.0006941 0.006295 -1 0.01433 8.009 6.245 5.597 5.386
0.01471 0 9.60746 0.6000000238 2.321121326 0.6 -1.129 3.5933 4.671 1 0 0.545 0 0 0 0 0 -1 -5.56e-15 0 0.7217 0.2641 0.002561 0.000691 0.006268 -1 0.01425 7.593 5.893 5.226 5.043
0.01471 0 9.60746 0.6499999762 2.352035311 0.65 -0.962 3.6216 4.652 1 0 0.545 0 0 0 0 0 -1 -8.03e-15 0 0.723 0.2628 0.00255 0.0006881 0.006241 -1 0.01422 7.175 5.54 4.87 4.728
0.01471 0 9.60746 0.7000000477 2.377926726 0.7 -0.801 3.6508 4.64 1 0 0.545 0 0 0 0 0 -1 -1.14e-14 0 0.7243 0.2616 0.00254 0.0006854 0.006218 -1 0.01411 6.773 5.214 4.584 4.477
0.01471 0 9.60746 0.7250072956 2.38934642 0.725 -0.723 3.6653 4.635 1 0 0.541 0 0 0 0 0 -1 -1.34e-14 0 0.725 0.2609 0.002516 0.0006834 0.006205 -1 0.01412 6.578 5.062 4.475 4.379
0.01471 0 9.60746 0.75 2.399888909 0.75 -0.647 3.6793 4.63 1 0 0.537 0 0 0 0 0 -1 -1.58e-14 0 0.7257 0.2602 0.002495 0.0006816 0.006193 -1 0.01409 6.388 4.916 4.377 4.289
0.01471 0 9.60746 0.7879664898 2.414442033 0.788 -0.54 3.6958 4.609 1 0 0.537 0 0 0 0 0 -1 -2.02e-14 0 0.7272 0.2588 0.002483 0.0006783 0.006164 -1 0.01403 6.119 4.7 4.211 4.131
0.01471 0 9.60746 0.8000000119 2.418724441 0.8 -0.506 3.7009 4.603 1 0 0.537 0 0 0 0 0 -1 -2.18e-14 0 0.7277 0.2583 0.002479 0.0006773 0.006154 -1 0.01403 6.036 4.634 4.16 4.084
0.01471 0 9.60746 0.8031721115 2.419828756 0.803 -0.497 3.7022 4.601 1 0 0.537 0 0 0 0 0 -1 -2.23e-14 0 0.7278 0.2582 0.002478 0.0006769 0.006152 -1 0.01402 6.014 4.616 4.147 4.071
0.01471 0 9.60746 0.8500000238 2.435034684 0.85 -0.37 3.721 4.573 1 0 0.537 0 0 0 0 0 -1 -3e-14 0 0.73 0.2561 0.002461 0.0006724 0.00611 -1 0.01391 5.694 4.365 3.949 3.881
0.01471 0 9.60746 0.865108788 2.439538695 0.865 -0.329 3.7265 4.562 1 0 0.537 0 0 0 0 0 -1 -3.31e-14 0 0.7309 0.2553 0.002454 0.0006705 0.006093 -1 0.01386 5.593 4.285 3.884 3.818
0.01471 0 9.60746 0.8999999762 2.449278602 0.899 -0.237 3.739 4.537 1 0 0.537 0 0 0 0 0 -1 -4.13e-14 0 0.733 0.2533 0.002437 0.000666 0.006053 -1 0.01372 5.363 4.104 3.736 3.676
0.01471 0 9.60746 0.9047046304 2.450525974 0.904 -0.225 3.7405 4.533 1 0 0.537 0 0 0 0 0 -1 -4.25e-14 0 0.7333 0.253 0.002434 0.0006653 0.006047 -1 0.0137 5.332 4.08 3.716 3.656
0.01471 0 9.60746 0.9276072979 2.456391027 0.927 -0.165 3.7479 4.514 1 0 0.537 0 0 0 0 0 -1 -4.93e-14 0 0.735 0.2513 0.00242 0.0006616 0.006013 -1 0.01365 5.182 3.963 3.617 3.562
0.01471 0 9.60746 0.9487841725 2.461525391 0.948 -0.11 3.7546 4.495 1 0 0.537 0 0 0 0 0 -1 -5.66e-14 0 0.7367 0.2497 0.002407 0.000658 0.005981 -1 0.01358 5.045 3.856 3.524 3.472
0.01471 0 9.60746 0.9499999881 2.461812187 0.949 -0.107 3.7549 4.494 1 0 0.537 0 0 0 0 0 -1 -5.7e-14 0 0.7368 0.2496 0.002406 0.0006578 0.00598 -1 0.01358 5.037 3.849 3.519 3.467
0.01471 0 9.60746 0.9683384895 2.466037751 0.968 -0.059 3.7601 4.475 1 0 0.536 0 0 0 0 0 -1 -6.44e-14 0 0.7387 0.2478 0.002391 0.0006537 0.005943 -1 0.01351 4.918 3.754 3.435 3.386
0.01471 0 9.60746 0.9865479469 2.470055325 0.986 -0.012 3.7651 4.456 1 0 0.536 0 0 0 0 0 -1 -7.27e-14 0 0.7407 0.2459 0.002375 0.0006495 0.005905 -1 0.01343 4.8 3.66 3.353 3.306
0.01471 0 9.60746 1 2.472915448 1 0.023 3.7687 4.442 1 0 0.536 0 0 0 0 0 -1 -7.95e-14 0 0.7422 0.2445 0.002363 0.0006462 0.005875 -1 0.01336 4.713 3.591 3.292 3.246
0.01471 0 9.60746 1.015212417 2.476045058 1.015 0.062 3.7724 4.424 1 0 0.536 0 0 0 0 0 -1 -8.62e-14 0 0.7445 0.2422 0.002345 0.0006412 0.00583 -1 0.01327 4.615 3.511 3.22 3.177
0.01471 0 9.60746 1.032921672 2.479555129 1.032 0.108 3.7765 4.402 1 0 0.536 0 0 0 0 0 -1 -9.47e-14 0 0.7474 0.2395 0.002322 0.0006349 0.005775 -1 0.01316 4.501 3.418 3.137 3.095
0.01471 0 9.60746 1.049458504 2.482710116 1.049 0.15 3.7802 4.381 1 0 0.536 0 0 0 0 0 -1 -1.04e-13 0 0.7502 0.2367 0.002299 0.0006288 0.00572 -1 0.01303 4.395 3.331 3.057 3.017
0.01471 0 9.60746 1.049999952 2.482811486 1.049 0.151 3.7803 4.381 1 0 0.536 0 0 0 0 0 -1 -1.04e-13 0 0.7503 0.2367 0.002298 0.0006286 0.005718 -1 0.01303 4.391 3.328 3.054 3.015
0.01471 0 9.60746 1.060029626 2.484667727 1.059 0.177 3.7823 4.367 1 0 0.536 0 0 0 0 0 -1 -1.1e-13 0 0.7527 0.2344 0.002279 0.0006235 0.005672 -1 0.01291 4.327 3.274 3.004 2.965
0.01471 0 9.60746 1.07630837 2.487595993 1.075 0.219 3.7854 4.344 1 0 0.535 0 0 0 0 0 -1 -1.2e-13 0 0.7568 0.2305 0.002246 0.0006147 0.005594 -1 0.01273 4.222 3.185 2.922 2.884
0.01471 0 9.60746 1.091334581 2.490209976 1.09 0.257 3.7881 4.323 1 0 0.535 0 0 0 0 0 -1 -1.3e-13 0 0.7608 0.2266 0.002215 0.0006062 0.005517 -1 0.01255 4.127 3.103 2.845 2.809
0.01471 0 9.60746 1.100000024 2.491680148 1.099 0.279 3.7895 4.31 1 0 0.535 0 0 0 0 0 -1 -1.36e-13 0 0.7632 0.2243 0.002196 0.000601 0.005471 -1 0.01245 4.072 3.055 2.801 2.765
0.01471 0 9.60746 1.11430943 2.494050403 1.113 0.314 3.7915 4.288 1 0 0.535 0 0 0 0 0 -1 -1.47e-13 0 0.7649 0.2227 0.002187 0.0005991 0.005453 -1 0.01242 3.985 2.978 2.728 2.693
0.01471 0 9.60746 1.127952099 2.496245936 1.127 0.346 3.793 4.268 1 0 0.534 0 0 0 0 0 -1 -1.57e-13 0 0.7662 0.2214 0.002182 0.0005983 0.005444 -1 0.01241 3.905 2.906 2.659 2.624
0.01471 0 9.60746 1.140121698 2.498153501 1.139 0.375 3.7941 4.248 1 0 0.534 0 0 0 0 0 -1 -1.67e-13 0 0.7671 0.2205 0.00218 0.0005982 0.005441 -1 0.01239 3.833 2.84 2.595 2.561
0.01471 0 9.60746 1.149999976 2.499667814 1.149 0.4 3.7952 4.231 1 0 0.534 0 0 0 0 0 -1 -1.77e-13 0 0.7674 0.2202 0.002182 0.000599 0.005448 -1 0.01241 3.769 2.782 2.54 2.505
0.01471 0 9.60746 1.169065118 2.502507407 1.168 0.439 3.7949 4.198 1 0 0.534 0 0 0 0 0 -1 -1.92e-13 0 0.7662 0.2213 0.002197 0.0006025 0.005488 -1 0.01251 3.672 2.684 2.442 2.407
0.01471 0 9.60746 1.184696674 2.504757349 1.184 0.468 3.7939 4.171 1 0 0.533 0 0 0 0 0 -1 -2.04e-13 0 0.7655 0.2219 0.002208 0.0006044 0.005518 -1 0.01255 3.6 2.607 2.363 2.327
0.01471 0 9.60746 1.19015038 2.505526358 1.189 0.487 3.7948 4.158 1 0 0.533 0 0 0 0 0 -1 -2.14e-13 0 0.7653 0.2221 0.002211 0.000605 0.005528 -1 0.01257 3.554 2.564 2.322 2.287
0.01471 0 9.60746 1.194179654 2.506089327 1.193 0.505 3.796 4.146 1 0 0.533 0 0 0 0 0 -1 -2.24e-13 0 0.7654 0.2221 0.002213 0.0006051 0.005532 -1 0.01257 3.508 2.525 2.286 2.251
0.01471 0 9.60746 1.196711183 2.506440802 1.196 0.521 3.7975 4.136 1 0 0.533 0 0 0 0 0 -1 -2.33e-13 0 0.7655 0.222 0.002213 0.0006049 0.005533 -1 0.01257 3.467 2.492 2.255 2.221
0.01471 0 9.60746 1.198389411 2.506672865 1.197 0.539 3.7993 4.127 1 0 0.533 0 0 0 0 0 -1 -2.45e-13 0 0.7656 0.2219 0.002212 0.0006047 0.005534 -1 0.01256 3.424 2.458 2.225 2.191
0.01471 0 9.60746 1.198966146 2.506752443 1.198 0.55 3.8004 4.12 1 0 0.533 0 0 0 0 0 -1 -2.53e-13 0 0.7656 0.2219 0.002213 0.0006047 0.005534 -1 0.01256 3.395 2.435 2.204 2.171
0.01471 0 9.60746 1.200000048 2.50689488 1.199 0.553 3.8003 4.117 1 0 0.533 0 0 0 0 0 -1 -2.56e-13 0 0.7655 0.2219 0.002213 0.0006048 0.005536 -1 0.01256 3.387 2.426 2.196 2.163
0.01471 0 9.60746 1.221644282 2.509813187 1.221 0.616 3.7988 4.056 2 0 0.533 0 0 0 0 0 -1 -3e-13 0 0.7643 0.2231 0.002223 0.0006069 0.005565 -1 0.01262 3.23 2.261 2.028 1.994
0.01471 0 9.60746 1.239462972 2.512127931 1.238 0.664 3.7956 4.001 2 0 0.532 0 0 0 0 0 -1 -3.41e-13 0 0.7633 0.2241 0.002231 0.0006086 0.005589 -1 0.01266 3.109 2.124 1.885 1.85
0.01471 0 9.60746 1.25 2.513461095 1.249 0.693 3.793 3.965 2 0 0.532 0 0 0 0 0 -1 -3.7e-13 0 0.7627 0.2247 0.002236 0.0006096 0.005602 -1 0.01269 3.037 2.039 1.795 1.758
0.01471 0 9.60746 1.258473515 2.514514577 1.258 0.713 3.789 3.932 2 0 0.532 0 0 0 0 0 -1 -3.94e-13 0 0.7616 0.2257 0.002244 0.0006117 0.005621 -1 0.01274 2.987 1.968 1.716 1.678
0.01471 0 9.60746 1.269729972 2.515889073 1.269 0.734 3.7794 3.877 2 0 0.533 0 0 0 0 0 -1 -4.27e-13 0 0.756 0.2311 0.002284 0.0006224 0.005717 -1 0.01298 2.935 1.869 1.596 1.555
0.01471 0 9.60746 1.279333591 2.517039783 1.278 0.723 3.7625 3.823 2 0 0.534 0 0 0 0 0 -1 -4.33e-13 0 0.7414 0.245 0.002388 0.0006501 0.005965 -1 0.01351 2.962 1.814 1.503 1.454
0.01471 0 9.60746 1.285690904 2.517790654 1.285 0.691 3.7436 3.783 2 0 0.535 0 0 0 0 0 -1 -4.14e-13 0 0.7281 0.2578 0.002487 0.0006763 0.006201 -1 0.01408 3.043 1.812 1.454 1.396
0.01471 0 9.60746 1.288680434 2.518140808 1.288 0.671 3.7324 3.758 2 0 0.535 0 0 0 0 0 -1 -4.04e-13 0 0.7229 0.2628 0.002525 0.0006866 0.006292 -1 0.01429 3.092 1.815 1.428 1.366
0.01471 0 9.60746 1.290420294 2.518343733 1.29 0.66 3.7256 3.743 2 0 0.535 0 0 0 0 0 -1 -3.99e-13 0 0.7204 0.2652 0.002543 0.0006915 0.006335 -1 0.01439 3.12 1.817 1.411 1.346
0.01471 0 9.60746 1.29183805 2.518508625 1.291 0.657 3.7206 3.726 2 0 0.535 0 0 0 0 0 -1 -4.01e-13 0 0.7187 0.2668 0.002554 0.0006946 0.006362 -1 0.01445 3.128 1.806 1.386 1.319
0.01471 0 9.60746 1.292873025 2.518628736 1.292 0.659 3.7175 3.712 2 0 0.535 0 0 0 0 0 -1 -4.08e-13 0 0.7178 0.2678 0.002559 0.0006962 0.006375 -1 0.01448 3.122 1.788 1.36 1.291
0.01471 0 9.60746 1.294125676 2.518773813 1.293 0.665 3.714 3.693 2 0 0.535 0 0 0 0 0 -1 -4.21e-13 0 0.7166 0.2689 0.002564 0.000698 0.006389 -1 0.0145 3.107 1.761 1.323 1.252
0.01471 0 9.60746 1.295814514 2.518968896 1.295 0.675 3.7097 3.666 2 0 0.535 0 0 0 0 0 -1 -4.4e-13 0 0.7152 0.2703 0.00257 0.0007002 0.006407 -1 0.01453 3.083 1.721 1.27 1.197
0.01471 0 9.60746 1.297352672 2.519146066 1.296 0.687 3.7062 3.641 2 0 0.534 0 0 0 0 0 -1 -4.63e-13 0 0.7138 0.2716 0.002574 0.0007021 0.006421 -1 0.01456 3.053 1.679 1.217 1.143
0.01471 0 9.60746 1.299999952 2.519449859 1.299 0.727 3.7032 3.59 3 0 0.521 0 0 0 0 0 -1 -5.35e-13 0 0.711 0.2744 0.002516 0.0007474 0.006436 -1 0.01462 2.953 1.568 1.098 1.022
0.01471 0 9.60746 1.300098658 2.519461159 1.299 0.728 3.7031 3.588 3 0 0.52 0 0 0 0 0 -1 -5.37e-13 0 0.7109 0.2745 0.002514 0.0007491 0.006436 -1 0.01462 2.949 1.564 1.094 1.018
0.01471 0 9.60746 1.303035736 2.519796489 1.302 0.775 3.7006 3.532 3 0 0.491 0 0 0 0 0 -1 -6.33e-13 0 0.7076 0.2777 0.002377 0.0008956 0.006449 -1 0.01464 2.832 1.438 0.961 0.883
0.01471 0 9.60746 1.306027174 2.520136243 1.305 0.83 3.6984 3.469 3 0 0.455 0 0 0 0 0 -1 -7.64e-13 0 0.7039 0.2814 0.002208 0.001103 0.006459 -1 0.01472 2.694 1.293 0.809 0.731
0.01471 0 9.60746 1.308544278 2.520420741 1.308 0.882 3.6966 3.411 3 0 0.434 0 0 0 0 0 -1 -9.14e-13 0 0.7009 0.2844 0.002106 0.001231 0.006466 -1 0.01472 2.564 1.157 0.668 0.588
0.01471 0 9.60746 1.310851216 2.520680382 1.31 0.935 3.6949 3.351 3 0 0.42 0 0 0 0 0 -1 -1.1e-12 0 0.6983 0.287 0.002038 0.001316 0.006471 -1 0.01477 2.432 1.018 0.524 0.443
0.01471 0 9.60746 1.312879324 2.520907774 1.312 0.987 3.6931 3.293 3 0 0.411 0 0 0 0 0 -1 -1.32e-12 0 0.6965 0.2887 0.001998 0.001367 0.006474 -1 0.01482 2.302 0.882 0.383 0.301
0.01471 0 9.60746 1.314777494 2.521119867 1.314 1.041 3.6912 3.232 3 0 0.406 0 0 0 0 0 -1 -1.59e-12 0 0.6952 0.29 0.001972 0.0014 0.006476 -1 0.01483 2.167 0.741 0.236 0.153
0.01471 0 9.60746 1.316355705 2.521295674 1.315 1.091 3.6893 3.176 3 0 0.403 0 0 0 0 0 -1 -1.89e-12 0 0.6944 0.2908 0.001957 0.001419 0.006478 -1 0.01479 2.043 0.61 0.1 0.016
0.01471 0 9.60746 1.317812681 2.521457546 1.317 1.141 3.6873 3.118 3 0 0.401 0 0 0 0 0 -1 -2.26e-12 0 0.6939 0.2913 0.001947 0.001431 0.006479 -1 0.01478 1.918 0.478 -0.038 -0.123
0.01471 0 9.60746 1.319085121 2.521598579 1.318 1.189 3.6853 3.062 3 0 0.399 0 0 0 0 0 -1 -2.68e-12 0 0.6936 0.2916 0.001941 0.001439 0.00648 -1 0.01482 1.797 0.351 -0.171 -0.257
0.01471 0 9.60746 1.320210457 2.521723047 1.319 1.236 3.6833 3.007 3 0 0.399 0 0 0 0 0 -1 -3.17e-12 0 0.6935 0.2917 0.001938 0.001443 0.00648 -1 0.0148 1.679 0.226 -0.302 -0.389
0.01471 0 9.60746 1.321205735 2.521832927 1.32 1.282 3.6812 2.954 3 0 0.398 0 0 0 0 0 -1 -3.74e-12 0 0.6935 0.2918 0.001936 0.001445 0.00648 -1 0.01476 1.565 0.106 -0.428 -0.517
0.01471 0 9.60746 1.322087645 2.521930132 1.321 1.326 3.6791 2.902 3 0 0.398 0 0 0 0 0 -1 -4.38e-12 0 0.6935 0.2918 0.001935 0.001446 0.006481 -1 0.01476 1.455 -0.011 -0.551 -0.642
0.01471 0 9.60746 1.322898507 2.522019375 1.322 1.37 3.677 2.849 3 0 0.398 0 0 0 0 0 -1 -5.15e-12 0 0.6935 0.2918 0.001934 0.001447 0.006481 -1 0.01476 1.344 -0.129 -0.676 -0.767
0.01471 0 9.60746 1.323642969 2.522101199 1.322 1.414 3.6748 2.796 3 0 0.398 0 0 0 0 0 -1 -6.03e-12 0 0.6935 0.2918 0.001934 0.001448 0.006481 -1 0.01476 1.235 -0.245 -0.799 -0.892
0.01471 0 9.60746 1.324300408 2.52217337 1.323 1.456 3.6727 2.747 3 0 0.398 0 0 0 0 0 -1 -7.02e-12 0 0.6935 0.2918 0.001933 0.001449 0.006481 -1 0.01476 1.131 -0.355 -0.916 -1.01
0.01471 0 9.60746 1.324919939 2.522241305 1.324 1.497 3.6705 2.697 3 0 0.397 0 0 0 0 0 -1 -8.16e-12 0 0.6934 0.2918 0.001932 0.001449 0.006481 -1 0.01476 1.028 -0.465 -1.032 -1.128
0.01471 0 9.60746 1.325497866 2.522304611 1.324 1.534 3.6685 2.652 3 0 0.397 0 0 0 0 0 -1 -9.33e-12 0 0.6934 0.2918 0.001932 0.00145 0.006481 -1 0.01476 0.936 -0.563 -1.135 -1.233
0.01471 0 9.60746 1.326095223 2.522369979 1.325 1.569 3.6666 2.61 3 0 0.397 0 0 0 0 0 -1 -1.06e-11 0 0.6934 0.2918 0.001931 0.001451 0.006482 -1 0.01476 0.848 -0.656 -1.235 -1.334
0.01471 0 9.60746 1.326611996 2.522426475 1.325 1.591 3.6655 2.584 3 0 0.397 0 0 0 0 0 -1 -1.16e-11 0 0.6934 0.2918 0.001931 0.001451 0.006482 -1 0.01476 0.794 -0.713 -1.296 -1.396
0.01471 0 9.60746 1.326953888 2.522463824 1.326 1.575 3.6666 2.604 3 0 0.397 0 0 0 0 0 -1 -1.1e-11 0 0.6934 0.2918 0.00193 0.001452 0.006482 -1 0.01476 0.833 -0.671 -1.25 -1.349
0.01471 0 9.60746 1.32742846 2.52251563 1.326 1.538 3.669 2.651 3 0 0.397 0 0 0 0 0 -1 -9.58e-12 0 0.6934 0.2918 0.00193 0.001452 0.006482 -1 0.01476 0.925 -0.572 -1.143 -1.241
0.01471 0 9.60746 1.327458143 2.522518869 1.326 1.536 3.6692 2.654 3 0 0.397 0 0 0 0 0 -1 -9.46e-12 0 0.6934 0.2918 0.00193 0.001452 0.006482 -1 0.01476 0.931 -0.566 -1.136 -1.234
0.01471 0 9.60746 1.327534556 2.522527206 1.326 1.542 3.6688 2.646 3 0 0.397 0 0 0 0 0 -1 -9.64e-12 0 0.6934 0.2918 0.00193 0.001452 0.006482 -1 0.01476 0.915 -0.582 -1.154 -1.252
0.01471 0 9.60746 1.328050137 2.522583431 1.326 1.587 3.6663 2.591 3 0 0.397 0 0 0 0 0 -1 -1.13e-11 0 0.6934 0.2918 0.001929 0.001453 0.006482 -1 0.01476 0.803 -0.702 -1.281 -1.381
0.01471 0 9.60746 1.328578114 2.522640956 1.327 1.633 3.6636 2.534 3 0 0.397 0 0 0 0 0 -1 -1.33e-11 0 0.6934 0.2918 0.001929 0.001454 0.006482 -1 0.01476 0.687 -0.825 -1.413 -1.516
0.01471 0 9.60746 1.329057813 2.522693175 1.327 1.678 3.661 2.479 3 0 0.397 0 0 0 0 0 -1 -1.57e-11 0 0.6934 0.2918 0.001928 0.001454 0.006482 -1 0.01476 0.575 -0.945 -1.541 -1.645
0.01471 0 9.60746 1.32950139 2.522741423 1.328 1.723 3.6583 2.424 3 0 0.396 0 0 0 0 0 -1 -1.86e-11 0 0.6934 0.2918 0.001928 0.001455 0.006483 -1 0.01476 0.463 -1.065 -1.669 -1.775
0.01471 0 9.60746 1.32991302 2.522786163 1.328 1.767 3.6555 2.368 3 0 0.396 0 0 0 0 0 -1 -2.19e-11 0 0.6934 0.2918 0.001927 0.001455 0.006483 -1 0.01476 0.351 -1.185 -1.797 -1.906
0.01471 0 9.60746 1.330286264 2.522826703 1.328 1.811 3.6528 2.313 3 0 0.396 0 0 0 0 0 -1 -2.58e-11 0 0.6934 0.2918 0.001927 0.001456 0.006483 -1 0.01476 0.241 -1.303 -1.923 -2.035
0.01471 0 9.60746 1.330631256 2.522864152 1.329 1.855 3.65 2.258 3 0 0.396 0 0 0 0 0 -1 -3.04e-11 0 0.6934 0.2918 0.001927 0.001456 0.006483 -1 0.01476 0.132 -1.421 -2.049 -2.163
0.01471 0 9.60746 1.330956459 2.522899432 1.329 1.9 3.6472 2.202 3 0 0.396 0 0 0 0 0 -1 -3.59e-11 0 0.6934 0.2918 0.001926 0.001456 0.006483 -1 0.01476 0.02 -1.54 -2.177 -2.294
0.01471 0 9.60746 1.331247687 2.52293101 1.329 1.943 3.6444 2.148 3 0 0.396 0 0 0 0 0 -1 -4.23e-11 0 0.6934 0.2918 0.001926 0.001457 0.006483 -1 0.01476 -0.088 -1.656 -2.302 -2.422
0.01471 0 9.60746 1.331514358 2.52295991 1.329 1.986 3.6415 2.093 3 0 0.396 0 0 0 0 0 -1 -4.96e-11 0 0.6934 0.2918 0.001926 0.001457 0.006483 -1 0.01476 -0.196 -1.772 -2.426 -2.549
0.01471 0 9.60746 1.331758976 2.52298641 1.329 2.029 3.6386 2.039 3 0 0.396 0 0 0 0 0 -1 -5.83e-11 0 0.6934 0.2918 0.001926 0.001457 0.006483 -1 0.01476 -0.303 -1.886 -2.549 -2.675
0.01471 0 9.60746 1.331987858 2.523011194 1.329 2.072 3.6357 1.984 3 0 0.396 0 0 0 0 0 -1 -6.86e-11 0 0.6934 0.2918 0.001925 0.001458 0.006483 -1 0.01476 -0.411 -2.002 -2.673 -2.803
0.01471 0 9.60746 1.332192421 2.523033336 1.329 2.114 3.6328 1.93 3 0 0.396 0 0 0 0 0 -1 -8.04e-11 0 0.6934 0.2918 0.001925 0.001458 0.006483 -1 0.01476 -0.516 -2.113 -2.788 -2.923
0.01471 0 9.60746 1.332387328 2.523054427 1.329 2.158 3.6297 1.875 3 0 0.396 0 0 0 0 0 -1 -9.47e-11 0 0.6934 0.2918 0.001925 0.001458 0.006483 -1 0.01476 -0.624 -2.227 -2.906 -3.047
0.01471 0 9.60746 1.332561612 2.523073279 1.329 2.199 3.6268 1.821 3 0 0.396 0 0 0 0 0 -1 -1.11e-10 0 0.6934 0.2918 0.001925 0.001458 0.006483 -1 0.01476 -0.729 -2.336 -3.02 -3.167
0.01471 0 9.60746 1.332724452 2.523090889 1.329 2.242 3.6238 1.767 3 0 0.396 0 0 0 0 0 -1 -1.3e-10 0 0.6934 0.2918 0.001925 0.001458 0.006483 -1 0.01476 -0.834 -2.447 -3.134 -3.288
0.01471 0 9.60746 1.332874775 2.52310714 1.329 2.283 3.6207 1.713 3 0 0.396 0 0 0 0 0 -1 -1.52e-10 0 0.6934 0.2918 0.001925 0.001459 0.006483 -1 0.01476 -0.939 -2.557 -3.248 -3.409
0.01471 0 9.60746 1.333013535 2.523122138 1.329 2.325 3.6177 1.659 3 0 0.396 0 0 0 0 0 -1 -1.79e-10 0 0.6934 0.2918 0.001924 0.001459 0.006483 -1 0.01476 -1.043 -2.666 -3.362 -3.529
0.01471 0 9.60746 1.333141923 2.523136012 1.329 2.367 3.6146 1.605 3 0 0.396 0 0 0 0 0 -1 -2.09e-10 0 0.6934 0.2918 0.001924 0.001459 0.006484 -1 0.01476 -1.147 -2.775 -3.476 -3.649
0.01471 0 9.60746 1.33325994 2.523148762 1.329 2.408 3.6115 1.552 3 0 0.396 0 0 0 0 0 -1 -2.45e-10 0 0.6934 0.2918 0.001924 0.001459 0.006484 -1 0.01476 -1.25 -2.882 -3.588 -3.768
0.01471 0 9.60746 1.333368659 2.523160505 1.329 2.449 3.6084 1.498 3 0 0.396 0 0 0 0 0 -1 -2.86e-10 0 0.6934 0.2918 0.001924 0.001459 0.006484 -1 0.01476 -1.352 -2.988 -3.699 -3.887
0.01471 0 9.60746 1.333470941 2.523171551 1.329 2.49 3.6052 1.444 3 0 0.396 0 0 0 0 0 -1 -3.35e-10 0 0.6934 0.2918 0.001924 0.001459 0.006484 -1 0.01476 -1.455 -3.099 -3.819 -4.011
0.01471 0 9.60746 1.333562732 2.523181462 1.328 2.53 3.6021 1.392 3 0 0.396 10.1 7.4 5.24 3.99 3.25 4 -3.91e-10 0 0.6934 0.2918 0.001924 0.001459 0.006484 -1 0.01476 -1.555 -3.206 -3.934 -4.132
0.01471 0 9.60746 1.333647489 2.523190613 1.328 2.569 3.5989 1.339 3 0 0.396 11.25 8.13 5.74 4.38 3.56 4 -4.55e-10 0 0.6934 0.2918 0.001924 0.001459 0.006484 -1 0.01476 -1.654 -3.312 -4.049 -4.252
0.01471 0 9.60746 1.333728552 2.523199363 1.328 2.61 3.5956 1.286 3 0 0.395 12.55 8.96 6.3 4.81 3.91 4 -5.32e-10 0 0.6934 0.2918 0.001924 0.001459 0.006484 -1 0.01476 -1.755 -3.422 -4.167 -4.376
0.01471 0 9.60746 1.333800793 2.52320716 1.327 2.649 3.5924 1.234 3 0 0.395 13.95 9.83 6.88 5.26 4.28 4 -6.18e-10 0 0.6934 0.2918 0.001924 0.00146 0.006484 -1 0.01476 -1.852 -3.526 -4.28 -4.494
0.01471 0 9.60746 1.333869457 2.52321457 1.327 2.688 3.5891 1.181 3 0 0.395 15.54 10.82 7.54 5.77 4.7 4 -7.19e-10 0 0.6934 0.2918 0.001924 0.00146 0.006484 -1 0.01476 -1.95 -3.632 -4.395 -4.614
0.01471 0 9.60746 1.333934665 2.523221607 1.327 2.728 3.5858 1.128 3 0 0.395 17.32 11.91 8.26 6.34 5.16 4 -8.38e-10 0 0.6934 0.2918 0.001924 0.00146 0.006484 -1 0.01476 -2.049 -3.739 -4.511 -4.735
0.01471 0 9.60746 1.33399272 2.52322787 1.326 2.765 3.5825 1.078 3 0 0.395 19.21 13.05 9.01 6.93 5.64 3 -9.7e-10 0 0.6934 0.2918 0.001923 0.00146 0.006484 -1 0.01476 -2.143 -3.84 -4.621 -4.851
0.01471 0 9.60746 1.334047794 2.523233812 1.326 2.803 3.5791 1.026 3 0 0.395 21.35 14.32 9.85 7.58 6.17 3 -1.13e-09 0 0.6934 0.2918 0.001923 0.00146 0.006484 -1 0.01476 -2.237 -3.943 -4.732 -4.968
0.01471 0 9.60746 1.334100008 2.523239445 1.325 2.841 3.5757 0.974 3 0 0.395 23.74 15.73 10.78 8.3 6.76 3 -1.31e-09 0 0.6934 0.2918 0.001923 0.00146 0.006484 -1 0.01476 -2.333 -4.048 -4.845 -5.087
0.01471 0 9.60746 1.334159732 2.523245887 1.324 2.888 3.5713 0.91 3 0 0.395 27.08 17.67 12.04 9.29 7.57 3 -1.57e-09 0 0.6934 0.2918 0.001923 0.00146 0.006484 -1 0.01476 -2.449 -4.176 -4.983 -5.233
0.01471 0 9.60746 1.334213615 2.523251698 1.323 2.933 3.567 0.847 3 0 0.395 30.79 19.79 13.42 10.37 8.45 3 -1.88e-09 0 0.6934 0.2918 0.001923 0.00146 0.006484 -1 0.01476 -2.562 -4.302 -5.118 -5.375
0.01471 0 9.60746 1.334263563 2.523257085 1.322 2.977 3.5626 0.784 3 0 0.395 34.99 22.16 14.95 11.58 9.43 3 -2.24e-09 0 0.6934 0.2918 0.001923 0.00146 0.006484 -1 0.01476 -2.674 -4.427 -5.252 -5.516
0.01471 0 9.60746 1.334309816 2.523262072 1.321 3.021 3.5581 0.722 3 0 0.395 39.72 24.78 16.63 12.9 10.52 3 -2.67e-09 0 0.6934 0.2918 0.001923 0.00146 0.006484 -1 0.01476 -2.784 -4.55 -5.384 -5.655
0.01471 0 9.60746 1.334352851 2.523266713 1.32 3.065 3.5537 0.66 3 0 0.395 45.08 27.71 18.51 14.38 11.72 2 -3.18e-09 0 0.6934 0.2918 0.001923 0.00146 0.006484 -1 0.01476 -2.893 -4.672 -5.515 -5.794
0.01471 0 9.60746 1.334392548 2.523270993 1.318 3.108 3.5491 0.599 3 0 0.395 51.1 30.96 20.57 16.01 13.06 2 -3.79e-09 0 0.6934 0.2918 0.001923 0.00146 0.006484 -1 0.01476 -3 -4.793 -5.644 -5.932
0.01471 0 9.60746 1.334429979 2.523275028 1.317 3.151 3.5445 0.537 3 0 0.395 58 34.62 22.89 17.84 14.55 2 -4.51e-09 0 0.6934 0.2918 0.001923 0.00146 0.006484 -1 0.01476 -3.107 -4.916 -5.774 -6.07
0.01471 0 9.60746 1.334464431 2.523278742 1.315 3.193 3.5399 0.476 3 0 0.395 65.69 38.64 25.42 19.85 16.19 2 -5.36e-09 0 0.6934 0.2918 0.001923 0.00146 0.006484 -1 0.01476 -3.212 -5.035 -5.901 -6.206
0.01471 0 9.60746 1.334496856 2.523282238 1.313 3.235 3.5352 0.415 3 0 0.395 74.42 43.14 28.24 22.09 18.02 2 -6.36e-09 0 0.6934 0.2918 0.001923 0.00146 0.006484 -1 0.01476 -3.316 -5.156 -6.028 -6.342
0.01471 0 9.60746 1.334527135 2.523285502 1.311 3.275 3.5305 0.354 3 0 0.395 84.22 48.11 31.34 24.55 20.04 2 -7.54e-09 0 0.6934 0.2918 0.001923 0.00146 0.006484 -1 0.01476 -3.419 -5.275 -6.152 -6.476
0.01471 0 9.60746 1.334555507 2.52328856 1.309 3.316 3.5257 0.294 3 0 0.395 95.29 53.64 34.77 27.29 22.28 2 -8.94e-09 0 0.6934 0.2918 0.001923 0.00146 0.006484 -1 0.01476 -3.52 -5.393 -6.275 -6.608
0.01471 0 9.60746 1.334581613 2.523291373 1.306 3.355 3.5209 0.235 3 0 0.395 107.42 59.62 38.45 30.23 24.69 2 -1.05e-08 0 0.6934 0.2918 0.001923 0.00146 0.006484 -1 0.01476 -3.617 -5.507 -6.393 -6.737
0.01471 0 9.60746 1.334607005 2.52329411 1.303 3.392 3.5163 0.179 3 0 0.395 120.48 65.96 42.35 33.34 27.24 2 -1.24e-08 0 0.6934 0.2918 0.001923 0.00146 0.006484 -1 0.01476 -3.709 -5.614 -6.505 -6.859
0.01471 0 9.60746 1.334614158 2.523294881 1.303 3.401 3.515 0.164 3 0 0.395 124.27 67.79 43.47 34.24 27.97 2 -1.3e-08 0 0.6934 0.2918 0.001923 0.001461 0.006484 -1 0.01476 -3.734 -5.643 -6.535 -6.892
0.01471 0 9.60746 1.334614158 2.523294881 1.303 1.732 3.6737 2.468 4 0 0.401 0 0 0 0 0 -1 -1e-30 0 0.6895 0.2956 0.001952 0.001459 0.006497 -1 0.01487 0.44 -1.043 -1.597 -1.693
0.01471 0 9.60746 1.33492291 2.523328147 1.303 1.744 3.6728 2.452 4 0 0.4 0 0 0 0 0 -1 -1e-30 0 0.6895 0.2956 0.001952 0.001459 0.006497 -1 0.01487 0.41 -1.077 -1.633 -1.729
0.01471 0 9.60746 1.335243106 2.523362628 1.303 1.749 3.6725 2.446 4 0 0.4 0 0 0 0 0 -1 -1e-30 0 0.6895 0.2956 0.001951 0.00146 0.006497 -1 0.01487 0.398 -1.09 -1.647 -1.744
0.01471 0 9.60746 1.335565209 2.523397295 1.304 1.749 3.6727 2.447 4 0 0.4 0 0 0 0 0 -1 -1e-30 0 0.6895 0.2956 0.001951 0.00146 0.006497 -1 0.01487 0.398 -1.09 -1.646 -1.743
0.01471 0 9.60746 1.335888624 2.523432084 1.304 1.748 3.673 2.45 4 0 0.4 0 0 0 0 0 -1 -1e-30 0 0.6895 0.2956 0.001951 0.001461 0.006497 -1 0.01487 0.401 -1.085 -1.641 -1.737
0.01471 0 9.60746 1.33621943 2.523467648 1.304 1.746 3.6734 2.453 4 0 0.4 0 0 0 0 0 -1 -1e-30 0 0.6895 0.2956 0.00195 0.001461 0.006497 -1 0.01487 0.405 -1.08 -1.634 -1.73
0.01471 0 9.60746 1.336539864 2.523502077 1.305 1.744 3.6738 2.456 4 0 0.4 0 0 0 0 0 -1 -1e-30 0 0.6895 0.2956 0.00195 0.001462 0.006497 -1 0.01487 0.409 -1.075 -1.628 -1.724
0.01471 0 9.60746 1.336864829 2.523536974 1.305 1.743 3.6741 2.459 4 0 0.4 0 0 0 0 0 -1 -1e-30 0 0.6895 0.2956 0.00195 0.001462 0.006497 -1 0.01487 0.412 -1.071 -1.622 -1.718
0.01471 0 9.60746 1.337188363 2.523571698 1.305 1.742 3.6744 2.462 4 0 0.4 0 0 0 0 0 -1 -1e-30 0 0.6895 0.2956 0.001949 0.001462 0.006497 -1 0.01487 0.416 -1.066 -1.617 -1.712
0.01471 0 9.60746 1.337495923 2.523604689 1.306 1.741 3.6747 2.464 4 0 0.4 0 0 0 0 0 -1 -1e-30 0 0.6895 0.2956 0.001949 0.001463 0.006497 -1 0.01487 0.419 -1.062 -1.612 -1.707
0.01471 0 9.60746 1.33779788 2.523637063 1.306 1.74 3.675 2.466 4 0 0.4 0 0 0 0 0 -1 -1e-30 0 0.6895 0.2956 0.001949 0.001463 0.006497 -1 0.01487 0.421 -1.059 -1.609 -1.704
0.01471 0 9.60746 1.338119388 2.523671514 1.307 1.739 3.6753 2.468 4 0 0.4 0 0 0 0 0 -1 -1e-30 0 0.6895 0.2956 0.001948 0.001464 0.006497 -1 0.01487 0.423 -1.057 -1.605 -1.7
0.01471 0 9.60746 1.338425398 2.523704287 1.307 1.739 3.6755 2.47 4 0 0.4 0 0 0 0 0 -1 -1e-30 0 0.6895 0.2956 0.001948 0.001464 0.006497 -1 0.01487 0.424 -1.055 -1.603 -1.697
0.01471 0 9.60746 1.338732123 2.523737119 1.307 1.738 3.6757 2.471 4 0 0.4 0 0 0 0 0 -1 -1e-30 0 0.6895 0.2956 0.001948 0.001464 0.006497 -1 0.01487 0.424 -1.053 -1.601 -1.695
0.01471 0 9.60746 1.339069366 2.523773197 1.308 1.738 3.6759 2.472 4 0 0.4 0 0 0 0 0 -1 -1e-30 0 0.6895 0.2956 0.001947 0.001465 0.006497 -1 0.01487 0.425 -1.052 -1.599 -1.693
0.01471 0 9.60746 1.339106798 2.523777201 1.308 1.738 3.6759 2.472 4 0 0.4 0 0 0 0 0 -1 -1e-30 0 0.6895 0.2956 0.001947 0.001465 0.006497 -1 0.01487 0.425 -1.052 -1.599 -1.693
0.01471 0 9.60746 1.33914268 2.523781038 1.308 1.738 3.676 2.472 4 0 0.399 0 0 0 0 0 -1 -1e-30 0 0.6895 0.2956 0.001947 0.001465 0.006497 -1 0.01487 0.425 -1.052 -1.598 -1.693
0.01471 0 9.60746 1.339470863 2.523816123 1.308 1.738 3.6762 2.473 4 0 0.399 0 0 0 0 0 -1 -1e-30 0 0.6895 0.2956 0.001947 0.001465 0.006497 -1 0.01487 0.425 -1.051 -1.597 -1.691
0.01471 0 9.60746 1.339800239 2.523851315 1.308 1.738 3.6763 2.474 4 0 0.399 0 0 0 0 0 -1 -1e-30 0 0.6895 0.2956 0.001946 0.001466 0.006497 -1 0.01487 0.425 -1.051 -1.596 -1.691
0.01471 0 9.60746 1.34012568 2.523886068 1.309 1.738 3.6764 2.474 4 0 0.399 0 0 0 0 0 -1 -1e-30 0 0.6895 0.2956 0.001946 0.001466 0.006497 -1 0.01487 0.424 -1.052 -1.597 -1.691
0.01471 0 9.60746 1.340465665 2.523922353 1.309 1.739 3.6765 2.474 4 0 0.399 0 0 0 0 0 -1 -1e-30 0 0.6895 0.2956 0.001946 0.001467 0.006497 -1 0.01487 0.423 -1.053 -1.597 -1.691
0.01471 0 9.60746 1.340803385 2.523958376 1.31 1.74 3.6766 2.474 4 0 0.399 0 0 0 0 0 -1 -1e-30 0 0.6895 0.2956 0.001945 0.001467 0.006497 -1 0.01487 0.42 -1.055 -1.599 -1.693
0.01471 0 9.60746 1.341146588 2.523994962 1.31 1.741 3.6766 2.473 4 0 0.399 0 0 0 0 0 -1 -1e-30 0 0.6895 0.2956 0.001945 0.001468 0.006497 -1 0.01487 0.417 -1.058 -1.602 -1.696
0.01471 0 9.60746 1.341444135 2.524026663 1.31 1.742 3.6766 2.471 4 0 0.399 0 0 0 0 0 -1 -1e-30 0 0.6895 0.2956 0.001945 0.001468 0.006497 -1 0.01487 0.414 -1.061 -1.605 -1.699
0.01471 0 9.60746 1.341482282 2.524030726 1.31 1.743 3.6766 2.471 4 0 0.399 0 0 0 0 0 -1 -1e-30 0 0.6895 0.2956 0.001944 0.001468 0.006497 -1 0.01487 0.413 -1.062 -1.606 -1.7
0.01471 0 9.60746 1.341788769 2.524063361 1.311 1.745 3.6765 2.469 4 0 0.399 0 0 0 0 0 -1 -1e-30 0 0.6895 0.2956 0.001944 0.001468 0.006497 -1 0.01487 0.409 -1.067 -1.611 -1.705
0.01471 0 9.60746 1.342101335 2.524096626 1.311 1.747 3.6764 2.466 4 0 0.399 0 0 0 0 0 -1 -1e-30 0 0.6895 0.2956 0.001944 0.001469 0.006497 -1 0.01487 0.403 -1.073 -1.618 -1.712
0.01471 0 9.60746 1.342420101 2.524130532 1.311 1.75 3.6762 2.463 4 0 0.399 0 0 0 0 0 -1 -1e-30 0 0.6895 0.2956 0.001943 0.001469 0.006497 -1 0.01487 0.396 -1.08 -1.626 -1.72
0.01471 0 9.60746 1.342728496 2.524163317 1.312 1.753 3.676 2.459 4 0 0.399 0 0 0 0 0 -1 -1e-30 0 0.6895 0.2957 0.001943 0.00147 0.006497 -1 0.01487 0.388 -1.09 -1.635 -1.73
0.01471 0 9.60746 1.343044519 2.524196895 1.312 1.757 3.6757 2.453 4 0 0.399 0 0 0 0 0 -1 -1e-30 0 0.6895 0.2957 0.001943 0.00147 0.006497 -1 0.01487 0.377 -1.101 -1.648 -1.743
0.01471 0 9.60746 1.343353748 2.524229734 1.312 1.762 3.6753 2.447 4 0 0.399 0 0 0 0 0 -1 -1e-30 0 0.6895 0.2957 0.001942 0.00147 0.006497 -1 0.01487 0.365 -1.114 -1.662 -1.757
0.01471 0 9.60746 1.343658209 2.524262049 1.313 1.767 3.6749 2.44 4 0 0.398 0 0 0 0 0 -1 -1e-30 0 0.6895 0.2957 0.001942 0.001471 0.006497 -1 0.01487 0.352 -1.129 -1.678 -1.774
0.01471 0 9.60746 1.343968868 2.524295005 1.313 1.774 3.6743 2.431 4 0 0.398 0 0 0 0 0 -1 -1e-30 0 0.6895 0.2957 0.001942 0.001471 0.006497 -1 0.01487 0.334 -1.149 -1.7 -1.796
0.01471 0 9.60746 1.344284177 2.524328437 1.313 1.784 3.6734 2.418 4 0 0.398 0 0 0 0 0 -1 -1e-30 0 0.6895 0.2957 0.001941 0.001472 0.006497 -1 0.01487 0.31 -1.176 -1.729 -1.825
0.01471 0 9.60746 1.34460628 2.52436257 1.314 1.795 3.6724 2.403 4 0 0.398 0 0 0 0 0 -1 -1e-30 0 0.6895 0.2957 0.001941 0.001472 0.006497 -1 0.01487 0.283 -1.207 -1.763 -1.86
0.01471 0 9.60746 1.344918728 2.524395662 1.314 1.813 3.6707 2.378 4 0 0.398 0 0 0 0 0 -1 -1e-30 0 0.6895 0.2957 0.001941 0.001472 0.006497 -1 0.01487 0.236 -1.258 -1.819 -1.918
0.01471 0 9.60746 1.34515214 2.524420371 1.314 1.851 3.6673 2.327 4 0 0.398 0 0 0 0 0 -1 -1e-30 0 0.6895 0.2957 0.00194 0.001473 0.006497 -1 0.01487 0.143 -1.362 -1.933 -2.034
0.01471 0 9.60746 1.345269561 2.524432798 1.315 1.892 3.6636 2.271 4 0 0.398 0 0 0 0 0 -1 -1e-30 0 0.6895 0.2957 0.00194 0.001473 0.006497 -1 0.01487 0.04 -1.476 -2.058 -2.162
0.01471 0 9.60746 1.345330477 2.524439244 1.315 1.935 3.6598 2.213 4 0 0.398 0 0 0 0 0 -1 -1e-30 0 0.6895 0.2957 0.00194 0.001473 0.006497 -1 0.01487 -0.068 -1.596 -2.189 -2.297
0.01471 0 9.60746 1.345358253 2.524442183 1.315 1.975 3.6564 2.16 4 0 0.398 0 0 0 0 0 -1 -1e-30 0 0.6895 0.2957 0.00194 0.001473 0.006497 -1 0.01487 -0.167 -1.705 -2.308 -2.419
0.01471 0 9.60746 1.34537375 2.524443822 1.315 2.015 3.653 2.106 4 0 0.398 0 0 0 0 0 -1 -1e-30 0 0.6895 0.2957 0.00194 0.001473 0.006497 -1 0.01487 -0.267 -1.814 -2.429 -2.542
0.01471 0 9.60746 1.34538281 2.524444781 1.315 2.053 3.6497 2.054 4 0 0.398 0 0 0 0 0 -1 -1e-30 0 0.6895 0.2957 0.00194 0.001473 0.006497 -1 0.01487 -0.363 -1.921 -2.545 -2.662
0.01471 0 9.60746 1.34538877 2.524445411 1.315 2.089 3.6466 2.006 4 0 0.398 0 0 0 0 0 -1 -1e-30 0 0.6895 0.2957 0.00194 0.001473 0.006497 -1 0.01487 -0.453 -2.019 -2.653 -2.772
0.01471 0 9.60746 1.345389485 2.524445487 1.315 2.094 3.6462 2 4 0 0.398 0 0 0 0 0 -1 -1e-30 0 0.6895 0.2957 0.00194 0.001473 0.006497 -1 0.01487 -0.465 -2.031 -2.666 -2.786
0.01471 0 9.60746 1.345389605 2.5244455 1.315 2.095 3.6462 1.999 7 0 0.398 0 0 0 0 0 -1 -1e-30 0 0.6895 0.2957 0.00194 0.001473 0.006497 -1 0.01487 -0.467 -2.033 -2.668 -2.788
0.01471 0 9.60746 1.345395327 2.524446105 1.315 2.137 3.6427 1.943 7 0 0.398 0 0 0 0 0 -1 -1e-30 0 0.6895 0.2957 0.00194 0.001473 0.006497 -1 0.01487 -0.572 -2.146 -2.787 -2.913
0.01471 0 9.60746 1.345400095 2.52444661 1.315 2.17 3.64 1.899 7 0 0.398 0 0 0 0 0 -1 -1e-30 0 0.6895 0.2957 0.00194 0.001473 0.006497 -1 0.01487 -0.654 -2.234 -2.88 -3.011
0.01471 0 9.60746 1.345404863 2.524447114 1.315 2.19 3.6383 1.872 7 0 0.398 0 0 0 0 0 -1 -1e-30 0 0.6895 0.2957 0.00194 0.001473 0.006497 -1 0.01487 -0.706 -2.29 -2.938 -3.072
0.01471 0 9.60746 1.34540987 2.524447644 1.315 2.205 3.637 1.852 7 0 0.398 0 0 0 0 0 -1 -1e-30 0 0.6895 0.2957 0.00194 0.001473 0.006497 -1 0.01487 -0.743 -2.33 -2.98 -3.116
0.01471 0 9.60746 1.345423222 2.524449056 1.315 2.207 3.6369 1.849 7 0 0.398 0 0 0 0 0 -1 -1.01e-30 0 0.6895 0.2957 0.00194 0.001473 0.006497 -1 0.01487 -0.748 -2.335 -2.985 -3.122
0.01471 0 9.60746 1.34543097 2.524449876 1.315 2.192 3.6382 1.869 7 0 0.398 0 0 0 0 0 -1 -1.01e-30 0 0.6895 0.2957 0.00194 0.001473 0.006497 -1 0.01487 -0.711 -2.295 -2.943 -3.077
0.01471 0 9.60746 1.345448017 2.524451679 1.315 2.17 3.6401 1.899 7 0 0.398 0 0 0 0 0 -1 -1.05e-30 0 0.6895 0.2957 0.00194 0.001473 0.006497 -1 0.01487 -0.654 -2.234 -2.879 -3.01
0.01471 0 9.60746 1.345480084 2.524455072 1.315 2.153 3.6415 1.922 7 0 0.398 0 0 0 0 0 -1 -4.28e-30 0 0.6895 0.2956 0.00194 0.001473 0.006497 -1 0.0149 -0.612 -2.189 -2.832 -2.96
0.01471 0 9.60746 1.345655203 2.524473593 1.315 2.14 3.6425 1.939 7 0 0.398 0 0 0 0 0 -1 -3.34e-20 0 0.6895 0.2953 0.00194 0.001473 0.006497 -1 0.01525 -0.579 -2.154 -2.795 -2.922
0.01471 0 9.60746 1.345819235 2.524490937 1.315 2.162 3.6406 1.91 7 0 0.398 0 0 0 0 0 -1 -1.75e-10 0 0.6895 0.2949 0.00194 0.001474 0.006497 -1 0.01561 -0.634 -2.213 -2.858 -2.987
0.01471 0 9.60746 1.345956325 2.524505429 1.314 2.202 3.6373 1.856 7 0 0.398 0 0 0 0 0 -1 -4.03e-10 0 0.6895 0.2949 0.00194 0.001474 0.006497 -1 0.01562 -0.735 -2.321 -2.97 -3.106
0.01471 0 9.60746 1.346073628 2.524517826 1.314 2.244 3.6338 1.8 7 0 0.398 0 0 0 0 0 -1 -5.01e-10 0 0.6895 0.2949 0.001939 0.001474 0.006497 -1 0.01562 -0.84 -2.433 -3.088 -3.231
0.01471 0 9.60746 1.34617126 2.524528142 1.314 2.286 3.6303 1.744 7 0 0.398 0 0 0 0 0 -1 -6.17e-10 0 0.6895 0.2949 0.001939 0.001474 0.006497 -1 0.01562 -0.945 -2.544 -3.205 -3.354
0.01471 0 9.60746 1.346253276 2.524536807 1.313 2.327 3.6268 1.689 7 0 0.398 0 0 0 0 0 -1 -7.58e-10 0 0.6895 0.2949 0.001939 0.001474 0.006497 -1 0.01562 -1.047 -2.653 -3.32 -3.476
0.01471 0 9.60746 1.346323967 2.524544275 1.313 2.368 3.6234 1.634 7 0 0.398 0 0 0 0 0 -1 -9.29e-10 0 0.6895 0.2949 0.001939 0.001474 0.006497 -1 0.01562 -1.149 -2.761 -3.434 -3.596
0.01471 0 9.60746 1.34638536 2.524550759 1.312 2.408 3.62 1.58 7 0 0.398 0 0 0 0 0 -1 -1.14e-09 0 0.6895 0.2949 0.001939 0.001474 0.006497 -1 0.01562 -1.251 -2.868 -3.547 -3.716
0.01471 0 9.60746 1.346440077 2.524556538 1.312 2.449 3.6165 1.525 7 0 0.398 0 0 0 0 0 -1 -1.39e-09 0 0.6895 0.2949 0.001939 0.001474 0.006497 -1 0.01562 -1.352 -2.975 -3.66 -3.836
0.01471 0 9.60746 1.346490026 2.524561813 1.311 2.49 3.6131 1.47 7 0 0.398 0 0 0 0 0 -1 -1.7e-09 0 0.6895 0.2949 0.001939 0.001474 0.006497 -1 0.01562 -1.455 -3.084 -3.777 -3.96
0.01471 0 9.60746 1.34653604 2.524566672 1.31 2.531 3.6095 1.414 7 0 0.398 9.59 7.07 5.02 3.83 3.11 4 -2.09e-09 0 0.6895 0.2949 0.001938 0.001475 0.006497 -1 0.01562 -1.558 -3.195 -3.898 -4.087
0.01471 0 9.60746 1.346578717 2.524571178 1.309 2.572 3.6056 1.357 7 0 0.398 10.78 7.84 5.54 4.23 3.44 4 -2.55e-09 0 0.6895 0.2949 0.001938 0.001475 0.006497 -1 0.01562 -1.661 -3.307 -4.021 -4.216
0.01471 0 9.60746 1.346609235 2.5245744 1.309 2.604 3.6002 1.304 7 0 0.398 12.03 8.64 6.08 4.64 3.77 4 -2.97e-09 0 0.6895 0.2949 0.001938 0.001475 0.006497 -1 0.01562 -1.739 -3.396 -4.127 -4.33
0.01471 0 9.60746 1.346647382 2.524578428 1.308 2.645 3.5959 1.245 7 0 0.397 13.57 9.61 6.73 5.15 4.19 4 -3.61e-09 0 0.6895 0.2949 0.001937 0.001475 0.006497 -1 0.01562 -1.843 -3.51 -4.253 -4.462
0.01471 0 9.60746 1.346682906 2.524582178 1.306 2.686 3.5923 1.189 7 0 0.397 15.21 10.63 7.41 5.68 4.62 4 -4.42e-09 0 0.6895 0.2949 0.001934 0.001478 0.006497 -1 0.01562 -1.946 -3.621 -4.374 -4.589
0.01471 0 9.60746 1.346716523 2.524585726 1.305 2.728 3.5885 1.132 7 0 0.396 17.09 11.78 8.17 6.27 5.1 4 -5.35e-09 0 0.6895 0.2949 0.00193 0.001482 0.006497 -1 0.01564 -2.049 -3.733 -4.496 -4.718
0.01471 0 9.60746 1.346750498 2.524589313 1.303 2.77 3.5846 1.074 7 0 0.395 19.24 13.08 9.03 6.94 5.65 3 -6.54e-09 0 0.6895 0.2949 0.001925 0.001488 0.006497 -1 0.01564 -2.154 -3.848 -4.621 -4.849
0.01471 0 9.60746 1.346782088 2.524592647 1.301 2.81 3.5807 1.017 7 0 0.394 21.6 14.48 9.95 7.66 6.24 3 -7.94e-09 0 0.6895 0.2949 0.001921 0.001493 0.006497 -1 0.01564 -2.255 -3.957 -4.741 -4.976
0.01471 0 9.60746 1.346806288 2.524595201 1.299 2.846 3.5772 0.966 7 0 0.393 23.97 15.88 10.87 8.38 6.82 3 -9.38e-09 0 0.6895 0.295 0.001918 0.001497 0.006497 -1 0.0156 -2.346 -4.057 -4.85 -5.09
0.01471 0 9.60746 1.346821785 2.524596837 1.298 2.878 3.574 0.922 7 0 0.393 26.25 17.2 11.73 9.06 7.37 3 -1.09e-08 0 0.6894 0.295 0.001915 0.0015 0.006497 -1 0.0156 -2.424 -4.144 -4.944 -5.19
0.01471 0 9.60746 1.346833944 2.52459812 1.296 2.908 3.5709 0.879 7 0 0.392 28.66 18.59 12.63 9.76 7.95 3 -1.26e-08 0 0.6894 0.295 0.001913 0.001503 0.006497 -1 0.01561 -2.5 -4.228 -5.035 -5.286
0.01471 0 9.60746 1.346844912 2.524599278 1.295 2.942 3.5674 0.83 7 0 0.392 31.65 20.29 13.73 10.63 8.66 3 -1.46e-08 0 0.6894 0.295 0.00191 0.001506 0.006497 -1 0.01561 -2.585 -4.324 -5.138 -5.395
0.01471 0 9.60746 1.346854925 2.524600334 1.294 2.978 3.5635 0.778 7 0 0.392 35.23 22.3 15.03 11.65 9.49 3 -1.71e-08 0 0.6894 0.295 0.001908 0.001509 0.006497 -1 0.01562 -2.676 -4.426 -5.248 -5.511
0.01471 0 9.60746 1.346863985 2.524601291 1.292 3.014 3.5596 0.726 7 0 0.391 39.16 24.47 16.43 12.75 10.39 3 -2.01e-08 0 0.6894 0.295 0.001907 0.001511 0.006497 -1 0.01562 -2.764 -4.527 -5.357 -5.627
0.01471 0 9.60746 1.346872568 2.524602196 1.29 3.051 3.5555 0.672 7 0 0.391 43.7 26.96 18.02 14.01 11.42 2 -2.37e-08 0 0.6894 0.295 0.001905 0.001512 0.006497 -1 0.01562 -2.856 -4.631 -5.469 -5.746
0.01471 0 9.60746 1.346881628 2.524603152 1.288 3.09 3.551 0.614 7 0 0.391 49.22 29.94 19.91 15.5 12.64 2 -2.84e-08 0 0.6894 0.295 0.001904 0.001514 0.006497 -1 0.01562 -2.955 -4.742 -5.59 -5.875
0.01471 0 9.60746 1.346891999 2.524604247 1.285 3.135 3.5456 0.546 7 0 0.391 56.5 33.81 22.36 17.44 14.22 2 -3.47e-08 0 0.6894 0.295 0.001904 0.001514 0.006497 -1 0.01562 -3.068 -4.872 -5.729 -6.023
0.01471 0 9.60746 1.346903443 2.524605455 1.281 3.18 3.5401 0.478 7 0 0.39 64.91 38.2 25.13 19.64 16.02 2 -4.25e-08 0 0.6894 0.295 0.001903 0.001515 0.006497 -1 0.01562 -3.179 -5.002 -5.867 -6.172
0.01471 0 9.60746 1.346914291 2.524606599 1.276 3.219 3.5352 0.418 7 0 0.39 73.38 42.56 27.85 21.81 17.79 2 -5.04e-08 0 0.6894 0.295 0.001903 0.001515 0.006497 -1 0.01562 -3.277 -5.116 -5.988 -6.302
0.01471 0 9.60746 1.346918464 2.52460704 1.274 3.218 3.5352 0.418 7 0 0.39 73.43 42.58 27.87 21.82 17.8 2 -5.07e-08 0 0.6894 0.295 0.001903 0.001515 0.006497 -1 0.01562 -3.276 -5.115 -5.987 -6.301
0.01471 0 9.60746 1.346920013 2.524607203 1.273 3.234 3.5332 0.394 7 0 0.39 77.13 44.46 29.04 22.75 18.57 2 -5.44e-08 0 0.6894 0.295 0.001903 0.001515 0.006497 -1 0.01562 -3.316 -5.162 -6.036 -6.354
0.01471 0 9.60746 1.346920252 2.524607228 1.273 3.232 3.5335 0.397 7 0 0.39 76.6 44.19 28.87 22.62 18.46 2 -5.39e-08 0 0.6894 0.295 0.001903 0.001515 0.006497 -1 0.01562 -3.31 -5.156 -6.029 -6.347
0.01471 0 9.60746 1.346920371 2.524607241 1.273 3.227 3.5341 0.404 7 0 0.39 75.53 43.65 28.54 22.35 18.24 2 -5.3e-08 0 0.6894 0.295 0.001903 0.001515 0.006497 -1 0.01562 -3.299 -5.142 -6.015 -6.331
0.01471 0 9.60746 1.34692049 2.524607253 1.273 3.221 3.5349 0.414 7 0 0.39 74.02 42.88 28.05 21.97 17.92 2 -5.15e-08 0 0.6894 0.295 0.001903 0.001515 0.006497 -1 0.01562 -3.282 -5.123 -5.995 -6.309
0.01471 0 9.60746 1.346920609 2.524607266 1.273 3.217 3.5353 0.419 7 0 0.39 73.23 42.48 27.8 21.77 17.76 2 -5.07e-08 0 0.6894 0.295 0.001903 0.001515 0.006497 -1 0.01562 -3.273 -5.113 -5.984 -6.298
0.01471 0 9.60746 1.346920848 2.524607291 1.273 3.225 3.5343 0.407 7 0 0.39 75.05 43.4 28.38 22.23 18.14 2 -5.24e-08 0 0.6894 0.295 0.001903 0.001515 0.006497 -1 0.01562 -3.293 -5.136 -6.009 -6.324
0.01471 0 9.60746 1.346920967 2.524607304 1.273 3.233 3.5334 0.395 7 0 0.39 76.85 44.32 28.95 22.68 18.51 2 -5.41e-08 0 0.6894 0.295 0.001903 0.001515 0.006497 -1 0.01562 -3.312 -5.158 -6.032 -6.35
0.01471 0 9.60746 1.346921325 2.524607341 1.273 3.241 3.5323 0.383 7 0 0.39 78.81 45.31 29.57 23.18 18.91 2 -5.6e-08 0 0.6894 0.295 0.001903 0.001515 0.006497 -1 0.01562 -3.333 -5.182 -6.057 -6.377
0.01471 0 9.60746 1.346921563 2.524607367 1.272 3.249 3.5313 0.371 7 0 0.39 80.74 46.29 30.18 23.66 19.31 2 -5.79e-08 0 0.6894 0.295 0.001903 0.001515 0.006497 -1 0.01562 -3.352 -5.205 -6.082 -6.403
0.01471 0 9.60746 1.34692204 2.524607417 1.272 3.256 3.5304 0.361 7 0 0.39 82.49 47.17 30.73 24.1 19.67 2 -5.95e-08 0 0.6894 0.295 0.001903 0.001515 0.006497 -1 0.01562 -3.369 -5.225 -6.103 -6.426
0.01471 0 9.60746 1.346922755 2.524607492 1.272 3.263 3.5294 0.349 7 0 0.39 84.42 48.14 31.33 24.58 20.06 2 -6.15e-08 0 0.6894 0.295 0.001903 0.001515 0.006497 -1 0.01562 -3.387 -5.247 -6.125 -6.45
0.01471 0 9.60746 1.34692359 2.52460758 1.271 3.258 3.5299 0.356 7 0 0.39 83.24 47.55 30.96 24.28 19.82 2 -6.02e-08 0 0.6894 0.295 0.001903 0.001515 0.006497 -1 0.01562 -3.374 -5.232 -6.11 -6.434
0.01471 0 9.60746 1.346924543 2.524607681 1.271 3.251 3.5306 0.366 7 0 0.39 81.59 46.72 30.45 23.87 19.48 2 -5.86e-08 0 0.6894 0.295 0.001902 0.001516 0.006497 -1 0.01559 -3.357 -5.212 -6.09 -6.412
0.01471 0 9.60746 1.346926093 2.524607845 1.27 3.285 3.5259 0.312 7 0 0.39 91.13 51.49 33.41 26.23 21.41 2 -6.79e-08 0 0.6894 0.295 0.001902 0.001516 0.006497 -1 0.01559 -3.443 -5.315 -6.197 -6.53
0.01471 0 9.60746 1.346928239 2.524608071 1.268 3.364 3.5157 0.192 7 0.529 0.39 116.5 63.92 41.07 32.35 26.42 2 -9.37e-08 0 0.6894 0.295 0.001902 0.001516 0.006497 -1 0.01559 -3.639 -5.545 -6.438 -6.793
0.01471 0 9.60746 1.346930861 2.524608348 1.265 3.413 3.5088 0.114 8 0.528 0.411 136.59 73.51 46.94 37.06 30.27 1 -1.16e-07 0 0.6894 0.2957 0.002006 0.001518 0.006512 -1 0.01484 -3.762 -5.691 -6.59 -6.96
0.01471 0 9.60746 1.346930981 2.52460836 1.265 3.16 3.5414 0.498 8 0.528 0.411 62.14 36.75 24.21 18.92 15.43 2 -4.07e-08 0 0.6894 0.2957 0.002006 0.001518 0.006512 -1 0.01484 -3.129 -4.948 -5.811 -6.113
0.01471 0 9.60746 1.3469311 2.524608373 1.265 3.061 3.5538 0.646 8 0.528 0.411 45.84 28.12 18.74 14.59 11.89 2 -2.67e-08 0 0.6894 0.2957 0.002006 0.001518 0.006512 -1 0.01484 -2.883 -4.662 -5.504 -5.784
0.01471 0 9.60746 1.346931457 2.524608411 1.264 2.872 3.5775 0.93 8 0.528 0.411 25.61 16.84 11.49 8.88 7.22 3 -1.16e-08 0 0.6894 0.2957 0.002006 0.001518 0.006512 -1 0.01484 -2.411 -4.123 -4.912 -5.153
0.01471 0 9.60746 1.346932054 2.524608473 1.264 2.89 3.5752 0.903 8 0.528 0.411 27.07 17.68 12.04 9.3 7.57 3 -1.26e-08 0 0.6894 0.2957 0.002006 0.001518 0.006512 -1 0.01484 -2.454 -4.172 -4.967 -5.212
0.01471 0 9.60746 1.346932769 2.524608549 1.263 3.005 3.5604 0.728 8 0.528 0.411 38.76 24.25 16.28 12.64 10.3 3 -2.1e-08 0 0.6894 0.2957 0.002006 0.001518 0.006512 -1 0.01484 -2.743 -4.503 -5.331 -5.6
0.01471 0 9.60746 1.346933603 2.524608637 1.262 3.164 3.5402 0.488 8 0.528 0.411 63.36 37.38 24.6 19.23 15.69 2 -4.15e-08 0 0.6894 0.2957 0.002006 0.001518 0.006512 -1 0.01484 -3.139 -4.961 -5.827 -6.131
0.01471 0 9.60746 1.346934676 2.52460875 1.261 3.299 3.5228 0.283 8 0.529 0.411 96.65 54.21 35.09 27.58 22.51 2 -7.35e-08 0 0.6894 0.2957 0.002006 0.001518 0.006512 -1 0.01484 -3.478 -5.361 -6.246 -6.585
0.01471 0 9.60746 1.346935868 2.524608876 1.26 3.389 3.5111 0.146 8 0.529 0.411 127.84 69.33 44.38 35.01 28.6 1 -1.07e-07 0 0.6894 0.2957 0.002006 0.001518 0.006512 -1 0.01484 -3.701 -5.622 -6.52 -6.885
0.01471 0 9.60746 1.346937299 2.524609027 1.258 3.436 3.5047 0.072 8 0.529 0.411 148.77 79.22 50.4 39.84 32.55 1 -1.3e-07 0 0.6894 0.2957 0.002006 0.001518 0.006512 -1 0.01484 -3.821 -5.763 -6.666 -7.043
0.01471 0 9.60746 1.346938849 2.524609191 1.257 3.459 3.5014 0.035 8 0.529 0.411 160.45 84.66 53.7 42.49 34.73 1 -1.43e-07 0 0.6894 0.2957 0.002006 0.001518 0.006512 -1 0.01484 -3.878 -5.831 -6.737 -7.121
0.01471 0 9.60746 1.346940637 2.524609379 1.255 3.473 3.4991 0.012 8 0.53 0.411 168.3 88.28 55.89 44.26 36.17 1 -1.51e-07 0 0.6894 0.2957 0.002006 0.001518 0.006512 -1 0.01484 -3.912 -5.873 -6.781 -7.169
0.01471 0 9.60746 1.346940756 2.524609392 1.255 3.286 3.5226 0.293 8 0.53 0.411 94.56 53.15 34.43 27.06 22.09 2 -7.04e-08 0 0.6894 0.2957 0.002006 0.001518 0.006512 -1 0.01484 -3.446 -5.329 -6.215 -6.554
0.01471 0 9.60746 1.346940994 2.524609417 1.254 3.127 3.5427 0.532 8 0.53 0.411 57.8 34.47 22.77 17.78 14.5 2 -3.61e-08 0 0.6894 0.2957 0.002006 0.001518 0.006512 -1 0.01484 -3.047 -4.861 -5.723 -6.022
0.01471 0 9.60746 1.346941352 2.524609455 1.254 2.938 3.5665 0.817 8 0.53 0.411 32.21 20.61 13.93 10.8 8.79 3 -1.59e-08 0 0.6894 0.2957 0.002006 0.001518 0.006512 -1 0.01484 -2.574 -4.316 -5.131 -5.39
0.01471 0 9.60746 1.346941948 2.524609518 1.253 2.954 3.5644 0.792 8 0.53 0.411 33.9 21.55 14.54 11.28 9.18 3 -1.71e-08 0 0.6894 0.2957 0.002006 0.001518 0.006512 -1 0.01484 -2.614 -4.362 -5.183 -5.444
0.01471 0 9.60746 1.346942663 2.524609593 1.252 3.067 3.55 0.621 8 0.53 0.411 48.12 29.34 19.52 15.21 12.39 2 -2.8e-08 0 0.6894 0.2957 0.002006 0.001518 0.006512 -1 0.01484 -2.897 -4.687 -5.537 -5.823
0.01471 0 9.60746 1.346943617 2.524609694 1.251 3.221 3.5304 0.388 8 0.53 0.411 77.72 44.73 29.2 22.89 18.68 2 -5.41e-08 0 0.6894 0.2957 0.002006 0.001518 0.006512 -1 0.01484 -3.283 -5.139 -6.017 -6.34
0.01471 0 9.60746 1.346944809 2.524609819 1.25 3.353 3.5136 0.188 8 0.531 0.411 117.08 64.13 41.19 32.47 26.51 2 -9.37e-08 0 0.6894 0.2957 0.002006 0.001518 0.006512 -1 0.01484 -3.612 -5.525 -6.42 -6.779
0.01471 0 9.60746 1.34694612 2.524609958 1.248 3.438 3.5025 0.058 8 0.531 0.411 152.98 81.13 51.56 40.78 33.32 1 -1.33e-07 0 0.6894 0.2957 0.002006 0.001518 0.006512 -1 0.01484 -3.826 -5.776 -6.68 -7.061
0.01471 0 9.60746 1.34694767 2.524610121 1.246 3.482 3.4967 -0.01 8 0.531 0.411 175.88 91.71 57.96 45.93 37.54 1 -1.6e-07 0 0.6894 0.2957 0.002006 0.001518 0.006512 -1 0.01484 -3.936 -5.904 -6.815 -7.207
0.01471 0 9.60746 1.346949339 2.524610297 1.244 3.502 3.494 -0.041 8 0.532 0.411 187.34 96.93 61.1 48.46 39.61 1 -1.74e-07 0 0.6894 0.2957 0.002006 0.001518 0.006512 -1 0.01484 -3.984 -5.961 -6.874 -7.272
0.01471 0 9.60746 1.346951246 2.524610499 1.242 3.511 3.4924 -0.058 8 0.532 0.411 193.88 99.88 62.87 49.89 40.78 1 -1.82e-07 0 0.6894 0.2957 0.002006 0.001518 0.006512 -1 0.01484 -4.009 -5.991 -6.905 -7.306
0.01471 0 9.60746 1.346951366 2.524610511 1.242 3.332 3.5152 0.213 8 0.532 0.411 111.19 61.26 39.42 31.06 25.36 2 -8.76e-08 0 0.6894 0.2957 0.002006 0.001518 0.006512 -1 0.01484 -3.56 -5.468 -6.362 -6.717
0.01471 0 9.60746 1.346951604 2.524610536 1.241 3.174 3.5354 0.452 8 0.532 0.411 68.05 39.78 26.1 20.43 16.66 2 -4.53e-08 0 0.6894 0.2957 0.002006 0.001518 0.006512 -1 0.01484 -3.164 -5.003 -5.876 -6.188
0.01471 0 9.60746 1.346952081 2.524610587 1.241 2.985 3.5594 0.737 8 0.533 0.411 37.84 23.75 15.95 12.39 10.09 3 -2.02e-08 0 0.6894 0.2957 0.002006 0.001518 0.006512 -1 0.01484 -2.691 -4.454 -5.285 -5.555
0.01471 0 9.60746 1.346952677 2.52461065 1.24 3 3.5573 0.712 8 0.533 0.411 39.8 24.83 16.64 12.94 10.54 2 -2.17e-08 0 0.6894 0.2957 0.002006 0.001518 0.006512 -1 0.01484 -2.731 -4.5 -5.335 -5.608
0.01471 0 9.60746 1.346953511 2.524610738 1.239 3.111 3.5431 0.544 8 0.533 0.411 56.26 33.65 22.24 17.37 14.16 2 -3.5e-08 0 0.6894 0.2957 0.002006 0.001518 0.006512 -1 0.01484 -3.009 -4.821 -5.683 -5.981
0.01471 0 9.60746 1.346954584 2.524610851 1.237 3.263 3.5236 0.314 8 0.533 0.411 90.24 50.98 33.07 25.99 21.21 2 -6.64e-08 0 0.6894 0.2957 0.002006 0.001518 0.006512 -1 0.01484 -3.387 -5.267 -6.152 -6.489
0.01471 0 9.60746 1.346955895 2.524610989 1.235 3.392 3.5069 0.118 8 0.534 0.411 135.1 72.67 46.4 36.65 29.94 1 -1.13e-07 0 0.6894 0.2957 0.002006 0.001518 0.006512 -1 0.01484 -3.709 -5.645 -6.546 -6.918
0.01471 0 9.60746 1.346957326 2.52461114 1.233 3.475 3.4959 -0.01 8 0.534 0.411 175.65 91.51 57.82 45.84 37.46 1 -1.6e-07 0 0.6894 0.2957 0.002006 0.001518 0.006512 -1 0.01484 -3.918 -5.888 -6.8 -7.193
0.01471 0 9.60746 1.346959114 2.524611329 1.231 3.517 3.4902 -0.076 8 0.534 0.411 201.2 103.09 64.79 51.46 42.06 1 -1.91e-07 0 0.6894 0.2957 0.002006 0.001518 0.006512 -1 0.01484 -4.024 -6.013 -6.929 -7.334
0.01471 0 9.60746 1.346961021 2.52461153 1.228 3.535 3.4876 -0.106 8 0.535 0.411 213.13 108.67 68.13 54.16 44.27 1 -2.06e-07 0 0.6894 0.2957 0.002006 0.001518 0.006512 -1 0.01484 -4.069 -6.066 -6.984 -7.393
0.01471 0 9.60746 1.346963167 2.524611757 1.225 3.544 3.4861 -0.121 8 0.536 0.411 217.93 111.69 69.93 55.62 45.47 1 -2.15e-07 0 0.6894 0.2957 0.002006 0.001518 0.006512 -1 0.01484 -4.09 -6.092 -7.012 -7.422
0.01471 0 9.60746 1.346963286 2.524611769 1.225 3.374 3.5081 0.137 8 0.536 0.411 129.71 70.07 44.8 35.39 28.9 1 -1.08e-07 0 0.6894 0.2957 0.002006 0.001518 0.006512 -1 0.01484 -3.665 -5.596 -6.497 -6.866
0.01471 0 9.60746 1.346963525 2.524611794 1.225 3.217 3.5285 0.375 8 0.536 0.411 79.46 45.56 29.7 23.31 19.02 2 -5.66e-08 0 0.6894 0.2957 0.002006 0.001518 0.006512 -1 0.01484 -3.273 -5.136 -6.017 -6.343
0.01471 0 9.60746 1.346964002 2.524611845 1.224 3.028 3.5529 0.661 8 0.536 0.411 44.07 27.14 18.11 14.11 11.49 2 -2.54e-08 0 0.6894 0.2957 0.002006 0.001518 0.006512 -1 0.01484 -2.801 -4.583 -5.427 -5.708
0.01471 0 9.60746 1.346964717 2.52461192 1.223 3.044 3.5508 0.636 8 0.536 0.411 46.37 28.39 18.9 14.73 12.01 2 -2.73e-08 0 0.6894 0.2957 0.002006 0.001518 0.006512 -1 0.01484 -2.841 -4.629 -5.478 -5.762
0.01471 0 9.60746 1.346965671 2.524612021 1.221 3.153 3.5365 0.469 8 0.536 0.411 65.32 38.35 25.19 19.72 16.08 2 -4.36e-08 0 0.6894 0.2957 0.002006 0.001518 0.006512 -1 0.01484 -3.113 -4.948 -5.819 -6.129
0.01471 0 9.60746 1.346966743 2.524612134 1.219 3.301 3.517 0.243 8 0.537 0.411 104.14 57.76 37.25 29.34 23.95 2 -8.12e-08 0 0.6894 0.2957 0.002006 0.001518 0.006512 -1 0.01484 -3.484 -5.385 -6.278 -6.628
0.01471 0 9.60746 1.346968174 2.524612285 1.217 3.428 3.5003 0.049 8 0.537 0.411 155.09 81.93 52.01 41.18 33.64 1 -1.37e-07 0 0.6894 0.2957 0.002006 0.001518 0.006512 -1 0.01484 -3.799 -5.756 -6.663 -7.047
0.01471 0 9.60746 1.346969724 2.524612448 1.214 3.509 3.4894 -0.077 8 0.538 0.411 200.97 102.84 64.62 51.34 41.96 1 -1.91e-07 0 0.6894 0.2957 0.002006 0.001518 0.006512 -1 0.01484 -4.002 -5.994 -6.911 -7.317
0.01471 0 9.60746 1.346971512 2.524612637 1.211 3.55 3.4837 -0.142 8 0.538 0.411 223.91 115.67 72.29 57.55 47.05 1 -2.27e-07 0 0.6894 0.2957 0.002006 0.001518 0.006512 -1 0.01484 -4.106 -6.115 -7.037 -7.451
0.01471 0 9.60746 1.346973658 2.524612863 1.208 3.568 3.4811 -0.172 8 0.539 0.411 233.73 121.88 75.99 60.54 49.5 1 -2.45e-07 0 0.6894 0.2957 0.002006 0.001518 0.006512 -1 0.01484 -4.15 -6.167 -7.091 -7.509
0.01471 0 9.60746 1.346975923 2.524613102 1.204 3.577 3.4797 -0.187 8 0.54 0.411 238.99 125.27 78 62.18 50.84 1 -2.56e-07 0 0.6894 0.2957 0.002006 0.001518 0.006512 -1 0.01484 -4.171 -6.192 -7.117 -7.538
0.01471 0 9.60746 1.346976042 2.524613115 1.203 3.418 3.5007 0.055 8 0.54 0.411 152.72 80.75 51.28 40.62 33.17 1 -1.36e-07 0 0.6894 0.2957 0.002006 0.001518 0.006512 -1 0.01484 -3.774 -5.73 -6.637 -7.02
0.01471 0 9.60746 1.34697628 2.52461314 1.203 3.262 3.5213 0.293 8 0.54 0.411 93.6 52.55 34.02 26.78 21.85 2 -7.2e-08 0 0.6894 0.2957 0.002006 0.001518 0.006512 -1 0.01484 -3.386 -5.273 -6.161 -6.502
0.01471 0 9.60746 1.346976757 2.52461319 1.202 3.074 3.5463 0.581 8 0.54 0.411 51.7 31.22 20.69 16.16 13.17 2 -3.27e-08 0 0.6894 0.2957 0.002006 0.001518 0.006512 -1 0.01484 -2.915 -4.718 -5.574 -5.866
0.01471 0 9.60746 1.346977472 2.524613266 1.2 3.09 3.5442 0.556 8 0.54 0.411 54.4 32.64 21.59 16.88 13.75 2 -3.51e-08 0 0.6894 0.2957 0.002006 0.001518 0.006512 -1 0.01484 -2.955 -4.764 -5.624 -5.92
0.01471 0 9.60746 1.346978426 2.524613367 1.198 3.196 3.5299 0.392 8 0.541 0.411 76.29 43.91 28.66 22.5 18.35 2 -5.53e-08 0 0.6894 0.2957 0.002006 0.001518 0.006512 -1 0.01484 -3.22 -5.078 -5.958 -6.281
0.01471 0 9.60746 1.346979618 2.524613492 1.196 3.34 3.5104 0.169 8 0.541 0.411 120.69 65.65 42.08 33.23 27.13 1 -1.01e-07 0 0.6894 0.2957 0.002006 0.001518 0.006512 -1 0.01484 -3.58 -5.503 -6.403 -6.768
0.01471 0 9.60746 1.346981049 2.524613643 1.193 3.463 3.4938 -0.021 8 0.542 0.411 178.52 92.52 58.39 46.35 37.87 1 -1.67e-07 0 0.6894 0.2957 0.002006 0.001518 0.006512 -1 0.01484 -3.886 -5.864 -6.778 -7.175
0.01471 0 9.60746 1.346982717 2.524613819 1.189 3.541 3.4829 -0.145 8 0.542 0.411 223.12 115.6 72.22 57.53 47.02 1 -2.3e-07 0 0.6894 0.2957 0.002006 0.001518 0.006512 -1 0.01484 -4.083 -6.095 -7.017 -7.432
0.01471 0 9.60746 1.346984506 2.524614008 1.185 3.581 3.4772 -0.209 8 0.543 0.411 245.37 129.68 80.59 64.31 52.59 1 -2.72e-07 0 0.6894 0.2957 0.002006 0.001518 0.006512 -1 0.01484 -4.183 -6.211 -7.138 -7.561
0.01471 0 9.60746 1.346986651 2.524614234 1.181 3.598 3.4746 -0.237 8 0.544 0.411 255.84 136.45 84.6 67.57 55.26 1 -2.93e-07 0 0.6894 0.2957 0.002006 0.001518 0.006512 -1 0.01484 -4.225 -6.261 -7.188 -7.615
0.01471 0 9.60746 1.346989036 2.524614486 1.176 3.606 3.4732 -0.253 8 0.545 0.411 261.41 140.13 86.77 69.34 56.7 1 -3.06e-07 0 0.6894 0.2957 0.002006 0.001518 0.006512 -1 0.01484 -4.244 -6.285 -7.213 -7.641
0.01471 0 9.60746 1.346989155 2.524614499 1.175 3.459 3.4932 -0.026 8 0.545 0.411 180.09 93.09 58.71 46.64 38.1 1 -1.71e-07 0 0.6894 0.2957 0.002006 0.001518 0.006512 -1 0.01484 -3.878 -5.858 -6.772 -7.17
0.01471 0 9.60746 1.346989393 2.524614524 1.175 3.306 3.5141 0.21 8 0.545 0.411 110.44 60.65 39 30.78 25.12 2 -9.23e-08 0 0.6894 0.2957 0.002006 0.001518 0.006512 -1 0.01484 -3.495 -5.406 -6.301 -6.658
0.01471 0 9.60746 1.34698987 2.524614574 1.173 3.118 3.5398 0.5 8 0.545 0.411 60.72 35.91 23.64 18.52 15.09 2 -4.25e-08 0 0.6894 0.2957 0.002006 0.001518 0.006512 -1 0.01484 -3.026 -4.849 -5.716 -6.02
0.01471 0 9.60746 1.346990585 2.52461465 1.171 3.134 3.5375 0.475 8 0.545 0.411 63.94 37.57 24.68 19.35 15.77 2 -4.56e-08 0 0.6894 0.2957 0.002006 0.001518 0.006512 -1 0.01484 -3.064 -4.895 -5.765 -6.074
0.01471 0 9.60746 1.346991539 2.52461475 1.168 3.237 3.5231 0.313 8 0.546 0.411 89.34 50.35 32.64 25.7 20.97 2 -7.08e-08 0 0.6894 0.2957 0.002006 0.001518 0.006512 -1 0.01484 -3.323 -5.204 -6.091 -6.428
0.01471 0 9.60746 1.346992731 2.524614876 1.165 3.377 3.5035 0.093 8 0.546 0.411 140.37 74.77 47.62 37.71 30.79 1 -1.26e-07 0 0.6894 0.2957 0.002006 0.001518 0.006512 -1 0.01484 -3.672 -5.619 -6.523 -6.9
0.01471 0 9.60746 1.346994162 2.524615027 1.16 3.495 3.4867 -0.094 8 0.547 0.411 204.74 104.76 65.7 52.31 42.74 1 -2.05e-07 0 0.6894 0.2957 0.002006 0.001518 0.006512 -1 0.01484 -3.968 -5.967 -6.887 -7.296
0.01471 0 9.60746 1.346995831 2.524615203 1.155 3.571 3.4757 -0.216 8 0.547 0.411 245.66 130.45 81.01 64.71 52.9 1 -2.8e-07 0 0.6894 0.2957 0.002006 0.001518 0.006512 -1 0.01484 -4.158 -6.191 -7.118 -7.542
0.01471 0 9.60746 1.346997738 2.524615404 1.15 3.61 3.4699 -0.279 8 0.548 0.411 269.95 146.19 90.3 72.27 59.09 1 -3.3e-07 0 0.6894 0.2957 0.002006 0.001518 0.006512 -1 0.01484 -4.254 -6.303 -7.234 -7.666
0.01471 0 9.60746 1.346999884 2.524615631 1.144 3.625 3.4671 -0.309 8 0.549 0.411 281.62 153.92 94.84 75.98 62.13 1 -3.89e-07 0 0.6894 0.2957 0.002006 0.001518 0.006512 -1 0.01484 -4.294 -6.351 -7.282 -7.717
0.01471 0 9.60746 1.347002268 2.524615882 1.137 3.633 3.4656 -0.325 8 0.55 0.411 288.03 158.27 97.39 78.07 63.84 1 -4.3e-07 0 0.6894 0.2957 0.002006 0.001518 0.006512 -1 0.01484 -4.312 -6.373 -7.306 -7.742
0.01471 0 9.60746 1.347002387 2.524615895 1.136 3.5 3.4845 -0.116 8 0.55 0.411 210.2 108.57 67.95 54.17 44.26 1 -2.22e-07 0 0.6894 0.2957 0.002006 0.001518 0.006512 -1 0.01484 -3.979 -5.985 -6.907 -7.319
0.01471 0 9.60746 1.347002626 2.52461592 1.135 3.348 3.5059 0.12 8 0.55 0.411 132.23 70.8 45.17 35.78 29.21 1 -1.21e-07 0 0.6894 0.2957 0.002006 0.001518 0.006512 -1 0.01484 -3.601 -5.54 -6.442 -6.815
0.01471 0 9.60746 1.347003102 2.52461597 1.132 3.162 3.5323 0.412 8 0.55 0.411 72.26 41.75 27.28 21.44 17.48 2 -5.68e-08 0 0.6894 0.2957 0.002006 0.001518 0.006512 -1 0.01484 -3.134 -4.983 -5.859 -6.178
0.01471 0 9.60746 1.347003818 2.524616046 1.129 3.177 3.5299 0.386 8 0.551 0.411 76.23 43.74 28.51 22.43 18.29 2 -6.11e-08 0 0.6894 0.2957 0.002006 0.001518 0.006512 -1 0.01484 -3.172 -5.03 -5.909 -6.232
0.01471 0 9.60746 1.347004771 2.524616146 1.125 3.278 3.5153 0.225 8 0.551 0.411 106.31 58.47 37.62 29.73 24.25 1 -9.34e-08 0 0.6894 0.2957 0.002006 0.001518 0.006512 -1 0.01484 -3.424 -5.331 -6.226 -6.58
0.01471 0 9.60746 1.347005963 2.524616272 1.12 3.413 3.4955 0.008 8 0.552 0.411 166.2 86.33 54.58 43.38 35.42 1 -1.63e-07 0 0.6894 0.2957 0.002006 0.001518 0.006512 -1 0.01484 -3.762 -5.734 -6.646 -7.039
0.01471 0 9.60746 1.347007275 2.52461641 1.113 3.527 3.4785 -0.177 8 0.552 0.411 228.53 120.43 74.99 59.91 48.96 1 -2.61e-07 0 0.6894 0.2957 0.002006 0.001518 0.006512 -1 0.01484 -4.048 -6.072 -6.998 -7.419
0.01471 0 9.60746 1.347008944 2.524616586 1.106 3.601 3.4672 -0.298 8 0.553 0.411 273.96 149.69 92.29 73.99 60.49 1 -3.54e-07 0 0.6894 0.2957 0.002006 0.001518 0.006512 -1 0.01484 -4.232 -6.288 -7.22 -7.654
0.01471 0 9.60746 1.347010851 2.524616788 1.098 3.638 3.4612 -0.362 8 0.554 0.411 301.35 167.89 102.96 82.7 67.63 1 -5.12e-07 0.01 0.6894 0.2957 0.002006 0.001518 0.006512 -1 0.01484 -4.324 -6.396 -7.332 -7.774
0.01471 0 9.60746 1.347012878 2.524617001 1.089 3.653 3.4582 -0.394 8 0.555 0.411 315.1 177.26 108.42 87.19 71.3 1 -6.2e-07 0.01 0.6894 0.2957 0.002006 0.001518 0.006512 -1 0.01484 -4.363 -6.442 -7.379 -7.825
0.01471 0 9.60746 1.347015262 2.524617253 1.078 3.661 3.4563 -0.413 8 0.556 0.411 323.29 182.98 111.73 89.93 73.54 0 -6.93e-07 0.01 0.6894 0.2957 0.002006 0.001518 0.006512 -1 0.01484 -4.382 -6.464 -7.402 -7.85
0.01471 0 9.60746 1.347015381 2.524617266 1.077 3.541 3.474 -0.222 8 0.556 0.411 242.01 129.67 80.41 64.39 52.61 1 -3.02e-07 0 0.6894 0.2957 0.002006 0.001518 0.006512 -1 0.01484 -4.082 -6.119 -7.047 -7.473
0.01471 0 9.60746 1.347015619 2.524617291 1.075 3.392 3.496 0.014 8 0.556 0.411 163.19 84.6 53.48 42.56 34.74 1 -1.69e-07 0 0.6894 0.2957 0.002006 0.001518 0.006512 -1 0.01484 -3.709 -5.679 -6.591 -6.984
0.01471 0 9.60746 1.347016096 2.524617341 1.072 3.206 3.5234 0.308 8 0.556 0.411 88.54 49.67 32.16 25.39 20.7 2 -8.05e-08 0 0.6894 0.2957 0.002006 0.001518 0.006512 -1 0.01484 -3.244 -5.124 -6.01 -6.347
0.01471 0 9.60746 1.347016811 2.524617416 1.066 3.221 3.5208 0.28 8 0.556 0.411 93.7 52.16 33.69 26.63 21.71 1 -8.69e-08 0 0.6894 0.2957 0.002006 0.001518 0.006512 -1 0.01484 -3.282 -5.171 -6.06 -6.402
0.01471 0 9.60746 1.347017646 2.524617505 1.06 3.319 3.5057 0.119 8 0.557 0.411 130.78 69.67 44.41 35.26 28.77 1 -1.32e-07 0 0.6894 0.2957 0.002006 0.001518 0.006512 -1 0.01484 -3.527 -5.466 -6.369 -6.742
0.01471 0 9.60746 1.347018719 2.524617618 1.051 3.449 3.4854 -0.096 8 0.557 0.411 197.92 102.54 64.23 51.3 41.89 1 -2.26e-07 0 0.6894 0.2957 0.002006 0.001518 0.006512 -1 0.01484 -3.853 -5.856 -6.777 -7.187
0.01471 0 9.60746 1.34702003 2.524617756 1.041 3.559 3.4679 -0.28 8 0.558 0.411 261.26 142.76 88.08 70.73 57.79 1 -3.57e-07 0 0.6894 0.2957 0.002006 0.001518 0.006512 -1 0.01484 -4.129 -6.183 -7.115 -7.547
0.01471 0 9.60746 1.347021699 2.524617932 1.029 3.63 3.4562 -0.403 8 0.559 0.411 313.71 177.59 108.48 87.42 71.46 0 -5.94e-07 0.01 0.6894 0.2957 0.002006 0.001518 0.006512 -1 0.01484 -4.305 -6.39 -7.327 -7.773
0.01471 0 9.60746 1.347023368 2.524618108 1.016 3.666 3.4497 -0.47 8 0.56 0.411 346.24 199.89 121.41 98.06 80.17 0 -9.01e-07 0.02 0.6894 0.2957 0.002006 0.001518 0.006512 -1 0.01484 -4.394 -6.49 -7.431 -7.885
0.01471 0 9.60746 1.347025394 2.524618322 1.002 3.681 3.4462 -0.505 8 0.561 0.411 363.75 212.22 128.51 103.94 84.98 0 -1.11e-06 0.03 0.6894 0.2957 0.002006 0.001518 0.006512 -1 0.01484 -4.431 -6.528 -7.472 -7.932
0.01471 0 9.60746 1.347027659 2.524618561 0.986 3.688 3.4439 -0.529 8 0.562 0.411 374.96 220.53 133.27 107.91 88.23 0 -1.27e-06 0.04 0.6894 0.2957 0.002006 0.001518 0.006512 -1 0.01484 -4.45 -6.547 -7.493 -7.957
0.01471 0 9.60746 1.347027779 2.524618574 0.984 3.581 3.4606 -0.355 8 0.562 0.411 287.46 161.18 98.78 79.62 65.05 0 -4.54e-07 0.01 0.6894 0.2957 0.002006 0.001518 0.006512 -1 0.01484 -4.182 -6.256 -7.192 -7.633
0.01471 0 9.60746 1.347028017 2.524618599 0.981 3.434 3.4833 -0.119 8 0.562 0.411 199.92 105.05 65.63 52.57 42.9 1 -2.61e-07 0 0.6894 0.2957 0.002006 0.001518 0.006512 -1 0.01484 -3.815 -5.824 -6.747 -7.16
0.01471 0 9.60746 1.347028494 2.524618649 0.974 3.249 3.5122 0.179 8 0.562 0.411 113.76 61.23 39.19 31.15 25.39 1 -1.28e-07 0 0.6894 0.2957 0.002006 0.001518 0.006512 -1 0.01484 -3.352 -5.269 -6.166 -6.528
0.01471 0 9.60746 1.34702909 2.524618712 0.965 3.264 3.5094 0.149 8 0.562 0.411 120.94 64.49 41.17 32.76 26.7 1 -1.39e-07 0 0.6894 0.2957 0.002006 0.001518 0.006512 -1 0.01484 -3.389 -5.315 -6.215 -6.583
0.01471 0 9.60746 1.347029924 2.5246188 0.953 3.358 3.4937 -0.014 8 0.563 0.411 168.54 86.32 54.37 43.48 35.46 1 -2.11e-07 0 0.6894 0.2957 0.002006 0.001518 0.006512 -1 0.01484 -3.626 -5.603 -6.517 -6.914
0.01471 0 9.60746 1.347030997 2.524618913 0.939 3.484 3.4727 -0.231 8 0.563 0.411 233.42 127.11 78.66 63.29 51.66 1 -3.6e-07 0 0.6894 0.2957 0.002006 0.001518 0.006512 -1 0.01484 -3.94 -5.98 -6.91 -7.338
0.01471 0 9.60746 1.347032309 2.524619052 0.922 3.59 3.4546 -0.417 8 0.564 0.411 308.67 177.27 108.02 87.4 71.38 0 -5.7e-07 0.01 0.6894 0.2957 0.002006 0.001518 0.006512 -1 0.01484 -4.205 -6.295 -7.232 -7.679
0.01471 0 9.60746 1.347033739 2.524619202 0.902 3.658 3.4424 -0.543 8 0.565 0.411 322.01 -1 -1 -1 -1 0 -1.25e-06 0.04 0.6894 0.2957 0.002006 0.001518 0.006512 -1 0.01484 -4.374 -6.475 -7.421 -7.887
0.01471 0 9.60746 1.347035408 2.524619379 0.88 3.691 3.4357 -0.614 8 0.566 0.411 307.98 -1 -1 -1 -1 0 -1.93e-06 0.08 0.6894 0.2957 0.002006 0.001518 0.006512 -1 0.01484 -4.459 -6.549 -7.506 -7.99
0.01471 0 9.60746 1.347037315 2.52461958 0.856 3.706 3.4325 -0.653 8 0.567 0.411 292.9 -1 -1 -1 -1 0 -2.45e-06 0.11 0.6894 0.2957 0.002006 0.001518 0.006512 -1 0.01484 -4.494 -6.569 -7.537 -8.035
0.01471 0 9.60746 1.347039461 2.524619806 0.83 3.712 3.4308 -0.68 8 0.568 0.411 276.96 -1 -1 -1 -1 0 -2.91e-06 0.15 0.6894 0.2957 0.002006 0.001518 0.006512 -1 0.01484 -4.51 -6.562 -7.544 -8.056
0.01471 0 9.60746 1.347049832 2.5246209 0.572 -9.999 4 1.587 9 0.573 0 0 0 0 0 0 -1 -1e-30 0 0.6894 0.2957 0.002006 0.001518 0.006512 -1 0.01484 29.767 30.019 30.042 30.052
