# component component_index family logAge MH Zini Mini Mass radius_rsun Teff_K logg Vmag Imag Jmag_2mass Hmag_2mass Ksmag_2mass
thin3 2 thin_disk 9.176091259 -0.25 0.0084736 0.0900000036 0.09 0.1168564382 2426.610095 5.254 17.913 13.41 11.023 10.483 10.251
thin3 2 thin_disk 9.176091259 -0.25 0.0084736 0.0911814719 0.091 0.118209572 2446.245276 5.25 17.853 13.352 10.965 10.425 10.192
thin3 2 thin_disk 9.176091259 -0.25 0.0084736 0.0981802419 0.098 0.1261399472 2560.943517 5.226 17.499 13.012 10.626 10.086 9.85
thin3 2 thin_disk 9.176091259 -0.25 0.0084736 0.1000000015 0.1 0.1281895565 2590.597845 5.219 17.41 12.927 10.541 10.001 9.764
thin3 2 thin_disk 9.176091259 -0.25 0.0084736 0.1023378372 0.102 0.1306630059 2615.170448 5.213 17.278 12.828 10.461 9.92 9.682
thin3 2 thin_disk 9.176091259 -0.25 0.0084736 0.1200000048 0.12 0.1493663075 2793.830151 5.166 15.804 11.955 9.959 9.402 9.151
thin3 2 thin_disk 9.176091259 -0.25 0.0084736 0.1246369928 0.125 0.1538695362 2824.879975 5.156 15.548 11.797 9.86 9.3 9.047
thin3 2 thin_disk 9.176091259 -0.25 0.0084736 0.1400000006 0.14 0.1687145915 2920.78776 5.127 14.772 11.328 9.555 8.989 8.736
thin3 2 thin_disk 9.176091259 -0.25 0.0084736 0.1599999964 0.16 0.1866176193 3013.699874 5.097 14.051 10.875 9.235 8.665 8.414
thin3 2 thin_disk 9.176091259 -0.25 0.0084736 0.1608190686 0.161 0.1873495459 3016.476873 5.096 14.028 10.859 9.224 8.654 8.403
thin3 2 thin_disk 9.176091259 -0.25 0.0084736 0.200000003 0.2 0.2200658456 3142.67883 5.052 13.067 10.23 8.748 8.173 7.928
thin3 2 thin_disk 9.176091259 -0.25 0.0084736 0.25 0.25 0.2580789867 3252.370401 5.01 12.275 9.669 8.29 7.711 7.474
thin3 2 thin_disk 9.176091259 -0.25 0.0084736 0.3115883172 0.312 0.3045458213 3349.654392 4.961 11.574 9.138 7.836 7.252 7.02
thin3 2 thin_disk 9.176091259 -0.25 0.0084736 0.3320811391 0.332 0.3244536355 3376.758486 4.934 11.352 8.957 7.674 7.087 6.858
thin3 2 thin_disk 9.176091259 -0.25 0.0084736 0.3493840694 0.349 0.3386512203 3401.731253 4.919 11.182 8.824 7.557 6.969 6.741
thin3 2 thin_disk 9.176091259 -0.25 0.0084736 0.3500000536 0.35 0.3388852331 3402.51462 4.919 11.176 8.819 7.553 6.965 6.737
thin3 2 thin_disk 9.176091259 -0.25 0.0084736 0.4000000358 0.4 0.3824306088 3489.795674 4.872 10.662 8.422 7.211 6.615 6.392
thin3 2 thin_disk 9.176091259 -0.25 0.0084736 0.4182473719 0.418 0.4004540081 3530.205604 4.851 10.45 8.262 7.074 6.474 6.253
thin3 2 thin_disk 9.176091259 -0.25 0.0084736 0.4500000179 0.45 0.4312733724 3599.15044 4.819 10.107 8.002 6.853 6.247 6.029
thin3 2 thin_disk 9.176091259 -0.25 0.0084736 0.4615711272 0.461 0.4431519298 3633.289469 4.806 9.959 7.896 6.765 6.156 5.94
thin3 2 thin_disk 9.176091259 -0.25 0.0084736 0.5 0.5 0.4827837512 3742.829122 4.767 9.502 7.564 6.488 5.869 5.66
thin3 2 thin_disk 9.176091259 -0.25 0.0084736 0.5500000119 0.55 0.5342599816 3928.257967 4.72 8.875 7.115 6.116 5.479 5.292
thin3 2 thin_disk 9.176091259 -0.25 0.0084736 0.6000000238 0.6 0.576570801 4167.734068 4.691 8.249 6.678 5.753 5.097 4.95
thin3 2 thin_disk 9.176091259 -0.25 0.0084736 0.6016435027 0.601 0.577899934 4177.341687 4.691 8.227 6.663 5.741 5.086 4.94
thin3 2 thin_disk 9.176091259 -0.25 0.0084736 0.6499999762 0.65 0.6107347688 4455.536441 4.676 7.6 6.251 5.41 4.78 4.671
thin3 2 thin_disk 9.176091259 -0.25 0.0084736 0.7000001073 0.7 0.6432097883 4752.257886 4.664 6.996 5.848 5.104 4.552 4.464
thin3 2 thin_disk 9.176091259 -0.25 0.0084736 0.7067225575 0.707 0.6476683056 4790.7113 4.662 6.922 5.796 5.065 4.524 4.438
thin3 2 thin_disk 9.176091259 -0.25 0.0084736 0.75 0.75 0.6767879924 5036.165574 4.65 6.486 5.484 4.826 4.352 4.277
thin3 2 thin_disk 9.176091259 -0.25 0.0084736 0.7894718647 0.789 0.7085208661 5234.79887 4.631 6.142 5.224 4.619 4.193 4.125
thin3 2 thin_disk 9.176091259 -0.25 0.0084736 0.7983130813 0.798 0.7163951629 5278.372068 4.627 6.07 5.168 4.575 4.158 4.092
thin3 2 thin_disk 9.176091259 -0.25 0.0084736 0.8121504188 0.812 0.7283709979 5344.412856 4.62 5.96 5.082 4.505 4.103 4.039
thin3 2 thin_disk 9.176091259 -0.25 0.0084736 0.8466261625 0.846 0.7595434884 5505.540985 4.602 5.698 4.875 4.337 3.969 3.91
thin3 2 thin_disk 9.176091259 -0.25 0.0084736 0.8949391842 0.894 0.8080768122 5716.102396 4.572 5.361 4.607 4.113 3.783 3.732
thin3 2 thin_disk 9.176091259 -0.25 0.0084736 0.9261793494 0.925 0.8430486647 5839.827246 4.55 5.159 4.44 3.971 3.661 3.615
thin3 2 thin_disk 9.176091259 -0.25 0.0084736 0.9432522058 0.943 0.8626857907 5907.449259 4.538 5.051 4.353 3.896 3.596 3.553
thin3 2 thin_disk 9.176091259 -0.25 0.0084736 0.9796779156 0.979 0.9096045934 6038.095811 4.509 4.829 4.168 3.736 3.457 3.418
thin3 2 thin_disk 9.176091259 -0.25 0.0084736 0.9915652275 0.991 0.9254493289 6079.949891 4.499 4.759 4.109 3.685 3.412 3.374
thin3 2 thin_disk 9.176091259 -0.25 0.0084736 0.9962468743 0.996 0.9314351967 6095.368972 4.495 4.732 4.086 3.664 3.394 3.356
thin3 2 thin_disk 9.176091259 -0.25 0.0084736 1.039878368 1.039 0.9941516665 6238.784723 4.457 4.48 3.871 3.473 3.223 3.19
thin3 2 thin_disk 9.176091259 -0.25 0.0084736 1.065706134 1.065 1.033362375 6319.751476 4.434 4.336 3.747 3.362 3.122 3.092
thin3 2 thin_disk 9.176091259 -0.25 0.0084736 1.088191509 1.087 1.068692213 6388.516194 4.414 4.213 3.642 3.267 3.036 3.007
thin3 2 thin_disk 9.176091259 -0.25 0.0084736 1.095167756 1.094 1.080320569 6409.143566 4.408 4.175 3.609 3.238 3.01 2.981
thin3 2 thin_disk 9.176091259 -0.25 0.0084736 1.127329111 1.126 1.13253764 6505.789392 4.379 4.003 3.461 3.104 2.888 2.861
thin3 2 thin_disk 9.176091259 -0.25 0.0084736 1.136504412 1.135 1.148028434 6532.809588 4.371 3.955 3.419 3.066 2.854 2.827
thin3 2 thin_disk 9.176091259 -0.25 0.0084736 1.162239551 1.161 1.190563722 6609.977787 4.349 3.821 3.302 2.961 2.76 2.735
thin3 2 thin_disk 9.176091259 -0.25 0.0084736 1.184817553 1.184 1.229285177 6675.74901 4.329 3.705 3.202 2.871 2.678 2.654
thin3 2 thin_disk 9.176091259 -0.25 0.0084736 1.233130455 1.232 1.312056825 6817.105263 4.291 3.466 2.997 2.686 2.513 2.489
thin3 2 thin_disk 9.176091259 -0.25 0.0084736 1.281443477 1.281 1.39012113 6963.057796 4.256 3.24 2.805 2.515 2.361 2.338
thin3 2 thin_disk 9.176091259 -0.25 0.0084736 1.329756737 1.329 1.465725504 7117.049723 4.226 3.023 2.624 2.356 2.221 2.199
thin3 2 thin_disk 9.176091259 -0.25 0.0084736 1.378069639 1.378 1.541532356 7271.098032 4.199 2.816 2.453 2.204 2.088 2.067
thin3 2 thin_disk 9.176091259 -0.25 0.0084736 1.39646101 1.396 1.570914849 7328.245331 4.188 2.738 2.389 2.148 2.038 2.017
thin3 2 thin_disk 9.176091259 -0.25 0.0084736 1.42638278 1.426 1.624249138 7413.102413 4.169 2.614 2.284 2.054 1.954 1.934
thin3 2 thin_disk 9.176091259 -0.25 0.0084736 1.452403784 1.452 1.674760251 7474.807282 4.149 2.507 2.193 1.97 1.877 1.856
thin3 2 thin_disk 9.176091259 -0.25 0.0084736 1.474695921 1.474 1.72485521 7519.691089 4.13 2.416 2.113 1.895 1.808 1.787
thin3 2 thin_disk 9.176091259 -0.25 0.0084736 1.478619695 1.478 1.733614955 7526.620171 4.127 2.4 2.098 1.881 1.795 1.774
thin3 2 thin_disk 9.176091259 -0.25 0.0084736 1.504172087 1.504 1.804897922 7552.661141 4.099 2.297 2.002 1.788 1.705 1.684
thin3 2 thin_disk 9.176091259 -0.25 0.0084736 1.523008823 1.523 1.86574654 7557.880137 4.076 2.22 1.928 1.715 1.633 1.612
thin3 2 thin_disk 9.176091259 -0.25 0.0084736 1.532904983 1.532 1.899558377 7559.620603 4.064 2.18 1.889 1.676 1.595 1.573
thin3 2 thin_disk 9.176091259 -0.25 0.0084736 1.556079507 1.556 1.985421154 7549.183813 4.031 2.087 1.795 1.581 1.499 1.478
thin3 2 thin_disk 9.176091259 -0.25 0.0084736 1.571321964 1.571 2.048578662 7535.290502 4.008 2.027 1.732 1.517 1.434 1.412
thin3 2 thin_disk 9.176091259 -0.25 0.0084736 1.572863817 1.572 2.056613323 7533.555637 4.006 2.02 1.726 1.51 1.427 1.405
thin3 2 thin_disk 9.176091259 -0.25 0.0084736 1.592478037 1.592 2.151555953 7493.763796 3.972 1.943 1.642 1.421 1.335 1.312
thin3 2 thin_disk 9.176091259 -0.25 0.0084736 1.611894488 1.611 2.262312759 7435.325746 3.933 1.867 1.554 1.326 1.234 1.212
thin3 2 thin_disk 9.176091259 -0.25 0.0084736 1.619634867 1.619 2.311812698 7406.277837 3.916 1.837 1.518 1.287 1.192 1.169
thin3 2 thin_disk 9.176091259 -0.25 0.0084736 1.622215033 1.621 2.327837418 7397.755951 3.911 1.827 1.507 1.274 1.179 1.156
thin3 2 thin_disk 9.176091259 -0.25 0.0084736 1.64231801 1.641 2.468610915 7313.074539 3.866 1.752 1.414 1.171 1.066 1.043
thin3 2 thin_disk 9.176091259 -0.25 0.0084736 1.661208272 1.66 2.629375699 7201.119202 3.816 1.683 1.321 1.064 0.948 0.923
thin3 2 thin_disk 9.176091259 -0.25 0.0084736 1.667948127 1.667 2.692480985 7153.193941 3.797 1.659 1.287 1.024 0.902 0.877
thin3 2 thin_disk 9.176091259 -0.25 0.0084736 1.674046874 1.673 2.754562589 7108.860631 3.778 1.638 1.256 0.987 0.86 0.835
thin3 2 thin_disk 9.176091259 -0.25 0.0084736 1.68882823 1.688 2.923160388 6988.757961 3.731 1.588 1.179 0.894 0.753 0.727
thin3 2 thin_disk 9.176091259 -0.25 0.0084736 1.703662038 1.703 3.112810228 6854.882265 3.681 1.54 1.101 0.797 0.64 0.612
thin3 2 thin_disk 9.176091259 -0.25 0.0084736 1.716261029 1.715 3.290429914 6740.622411 3.635 1.496 1.03 0.71 0.538 0.51
thin3 2 thin_disk 9.176091259 -0.25 0.0084736 1.717407227 1.716 3.308663838 6729.766563 3.631 1.492 1.024 0.702 0.529 0.5
thin3 2 thin_disk 9.176091259 -0.25 0.0084736 1.728563189 1.727 3.454241081 6666.53249 3.596 1.441 0.959 0.627 0.445 0.416
thin3 2 thin_disk 9.176091259 -0.25 0.0084736 1.733472109 1.732 3.453445804 6756.161151 3.598 1.379 0.919 0.6 0.432 0.403
thin3 2 thin_disk 9.176091259 -0.25 0.0084736 1.73608458 1.735 3.397446643 6894.455932 3.612 1.319 0.892 0.594 0.443 0.416
thin3 2 thin_disk 9.176091259 -0.25 0.0084736 1.73714304 1.736 3.317818656 7053.424143 3.633 1.264 0.875 0.599 0.468 0.442
thin3 2 thin_disk 9.176091259 -0.25 0.0084736 1.737665057 1.736 3.237819579 7222.707043 3.655 1.208 0.859 0.605 0.494 0.469
thin3 2 thin_disk 9.176091259 -0.25 0.0084736 1.737926126 1.737 3.179454723 7368.854816 3.671 1.158 0.842 0.607 0.513 0.488
thin3 2 thin_disk 9.176091259 -0.25 0.0084736 1.738117456 1.737 3.122141952 7535.290502 3.687 1.097 0.82 0.604 0.527 0.504
thin3 2 thin_disk 9.176091259 -0.25 0.0084736 1.738274097 1.737 3.07151503 7698.391619 3.701 1.038 0.797 0.6 0.539 0.516
thin3 2 thin_disk 9.176091259 -0.25 0.0084736 1.738309383 1.737 3.062334625 7652.441178 3.703 1.07 0.818 0.616 0.55 0.527
thin3 2 thin_disk 9.176091259 -0.25 0.0084736 1.738370895 1.737 3.072929841 7521.422761 3.699 1.139 0.857 0.64 0.561 0.538
thin3 2 thin_disk 9.176091259 -0.25 0.0084736 1.738421678 1.737 3.140166274 7372.249081 3.681 1.181 0.866 0.631 0.536 0.512
thin3 2 thin_disk 9.176091259 -0.25 0.0084736 1.738489986 1.737 3.291187651 7184.557088 3.641 1.197 0.839 0.58 0.465 0.44
thin3 2 thin_disk 9.176091259 -0.25 0.0084736 1.73857379 1.737 3.499070113 7000.031591 3.588 1.184 0.783 0.5 0.363 0.336
thin3 2 thin_disk 9.176091259 -0.25 0.0084736 1.738677025 1.738 3.720939809 6823.386941 3.534 1.168 0.726 0.418 0.259 0.231
thin3 2 thin_disk 9.176091259 -0.25 0.0084736 1.738801241 1.738 3.927829656 6660.395213 3.487 1.163 0.682 0.35 0.169 0.139
thin3 2 thin_disk 9.176091259 -0.25 0.0084736 1.738959551 1.738 4.122423877 6508.786108 3.445 1.167 0.649 0.293 0.092 0.06
thin3 2 thin_disk 9.176091259 -0.25 0.0084736 1.739172339 1.738 4.307771363 6363.5579 3.407 1.181 0.626 0.247 0.026 -0.008
thin3 2 thin_disk 9.176091259 -0.25 0.0084736 1.739488006 1.738 4.482833873 6212.980635 3.373 1.21 0.615 0.212 -0.03 -0.068
thin3 2 thin_disk 9.176091259 -0.25 0.0084736 1.739923477 1.739 4.630763962 6060.382005 3.344 1.262 0.626 0.195 -0.071 -0.113
thin3 2 thin_disk 9.176091259 -0.25 0.0084736 1.740452647 1.739 4.730996697 5903.369946 3.326 1.349 0.668 0.206 -0.089 -0.134
thin3 2 thin_disk 9.176091259 -0.25 0.0084736 1.740867019 1.74 4.757213524 5786.287388 3.321 1.44 0.726 0.241 -0.075 -0.123
thin3 2 thin_disk 9.176091259 -0.25 0.0084736 1.741213203 1.74 4.749551978 5688.529308 3.322 1.534 0.791 0.286 -0.048 -0.099
thin3 2 thin_disk 9.176091259 -0.25 0.0084736 1.74151063 1.74 4.733175903 5604.024174 3.325 1.621 0.853 0.33 -0.021 -0.075
thin3 2 thin_disk 9.176091259 -0.25 0.0084736 1.741896868 1.741 4.736446595 5496.674249 3.325 1.726 0.926 0.377 0.004 -0.054
thin3 2 thin_disk 9.176091259 -0.25 0.0084736 1.742378831 1.741 4.847888748 5374.02893 3.305 1.802 0.964 0.386 -0.013 -0.075
thin3 2 thin_disk 9.176091259 -0.25 0.0084736 1.74247539 1.741 4.904024654 5355.499708 3.295 1.798 0.954 0.371 -0.033 -0.095
thin3 2 thin_disk 9.176091259 -0.25 0.0084736 1.743053675 1.742 5.281443582 5250.491987 3.23 1.749 0.87 0.26 -0.168 -0.233
thin3 2 thin_disk 9.176091259 -0.25 0.0084736 1.743534446 1.742 5.706274307 5186.805946 3.164 1.654 0.753 0.126 -0.317 -0.385
thin3 2 thin_disk 9.176091259 -0.25 0.0084736 1.743911624 1.743 6.079286974 5145.173214 3.109 1.564 0.65 0.011 -0.442 -0.511
thin3 2 thin_disk 9.176091259 -0.25 0.0084736 1.744262338 1.743 6.44841003 5112.107761 3.058 1.475 0.549 -0.099 -0.56 -0.631
thin3 2 thin_disk 9.176091259 -0.25 0.0084736 1.744602919 1.743 6.825785632 5081.594426 3.008 1.386 0.449 -0.208 -0.677 -0.748
thin3 2 thin_disk 9.176091259 -0.25 0.0084736 1.744933605 1.744 7.230238857 5052.426449 2.959 1.297 0.351 -0.315 -0.791 -0.863
thin3 2 thin_disk 9.176091259 -0.25 0.0084736 1.74525845 1.744 7.646323089 5024.582715 2.91 1.208 0.252 -0.421 -0.904 -0.978
thin3 2 thin_disk 9.176091259 -0.25 0.0084736 1.745578647 1.744 8.086352047 4996.892426 2.862 1.121 0.155 -0.526 -1.016 -1.091
thin3 2 thin_disk 9.176091259 -0.25 0.0084736 1.745897412 1.745 8.537931082 4970.499106 2.815 1.037 0.06 -0.63 -1.126 -1.203
thin3 2 thin_disk 9.176091259 -0.25 0.0084736 1.746295452 1.745 9.125415435 4939.693472 2.757 0.932 -0.058 -0.757 -1.262 -1.34
thin3 2 thin_disk 9.176091259 -0.25 0.0084736 1.746692777 1.745 9.74658882 4907.948534 2.699 0.828 -0.174 -0.883 -1.396 -1.476
thin3 2 thin_disk 9.176091259 -0.25 0.0084736 1.747010231 1.746 10.2908831 4882.025011 2.653 0.745 -0.267 -0.985 -1.505 -1.586
thin3 2 thin_disk 9.176091259 -0.25 0.0084736 1.747328162 1.746 10.85307102 4856.238414 2.606 0.662 -0.36 -1.086 -1.614 -1.696
thin3 2 thin_disk 9.176091259 -0.25 0.0084736 1.747705817 1.746 11.58384252 4823.918924 2.549 0.564 -0.472 -1.208 -1.744 -1.828
thin3 2 thin_disk 9.176091259 -0.25 0.0084736 1.748033524 1.747 12.27588029 4795.125741 2.499 0.477 -0.571 -1.316 -1.86 -1.945
thin3 2 thin_disk 9.176091259 -0.25 0.0084736 1.748366356 1.747 13.0302469 4765.407017 2.447 0.388 -0.673 -1.428 -1.98 -2.067
thin3 2 thin_disk 9.176091259 -0.25 0.0084736 1.748704076 1.747 13.86923941 4734.782132 2.393 0.297 -0.779 -1.545 -2.105 -2.194
thin3 2 thin_disk 9.176091259 -0.25 0.0084736 1.748993039 1.748 14.66400651 4706.520991 2.346 0.218 -0.872 -1.647 -2.215 -2.306
thin3 2 thin_disk 9.176091259 -0.25 0.0084736 1.749286652 1.748 15.5043172 4678.428537 2.297 0.136 -0.967 -1.752 -2.328 -2.42
thin3 2 thin_disk 9.176091259 -0.25 0.0084736 1.749631405 1.748 16.58260076 4645.152752 2.239 0.042 -1.079 -1.876 -2.461 -2.556
thin3 2 thin_disk 9.176091259 -0.25 0.0084736 1.749928594 1.749 17.56922663 4615.300681 2.188 -0.039 -1.176 -1.983 -2.577 -2.673
thin3 2 thin_disk 9.176091259 -0.25 0.0084736 1.750258565 1.749 18.71770701 4583.529174 2.133 -0.129 -1.282 -2.1 -2.703 -2.802
thin3 2 thin_disk 9.176091259 -0.25 0.0084736 1.750599027 1.749 19.89539861 4551.976381 2.081 -0.21 -1.381 -2.21 -2.823 -2.924
thin3 2 thin_disk 9.176091259 -0.25 0.0084736 1.751049638 1.75 21.07912818 4522.723108 2.03 -0.289 -1.476 -2.316 -2.938 -3.041
thin3 2 thin_disk 9.176091259 -0.25 0.0084736 1.751150727 1.75 21.19593821 4520.640796 2.026 -0.296 -1.485 -2.326 -2.948 -3.052
thin3 2 thin_disk 9.176091259 -0.25 0.0084736 1.75153172 1.75 20.05176678 4549.880602 2.074 -0.224 -1.395 -2.226 -2.839 -2.94
thin3 2 thin_disk 9.176091259 -0.25 0.0084736 1.751663685 1.75 18.99995817 4578.255228 2.121 -0.151 -1.307 -2.127 -2.732 -2.831
thin3 2 thin_disk 9.176091259 -0.25 0.0084736 1.751771689 1.751 17.93298746 4607.867687 2.172 -0.072 -1.212 -2.021 -2.617 -2.714
thin3 2 thin_disk 9.176091259 -0.25 0.0084736 1.751871109 1.751 16.86369135 4640.876378 2.225 0.012 -1.111 -1.909 -2.496 -2.591
thin3 2 thin_disk 9.176091259 -0.25 0.0084736 1.751960397 1.751 15.92401745 4669.818486 2.274 0.091 -1.017 -1.805 -2.383 -2.476
thin3 2 thin_disk 9.176091259 -0.25 0.0084736 1.752058506 1.751 14.98830924 4701.105527 2.327 0.176 -0.916 -1.693 -2.263 -2.354
thin3 2 thin_disk 9.176091259 -0.25 0.0084736 1.752165318 1.751 14.12383531 4732.602186 2.379 0.262 -0.816 -1.582 -2.143 -2.232
thin3 2 thin_disk 9.176091259 -0.25 0.0084736 1.752281666 1.751 13.35834467 4761.019936 2.427 0.341 -0.722 -1.479 -2.032 -2.119
thin3 2 thin_disk 9.176091259 -0.25 0.0084736 1.752423644 1.751 12.75418302 4786.300923 2.467 0.406 -0.646 -1.394 -1.94 -2.027
thin3 2 thin_disk 9.176091259 -0.25 0.0084736 1.752467513 1.751 12.85146521 4781.894607 2.46 0.395 -0.658 -1.408 -1.955 -2.042
thin3 2 thin_disk 9.176091259 -0.25 0.0084736 1.752736688 1.751 13.51302701 4755.541763 2.417 0.323 -0.743 -1.501 -2.055 -2.143
thin3 2 thin_disk 9.176091259 -0.25 0.0084736 1.753148198 1.752 14.4694707 4721.717503 2.358 0.224 -0.859 -1.629 -2.192 -2.282
thin3 2 thin_disk 9.176091259 -0.25 0.0084736 1.753621101 1.752 15.48291198 4687.054463 2.299 0.126 -0.973 -1.755 -2.328 -2.42
thin3 2 thin_disk 9.176091259 -0.25 0.0084736 1.754096746 1.753 16.54065277 4653.717326 2.242 0.032 -1.084 -1.878 -2.46 -2.554
thin3 2 thin_disk 9.176091259 -0.25 0.0084736 1.75457108 1.753 17.67065488 4620.617302 2.185 -0.06 -1.193 -1.998 -2.59 -2.687
thin3 2 thin_disk 9.176091259 -0.25 0.0084736 1.755046368 1.754 18.85613352 4587.752705 2.128 -0.152 -1.302 -2.119 -2.721 -2.82
thin3 2 thin_disk 9.176091259 -0.25 0.0084736 1.755511046 1.754 20.13041114 4554.073127 2.071 -0.241 -1.41 -2.239 -2.85 -2.952
thin3 2 thin_disk 9.176091259 -0.25 0.0084736 1.755959153 1.755 21.48090848 4521.681832 2.016 -0.328 -1.515 -2.356 -2.978 -3.082
thin3 2 thin_disk 9.176091259 -0.25 0.0084736 1.756394863 1.755 22.90617872 4488.487293 1.96 -0.416 -1.62 -2.474 -3.102 -3.21
thin3 2 thin_disk 9.176091259 -0.25 0.0084736 1.75681293 1.756 24.41477042 4456.562484 1.904 -0.503 -1.723 -2.59 -3.223 -3.336
thin3 2 thin_disk 9.176091259 -0.25 0.0084736 1.757213473 1.756 26.03470403 4423.845998 1.848 -0.589 -1.825 -2.705 -3.344 -3.462
thin3 2 thin_disk 9.176091259 -0.25 0.0084736 1.75758779 1.756 27.7301772 4391.36969 1.794 -0.673 -1.924 -2.818 -3.462 -3.585
thin3 2 thin_disk 9.176091259 -0.25 0.0084736 1.757943749 1.757 29.52246693 4360.13564 1.739 -0.756 -2.023 -2.93 -3.58 -3.707
thin3 2 thin_disk 9.176091259 -0.25 0.0084736 1.758279443 1.757 31.39443307 4329.123745 1.686 -0.836 -2.119 -3.04 -3.695 -3.828
thin3 2 thin_disk 9.176091259 -0.25 0.0084736 1.75859654 1.757 33.41586016 4296.353426 1.632 -0.915 -2.214 -3.149 -3.81 -3.949
thin3 2 thin_disk 9.176091259 -0.25 0.0084736 1.75889194 1.758 35.53469931 4265.795188 1.579 -0.994 -2.307 -3.256 -3.922 -4.067
thin3 2 thin_disk 9.176091259 -0.25 0.0084736 1.759173274 1.758 37.72703238 4236.42966 1.526 -1.071 -2.4 -3.364 -4.035 -4.186
thin3 2 thin_disk 9.176091259 -0.25 0.0084736 1.759432793 1.758 40.09153133 4205.329212 1.474 -1.142 -2.491 -3.469 -4.148 -4.305
thin3 2 thin_disk 9.176091259 -0.25 0.0084736 1.759676576 1.758 42.53560799 4175.418393 1.423 -1.211 -2.582 -3.575 -4.263 -4.424
thin3 2 thin_disk 9.176091259 -0.25 0.0084736 1.759905219 1.759 45.10790373 4146.675015 1.372 -1.277 -2.672 -3.679 -4.376 -4.541
thin3 2 thin_disk 9.176091259 -0.25 0.0084736 1.760120273 1.759 47.85779057 4117.18138 1.321 -1.341 -2.76 -3.782 -4.488 -4.658
thin3 2 thin_disk 9.176091259 -0.25 0.0084736 1.760318518 1.759 50.63521342 4088.838903 1.272 -1.402 -2.846 -3.882 -4.597 -4.772
thin3 2 thin_disk 9.176091259 -0.25 0.0084736 1.760504127 1.759 53.57382378 4060.691534 1.223 -1.461 -2.93 -3.98 -4.705 -4.883
thin3 2 thin_disk 9.176091259 -0.25 0.0084736 1.760680079 1.759 56.65687868 4033.666609 1.174 -1.519 -3.014 -4.077 -4.811 -4.995
thin3 2 thin_disk 9.176091259 -0.25 0.0084736 1.760842562 1.76 59.77955046 4006.821542 1.127 -1.574 -3.094 -4.172 -4.915 -5.103
thin3 2 thin_disk 9.176091259 -0.25 0.0084736 1.76099515 1.76 63.10338333 3979.238776 1.08 -1.626 -3.173 -4.266 -5.018 -5.211
thin3 2 thin_disk 9.176091259 -0.25 0.0084736 1.761139631 1.76 66.6120263 3951.845889 1.034 -1.674 -3.251 -4.358 -5.119 -5.317
thin3 2 thin_disk 9.176091259 -0.25 0.0084736 1.761209965 1.76 68.28929746 3939.127154 1.012 -1.696 -3.288 -4.402 -5.168 -5.368
thin3 2 thin_disk 9.176091259 -0.25 0.0084736 1.761209965 1.76 68.28929746 3939.127154 1.012 0.738 -0.217 -4.402 -5.168 -5.368
thin3 2 thin_disk 9.176091259 -0.25 0.0084736 1.762865543 1.762 9.6616799 5009.564815 2.711 0.715 -0.244 -0.923 -1.408 -1.483
thin3 2 thin_disk 9.176091259 -0.25 0.0084736 1.764450789 1.763 9.805113942 5001.496854 2.699 0.695 -0.268 -0.949 -1.436 -1.512
thin3 2 thin_disk 9.176091259 -0.25 0.0084736 1.764910817 1.764 9.848104421 4999.19411 2.696 0.689 -0.275 -0.956 -1.445 -1.52
thin3 2 thin_disk 9.176091259 -0.25 0.0084736 1.765295029 1.764 9.955260869 4992.292237 2.686 0.673 -0.293 -0.977 -1.467 -1.543
thin3 2 thin_disk 9.176091259 -0.25 0.0084736 1.766467214 1.765 10.12634326 4984.252094 2.672 0.647 -0.323 -1.009 -1.501 -1.577
thin3 2 thin_disk 9.176091259 -0.25 0.0084736 1.767303109 1.766 10.21063249 4980.810284 2.664 0.633 -0.338 -1.026 -1.519 -1.595
thin3 2 thin_disk 9.176091259 -0.25 0.0084736 1.768047214 1.767 10.26721473 4978.517064 2.659 0.624 -0.348 -1.036 -1.53 -1.607
thin3 2 thin_disk 9.176091259 -0.25 0.0084736 1.768697143 1.768 10.29562332 4977.37085 2.657 0.619 -0.354 -1.042 -1.536 -1.613
thin3 2 thin_disk 9.176091259 -0.25 0.0084736 1.769385815 1.768 10.30748342 4977.37085 2.656 0.616 -0.356 -1.045 -1.539 -1.615
thin3 2 thin_disk 9.176091259 -0.25 0.0084736 1.770107508 1.769 10.31935718 4977.37085 2.656 0.615 -0.357 -1.045 -1.539 -1.616
thin3 2 thin_disk 9.176091259 -0.25 0.0084736 1.770862341 1.77 10.29799425 4979.663542 2.657 0.615 -0.357 -1.044 -1.538 -1.614
thin3 2 thin_disk 9.176091259 -0.25 0.0084736 1.772890329 1.772 10.45328148 4973.933791 2.646 0.591 -0.382 -1.072 -1.567 -1.643
thin3 2 thin_disk 9.176091259 -0.25 0.0084736 1.775011778 1.774 10.63292241 4965.923215 2.631 0.563 -0.414 -1.105 -1.602 -1.679
thin3 2 thin_disk 9.176091259 -0.25 0.0084736 1.775596976 1.774 10.45568871 4976.2249 2.646 0.587 -0.385 -1.074 -1.569 -1.645
thin3 2 thin_disk 9.176091259 -0.25 0.0084736 1.775620937 1.774 10.33124462 4983.10456 2.656 0.605 -0.365 -1.052 -1.544 -1.62
thin3 2 thin_disk 9.176091259 -0.25 0.0084736 1.775643349 1.774 10.20828167 4989.993731 2.667 0.622 -0.345 -1.029 -1.52 -1.596
thin3 2 thin_disk 9.176091259 -0.25 0.0084736 1.775674105 1.774 10.05894989 4998.043136 2.679 0.643 -0.321 -1.003 -1.492 -1.567
thin3 2 thin_disk 9.176091259 -0.25 0.0084736 1.775712729 1.774 9.91636822 5004.95296 2.691 0.665 -0.297 -0.977 -1.463 -1.539
thin3 2 thin_disk 9.176091259 -0.25 0.0084736 1.775763989 1.775 9.782562806 5013.026495 2.704 0.686 -0.273 -0.95 -1.435 -1.51
thin3 2 thin_disk 9.176091259 -0.25 0.0084736 1.775834203 1.775 9.64389881 5019.957034 2.716 0.707 -0.249 -0.924 -1.407 -1.482
thin3 2 thin_disk 9.176091259 -0.25 0.0084736 1.775937915 1.775 9.518152194 5026.897154 2.728 0.729 -0.225 -0.898 -1.379 -1.453
thin3 2 thin_disk 9.176091259 -0.25 0.0084736 1.776103735 1.775 9.37891597 5035.006088 2.74 0.751 -0.2 -0.871 -1.35 -1.424
thin3 2 thin_disk 9.176091259 -0.25 0.0084736 1.776394963 1.775 9.241716562 5043.128103 2.754 0.774 -0.174 -0.843 -1.32 -1.393
thin3 2 thin_disk 9.176091259 -0.25 0.0084736 1.776971817 1.776 9.091858015 5052.426449 2.768 0.798 -0.146 -0.812 -1.287 -1.36
thin3 2 thin_disk 9.176091259 -0.25 0.0084736 1.777948856 1.777 8.954733076 5061.74194 2.781 0.819 -0.122 -0.786 -1.258 -1.331
thin3 2 thin_disk 9.176091259 -0.25 0.0084736 1.778388381 1.777 9.027191278 5055.917748 2.774 0.807 -0.136 -0.801 -1.275 -1.348
thin3 2 thin_disk 9.176091259 -0.25 0.0084736 1.783067107 1.782 8.899234377 5062.907583 2.788 0.831 -0.11 -0.773 -1.245 -1.318
thin3 2 thin_disk 9.176091259 -0.25 0.0084736 1.789615035 1.788 8.672666471 5075.74739 2.811 0.871 -0.065 -0.724 -1.193 -1.265
thin3 2 thin_disk 9.176091259 -0.25 0.0084736 1.799732089 1.798 8.387888424 5093.308711 2.843 0.924 -0.006 -0.66 -1.125 -1.196
thin3 2 thin_disk 9.176091259 -0.25 0.0084736 1.812887192 1.812 8.058470953 5113.285003 2.881 0.986 0.062 -0.586 -1.046 -1.117
thin3 2 thin_disk 9.176091259 -0.25 0.0084736 1.816633105 1.815 8.125547714 5115.6403 2.874 0.966 0.043 -0.605 -1.065 -1.135
thin3 2 thin_disk 9.176091259 -0.25 0.0084736 1.840015054 1.839 8.650727759 5114.462516 2.826 0.83 -0.092 -0.741 -1.2 -1.271
thin3 2 thin_disk 9.176091259 -0.25 0.0084736 1.860224485 1.859 9.260888275 5099.175976 2.772 0.702 -0.226 -0.878 -1.342 -1.413
thin3 2 thin_disk 9.176091259 -0.25 0.0084736 1.863396049 1.862 9.374597814 5094.481623 2.762 0.681 -0.248 -0.902 -1.367 -1.438
thin3 2 thin_disk 9.176091259 -0.25 0.0084736 1.871931434 1.871 9.717457387 5079.254804 2.732 0.62 -0.315 -0.973 -1.441 -1.513
thin3 2 thin_disk 9.176091259 -0.25 0.0084736 1.872097731 1.871 9.733132707 5078.085397 2.731 0.618 -0.317 -0.976 -1.444 -1.516
thin3 2 thin_disk 9.176091259 -0.25 0.0084736 1.874366999 1.873 9.950677358 5062.907583 2.712 0.588 -0.352 -1.015 -1.487 -1.56
thin3 2 thin_disk 9.176091259 -0.25 0.0084736 1.877861977 1.877 10.26721473 5041.967013 2.686 0.544 -0.403 -1.073 -1.55 -1.623
thin3 2 thin_disk 9.176091259 -0.25 0.0084736 1.883519769 1.882 11.03704072 4993.441887 2.625 0.448 -0.518 -1.201 -1.691 -1.767
thin3 2 thin_disk 9.176091259 -0.25 0.0084736 1.885229349 1.884 11.80463722 4946.522627 2.566 0.359 -0.624 -1.322 -1.824 -1.902
thin3 2 thin_disk 9.176091259 -0.25 0.0084736 1.885968208 1.885 12.62271117 4903.430228 2.509 0.27 -0.73 -1.441 -1.955 -2.034
thin3 2 thin_disk 9.176091259 -0.25 0.0084736 1.886294484 1.885 13.42618555 4865.19218 2.454 0.186 -0.831 -1.554 -2.078 -2.16
thin3 2 thin_disk 9.176091259 -0.25 0.0084736 1.886437178 1.885 14.21191642 4830.58802 2.405 0.109 -0.923 -1.657 -2.189 -2.273
thin3 2 thin_disk 9.176091259 -0.25 0.0084736 1.886519313 1.885 14.92287994 4801.75503 2.363 0.043 -1.002 -1.745 -2.285 -2.371
thin3 2 thin_disk 9.176091259 -0.25 0.0084736 1.88656807 1.885 15.6261736 4774.193311 2.323 -0.021 -1.078 -1.83 -2.378 -2.465
thin3 2 thin_disk 9.176091259 -0.25 0.0084736 1.886573076 1.885 15.72000373 4770.896554 2.318 -0.028 -1.087 -1.84 -2.388 -2.476
thin3 2 thin_disk 9.176091259 -0.25 0.0084736 1.886667967 1.886 17.14954669 4722.804844 2.242 -0.148 -1.23 -2 -2.562 -2.652
thin3 2 thin_disk 9.176091259 -0.25 0.0084736 1.886784673 1.886 17.07468282 4724.980277 2.246 -0.143 -1.224 -1.993 -2.554 -2.644
thin3 2 thin_disk 9.176091259 -0.25 0.0084736 1.88803339 1.887 15.68746048 4773.094139 2.32 -0.026 -1.084 -1.836 -2.384 -2.471
thin3 2 thin_disk 9.176091259 -0.25 0.0084736 1.889652371 1.888 16.5216206 4745.696932 2.275 -0.101 -1.172 -1.934 -2.489 -2.577
thin3 2 thin_disk 9.176091259 -0.25 0.0084736 1.890971184 1.889 17.41616958 4716.284553 2.23 -0.173 -1.258 -2.029 -2.592 -2.683
thin3 2 thin_disk 9.176091259 -0.25 0.0084736 1.892116547 1.89 18.40995152 4685.975353 2.181 -0.25 -1.35 -2.133 -2.704 -2.797
thin3 2 thin_disk 9.176091259 -0.25 0.0084736 1.892968416 1.891 19.55476697 4652.645891 2.13 -0.33 -1.446 -2.24 -2.822 -2.916
thin3 2 thin_disk 9.176091259 -0.25 0.0084736 1.893595576 1.892 20.71345975 4620.617302 2.08 -0.407 -1.54 -2.345 -2.936 -3.032
thin3 2 thin_disk 9.176091259 -0.25 0.0084736 1.894094229 1.892 21.91556365 4588.809196 2.031 -0.482 -1.631 -2.448 -3.047 -3.146
thin3 2 thin_disk 9.176091259 -0.25 0.0084736 1.894492984 1.892 23.13942937 4559.319217 1.983 -0.554 -1.719 -2.547 -3.154 -3.255
thin3 2 thin_disk 9.176091259 -0.25 0.0084736 1.894810438 1.892 24.40352959 4530.018754 1.937 -0.624 -1.803 -2.642 -3.254 -3.359
thin3 2 thin_disk 9.176091259 -0.25 0.0084736 1.895160437 1.893 25.89122774 4497.798549 1.886 -0.701 -1.895 -2.746 -3.363 -3.473
thin3 2 thin_disk 9.176091259 -0.25 0.0084736 1.895473719 1.893 27.46961957 4465.807513 1.835 -0.779 -1.989 -2.852 -3.476 -3.59
thin3 2 thin_disk 9.176091259 -0.25 0.0084736 1.895795941 1.893 29.20469297 4432.002534 1.782 -0.857 -2.083 -2.96 -3.589 -3.709
thin3 2 thin_disk 9.176091259 -0.25 0.0084736 1.896095276 1.893 31.03506397 4399.466347 1.728 -0.936 -2.177 -3.069 -3.704 -3.828
thin3 2 thin_disk 9.176091259 -0.25 0.0084736 1.896362662 1.893 33.16291096 4360.13564 1.671 -1.014 -2.275 -3.183 -3.825 -3.956
thin3 2 thin_disk 9.176091259 -0.25 0.0084736 1.896528482 1.893 35.03100887 4321.156545 1.623 -1.063 -2.345 -3.271 -3.922 -4.059
thin3 2 thin_disk 9.176091259 -0.25 0.0084736 1.896701932 1.893 37.30376313 4287.459197 1.569 -1.14 -2.439 -3.38 -4.037 -4.18
thin3 2 thin_disk 9.176091259 -0.25 0.0084736 1.896831632 1.893 39.52324958 4255.004268 1.518 -1.209 -2.524 -3.48 -4.143 -4.293
thin3 2 thin_disk 9.176091259 -0.25 0.0084736 1.896939635 1.892 41.92302816 4222.795013 1.468 -1.273 -2.609 -3.58 -4.253 -4.407
thin3 2 thin_disk 9.176091259 -0.25 0.0084736 1.897031188 1.892 44.31519298 4190.829574 1.419 -1.33 -2.691 -3.677 -4.359 -4.518
thin3 2 thin_disk 9.176091259 -0.25 0.0084736 1.897121191 1.892 46.94103324 4161.980106 1.369 -1.394 -2.777 -3.777 -4.468 -4.632
thin3 2 thin_disk 9.176091259 -0.25 0.0084736 1.89720583 1.892 49.60810583 4133.329237 1.321 -1.454 -2.861 -3.874 -4.575 -4.743
thin3 2 thin_disk 9.176091259 -0.25 0.0084736 1.897292018 1.891 52.51128486 4103.930525 1.272 -1.515 -2.946 -3.974 -4.684 -4.856
thin3 2 thin_disk 9.176091259 -0.25 0.0084736 1.897381663 1.891 55.67402817 4073.802778 1.221 -1.576 -3.033 -4.076 -4.795 -4.972
thin3 2 thin_disk 9.176091259 -0.25 0.0084736 1.897475004 1.891 59.02726282 4043.896205 1.17 -1.634 -3.12 -4.178 -4.907 -5.089
thin3 2 thin_disk 9.176091259 -0.25 0.0084736 1.897575736 1.89 62.75562293 4013.284983 1.117 -1.693 -3.208 -4.283 -5.023 -5.21
thin3 2 thin_disk 9.176091259 -0.25 0.0084736 1.897683501 1.889 66.6734065 3981.988487 1.063 -1.753 -3.298 -4.389 -5.139 -5.332
thin3 2 thin_disk 9.176091259 -0.25 0.0084736 1.897767186 1.888 69.43087602 3960.955835 1.028 -1.787 -3.355 -4.458 -5.215 -5.411
thin3 2 thin_disk 9.176091259 -0.25 0.0084736 1.897785544 1.888 69.20741768 3962.780343 1.032 -1.784 -3.35 -4.451 -5.207 -5.403
thin3 2 thin_disk 9.176091259 -0.25 0.0084736 1.897794723 1.888 71.63951629 3944.573021 1.001 -1.813 -3.4 -4.512 -5.274 -5.474
thin3 2 thin_disk 9.176091259 -0.25 0.0084736 1.897803783 1.887 74.15708411 3926.449354 0.971 -1.84 -3.448 -4.57 -5.338 -5.541
thin3 2 thin_disk 9.176091259 -0.25 0.0084736 1.897814989 1.887 76.76312472 3908.408958 0.941 -1.867 -3.496 -4.629 -5.403 -5.609
thin3 2 thin_disk 9.176091259 -0.25 0.0084736 1.897830367 1.887 79.4973487 3889.555744 0.911 -1.893 -3.545 -4.688 -5.468 -5.678
thin3 2 thin_disk 9.176091259 -0.25 0.0084736 1.897847295 1.887 78.85925045 3894.036339 0.918 -1.888 -3.534 -4.674 -5.453 -5.662
thin3 2 thin_disk 9.176091259 -0.25 0.0084736 1.897847772 1.887 76.51606807 3910.209261 0.944 -1.866 -3.493 -4.624 -5.398 -5.603
thin3 2 thin_disk 9.176091259 -0.25 0.0084736 1.897847891 1.887 74.12294138 3927.353556 0.971 -1.841 -3.447 -4.569 -5.337 -5.54
thin3 2 thin_disk 9.176091259 -0.25 0.0084736 1.89784801 1.887 69.5108573 3960.955835 1.027 -1.789 -3.356 -4.459 -5.216 -5.412
thin3 2 thin_disk 9.176091259 -0.25 0.0084736 1.897848129 1.887 66.56602823 3982.905479 1.065 -1.75 -3.294 -4.385 -5.134 -5.327
thin3 2 thin_disk 9.176091259 -0.25 0.0084736 1.897848248 1.887 66.06214104 3986.57556 1.071 -1.743 -3.284 -4.372 -5.12 -5.312
thin3 2 thin_disk 9.176091259 -0.25 0.0084736 1.897848368 1.887 78.01042516 3899.419867 0.927 -1.88 -3.519 -4.656 -5.433 -5.641
thin3 2 thin_disk 9.176091259 -0.25 0.0084736 1.897848606 1.887 88.42043453 3830.892806 0.818 -1.955 -3.688 -4.868 -5.667 -5.887
thin3 2 thin_disk 9.176091259 -0.25 0.0084736 1.897848964 1.887 89.89854129 3821.202032 0.804 -1.963 -3.71 -4.895 -5.697 -5.919
thin3 2 thin_disk 9.176091259 -0.25 0.0084736 1.897849202 1.887 87.00668955 3839.723926 0.832 -1.947 -3.668 -4.842 -5.638 -5.857
thin3 2 thin_disk 9.176091259 -0.25 0.0084736 1.897849321 1.887 84.34369924 3857.447287 0.859 -1.93 -3.626 -4.789 -5.58 -5.795
thin3 2 thin_disk 9.176091259 -0.25 0.0084736 1.89784956 1.887 81.66813628 3875.252454 0.887 -1.911 -3.583 -4.735 -5.52 -5.733
thin3 2 thin_disk 9.176091259 -0.25 0.0084736 1.897849917 1.887 79.11387282 3892.243482 0.915 -1.891 -3.538 -4.68 -5.459 -5.668
thin3 2 thin_disk 9.176091259 -0.25 0.0084736 1.897850156 1.887 75.44885352 3917.418771 0.955 -1.855 -3.473 -4.601 -5.372 -5.577
thin3 2 thin_disk 9.176091259 -0.25 0.0084736 1.897850394 1.887 74.03765329 3927.353556 0.972 -1.84 -3.446 -4.568 -5.336 -5.538
thin3 2 thin_disk 9.176091259 -0.25 0.0084736 1.897850513 1.887 72.18594476 3940.941607 0.994 -1.82 -3.411 -4.525 -5.289 -5.489
thin3 2 thin_disk 9.176091259 -0.25 0.0084736 1.897850752 1.887 70.073312 3956.39824 1.02 -1.795 -3.368 -4.473 -5.231 -5.428
thin3 2 thin_disk 9.176091259 -0.25 0.0084736 1.897850871 1.887 68.95291723 3965.51868 1.034 -1.782 -3.345 -4.446 -5.201 -5.397
thin3 2 thin_disk 9.176091259 -0.25 0.0084736 1.89785099 1.887 66.56602823 3982.905479 1.064 -1.75 -3.295 -4.385 -5.135 -5.328
thin3 2 thin_disk 9.176091259 -0.25 0.0084736 1.897851109 1.887 66.3517902 3984.740097 1.067 -1.748 -3.29 -4.38 -5.129 -5.321
thin3 2 thin_disk 9.176091259 -0.25 0.0084736 1.897851229 1.887 66.3517902 3984.740097 1.067 -1.748 -3.29 -4.38 -5.129 -5.321
thin3 2 thin_disk 9.176091259 -0.25 0.0084736 1.897851348 1.887 73.32509678 3932.783146 0.98 -1.833 -3.433 -4.552 -5.318 -5.52
thin3 2 thin_disk 9.176091259 -0.25 0.0084736 1.897851467 1.887 76.79848359 3907.509117 0.94 -1.869 -3.498 -4.631 -5.405 -5.611
thin3 2 thin_disk 9.176091259 -0.25 0.0084736 1.897852063 1.887 80.39936984 3883.29157 0.9 -1.902 -3.561 -4.708 -5.491 -5.702
thin3 2 thin_disk 9.176091259 -0.25 0.0084736 1.897852421 1.887 78.60544757 3895.830022 0.92 -1.886 -3.53 -4.669 -5.448 -5.656
thin3 2 thin_disk 9.176091259 -0.25 0.0084736 1.897852778 1.887 75.93686171 3913.812356 0.95 -1.86 -3.482 -4.612 -5.384 -5.589
thin3 2 thin_disk 9.176091259 -0.25 0.0084736 1.897853136 1.887 73.56185036 3930.972449 0.977 -1.835 -3.438 -4.558 -5.325 -5.527
thin3 2 thin_disk 9.176091259 -0.25 0.0084736 1.897853494 1.887 71.17912498 3948.20778 1.006 -1.808 -3.391 -4.5 -5.261 -5.46
thin3 2 thin_disk 9.176091259 -0.25 0.0084736 1.897853851 1.887 69.43087602 3960.955835 1.028 -1.788 -3.356 -4.459 -5.215 -5.412
thin3 2 thin_disk 9.176091259 -0.25 0.0084736 1.897854328 1.887 66.13824169 3986.57556 1.07 -1.744 -3.285 -4.374 -5.123 -5.315
thin3 2 thin_disk 9.176091259 -0.25 0.0084736 1.897854567 1.887 65.14073355 3993.925872 1.083 -1.73 -3.263 -4.348 -5.094 -5.285
thin3 2 thin_disk 9.176091259 -0.25 0.0084736 1.897854686 1.887 64.64763546 3997.606108 1.09 -1.722 -3.252 -4.335 -5.079 -5.269
thin3 2 thin_disk 9.176091259 -0.25 0.0084736 1.897854924 1.887 64.33579099 4000.36851 1.094 -1.717 -3.244 -4.326 -5.069 -5.259
thin3 2 thin_disk 9.176091259 -0.25 0.0084736 1.897855163 1.887 66.45882289 3983.822682 1.066 -1.75 -3.293 -4.383 -5.133 -5.325
thin3 2 thin_disk 9.176091259 -0.25 0.0084736 1.897855401 1.887 72.53584001 3938.220241 0.99 -1.824 -3.418 -4.533 -5.297 -5.498
thin3 2 thin_disk 9.176091259 -0.25 0.0084736 1.897855639 1.887 74.63673706 3922.834625 0.965 -1.846 -3.458 -4.582 -5.351 -5.555
thin3 2 thin_disk 9.176091259 -0.25 0.0084736 1.897856474 1.887 73.68051366 3930.067413 0.976 -1.837 -3.44 -4.561 -5.328 -5.53
thin3 2 thin_disk 9.176091259 -0.25 0.0084736 1.897856951 1.887 71.63951629 3944.573021 1 -1.815 -3.401 -4.512 -5.274 -5.474
thin3 2 thin_disk 9.176091259 -0.25 0.0084736 1.897857428 1.887 69.28714155 3962.780343 1.03 -1.786 -3.352 -4.454 -5.211 -5.407
thin3 2 thin_disk 9.176091259 -0.25 0.0084736 1.897858024 1.887 67.07375881 3979.238776 1.058 -1.757 -3.305 -4.398 -5.149 -5.342
thin3 2 thin_disk 9.176091259 -0.25 0.0084736 1.897858739 1.887 65.11074204 3994.845613 1.084 -1.729 -3.262 -4.347 -5.092 -5.283
thin3 2 thin_disk 9.176091259 -0.25 0.0084736 1.897859693 1.887 62.95824957 4011.437222 1.113 -1.696 -3.213 -4.288 -5.028 -5.216
thin3 2 thin_disk 9.176091259 -0.25 0.0084736 1.897861242 1.887 64.05494238 4002.211172 1.098 -1.714 -3.239 -4.319 -5.062 -5.251
thin3 2 thin_disk 9.176091259 -0.25 0.0084736 1.897868276 1.886 63.43846192 4007.744253 1.106 -1.704 -3.224 -4.302 -5.043 -5.231
thin3 2 thin_disk 9.176091259 -0.25 0.0084736 1.897876024 1.886 65.56206814 3990.249024 1.077 -1.736 -3.273 -4.36 -5.107 -5.298
thin3 2 thin_disk 9.176091259 -0.25 0.0084736 1.897881627 1.886 67.69438466 3974.660145 1.05 -1.765 -3.319 -4.414 -5.166 -5.361
thin3 2 thin_disk 9.176091259 -0.25 0.0084736 1.897887349 1.886 70.15403334 3956.39824 1.019 -1.797 -3.371 -4.476 -5.235 -5.432
thin3 2 thin_disk 9.176091259 -0.25 0.0084736 1.89789331 1.886 72.53584001 3938.220241 0.989 -1.825 -3.418 -4.534 -5.298 -5.499
thin3 2 thin_disk 9.176091259 -0.25 0.0084736 1.897900701 1.886 74.9639815 3921.028509 0.961 -1.85 -3.464 -4.589 -5.359 -5.563
thin3 2 thin_disk 9.176091259 -0.25 0.0084736 1.897911906 1.886 77.59837824 3903.01302 0.931 -1.877 -3.512 -4.647 -5.423 -5.63
thin3 2 thin_disk 9.176091259 -0.25 0.0084736 1.897929788 1.886 78.31638719 3898.522096 0.923 -1.885 -3.526 -4.664 -5.442 -5.65
thin3 2 thin_disk 9.176091259 -0.25 0.0084736 1.897931337 1.886 76.26980655 3912.010394 0.946 -1.864 -3.489 -4.619 -5.392 -5.598
thin3 2 thin_disk 9.176091259 -0.25 0.0084736 1.897931695 1.886 69.31905681 3961.867984 1.029 -1.786 -3.353 -4.455 -5.212 -5.408
thin3 2 thin_disk 9.176091259 -0.25 0.0084736 1.897931814 1.886 64.96099149 3994.845613 1.085 -1.727 -3.259 -4.344 -5.089 -5.28
thin3 2 thin_disk 9.176091259 -0.25 0.0084736 1.897931933 1.886 66.78095799 3981.071706 1.061 -1.753 -3.299 -4.391 -5.142 -5.335
thin3 2 thin_disk 9.176091259 -0.25 0.0084736 1.897932053 1.886 73.20700588 3933.688807 0.982 -1.832 -3.431 -4.549 -5.315 -5.516
thin3 2 thin_disk 9.176091259 -0.25 0.0084736 1.897932291 1.886 80.36235309 3884.185834 0.901 -1.902 -3.561 -4.707 -5.489 -5.7
thin3 2 thin_disk 9.176091259 -0.25 0.0084736 1.897932768 1.886 84.03353725 3860.112837 0.862 -1.93 -3.622 -4.783 -5.572 -5.788
thin3 2 thin_disk 9.176091259 -0.25 0.0084736 1.897933006 1.886 82.55676084 3869.902292 0.877 -1.919 -3.598 -4.753 -5.54 -5.753
thin3 2 thin_disk 9.176091259 -0.25 0.0084736 1.897933364 1.886 79.84590448 3887.764949 0.906 -1.899 -3.553 -4.697 -5.478 -5.688
thin3 2 thin_disk 9.176091259 -0.25 0.0084736 1.897933602 1.886 77.01097908 3906.609483 0.938 -1.871 -3.502 -4.635 -5.41 -5.616
thin3 2 thin_disk 9.176091259 -0.25 0.0084736 1.897934079 1.886 74.00356554 3928.257967 0.972 -1.84 -3.446 -4.567 -5.335 -5.537
thin3 2 thin_disk 9.176091259 -0.25 0.0084736 1.897934556 1.886 71.72204183 3944.573021 1 -1.815 -3.401 -4.513 -5.276 -5.475
thin3 2 thin_disk 9.176091259 -0.25 0.0084736 1.897935033 1.886 69.5108573 3960.955835 1.027 -1.788 -3.356 -4.459 -5.216 -5.413
thin3 2 thin_disk 9.176091259 -0.25 0.0084736 1.897935629 1.886 68.0225087 3971.915495 1.046 -1.769 -3.325 -4.422 -5.175 -5.37
thin3 2 thin_disk 9.176091259 -0.25 0.0084736 1.897936106 1.886 65.95574722 3987.493609 1.072 -1.741 -3.281 -4.369 -5.117 -5.309
thin3 2 thin_disk 9.176091259 -0.25 0.0084736 1.897936225 1.886 64.469254 3998.526697 1.092 -1.719 -3.248 -4.33 -5.075 -5.264
thin3 2 thin_disk 9.176091259 -0.25 0.0084736 1.897936583 1.886 63.57006344 4005.899043 1.104 -1.704 -3.226 -4.305 -5.047 -5.235
thin3 2 thin_disk 9.176091259 -0.25 0.0084736 1.897936702 1.886 63.57006344 4005.899043 1.104 -1.705 -3.227 -4.306 -5.048 -5.237
thin3 2 thin_disk 9.176091259 -0.25 0.0084736 1.897936821 1.886 68.98467853 3964.605691 1.033 -1.781 -3.346 -4.447 -5.202 -5.398
thin3 2 thin_disk 9.176091259 -0.25 0.0084736 1.89793694 1.886 70.073312 3956.39824 1.02 -1.795 -3.368 -4.474 -5.232 -5.429
thin3 2 thin_disk 9.176091259 -0.25 0.0084736 1.897937179 1.886 73.08910517 3934.594676 0.983 -1.83 -3.429 -4.546 -5.312 -5.513
thin3 2 thin_disk 9.176091259 -0.25 0.0084736 1.897937775 1.885 74.9639815 3921.028509 0.961 -1.85 -3.465 -4.59 -5.36 -5.564
thin3 2 thin_disk 9.176091259 -0.25 0.0084736 1.897938371 1.885 73.29133709 3933.688807 0.981 -1.832 -3.432 -4.55 -5.316 -5.518
thin3 2 thin_disk 9.176091259 -0.25 0.0084736 1.897938848 1.885 71.26112017 3948.20778 1.005 -1.809 -3.392 -4.502 -5.263 -5.462
thin3 2 thin_disk 9.176091259 -0.25 0.0084736 1.897939801 1.885 68.57292027 3967.345289 1.039 -1.775 -3.336 -4.435 -5.19 -5.385
thin3 2 thin_disk 9.176091259 -0.25 0.0084736 1.897947311 1.885 69.23929622 3961.867984 1.03 -1.783 -3.35 -4.452 -5.209 -5.405
thin3 2 thin_disk 9.176091259 -0.25 0.0084736 1.897951603 1.885 71.29394469 3947.298777 1.004 -1.81 -3.394 -4.504 -5.266 -5.465
thin3 2 thin_disk 9.176091259 -0.25 0.0084736 1.897955894 1.885 73.44337817 3931.877693 0.979 -1.834 -3.435 -4.553 -5.32 -5.522
thin3 2 thin_disk 9.176091259 -0.25 0.0084736 1.89796102 1.885 75.90189955 3914.713648 0.95 -1.86 -3.482 -4.61 -5.383 -5.588
thin3 2 thin_disk 9.176091259 -0.25 0.0084736 1.897966981 1.885 77.93860798 3901.21603 0.927 -1.881 -3.519 -4.656 -5.432 -5.64
thin3 2 thin_disk 9.176091259 -0.25 0.0084736 1.897975206 1.885 78.98645904 3893.139807 0.916 -1.891 -3.537 -4.678 -5.457 -5.666
thin3 2 thin_disk 9.176091259 -0.25 0.0084736 1.897984266 1.885 81.79987591 3874.360247 0.885 -1.912 -3.585 -4.738 -5.523 -5.735
thin3 2 thin_disk 9.176091259 -0.25 0.0084736 1.89799571 1.885 86.74663656 3843.262072 0.834 -1.949 -3.665 -4.837 -5.632 -5.851
thin3 2 thin_disk 9.176091259 -0.25 0.0084736 1.898010731 1.884 92.48102719 3808.903765 0.778 -1.989 -3.753 -4.946 -5.752 -5.977
thin3 2 thin_disk 9.176091259 -0.25 0.0084736 1.898027182 1.884 96.39458653 3787.040939 0.743 -2.006 -3.807 -5.015 -5.828 -6.057
thin3 2 thin_disk 9.176091259 -0.25 0.0084736 1.898027778 1.883 96.39458653 3787.040939 0.742 -2.006 -3.807 -5.016 -5.828 -6.057
thin3 2 thin_disk 9.176091259 -0.25 0.0084736 1.898029089 1.883 54.70822758 4081.313916 1.234 -1.552 -3.003 -4.043 -4.76 -4.936
thin3 2 thin_disk 9.176091259 -0.25 0.0084736 1.898029685 1.883 49.84856318 4130.47502 1.315 -1.459 -2.868 -3.883 -4.585 -4.753
thin3 2 thin_disk 9.176091259 -0.25 0.0084736 1.898032427 1.883 34.03710739 4341.102097 1.646 -1.037 -2.308 -3.224 -3.871 -4.005
thin3 2 thin_disk 9.176091259 -0.25 0.0084736 1.898036718 1.883 34.20208995 4338.104405 1.642 -1.041 -2.314 -3.232 -3.879 -4.013
thin3 2 thin_disk 9.176091259 -0.25 0.0084736 1.89804244 1.882 39.98090724 4250.108332 1.507 -1.224 -2.541 -3.499 -4.163 -4.314
thin3 2 thin_disk 9.176091259 -0.25 0.0084736 1.898049712 1.882 54.13182197 4084.134162 1.243 -1.536 -2.985 -4.023 -4.74 -4.915
thin3 2 thin_disk 9.176091259 -0.25 0.0084736 1.898058653 1.882 71.95361943 3933.688807 0.995 -1.795 -3.394 -4.511 -5.278 -5.479
thin3 2 thin_disk 9.176091259 -0.25 0.0084736 1.898069382 1.882 87.38817 3833.540008 0.827 -1.939 -3.668 -4.846 -5.644 -5.864
thin3 2 thin_disk 9.176091259 -0.25 0.0084736 1.89808178 1.881 96.92875731 3780.941867 0.737 -1.999 -3.811 -5.023 -5.837 -6.068
thin3 2 thin_disk 9.176091259 -0.25 0.0084736 1.898096085 1.881 101.2401185 3757.508745 0.699 -2.016 -3.869 -5.098 -5.92 -6.155
thin3 2 thin_disk 9.176091259 -0.25 0.0084736 1.898112178 1.881 103.4314576 3745.41547 0.68 -2.02 -3.895 -5.132 -5.957 -6.195
thin3 2 thin_disk 9.176091259 -0.25 0.0084736 1.898112655 1.88 67.52314232 3959.132167 1.05 -1.721 -3.291 -4.395 -5.153 -5.35
thin3 2 thin_disk 9.176091259 -0.25 0.0084736 1.898114204 1.88 54.30660391 4072.864858 1.24 -1.52 -2.977 -4.02 -4.741 -4.918
thin3 2 thin_disk 9.176091259 -0.25 0.0084736 1.898117065 1.88 37.06403052 4281.539943 1.572 -1.114 -2.417 -3.36 -4.02 -4.164
thin3 2 thin_disk 9.176091259 -0.25 0.0084736 1.898121476 1.88 37.2008313 4278.583382 1.568 -1.118 -2.422 -3.367 -4.027 -4.171
thin3 2 thin_disk 9.176091259 -0.25 0.0084736 1.898127437 1.88 43.36632746 4192.759967 1.435 -1.287 -2.645 -3.63 -4.312 -4.471
thin3 2 thin_disk 9.176091259 -0.25 0.0084736 1.898135185 1.88 58.45916998 4030.881213 1.175 -1.583 -3.08 -4.145 -4.88 -5.063
thin3 2 thin_disk 9.176091259 -0.25 0.0084736 1.898144484 1.879 77.41990692 3885.080304 0.932 -1.825 -3.481 -4.626 -5.409 -5.619
thin3 2 thin_disk 9.176091259 -0.25 0.0084736 1.898155689 1.879 93.72439482 3787.913038 0.766 -1.95 -3.748 -4.955 -5.769 -5.997
thin3 2 thin_disk 9.176091259 -0.25 0.0084736 1.898168802 1.879 103.550606 3736.801254 0.678 -1.995 -3.885 -5.128 -5.957 -6.196
thin3 2 thin_disk 9.176091259 -0.25 0.0084736 1.898183703 1.878 107.9823177 3714.496898 0.642 -2.01 -3.94 -5.199 -6.034 -6.278
thin3 2 thin_disk 9.176091259 -0.25 0.0084736 1.898200631 1.878 110.0151879 3703.394694 0.626 -2.006 -3.961 -5.229 -6.068 -6.313
thin3 2 thin_disk 9.176091259 -0.25 0.0084736 1.898201108 1.878 72.80356479 3908.408958 0.985 -1.755 -3.381 -4.512 -5.289 -5.494
thin3 2 thin_disk 9.176091259 -0.25 0.0084736 1.898202896 1.877 58.620922 4020.68454 1.173 -1.563 -3.07 -4.14 -4.878 -5.063
thin3 2 thin_disk 9.176091259 -0.25 0.0084736 1.898206115 1.877 39.94410042 4227.659485 1.506 -1.178 -2.51 -3.479 -4.151 -4.304
thin3 2 thin_disk 9.176091259 -0.25 0.0084736 1.898211122 1.877 40.07307275 4225.713024 1.503 -1.182 -2.516 -3.485 -4.158 -4.311
thin3 2 thin_disk 9.176091259 -0.25 0.0084736 1.898217797 1.877 46.63936672 4141.903726 1.372 -1.339 -2.737 -3.746 -4.445 -4.611
thin3 2 thin_disk 9.176091259 -0.25 0.0084736 1.89822638 1.877 62.53924657 3985.657723 1.116 -1.623 -3.163 -4.251 -5.002 -5.193
thin3 2 thin_disk 9.176091259 -0.25 0.0084736 1.898236871 1.876 82.46176855 3843.262072 0.876 -1.842 -3.555 -4.726 -5.523 -5.74
thin3 2 thin_disk 9.176091259 -0.25 0.0084736 1.898249507 1.876 99.46095957 3749.730022 0.713 -1.95 -3.817 -5.05 -5.876 -6.112
thin3 2 thin_disk 9.176091259 -0.25 0.0084736 1.89826405 1.876 109.6611118 3700.837363 0.628 -1.989 -3.95 -5.22 -6.06 -6.305
thin3 2 thin_disk 9.176091259 -0.25 0.0084736 1.898280859 1.875 114.117604 3680.442186 0.593 -1.995 -4.002 -5.289 -6.134 -6.384
thin3 2 thin_disk 9.176091259 -0.25 0.0084736 1.898299813 1.875 116.1054604 3671.977404 0.579 -1.996 -4.023 -5.317 -6.164 -6.416
thin3 2 thin_disk 9.176091259 -0.25 0.0084736 1.89830029 1.874 78.01042516 3868.120546 0.924 -1.793 -3.472 -4.627 -5.416 -5.628
thin3 2 thin_disk 9.176091259 -0.25 0.0084736 1.898302198 1.874 62.81344962 3979.238776 1.112 -1.618 -3.164 -4.256 -5.008 -5.2
thin3 2 thin_disk 9.176091259 -0.25 0.0084736 1.898305774 1.874 42.81073113 4186.00748 1.445 -1.245 -2.608 -3.596 -4.281 -4.44
thin3 2 thin_disk 9.176091259 -0.25 0.0084736 1.898311257 1.874 42.9489593 4184.080196 1.442 -1.25 -2.614 -3.603 -4.288 -4.448
thin3 2 thin_disk 9.176091259 -0.25 0.0084736 1.898318529 1.874 49.88300924 4102.985668 1.312 -1.401 -2.832 -3.86 -4.572 -4.743
thin3 2 thin_disk 9.176091259 -0.25 0.0084736 1.898327947 1.873 66.59669008 3950.026416 1.061 -1.669 -3.248 -4.356 -5.118 -5.315
thin3 2 thin_disk 9.176091259 -0.25 0.0084736 1.898339391 1.873 87.38817 3811.535771 0.825 -1.874 -3.633 -4.824 -5.631 -5.854
thin3 2 thin_disk 9.176091259 -0.25 0.0084736 1.8983531 1.872 105.1120836 3719.632212 0.664 -1.969 -3.889 -5.144 -5.978 -6.22
thin3 2 thin_disk 9.176091259 -0.25 0.0084736 1.898369074 1.872 115.7850919 3672.823005 0.58 -1.993 -4.019 -5.313 -6.16 -6.411
thin3 2 thin_disk 9.176091259 -0.25 0.0084736 1.898387432 1.871 120.3795304 3654.264678 0.546 -2.003 -4.072 -5.381 -6.234 -6.489
thin3 2 thin_disk 9.176091259 -0.25 0.0084736 1.898408055 1.871 122.420076 3646.699689 0.532 -2.008 -4.094 -5.41 -6.265 -6.522
thin3 2 thin_disk 9.176091259 -0.25 0.0084736 1.898408651 1.87 83.87888424 3832.657404 0.86 -1.848 -3.576 -4.753 -5.553 -5.772
thin3 2 thin_disk 9.176091259 -0.25 0.0084736 1.898410678 1.87 67.66321742 3943.664854 1.047 -1.686 -3.272 -4.384 -5.149 -5.347
thin3 2 thin_disk 9.176091259 -0.25 0.0084736 1.898414373 1.87 46.02063903 4150.496003 1.381 -1.328 -2.719 -3.724 -4.42 -4.585
thin3 2 thin_disk 9.176091259 -0.25 0.0084736 1.898420095 1.87 46.16923141 4148.585069 1.378 -1.332 -2.725 -3.731 -4.428 -4.592
thin3 2 thin_disk 9.176091259 -0.25 0.0084736 1.898427844 1.869 53.41369778 4069.115338 1.251 -1.476 -2.936 -3.982 -4.704 -4.881
thin3 2 thin_disk 9.176091259 -0.25 0.0084736 1.898437619 1.869 70.91737385 3919.223225 1.006 -1.726 -3.34 -4.465 -5.238 -5.441
thin3 2 thin_disk 9.176091259 -0.25 0.0084736 1.898449779 1.869 92.58756122 3782.683456 0.774 -1.906 -3.713 -4.923 -5.739 -5.968
thin3 2 thin_disk 9.176091259 -0.25 0.0084736 1.898464203 1.868 110.9309277 3692.325673 0.617 -1.979 -3.959 -5.236 -6.078 -6.325
thin3 2 thin_disk 9.176091259 -0.25 0.0084736 1.898481011 1.867 121.7173938 3646.699689 0.535 -1.998 -4.084 -5.399 -6.254 -6.511
thin3 2 thin_disk 9.176091259 -0.25 0.0084736 1.898500323 1.867 126.4016214 3628.273359 0.503 -2.004 -4.133 -5.464 -6.325 -6.585
thin3 2 thin_disk 9.176091259 -0.25 0.0084736 1.898522139 1.866 128.3963402 3620.762178 0.489 -2.001 -4.152 -5.491 -6.353 -6.615
thin3 2 thin_disk 9.176091259 -0.25 0.0084736 1.898522735 1.865 89.87784377 3797.51939 0.799 -1.892 -3.672 -4.872 -5.683 -5.909
thin3 2 thin_disk 9.176091259 -0.25 0.0084736 1.898524642 1.865 72.55254393 3908.408958 0.985 -1.747 -3.374 -4.505 -5.282 -5.486
thin3 2 thin_disk 9.176091259 -0.25 0.0084736 1.898528337 1.865 49.27795139 4116.233473 1.32 -1.403 -2.824 -3.846 -4.553 -4.723
thin3 2 thin_disk 9.176091259 -0.25 0.0084736 1.89853394 1.865 49.51680844 4113.391062 1.317 -1.407 -2.829 -3.852 -4.56 -4.73
thin3 2 thin_disk 9.176091259 -0.25 0.0084736 1.89854157 1.864 57.12847681 4035.524609 1.193 -1.542 -3.035 -4.097 -4.831 -5.013
thin3 2 thin_disk 9.176091259 -0.25 0.0084736 1.898551345 1.864 75.25799518 3888.660243 0.953 -1.776 -3.425 -4.567 -5.35 -5.559
thin3 2 thin_disk 9.176091259 -0.25 0.0084736 1.898563266 1.863 97.60063536 3754.914046 0.726 -1.929 -3.786 -5.015 -5.839 -6.074
thin3 2 thin_disk 9.176091259 -0.25 0.0084736 1.898577452 1.863 116.6145243 3666.063642 0.572 -1.982 -4.023 -5.321 -6.171 -6.423
thin3 2 thin_disk 9.176091259 -0.25 0.0084736 1.898594022 1.862 127.8064126 3620.762178 0.493 -1.991 -4.142 -5.481 -6.343 -6.604
thin3 2 thin_disk 9.176091259 -0.25 0.0084736 1.898612976 1.861 132.5112177 3603.296501 0.46 -1.983 -4.187 -5.545 -6.411 -6.677
thin3 2 thin_disk 9.176091259 -0.25 0.0084736 1.898634434 1.86 134.4474733 3595.837026 0.447 -1.98 -4.205 -5.571 -6.439 -6.706
thin3 2 thin_disk 9.176091259 -0.25 0.0084736 1.89863503 1.86 96.23934196 3761.837228 0.738 -1.922 -3.766 -4.991 -5.813 -6.046
thin3 2 thin_disk 9.176091259 -0.25 0.0084736 1.898637056 1.86 77.86685692 3871.684858 0.922 -1.801 -3.474 -4.627 -5.415 -5.627
thin3 2 thin_disk 9.176091259 -0.25 0.0084736 1.898640871 1.859 52.85093134 4081.313916 1.258 -1.479 -2.929 -3.968 -4.687 -4.862
thin3 2 thin_disk 9.176091259 -0.25 0.0084736 1.898646712 1.859 53.10710711 4078.495618 1.255 -1.484 -2.936 -3.976 -4.695 -4.871
thin3 2 thin_disk 9.176091259 -0.25 0.0084736 1.898654699 1.859 61.10160873 4002.211172 1.132 -1.61 -3.135 -4.215 -4.96 -5.148
thin3 2 thin_disk 9.176091259 -0.25 0.0084736 1.898664832 1.858 80.048398 3858.335599 0.898 -1.819 -3.512 -4.674 -5.466 -5.681
thin3 2 thin_disk 9.176091259 -0.25 0.0084736 1.89867723 1.857 103.2886604 3726.490342 0.676 -1.953 -3.861 -5.111 -5.944 -6.184
thin3 2 thin_disk 9.176091259 -0.25 0.0084736 1.898692012 1.857 122.7870725 3639.150361 0.525 -1.986 -4.089 -5.411 -6.269 -6.527
thin3 2 thin_disk 9.176091259 -0.25 0.0084736 1.898709297 1.856 134.4165192 3594.181463 0.446 -1.971 -4.202 -5.57 -6.438 -6.705
thin3 2 thin_disk 9.176091259 -0.25 0.0084736 1.898729086 1.855 139.5894657 3576.020502 0.414 -1.962 -4.247 -5.635 -6.507 -6.778
thin3 2 thin_disk 9.176091259 -0.25 0.0084736 1.898751378 1.853 141.857612 3567.795883 0.4 -1.958 -4.267 -5.662 -6.536 -6.809
thin3 2 thin_disk 9.176091259 -0.25 0.0084736 1.898751974 1.853 103.9567383 3723.059698 0.669 -1.957 -3.871 -5.124 -5.957 -6.198
thin3 2 thin_disk 9.176091259 -0.25 0.0084736 1.898754001 1.853 84.26605158 3832.657404 0.852 -1.857 -3.586 -4.764 -5.564 -5.783
thin3 2 thin_disk 9.176091259 -0.25 0.0084736 1.898757696 1.853 57.11532401 4042.965171 1.189 -1.561 -3.047 -4.105 -4.836 -5.018
thin3 2 thin_disk 9.176091259 -0.25 0.0084736 1.898763418 1.852 57.39216988 4040.173354 1.185 -1.565 -3.053 -4.113 -4.844 -5.027
thin3 2 thin_disk 9.176091259 -0.25 0.0084736 1.898771167 1.852 65.87985655 3964.605691 1.065 -1.682 -3.246 -4.346 -5.103 -5.298
thin3 2 thin_disk 9.176091259 -0.25 0.0084736 1.898781061 1.851 85.67471035 3822.962166 0.837 -1.865 -3.608 -4.791 -5.594 -5.815
thin3 2 thin_disk 9.176091259 -0.25 0.0084736 1.89879322 1.85 109.812719 3694.026444 0.621 -1.963 -3.94 -5.216 -6.058 -6.304
thin3 2 thin_disk 9.176091259 -0.25 0.0084736 1.898807764 1.849 130.0926154 3607.447339 0.474 -1.965 -4.155 -5.508 -6.373 -6.638
thin3 2 thin_disk 9.176091259 -0.25 0.0084736 1.898824573 1.848 142.0864439 3562.870194 0.397 -1.937 -4.261 -5.662 -6.538 -6.812
thin3 2 thin_disk 9.176091259 -0.25 0.0084736 1.898844004 1.847 147.4526713 3544.051303 0.365 -1.92 -4.303 -5.726 -6.605 -6.883
thin3 2 thin_disk 9.176091259 -0.25 0.0084736 1.898865819 1.845 149.6761642 3535.900211 0.351 -1.904 -4.319 -5.753 -6.635 -6.914
thin3 2 thin_disk 9.176091259 -0.25 0.0084736 1.898866296 1.845 112.7074554 3677.900704 0.597 -1.957 -3.97 -5.259 -6.106 -6.356
thin3 2 thin_disk 9.176091259 -0.25 0.0084736 1.898868203 1.845 91.52772018 3787.040939 0.778 -1.896 -3.695 -4.902 -5.716 -5.945
thin3 2 thin_disk 9.176091259 -0.25 0.0084736 1.898871541 1.844 61.96588331 3999.447498 1.116 -1.635 -3.162 -4.244 -4.989 -5.179
thin3 2 thin_disk 9.176091259 -0.25 0.0084736 1.898876667 1.844 62.26624051 3996.685731 1.113 -1.639 -3.169 -4.252 -4.998 -5.187
thin3 2 thin_disk 9.176091259 -0.25 0.0084736 1.8988837 1.843 71.22831077 3921.931463 0.996 -1.744 -3.355 -4.478 -5.249 -5.452
thin3 2 thin_disk 9.176091259 -0.25 0.0084736 1.898892641 1.843 91.86554267 3784.425847 0.774 -1.898 -3.701 -4.91 -5.724 -5.953
thin3 2 thin_disk 9.176091259 -0.25 0.0084736 1.898903728 1.842 116.9641165 3658.474228 0.564 -1.958 -4.017 -5.322 -6.174 -6.428
thin3 2 thin_disk 9.176091259 -0.25 0.0084736 1.898916721 1.841 137.9598282 3574.374063 0.421 -1.929 -4.218 -5.607 -6.48 -6.752
thin3 2 thin_disk 9.176091259 -0.25 0.0084736 1.89893198 1.84 150.263204 3531.018557 0.346 -1.885 -4.316 -5.757 -6.64 -6.921
thin3 2 thin_disk 9.176091259 -0.25 0.0084736 1.898949504 1.838 155.7588187 3512.367905 0.315 -1.854 -4.353 -5.819 -6.706 -6.991
thin3 2 thin_disk 9.176091259 -0.25 0.0084736 1.898969293 1.837 158.2896959 3504.289683 0.3 -1.839 -4.369 -5.847 -6.735 -7.022
thin3 2 thin_disk 9.176091259 -0.25 0.0084736 1.89896977 1.836 122.0822837 3634.963045 0.526 -1.958 -4.069 -5.394 -6.253 -6.511
thin3 2 thin_disk 9.176091259 -0.25 0.0084736 1.898971558 1.836 99.20935928 3743.69104 0.706 -1.927 -3.803 -5.04 -5.867 -6.104
thin3 2 thin_disk 9.176091259 -0.25 0.0084736 1.898974776 1.836 67.41439554 3955.487351 1.041 -1.71 -3.283 -4.389 -5.148 -5.345
thin3 2 thin_disk 9.176091259 -0.25 0.0084736 1.898979664 1.835 67.49205393 3955.487351 1.041 -1.711 -3.285 -4.39 -5.15 -5.347
thin3 2 thin_disk 9.176091259 -0.25 0.0084736 1.89898622 1.835 77.02871356 3881.50366 0.926 -1.804 -3.464 -4.612 -5.396 -5.606
thin3 2 thin_disk 9.176091259 -0.25 0.0084736 1.898994684 1.834 98.57179039 3747.140695 0.711 -1.924 -3.795 -5.03 -5.856 -6.092
thin3 2 thin_disk 9.176091259 -0.25 0.0084736 1.899005175 1.833 124.7247508 3623.264176 0.507 -1.951 -4.094 -5.43 -6.292 -6.553
thin3 2 thin_disk 9.176091259 -0.25 0.0084736 1.899017572 1.832 146.3701928 3540.788614 0.367 -1.888 -4.281 -5.708 -6.589 -6.867
thin3 2 thin_disk 9.176091259 -0.25 0.0084736 1.899031997 1.83 159.2401745 3497.840484 0.294 -1.817 -4.368 -5.854 -6.744 -7.032
thin3 2 thin_disk 9.176091259 -0.25 0.0084736 1.899048567 1.829 164.7982687 3480.166322 0.263 -1.784 -4.403 -5.914 -6.808 -7.1
thin3 2 thin_disk 9.176091259 -0.25 0.0084736 1.899067283 1.827 167.5531685 3471.362759 0.249 -1.767 -4.419 -5.942 -6.838 -7.132
thin3 2 thin_disk 9.176091259 -0.25 0.0084736 1.89906776 1.827 132.2978069 3591.699548 0.454 -1.923 -4.161 -5.531 -6.401 -6.668
thin3 2 thin_disk 9.176091259 -0.25 0.0084736 1.899069428 1.826 107.7091615 3699.985312 0.633 -1.945 -3.908 -5.179 -6.019 -6.265
thin3 2 thin_disk 9.176091259 -0.25 0.0084736 1.899072647 1.826 73.37576546 3911.109724 0.966 -1.778 -3.403 -4.533 -5.308 -5.513
thin3 2 thin_disk 9.176091259 -0.25 0.0084736 1.899077416 1.826 73.13961078 3912.911271 0.968 -1.776 -3.399 -4.528 -5.302 -5.507
thin3 2 thin_disk 9.176091259 -0.25 0.0084736 1.899083972 1.825 83.24394332 3840.608157 0.856 -1.853 -3.571 -4.744 -5.541 -5.76
thin3 2 thin_disk 9.176091259 -0.25 0.0084736 1.899092317 1.824 105.8163178 3709.368674 0.647 -1.943 -3.885 -5.148 -5.986 -6.23
thin3 2 thin_disk 9.176091259 -0.25 0.0084736 1.899102569 1.823 132.8472733 3588.392993 0.45 -1.917 -4.163 -5.537 -6.407 -6.675
thin3 2 thin_disk 9.176091259 -0.25 0.0084736 1.899114728 1.821 155.043172 3508.326469 0.315 -1.819 -4.333 -5.805 -6.693 -6.978
thin3 2 thin_disk 9.176091259 -0.25 0.0084736 1.899128914 1.82 168.0167752 3466.570205 0.245 -1.745 -4.414 -5.943 -6.84 -7.135
thin3 2 thin_disk 9.176091259 -0.25 0.0084736 1.899145246 1.818 173.6811335 3449.054048 0.216 -1.7 -4.44 -6.001 -6.901 -7.2
thin3 2 thin_disk 9.176091259 -0.25 0.0084736 1.899163604 1.816 176.300135 3441.121444 0.202 -1.678 -4.451 -6.026 -6.927 -7.228
thin3 2 thin_disk 9.176091259 -0.25 0.0084736 1.899163961 1.816 142.4795861 3549.768245 0.387 -1.882 -4.243 -5.658 -6.537 -6.813
thin3 2 thin_disk 9.176091259 -0.25 0.0084736 1.899165511 1.815 116.1589412 3658.474228 0.564 -1.943 -4.002 -5.308 -6.16 -6.413
thin3 2 thin_disk 9.176091259 -0.25 0.0084736 1.899168372 1.815 79.42416265 3869.011317 0.894 -1.834 -3.513 -4.669 -5.456 -5.669
thin3 2 thin_disk 9.176091259 -0.25 0.0084736 1.899172545 1.815 78.91374331 3872.576449 0.9 -1.831 -3.504 -4.657 -5.444 -5.656
thin3 2 thin_disk 9.176091259 -0.25 0.0084736 1.899178267 1.814 89.60920923 3801.018646 0.79 -1.897 -3.671 -4.868 -5.678 -5.904
thin3 2 thin_disk 9.176091259 -0.25 0.0084736 1.899185657 1.813 113.0193083 3672.823005 0.587 -1.942 -3.967 -5.261 -6.109 -6.359
thin3 2 thin_disk 9.176091259 -0.25 0.0084736 1.899194717 1.812 140.9459642 3554.67582 0.395 -1.881 -4.228 -5.638 -6.516 -6.791
thin3 2 thin_disk 9.176091259 -0.25 0.0084736 1.899205446 1.81 163.8523388 3476.161938 0.264 -1.748 -4.381 -5.897 -6.792 -7.085
thin3 2 thin_disk 9.176091259 -0.25 0.0084736 1.899217963 1.809 177.0731222 3435.579479 0.196 -1.651 -4.446 -6.032 -6.935 -7.237
thin3 2 thin_disk 9.176091259 -0.25 0.0084736 1.899232387 1.807 183.0427976 3418.219914 0.167 -1.603 -4.471 -6.089 -6.994 -7.3
thin3 2 thin_disk 9.176091259 -0.25 0.0084736 1.8992486 1.805 185.8885522 3409.573053 0.153 -1.577 -4.481 -6.115 -7.021 -7.33
thin3 2 thin_disk 9.176091259 -0.25 0.0084736 1.899248958 1.804 153.5156461 3507.51874 0.319 -1.797 -4.312 -5.784 -6.672 -6.958
thin3 2 thin_disk 9.176091259 -0.25 0.0084736 1.899250507 1.804 125.3870385 3615.763364 0.495 -1.925 -4.091 -5.435 -6.299 -6.562
thin3 2 thin_disk 9.176091259 -0.25 0.0084736 1.89925313 1.803 85.99092979 3824.72311 0.822 -1.879 -3.619 -4.802 -5.604 -5.825
thin3 2 thin_disk 9.176091259 -0.25 0.0084736 1.899257302 1.803 85.12412188 3830.892806 0.831 -1.873 -3.606 -4.785 -5.585 -5.805
thin3 2 thin_disk 9.176091259 -0.25 0.0084736 1.899262905 1.802 96.28367202 3760.971133 0.723 -1.918 -3.765 -4.991 -5.813 -6.047
thin3 2 thin_disk 9.176091259 -0.25 0.0084736 1.899270058 1.801 120.8238429 3634.963045 0.527 -1.934 -4.046 -5.371 -6.23 -6.488
thin3 2 thin_disk 9.176091259 -0.25 0.0084736 1.899278879 1.799 149.6072517 3520.464749 0.341 -1.813 -4.282 -5.737 -6.623 -6.905
thin3 2 thin_disk 9.176091259 -0.25 0.0084736 1.89928925 1.798 172.843338 3443.499308 0.214 -1.654 -4.415 -5.987 -6.888 -7.188
thin3 2 thin_disk 9.176091259 -0.25 0.0084736 1.89930141 1.796 186.488753 3404.081897 0.149 -1.546 -4.473 -6.116 -7.024 -7.333
thin3 2 thin_disk 9.176091259 -0.25 0.0084736 1.899315476 1.793 192.2439339 3387.661434 0.121 -1.496 -4.494 -6.169 -7.08 -7.393
thin3 2 thin_disk 9.176091259 -0.25 0.0084736 1.899331212 1.791 194.9183134 3379.870029 0.109 -1.462 -4.497 -6.193 -7.104 -7.42
thin3 2 thin_disk 9.176091259 -0.25 0.0084736 1.89933157 1.79 164.4949785 3467.368505 0.256 -1.705 -4.37 -5.898 -6.796 -7.09
thin3 2 thin_disk 9.176091259 -0.25 0.0084736 1.899332881 1.79 134.6643518 3574.374063 0.43 -1.879 -4.166 -5.554 -6.427 -6.698
thin3 2 thin_disk 9.176091259 -0.25 0.0084736 1.899335265 1.79 92.54493289 3783.554551 0.755 -1.909 -3.715 -4.924 -5.739 -5.968
thin3 2 thin_disk 9.176091259 -0.25 0.0084736 1.899338841 1.789 91.31721226 3791.403442 0.767 -1.905 -3.697 -4.901 -5.713 -5.941
thin3 2 thin_disk 9.176091259 -0.25 0.0084736 1.899343729 1.788 103.0511031 3722.20253 0.662 -1.934 -3.85 -5.103 -5.936 -6.177
thin3 2 thin_disk 9.176091259 -0.25 0.0084736 1.899350047 1.787 128.3963402 3599.97927 0.471 -1.9 -4.111 -5.472 -6.34 -6.605
thin3 2 thin_disk 9.176091259 -0.25 0.0084736 1.899357796 1.785 157.7439257 3488.188934 0.291 -1.739 -4.326 -5.826 -6.719 -7.008
thin3 2 thin_disk 9.176091259 -0.25 0.0084736 1.899366975 1.784 181.6572121 3413.500729 0.169 -1.555 -4.441 -6.067 -6.973 -7.28
thin3 2 thin_disk 9.176091259 -0.25 0.0084736 1.899377704 1.782 195.1428506 3375.981049 0.106 -1.432 -4.486 -6.191 -7.103 -7.42
thin3 2 thin_disk 9.176091259 -0.25 0.0084736 1.899389982 1.779 200.9336368 3359.696137 0.08 -1.364 -4.494 -6.241 -7.156 -7.477
thin3 2 thin_disk 9.176091259 -0.25 0.0084736 1.89940381 1.777 203.4007944 3352.740958 0.068 -1.331 -4.496 -6.263 -7.178 -7.501
thin3 2 thin_disk 9.176091259 -0.25 0.0084736 1.899404168 1.776 174.925307 3430.836328 0.199 -1.595 -4.408 -6.002 -6.905 -7.208
thin3 2 thin_disk 9.176091259 -0.25 0.0084736 1.89940536 1.776 143.2361519 3538.343568 0.372 -1.826 -4.229 -5.66 -6.542 -6.82
thin3 2 thin_disk 9.176091259 -0.25 0.0084736 1.899407625 1.775 98.84453094 3746.277983 0.695 -1.925 -3.798 -5.035 -5.86 -6.097
thin3 2 thin_disk 9.176091259 -0.25 0.0084736 1.899411082 1.775 97.21933472 3755.778747 0.709 -1.922 -3.777 -5.007 -5.829 -6.064
thin3 2 thin_disk 9.176091259 -0.25 0.0084736 1.899415851 1.774 109.5853868 3687.228059 0.605 -1.931 -3.924 -5.205 -6.049 -6.297
thin3 2 thin_disk 9.176091259 -0.25 0.0084736 1.899421811 1.772 135.6915005 3566.974462 0.418 -1.859 -4.17 -5.567 -6.442 -6.714
thin3 2 thin_disk 9.176091259 -0.25 0.0084736 1.899429202 1.77 166.055263 3457.004939 0.243 -1.655 -4.363 -5.91 -6.81 -7.106
thin3 2 thin_disk 9.176091259 -0.25 0.0084736 1.899438024 1.768 190.4814309 3383.763489 0.124 -1.445 -4.46 -6.145 -7.056 -7.371
thin3 2 thin_disk 9.176091259 -0.25 0.0084736 1.899448276 1.766 204.2455696 3345.800179 0.062 -1.285 -4.481 -6.265 -7.182 -7.507
thin3 2 thin_disk 9.176091259 -0.25 0.0084736 1.899460077 1.763 210.3064753 3329.660852 0.036 -1.212 -4.487 -6.315 -7.234 -7.563
thin3 2 thin_disk 9.176091259 -0.25 0.0084736 1.89947331 1.76 213.2321298 3322.002845 0.023 -1.173 -4.488 -6.336 -7.257 -7.588
thin3 2 thin_disk 9.176091259 -0.25 0.0084736 1.899473667 1.76 186.574654 3391.563869 0.139 -1.46 -4.44 -6.108 -7.018 -7.33
thin3 2 thin_disk 9.176091259 -0.25 0.0084736 1.89947474 1.759 153.127307 3497.840484 0.311 -1.731 -4.282 -5.768 -6.659 -6.946
thin3 2 thin_disk 9.176091259 -0.25 0.0084736 1.899476767 1.759 105.8163178 3705.100563 0.631 -1.927 -3.879 -5.146 -5.984 -6.229
thin3 2 thin_disk 9.176091259 -0.25 0.0084736 1.899479866 1.758 103.6937653 3717.063668 0.649 -1.929 -3.855 -5.112 -5.947 -6.19
thin3 2 thin_disk 9.176091259 -0.25 0.0084736 1.899484158 1.756 116.6682396 3648.379443 0.546 -1.913 -3.994 -5.308 -6.162 -6.418
thin3 2 thin_disk 9.176091259 -0.25 0.0084736 1.899489641 1.755 143.6655517 3531.018557 0.364 -1.791 -4.219 -5.66 -6.543 -6.823
thin3 2 thin_disk 9.176091259 -0.25 0.0084736 1.899496198 1.753 174.8447695 3423.733876 0.194 -1.543 -4.386 -5.993 -6.898 -7.202
thin3 2 thin_disk 9.176091259 -0.25 0.0084736 1.899504185 1.75 199.4585442 3352.740958 0.079 -1.292 -4.453 -6.218 -7.134 -7.456
thin3 2 thin_disk 9.176091259 -0.25 0.0084736 1.899513483 1.747 213.183037 3316.652722 0.02 -1.131 -4.47 -6.333 -7.254 -7.586
thin3 2 thin_disk 9.176091259 -0.25 0.0084736 1.899523974 1.744 219.1556365 3301.414086 -0.005 -1.049 -4.466 -6.378 -7.302 -7.638
thin3 2 thin_disk 9.176091259 -0.25 0.0084736 1.899536014 1.741 221.5912691 3294.579562 -0.016 -1.004 -4.46 -6.398 -7.322 -7.66
thin3 2 thin_disk 9.176091259 -0.25 0.0084736 1.899536252 1.74 197.2661846 3355.83037 0.086 -1.292 -4.439 -6.197 -7.112 -7.434
thin3 2 thin_disk 9.176091259 -0.25 0.0084736 1.899537325 1.74 162.0140374 3461.784268 0.257 -1.636 -4.321 -5.859 -6.758 -7.053
thin3 2 thin_disk 9.176091259 -0.25 0.0084736 1.899539232 1.739 112.2412888 3668.596944 0.576 -1.91 -3.944 -5.241 -6.09 -6.342
thin3 2 thin_disk 9.176091259 -0.25 0.0084736 1.899542093 1.738 109.6358643 3682.137482 0.595 -1.913 -3.917 -5.203 -6.048 -6.297
thin3 2 thin_disk 9.176091259 -0.25 0.0084736 1.899546027 1.736 123.1551691 3614.930899 0.494 -1.882 -4.05 -5.395 -6.26 -6.522
thin3 2 thin_disk 9.176091259 -0.25 0.0084736 1.899551153 1.734 151.1306829 3498.645985 0.316 -1.709 -4.256 -5.741 -6.631 -6.918
thin3 2 thin_disk 9.176091259 -0.25 0.0084736 1.899557352 1.732 183.0006553 3393.126102 0.15 -1.433 -4.403 -6.065 -6.976 -7.287
thin3 2 thin_disk 9.176091259 -0.25 0.0084736 1.899564624 1.729 207.851252 3324.298396 0.037 -1.14 -4.442 -6.284 -7.205 -7.535
thin3 2 thin_disk 9.176091259 -0.25 0.0084736 1.899573207 1.726 221.8976203 3288.516309 -0.021 -0.95 -4.437 -6.396 -7.321 -7.66
thin3 2 thin_disk 9.176091259 -0.25 0.0084736 1.899583101 1.722 228.1143702 3273.406949 -0.045 -0.858 -4.426 -6.442 -7.367 -7.711
thin3 2 thin_disk 9.176091259 -0.25 0.0084736 1.899594188 1.717 230.7558102 3265.878322 -0.056 -0.81 -4.419 -6.461 -7.387 -7.733
thin3 2 thin_disk 9.176091259 -0.25 0.0084736 1.899594426 1.717 208.1865388 3319.708879 0.033 -1.11 -4.43 -6.283 -7.204 -7.535
thin3 2 thin_disk 9.176091259 -0.25 0.0084736 1.89959538 1.716 171.2192715 3426.099725 0.203 -1.512 -4.346 -5.949 -6.854 -7.157
thin3 2 thin_disk 9.176091259 -0.25 0.0084736 1.899597168 1.715 118.8372641 3631.616662 0.52 -1.886 -4.005 -5.333 -6.192 -6.452
thin3 2 thin_disk 9.176091259 -0.25 0.0084736 1.89959991 1.714 115.8384252 3646.699689 0.542 -1.89 -3.975 -5.29 -6.146 -6.402
thin3 2 thin_disk 9.176091259 -0.25 0.0084736 1.899603605 1.712 130.0327193 3579.315656 0.441 -1.827 -4.099 -5.482 -6.354 -6.624
thin3 2 thin_disk 9.176091259 -0.25 0.0084736 1.899608254 1.71 158.6911271 3465.77209 0.267 -1.617 -4.287 -5.819 -6.717 -7.012
thin3 2 thin_disk 9.176091259 -0.25 0.0084736 1.899613976 1.707 191.4047207 3362.017735 0.104 -1.282 -4.396 -6.136 -7.051 -7.37
thin3 2 thin_disk 9.176091259 -0.25 0.0084736 1.899620891 1.703 216.7966888 3294.579562 -0.005 -0.959 -4.411 -6.348 -7.273 -7.61
thin3 2 thin_disk 9.176091259 -0.25 0.0084736 1.899628878 1.699 230.9152657 3259.117363 -0.062 -0.749 -4.392 -6.457 -7.384 -7.732
thin3 2 thin_disk 9.176091259 -0.25 0.0084736 1.899637938 1.694 237.1115147 3244.143079 -0.085 -0.654 -4.379 -6.501 -7.429 -7.78
thin3 2 thin_disk 9.176091259 -0.25 0.0084736 1.899648309 1.689 239.7467038 3237.427116 -0.097 -0.604 -4.37 -6.519 -7.448 -7.801
thin3 2 thin_disk 9.176091259 -0.25 0.0084736 1.899648547 1.688 219.1051799 3284.732443 -0.019 -0.886 -4.391 -6.364 -7.289 -7.63
thin3 2 thin_disk 9.176091259 -0.25 0.0084736 1.899649382 1.688 180.4897922 3389.221869 0.15 -1.376 -4.362 -6.032 -6.944 -7.255
thin3 2 thin_disk 9.176091259 -0.25 0.0084736 1.899651051 1.686 125.5893015 3594.181463 0.465 -1.824 -4.052 -5.419 -6.288 -6.555
thin3 2 thin_disk 9.176091259 -0.25 0.0084736 1.899653435 1.684 122.0260757 3610.771451 0.489 -1.841 -4.022 -5.372 -6.237 -6.5
thin3 2 thin_disk 9.176091259 -0.25 0.0084736 1.899656773 1.682 136.6635333 3544.051303 0.389 -1.758 -4.139 -5.562 -6.443 -6.72
thin3 2 thin_disk 9.176091259 -0.25 0.0084736 1.899661064 1.679 166.3997406 3431.626398 0.218 -1.493 -4.3 -5.892 -6.796 -7.098
thin3 2 thin_disk 9.176091259 -0.25 0.0084736 1.899666309 1.675 199.5044765 3331.194571 0.059 -1.112 -4.377 -6.201 -7.12 -7.448
thin3 2 thin_disk 9.176091259 -0.25 0.0084736 1.899672508 1.67 225.4512486 3264.374675 -0.048 -0.747 -4.361 -6.408 -7.335 -7.68
thin3 2 thin_disk 9.176091259 -0.25 0.0084736 1.89967978 1.665 239.7467038 3229.981241 -0.103 -0.537 -4.336 -6.513 -7.442 -7.797
thin3 2 thin_disk 9.176091259 -0.25 0.0084736 1.899688005 1.659 245.8966685 3215.140825 -0.126 -0.442 -4.316 -6.554 -7.484 -7.844
thin3 2 thin_disk 9.176091259 -0.25 0.0084736 1.899697423 1.652 248.3434127 3208.484902 -0.137 -0.391 -4.303 -6.571 -7.502 -7.863
thin3 2 thin_disk 9.176091259 -0.25 0.0084736 1.899697661 1.651 230.013139 3248.628126 -0.07 -0.637 -4.334 -6.438 -7.366 -7.716
thin3 2 thin_disk 9.176091259 -0.25 0.0084736 1.899698496 1.65 189.3008852 3353.513045 0.098 -1.188 -4.343 -6.107 -7.024 -7.345
thin3 2 thin_disk 9.176091259 -0.25 0.0084736 1.899699926 1.649 132.1760122 3556.313186 0.41 -1.749 -4.09 -5.498 -6.376 -6.651
thin3 2 thin_disk 9.176091259 -0.25 0.0084736 1.899702311 1.646 128.0715439 3573.551127 0.436 -1.766 -4.057 -5.447 -6.321 -6.592
thin3 2 thin_disk 9.176091259 -0.25 0.0084736 1.89970541 1.642 143.5002458 3506.711196 0.337 -1.645 -4.161 -5.635 -6.524 -6.809
thin3 2 thin_disk 9.176091259 -0.25 0.0084736 1.899709344 1.638 174.0414307 3396.252726 0.169 -1.348 -4.302 -5.959 -6.87 -7.18
thin3 2 thin_disk 9.176091259 -0.25 0.0084736 1.899714231 1.632 207.851252 3297.61538 0.012 -0.903 -4.335 -6.26 -7.185 -7.521
thin3 2 thin_disk 9.176091259 -0.25 0.0084736 1.899720073 1.625 233.9659432 3232.213203 -0.092 -0.51 -4.296 -6.463 -7.393 -7.747
thin3 2 thin_disk 9.176091259 -0.25 0.0084736 1.899726749 1.618 248.6867489 3198.89511 -0.147 -0.299 -4.257 -6.564 -7.496 -7.86
thin3 2 thin_disk 9.176091259 -0.25 0.0084736 1.899734497 1.609 254.7725564 3184.197522 -0.17 -0.199 -4.234 -6.604 -7.537 -7.905
thin3 2 thin_disk 9.176091259 -0.25 0.0084736 1.899743319 1.599 257.5447165 3176.142653 -0.182 -0.143 -4.218 -6.619 -7.553 -7.923
thin3 2 thin_disk 9.176091259 -0.25 0.0084736 1.899743557 1.598 240.9642669 3210.702011 -0.125 -0.354 -4.25 -6.507 -7.438 -7.798
thin3 2 thin_disk 9.176091259 -0.25 0.0084736 1.899744272 1.597 199.0456289 3312.07376 0.041 -0.951 -4.305 -6.179 -7.101 -7.434
thin3 2 thin_disk 9.176091259 -0.25 0.0084736 1.899745703 1.594 139.3325691 3509.942485 0.349 -1.603 -4.106 -5.574 -6.463 -6.747
thin3 2 thin_disk 9.176091259 -0.25 0.0084736 1.899747729 1.59 135.0058678 3526.955661 0.376 -1.633 -4.074 -5.519 -6.405 -6.685
thin3 2 thin_disk 9.176091259 -0.25 0.0084736 1.899750709 1.585 150.8525462 3461.784268 0.278 -1.482 -4.167 -5.705 -6.605 -6.9
thin3 2 thin_disk 9.176091259 -0.25 0.0084736 1.899754286 1.578 182.3696837 3354.285308 0.112 -1.118 -4.265 -6.025 -6.941 -7.262
thin3 2 thin_disk 9.176091259 -0.25 0.0084736 1.899758816 1.57 216.7467753 3259.117363 -0.041 -0.616 -4.253 -6.319 -7.247 -7.593
thin3 2 thin_disk 9.176091259 -0.25 0.0084736 1.89976418 1.56 243.4740303 3195.950175 -0.144 -0.23 -4.199 -6.516 -7.448 -7.812
thin3 2 thin_disk 9.176091259 -0.25 0.0084736 1.899770498 1.549 258.1978638 3163.005885 -0.198 -0.019 -4.158 -6.613 -7.548 -7.922
thin3 2 thin_disk 9.176091259 -0.25 0.0084736 1.899777651 1.536 264.2120647 3148.473193 -0.222 0.066 -4.135 -6.652 -7.587 -7.965
thin3 2 thin_disk 9.176091259 -0.25 0.0084736 1.899785757 1.521 266.9639656 3141.231906 -0.235 0.116 -4.118 -6.667 -7.603 -7.982
thin3 2 thin_disk 9.176091259 -0.25 0.0084736 1.899786115 1.521 252.7275835 3169.567463 -0.187 -0.04 -4.145 -6.573 -7.507 -7.879
thin3 2 thin_disk 9.176091259 -0.25 0.0084736 1.899787307 1.521 208.7145111 3271.899836 -0.022 -0.663 -4.229 -6.247 -7.174 -7.517
thin3 2 thin_disk 9.176091259 -0.25 0.0084736 1.899789572 1.521 146.06718 3473.76152 0.288 -1.487 -4.125 -5.644 -6.542 -6.834
thin3 2 thin_disk 9.176091259 -0.25 0.0084736 1.89979291 1.52 139.8146387 3509.942485 0.326 -1.606 -4.112 -5.582 -6.47 -6.754
thin3 2 thin_disk 9.176091259 -0.25 0.0084736 1.89979744 1.519 154.2597577 3468.965654 0.241 -1.573 -4.233 -5.759 -6.655 -6.95
thin3 2 thin_disk 9.176091259 -0.25 0.0084736 1.8998034 1.519 182.832183 3390.783023 0.093 -1.402 -4.393 -6.063 -6.972 -7.287
thin3 2 thin_disk 9.176091259 -0.25 0.0084736 1.899810553 1.517 213.0848852 3325.063932 -0.04 -1.179 -4.497 -6.339 -7.257 -7.59
thin3 2 thin_disk 9.176091259 -0.25 0.0084736 1.899819136 1.516 233.8582227 3296.856164 -0.122 -1.094 -4.578 -6.517 -7.436 -7.78
thin3 2 thin_disk 9.176091259 -0.25 0.0084736 1.899829149 1.514 241.6866404 3305.217169 -0.151 -1.229 -4.684 -6.596 -7.514 -7.859
thin3 2 thin_disk 9.176091259 -0.25 0.0084736 1.899840593 1.513 240.3547143 3341.180976 -0.147 -1.541 -4.816 -6.622 -7.53 -7.864
thin3 2 thin_disk 9.176091259 -0.25 0.0084736 1.899853587 1.511 234.7213773 3394.689054 -0.127 -2.992 -4.975 -6.499 -7.415 -7.742
thin3 2 thin_disk 9.176091259 -0.25 0.0084736 1.899853945 1.511 225.2436959 3419.794425 -0.091 -2.986 -4.937 -6.44 -7.346 -7.667
thin3 2 thin_disk 9.176091259 -0.25 0.0084736 1.899855018 1.51 184.9066987 3544.867445 0.081 -2.938 -4.754 -6.168 -7.013 -7.31
thin3 2 thin_disk 9.176091259 -0.25 0.0084736 1.899857044 1.51 127.8947287 3792.276545 0.401 -2.824 -4.395 -5.641 -6.384 -6.637
thin3 2 thin_disk 9.176091259 -0.25 0.0084736 1.899860144 1.51 123.3822384 3812.413511 0.432 -2.8 -4.352 -5.584 -6.32 -6.569
thin3 2 thin_disk 9.176091259 -0.25 0.0084736 1.899864435 1.509 139.3967489 3721.34556 0.326 -2.835 -4.466 -5.752 -6.521 -6.787
thin3 2 thin_disk 9.176091259 -0.25 0.0084736 1.8998698 1.508 170.2756884 3576.844006 0.152 -2.871 -4.644 -6.02 -6.847 -7.143
thin3 2 thin_disk 9.176091259 -0.25 0.0084736 1.899876475 1.507 205.0466342 3442.706504 -0.011 -2.884 -4.8 -6.26 -7.146 -7.469
thin3 2 thin_disk 9.176091259 -0.25 0.0084736 1.899884343 1.506 233.5891384 3346.570666 -0.124 -2.865 -4.89 -6.416 -7.346 -7.691
thin3 2 thin_disk 9.176091259 -0.25 0.0084736 1.899893522 1.505 251.7982137 3283.220116 -0.19 -2.827 -4.926 -6.495 -7.453 -7.812
thin3 2 thin_disk 9.176091259 -0.25 0.0084736 1.899904132 1.503 262.9375699 3238.91835 -0.227 -2.774 -4.929 -6.527 -7.506 -7.874
thin3 2 thin_disk 9.176091259 -0.25 0.0084736 1.899916053 1.501 271.4267489 3198.89511 -0.256 -2.712 -4.919 -6.543 -7.539 -7.916
thin3 2 thin_disk 9.176091259 -0.25 0.0084736 1.899916291 1.501 264.0904185 3215.140825 -0.232 -2.709 -4.892 -6.505 -7.494 -7.868
thin3 2 thin_disk 9.176091259 -0.25 0.0084736 1.899917483 1.501 215.9994498 3342.720001 -0.057 -2.688 -4.712 -6.236 -7.173 -7.516
thin3 2 thin_disk 9.176091259 -0.25 0.0084736 1.89991951 1.501 148.3722371 3592.526662 0.269 -2.634 -4.377 -5.736 -6.56 -6.85
thin3 2 thin_disk 9.176091259 -0.25 0.0084736 1.899922609 1.5 143.1702044 3609.109012 0.3 -2.605 -4.33 -5.678 -6.495 -6.781
thin3 2 thin_disk 9.176091259 -0.25 0.0084736 1.899926782 1.499 163.0244129 3505.096668 0.187 -2.586 -4.419 -5.833 -6.698 -7.004
thin3 2 thin_disk 9.176091259 -0.25 0.0084736 1.899932027 1.498 200.9336368 3348.112174 0.005 -2.554 -4.567 -6.085 -7.022 -7.362
thin3 2 thin_disk 9.176091259 -0.25 0.0084736 1.899938583 1.497 244.1477042 3202.580095 -0.165 -2.507 -4.696 -6.313 -7.313 -7.686
thin3 2 thin_disk 9.176091259 -0.25 0.0084736 1.899946451 1.496 280.6419859 3093.855315 -0.286 -2.43 -4.772 -6.468 -7.508 -7.91
thin3 2 thin_disk 9.176091259 -0.25 0.0084736 1.899955511 1.494 305.8811011 3015.088054 -0.362 -2.317 -4.78 -6.536 -7.601 -8.029
thin3 2 thin_disk 9.176091259 -0.25 0.0084736 1.899966001 1.492 323.9310993 2951.888846 -0.411 -2.185 -4.749 -6.554 -7.636 -8.086
thin3 2 thin_disk 9.176091259 -0.25 0.0084736 1.899977803 1.49 340.2927095 2890.014355 -0.455 -2.042 -4.708 -6.565 -7.658 -8.131
thin3 2 thin_disk 9.176091259 -0.25 0.0084736 1.899978042 1.49 335.8556393 2897.343588 -0.444 -2.046 -4.699 -6.549 -7.64 -8.11
thin3 2 thin_disk 9.176091259 -0.25 0.0084736 1.899979115 1.49 274.064412 3015.782384 -0.268 -2.113 -4.554 -6.299 -7.367 -7.787
thin3 2 thin_disk 9.176091259 -0.25 0.0084736 1.899981022 1.49 188.1709792 3249.376236 0.06 -2.112 -4.226 -5.802 -6.793 -7.148
thin3 2 thin_disk 9.176091259 -0.25 0.0084736 1.899983883 1.489 180.3236315 3271.899836 0.096 -2.094 -4.178 -5.739 -6.721 -7.071
thin3 2 thin_disk 9.176091259 -0.25 0.0084736 1.899987817 1.488 204.5279403 3181.998716 -0.014 -2.07 -4.271 -5.893 -6.911 -7.283
thin3 2 thin_disk 9.176091259 -0.25 0.0084736 1.899992824 1.487 250.2952713 3045.089067 -0.189 -2.036 -4.423 -6.143 -7.205 -7.612
thin3 2 thin_disk 9.176091259 -0.25 0.0084736 1.899999023 1.486 301.1290436 2922.133142 -0.35 -1.954 -4.543 -6.358 -7.444 -7.893
thin3 2 thin_disk 9.176091259 -0.25 0.0084736 1.900006294 1.484 342.5726166 2832.6962 -0.463 -1.831 -4.585 -6.485 -7.583 -8.074
thin3 2 thin_disk 9.176091259 -0.25 0.0084736 1.900014877 1.482 369.532504 2773.320105 -0.529 -1.601 -4.503 -6.491 -7.61 -8.156
thin3 2 thin_disk 9.176091259 -0.25 0.0084736 1.900024652 1.48 387.1262715 2728.349485 -0.57 -1.458 -4.453 -6.494 -7.618 -8.192
thin3 2 thin_disk 9.176091259 -0.25 0.0084736 1.900035739 1.478 401.5620335 2686.581377 -0.603 -1.787 -4.725 -6.682 -7.726 -8.215
thin3 2 thin_disk 9.176091259 -0.25 0.0084736 1.900035977 1.478 402.5804165 2684.726193 -0.605 -1.786 -4.727 -6.684 -7.728 -8.217
thin3 2 thin_disk 9.176091259 -0.25 0.0084736 1.900036931 1.477 328.9672352 2795.760728 -0.43 -1.65 -4.44 -6.351 -7.442 -7.932
thin3 2 thin_disk 9.176091259 -0.25 0.0084736 1.900038719 1.477 225.9709674 3015.088054 -0.104 -1.726 -4.144 -5.877 -6.952 -7.361
thin3 2 thin_disk 9.176091259 -0.25 0.0084736 1.900041461 1.476 215.8005985 3039.484969 -0.063 -1.713 -4.096 -5.81 -6.879 -7.281
thin3 2 thin_disk 9.176091259 -0.25 0.0084736 1.900045157 1.475 244.2601643 2957.331437 -0.172 -1.703 -4.2 -5.968 -7.05 -7.47
thin3 2 thin_disk 9.176091259 -0.25 0.0084736 1.900049925 1.473 297.2026277 2833.348528 -0.343 -1.684 -4.373 -6.226 -7.306 -7.756
thin3 2 thin_disk 9.176091259 -0.25 0.0084736 1.900055647 1.471 355.3469931 2722.701308 -0.499 -1.672 -4.537 -6.464 -7.521 -7.996
thin3 2 thin_disk 9.176091259 -0.25 0.0084736 1.900062561 1.469 402.4877296 2643.625912 -0.607 -1.654 -4.647 -6.624 -7.652 -8.144
thin3 2 thin_disk 9.176091259 -0.25 0.0084736 1.900070548 1.466 432.4666726 2591.791135 -0.67 -1.629 -4.691 -6.697 -7.711 -8.217
thin3 2 thin_disk 9.176091259 -0.25 0.0084736 1.900079846 1.463 451.3907393 2554.465255 -0.708 -1.616 -4.696 -6.714 -7.732 -8.249
thin3 2 thin_disk 9.176091259 -0.25 0.0084736 1.900090218 1.459 466.7159518 2519.416678 -0.739 -1.514 -4.634 -6.685 -7.72 -8.266
thin3 2 thin_disk 9.176091259 -0.25 0.0084736 1.900090456 1.459 474.299476 2510.729931 -0.753 -1.515 -4.643 -6.699 -7.737 -8.287
thin3 2 thin_disk 9.176091259 -0.25 0.0084736 1.90009141 1.458 387.5722238 2617.580219 -0.577 -1.496 -4.514 -6.501 -7.521 -8.015
thin3 2 thin_disk 9.176091259 -0.25 0.0084736 1.900093079 1.457 265.6150292 2829.436815 -0.25 -1.443 -4.122 -5.972 -7.055 -7.502
thin3 2 thin_disk 9.176091259 -0.25 0.0084736 1.900095582 1.455 251.4505818 2861.541179 -0.203 -1.442 -4.069 -5.896 -6.982 -7.422
thin3 2 thin_disk 9.176091259 -0.25 0.0084736 1.900099039 1.453 282.9128312 2792.543841 -0.306 -1.444 -4.182 -6.057 -7.134 -7.589
thin3 2 thin_disk 9.176091259 -0.25 0.0084736 1.90010345 1.45 340.2143633 2686.581377 -0.467 -1.455 -4.367 -6.314 -7.365 -7.847
thin3 2 thin_disk 9.176091259 -0.25 0.0084736 1.900108933 1.447 401.4695811 2594.179362 -0.612 -1.495 -4.541 -6.541 -7.556 -8.057
thin3 2 thin_disk 9.176091259 -0.25 0.0084736 1.900115371 1.443 448.2833873 2533.961429 -0.708 -1.465 -4.576 -6.623 -7.659 -8.201
thin3 2 thin_disk 9.176091259 -0.25 0.0084736 1.900122881 1.438 474.0811033 2502.649326 -0.758 -1.378 -4.544 -6.634 -7.692 -8.27
thin3 2 thin_disk 9.176091259 -0.25 0.0084736 1.900131464 1.432 485.4590982 2488.857318 -0.781 -1.328 -4.521 -6.633 -7.702 -8.297
thin3 2 thin_disk 9.176091259 -0.25 0.0084736 1.900141239 1.426 491.1935381 2481.41841 -0.793 -1.157 -4.407 -6.57 -7.67 -8.305
thin3 2 thin_disk 9.176091259 -0.25 0.0084736 1.900141478 1.426 506.4687396 2464.903946 -0.819 -1.094 -4.379 -6.57 -7.684 -8.339
thin3 2 thin_disk 9.176091259 -0.25 0.0084736 1.900142312 1.425 412.0525867 2576.914445 -0.641 -1.441 -4.515 -6.538 -7.564 -8.086
thin3 2 thin_disk 9.176091259 -0.25 0.0084736 1.900143743 1.424 280.6419859 2798.98132 -0.307 -1.421 -4.159 -6.037 -7.12 -7.582
thin3 2 thin_disk 9.176091259 -0.25 0.0084736 1.900146008 1.421 264.4555251 2834.001006 -0.256 -1.428 -4.107 -5.96 -7.047 -7.499
thin3 2 thin_disk 9.176091259 -0.25 0.0084736 1.900149107 1.418 298.7119829 2758.671575 -0.363 -1.406 -4.209 -6.114 -7.19 -7.661
thin3 2 thin_disk 9.176091259 -0.25 0.0084736 1.90015316 1.415 360.1244805 2646.061903 -0.527 -1.389 -4.379 -6.363 -7.404 -7.905
thin3 2 thin_disk 9.176091259 -0.25 0.0084736 1.900157929 1.41 426.1403369 2548.590148 -0.674 -1.364 -4.475 -6.526 -7.568 -8.114
thin3 2 thin_disk 9.176091259 -0.25 0.0084736 1.90016377 1.404 475.3928492 2484.848985 -0.772 -1.009 -4.282 -6.468 -7.584 -8.236
thin3 2 thin_disk 9.176091259 -0.25 0.0084736 1.900170565 1.397 503.5616464 2450.755579 -0.824 -0.799 -4.163 -6.426 -7.583 -8.291
thin3 2 thin_disk 9.176091259 -0.25 0.0084736 1.900178313 1.39 516.4789727 2433.884697 -0.848 -0.691 -4.1 -6.399 -7.576 -8.312
thin3 2 thin_disk 9.176091259 -0.25 0.0084736 1.900187016 1.381 523.7845028 2423.817965 -0.862 -0.62 -4.056 -6.378 -7.568 -8.32
thin3 2 thin_disk 9.176091259 -0.25 0.0084736 1.900187254 1.381 550.1139332 2396.624529 -0.905 -0.451 -3.962 -6.346 -7.567 -8.36
thin3 2 thin_disk 9.176091259 -0.25 0.0084736 1.900188088 1.38 445.4024943 2510.151881 -0.723 -1.228 -4.397 -6.495 -7.562 -8.146
thin3 2 thin_disk 9.176091259 -0.25 0.0084736 1.900189638 1.377 303.1465603 2732.121444 -0.389 -1.278 -4.142 -6.084 -7.164 -7.658
thin3 2 thin_disk 9.176091259 -0.25 0.0084736 1.900191903 1.374 286.5844651 2758.671575 -0.342 -1.257 -4.076 -5.999 -7.087 -7.574
thin3 2 thin_disk 9.176091259 -0.25 0.0084736 1.900195003 1.369 328.513064 2665.630813 -0.461 -1.133 -4.125 -6.133 -7.207 -7.735
thin3 2 thin_disk 9.176091259 -0.25 0.0084736 1.900199056 1.363 402.6731247 2532.794766 -0.64 -0.989 -4.163 -6.277 -7.361 -7.959
thin3 2 thin_disk 9.176091259 -0.25 0.0084736 1.900203943 1.355 484.7888748 2414.34873 -0.803 -0.556 -3.945 -6.234 -7.409 -8.137
thin3 2 thin_disk 9.176091259 -0.25 0.0084736 1.900209785 1.346 552.5259053 2327.555257 -0.92 -0.086 -3.671 -6.123 -7.383 -8.221
thin3 2 thin_disk 9.176091259 -0.25 0.0084736 1.900216579 1.336 598.6219604 2267.253077 -0.993 0.033 -3.609 -6.11 -7.397 -8.268
thin3 2 thin_disk 9.176091259 -0.25 0.0084736 1.900224447 1.324 630.8885491 2221.263089 -1.043 0.127 -3.551 -6.084 -7.39 -8.282
thin3 2 thin_disk 9.176091259 -0.25 0.0084736 1.900233269 1.311 659.2538046 2179.214601 -1.085 0.615 -3.211 -5.88 -7.263 -8.239
thin3 2 thin_disk 9.176091259 -0.25 0.0084736 1.900233507 1.31 706.2405421 2143.384077 -1.145 0.806 -3.099 -5.84 -7.264 -8.281
thin3 2 thin_disk 9.176091259 -0.25 0.0084736 1.900234222 1.308 570.7588376 2246.984104 -0.961 -0.002 -3.589 -6.042 -7.301 -8.14
thin3 2 thin_disk 9.176091259 -0.25 0.0084736 1.900235653 1.303 389.1819097 2446.245276 -0.63 -0.123 -3.49 -5.781 -6.974 -7.704
thin3 2 thin_disk 9.176091259 -0.25 0.0084736 1.900237679 1.297 370.2138353 2460.93419 -0.589 -0.114 -3.452 -5.723 -6.907 -7.622
thin3 2 thin_disk 9.176091259 -0.25 0.0084736 1.900240541 1.288 430.6779576 2357.762196 -0.723 0.066 -3.39 -5.75 -6.976 -7.753
thin3 2 thin_disk 9.176091259 -0.25 0.0084736 1.900244236 1.277 537.2205843 2218.19642 -0.919 -0.036 -3.556 -5.948 -7.173 -7.972
thin3 2 thin_disk 9.176091259 -0.25 0.0084736 1.900248647 1.263 658.9502769 2091.22133 -1.101 0.075 -3.537 -6.011 -7.282 -8.135
thin3 2 thin_disk 9.176091259 -0.25 0.0084736 1.900254011 1.248 766.3949685 1993.425456 -1.238 0.489 -3.283 -5.902 -7.257 -8.205
thin3 2 thin_disk 9.176091259 -0.25 0.0084736 1.900260329 1.229 849.2834183 1919.994568 -1.333 0.906 -3.006 -5.753 -7.18 -8.201
thin3 2 thin_disk 9.176091259 -0.25 0.0084736 1.900267363 1.208 913.1721226 1861.229811 -1.404 1.064 -2.901 -5.697 -7.152 -8.2
thin3 2 thin_disk 9.176091259 -0.25 0.0084736 1.900275469 1.186 971.7457387 1808.422909 -1.466 1.443 -2.637 -5.538 -7.052 -8.159
thin3 2 thin_disk 9.176091259 -0.25 0.0084736 1.900275707 1.184 1067.216779 1764.818306 -1.548 1.669 -2.506 -5.493 -7.057 -8.214
thin3 2 thin_disk 9.176091259 -0.25 0.0084736 1.900276422 1.179 870.0668955 1842.044001 -1.372 0.886 -2.982 -5.69 -7.095 -8.093
thin3 2 thin_disk 9.176091259 -0.25 0.0084736 1.900277734 1.171 604.578425 1988.840705 -1.059 0.522 -3.103 -5.588 -6.866 -7.726
thin3 2 thin_disk 9.176091259 -0.25 0.0084736 1.900279641 1.158 596.283298 1963.812409 -1.052 0.585 -3.033 -5.511 -6.785 -7.641
thin3 2 thin_disk 9.176091259 -0.25 0.0084736 1.900282383 1.141 733.5887201 1828.5212 -1.238 0.446 -3.172 -5.652 -6.926 -7.782
thin3 2 thin_disk 9.176091259 -0.25 0.0084736 1.90028584 1.119 974.658882 1664.945416 -1.493 0.23 -3.386 -5.863 -7.136 -7.992
thin3 2 thin_disk 9.176091259 -0.25 0.0084736 1.900290012 1.093 1271.313459 1519.497535 -1.734 0.507 -3.246 -5.849 -7.194 -8.131
thin3 2 thin_disk 9.176091259 -0.25 0.0084736 1.900295019 1.063 1555.079674 1409.937949 -1.922 1.076 -2.878 -5.664 -7.113 -8.155
thin3 2 thin_disk 9.176091259 -0.25 0.0084736 1.90030098 1.029 1775.630699 1336.287789 -2.051 1.179 -2.821 -5.65 -7.123 -8.189
thin3 2 thin_disk 9.176091259 -0.25 0.0084736 1.900307655 0.991 1910.084784 1295.090149 -2.13 1.172 -2.833 -5.665 -7.14 -8.209
thin3 2 thin_disk 9.176091259 -0.25 0.0084736 1.900315285 0.95 1943.35725 1286.174811 -2.164 0.919 -3.013 -5.78 -7.218 -8.249
thin3 2 thin_disk 9.176091259 -0.25 0.0084736 1.900315404 0.948 2218.976203 1235.947433 -2.28 0.873 -3.08 -5.866 -7.314 -8.356
thin3 2 thin_disk 9.176091259 -0.25 0.0084736 1.900316119 0.943 1791.235323 1295.686698 -2.097 0.349 -3.373 -5.947 -7.276 -8.195
thin3 2 thin_disk 9.176091259 -0.25 0.0084736 1.900317311 0.933 1225.32881 1411.562135 -1.772 0.42 -3.188 -5.657 -6.926 -7.776
thin3 2 thin_disk 9.176091259 -0.25 0.0084736 1.900319219 0.919 1239.802891 1373.725627 -1.788 0.243 -3.284 -5.679 -6.905 -7.706
thin3 2 thin_disk 9.176091259 -0.25 0.0084736 1.900321722 0.899 1599.383623 1247.670768 -2.018 0.416 -3.203 -5.683 -6.957 -7.814
thin3 2 thin_disk 9.176091259 -0.25 0.0084736 1.900324941 0.875 2160.989441 1123.31097 -2.292 0.437 -3.248 -5.787 -7.096 -7.992
thin3 2 thin_disk 9.176091259 -0.25 0.0084736 1.900328875 0.847 2666.567888 1050.993427 -2.489 -1.012 -4.311 -6.498 -7.599 -8.252
thin3 2 thin_disk 9.176091259 -0.25 0.0084736 1.900333524 0.814 2752.026711 1059.253725 -2.533 -1.135 -4.427 -6.609 -7.706 -8.355
thin3 2 thin_disk 9.176091259 -0.25 0.0084736 1.900339007 0.777 2255.031666 1181.680313 -2.381 1.595 -2.523 -5.459 -6.993 -8.121
thin3 2 thin_disk 9.176091259 -0.25 0.0084736 1.900345326 0.737 1418.902797 1493.138178 -2.001 2.901 -1.598 -4.885 -6.615 -7.93
thin3 2 thin_disk 9.176091259 -0.25 0.0084736 1.900352359 0.694 658.4952474 2189.273398 -1.361 4.61 -0.376 -4.118 -6.094 -7.637
thin3 2 thin_disk 9.176091259 -0.25 0.0084736 1.900360584 0.65 2.971342021e-06 10594.97655 1.413 30.168 30.165 30.191 30.222 30.234
