# component component_index family logAge MH Zini Mini Mass radius_rsun Teff_K logg Jmag_2mass Hmag_2mass Ksmag_2mass F087mag F146mag F213mag
thin6 5 thin_disk 9.84509804 -0.25 0.0084736 0.0900000036 0.09 0.1164803441 2424.934431 5.257 11.034 10.494 10.261 12.729 11.088 10.337
thin6 5 thin_disk 9.84509804 -0.25 0.0084736 0.1000000015 0.1 0.1282190766 2591.791135 5.22 10.538 9.998 9.762 12.235 10.592 9.838
thin6 5 thin_disk 9.84509804 -0.25 0.0084736 0.1200000048 0.12 0.1495039423 2795.760728 5.166 9.956 9.399 9.147 11.411 9.961 9.213
thin6 5 thin_disk 9.84509804 -0.25 0.0084736 0.1400000006 0.14 0.1687923054 2923.479144 5.127 9.551 8.985 8.732 10.865 9.529 8.79
thin6 5 thin_disk 9.84509804 -0.25 0.0084736 0.1599999964 0.16 0.1869186539 3016.476873 5.096 9.231 8.66 8.409 10.457 9.192 8.463
thin6 5 thin_disk 9.84509804 -0.25 0.0084736 0.200000003 0.2 0.2209289583 3145.574677 5.048 8.736 8.161 7.916 9.86 8.679 7.964
thin6 5 thin_disk 9.84509804 -0.25 0.0084736 0.2151031345 0.215 0.2333203638 3181.266118 5.032 8.58 8.004 7.761 9.681 8.519 7.808
thin6 5 thin_disk 9.84509804 -0.25 0.0084736 0.25 0.25 0.2619103403 3254.617835 4.998 8.258 7.679 7.441 9.313 8.189 7.484
thin6 5 thin_disk 9.84509804 -0.25 0.0084736 0.3000000119 0.3 0.3018927231 3333.496473 4.953 7.872 7.288 7.056 8.884 7.793 7.095
thin6 5 thin_disk 9.84509804 -0.25 0.0084736 0.3140645027 0.314 0.3137997873 3353.513045 4.939 7.768 7.183 6.952 8.771 7.687 6.991
thin6 5 thin_disk 9.84509804 -0.25 0.0084736 0.3500000536 0.35 0.3448677986 3400.165058 4.905 7.52 6.93 6.702 8.5 7.433 6.739
thin6 5 thin_disk 9.84509804 -0.25 0.0084736 0.4000000358 0.4 0.3890027261 3488.188934 4.858 7.177 6.58 6.357 8.119 7.08 6.39
thin6 5 thin_disk 9.84509804 -0.25 0.0084736 0.4194356501 0.419 0.4082748659 3532.645026 4.836 7.031 6.43 6.209 7.955 6.929 6.241
thin6 5 thin_disk 9.84509804 -0.25 0.0084736 0.4500000179 0.45 0.4387858812 3599.15044 4.804 6.816 6.209 5.991 7.714 6.707 6.02
thin6 5 thin_disk 9.84509804 -0.25 0.0084736 0.5 0.5 0.492099184 3748.003606 4.751 6.443 5.822 5.614 7.288 6.319 5.637
thin6 5 thin_disk 9.84509804 -0.25 0.0084736 0.5142457485 0.514 0.5075193965 3807.150104 4.735 6.325 5.7 5.496 7.152 6.196 5.517
thin6 5 thin_disk 9.84509804 -0.25 0.0084736 0.5500000119 0.55 0.5473342745 3950.936048 4.699 6.044 5.402 5.219 6.833 5.903 5.235
thin6 5 thin_disk 9.84509804 -0.25 0.0084736 0.6000000238 0.6 0.5927241805 4211.143104 4.668 5.659 5.002 4.862 6.395 5.508 4.873
thin6 5 thin_disk 9.84509804 -0.25 0.0084736 0.6147694588 0.615 0.6034657754 4305.266105 4.662 5.547 4.895 4.768 6.263 5.397 4.777
thin6 5 thin_disk 9.84509804 -0.25 0.0084736 0.6499999762 0.65 0.6291477457 4531.06195 4.65 5.295 4.681 4.579 5.96 5.159 4.585
thin6 5 thin_disk 9.84509804 -0.25 0.0084736 0.659750104 0.66 0.636726089 4593.037593 4.646 5.227 4.629 4.532 5.877 5.098 4.538
thin6 5 thin_disk 9.84509804 -0.25 0.0084736 0.7000001073 0.7 0.6687328306 4849.533905 4.63 4.96 4.436 4.352 5.545 4.858 4.357
thin6 5 thin_disk 9.84509804 -0.25 0.0084736 0.7081204653 0.708 0.6756980177 4900.044228 4.626 4.907 4.397 4.316 5.479 4.81 4.32
thin6 5 thin_disk 9.84509804 -0.25 0.0084736 0.7314126492 0.731 0.6962298591 5043.128103 4.613 4.759 4.287 4.212 5.298 4.676 4.216
thin6 5 thin_disk 9.84509804 -0.25 0.0084736 0.75 0.75 0.7142539402 5157.034063 4.603 4.644 4.199 4.129 5.157 4.57 4.132
thin6 5 thin_disk 9.84509804 -0.25 0.0084736 0.7574185729 0.757 0.722524611 5198.762768 4.597 4.598 4.162 4.094 5.102 4.527 4.097
thin6 5 thin_disk 9.84509804 -0.25 0.0084736 0.7803980708 0.78 0.749122161 5324.759536 4.579 4.455 4.048 3.984 4.932 4.393 3.987
thin6 5 thin_disk 9.84509804 -0.25 0.0084736 0.7983130813 0.798 0.7709969231 5423.754207 4.563 4.344 3.959 3.897 4.802 4.289 3.9
thin6 5 thin_disk 9.84509804 -0.25 0.0084736 0.8035495281 0.803 0.7777726097 5450.043893 4.558 4.312 3.932 3.871 4.764 4.258 3.874
thin6 5 thin_disk 9.84509804 -0.25 0.0084736 0.822008729 0.821 0.8045492695 5543.703572 4.539 4.197 3.835 3.778 4.632 4.149 3.781
thin6 5 thin_disk 9.84509804 -0.25 0.0084736 0.8389424682 0.838 0.8305248756 5628.594993 4.52 4.092 3.746 3.692 4.512 4.049 3.695
thin6 5 thin_disk 9.84509804 -0.25 0.0084736 0.8466261625 0.846 0.8428545679 5665.001119 4.511 4.044 3.704 3.652 4.458 4.003 3.655
thin6 5 thin_disk 9.84509804 -0.25 0.0084736 0.8501518369 0.849 0.8485015595 5681.983916 4.507 4.022 3.685 3.633 4.433 3.981 3.636
thin6 5 thin_disk 9.84509804 -0.25 0.0084736 0.868976891 0.868 0.8831869532 5765.009138 4.481 3.9 3.577 3.529 4.297 3.864 3.531
thin6 5 thin_disk 9.84509804 -0.25 0.0084736 0.8861231804 0.885 0.9184439228 5838.482731 4.456 3.788 3.477 3.431 4.173 3.755 3.433
thin6 5 thin_disk 9.84509804 -0.25 0.0084736 0.8949391842 0.894 0.937891597 5874.893525 4.443 3.729 3.424 3.379 4.109 3.697 3.381
thin6 5 thin_disk 9.84509804 -0.25 0.0084736 0.8960151672 0.895 0.93983723 5878.95316 4.441 3.721 3.417 3.372 4.101 3.69 3.375
thin6 5 thin_disk 9.84509804 -0.25 0.0084736 0.907310009 0.906 0.9675037229 5922.430869 4.421 3.644 3.346 3.303 4.016 3.614 3.305
thin6 5 thin_disk 9.84509804 -0.25 0.0084736 0.9182187319 0.917 0.9955260869 5960.737545 4.401 3.567 3.276 3.234 3.933 3.539 3.236
thin6 5 thin_disk 9.84509804 -0.25 0.0084736 0.937650919 0.936 1.051847175 6026.983465 4.363 3.424 3.144 3.104 3.781 3.4 3.106
thin6 5 thin_disk 9.84509804 -0.25 0.0084736 0.9432522058 0.942 1.07041613 6043.659664 4.351 3.382 3.104 3.065 3.736 3.358 3.067
thin6 5 thin_disk 9.84509804 -0.25 0.0084736 0.9550736547 0.954 1.10982025 6077.150616 4.324 3.29 3.017 2.979 3.639 3.268 2.981
thin6 5 thin_disk 9.84509804 -0.25 0.0084736 0.9714509249 0.97 1.171527924 6112.234389 4.285 3.161 2.894 2.857 3.505 3.14 2.859
thin6 5 thin_disk 9.84509804 -0.25 0.0084736 0.9851462245 0.984 1.230984671 6133.381798 4.248 3.047 2.784 2.747 3.388 3.027 2.749
thin6 5 thin_disk 9.84509804 -0.25 0.0084736 0.9915652275 0.991 1.262852548 6143.275613 4.229 2.989 2.727 2.69 3.328 2.969 2.692
thin6 5 thin_disk 9.84509804 -0.25 0.0084736 0.9956311584 0.995 1.282486035 6148.936385 4.216 2.952 2.691 2.654 3.29 2.932 2.656
thin6 5 thin_disk 9.84509804 -0.25 0.0084736 0.9994133711 0.998 1.30302469 6153.185387 4.204 2.916 2.656 2.619 3.254 2.896 2.621
thin6 5 thin_disk 9.84509804 -0.25 0.0084736 1.008854628 1.008 1.361609726 6156.019686 4.17 2.819 2.56 2.524 3.157 2.8 2.526
thin6 5 thin_disk 9.84509804 -0.25 0.0084736 1.016307831 1.015 1.414010534 6153.185387 4.14 2.738 2.479 2.442 3.076 2.719 2.444
thin6 5 thin_disk 9.84509804 -0.25 0.0084736 1.02599144 1.025 1.495039423 6137.620052 4.097 2.624 2.363 2.326 2.965 2.605 2.328
thin6 5 thin_disk 9.84509804 -0.25 0.0084736 1.032843947 1.031 1.560819366 6115.049825 4.062 2.537 2.272 2.234 2.881 2.516 2.236
thin6 5 thin_disk 9.84509804 -0.25 0.0084736 1.034886599 1.033 1.583990764 6105.201468 4.05 2.509 2.242 2.204 2.854 2.488 2.206
thin6 5 thin_disk 9.84509804 -0.25 0.0084736 1.039878368 1.038 1.649501234 6065.966395 4.016 2.434 2.162 2.123 2.786 2.412 2.125
thin6 5 thin_disk 9.84509804 -0.25 0.0084736 1.043113828 1.041 1.694933427 6039.486294 3.995 2.386 2.109 2.069 2.741 2.362 2.071
thin6 5 thin_disk 9.84509804 -0.25 0.0084736 1.050479174 1.049 1.825377298 5927.888142 3.933 2.265 1.969 1.926 2.638 2.236 1.928
thin6 5 thin_disk 9.84509804 -0.25 0.0084736 1.054963827 1.053 1.934873804 5794.286964 3.884 2.191 1.873 1.826 2.586 2.156 1.828
thin6 5 thin_disk 9.84509804 -0.25 0.0084736 1.057598948 1.056 2.014432154 5668.915715 3.85 2.155 1.815 1.763 2.572 2.114 1.766
thin6 5 thin_disk 9.84509804 -0.25 0.0084736 1.059377313 1.057 2.081865388 5553.924862 3.823 2.135 1.774 1.718 2.573 2.088 1.72
thin6 5 thin_disk 9.84509804 -0.25 0.0084736 1.061009169 1.059 2.157509143 5433.754339 3.792 2.114 1.728 1.668 2.574 2.059 1.67
thin6 5 thin_disk 9.84509804 -0.25 0.0084736 1.06262672 1.061 2.257629363 5321.082593 3.754 2.07 1.659 1.596 2.554 2.008 1.599
thin6 5 thin_disk 9.84509804 -0.25 0.0084736 1.064548254 1.062 2.41241847 5213.147344 3.696 1.98 1.544 1.476 2.488 1.909 1.479
thin6 5 thin_disk 9.84509804 -0.25 0.0084736 1.066101313 1.064 2.57189151 5148.728601 3.642 1.876 1.424 1.355 2.398 1.8 1.358
thin6 5 thin_disk 9.84509804 -0.25 0.0084736 1.066773057 1.065 2.654316121 5129.794883 3.615 1.819 1.362 1.292 2.346 1.742 1.295
thin6 5 thin_disk 9.84509804 -0.25 0.0084736 1.068134069 1.066 2.831735236 5096.828259 3.559 1.697 1.232 1.16 2.232 1.617 1.163
thin6 5 thin_disk 9.84509804 -0.25 0.0084736 1.069405437 1.067 3.019622445 5071.074606 3.503 1.57 1.099 1.026 2.111 1.488 1.029
thin6 5 thin_disk 9.84509804 -0.25 0.0084736 1.070455074 1.068 3.196337609 5052.426449 3.454 1.457 0.981 0.907 2.002 1.373 0.91
thin6 5 thin_disk 9.84509804 -0.25 0.0084736 1.071354508 1.069 3.367073873 5037.325328 3.409 1.352 0.872 0.798 1.901 1.267 0.801
thin6 5 thin_disk 9.84509804 -0.25 0.0084736 1.072212458 1.07 3.551016128 5022.269342 3.364 1.245 0.761 0.687 1.797 1.158 0.69
thin6 5 thin_disk 9.84509804 -0.25 0.0084736 1.073186398 1.071 3.79360968 5003.800659 3.307 1.113 0.624 0.549 1.67 1.025 0.552
thin6 5 thin_disk 9.84509804 -0.25 0.0084736 1.073935509 1.072 4.010076381 4988.844875 3.259 1.001 0.509 0.433 1.563 0.912 0.436
thin6 5 thin_disk 9.84509804 -0.25 0.0084736 1.074803591 1.072 4.297863764 4968.210633 3.199 0.861 0.363 0.286 1.428 0.77 0.289
thin6 5 thin_disk 9.84509804 -0.25 0.0084736 1.075398326 1.073 4.529524831 4952.220801 3.154 0.756 0.254 0.176 1.327 0.663 0.179
thin6 5 thin_disk 9.84509804 -0.25 0.0084736 1.076118231 1.074 4.856827119 4930.602596 3.093 0.617 0.109 0.031 1.194 0.523 0.034
thin6 5 thin_disk 9.84509804 -0.25 0.0084736 1.076734781 1.074 5.189824176 4909.078762 3.036 0.486 -0.028 -0.107 1.069 0.389 -0.104
thin6 5 thin_disk 9.84509804 -0.25 0.0084736 1.077317357 1.075 5.557156722 4885.398559 2.977 0.35 -0.171 -0.251 0.939 0.251 -0.248
thin6 5 thin_disk 9.84509804 -0.25 0.0084736 1.07783246 1.075 5.95322977 4860.713235 2.918 0.217 -0.31 -0.392 0.812 0.116 -0.389
thin6 5 thin_disk 9.84509804 -0.25 0.0084736 1.078290343 1.075 6.36286406 4836.152643 2.86 0.086 -0.447 -0.53 0.688 -0.017 -0.527
thin6 5 thin_disk 9.84509804 -0.25 0.0084736 1.078714728 1.076 6.811655021 4810.608341 2.8 -0.047 -0.588 -0.672 0.562 -0.153 -0.669
thin6 5 thin_disk 9.84509804 -0.25 0.0084736 1.079086304 1.076 7.283709979 4785.198964 2.743 -0.175 -0.723 -0.809 0.44 -0.284 -0.806
thin6 5 thin_disk 9.84509804 -0.25 0.0084736 1.079423904 1.076 7.774145147 4758.82791 2.685 -0.302 -0.858 -0.945 0.321 -0.414 -0.942
thin6 5 thin_disk 9.84509804 -0.25 0.0084736 1.079731226 1.076 8.297602861 4732.602186 2.629 -0.427 -0.99 -1.079 0.203 -0.541 -1.076
thin6 5 thin_disk 9.84509804 -0.25 0.0084736 1.080005646 1.077 8.846116302 4706.520991 2.574 -0.547 -1.118 -1.208 0.091 -0.664 -1.205
thin6 5 thin_disk 9.84509804 -0.25 0.0084736 1.080272078 1.077 9.435233336 4679.505909 2.518 -0.671 -1.25 -1.342 -0.025 -0.791 -1.339
thin6 5 thin_disk 9.84509804 -0.25 0.0084736 1.080522656 1.077 10.04043768 4652.645891 2.464 -0.788 -1.375 -1.469 -0.136 -0.912 -1.466
thin6 5 thin_disk 9.84509804 -0.25 0.0084736 1.080800176 1.077 10.63292241 4629.136638 2.414 -0.899 -1.492 -1.587 -0.239 -1.025 -1.584
thin6 5 thin_disk 9.84509804 -0.25 0.0084736 1.080956101 1.077 10.88811364 4619.553488 2.393 -0.944 -1.54 -1.636 -0.282 -1.071 -1.633
thin6 5 thin_disk 9.84509804 -0.25 0.0084736 1.081069708 1.077 10.64762249 4631.268925 2.413 -0.901 -1.494 -1.589 -0.242 -1.027 -1.586
thin6 5 thin_disk 9.84509804 -0.25 0.0084736 1.081232548 1.077 10.11469158 4656.93311 2.458 -0.806 -1.391 -1.485 -0.154 -0.929 -1.482
thin6 5 thin_disk 9.84509804 -0.25 0.0084736 1.081311584 1.077 9.798343148 4671.969512 2.485 -0.748 -1.329 -1.421 -0.101 -0.869 -1.418
thin6 5 thin_disk 9.84509804 -0.25 0.0084736 1.081393838 1.077 10.06590077 4660.151117 2.462 -0.799 -1.384 -1.477 -0.149 -0.922 -1.474
thin6 5 thin_disk 9.84509804 -0.25 0.0084736 1.081595779 1.077 10.74119608 4632.335437 2.405 -0.922 -1.514 -1.609 -0.263 -1.047 -1.606
thin6 5 thin_disk 9.84509804 -0.25 0.0084736 1.081794262 1.077 11.47235678 4602.565736 2.348 -1.046 -1.647 -1.744 -0.379 -1.175 -1.741
thin6 5 thin_disk 9.84509804 -0.25 0.0084736 1.081974268 1.077 12.23355404 4574.04044 2.292 -1.167 -1.776 -1.875 -0.491 -1.299 -1.872
thin6 5 thin_disk 9.84509804 -0.25 0.0084736 1.082142115 1.077 13.05126611 4544.645372 2.236 -1.287 -1.905 -2.006 -0.603 -1.423 -2.003
thin6 5 thin_disk 9.84509804 -0.25 0.0084736 1.082294583 1.077 13.9012113 4516.479049 2.181 -1.405 -2.032 -2.135 -0.712 -1.544 -2.132
thin6 5 thin_disk 9.84509804 -0.25 0.0084736 1.082435489 1.077 14.81332819 4487.453899 2.126 -1.523 -2.158 -2.264 -0.821 -1.665 -2.261
thin6 5 thin_disk 9.84509804 -0.25 0.0084736 1.082567811 1.077 15.7852929 4458.615279 2.071 -1.642 -2.286 -2.394 -0.931 -1.788 -2.391
thin6 5 thin_disk 9.84509804 -0.25 0.0084736 1.082687736 1.077 16.80941676 4428.942072 2.016 -1.758 -2.411 -2.521 -1.037 -1.907 -2.518
thin6 5 thin_disk 9.84509804 -0.25 0.0084736 1.08279717 1.077 17.89174274 4400.479478 1.962 -1.872 -2.532 -2.646 -1.142 -2.024 -2.643
thin6 5 thin_disk 9.84509804 -0.25 0.0084736 1.082898617 1.076 19.05252959 4371.193179 1.907 -1.987 -2.651 -2.77 -1.246 -2.14 -2.766
thin6 5 thin_disk 9.84509804 -0.25 0.0084736 1.082991958 1.076 20.2979718 4341.102097 1.852 -2.1 -2.769 -2.893 -1.348 -2.256 -2.89
thin6 5 thin_disk 9.84509804 -0.25 0.0084736 1.083078265 1.076 21.62482715 4311.21816 1.798 -2.214 -2.887 -3.017 -1.451 -2.371 -3.013
thin6 5 thin_disk 9.84509804 -0.25 0.0084736 1.083156586 1.076 23.0013139 4282.525918 1.744 -2.325 -3.003 -3.138 -1.55 -2.484 -3.134
thin6 5 thin_disk 9.84509804 -0.25 0.0084736 1.083229303 1.075 24.4766876 4253.045217 1.69 -2.435 -3.118 -3.259 -1.649 -2.596 -3.255
thin6 5 thin_disk 9.84509804 -0.25 0.0084736 1.083295822 1.075 26.00474772 4224.74013 1.637 -2.544 -3.232 -3.378 -1.746 -2.707 -3.374
thin6 5 thin_disk 9.84509804 -0.25 0.0084736 1.083358049 1.074 27.6409296 4195.657223 1.583 -2.653 -3.346 -3.499 -1.843 -2.818 -3.494
thin6 5 thin_disk 9.84509804 -0.25 0.0084736 1.083415389 1.074 29.42745097 4165.815197 1.529 -2.762 -3.46 -3.618 -1.94 -2.929 -3.614
thin6 5 thin_disk 9.84509804 -0.25 0.0084736 1.083467603 1.073 31.24299396 4137.137927 1.477 -2.869 -3.574 -3.738 -2.035 -3.039 -3.733
thin6 5 thin_disk 9.84509804 -0.25 0.0084736 1.083517194 1.073 33.26232823 4107.712126 1.422 -2.98 -3.694 -3.863 -2.134 -3.154 -3.858
thin6 5 thin_disk 9.84509804 -0.25 0.0084736 1.08356142 1.072 35.27383222 4079.434834 1.37 -3.086 -3.809 -3.982 -2.229 -3.265 -3.977
thin6 5 thin_disk 9.84509804 -0.25 0.0084736 1.083602786 1.072 37.46732132 4050.419451 1.318 -3.192 -3.925 -4.103 -2.324 -3.376 -4.098
thin6 5 thin_disk 9.84509804 -0.25 0.0084736 1.083642006 1.071 39.84305628 4021.610443 1.264 -3.3 -4.043 -4.226 -2.42 -3.488 -4.221
thin6 5 thin_disk 9.84509804 -0.25 0.0084736 1.083676338 1.07 42.20390578 3993.925872 1.214 -3.402 -4.153 -4.341 -2.51 -3.594 -4.336
thin6 5 thin_disk 9.84509804 -0.25 0.0084736 1.083709836 1.069 44.84898769 3964.605691 1.161 -3.507 -4.268 -4.461 -2.604 -3.704 -4.456
thin6 5 thin_disk 9.84509804 -0.25 0.0084736 1.083740354 1.068 47.55023251 3935.500755 1.11 -3.611 -4.381 -4.578 -2.694 -3.812 -4.573
thin6 5 thin_disk 9.84509804 -0.25 0.0084736 1.083768487 1.067 50.39096147 3907.509117 1.059 -3.711 -4.491 -4.694 -2.783 -3.917 -4.688
thin6 5 thin_disk 9.84509804 -0.25 0.0084736 1.083795071 1.066 53.42599816 3878.823338 1.007 -3.813 -4.602 -4.81 -2.872 -4.024 -4.805
thin6 5 thin_disk 9.84509804 -0.25 0.0084736 1.083819509 1.065 56.57865835 3850.348147 0.957 -3.913 -4.711 -4.925 -2.959 -4.128 -4.919
thin6 5 thin_disk 9.84509804 -0.25 0.0084736 1.083847761 1.063 60.73690322 3815.926491 0.895 -4.035 -4.844 -5.064 -3.065 -4.256 -5.059
thin6 5 thin_disk 9.84509804 -0.25 0.0084736 1.08387363 1.062 65.15573448 3780.941867 0.833 -4.158 -4.977 -5.204 -3.17 -4.383 -5.198
thin6 5 thin_disk 9.84509804 -0.25 0.0084736 1.083897352 1.06 69.84778604 3745.41547 0.772 -4.278 -5.108 -5.342 -3.271 -4.509 -5.336
thin6 5 thin_disk 9.84509804 -0.25 0.0084736 1.083919167 1.057 74.87772569 3710.222886 0.711 -4.396 -5.237 -5.478 -3.371 -4.633 -5.472
thin6 5 thin_disk 9.84509804 -0.25 0.0084736 1.083939672 1.055 80.17752481 3675.360978 0.65 -4.516 -5.365 -5.613 -3.468 -4.757 -5.607
thin6 5 thin_disk 9.84509804 -0.25 0.0084736 1.083958268 1.052 85.79315614 3639.988403 0.591 -4.631 -5.49 -5.745 -3.562 -4.877 -5.739
thin6 5 thin_disk 9.84509804 -0.25 0.0084736 1.083975315 1.05 91.54879764 3605.78643 0.533 -4.744 -5.612 -5.875 -3.65 -4.994 -5.868
thin6 5 thin_disk 9.84509804 -0.25 0.0084736 1.083991289 1.047 97.84815584 3571.083458 0.474 -4.857 -5.734 -6.004 -3.737 -5.112 -5.996
thin6 5 thin_disk 9.84509804 -0.25 0.0084736 1.084006071 1.043 104.460631 3536.714476 0.416 -4.969 -5.854 -6.131 -3.82 -5.228 -6.123
thin6 5 thin_disk 9.84509804 -0.25 0.0084736 1.08401978 1.039 111.3147319 3501.869841 0.359 -5.08 -5.971 -6.256 -3.896 -5.342 -6.248
thin6 5 thin_disk 9.84509804 -0.25 0.0084736 1.084032536 1.035 118.6185593 3467.368505 0.302 -5.186 -6.086 -6.379 -3.968 -5.452 -6.371
thin6 5 thin_disk 9.84509804 -0.25 0.0084736 1.084044695 1.031 126.4016214 3433.207084 0.245 -5.296 -6.201 -6.501 -4.032 -5.564 -6.492
thin6 5 thin_disk 9.84509804 -0.25 0.0084736 1.08405602 1.026 134.3855722 3399.382231 0.189 -5.401 -6.312 -6.62 -4.093 -5.672 -6.611
thin6 5 thin_disk 9.84509804 -0.25 0.0084736 1.084066629 1.02 142.4139869 3367.441036 0.136 -5.501 -6.416 -6.733 -4.139 -5.773 -6.723
thin6 5 thin_disk 9.84509804 -0.25 0.0084736 1.084072113 1.017 146.5725504 3351.96905 0.111 -5.55 -6.466 -6.787 -4.159 -5.822 -6.777
thin6 5 thin_disk 9.84509804 -0.25 0.0084736 1.084072113 1.017 10.51120836 4819.477976 2.399 -0.996 -1.531 -1.616 -4.159 -5.822 -6.777
thin6 5 thin_disk 9.84509804 -0.25 0.0084736 1.084203363 1.018 10.67954241 4811.716153 2.386 -1.024 -1.562 -1.647 -0.414 -1.129 -1.644
thin6 5 thin_disk 9.84509804 -0.25 0.0084736 1.084329367 1.018 10.73872312 4809.500785 2.381 -1.035 -1.573 -1.658 -0.425 -1.14 -1.656
thin6 5 thin_disk 9.84509804 -0.25 0.0084736 1.08445859 1.018 10.73377889 4810.608341 2.381 -1.036 -1.574 -1.659 -0.426 -1.141 -1.656
thin6 5 thin_disk 9.84509804 -0.25 0.0084736 1.084587336 1.018 10.70169686 4815.041117 2.384 -1.033 -1.57 -1.654 -0.424 -1.137 -1.652
thin6 5 thin_disk 9.84509804 -0.25 0.0084736 1.084717393 1.018 10.66971072 4819.477976 2.387 -1.027 -1.563 -1.647 -0.42 -1.131 -1.644
thin6 5 thin_disk 9.84509804 -0.25 0.0084736 1.084848523 1.018 10.62068785 4825.029801 2.391 -1.021 -1.555 -1.639 -0.415 -1.125 -1.637
thin6 5 thin_disk 9.84509804 -0.25 0.0084736 1.08498013 1.018 10.57189022 4830.58802 2.395 -1.015 -1.547 -1.631 -0.41 -1.118 -1.628
thin6 5 thin_disk 9.84509804 -0.25 0.0084736 1.085110187 1.019 10.52816408 4835.039206 2.398 -1.009 -1.54 -1.624 -0.405 -1.111 -1.621
thin6 5 thin_disk 9.84509804 -0.25 0.0084736 1.08524704 1.019 10.49186382 4840.608956 2.402 -1.004 -1.534 -1.617 -0.402 -1.106 -1.614
thin6 5 thin_disk 9.84509804 -0.25 0.0084736 1.08537066 1.019 10.46532319 4843.953885 2.404 -1 -1.529 -1.612 -0.399 -1.102 -1.609
thin6 5 thin_disk 9.84509804 -0.25 0.0084736 1.085498333 1.019 10.43884971 4847.301126 2.406 -0.997 -1.524 -1.607 -0.396 -1.098 -1.605
thin6 5 thin_disk 9.84509804 -0.25 0.0084736 1.085634232 1.019 10.40764918 4851.767712 2.409 -0.993 -1.52 -1.603 -0.394 -1.094 -1.6
thin6 5 thin_disk 9.84509804 -0.25 0.0084736 1.085772157 1.019 10.38132159 4855.120352 2.411 -0.991 -1.517 -1.599 -0.392 -1.091 -1.596
thin6 5 thin_disk 9.84509804 -0.25 0.0084736 1.085869431 1.02 10.37176444 4857.356733 2.412 -0.989 -1.514 -1.597 -0.391 -1.089 -1.594
thin6 5 thin_disk 9.84509804 -0.25 0.0084736 1.085897446 1.02 10.37176444 4857.356733 2.412 -0.989 -1.514 -1.596 -0.391 -1.089 -1.594
thin6 5 thin_disk 9.84509804 -0.25 0.0084736 1.086024642 1.02 10.36221609 4859.594143 2.413 -0.988 -1.512 -1.594 -0.39 -1.087 -1.591
thin6 5 thin_disk 9.84509804 -0.25 0.0084736 1.086155772 1.02 10.35267653 4861.832585 2.414 -0.987 -1.51 -1.593 -0.39 -1.086 -1.59
thin6 5 thin_disk 9.84509804 -0.25 0.0084736 1.086290598 1.02 10.34314576 4864.072057 2.415 -0.987 -1.51 -1.592 -0.391 -1.086 -1.589
thin6 5 thin_disk 9.84509804 -0.25 0.0084736 1.086414814 1.02 10.33838366 4865.19218 2.415 -0.988 -1.51 -1.592 -0.392 -1.087 -1.59
thin6 5 thin_disk 9.84509804 -0.25 0.0084736 1.086541653 1.02 10.34552763 4866.312561 2.414 -0.989 -1.512 -1.594 -0.393 -1.088 -1.591
thin6 5 thin_disk 9.84509804 -0.25 0.0084736 1.086667657 1.02 10.35744522 4866.312561 2.414 -0.992 -1.514 -1.596 -0.396 -1.091 -1.593
thin6 5 thin_disk 9.84509804 -0.25 0.0084736 1.086791038 1.021 10.36937653 4866.312561 2.412 -0.995 -1.518 -1.6 -0.399 -1.094 -1.597
thin6 5 thin_disk 9.84509804 -0.25 0.0084736 1.086800456 1.021 10.36937653 4866.312561 2.412 -0.995 -1.518 -1.6 -0.4 -1.095 -1.597
thin6 5 thin_disk 9.84509804 -0.25 0.0084736 1.086897016 1.021 10.3980678 4865.19218 2.41 -0.999 -1.522 -1.604 -0.403 -1.099 -1.601
thin6 5 thin_disk 9.84509804 -0.25 0.0084736 1.087015271 1.021 10.43164129 4862.952192 2.408 -1.005 -1.528 -1.61 -0.409 -1.104 -1.608
thin6 5 thin_disk 9.84509804 -0.25 0.0084736 1.087135553 1.021 10.47737878 4860.713235 2.404 -1.012 -1.536 -1.618 -0.415 -1.112 -1.615
thin6 5 thin_disk 9.84509804 -0.25 0.0084736 1.087260485 1.021 10.5233168 4858.475309 2.4 -1.021 -1.546 -1.628 -0.423 -1.121 -1.625
thin6 5 thin_disk 9.84509804 -0.25 0.0084736 1.087379098 1.021 10.57919555 4854.002548 2.395 -1.031 -1.557 -1.639 -0.432 -1.132 -1.637
thin6 5 thin_disk 9.84509804 -0.25 0.0084736 1.087501168 1.021 10.65988808 4849.533905 2.389 -1.044 -1.571 -1.653 -0.444 -1.145 -1.651
thin6 5 thin_disk 9.84509804 -0.25 0.0084736 1.087622881 1.022 10.74614373 4843.953885 2.382 -1.058 -1.586 -1.669 -0.457 -1.159 -1.667
thin6 5 thin_disk 9.84509804 -0.25 0.0084736 1.087741971 1.022 10.83309732 4838.380287 2.375 -1.074 -1.604 -1.687 -0.471 -1.176 -1.685
thin6 5 thin_disk 9.84509804 -0.25 0.0084736 1.087870836 1.022 10.97368892 4829.475864 2.363 -1.097 -1.629 -1.713 -0.492 -1.2 -1.71
thin6 5 thin_disk 9.84509804 -0.25 0.0084736 1.087993264 1.022 11.09309277 4822.808304 2.355 -1.115 -1.648 -1.733 -0.508 -1.218 -1.73
thin6 5 thin_disk 9.84509804 -0.25 0.0084736 1.088057637 1.022 10.97116243 4832.813101 2.364 -1.098 -1.629 -1.713 -0.494 -1.2 -1.71
thin6 5 thin_disk 9.84509804 -0.25 0.0084736 1.088177919 1.022 11.11098714 4821.697939 2.353 -1.119 -1.653 -1.737 -0.512 -1.222 -1.735
thin6 5 thin_disk 9.84509804 -0.25 0.0084736 1.088297367 1.022 11.40125462 4803.966829 2.331 -1.163 -1.701 -1.787 -0.551 -1.268 -1.784
thin6 5 thin_disk 9.84509804 -0.25 0.0084736 1.088418126 1.023 11.98540309 4769.798141 2.287 -1.252 -1.8 -1.888 -0.631 -1.36 -1.885
thin6 5 thin_disk 9.84509804 -0.25 0.0084736 1.088484883 1.023 12.72191955 4729.334149 2.236 -1.356 -1.915 -2.005 -0.723 -1.468 -2.002
thin6 5 thin_disk 9.84509804 -0.25 0.0084736 1.088521481 1.023 13.60043017 4685.975353 2.178 -1.473 -2.045 -2.137 -0.829 -1.59 -2.135
thin6 5 thin_disk 9.84509804 -0.25 0.0084736 1.088539123 1.023 14.49281154 4645.152752 2.123 -1.585 -2.169 -2.264 -0.929 -1.707 -2.261
thin6 5 thin_disk 9.84509804 -0.25 0.0084736 1.088547945 1.023 15.36924893 4607.867687 2.071 -1.69 -2.284 -2.382 -1.023 -1.815 -2.379
thin6 5 thin_disk 9.84509804 -0.25 0.0084736 1.088552833 1.023 16.29118385 4571.934502 2.021 -1.791 -2.396 -2.496 -1.114 -1.921 -2.493
thin6 5 thin_disk 9.84509804 -0.25 0.0084736 1.088555932 1.023 17.2049195 4539.416167 1.974 -1.888 -2.5 -2.604 -1.2 -2.02 -2.601
thin6 5 thin_disk 9.84509804 -0.25 0.0084736 1.088557959 1.023 18.06145132 4510.243611 1.931 -1.974 -2.592 -2.7 -1.277 -2.109 -2.697
thin6 5 thin_disk 9.84509804 -0.25 0.0084736 1.088559628 1.023 18.8996014 4483.322704 1.892 -2.054 -2.677 -2.788 -1.347 -2.19 -2.784
thin6 5 thin_disk 9.84509804 -0.25 0.0084736 1.088561535 1.023 19.76754085 4457.588764 1.854 -2.13 -2.758 -2.873 -1.415 -2.269 -2.869
thin6 5 thin_disk 9.84509804 -0.25 0.0084736 1.088564992 1.023 20.45279403 4438.129803 1.824 -2.19 -2.822 -2.939 -1.468 -2.33 -2.936
thin6 5 thin_disk 9.84509804 -0.25 0.0084736 1.08858037 1.023 19.69484852 4460.669021 1.856 -2.125 -2.753 -2.867 -1.411 -2.263 -2.863
thin6 5 thin_disk 9.84509804 -0.25 0.0084736 1.088660717 1.022 19.64050476 4461.696246 1.859 -2.12 -2.747 -2.861 -1.406 -2.258 -2.858
thin6 5 thin_disk 9.84509804 -0.25 0.0084736 1.088724494 1.021 20.96778935 4423.845998 1.801 -2.234 -2.869 -2.988 -1.507 -2.375 -2.985
thin6 5 thin_disk 9.84509804 -0.25 0.0084736 1.088773966 1.02 22.53993425 4381.26982 1.738 -2.361 -3.003 -3.129 -1.618 -2.504 -3.125
thin6 5 thin_disk 9.84509804 -0.25 0.0084736 1.088814378 1.019 24.35300987 4338.104405 1.67 -2.495 -3.145 -3.278 -1.736 -2.642 -3.275
thin6 5 thin_disk 9.84509804 -0.25 0.0084736 1.088848829 1.018 26.32404623 4294.375337 1.602 -2.629 -3.287 -3.428 -1.853 -2.779 -3.424
thin6 5 thin_disk 9.84509804 -0.25 0.0084736 1.088878393 1.017 28.18075634 4256.964221 1.542 -2.747 -3.413 -3.561 -1.957 -2.9 -3.556
thin6 5 thin_disk 9.84509804 -0.25 0.0084736 1.088904262 1.015 30.11983891 4220.850792 1.484 -2.861 -3.534 -3.689 -2.056 -3.017 -3.684
thin6 5 thin_disk 9.84509804 -0.25 0.0084736 1.088926911 1.014 32.10351937 4186.00748 1.428 -2.971 -3.656 -3.815 -2.153 -3.132 -3.81
thin6 5 thin_disk 9.84509804 -0.25 0.0084736 1.088946819 1.012 34.1470071 4153.364055 1.374 -3.079 -3.774 -3.938 -2.248 -3.244 -3.933
thin6 5 thin_disk 9.84509804 -0.25 0.0084736 1.088964939 1.01 36.36240879 4116.233473 1.318 -3.186 -3.893 -4.063 -2.341 -3.357 -4.058
thin6 5 thin_disk 9.84509804 -0.25 0.0084736 1.088981509 1.008 38.90923076 4071.927154 1.259 -3.294 -4.016 -4.192 -2.432 -3.472 -4.188
thin6 5 thin_disk 9.84509804 -0.25 0.0084736 1.088997006 1.006 41.529112 4030.881213 1.201 -3.4 -4.136 -4.319 -2.522 -3.585 -4.314
thin6 5 thin_disk 9.84509804 -0.25 0.0084736 1.089008093 1.004 43.75751445 3993.006342 1.154 -3.481 -4.231 -4.42 -2.588 -3.672 -4.415
thin6 5 thin_disk 9.84509804 -0.25 0.0084736 1.089021921 1.001 46.47855792 3960.043896 1.101 -3.584 -4.345 -4.539 -2.678 -3.781 -4.534
thin6 5 thin_disk 9.84509804 -0.25 0.0084736 1.089035273 0.997 49.40292294 3928.257967 1.046 -3.688 -4.459 -4.659 -2.767 -3.889 -4.654
thin6 5 thin_disk 9.84509804 -0.25 0.0084736 1.08904767 0.993 52.39051226 3896.727173 0.994 -3.788 -4.569 -4.775 -2.854 -3.994 -4.77
thin6 5 thin_disk 9.84509804 -0.25 0.0084736 1.08905983 0.988 55.58436452 3864.559516 0.94 -3.888 -4.679 -4.892 -2.94 -4.1 -4.886
thin6 5 thin_disk 9.84509804 -0.25 0.0084736 1.089071631 0.983 59.19058671 3830.010812 0.883 -3.994 -4.796 -5.015 -3.03 -4.211 -5.01
thin6 5 thin_disk 9.84509804 -0.25 0.0084736 1.089081645 0.977 63.26341691 3793.14985 0.823 -4.106 -4.92 -5.146 -3.124 -4.329 -5.14
thin6 5 thin_disk 9.84509804 -0.25 0.0084736 1.089088082 0.972 67.50759634 3757.508745 0.765 -4.215 -5.039 -5.272 -3.214 -4.443 -5.266
thin6 5 thin_disk 9.84509804 -0.25 0.0084736 1.089092851 0.968 71.49120954 3725.632385 0.712 -4.312 -5.147 -5.386 -3.295 -4.546 -5.38
thin6 5 thin_disk 9.84509804 -0.25 0.0084736 1.089097023 0.964 75.8320235 3693.17596 0.659 -4.411 -5.255 -5.5 -3.374 -4.649 -5.494
thin6 5 thin_disk 9.84509804 -0.25 0.0084736 1.089100838 0.959 80.41788462 3659.31672 0.606 -4.509 -5.362 -5.614 -3.452 -4.752 -5.608
thin6 5 thin_disk 9.84509804 -0.25 0.0084736 1.089104414 0.954 85.32035324 3624.933135 0.553 -4.606 -5.469 -5.728 -3.527 -4.854 -5.721
thin6 5 thin_disk 9.84509804 -0.25 0.0084736 1.089107752 0.949 90.3134941 3590.872624 0.501 -4.701 -5.573 -5.838 -3.596 -4.953 -5.831
thin6 5 thin_disk 9.84509804 -0.25 0.0084736 1.089111566 0.941 96.41678476 3552.221185 0.44 -4.809 -5.691 -5.965 -3.675 -5.067 -5.957
thin6 5 thin_disk 9.84509804 -0.25 0.0084736 1.089115739 0.93 102.9562332 3511.559245 0.378 -4.918 -5.807 -6.09 -3.744 -5.179 -6.082
thin6 5 thin_disk 9.84509804 -0.25 0.0084736 1.08912015 0.916 110.2687991 3468.166988 0.312 -5.028 -5.928 -6.221 -3.811 -5.295 -6.213
thin6 5 thin_disk 9.84509804 -0.25 0.0084736 1.089121103 0.913 105.9382135 3489.795674 0.345 -4.961 -5.856 -6.144 -3.766 -5.225 -6.136
thin6 5 thin_disk 9.84509804 -0.25 0.0084736 1.08912158 0.911 99.87404621 3524.520168 0.396 -4.862 -5.749 -6.029 -3.701 -5.122 -6.022
thin6 5 thin_disk 9.84509804 -0.25 0.0084736 1.089121699 0.911 100.7285645 3519.654225 0.389 -4.877 -5.765 -6.046 -3.711 -5.137 -6.038
thin6 5 thin_disk 9.84509804 -0.25 0.0084736 1.089121819 0.91 104.3884971 3499.45167 0.357 -4.937 -5.829 -6.115 -3.75 -5.199 -6.107
thin6 5 thin_disk 9.84509804 -0.25 0.0084736 1.089122057 0.91 108.1067085 3478.564015 0.327 -4.993 -5.891 -6.181 -3.787 -5.258 -6.173
thin6 5 thin_disk 9.84509804 -0.25 0.0084736 1.089122176 0.909 111.237865 3460.987255 0.301 -5.042 -5.943 -6.238 -3.816 -5.309 -6.229
thin6 5 thin_disk 9.84509804 -0.25 0.0084736 1.089122415 0.908 115.3327493 3440.329188 0.27 -5.102 -6.006 -6.306 -3.848 -5.37 -6.296
thin6 5 thin_disk 9.84509804 -0.25 0.0084736 1.089122653 0.908 119.1112123 3420.581953 0.242 -5.155 -6.063 -6.367 -3.876 -5.424 -6.357
thin6 5 thin_disk 9.84509804 -0.25 0.0084736 1.089122891 0.906 123.6097263 3398.599585 0.209 -5.217 -6.128 -6.438 -3.908 -5.488 -6.428
thin6 5 thin_disk 9.84509804 -0.25 0.0084736 1.089123249 0.904 129.5545424 3369.767986 0.167 -5.294 -6.21 -6.526 -3.938 -5.566 -6.516
thin6 5 thin_disk 9.84509804 -0.25 0.0084736 1.089123607 0.902 135.0680546 3344.259735 0.129 -5.364 -6.284 -6.606 -3.959 -5.637 -6.596
thin6 5 thin_disk 9.84509804 -0.25 0.0084736 1.089124084 0.898 141.857612 3314.36245 0.085 -5.445 -6.369 -6.699 -3.981 -5.719 -6.688
thin6 5 thin_disk 9.84509804 -0.25 0.0084736 1.089124918 0.892 150.7136698 3277.177768 0.029 -5.544 -6.472 -6.813 -3.984 -5.818 -6.801
thin6 5 thin_disk 9.84509804 -0.25 0.0084736 1.089125991 0.881 161.7903613 3232.957534 -0.037 -5.658 -6.59 -6.943 -3.979 -5.931 -6.93
thin6 5 thin_disk 9.84509804 -0.25 0.0084736 1.08912611 0.881 105.233168 3471.362759 0.335 -4.93 -5.83 -6.121 -3.715 -5.196 -6.112
thin6 5 thin_disk 9.84509804 -0.25 0.0084736 1.08912611 0.88 84.81109 3602.466907 0.523 -4.573 -5.442 -5.705 -3.715 -5.196 -6.112
thin6 5 thin_disk 9.84509804 -0.25 0.0084736 1.089126349 0.878 62.52484803 3795.77097 0.787 -4.082 -4.893 -5.12 -3.1 -4.304 -5.114
thin6 5 thin_disk 9.84509804 -0.25 0.0084736 1.089126587 0.875 64.7370112 3771.37745 0.755 -4.137 -4.956 -5.187 -3.143 -4.363 -5.182
thin6 5 thin_disk 9.84509804 -0.25 0.0084736 1.089127064 0.871 80.30685991 3632.452969 0.567 -4.48 -5.341 -5.599 -3.407 -4.727 -5.592
thin6 5 thin_disk 9.84509804 -0.25 0.0084736 1.089127421 0.867 106.2068785 3459.393778 0.321 -4.939 -5.842 -6.136 -3.711 -5.207 -6.127
thin6 5 thin_disk 9.84509804 -0.25 0.0084736 1.089128017 0.862 134.2000399 3320.473358 0.115 -5.328 -6.252 -6.58 -3.878 -5.602 -6.569
thin6 5 thin_disk 9.84509804 -0.25 0.0084736 1.089128614 0.856 155.938246 3232.957534 -0.019 -5.579 -6.511 -6.863 -3.9 -5.851 -6.85
thin6 5 thin_disk 9.84509804 -0.25 0.0084736 1.089129329 0.849 168.9478404 3185.664237 -0.091 -5.71 -6.646 -7.01 -3.894 -5.978 -6.994
thin6 5 thin_disk 9.84509804 -0.25 0.0084736 1.089130163 0.842 175.2478283 3162.27766 -0.127 -5.77 -6.708 -7.078 -3.882 -6.036 -7.061
thin6 5 thin_disk 9.84509804 -0.25 0.0084736 1.089130998 0.834 178.9174274 3147.748314 -0.149 -5.802 -6.741 -7.115 -3.87 -6.067 -7.097
thin6 5 thin_disk 9.84509804 -0.25 0.0084736 1.089130998 0.833 128.3372251 3333.496473 0.14 -5.241 -6.163 -6.487 -3.87 -6.067 -7.097
thin6 5 thin_disk 9.84509804 -0.25 0.0084736 1.089131236 0.831 94.26547165 3514.795001 0.406 -4.728 -5.618 -5.899 -3.558 -4.989 -5.891
thin6 5 thin_disk 9.84509804 -0.25 0.0084736 1.089131475 0.827 69.43087602 3705.100563 0.67 -4.229 -5.069 -5.313 -3.2 -4.465 -5.306
thin6 5 thin_disk 9.84509804 -0.25 0.0084736 1.089131713 0.823 71.9204912 3680.442186 0.637 -4.284 -5.131 -5.379 -3.24 -4.524 -5.373
thin6 5 thin_disk 9.84509804 -0.25 0.0084736 1.08913219 0.816 88.91041653 3544.867445 0.449 -4.627 -5.511 -5.786 -3.487 -4.885 -5.778
thin6 5 thin_disk 9.84509804 -0.25 0.0084736 1.089132786 0.809 117.4228575 3374.42671 0.204 -5.085 -6.001 -6.315 -3.737 -5.357 -6.305
thin6 5 thin_disk 9.84509804 -0.25 0.0084736 1.089133382 0.8 147.9969089 3237.427116 -0.002 -5.468 -6.401 -6.752 -3.803 -5.741 -6.738
thin6 5 thin_disk 9.84509804 -0.25 0.0084736 1.089134097 0.79 171.8116643 3149.923453 -0.138 -5.715 -6.655 -7.028 -3.79 -5.981 -7.01
thin6 5 thin_disk 9.84509804 -0.25 0.0084736 1.089134932 0.778 185.802967 3103.130215 -0.212 -5.842 -6.784 -7.17 -3.773 -6.102 -7.149
thin6 5 thin_disk 9.84509804 -0.25 0.0084736 1.089135885 0.766 192.4210787 3081.058895 -0.249 -5.898 -6.841 -7.233 -3.763 -6.154 -7.21
thin6 5 thin_disk 9.84509804 -0.25 0.0084736 1.089136958 0.752 195.9533285 3069.021988 -0.273 -5.925 -6.869 -7.264 -3.757 -6.179 -7.24
thin6 5 thin_disk 9.84509804 -0.25 0.0084736 1.089136958 0.751 141.6943864 3253.868518 0.008 -5.388 -6.319 -6.666 -3.757 -6.179 -7.24
thin6 5 thin_disk 9.84509804 -0.25 0.0084736 1.089137197 0.748 103.5029302 3444.292294 0.279 -4.871 -5.775 -6.074 -3.622 -5.139 -6.065
thin6 5 thin_disk 9.84509804 -0.25 0.0084736 1.089137435 0.742 75.50098974 3648.379443 0.55 -4.363 -5.218 -5.474 -3.299 -4.608 -5.467
thin6 5 thin_disk 9.84509804 -0.25 0.0084736 1.089137793 0.735 78.04635856 3629.944626 0.517 -4.417 -5.278 -5.537 -3.341 -4.664 -5.531
thin6 5 thin_disk 9.84509804 -0.25 0.0084736 1.089138269 0.725 96.26150444 3496.23004 0.328 -4.759 -5.651 -5.939 -3.568 -5.022 -5.931
thin6 5 thin_disk 9.84509804 -0.25 0.0084736 1.089138866 0.713 126.6930072 3328.12784 0.083 -5.209 -6.131 -6.46 -3.77 -5.483 -6.449
thin6 5 thin_disk 9.84509804 -0.25 0.0084736 1.089139581 0.699 158.9105186 3195.214365 -0.123 -5.585 -6.52 -6.886 -3.788 -5.855 -6.871
thin6 5 thin_disk 9.84509804 -0.25 0.0084736 1.089140415 0.684 183.2536548 3117.453613 -0.256 -5.82 -6.762 -7.151 -3.78 -6.082 -7.132
thin6 5 thin_disk 9.84509804 -0.25 0.0084736 1.089141369 0.666 195.8631094 3087.450476 -0.325 -5.932 -6.879 -7.28 -3.79 -6.192 -7.259
thin6 5 thin_disk 9.84509804 -0.25 0.0084736 1.089142442 0.647 199.7802926 3088.872627 -0.355 -5.971 -6.919 -7.327 -3.824 -6.232 -7.305
thin6 5 thin_disk 9.84509804 -0.25 0.0084736 1.089143634 0.627 199.5044765 3108.85166 -0.367 -5.98 -6.928 -7.336 -3.883 -6.245 -7.316
thin6 5 thin_disk 9.84509804 -0.25 0.0084736 1.089147091 0.538 3.335436253e-06 10000 1.803 30.028 30.05 30.059 29.997 30.042 30.058
