# component component_index family logAge MH Zini Mini Mass radius_rsun Teff_K logg Jmag_2mass Hmag_2mass Ksmag_2mass F087mag F146mag F213mag
thin1 0 thin_disk 7.698970004 0.25 0.025095 0.0955969095 0.095 0.3067980853 2420.471648 4.442 8.972 8.414 8.073 10.849 9.002 8.146
thin1 0 thin_disk 7.698970004 0.25 0.025095 0.0971357375 0.097 0.3084982074 2427.727848 4.443 8.945 8.387 8.047 10.822 8.975 8.119
thin1 0 thin_disk 7.698970004 0.25 0.025095 0.1055120975 0.105 0.319413042 2468.31169 4.448 8.798 8.24 7.9 10.676 8.828 7.972
thin1 0 thin_disk 7.698970004 0.25 0.025095 0.1094898283 0.109 0.3239310993 2486.566051 4.452 8.735 8.176 7.836 10.612 8.764 7.909
thin1 0 thin_disk 7.698970004 0.25 0.025095 0.1253425032 0.125 0.3428093391 2557.407886 4.462 8.491 7.933 7.593 10.369 8.521 7.665
thin1 0 thin_disk 7.698970004 0.25 0.025095 0.1416968107 0.141 0.3607054007 2621.199039 4.472 8.277 7.718 7.38 10.137 8.304 7.452
thin1 0 thin_disk 7.698970004 0.25 0.025095 0.145172894 0.145 0.3641268003 2634.510901 4.474 8.236 7.677 7.34 10.081 8.261 7.411
thin1 0 thin_disk 7.698970004 0.25 0.025095 0.1650032997 0.165 0.3832239517 2698.360681 4.485 8.041 7.481 7.153 9.783 8.053 7.22
thin1 0 thin_disk 7.698970004 0.25 0.025095 0.1877059489 0.187 0.4043455286 2761.849442 4.494 7.842 7.281 6.963 9.495 7.843 7.027
thin1 0 thin_disk 7.698970004 0.25 0.025095 0.2046640813 0.204 0.4191337614 2804.787737 4.5 7.71 7.147 6.836 9.304 7.703 6.897
thin1 0 thin_disk 7.698970004 0.25 0.025095 0.2302745283 0.23 0.4402026421 2860.882361 4.509 7.534 6.969 6.668 9.057 7.518 6.725
thin1 0 thin_disk 7.698970004 0.25 0.025095 0.2542400956 0.254 0.4592536798 2909.376992 4.516 7.385 6.816 6.523 8.851 7.36 6.578
thin1 0 thin_disk 7.698970004 0.25 0.025095 0.2823606431 0.282 0.4797916051 2960.056495 4.523 7.23 6.658 6.374 8.642 7.197 6.427
thin1 0 thin_disk 7.698970004 0.25 0.025095 0.3152060211 0.315 0.5026349054 3014.393884 4.531 7.067 6.489 6.215 8.424 7.025 6.265
thin1 0 thin_disk 7.698970004 0.25 0.025095 0.3364558518 0.336 0.5170739335 3046.491705 4.535 6.971 6.389 6.12 8.297 6.923 6.169
thin1 0 thin_disk 7.698970004 0.25 0.025095 0.3533920944 0.353 0.5279011947 3071.142726 4.538 6.899 6.314 6.049 8.202 6.847 6.097
thin1 0 thin_disk 7.698970004 0.25 0.025095 0.3566143215 0.356 0.5307043469 3075.388599 4.538 6.885 6.299 6.035 8.183 6.832 6.083
thin1 0 thin_disk 7.698970004 0.25 0.025095 0.4029681087 0.403 0.560857646 3139.785648 4.542 6.694 6.099 5.844 7.941 6.63 5.889
thin1 0 thin_disk 7.698970004 0.25 0.025095 0.4446270466 0.444 0.5890506572 3198.89511 4.543 6.527 5.921 5.675 7.731 6.453 5.718
thin1 0 thin_disk 7.698970004 0.25 0.025095 0.4525440931 0.452 0.5940905508 3209.223768 4.543 6.498 5.89 5.645 7.695 6.422 5.687
thin1 0 thin_disk 7.698970004 0.25 0.025095 0.493896842 0.494 0.6209443001 3271.899836 4.543 6.338 5.719 5.48 7.492 6.251 5.52
thin1 0 thin_disk 7.698970004 0.25 0.025095 0.502120018 0.502 0.6259687388 3283.220116 4.543 6.31 5.688 5.45 7.456 6.22 5.49
thin1 0 thin_disk 7.698970004 0.25 0.025095 0.5516960621 0.551 0.6529089845 3360.469825 4.547 6.144 5.509 5.277 7.241 6.04 5.313
thin1 0 thin_disk 7.698970004 0.25 0.025095 0.5599967241 0.56 0.657737563 3375.20379 4.547 6.114 5.477 5.246 7.202 6.008 5.281
thin1 0 thin_disk 7.698970004 0.25 0.025095 0.601271987 0.601 0.6866772273 3457.004939 4.541 5.942 5.292 5.067 6.984 5.824 5.1
thin1 0 thin_disk 7.698970004 0.25 0.025095 0.6287013292 0.629 0.7054279205 3528.580258 4.537 5.819 5.159 4.94 6.823 5.69 4.969
thin1 0 thin_disk 7.698970004 0.25 0.025095 0.6457768679 0.646 0.7185428047 3585.915075 4.532 5.727 5.059 4.845 6.702 5.591 4.872
thin1 0 thin_disk 7.698970004 0.25 0.025095 0.650848031 0.651 0.722025681 3604.126286 4.531 5.7 5.03 4.817 6.666 5.561 4.843
thin1 0 thin_disk 7.698970004 0.25 0.025095 0.6602239609 0.66 0.7280356479 3643.342501 4.531 5.65 4.974 4.765 6.596 5.506 4.79
thin1 0 thin_disk 7.698970004 0.25 0.025095 0.6826167107 0.683 0.7415708411 3754.049545 4.529 5.519 4.83 4.634 6.416 5.364 4.655
thin1 0 thin_disk 7.698970004 0.25 0.025095 0.7004240751 0.701 0.7518871192 3859.224116 4.529 5.401 4.704 4.523 6.259 5.239 4.54
thin1 0 thin_disk 7.698970004 0.25 0.025095 0.7041601539 0.704 0.7480879251 3909.309006 4.535 5.372 4.673 4.499 6.212 5.208 4.515
thin1 0 thin_disk 7.698970004 0.25 0.025095 0.7181522846 0.718 0.7349412858 4099.208419 4.559 5.254 4.569 4.419 6.038 5.093 4.431
thin1 0 thin_disk 7.698970004 0.25 0.025095 0.7291504741 0.729 0.7265284825 4248.151535 4.576 5.165 4.493 4.363 5.911 5.008 4.372
thin1 0 thin_disk 7.698970004 0.25 0.025095 0.7382416129 0.738 0.7215270956 4367.169015 4.588 5.094 4.44 4.324 5.809 4.944 4.332
thin1 0 thin_disk 7.698970004 0.25 0.025095 0.7462276816 0.746 0.7183773732 4465.807513 4.596 5.034 4.407 4.299 5.723 4.895 4.305
thin1 0 thin_disk 7.698970004 0.25 0.025095 0.75 0.75 0.716560138 4510.243611 4.599 5.007 4.393 4.288 5.683 4.873 4.294
thin1 0 thin_disk 7.698970004 0.25 0.025095 0.7621685266 0.762 0.7280356479 4581.418867 4.593 4.926 4.334 4.233 5.583 4.8 4.239
thin1 0 thin_disk 7.698970004 0.25 0.025095 0.7734338045 0.773 0.7373142794 4650.503762 4.588 4.851 4.281 4.183 5.489 4.734 4.189
thin1 0 thin_disk 7.698970004 0.25 0.025095 0.7851142883 0.785 0.7465392478 4713.027784 4.584 4.785 4.234 4.14 5.406 4.675 4.145
thin1 0 thin_disk 7.698970004 0.25 0.025095 0.8000000119 0.8 0.756750375 4792.918012 4.58 4.705 4.178 4.088 5.305 4.604 4.092
thin1 0 thin_disk 7.698970004 0.25 0.025095 0.8500000238 0.85 0.7811827503 5008.411453 4.579 4.507 4.039 3.958 5.055 4.427 3.962
thin1 0 thin_disk 7.698970004 0.25 0.025095 0.8714202046 0.871 0.7896827383 5100.35024 4.581 4.433 3.989 3.912 4.959 4.361 3.916
thin1 0 thin_disk 7.698970004 0.25 0.025095 0.8999999762 0.899 0.8006683195 5189.195108 4.582 4.354 3.931 3.857 4.86 4.289 3.861
thin1 0 thin_disk 7.698970004 0.25 0.025095 0.9141290784 0.914 0.8069611836 5228.775553 4.582 4.316 3.902 3.83 4.813 4.253 3.833
thin1 0 thin_disk 7.698970004 0.25 0.025095 0.9500000477 0.95 0.8297602861 5328.43902 4.575 4.204 3.813 3.744 4.68 4.149 3.747
thin1 0 thin_disk 7.698970004 0.25 0.025095 1 1 0.8686656429 5462.607542 4.558 4.04 3.676 3.613 4.488 3.993 3.616
thin1 0 thin_disk 7.698970004 0.25 0.025095 1.00344801 1.004 0.8708686259 5471.419325 4.556 4.029 3.667 3.604 4.475 3.982 3.607
thin1 0 thin_disk 7.698970004 0.25 0.025095 1.049999952 1.05 0.9188669793 5613.064077 4.53 3.851 3.515 3.459 4.27 3.812 3.461
thin1 0 thin_disk 7.698970004 0.25 0.025095 1.100000024 1.099 0.9728651466 5758.375745 4.5 3.665 3.355 3.304 4.059 3.634 3.307
thin1 0 thin_disk 7.698970004 0.25 0.025095 1.149999976 1.149 1.031935718 5888.436554 4.468 3.486 3.196 3.15 3.859 3.46 3.153
thin1 0 thin_disk 7.698970004 0.25 0.025095 1.200000048 1.2 1.092075452 6007.586048 4.438 3.319 3.049 3.007 3.673 3.298 3.01
thin1 0 thin_disk 7.698970004 0.25 0.025095 1.240579367 1.24 1.151735212 6129.146471 4.406 3.161 2.911 2.872 3.497 3.145 2.874
thin1 0 thin_disk 7.698970004 0.25 0.025095 1.25 1.25 1.165608336 6212.980635 4.399 3.105 2.867 2.831 3.428 3.092 2.833
thin1 0 thin_disk 7.698970004 0.25 0.025095 1.254598737 1.254 1.172337467 6227.303035 4.396 3.089 2.853 2.818 3.411 3.077 2.82
thin1 0 thin_disk 7.698970004 0.25 0.025095 1.299999952 1.3 1.226740334 6363.5579 4.371 2.945 2.728 2.696 3.247 2.937 2.698
thin1 0 thin_disk 7.698970004 0.25 0.025095 1.310993433 1.311 1.240088399 6398.821568 4.366 2.91 2.698 2.667 3.208 2.904 2.669
thin1 0 thin_disk 7.698970004 0.25 0.025095 1.350000024 1.35 1.29018695 6501.296903 4.344 2.792 2.594 2.565 3.077 2.789 2.567
thin1 0 thin_disk 7.698970004 0.25 0.025095 1.399999976 1.4 1.346643518 6640.488058 4.323 2.656 2.476 2.449 2.923 2.657 2.45
thin1 0 thin_disk 7.698970004 0.25 0.025095 1.450000048 1.45 1.399434721 6777.975583 4.304 2.528 2.365 2.34 2.778 2.532 2.341
thin1 0 thin_disk 7.698970004 0.25 0.025095 1.5 1.5 1.448947483 6923.090359 4.289 2.41 2.265 2.241 2.642 2.418 2.242
thin1 0 thin_disk 7.698970004 0.25 0.025095 1.549999952 1.55 1.491600928 7079.457844 4.279 2.304 2.178 2.155 2.518 2.315 2.156
thin1 0 thin_disk 7.698970004 0.25 0.025095 1.600000024 1.6 1.523184967 7256.045544 4.274 2.21 2.104 2.082 2.405 2.224 2.083
thin1 0 thin_disk 7.698970004 0.25 0.025095 1.649999976 1.649 1.545085955 7449.034745 4.274 2.128 2.042 2.02 2.302 2.145 2.021
thin1 0 thin_disk 7.698970004 0.25 0.025095 1.674999952 1.674 1.554363698 7547.445749 4.276 2.09 2.014 1.994 2.255 2.109 1.994
thin1 0 thin_disk 7.698970004 0.25 0.025095 1.700000048 1.699 1.563697151 7647.156884 4.277 2.054 1.987 1.967 2.208 2.073 1.968
thin1 0 thin_disk 7.698970004 0.25 0.025095 1.725000143 1.724 1.572000373 7746.401448 4.279 2.018 1.961 1.941 2.163 2.039 1.942
thin1 0 thin_disk 7.698970004 0.25 0.025095 1.75 1.749 1.580347686 7846.934004 4.28 1.984 1.936 1.916 2.12 2.006 1.917
thin1 0 thin_disk 7.698970004 0.25 0.025095 1.775000095 1.774 1.59020328 7945.111566 4.282 1.951 1.91 1.891 2.078 1.973 1.892
thin1 0 thin_disk 7.698970004 0.25 0.025095 1.799999952 1.799 1.599015394 8042.66538 4.282 1.917 1.884 1.865 2.036 1.94 1.866
thin1 0 thin_disk 7.698970004 0.25 0.025095 1.825000048 1.824 1.608246611 8135.795056 4.284 1.887 1.86 1.842 1.997 1.91 1.842
thin1 0 thin_disk 7.698970004 0.25 0.025095 1.850000143 1.849 1.616786391 8231.898369 4.285 1.855 1.835 1.817 1.958 1.879 1.818
thin1 0 thin_disk 7.698970004 0.25 0.025095 1.875 1.874 1.626494671 8321.469007 4.285 1.825 1.811 1.793 1.92 1.849 1.793
thin1 0 thin_disk 7.698970004 0.25 0.025095 1.900000095 1.899 1.637391927 8413.951416 4.286 1.795 1.786 1.769 1.883 1.819 1.769
thin1 0 thin_disk 7.698970004 0.25 0.025095 1.924999952 1.924 1.645328592 8505.502959 4.287 1.766 1.763 1.746 1.848 1.79 1.746
thin1 0 thin_disk 7.698970004 0.25 0.025095 1.949016094 1.949 1.655589429 8592.113395 4.287 1.738 1.739 1.722 1.813 1.762 1.723
thin1 0 thin_disk 7.698970004 0.25 0.025095 1.99704814 1.997 1.672063031 8763.952196 4.289 1.685 1.693 1.678 1.748 1.709 1.678
thin1 0 thin_disk 7.698970004 0.25 0.025095 2.045080185 2.045 1.69610465 8924.830978 4.287 1.629 1.643 1.629 1.681 1.652 1.63
thin1 0 thin_disk 7.698970004 0.25 0.025095 2.093112469 2.092 1.714559831 9088.662991 4.287 1.577 1.598 1.585 1.62 1.601 1.586
thin1 0 thin_disk 7.698970004 0.25 0.025095 2.141144752 2.14 1.735612003 9249.111181 4.287 1.528 1.553 1.542 1.561 1.551 1.542
thin1 0 thin_disk 7.698970004 0.25 0.025095 2.168660879 2.167 1.746033793 9338.991927 4.287 1.5 1.527 1.517 1.528 1.522 1.517
thin1 0 thin_disk 7.698970004 0.25 0.025095 2.189176798 2.188 1.755305222 9405.892264 4.286 1.479 1.508 1.498 1.504 1.502 1.499
thin1 0 thin_disk 7.698970004 0.25 0.025095 2.237208843 2.236 1.778494985 9556.524994 4.285 1.43 1.462 1.455 1.448 1.452 1.455
thin1 0 thin_disk 7.698970004 0.25 0.025095 2.285241127 2.284 1.801576237 9705.099672 4.283 1.382 1.418 1.412 1.393 1.405 1.412
thin1 0 thin_disk 7.698970004 0.25 0.025095 2.381305456 2.38 1.845239084 9995.39589 4.279 1.29 1.331 1.328 1.288 1.312 1.328
thin1 0 thin_disk 7.698970004 0.25 0.025095 2.573433876 2.572 1.939780749 10548.72571 4.27 1.112 1.161 1.165 1.089 1.134 1.165
thin1 0 thin_disk 7.698970004 0.25 0.025095 2.689857006 2.689 1.997802926 10871.76359 4.264 1.008 1.061 1.069 0.973 1.03 1.068
thin1 0 thin_disk 7.698970004 0.25 0.025095 2.765562296 2.765 2.036351031 11076.43492 4.26 0.941 0.997 1.007 0.899 0.963 1.006
thin1 0 thin_disk 7.698970004 0.25 0.025095 2.859068632 2.858 2.082824343 11324.00363 4.254 0.86 0.918 0.931 0.81 0.882 0.93
thin1 0 thin_disk 7.698970004 0.25 0.025095 2.957690716 2.957 2.136744746 11579.77178 4.247 0.776 0.837 0.851 0.719 0.798 0.85
thin1 0 thin_disk 7.698970004 0.25 0.025095 3.037702799 3.036 2.178976994 11781.48406 4.241 0.709 0.772 0.788 0.646 0.731 0.787
thin1 0 thin_disk 7.698970004 0.25 0.025095 3.149819612 3.148 2.239508138 12064.24088 4.233 0.617 0.682 0.701 0.547 0.639 0.7
thin1 0 thin_disk 7.698970004 0.25 0.025095 3.318814039 3.316 2.332666459 12470.96327 4.22 0.482 0.551 0.573 0.402 0.504 0.572
thin1 0 thin_disk 7.698970004 0.25 0.025095 3.341948271 3.339 2.343433559 12528.52662 4.219 0.464 0.533 0.556 0.383 0.486 0.554
thin1 0 thin_disk 7.698970004 0.25 0.025095 3.534076214 3.531 2.453311219 12977.76782 4.204 0.318 0.391 0.416 0.228 0.341 0.415
thin1 0 thin_disk 7.698970004 0.25 0.025095 3.546998501 3.544 2.460099342 13004.68988 4.203 0.309 0.382 0.407 0.217 0.331 0.405
thin1 0 thin_disk 7.698970004 0.25 0.025095 3.726204872 3.723 2.56656723 13409.11144 4.188 0.177 0.253 0.281 0.078 0.2 0.279
thin1 0 thin_disk 7.698970004 0.25 0.025095 3.766415358 3.763 2.58971901 13495.84246 4.184 0.148 0.225 0.253 0.047 0.171 0.251
thin1 0 thin_disk 7.698970004 0.25 0.025095 3.91833353 3.917 2.685051654 13822.92654 4.171 0.039 0.118 0.148 -0.068 0.062 0.146
thin1 0 thin_disk 7.698970004 0.25 0.025095 3.944625139 3.943 2.699930872 13880.33667 4.168 0.021 0.1 0.13 -0.087 0.044 0.129
thin1 0 thin_disk 7.698970004 0.25 0.025095 4.110462189 4.108 2.80771256 14220.01322 4.152 -0.097 -0.015 0.017 -0.211 -0.074 0.015
thin1 0 thin_disk 7.698970004 0.25 0.025095 4.136014462 4.134 2.825873032 14272.4983 4.149 -0.114 -0.033 0 -0.23 -0.091 -0.002
thin1 0 thin_disk 7.698970004 0.25 0.025095 4.302590847 4.299 2.940035977 14601.58497 4.132 -0.23 -0.146 -0.112 -0.351 -0.207 -0.114
thin1 0 thin_disk 7.698970004 0.25 0.025095 4.494719505 4.49 3.080722957 14962.35656 4.11 -0.362 -0.276 -0.24 -0.489 -0.339 -0.242
thin1 0 thin_disk 7.698970004 0.25 0.025095 4.513509274 4.509 3.094942928 14996.84836 4.108 -0.375 -0.289 -0.253 -0.502 -0.352 -0.255
thin1 0 thin_disk 7.698970004 0.25 0.025095 4.686847687 4.682 3.228885501 15303.82532 4.087 -0.494 -0.407 -0.369 -0.626 -0.471 -0.371
thin1 0 thin_disk 7.698970004 0.25 0.025095 4.770907402 4.767 3.300294114 15445.42987 4.077 -0.552 -0.464 -0.425 -0.686 -0.529 -0.427
thin1 0 thin_disk 7.698970004 0.25 0.025095 4.878976345 4.875 3.392756138 15624.27952 4.062 -0.628 -0.539 -0.499 -0.765 -0.605 -0.502
thin1 0 thin_disk 7.698970004 0.25 0.025095 5.004226685 5.001 3.509559784 15819.76399 4.044 -0.717 -0.626 -0.586 -0.857 -0.694 -0.588
thin1 0 thin_disk 7.698970004 0.25 0.025095 5.071104527 5.068 3.577277614 15914.75657 4.033 -0.766 -0.675 -0.634 -0.908 -0.743 -0.636
thin1 0 thin_disk 7.698970004 0.25 0.025095 5.171922207 5.169 3.685128573 16054.61887 4.016 -0.84 -0.748 -0.707 -0.984 -0.817 -0.709
thin1 0 thin_disk 7.698970004 0.25 0.025095 5.263233185 5.261 3.78488462 16173.35056 4 -0.909 -0.816 -0.774 -1.054 -0.886 -0.776
thin1 0 thin_disk 7.698970004 0.25 0.025095 5.361499786 5.359 3.8989947 16296.71235 3.982 -0.983 -0.89 -0.847 -1.13 -0.96 -0.849
thin1 0 thin_disk 7.698970004 0.25 0.025095 5.455361843 5.453 4.016545072 16402.12057 3.964 -1.055 -0.961 -0.918 -1.204 -1.032 -0.921
thin1 0 thin_disk 7.698970004 0.25 0.025095 5.581523895 5.579 4.190372634 16527.2273 3.938 -1.156 -1.062 -1.018 -1.307 -1.133 -1.02
thin1 0 thin_disk 7.698970004 0.25 0.025095 5.647490501 5.645 4.287978951 16584.40901 3.923 -1.211 -1.117 -1.072 -1.362 -1.188 -1.075
thin1 0 thin_disk 7.698970004 0.25 0.025095 5.75245285 5.75 4.463264708 16653.28828 3.896 -1.303 -1.208 -1.163 -1.455 -1.28 -1.166
thin1 0 thin_disk 7.698970004 0.25 0.025095 5.839618683 5.837 4.61798635 16695.52192 3.872 -1.382 -1.287 -1.242 -1.535 -1.359 -1.245
thin1 0 thin_disk 7.698970004 0.25 0.025095 5.864784241 5.862 4.665010707 16707.05876 3.866 -1.405 -1.31 -1.265 -1.558 -1.382 -1.268
thin1 0 thin_disk 7.698970004 0.25 0.025095 5.968412876 5.966 4.876998756 16730.15636 3.835 -1.503 -1.408 -1.363 -1.657 -1.48 -1.366
thin1 0 thin_disk 7.698970004 0.25 0.025095 6.031746864 6.029 5.0170987 16734.00907 3.814 -1.566 -1.471 -1.426 -1.72 -1.543 -1.429
thin1 0 thin_disk 7.698970004 0.25 0.025095 6.145425796 6.142 5.309488015 16703.21226 3.773 -1.687 -1.593 -1.547 -1.841 -1.664 -1.55
thin1 0 thin_disk 7.698970004 0.25 0.025095 6.223875999 6.22 5.553319299 16645.62092 3.74 -1.779 -1.685 -1.64 -1.933 -1.756 -1.643
thin1 0 thin_disk 7.698970004 0.25 0.025095 6.286189079 6.281 5.743182868 16595.86907 3.715 -1.851 -1.757 -1.712 -2.004 -1.828 -1.715
thin1 0 thin_disk 7.698970004 0.25 0.025095 6.383987904 6.377 6.10032039 16477.82932 3.67 -1.971 -1.878 -1.833 -2.123 -1.948 -1.836
thin1 0 thin_disk 7.698970004 0.25 0.025095 6.418278694 6.411 6.248167231 16413.45467 3.651 -2.018 -1.926 -1.881 -2.17 -1.996 -1.884
thin1 0 thin_disk 7.698970004 0.25 0.025095 6.484501839 6.477 6.554697366 16285.45887 3.614 -2.113 -2.021 -1.978 -2.263 -2.091 -1.98
thin1 0 thin_disk 7.698970004 0.25 0.025095 6.575954914 6.568 7.067285643 16039.83883 3.554 -2.259 -2.169 -2.126 -2.406 -2.237 -2.129
thin1 0 thin_disk 7.698970004 0.25 0.025095 6.612682343 6.604 7.302181861 15925.75389 3.528 -2.322 -2.232 -2.19 -2.467 -2.3 -2.192
thin1 0 thin_disk 7.698970004 0.25 0.025095 6.662832737 6.654 7.630493818 15768.8492 3.493 -2.405 -2.317 -2.275 -2.549 -2.383 -2.278
thin1 0 thin_disk 7.698970004 0.25 0.025095 6.730742931 6.721 8.185640078 15498.86873 3.437 -2.536 -2.45 -2.409 -2.677 -2.514 -2.412
thin1 0 thin_disk 7.698970004 0.25 0.025095 6.804194927 6.794 8.797365684 15272.14364 3.379 -2.675 -2.59 -2.55 -2.812 -2.653 -2.553
thin1 0 thin_disk 7.698970004 0.25 0.025095 6.818619728 6.808 8.899234377 15254.57105 3.37 -2.698 -2.613 -2.574 -2.835 -2.676 -2.576
thin1 0 thin_disk 7.698970004 0.25 0.025095 6.835587025 6.825 8.837972479 15431.21066 3.377 -2.697 -2.612 -2.571 -2.837 -2.676 -2.574
thin1 0 thin_disk 7.698970004 0.25 0.025095 6.857075214 6.846 8.636795664 15808.83985 3.398 -2.677 -2.589 -2.547 -2.822 -2.655 -2.549
thin1 0 thin_disk 7.698970004 0.25 0.025095 6.863624573 6.852 8.341663083 16225.57141 3.429 -2.635 -2.544 -2.5 -2.785 -2.613 -2.503
thin1 0 thin_disk 7.698970004 0.25 0.025095 6.86639595 6.855 8.080768122 16637.95709 3.457 -2.596 -2.503 -2.457 -2.752 -2.574 -2.46
thin1 0 thin_disk 7.698970004 0.25 0.025095 6.8677845 6.857 7.865976504 17029.42562 3.48 -2.567 -2.472 -2.425 -2.728 -2.545 -2.427
thin1 0 thin_disk 7.698970004 0.25 0.025095 6.86863327 6.857 7.699324869 17382.01018 3.498 -2.549 -2.451 -2.402 -2.713 -2.526 -2.405
thin1 0 thin_disk 7.698970004 0.25 0.025095 6.868855476 6.858 7.665714577 17470.28541 3.503 -2.544 -2.446 -2.397 -2.709 -2.521 -2.399
thin1 0 thin_disk 7.698970004 0.25 0.025095 6.869089127 6.858 7.667479877 17318.09031 3.502 -2.534 -2.437 -2.389 -2.698 -2.512 -2.391
thin1 0 thin_disk 7.698970004 0.25 0.025095 6.869405747 6.858 7.801042516 16904.40932 3.487 -2.541 -2.446 -2.4 -2.7 -2.519 -2.402
thin1 0 thin_disk 7.698970004 0.25 0.025095 6.869613171 6.858 8.025140505 16542.45645 3.463 -2.574 -2.482 -2.436 -2.729 -2.552 -2.439
thin1 0 thin_disk 7.698970004 0.25 0.025095 6.869859219 6.859 8.440198193 16084.21982 3.419 -2.649 -2.56 -2.516 -2.798 -2.627 -2.519
thin1 0 thin_disk 7.698970004 0.25 0.025095 6.870099545 6.859 8.975375867 15642.278 3.366 -2.748 -2.661 -2.619 -2.89 -2.726 -2.622
thin1 0 thin_disk 7.698970004 0.25 0.025095 6.870343208 6.859 9.588543544 15212.47929 3.308 -2.858 -2.774 -2.734 -2.995 -2.836 -2.736
thin1 0 thin_disk 7.698970004 0.25 0.025095 6.870589256 6.859 10.25540096 14794.49005 3.25 -2.968 -2.887 -2.849 -3.1 -2.947 -2.852
thin1 0 thin_disk 7.698970004 0.25 0.025095 6.870837212 6.86 10.94845014 14384.67321 3.193 -3.075 -2.996 -2.961 -3.2 -3.054 -2.963
thin1 0 thin_disk 7.698970004 0.25 0.025095 6.87108326 6.86 11.65608336 13989.42937 3.139 -3.175 -3.1 -3.066 -3.295 -3.155 -3.068
thin1 0 thin_disk 7.698970004 0.25 0.025095 6.87132597 6.86 12.38091223 13605.04555 3.086 -3.271 -3.199 -3.167 -3.384 -3.251 -3.169
thin1 0 thin_disk 7.698970004 0.25 0.025095 6.871564388 6.86 13.12661189 13228.17708 3.035 -3.363 -3.294 -3.264 -3.47 -3.343 -3.266
thin1 0 thin_disk 7.698970004 0.25 0.025095 6.871796608 6.861 13.91081724 12864.70998 2.985 -3.452 -3.386 -3.358 -3.552 -3.432 -3.36
thin1 0 thin_disk 7.698970004 0.25 0.025095 6.872022152 6.861 14.71474176 12508.34928 2.936 -3.537 -3.474 -3.448 -3.63 -3.517 -3.45
thin1 0 thin_disk 7.698970004 0.25 0.025095 6.872240543 6.861 15.54005834 12164.6607 2.888 -3.619 -3.56 -3.536 -3.705 -3.6 -3.537
thin1 0 thin_disk 7.698970004 0.25 0.025095 6.872451305 6.861 16.41922464 11827.69182 2.841 -3.699 -3.643 -3.621 -3.778 -3.68 -3.622
thin1 0 thin_disk 7.698970004 0.25 0.025095 6.872653484 6.861 17.32018972 11502.70548 2.794 -3.776 -3.724 -3.704 -3.848 -3.758 -3.705
thin1 0 thin_disk 7.698970004 0.25 0.025095 6.87284708 6.862 18.27059307 11186.6487 2.748 -3.85 -3.802 -3.784 -3.915 -3.833 -3.785
thin1 0 thin_disk 7.698970004 0.25 0.025095 6.87303257 6.862 19.25983867 10876.77138 2.703 -3.923 -3.879 -3.863 -3.979 -3.906 -3.864
thin1 0 thin_disk 7.698970004 0.25 0.025095 6.873209953 6.862 20.26994848 10577.91322 2.658 -3.994 -3.954 -3.94 -4.042 -3.978 -3.941
thin1 0 thin_disk 7.698970004 0.25 0.025095 6.873379231 6.862 21.34286144 10284.89826 2.613 -4.063 -4.027 -4.016 -4.102 -4.047 -4.017
thin1 0 thin_disk 7.698970004 0.25 0.025095 6.873540401 6.862 22.46221836 10002.30285 2.569 -4.13 -4.099 -4.091 -4.16 -4.116 -4.092
thin1 0 thin_disk 7.698970004 0.25 0.025095 6.873693943 6.862 23.62395708 9725.232662 2.525 -4.197 -4.171 -4.165 -4.216 -4.183 -4.166
thin1 0 thin_disk 7.698970004 0.25 0.025095 6.873840332 6.863 24.83434127 9458.015034 2.482 -4.262 -4.241 -4.239 -4.27 -4.249 -4.239
thin1 0 thin_disk 7.698970004 0.25 0.025095 6.873979569 6.863 26.06469485 9200.257866 2.439 -4.326 -4.311 -4.312 -4.323 -4.314 -4.313
thin1 0 thin_disk 7.698970004 0.25 0.025095 6.874112606 6.863 27.40013136 8947.464831 2.397 -4.39 -4.38 -4.385 -4.373 -4.377 -4.386
thin1 0 thin_disk 7.698970004 0.25 0.025095 6.874239445 6.863 28.77084682 8701.617722 2.354 -4.452 -4.449 -4.458 -4.421 -4.44 -4.458
thin1 0 thin_disk 7.698970004 0.25 0.025095 6.874360561 6.863 30.21013353 8462.525688 2.312 -4.513 -4.517 -4.531 -4.466 -4.501 -4.531
thin1 0 thin_disk 7.698970004 0.25 0.025095 6.874475479 6.863 31.68492218 8230.003123 2.27 -4.572 -4.586 -4.603 -4.507 -4.56 -4.602
thin1 0 thin_disk 7.698970004 0.25 0.025095 6.874585629 6.863 33.26998805 8003.869518 2.228 -4.631 -4.655 -4.675 -4.546 -4.619 -4.675
thin1 0 thin_disk 7.698970004 0.25 0.025095 6.874690056 6.863 34.8941517 7783.949326 2.186 -4.688 -4.724 -4.748 -4.582 -4.676 -4.747
thin1 0 thin_disk 7.698970004 0.25 0.025095 6.874789238 6.864 36.59760326 7570.071823 2.145 -4.743 -4.795 -4.821 -4.615 -4.732 -4.821
thin1 0 thin_disk 7.698970004 0.25 0.025095 6.874883652 6.864 38.38421338 7362.070975 2.104 -4.798 -4.866 -4.895 -4.647 -4.787 -4.894
thin1 0 thin_disk 7.698970004 0.25 0.025095 6.87497282 6.864 40.23950641 7161.434102 2.063 -4.852 -4.938 -4.97 -4.677 -4.842 -4.969
thin1 0 thin_disk 7.698970004 0.25 0.025095 6.875057697 6.864 42.1553447 6964.661284 2.022 -4.905 -5.01 -5.045 -4.705 -4.897 -5.044
thin1 0 thin_disk 7.698970004 0.25 0.025095 6.875139236 6.864 44.21327086 6773.29514 1.981 -4.957 -5.083 -5.12 -4.732 -4.951 -5.118
thin1 0 thin_disk 7.698970004 0.25 0.025095 6.875216007 6.864 46.31830358 6587.187113 1.94 -5.005 -5.154 -5.193 -4.753 -5.002 -5.192
thin1 0 thin_disk 7.698970004 0.25 0.025095 6.87528944 6.864 48.52355875 6406.192726 1.9 -5.053 -5.226 -5.268 -4.774 -5.053 -5.266
thin1 0 thin_disk 7.698970004 0.25 0.025095 6.875359058 6.864 50.83380807 6230.171474 1.86 -5.1 -5.298 -5.344 -4.793 -5.104 -5.342
thin1 0 thin_disk 7.698970004 0.25 0.025095 6.875424862 6.864 53.25405039 6058.986711 1.819 -5.146 -5.372 -5.423 -4.811 -5.156 -5.421
thin1 0 thin_disk 7.698970004 0.25 0.025095 6.875487804 6.864 55.78952257 5892.505547 1.779 -5.189 -5.444 -5.499 -4.825 -5.206 -5.497
thin1 0 thin_disk 7.698970004 0.25 0.025095 6.875547409 6.864 58.41880176 5731.918412 1.739 -5.228 -5.512 -5.572 -4.835 -5.252 -5.57
thin1 0 thin_disk 7.698970004 0.25 0.025095 6.875603676 6.864 61.10160873 5575.707722 1.699 -5.264 -5.578 -5.644 -4.839 -5.295 -5.641
thin1 0 thin_disk 7.698970004 0.25 0.025095 6.875657558 6.864 63.98123883 5423.754207 1.66 -5.294 -5.64 -5.711 -4.837 -5.333 -5.708
thin1 0 thin_disk 7.698970004 0.25 0.025095 6.875709057 6.864 66.82710458 5279.587598 1.622 -5.319 -5.697 -5.774 -4.827 -5.367 -5.772
thin1 0 thin_disk 7.698970004 0.25 0.025095 6.875758171 6.864 69.59093072 5143.98863 1.587 -5.339 -5.748 -5.832 -4.813 -5.396 -5.829
thin1 0 thin_disk 7.698970004 0.25 0.025095 6.875806332 6.865 72.30238857 5017.64579 1.553 -5.354 -5.792 -5.884 -4.793 -5.42 -5.881
thin1 0 thin_disk 7.698970004 0.25 0.025095 6.875855923 6.865 74.89496891 4898.916081 1.523 -5.362 -5.827 -5.929 -4.766 -5.436 -5.926
thin1 0 thin_disk 7.698970004 0.25 0.025095 6.875910759 6.865 77.18850772 4789.608325 1.497 -5.358 -5.842 -5.955 -4.729 -5.438 -5.952
thin1 0 thin_disk 7.698970004 0.25 0.025095 6.875976086 6.865 79.02284202 4690.293284 1.477 -5.339 -5.835 -5.964 -4.68 -5.423 -5.96
thin1 0 thin_disk 7.698970004 0.25 0.025095 6.876085758 6.865 80.10371258 4586.696458 1.465 -5.294 -5.803 -5.948 -4.601 -5.381 -5.943
thin1 0 thin_disk 7.698970004 0.25 0.025095 6.876198292 6.865 80.69611836 4501.943083 1.459 -5.246 -5.773 -5.93 -4.526 -5.34 -5.925
thin1 0 thin_disk 7.698970004 0.25 0.025095 6.876323223 6.865 81.87525108 4415.704474 1.446 -5.214 -5.766 -5.932 -4.465 -5.317 -5.927
thin1 0 thin_disk 7.698970004 0.25 0.025095 6.876365662 6.865 82.49975234 4386.316848 1.439 -5.21 -5.77 -5.94 -4.451 -5.317 -5.935
thin1 0 thin_disk 7.698970004 0.25 0.025095 6.876451969 6.865 85.93154987 4325.13831 1.404 -5.25 -5.829 -6.006 -4.47 -5.365 -6
thin1 0 thin_disk 7.698970004 0.25 0.025095 6.876561165 6.865 92.77963184 4242.286549 1.337 -5.354 -5.957 -6.146 -4.545 -5.479 -6.14
thin1 0 thin_disk 7.698970004 0.25 0.025095 6.876635075 6.865 100.0812325 4182.153799 1.271 -5.47 -6.091 -6.289 -4.64 -5.604 -6.282
thin1 0 thin_disk 7.698970004 0.25 0.025095 6.876691341 6.865 107.0662631 4135.233143 1.213 -5.578 -6.213 -6.417 -4.73 -5.717 -6.411
thin1 0 thin_disk 7.698970004 0.25 0.025095 6.876743317 6.865 113.9600536 4094.491746 1.158 -5.681 -6.328 -6.539 -4.817 -5.826 -6.533
thin1 0 thin_disk 7.698970004 0.25 0.025095 6.876793861 6.865 120.9351771 4057.887476 1.107 -5.779 -6.437 -6.654 -4.901 -5.929 -6.647
thin1 0 thin_disk 7.698970004 0.25 0.025095 6.876806259 6.865 122.5610985 4049.486915 1.095 -5.803 -6.463 -6.681 -4.921 -5.954 -6.675
thin1 0 thin_disk 7.698970004 0.25 0.025095 6.876863957 6.866 129.3756798 4016.983057 1.048 -5.894 -6.563 -6.787 -4.998 -6.049 -6.78
thin1 0 thin_disk 7.698970004 0.25 0.025095 6.876892567 6.866 132.7555373 4002.211172 1.026 -5.936 -6.609 -6.836 -5.034 -6.093 -6.829
thin1 0 thin_disk 7.698970004 0.25 0.025095 6.876941681 6.866 137.3892159 3981.988487 0.996 -5.994 -6.674 -6.904 -5.084 -6.154 -6.897
thin1 0 thin_disk 7.698970004 0.25 0.025095 6.877077103 6.866 146.2017748 3945.481397 0.942 -6.099 -6.788 -7.025 -5.173 -6.264 -7.018
thin1 0 thin_disk 7.698970004 0.25 0.025095 6.877402306 6.866 156.0819366 3907.509117 0.885 -6.211 -6.91 -7.154 -5.268 -6.381 -7.147
thin1 0 thin_disk 7.698970004 0.25 0.025095 6.877966404 6.867 167.7075617 3866.339621 0.823 -6.333 -7.044 -7.295 -5.37 -6.508 -7.288
thin1 0 thin_disk 7.698970004 0.25 0.025095 6.878568172 6.867 179.3711716 3830.010812 0.765 -6.448 -7.168 -7.427 -5.467 -6.628 -7.42
thin1 0 thin_disk 7.698970004 0.25 0.025095 6.879206657 6.868 191.8459542 3794.023355 0.706 -6.565 -7.295 -7.56 -5.566 -6.75 -7.553
thin1 0 thin_disk 7.698970004 0.25 0.025095 6.879852772 6.868 204.9994259 3760.105237 0.649 -6.68 -7.418 -7.69 -5.66 -6.869 -7.683
thin1 0 thin_disk 7.698970004 0.25 0.025095 6.880497932 6.869 216.4475353 3731.642237 0.602 -6.775 -7.52 -7.798 -5.738 -6.967 -7.79
thin1 0 thin_disk 7.698970004 0.25 0.025095 6.88202095 6.871 228.6402282 3702.542054 0.553 -6.871 -7.623 -7.907 -5.815 -7.067 -7.899
thin1 0 thin_disk 7.698970004 0.25 0.025095 6.882918358 6.872 232.622996 3694.026444 0.54 -6.9 -7.653 -7.939 -5.838 -7.096 -7.931
thin1 0 thin_disk 7.698970004 0.25 0.025095 6.887798786 6.876 226.0230051 3711.077295 0.564 -6.853 -7.602 -7.884 -5.803 -7.047 -7.877
thin1 0 thin_disk 7.698970004 0.25 0.025095 6.895761967 6.884 213.8221267 3743.69104 0.613 -6.759 -7.5 -7.776 -5.729 -6.949 -7.769
thin1 0 thin_disk 7.698970004 0.25 0.025095 6.900941849 6.889 202.8862639 3773.114634 0.659 -6.669 -7.403 -7.673 -5.657 -6.856 -7.666
thin1 0 thin_disk 7.698970004 0.25 0.025095 6.90521574 6.894 193.4428334 3800.143529 0.701 -6.588 -7.315 -7.58 -5.591 -6.771 -7.573
thin1 0 thin_disk 7.698970004 0.25 0.025095 6.909570217 6.898 183.6338099 3829.129021 0.746 -6.5 -7.219 -7.478 -5.518 -6.679 -7.471
thin1 0 thin_disk 7.698970004 0.25 0.025095 6.913758278 6.902 174.52299 3858.335599 0.79 -6.413 -7.125 -7.379 -5.446 -6.589 -7.372
thin1 0 thin_disk 7.698970004 0.25 0.025095 6.919611454 6.908 163.400223 3896.727173 0.848 -6.3 -7.002 -7.248 -5.352 -6.471 -7.241
thin1 0 thin_disk 7.698970004 0.25 0.025095 6.925561428 6.914 153.798693 3931.877693 0.901 -6.2 -6.891 -7.132 -5.267 -6.366 -7.125
thin1 0 thin_disk 7.698970004 0.25 0.025095 6.932610989 6.921 145.0282628 3968.25891 0.952 -6.102 -6.784 -7.017 -5.186 -6.263 -7.011
thin1 0 thin_disk 7.698970004 0.25 0.025095 6.942795277 6.931 136.2236915 4010.513661 1.007 -6.002 -6.671 -6.897 -5.103 -6.157 -6.891
thin1 0 thin_disk 7.698970004 0.25 0.025095 6.964911938 6.953 126.1109057 4080.374267 1.075 -5.892 -6.54 -6.755 -5.022 -6.038 -6.749
thin1 0 thin_disk 7.698970004 0.25 0.025095 6.973115444 6.961 124.1516926 4102.985668 1.09 -5.876 -6.516 -6.728 -5.013 -6.018 -6.722
thin1 0 thin_disk 7.698970004 0.25 0.025095 6.988788128 6.976 124.0088399 4164.856093 1.092 -5.926 -6.544 -6.748 -5.085 -6.058 -6.742
thin1 0 thin_disk 7.698970004 0.25 0.025095 6.994653702 6.982 124.3805992 4209.204248 1.09 -5.971 -6.574 -6.773 -5.146 -6.096 -6.766
thin1 0 thin_disk 7.698970004 0.25 0.025095 6.996868133 6.984 124.5812387 4247.173475 1.089 -6.004 -6.594 -6.789 -5.193 -6.124 -6.783
thin1 0 thin_disk 7.698970004 0.25 0.025095 6.9984231 6.986 123.8946762 4293.386635 1.093 -6.03 -6.606 -6.794 -5.235 -6.144 -6.788
thin1 0 thin_disk 7.698970004 0.25 0.025095 6.998973846 6.986 122.7022834 4329.123745 1.102 -6.036 -6.6 -6.785 -5.253 -6.145 -6.779
thin1 0 thin_disk 7.698970004 0.25 0.025095 6.999435902 6.987 120.7960254 4373.206652 1.116 -6.037 -6.587 -6.766 -5.269 -6.14 -6.761
thin1 0 thin_disk 7.698970004 0.25 0.025095 6.999796391 6.987 118.8372641 4416.721344 1.13 -6.034 -6.573 -6.746 -5.281 -6.132 -6.741
thin1 0 thin_disk 7.698970004 0.25 0.025095 7.000120163 6.987 116.8833485 4458.615279 1.144 -6.031 -6.557 -6.726 -5.292 -6.124 -6.72
thin1 0 thin_disk 7.698970004 0.25 0.025095 7.000444412 6.988 115.0939897 4500.906591 1.158 -6.026 -6.542 -6.705 -5.301 -6.116 -6.7
thin1 0 thin_disk 7.698970004 0.25 0.025095 7.000789165 6.988 113.1495015 4544.645372 1.173 -6.021 -6.526 -6.683 -5.311 -6.106 -6.678
thin1 0 thin_disk 7.698970004 0.25 0.025095 7.001168251 6.988 111.0331459 4593.037593 1.189 -6.016 -6.516 -6.664 -5.323 -6.099 -6.659
thin1 0 thin_disk 7.698970004 0.25 0.025095 7.001594544 6.989 108.9312895 4645.152752 1.206 -6.011 -6.505 -6.644 -5.334 -6.093 -6.64
thin1 0 thin_disk 7.698970004 0.25 0.025095 7.002085209 6.989 106.5988808 4701.105527 1.224 -6.005 -6.493 -6.623 -5.346 -6.085 -6.619
thin1 0 thin_disk 7.698970004 0.25 0.025095 7.002662182 6.99 104.4125362 4761.019936 1.242 -5.999 -6.481 -6.601 -5.36 -6.077 -6.597
thin1 0 thin_disk 7.698970004 0.25 0.025095 7.003349781 6.991 102.1298384 4825.029801 1.262 -5.993 -6.467 -6.578 -5.374 -6.069 -6.575
thin1 0 thin_disk 7.698970004 0.25 0.025095 7.004179001 6.991 99.87404621 4893.279241 1.282 -5.986 -6.447 -6.551 -5.388 -6.058 -6.548
thin1 0 thin_disk 7.698970004 0.25 0.025095 7.005178928 6.992 97.53323851 4965.923215 1.301 -5.978 -6.422 -6.52 -5.402 -6.045 -6.517
thin1 0 thin_disk 7.698970004 0.25 0.025095 7.006388187 6.994 95.40093801 5038.485348 1.32 -5.972 -6.4 -6.492 -5.417 -6.034 -6.489
thin1 0 thin_disk 7.698970004 0.25 0.025095 7.007823944 6.995 93.48730596 5113.285003 1.338 -5.968 -6.378 -6.465 -5.435 -6.025 -6.463
thin1 0 thin_disk 7.698970004 0.25 0.025095 7.010075569 6.997 90.10577883 5238.41619 1.37 -5.954 -6.335 -6.415 -5.454 -6.002 -6.412
thin1 0 thin_disk 7.698970004 0.25 0.025095 7.013599873 7.001 85.30070977 5415.01919 1.419 -5.92 -6.261 -6.334 -5.464 -5.958 -6.331
thin1 0 thin_disk 7.698970004 0.25 0.025095 7.016517639 7.004 81.79987591 5548.811864 1.455 -5.89 -6.202 -6.27 -5.463 -5.92 -6.268
thin1 0 thin_disk 7.698970004 0.25 0.025095 7.027455807 7.014 85.61554879 5405.053537 1.416 -5.924 -6.267 -6.341 -5.465 -5.962 -6.338
thin1 0 thin_disk 7.698970004 0.25 0.025095 7.037081718 7.024 89.71243505 5277.156818 1.376 -5.963 -6.335 -6.413 -5.473 -6.009 -6.411
thin1 0 thin_disk 7.698970004 0.25 0.025095 7.061933517 7.048 96.88413025 5078.085397 1.31 -6.027 -6.445 -6.535 -5.484 -6.087 -6.532
thin1 0 thin_disk 7.698970004 0.25 0.025095 7.076670647 7.063 100.7285645 4965.923215 1.278 -6.048 -6.491 -6.589 -5.472 -6.114 -6.586
thin1 0 thin_disk 7.698970004 0.25 0.025095 7.085300922 7.072 103.550606 4892.152651 1.254 -6.066 -6.527 -6.63 -5.467 -6.138 -6.628
thin1 0 thin_disk 7.698970004 0.25 0.025095 7.091403008 7.078 106.4026991 4826.140933 1.231 -6.084 -6.557 -6.668 -5.465 -6.16 -6.665
thin1 0 thin_disk 7.698970004 0.25 0.025095 7.096245289 7.082 109.2830091 4762.116327 1.208 -6.1 -6.581 -6.701 -5.461 -6.178 -6.698
thin1 0 thin_disk 7.698970004 0.25 0.025095 7.099996567 7.086 112.2412888 4698.941086 1.186 -6.114 -6.601 -6.732 -5.455 -6.194 -6.728
thin1 0 thin_disk 7.698970004 0.25 0.025095 7.102787971 7.089 114.8028434 4646.222461 1.166 -6.127 -6.619 -6.759 -5.45 -6.208 -6.755
thin1 0 thin_disk 7.698970004 0.25 0.025095 7.105470657 7.091 116.8026362 4603.625638 1.151 -6.135 -6.631 -6.779 -5.444 -6.217 -6.774
thin1 0 thin_disk 7.698970004 0.25 0.025095 7.107686043 7.094 119.6610047 4545.691936 1.13 -6.145 -6.648 -6.806 -5.435 -6.229 -6.801
thin1 0 thin_disk 7.698970004 0.25 0.025095 7.108972073 7.095 119.2758842 4568.777412 1.134 -6.154 -6.654 -6.808 -5.452 -6.237 -6.803
thin1 0 thin_disk 7.698970004 0.25 0.025095 7.109244824 7.095 118.2367939 4588.809196 1.141 -6.15 -6.648 -6.798 -5.455 -6.233 -6.793
thin1 0 thin_disk 7.698970004 0.25 0.025095 7.109438419 7.095 117.4769452 4603.625638 1.146 -6.147 -6.644 -6.792 -5.456 -6.23 -6.787
thin1 0 thin_disk 7.698970004 0.25 0.025095 7.109605312 7.096 116.8833485 4615.300681 1.151 -6.145 -6.64 -6.786 -5.458 -6.227 -6.781
thin1 0 thin_disk 7.698970004 0.25 0.025095 7.109784603 7.096 116.1856909 4629.136638 1.156 -6.142 -6.636 -6.779 -5.46 -6.224 -6.775
thin1 0 thin_disk 7.698970004 0.25 0.025095 7.110016346 7.096 115.3327493 4646.222461 1.162 -6.139 -6.631 -6.771 -5.462 -6.22 -6.767
thin1 0 thin_disk 7.698970004 0.25 0.025095 7.111187458 7.097 111.237865 4733.692033 1.194 -6.12 -6.604 -6.729 -5.472 -6.199 -6.725
thin1 0 thin_disk 7.698970004 0.25 0.025095 7.11274147 7.099 111.2122545 4736.963082 1.195 -6.12 -6.603 -6.728 -5.473 -6.199 -6.724
thin1 0 thin_disk 7.698970004 0.25 0.025095 7.115645886 7.102 114.5124337 4665.519404 1.169 -6.136 -6.627 -6.763 -5.466 -6.217 -6.759
thin1 0 thin_disk 7.698970004 0.25 0.025095 7.118089676 7.104 117.0718941 4614.238091 1.15 -6.147 -6.642 -6.788 -5.46 -6.229 -6.783
thin1 0 thin_disk 7.698970004 0.25 0.025095 7.120814323 7.107 120.1579872 4551.976381 1.128 -6.159 -6.66 -6.817 -5.45 -6.242 -6.812
thin1 0 thin_disk 7.698970004 0.25 0.025095 7.123066425 7.109 123.2118972 4492.623247 1.106 -6.171 -6.686 -6.851 -5.442 -6.26 -6.846
thin1 0 thin_disk 7.698970004 0.25 0.025095 7.124886036 7.111 125.9948068 4440.174108 1.087 -6.18 -6.71 -6.882 -5.434 -6.275 -6.876
thin1 0 thin_disk 7.698970004 0.25 0.025095 7.126355648 7.112 128.3963402 4393.392456 1.07 -6.188 -6.731 -6.909 -5.426 -6.288 -6.903
thin1 0 thin_disk 7.698970004 0.25 0.025095 7.127753735 7.114 131.0547133 4346.102854 1.053 -6.195 -6.752 -6.935 -5.417 -6.301 -6.929
thin1 0 thin_disk 7.698970004 0.25 0.025095 7.129119873 7.115 133.6757547 4298.332425 1.035 -6.201 -6.772 -6.961 -5.406 -6.312 -6.955
thin1 0 thin_disk 7.698970004 0.25 0.025095 7.13045311 7.116 136.2864392 4252.06603 1.019 -6.205 -6.79 -6.986 -5.394 -6.322 -6.98
thin1 0 thin_disk 7.698970004 0.25 0.025095 7.131790161 7.117 138.4371484 4209.204248 1.005 -6.205 -6.804 -7.005 -5.379 -6.329 -6.999
thin1 0 thin_disk 7.698970004 0.25 0.025095 7.134336948 7.12 140.5570536 4158.148546 0.992 -6.195 -6.811 -7.019 -5.351 -6.326 -7.013
thin1 0 thin_disk 7.698970004 0.25 0.025095 7.136917114 7.123 141.5965412 4114.338314 0.986 -6.175 -6.806 -7.019 -5.315 -6.313 -7.013
thin1 0 thin_disk 7.698970004 0.25 0.025095 7.141320705 7.127 143.5994065 4064.433292 0.974 -6.164 -6.811 -7.032 -5.285 -6.309 -7.025
thin1 0 thin_disk 7.698970004 0.25 0.025095 7.160012245 7.145 153.586359 3984.740097 0.916 -6.242 -6.916 -7.149 -5.332 -6.4 -7.142
thin1 0 thin_disk 7.698970004 0.25 0.025095 7.165820599 7.151 166.553071 3924.641574 0.846 -6.369 -7.06 -7.303 -5.432 -6.535 -7.296
thin1 0 thin_disk 7.698970004 0.25 0.025095 7.166862011 7.152 177.8085518 3882.397512 0.79 -6.473 -7.176 -7.427 -5.518 -6.645 -7.42
thin1 0 thin_disk 7.698970004 0.25 0.025095 7.16686964 7.152 177.8085518 3882.397512 0.79 -6.474 -7.177 -7.428 -5.518 -6.646 -7.421
thin1 0 thin_disk 7.698970004 0.25 0.025095 7.168010712 7.153 195.5476697 3825.603887 0.707 -6.634 -7.352 -7.614 -5.65 -6.813 -7.606
thin1 0 thin_disk 7.698970004 0.25 0.025095 7.170732975 7.156 211.7642502 3779.20108 0.639 -6.767 -7.498 -7.768 -5.758 -6.952 -7.76
thin1 0 thin_disk 7.698970004 0.25 0.025095 7.172258854 7.157 214.8090848 3769.641066 0.626 -6.792 -7.525 -7.797 -5.777 -6.979 -7.789
thin1 0 thin_disk 7.698970004 0.25 0.025095 7.17348814 7.159 217.9478779 3761.837228 0.613 -6.817 -7.552 -7.825 -5.798 -7.004 -7.818
thin1 0 thin_disk 7.698970004 0.25 0.025095 7.174966812 7.16 223.8992531 3748.003606 0.59 -6.863 -7.602 -7.878 -5.836 -7.052 -7.87
thin1 0 thin_disk 7.698970004 0.25 0.025095 7.176765919 7.162 240.4100644 3707.66084 0.529 -6.984 -7.733 -8.017 -5.931 -7.178 -8.009
thin1 0 thin_disk 7.698970004 0.25 0.025095 7.178882599 7.164 253.3685143 3678.74767 0.482 -7.076 -7.831 -8.121 -6.001 -7.273 -8.113
thin1 0 thin_disk 7.698970004 0.25 0.025095 7.181272984 7.166 269.1861089 3645.860102 0.431 -7.179 -7.942 -8.238 -6.08 -7.38 -8.23
thin1 0 thin_disk 7.698970004 0.25 0.025095 7.183908939 7.169 285.2020513 3614.098626 0.38 -7.281 -8.05 -8.353 -6.154 -7.485 -8.345
thin1 0 thin_disk 7.698970004 0.25 0.025095 7.186758041 7.172 300.0907748 3586.740858 0.336 -7.369 -8.144 -8.452 -6.215 -7.576 -8.444
thin1 0 thin_disk 7.698970004 0.25 0.025095 7.189639092 7.175 315.7567511 3559.59018 0.292 -7.457 -8.238 -8.552 -6.276 -7.667 -8.544
thin1 0 thin_disk 7.698970004 0.25 0.025095 7.192137718 7.177 329.5737737 3536.714476 0.255 -7.533 -8.317 -8.637 -6.325 -7.744 -8.628
thin1 0 thin_disk 7.698970004 0.25 0.025095 7.194247246 7.179 341.470071 3518.843888 0.224 -7.595 -8.383 -8.707 -6.362 -7.808 -8.698
thin1 0 thin_disk 7.698970004 0.25 0.025095 7.195891857 7.182 351.1176368 3504.289683 0.2 -7.644 -8.435 -8.762 -6.391 -7.858 -8.753
thin1 0 thin_disk 7.698970004 0.25 0.025095 7.197542667 7.183 360.8715499 3490.599322 0.177 -7.69 -8.483 -8.814 -6.419 -7.905 -8.805
thin1 0 thin_disk 7.698970004 0.25 0.025095 7.206834793 7.193 427.2210517 3411.929116 0.031 -7.992 -8.798 -9.148 -6.587 -8.211 -9.139
