# component component_index family logAge MH Zini Mini Mass radius_rsun Teff_K logg Jmag_2mass Hmag_2mass Ksmag_2mass F087mag F146mag F213mag
thin1 0 thin_disk 7.698970004 -0.25 0.0084736 0.0900000036 0.09 0.2590911895 2695.255867 4.563 8.904 8.362 8.059 10.493 8.925 8.128
thin1 0 thin_disk 7.698970004 -0.25 0.0084736 0.0964116454 0.096 0.2666567888 2729.606226 4.568 8.797 8.253 7.953 10.341 8.811 8.02
thin1 0 thin_disk 7.698970004 -0.25 0.0084736 0.1000000015 0.1 0.2705531812 2749.159897 4.57 8.74 8.194 7.897 10.26 8.75 7.962
thin1 0 thin_disk 7.698970004 -0.25 0.0084736 0.1028802693 0.103 0.2737490652 2763.121614 4.573 8.699 8.152 7.856 10.201 8.706 7.921
thin1 0 thin_disk 7.698970004 -0.25 0.0084736 0.1161564142 0.116 0.2879735796 2824.229597 4.581 8.514 7.964 7.673 9.943 8.51 7.735
thin1 0 thin_disk 7.698970004 -0.25 0.0084736 0.1200000048 0.12 0.2920469297 2841.842468 4.584 8.465 7.913 7.624 9.874 8.457 7.685
thin1 0 thin_disk 7.698970004 -0.25 0.0084736 0.1290679872 0.129 0.3010597141 2877.398415 4.588 8.356 7.803 7.518 9.726 8.342 7.576
thin1 0 thin_disk 7.698970004 -0.25 0.0084736 0.1400000006 0.14 0.3119267676 2919.442997 4.593 8.232 7.676 7.396 9.56 8.211 7.452
thin1 0 thin_disk 7.698970004 -0.25 0.0084736 0.1478218883 0.148 0.3191189871 2945.09969 4.596 8.152 7.594 7.317 9.454 8.126 7.372
thin1 0 thin_disk 7.698970004 -0.25 0.0084736 0.1599999964 0.16 0.3310950172 2982.634246 4.6 8.031 7.471 7.198 9.299 7.999 7.252
thin1 0 thin_disk 7.698970004 -0.25 0.0084736 0.200000003 0.2 0.3658917732 3086.028979 4.609 7.703 7.137 6.876 8.881 7.656 6.924
thin1 0 thin_disk 7.698970004 -0.25 0.0084736 0.25 0.25 0.4053709706 3183.464418 4.617 7.378 6.803 6.554 8.489 7.317 6.599
thin1 0 thin_disk 7.698970004 -0.25 0.0084736 0.287892431 0.288 0.4327655132 3248.628126 4.622 7.171 6.589 6.347 8.242 7.101 6.389
thin1 0 thin_disk 7.698970004 -0.25 0.0084736 0.3000000119 0.3 0.4411158316 3268.13509 4.623 7.11 6.527 6.286 8.17 7.038 6.327
thin1 0 thin_disk 7.698970004 -0.25 0.0084736 0.3277926147 0.328 0.4603123689 3309.786651 4.625 6.977 6.39 6.153 8.014 6.899 6.192
thin1 0 thin_disk 7.698970004 -0.25 0.0084736 0.365842998 0.366 0.4856827119 3364.340936 4.626 6.809 6.215 5.982 7.817 6.724 6.02
thin1 0 thin_disk 7.698970004 -0.25 0.0084736 0.3763760626 0.376 0.4926660603 3379.091874 4.625 6.763 6.167 5.936 7.764 6.675 5.973
thin1 0 thin_disk 7.698970004 -0.25 0.0084736 0.3907977939 0.391 0.5024034868 3398.599585 4.624 6.701 6.104 5.874 7.693 6.612 5.91
thin1 0 thin_disk 7.698970004 -0.25 0.0084736 0.4000000358 0.4 0.508806493 3410.358227 4.624 6.663 6.064 5.835 7.65 6.572 5.871
thin1 0 thin_disk 7.698970004 -0.25 0.0084736 0.4500000179 0.45 0.5453215304 3483.37315 4.615 6.446 5.838 5.614 7.398 6.345 5.647
thin1 0 thin_disk 7.698970004 -0.25 0.0084736 0.4549554288 0.455 0.5493544475 3494.620337 4.613 6.42 5.812 5.588 7.368 6.318 5.62
thin1 0 thin_disk 7.698970004 -0.25 0.0084736 0.5 0.5 0.5848609762 3575.197187 4.601 6.214 5.597 5.378 7.129 6.102 5.407
thin1 0 thin_disk 7.698970004 -0.25 0.0084736 0.5207331777 0.521 0.5987598141 3624.098559 4.597 6.12 5.498 5.282 7.015 6.002 5.309
thin1 0 thin_disk 7.698970004 -0.25 0.0084736 0.5487949252 0.548 0.6208013388 3703.394694 4.588 5.974 5.345 5.133 6.84 5.848 5.157
thin1 0 thin_disk 7.698970004 -0.25 0.0084736 0.5500000119 0.55 0.6222324337 3707.66084 4.587 5.967 5.337 5.126 6.832 5.841 5.15
thin1 0 thin_disk 7.698970004 -0.25 0.0084736 0.559627533 0.559 0.6305980811 3742.829122 4.583 5.909 5.275 5.067 6.761 5.779 5.09
thin1 0 thin_disk 7.698970004 -0.25 0.0084736 0.5885637999 0.588 0.6553188264 3869.011317 4.572 5.721 5.073 4.881 6.536 5.58 4.899
thin1 0 thin_disk 7.698970004 -0.25 0.0084736 0.6000000238 0.6 0.6650474688 3930.067413 4.568 5.638 4.983 4.8 6.438 5.492 4.816
thin1 0 thin_disk 7.698970004 -0.25 0.0084736 0.6079144478 0.608 0.6712010772 3980.155135 4.566 5.578 4.918 4.743 6.366 5.429 4.758
thin1 0 thin_disk 7.698970004 -0.25 0.0084736 0.6251655817 0.625 0.6822642965 4107.712126 4.563 5.436 4.766 4.613 6.197 5.281 4.625
thin1 0 thin_disk 7.698970004 -0.25 0.0084736 0.6411724091 0.641 0.6912778555 4246.195639 4.563 5.297 4.631 4.498 6.031 5.142 4.508
thin1 0 thin_disk 7.698970004 -0.25 0.0084736 0.6499999762 0.65 0.6955889029 4329.123745 4.564 5.222 4.564 4.443 5.939 5.07 4.451
thin1 0 thin_disk 7.698970004 -0.25 0.0084736 0.6500549912 0.65 0.6952686461 4330.120677 4.564 5.222 4.564 4.443 5.938 5.069 4.451
thin1 0 thin_disk 7.698970004 -0.25 0.0084736 0.665715158 0.666 0.6987995954 4486.420744 4.57 5.099 4.47 4.365 5.779 4.958 4.372
thin1 0 thin_disk 7.698970004 -0.25 0.0084736 0.682867825 0.683 0.7013788164 4656.93311 4.577 4.976 4.394 4.302 5.611 4.853 4.307
thin1 0 thin_disk 7.698970004 -0.25 0.0084736 0.7000001073 0.7 0.7041296704 4819.477976 4.585 4.867 4.333 4.249 5.459 4.762 4.254
thin1 0 thin_disk 7.698970004 -0.25 0.0084736 0.705306828 0.705 0.7020251078 4885.398559 4.591 4.832 4.317 4.236 5.409 4.734 4.24
thin1 0 thin_disk 7.698970004 -0.25 0.0084736 0.7096546888 0.71 0.7012173366 4936.282431 4.595 4.806 4.305 4.226 5.37 4.713 4.23
thin1 0 thin_disk 7.698970004 -0.25 0.0084736 0.7196563482 0.72 0.6971924009 5010.718443 4.606 4.776 4.295 4.219 5.322 4.69 4.223
thin1 0 thin_disk 7.698970004 -0.25 0.0084736 0.7460936308 0.746 0.6836796369 5151.100225 4.639 4.742 4.296 4.225 5.256 4.667 4.229
thin1 0 thin_disk 7.698970004 -0.25 0.0084736 0.75 0.75 0.6890530269 5154.659708 4.634 4.722 4.277 4.206 5.236 4.648 4.21
thin1 0 thin_disk 7.698970004 -0.25 0.0084736 0.7983130813 0.798 0.7044540087 5325.985748 4.642 4.588 4.182 4.117 5.064 4.526 4.12
thin1 0 thin_disk 7.698970004 -0.25 0.0084736 0.8315881491 0.831 0.7285387308 5452.554309 4.63 4.452 4.073 4.013 4.903 4.399 4.016
thin1 0 thin_disk 7.698970004 -0.25 0.0084736 0.8466261625 0.846 0.7391841482 5510.614111 4.625 4.394 4.027 3.968 4.834 4.345 3.971
thin1 0 thin_disk 7.698970004 -0.25 0.0084736 0.878826201 0.878 0.7609439086 5622.118562 4.616 4.282 3.935 3.881 4.703 4.239 3.884
thin1 0 thin_disk 7.698970004 -0.25 0.0084736 0.8949391842 0.894 0.7759837824 5687.219627 4.607 4.214 3.879 3.827 4.623 4.174 3.83
thin1 0 thin_disk 7.698970004 -0.25 0.0084736 0.9432522058 0.943 0.8229105778 5866.782664 4.579 4.015 3.709 3.664 4.395 3.983 3.666
thin1 0 thin_disk 7.698970004 -0.25 0.0084736 0.9915652275 0.991 0.87428423 6032.537079 4.548 3.823 3.543 3.504 4.178 3.798 3.506
thin1 0 thin_disk 7.698970004 -0.25 0.0084736 1.039878368 1.039 0.9303634593 6187.283276 4.514 3.635 3.377 3.343 3.968 3.616 3.344
thin1 0 thin_disk 7.698970004 -0.25 0.0084736 1.061544538 1.061 0.9575305628 6251.726928 4.499 3.551 3.302 3.269 3.876 3.535 3.271
thin1 0 thin_disk 7.698970004 -0.25 0.0084736 1.088191509 1.087 0.9898118408 6328.488569 4.481 3.454 3.215 3.185 3.77 3.441 3.187
thin1 0 thin_disk 7.698970004 -0.25 0.0084736 1.120768189 1.12 1.031698134 6438.726829 4.457 3.326 3.101 3.073 3.628 3.316 3.075
thin1 0 thin_disk 7.698970004 -0.25 0.0084736 1.122475386 1.122 1.034552763 6444.659847 4.455 3.319 3.095 3.067 3.62 3.309 3.069
thin1 0 thin_disk 7.698970004 -0.25 0.0084736 1.136504412 1.136 1.05233168 6486.344335 4.447 3.27 3.051 3.024 3.566 3.261 3.026
thin1 0 thin_disk 7.698970004 -0.25 0.0084736 1.184817553 1.184 1.111610511 6631.320219 4.417 3.104 2.904 2.88 3.382 3.099 2.881
thin1 0 thin_disk 7.698970004 -0.25 0.0084736 1.233130455 1.233 1.166413788 6782.65926 4.392 2.951 2.772 2.748 3.211 2.951 2.75
thin1 0 thin_disk 7.698970004 -0.25 0.0084736 1.281443477 1.281 1.218015023 6942.246017 4.372 2.81 2.651 2.629 3.051 2.814 2.63
thin1 0 thin_disk 7.698970004 -0.25 0.0084736 1.329756737 1.33 1.26081871 7120.328 4.358 2.684 2.547 2.526 2.905 2.693 2.527
thin1 0 thin_disk 7.698970004 -0.25 0.0084736 1.378069639 1.378 1.28751603 7331.62089 4.355 2.579 2.467 2.447 2.777 2.592 2.448
thin1 0 thin_disk 7.698970004 -0.25 0.0084736 1.42638278 1.426 1.300327193 7573.558773 4.361 2.494 2.408 2.39 2.667 2.512 2.39
thin1 0 thin_disk 7.698970004 -0.25 0.0084736 1.474695921 1.475 1.307532959 7827.084096 4.371 2.422 2.361 2.343 2.569 2.442 2.344
thin1 0 thin_disk 7.698970004 -0.25 0.0084736 1.523008823 1.523 1.315990169 8085.371885 4.38 2.351 2.312 2.295 2.474 2.373 2.295
thin1 0 thin_disk 7.698970004 -0.25 0.0084736 1.571321964 1.571 1.324502081 8332.973486 4.387 2.285 2.265 2.248 2.387 2.308 2.248
thin1 0 thin_disk 7.698970004 -0.25 0.0084736 1.619634867 1.619 1.334297416 8574.326166 4.394 2.224 2.218 2.202 2.307 2.248 2.202
thin1 0 thin_disk 7.698970004 -0.25 0.0084736 1.667948127 1.667 1.34571361 8812.517654 4.4 2.166 2.171 2.156 2.233 2.19 2.157
thin1 0 thin_disk 7.698970004 -0.25 0.0084736 1.716261029 1.715 1.355978005 9040.657155 4.405 2.11 2.125 2.111 2.163 2.134 2.112
thin1 0 thin_disk 7.698970004 -0.25 0.0084736 1.76457417 1.763 1.367894631 9264.031007 4.409 2.056 2.079 2.067 2.097 2.08 2.067
thin1 0 thin_disk 7.698970004 -0.25 0.0084736 1.812887192 1.812 1.382778584 9477.635453 4.412 2.003 2.031 2.022 2.032 2.027 2.022
thin1 0 thin_disk 7.698970004 -0.25 0.0084736 1.863396049 1.862 1.397502665 9691.700839 4.414 1.95 1.983 1.975 1.969 1.973 1.976
thin1 0 thin_disk 7.698970004 -0.25 0.0084736 1.913904667 1.913 1.413359508 9901.477388 4.417 1.898 1.935 1.93 1.907 1.921 1.93
thin1 0 thin_disk 7.698970004 -0.25 0.0084736 1.964413404 1.964 1.430054684 10101.82871 4.418 1.845 1.886 1.883 1.846 1.868 1.883
thin1 0 thin_disk 7.698970004 -0.25 0.0084736 2.014922142 2.015 1.448613889 10294.37537 4.418 1.793 1.837 1.836 1.786 1.816 1.836
thin1 0 thin_disk 7.698970004 -0.25 0.0084736 2.065430641 2.065 1.465388047 10485.76209 4.418 1.742 1.789 1.79 1.728 1.765 1.79
thin1 0 thin_disk 7.698970004 -0.25 0.0084736 2.115939379 2.115 1.486458007 10665.96121 4.416 1.691 1.74 1.743 1.67 1.713 1.742
thin1 0 thin_disk 7.698970004 -0.25 0.0084736 2.166448355 2.165 1.505749213 10844.26196 4.415 1.641 1.692 1.697 1.613 1.663 1.696
thin1 0 thin_disk 7.698970004 -0.25 0.0084736 2.216956854 2.215 1.527399503 11017.92978 4.413 1.59 1.643 1.649 1.556 1.612 1.649
thin1 0 thin_disk 7.698970004 -0.25 0.0084736 2.267465591 2.266 1.547934732 11186.6487 4.411 1.54 1.595 1.603 1.501 1.562 1.603
thin1 0 thin_disk 7.698970004 -0.25 0.0084736 2.317974329 2.316 1.570191582 11352.72192 4.409 1.491 1.547 1.557 1.447 1.513 1.557
thin1 0 thin_disk 7.698970004 -0.25 0.0084736 2.368483067 2.367 1.59056948 11515.95608 4.406 1.443 1.501 1.512 1.394 1.465 1.511
thin1 0 thin_disk 7.698970004 -0.25 0.0084736 2.418991804 2.417 1.611582879 11673.47076 4.404 1.395 1.455 1.468 1.342 1.417 1.467
thin1 0 thin_disk 7.698970004 -0.25 0.0084736 2.621026516 2.62 1.701581068 12285.70265 4.392 1.211 1.275 1.293 1.142 1.233 1.292
thin1 0 thin_disk 7.698970004 -0.25 0.0084736 2.758570433 2.758 1.765032249 12682.35776 4.382 1.09 1.157 1.178 1.012 1.112 1.177
thin1 0 thin_disk 7.698970004 -0.25 0.0084736 2.823061466 2.823 1.796191533 12864.70998 4.378 1.035 1.104 1.126 0.953 1.057 1.124
thin1 0 thin_disk 7.698970004 -0.25 0.0084736 3.025096178 3.024 1.890830699 13412.19935 4.363 0.868 0.941 0.967 0.776 0.891 0.965
thin1 0 thin_disk 7.698970004 -0.25 0.0084736 3.188019037 3.187 1.969938395 13838.84994 4.35 0.74 0.817 0.844 0.64 0.763 0.842
thin1 0 thin_disk 7.698970004 -0.25 0.0084736 3.227131128 3.226 1.988623855 13941.19494 4.347 0.711 0.787 0.815 0.608 0.734 0.814
thin1 0 thin_disk 7.698970004 -0.25 0.0084736 3.429166079 3.427 2.087145111 14447.74274 4.331 0.56 0.64 0.671 0.449 0.583 0.669
thin1 0 thin_disk 7.698970004 -0.25 0.0084736 3.437335253 3.435 2.090993317 14467.71683 4.33 0.554 0.634 0.665 0.443 0.577 0.663
thin1 0 thin_disk 7.698970004 -0.25 0.0084736 3.630861044 3.628 2.188026839 14938.25952 4.314 0.415 0.498 0.531 0.297 0.439 0.529
thin1 0 thin_disk 7.698970004 -0.25 0.0084736 3.63120079 3.628 2.188026839 14938.25952 4.314 0.415 0.498 0.531 0.296 0.438 0.529
thin1 0 thin_disk 7.698970004 -0.25 0.0084736 3.833235502 3.831 2.294841235 15406.35852 4.297 0.275 0.36 0.396 0.149 0.298 0.394
thin1 0 thin_disk 7.698970004 -0.25 0.0084736 3.944723129 3.943 2.353708333 15656.69171 4.287 0.199 0.286 0.323 0.07 0.223 0.321
thin1 0 thin_disk 7.698970004 -0.25 0.0084736 4.035270214 4.035 2.405761912 15856.23231 4.279 0.138 0.226 0.264 0.006 0.162 0.262
thin1 0 thin_disk 7.698970004 -0.25 0.0084736 4.125984669 4.124 2.456702936 16047.22714 4.27 0.077 0.166 0.205 -0.058 0.101 0.202
thin1 0 thin_disk 7.698970004 -0.25 0.0084736 4.237305164 4.235 2.523205629 16277.96086 4.258 0.001 0.091 0.131 -0.137 0.025 0.129
thin1 0 thin_disk 7.698970004 -0.25 0.0084736 4.368354797 4.365 2.605869392 16542.45645 4.244 -0.086 0.005 0.046 -0.228 -0.063 0.044
thin1 0 thin_disk 7.698970004 -0.25 0.0084736 4.439340115 4.436 2.648821207 16683.99304 4.236 -0.134 -0.042 -0.001 -0.278 -0.111 -0.003
thin1 0 thin_disk 7.698970004 -0.25 0.0084736 4.517512798 4.514 2.700552626 16830.61556 4.227 -0.187 -0.094 -0.052 -0.332 -0.163 -0.054
thin1 0 thin_disk 7.698970004 -0.25 0.0084736 4.641374588 4.638 2.785176004 17056.89594 4.212 -0.27 -0.176 -0.133 -0.418 -0.246 -0.135
thin1 0 thin_disk 7.698970004 -0.25 0.0084736 4.673411369 4.67 2.80771256 17115.91023 4.208 -0.291 -0.197 -0.154 -0.441 -0.268 -0.156
thin1 0 thin_disk 7.698970004 -0.25 0.0084736 4.843410015 4.841 2.935976971 17406.04091 4.185 -0.408 -0.312 -0.268 -0.561 -0.384 -0.27
thin1 0 thin_disk 7.698970004 -0.25 0.0084736 4.92250061 4.92 2.993316536 17538.80502 4.175 -0.462 -0.366 -0.32 -0.616 -0.438 -0.323
thin1 0 thin_disk 7.698970004 -0.25 0.0084736 5.045444489 5.044 3.095655647 17729.64337 4.156 -0.548 -0.451 -0.405 -0.705 -0.525 -0.408
thin1 0 thin_disk 7.698970004 -0.25 0.0084736 5.108390331 5.107 3.150305307 17819.68407 4.146 -0.592 -0.495 -0.449 -0.751 -0.569 -0.451
thin1 0 thin_disk 7.698970004 -0.25 0.0084736 5.247478962 5.247 3.28361813 18005.285 4.122 -0.696 -0.597 -0.55 -0.856 -0.672 -0.553
thin1 0 thin_disk 7.698970004 -0.25 0.0084736 5.314965248 5.315 3.352375398 18088.39362 4.11 -0.746 -0.647 -0.6 -0.907 -0.722 -0.602
thin1 0 thin_disk 7.698970004 -0.25 0.0084736 5.449513912 5.449 3.496653876 18238.95702 4.084 -0.849 -0.749 -0.701 -1.012 -0.825 -0.704
thin1 0 thin_disk 7.698970004 -0.25 0.0084736 5.466247559 5.466 3.516840279 18259.96749 4.081 -0.862 -0.762 -0.714 -1.025 -0.838 -0.717
thin1 0 thin_disk 7.698970004 -0.25 0.0084736 5.604681492 5.605 3.682583855 18386.53954 4.051 -0.971 -0.871 -0.823 -1.137 -0.948 -0.825
thin1 0 thin_disk 7.698970004 -0.25 0.0084736 5.651548863 5.652 3.744144875 18424.68196 4.041 -1.009 -0.909 -0.86 -1.175 -0.986 -0.863
thin1 0 thin_disk 7.698970004 -0.25 0.0084736 5.660663128 5.661 3.753640228 18433.1688 4.039 -1.017 -0.917 -0.868 -1.183 -0.993 -0.87
thin1 0 thin_disk 7.698970004 -0.25 0.0084736 5.78340435 5.783 3.941419354 18492.68619 4.006 -1.126 -1.025 -0.976 -1.293 -1.103 -0.979
thin1 0 thin_disk 7.698970004 -0.25 0.0084736 5.850833416 5.851 4.051843334 18513.98894 3.987 -1.188 -1.088 -1.038 -1.355 -1.165 -1.041
thin1 0 thin_disk 7.698970004 -0.25 0.0084736 5.886698246 5.887 4.111995634 18526.78237 3.977 -1.221 -1.12 -1.071 -1.388 -1.198 -1.074
thin1 0 thin_disk 7.698970004 -0.25 0.0084736 6.023352146 6.023 4.368704248 18531.04881 3.935 -1.353 -1.252 -1.203 -1.521 -1.33 -1.206
thin1 0 thin_disk 7.698970004 -0.25 0.0084736 6.050117016 6.05 4.421327086 18526.78237 3.926 -1.38 -1.279 -1.23 -1.548 -1.357 -1.232
thin1 0 thin_disk 7.698970004 -0.25 0.0084736 6.155447483 6.155 4.662862885 18471.40795 3.887 -1.493 -1.393 -1.343 -1.66 -1.47 -1.346
thin1 0 thin_disk 7.698970004 -0.25 0.0084736 6.249401093 6.248 4.923258562 18373.84295 3.847 -1.604 -1.504 -1.455 -1.771 -1.581 -1.458
thin1 0 thin_disk 7.698970004 -0.25 0.0084736 6.258536816 6.257 4.944844567 18365.38343 3.843 -1.614 -1.515 -1.466 -1.781 -1.591 -1.468
thin1 0 thin_disk 7.698970004 -0.25 0.0084736 6.360609055 6.358 5.263233587 18226.36235 3.797 -1.739 -1.64 -1.592 -1.905 -1.716 -1.594
thin1 0 thin_disk 7.698970004 -0.25 0.0084736 6.448685169 6.445 5.586665191 18050.94737 3.75 -1.859 -1.761 -1.713 -2.023 -1.836 -1.716
thin1 0 thin_disk 7.698970004 -0.25 0.0084736 6.465061665 6.462 5.652657147 18017.7269 3.741 -1.882 -1.784 -1.736 -2.045 -1.859 -1.739
thin1 0 thin_disk 7.698970004 -0.25 0.0084736 6.556282997 6.552 6.076488004 17762.33268 3.684 -2.023 -1.926 -1.879 -2.184 -2 -1.882
thin1 0 thin_disk 7.698970004 -0.25 0.0084736 6.637909412 6.633 6.527586639 17486.38355 3.627 -2.159 -2.064 -2.018 -2.317 -2.136 -2.021
thin1 0 thin_disk 7.698970004 -0.25 0.0084736 6.708324432 6.703 6.997656899 17202.83406 3.572 -2.288 -2.196 -2.15 -2.444 -2.266 -2.153
thin1 0 thin_disk 7.698970004 -0.25 0.0084736 6.77946806 6.774 7.489496891 16966.80232 3.518 -2.419 -2.328 -2.284 -2.572 -2.397 -2.286
thin1 0 thin_disk 7.698970004 -0.25 0.0084736 6.800930977 6.795 7.637525 16908.30215 3.502 -2.457 -2.366 -2.322 -2.61 -2.435 -2.325
thin1 0 thin_disk 7.698970004 -0.25 0.0084736 6.836094856 6.83 7.427670759 17414.05854 3.528 -2.436 -2.342 -2.296 -2.594 -2.414 -2.299
thin1 0 thin_disk 7.698970004 -0.25 0.0084736 6.844608307 6.838 7.197018927 17823.78767 3.556 -2.396 -2.3 -2.253 -2.559 -2.374 -2.255
thin1 0 thin_disk 7.698970004 -0.25 0.0084736 6.848004818 6.842 6.963901904 18255.76346 3.585 -2.354 -2.256 -2.206 -2.522 -2.332 -2.209
thin1 0 thin_disk 7.698970004 -0.25 0.0084736 6.849629402 6.843 6.769438466 18676.69386 3.61 -2.321 -2.22 -2.169 -2.493 -2.298 -2.172
thin1 0 thin_disk 7.698970004 -0.25 0.0084736 6.85051775 6.844 6.616870649 19054.60718 3.629 -2.298 -2.196 -2.143 -2.475 -2.276 -2.146
thin1 0 thin_disk 7.698970004 -0.25 0.0084736 6.8508811 6.845 6.559226754 19204.36714 3.637 -2.289 -2.186 -2.133 -2.467 -2.266 -2.136
thin1 0 thin_disk 7.698970004 -0.25 0.0084736 6.851291656 6.845 6.62449299 18836.49089 3.628 -2.287 -2.185 -2.134 -2.461 -2.264 -2.137
thin1 0 thin_disk 7.698970004 -0.25 0.0084736 6.851560593 6.845 6.777236558 18462.90351 3.609 -2.309 -2.21 -2.159 -2.479 -2.286 -2.162
thin1 0 thin_disk 7.698970004 -0.25 0.0084736 6.851854324 6.846 7.088472272 17959.73813 3.57 -2.372 -2.275 -2.227 -2.536 -2.35 -2.23
thin1 0 thin_disk 7.698970004 -0.25 0.0084736 6.852128029 6.846 7.492946726 17478.33262 3.521 -2.46 -2.366 -2.319 -2.619 -2.438 -2.322
thin1 0 thin_disk 7.698970004 -0.25 0.0084736 6.852403641 6.846 7.993788341 17009.83105 3.465 -2.566 -2.475 -2.43 -2.72 -2.544 -2.433
thin1 0 thin_disk 7.698970004 -0.25 0.0084736 6.852684021 6.846 8.551703697 16550.07629 3.407 -2.679 -2.59 -2.548 -2.828 -2.658 -2.55
thin1 0 thin_disk 7.698970004 -0.25 0.0084736 6.852966309 6.847 9.138031375 16102.74813 3.349 -2.79 -2.704 -2.663 -2.933 -2.769 -2.666
thin1 0 thin_disk 7.698970004 -0.25 0.0084736 6.853248596 6.847 9.742101383 15667.5107 3.293 -2.897 -2.813 -2.774 -3.034 -2.875 -2.777
thin1 0 thin_disk 7.698970004 -0.25 0.0084736 6.853527546 6.847 10.37415291 15244.0372 3.239 -2.998 -2.918 -2.881 -3.131 -2.977 -2.883
thin1 0 thin_disk 7.698970004 -0.25 0.0084736 6.853800297 6.848 11.02180301 14832.00967 3.187 -3.096 -3.018 -2.983 -3.222 -3.075 -2.985
thin1 0 thin_disk 7.698970004 -0.25 0.0084736 6.854067802 6.848 11.68833485 14427.79623 3.135 -3.19 -3.116 -3.082 -3.311 -3.17 -3.084
thin1 0 thin_disk 7.698970004 -0.25 0.0084736 6.854326725 6.848 12.37521192 14037.83069 3.085 -3.282 -3.21 -3.178 -3.397 -3.262 -3.18
thin1 0 thin_disk 7.698970004 -0.25 0.0084736 6.854576588 6.848 13.10245404 13658.40543 3.036 -3.371 -3.302 -3.272 -3.48 -3.351 -3.274
thin1 0 thin_disk 7.698970004 -0.25 0.0084736 6.854816914 6.849 13.86285386 13286.17596 2.987 -3.458 -3.393 -3.364 -3.561 -3.438 -3.366
thin1 0 thin_disk 7.698970004 -0.25 0.0084736 6.85504818 6.849 14.64376143 12927.06701 2.939 -3.543 -3.481 -3.454 -3.639 -3.524 -3.456
thin1 0 thin_disk 7.698970004 -0.25 0.0084736 6.855269909 6.849 15.47578348 12574.76854 2.892 -3.626 -3.568 -3.543 -3.716 -3.608 -3.545
thin1 0 thin_disk 7.698970004 -0.25 0.0084736 6.855480671 6.849 16.32873891 12234.88805 2.845 -3.707 -3.652 -3.629 -3.791 -3.689 -3.631
thin1 0 thin_disk 7.698970004 -0.25 0.0084736 6.855681896 6.849 17.23664134 11901.45339 2.799 -3.787 -3.735 -3.714 -3.863 -3.769 -3.715
thin1 0 thin_disk 7.698970004 -0.25 0.0084736 6.855873585 6.85 18.16572121 11579.77178 2.752 -3.865 -3.816 -3.797 -3.934 -3.847 -3.798
thin1 0 thin_disk 7.698970004 -0.25 0.0084736 6.856056213 6.85 19.15369841 11264.19085 2.707 -3.941 -3.896 -3.879 -4.003 -3.924 -3.88
thin1 0 thin_disk 7.698970004 -0.25 0.0084736 6.856229305 6.85 20.17217118 10957.21037 2.661 -4.015 -3.974 -3.959 -4.07 -3.999 -3.96
thin1 0 thin_disk 7.698970004 -0.25 0.0084736 6.856393814 6.85 21.26927296 10658.59597 2.616 -4.089 -4.051 -4.038 -4.135 -4.073 -4.04
thin1 0 thin_disk 7.698970004 -0.25 0.0084736 6.85654974 6.85 22.40023863 10368.11964 2.571 -4.16 -4.127 -4.117 -4.198 -4.145 -4.118
thin1 0 thin_disk 7.698970004 -0.25 0.0084736 6.856698036 6.85 23.564197 10085.5596 2.526 -4.231 -4.202 -4.194 -4.26 -4.216 -4.195
thin1 0 thin_disk 7.698970004 -0.25 0.0084736 6.856838703 6.851 24.81719224 9810.700097 2.482 -4.3 -4.276 -4.271 -4.32 -4.287 -4.271
thin1 0 thin_disk 7.698970004 -0.25 0.0084736 6.856972694 6.851 26.10674005 9543.331283 2.437 -4.369 -4.35 -4.348 -4.378 -4.356 -4.348
thin1 0 thin_disk 7.698970004 -0.25 0.0084736 6.857099533 6.851 27.46329518 9283.249011 2.393 -4.437 -4.423 -4.424 -4.434 -4.425 -4.424
thin1 0 thin_disk 7.698970004 -0.25 0.0084736 6.85722065 6.851 28.90364702 9028.17565 2.349 -4.505 -4.496 -4.501 -4.489 -4.493 -4.501
thin1 0 thin_disk 7.698970004 -0.25 0.0084736 6.857336044 6.851 30.40553468 8782.132799 2.305 -4.571 -4.569 -4.577 -4.542 -4.56 -4.577
thin1 0 thin_disk 7.698970004 -0.25 0.0084736 6.857445717 6.851 31.98546323 8542.795299 2.262 -4.637 -4.641 -4.654 -4.592 -4.625 -4.653
thin1 0 thin_disk 7.698970004 -0.25 0.0084736 6.857550144 6.851 33.60877203 8309.98041 2.218 -4.701 -4.714 -4.73 -4.639 -4.689 -4.73
thin1 0 thin_disk 7.698970004 -0.25 0.0084736 6.85764885 6.851 35.33073276 8081.649291 2.175 -4.763 -4.787 -4.806 -4.683 -4.752 -4.806
thin1 0 thin_disk 7.698970004 -0.25 0.0084736 6.85774231 6.852 37.12381885 7861.401911 2.131 -4.825 -4.861 -4.883 -4.723 -4.814 -4.883
thin1 0 thin_disk 7.698970004 -0.25 0.0084736 6.857831478 6.852 39.07083068 7645.396264 2.088 -4.885 -4.936 -4.961 -4.761 -4.874 -4.96
thin1 0 thin_disk 7.698970004 -0.25 0.0084736 6.857916355 6.852 41.00649453 7437.037991 2.045 -4.944 -5.012 -5.039 -4.796 -4.934 -5.038
thin1 0 thin_disk 7.698970004 -0.25 0.0084736 6.857996464 6.852 43.10748094 7232.692478 2.002 -5.002 -5.088 -5.119 -4.83 -4.993 -5.118
thin1 0 thin_disk 7.698970004 -0.25 0.0084736 6.858072281 6.852 45.29524831 7035.581528 1.959 -5.06 -5.166 -5.198 -4.863 -5.052 -5.197
thin1 0 thin_disk 7.698970004 -0.25 0.0084736 6.858144283 6.852 47.59404806 6843.842399 1.916 -5.116 -5.244 -5.278 -4.893 -5.111 -5.277
thin1 0 thin_disk 7.698970004 -0.25 0.0084736 6.858213902 6.852 49.99800145 6654.263586 1.873 -5.169 -5.321 -5.358 -4.92 -5.168 -5.357
thin1 0 thin_disk 7.698970004 -0.25 0.0084736 6.858279228 6.852 52.49919508 6471.426157 1.831 -5.221 -5.397 -5.436 -4.945 -5.223 -5.435
thin1 0 thin_disk 7.698970004 -0.25 0.0084736 6.858341217 6.852 55.10013271 6295.061829 1.789 -5.269 -5.471 -5.514 -4.966 -5.276 -5.512
thin1 0 thin_disk 7.698970004 -0.25 0.0084736 6.858399868 6.852 57.8565649 6122.094091 1.747 -5.316 -5.545 -5.591 -4.986 -5.328 -5.59
thin1 0 thin_disk 7.698970004 -0.25 0.0084736 6.858456135 6.852 60.65305002 5955.25003 1.705 -5.364 -5.623 -5.672 -5.005 -5.383 -5.67
thin1 0 thin_disk 7.698970004 -0.25 0.0084736 6.858510017 6.852 63.68727174 5791.619211 1.663 -5.409 -5.699 -5.752 -5.021 -5.435 -5.75
thin1 0 thin_disk 7.698970004 -0.25 0.0084736 6.858560562 6.852 66.70411781 5636.376558 1.623 -5.446 -5.766 -5.823 -5.03 -5.481 -5.821
thin1 0 thin_disk 7.698970004 -0.25 0.0084736 6.858610153 6.852 69.84778604 5482.769649 1.582 -5.481 -5.833 -5.895 -5.035 -5.525 -5.892
thin1 0 thin_disk 7.698970004 -0.25 0.0084736 6.858658791 6.852 73.07227772 5335.805618 1.543 -5.51 -5.894 -5.961 -5.033 -5.563 -5.958
thin1 0 thin_disk 7.698970004 -0.25 0.0084736 6.858708859 6.852 76.28737034 5195.17283 1.506 -5.533 -5.951 -6.021 -5.024 -5.596 -6.019
thin1 0 thin_disk 7.698970004 -0.25 0.0084736 6.858766079 6.853 79.51565575 5053.589948 1.47 -5.548 -6.001 -6.077 -5.005 -5.622 -6.075
thin1 0 thin_disk 7.698970004 -0.25 0.0084736 6.858833313 6.853 82.25317007 4926.063433 1.441 -5.548 -6.035 -6.117 -4.971 -5.633 -6.114
thin1 0 thin_disk 7.698970004 -0.25 0.0084736 6.858938217 6.853 84.30486647 4796.229986 1.419 -5.525 -6.041 -6.133 -4.911 -5.62 -6.13
thin1 0 thin_disk 7.698970004 -0.25 0.0084736 6.859048366 6.853 85.57613045 4697.859239 1.406 -5.493 -6.026 -6.129 -4.848 -5.593 -6.126
thin1 0 thin_disk 7.698970004 -0.25 0.0084736 6.859173775 6.853 87.52913666 4597.269885 1.387 -5.473 -6.023 -6.14 -4.794 -5.578 -6.136
thin1 0 thin_disk 7.698970004 -0.25 0.0084736 6.859214306 6.853 88.29836153 4566.673896 1.379 -5.47 -6.026 -6.146 -4.78 -5.577 -6.142
thin1 0 thin_disk 7.698970004 -0.25 0.0084736 6.859252453 6.853 90.35509458 4535.237135 1.36 -5.497 -6.059 -6.184 -4.796 -5.607 -6.18
thin1 0 thin_disk 7.698970004 -0.25 0.0084736 6.859360695 6.853 97.30891829 4446.312675 1.295 -5.595 -6.182 -6.317 -4.863 -5.714 -6.313
thin1 0 thin_disk 7.698970004 -0.25 0.0084736 6.859423161 6.853 103.3838366 4391.36969 1.243 -5.685 -6.289 -6.43 -4.935 -5.811 -6.426
thin1 0 thin_disk 7.698970004 -0.25 0.0084736 6.859483719 6.853 110.8543258 4337.105635 1.182 -5.796 -6.416 -6.564 -5.026 -5.928 -6.559
thin1 0 thin_disk 7.698970004 -0.25 0.0084736 6.859538555 6.853 118.155147 4291.409912 1.126 -5.901 -6.535 -6.689 -5.115 -6.04 -6.685
thin1 0 thin_disk 7.698970004 -0.25 0.0084736 6.859565258 6.853 121.9418122 4270.709194 1.098 -5.953 -6.594 -6.75 -5.159 -6.094 -6.746
thin1 0 thin_disk 7.698970004 -0.25 0.0084736 6.859579563 6.853 123.8376337 4259.905843 1.085 -5.979 -6.622 -6.78 -5.18 -6.121 -6.776
thin1 0 thin_disk 7.698970004 -0.25 0.0084736 6.859643936 6.853 131.7809533 4220.850792 1.032 -6.08 -6.736 -6.9 -5.267 -6.228 -6.895
thin1 0 thin_disk 7.698970004 -0.25 0.0084736 6.859663486 6.853 134.0456253 4209.204248 1.017 -6.108 -6.767 -6.933 -5.291 -6.257 -6.928
thin1 0 thin_disk 7.698970004 -0.25 0.0084736 6.859686852 6.853 136.0043017 4200.490434 1.004 -6.133 -6.795 -6.962 -5.312 -6.284 -6.957
thin1 0 thin_disk 7.698970004 -0.25 0.0084736 6.859845161 6.854 145.2956609 4161.021885 0.947 -6.245 -6.919 -7.092 -5.409 -6.401 -7.087
thin1 0 thin_disk 7.698970004 -0.25 0.0084736 6.860200882 6.854 155.2932735 4120.975191 0.889 -6.357 -7.044 -7.223 -5.506 -6.519 -7.218
thin1 0 thin_disk 7.698970004 -0.25 0.0084736 6.860833645 6.855 166.9754586 4078.495618 0.826 -6.48 -7.179 -7.366 -5.611 -6.648 -7.361
thin1 0 thin_disk 7.698970004 -0.25 0.0084736 6.86138773 6.855 176.300135 4047.622487 0.779 -6.572 -7.281 -7.473 -5.691 -6.744 -7.468
thin1 0 thin_disk 7.698970004 -0.25 0.0084736 6.862020016 6.856 185.5891766 4020.68454 0.734 -6.659 -7.377 -7.574 -5.766 -6.836 -7.569
thin1 0 thin_disk 7.698970004 -0.25 0.0084736 6.862889767 6.857 193.264748 3999.447498 0.699 -6.729 -7.454 -7.654 -5.827 -6.909 -7.649
thin1 0 thin_disk 7.698970004 -0.25 0.0084736 6.864717007 6.858 201.9075899 3976.490965 0.662 -6.804 -7.536 -7.74 -5.893 -6.987 -7.735
thin1 0 thin_disk 7.698970004 -0.25 0.0084736 6.871874809 6.866 197.8575581 3989.330341 0.679 -6.772 -7.5 -7.702 -5.866 -6.953 -7.697
thin1 0 thin_disk 7.698970004 -0.25 0.0084736 6.889948368 6.883 187.1770701 4024.389433 0.729 -6.681 -7.397 -7.593 -5.79 -6.857 -7.588
thin1 0 thin_disk 7.698970004 -0.25 0.0084736 6.904179573 6.898 177.5221891 4056.95322 0.775 -6.596 -7.302 -7.492 -5.718 -6.767 -7.487
thin1 0 thin_disk 7.698970004 -0.25 0.0084736 6.9167099 6.91 168.9867466 4086.956356 0.819 -6.512 -7.208 -7.394 -5.647 -6.678 -7.389
thin1 0 thin_disk 7.698970004 -0.25 0.0084736 6.92908144 6.922 160.1963604 4120.975191 0.866 -6.427 -7.112 -7.292 -5.574 -6.588 -7.287
thin1 0 thin_disk 7.698970004 -0.25 0.0084736 6.944290161 6.937 151.0263216 4161.980106 0.918 -6.332 -7.004 -7.178 -5.496 -6.487 -7.173
thin1 0 thin_disk 7.698970004 -0.25 0.0084736 6.963336468 6.956 142.6437162 4209.204248 0.969 -6.246 -6.903 -7.07 -5.428 -6.395 -7.065
thin1 0 thin_disk 7.698970004 -0.25 0.0084736 6.990701675 6.984 135.34825 4276.613475 1.017 -6.186 -6.821 -6.979 -5.393 -6.325 -6.974
thin1 0 thin_disk 7.698970004 -0.25 0.0084736 6.997257233 6.99 134.6333477 4310.22558 1.022 -6.203 -6.826 -6.98 -5.421 -6.337 -6.975
thin1 0 thin_disk 7.698970004 -0.25 0.0084736 7.012317181 7.005 130.6930956 4505.053989 1.048 -6.289 -6.851 -6.982 -5.575 -6.397 -6.978
thin1 0 thin_disk 7.698970004 -0.25 0.0084736 7.01645422 7.009 118.3184972 4828.363965 1.135 -6.288 -6.789 -6.879 -5.683 -6.377 -6.877
thin1 0 thin_disk 7.698970004 -0.25 0.0084736 7.018532753 7.011 98.68534071 5341.952229 1.293 -6.17 -6.546 -6.613 -5.697 -6.22 -6.61
thin1 0 thin_disk 7.698970004 -0.25 0.0084736 7.01966095 7.012 90.48001103 5601.444019 1.368 -6.097 -6.418 -6.477 -5.677 -6.132 -6.475
thin1 0 thin_disk 7.698970004 -0.25 0.0084736 7.020097256 7.013 87.81175254 5692.460163 1.394 -6.071 -6.373 -6.43 -5.667 -6.1 -6.428
thin1 0 thin_disk 7.698970004 -0.25 0.0084736 7.020553589 7.013 84.94789955 5794.286964 1.423 -6.04 -6.324 -6.378 -5.655 -6.065 -6.376
thin1 0 thin_disk 7.698970004 -0.25 0.0084736 7.020949841 7.014 82.46176855 5884.37037 1.449 -6.011 -6.278 -6.331 -5.642 -6.032 -6.328
thin1 0 thin_disk 7.698970004 -0.25 0.0084736 7.021429539 7.014 79.80914254 5988.25106 1.477 -5.973 -6.22 -6.27 -5.623 -5.989 -6.268
thin1 0 thin_disk 7.698970004 -0.25 0.0084736 7.021845341 7.014 77.86685692 6065.966395 1.498 -5.945 -6.179 -6.227 -5.609 -5.958 -6.225
thin1 0 thin_disk 7.698970004 -0.25 0.0084736 7.02231741 7.015 75.86695348 6148.936385 1.521 -5.917 -6.137 -6.183 -5.594 -5.927 -6.181
thin1 0 thin_disk 7.698970004 -0.25 0.0084736 7.022872448 7.015 73.83336207 6240.221421 1.545 -5.886 -6.092 -6.137 -5.578 -5.894 -6.135
thin1 0 thin_disk 7.698970004 -0.25 0.0084736 7.023544312 7.016 71.75507866 6337.237742 1.57 -5.855 -6.046 -6.089 -5.562 -5.86 -6.087
thin1 0 thin_disk 7.698970004 -0.25 0.0084736 7.024616242 7.017 68.96879605 6471.426157 1.604 -5.812 -5.984 -6.024 -5.54 -5.813 -6.022
thin1 0 thin_disk 7.698970004 -0.25 0.0084736 7.02571249 7.018 66.5507026 6599.332343 1.636 -5.77 -5.926 -5.963 -5.518 -5.77 -5.962
thin1 0 thin_disk 7.698970004 -0.25 0.0084736 7.027043343 7.02 63.96650831 6739.070504 1.669 -5.727 -5.864 -5.9 -5.494 -5.723 -5.899
thin1 0 thin_disk 7.698970004 -0.25 0.0084736 7.028592587 7.021 61.42605791 6892.868607 1.706 -5.678 -5.797 -5.832 -5.467 -5.673 -5.83
thin1 0 thin_disk 7.698970004 -0.25 0.0084736 7.030322552 7.023 58.81019844 7056.673112 1.743 -5.627 -5.729 -5.761 -5.438 -5.62 -5.76
thin1 0 thin_disk 7.698970004 -0.25 0.0084736 7.03221035 7.025 56.34464473 7226.033989 1.78 -5.576 -5.661 -5.691 -5.408 -5.567 -5.69
thin1 0 thin_disk 7.698970004 -0.25 0.0084736 7.034247398 7.027 53.94517979 7397.755951 1.818 -5.524 -5.594 -5.622 -5.378 -5.515 -5.621
thin1 0 thin_disk 7.698970004 -0.25 0.0084736 7.036439419 7.029 51.659791 7577.047329 1.856 -5.472 -5.527 -5.553 -5.347 -5.463 -5.552
thin1 0 thin_disk 7.698970004 -0.25 0.0084736 7.038796425 7.031 49.47122277 7760.683997 1.894 -5.42 -5.462 -5.485 -5.314 -5.41 -5.484
thin1 0 thin_disk 7.698970004 -0.25 0.0084736 7.041342259 7.034 47.37537328 7948.771268 1.931 -5.367 -5.398 -5.418 -5.28 -5.357 -5.418
thin1 0 thin_disk 7.698970004 -0.25 0.0084736 7.044812203 7.037 44.83866202 8194.076232 1.98 -5.299 -5.318 -5.334 -5.233 -5.289 -5.334
thin1 0 thin_disk 7.698970004 -0.25 0.0084736 7.046537399 7.04 43.65687496 8313.808179 2.002 -5.266 -5.28 -5.295 -5.21 -5.256 -5.295
thin1 0 thin_disk 7.698970004 -0.25 0.0084736 7.046720505 7.04 43.58656507 8325.302067 2.005 -5.263 -5.276 -5.291 -5.208 -5.253 -5.291
thin1 0 thin_disk 7.698970004 -0.25 0.0084736 7.050367355 7.044 41.58652624 8542.795299 2.045 -5.205 -5.211 -5.222 -5.165 -5.195 -5.222
thin1 0 thin_disk 7.698970004 -0.25 0.0084736 7.054088593 7.047 39.87058839 8749.837752 2.082 -5.151 -5.151 -5.158 -5.124 -5.14 -5.158
thin1 0 thin_disk 7.698970004 -0.25 0.0084736 7.059809685 7.053 37.6923005 9030.254703 2.131 -5.079 -5.072 -5.076 -5.068 -5.068 -5.076
thin1 0 thin_disk 7.698970004 -0.25 0.0084736 7.06683445 7.06 36.2120111 9244.852788 2.166 -5.029 -5.018 -5.018 -5.028 -5.017 -5.019
thin1 0 thin_disk 7.698970004 -0.25 0.0084736 7.078139305 7.071 34.46296547 9525.767999 2.21 -4.968 -4.951 -4.948 -4.979 -4.955 -4.948
thin1 0 thin_disk 7.698970004 -0.25 0.0084736 7.080143452 7.073 34.18634293 9569.736946 2.217 -4.958 -4.94 -4.937 -4.971 -4.945 -4.937
thin1 0 thin_disk 7.698970004 -0.25 0.0084736 7.090212345 7.084 35.45297177 9418.895965 2.186 -5.012 -4.997 -4.995 -5.019 -5 -4.996
thin1 0 thin_disk 7.698970004 -0.25 0.0084736 7.093386173 7.087 36.22035019 9323.951375 2.168 -5.043 -5.03 -5.029 -5.046 -5.031 -5.03
thin1 0 thin_disk 7.698970004 -0.25 0.0084736 7.096627235 7.09 37.17514275 9208.735521 2.146 -5.079 -5.068 -5.069 -5.077 -5.067 -5.07
thin1 0 thin_disk 7.698970004 -0.25 0.0084736 7.099059582 7.092 38.00604208 9107.517198 2.127 -5.111 -5.102 -5.104 -5.103 -5.099 -5.104
thin1 0 thin_disk 7.698970004 -0.25 0.0084736 7.100193977 7.094 38.33122024 9074.025596 2.119 -5.124 -5.116 -5.118 -5.115 -5.112 -5.119
thin1 0 thin_disk 7.698970004 -0.25 0.0084736 7.100452423 7.094 38.34004735 9078.205302 2.119 -5.124 -5.116 -5.118 -5.115 -5.112 -5.119
thin1 0 thin_disk 7.698970004 -0.25 0.0084736 7.100656033 7.094 38.26067652 9082.386933 2.12 -5.122 -5.114 -5.116 -5.113 -5.11 -5.117
thin1 0 thin_disk 7.698970004 -0.25 0.0084736 7.10127449 7.095 38.41073741 9059.411775 2.117 -5.126 -5.119 -5.122 -5.117 -5.115 -5.122
thin1 0 thin_disk 7.698970004 -0.25 0.0084736 7.102527142 7.096 39.03486169 8986.69495 2.103 -5.149 -5.143 -5.147 -5.136 -5.138 -5.147
thin1 0 thin_disk 7.698970004 -0.25 0.0084736 7.10544157 7.099 40.5091047 8826.733207 2.072 -5.198 -5.196 -5.202 -5.177 -5.187 -5.203
thin1 0 thin_disk 7.698970004 -0.25 0.0084736 7.108185768 7.102 42.07776316 8655.656239 2.038 -5.251 -5.254 -5.263 -5.22 -5.241 -5.263
thin1 0 thin_disk 7.698970004 -0.25 0.0084736 7.111495495 7.105 44.55050639 8412.014256 1.989 -5.327 -5.337 -5.35 -5.279 -5.317 -5.35
thin1 0 thin_disk 7.698970004 -0.25 0.0084736 7.114278317 7.108 47.11428935 8175.230379 1.941 -5.402 -5.421 -5.438 -5.335 -5.392 -5.438
thin1 0 thin_disk 7.698970004 -0.25 0.0084736 7.116528511 7.11 49.60810583 7957.927899 1.896 -5.47 -5.5 -5.52 -5.384 -5.46 -5.519
thin1 0 thin_disk 7.698970004 -0.25 0.0084736 7.118566036 7.112 52.39051226 7739.270033 1.849 -5.539 -5.582 -5.605 -5.432 -5.529 -5.604
thin1 0 thin_disk 7.698970004 -0.25 0.0084736 7.120321751 7.114 55.21443657 7530.087105 1.803 -5.606 -5.664 -5.69 -5.476 -5.596 -5.69
thin1 0 thin_disk 7.698970004 -0.25 0.0084736 7.121839523 7.115 58.16378291 7328.245331 1.758 -5.671 -5.746 -5.775 -5.517 -5.662 -5.774
thin1 0 thin_disk 7.698970004 -0.25 0.0084736 7.123154163 7.117 61.31301108 7133.456217 1.713 -5.735 -5.828 -5.859 -5.557 -5.727 -5.858
thin1 0 thin_disk 7.698970004 -0.25 0.0084736 7.124296188 7.118 64.4247356 6947.043207 1.669 -5.797 -5.91 -5.943 -5.594 -5.791 -5.942
thin1 0 thin_disk 7.698970004 -0.25 0.0084736 7.125291824 7.119 67.74116243 6767.059577 1.626 -5.858 -5.991 -6.027 -5.631 -5.854 -6.025
thin1 0 thin_disk 7.698970004 -0.25 0.0084736 7.126163483 7.12 71.19551647 6593.256931 1.583 -5.916 -6.071 -6.109 -5.663 -5.915 -6.108
thin1 0 thin_disk 7.698970004 -0.25 0.0084736 7.126927853 7.12 74.82601985 6423.918168 1.54 -5.973 -6.151 -6.191 -5.695 -5.975 -6.19
thin1 0 thin_disk 7.698970004 -0.25 0.0084736 7.127599716 7.121 78.51500178 6260.369977 1.498 -6.026 -6.228 -6.272 -5.722 -6.033 -6.271
thin1 0 thin_disk 7.698970004 -0.25 0.0084736 7.128192425 7.122 82.31000818 6103.795856 1.457 -6.079 -6.305 -6.352 -5.749 -6.09 -6.35
thin1 0 thin_disk 7.698970004 -0.25 0.0084736 7.128715038 7.122 86.30831637 5953.878941 1.416 -6.131 -6.384 -6.435 -5.776 -6.149 -6.433
thin1 0 thin_disk 7.698970004 -0.25 0.0084736 7.129178047 7.123 90.43835303 5806.30707 1.376 -6.181 -6.461 -6.515 -5.799 -6.205 -6.513
thin1 0 thin_disk 7.698970004 -0.25 0.0084736 7.129588127 7.123 94.6787782 5665.001119 1.336 -6.223 -6.53 -6.588 -5.815 -6.254 -6.586
thin1 0 thin_disk 7.698970004 -0.25 0.0084736 7.129951 7.123 98.93561206 5532.227103 1.298 -6.264 -6.598 -6.66 -5.831 -6.302 -6.657
thin1 0 thin_disk 7.698970004 -0.25 0.0084736 7.130271912 7.124 102.9799425 5410.034069 1.262 -6.298 -6.658 -6.723 -5.84 -6.344 -6.72
thin1 0 thin_disk 7.698970004 -0.25 0.0084736 7.13055563 7.124 107.1155803 5295.414984 1.228 -6.328 -6.713 -6.782 -5.844 -6.381 -6.779
thin1 0 thin_disk 7.698970004 -0.25 0.0084736 7.130807877 7.124 110.9309277 5191.585371 1.197 -6.354 -6.764 -6.836 -5.846 -6.414 -6.833
thin1 0 thin_disk 7.698970004 -0.25 0.0084736 7.131035328 7.125 114.644347 5098.001982 1.169 -6.375 -6.808 -6.883 -5.844 -6.442 -6.881
thin1 0 thin_disk 7.698970004 -0.25 0.0084736 7.13124609 7.125 118.1823564 5009.564815 1.143 -6.394 -6.849 -6.928 -5.84 -6.468 -6.925
thin1 0 thin_disk 7.698970004 -0.25 0.0084736 7.131450653 7.125 121.6053396 4927.197832 1.118 -6.408 -6.884 -6.968 -5.832 -6.489 -6.965
thin1 0 thin_disk 7.698970004 -0.25 0.0084736 7.13166666 7.125 125.1562796 4842.838652 1.093 -6.421 -6.919 -7.008 -5.821 -6.509 -7.005
thin1 0 thin_disk 7.698970004 -0.25 0.0084736 7.131903172 7.125 128.810909 4754.446885 1.068 -6.429 -6.943 -7.042 -5.802 -6.522 -7.039
thin1 0 thin_disk 7.698970004 -0.25 0.0084736 7.132199287 7.126 133.0003074 4654.789007 1.04 -6.432 -6.963 -7.075 -5.771 -6.531 -7.071
thin1 0 thin_disk 7.698970004 -0.25 0.0084736 7.132651806 7.126 137.4525005 4534.192978 1.011 -6.421 -6.974 -7.103 -5.716 -6.526 -7.099
thin1 0 thin_disk 7.698970004 -0.25 0.0084736 7.133072853 7.127 140.1692162 4451.434629 0.996 -6.401 -6.977 -7.116 -5.668 -6.515 -7.111
thin1 0 thin_disk 7.698970004 -0.25 0.0084736 7.133598805 7.127 142.7422851 4368.174709 0.98 -6.377 -6.979 -7.127 -5.615 -6.502 -7.122
thin1 0 thin_disk 7.698970004 -0.25 0.0084736 7.134457111 7.128 148.6800316 4257.944536 0.944 -6.379 -7.017 -7.179 -5.577 -6.519 -7.174
thin1 0 thin_disk 7.698970004 -0.25 0.0084736 7.135790825 7.129 166.3231283 4140.950127 0.846 -6.526 -7.203 -7.381 -5.68 -6.683 -7.376
thin1 0 thin_disk 7.698970004 -0.25 0.0084736 7.135830879 7.129 166.9370155 4138.090648 0.843 -6.531 -7.209 -7.387 -5.684 -6.689 -7.382
thin1 0 thin_disk 7.698970004 -0.25 0.0084736 7.135980129 7.13 169.5323745 4127.622774 0.83 -6.556 -7.237 -7.418 -5.705 -6.716 -7.413
thin1 0 thin_disk 7.698970004 -0.25 0.0084736 7.136510849 7.13 173.4812908 4113.391062 0.81 -6.594 -7.28 -7.462 -5.738 -6.756 -7.457
thin1 0 thin_disk 7.698970004 -0.25 0.0084736 7.136663914 7.13 175.7327256 4105.82089 0.799 -6.615 -7.303 -7.487 -5.756 -6.778 -7.482
thin1 0 thin_disk 7.698970004 -0.25 0.0084736 7.136807918 7.13 177.7266868 4099.208419 0.789 -6.634 -7.324 -7.509 -5.772 -6.798 -7.504
thin1 0 thin_disk 7.698970004 -0.25 0.0084736 7.137036324 7.131 180.1991113 4089.780501 0.777 -6.657 -7.35 -7.537 -5.792 -6.822 -7.532
thin1 0 thin_disk 7.698970004 -0.25 0.0084736 7.137266159 7.131 182.3276964 4082.253781 0.767 -6.676 -7.371 -7.559 -5.807 -6.842 -7.554
thin1 0 thin_disk 7.698970004 -0.25 0.0084736 7.137617588 7.131 185.2476233 4070.989667 0.753 -6.7 -7.399 -7.588 -5.827 -6.867 -7.583
thin1 0 thin_disk 7.698970004 -0.25 0.0084736 7.137981415 7.132 187.6085578 4061.62665 0.742 -6.721 -7.424 -7.615 -5.844 -6.89 -7.61
thin1 0 thin_disk 7.698970004 -0.25 0.0084736 7.138381958 7.132 190.3060718 4051.352202 0.729 -6.743 -7.449 -7.641 -5.862 -6.914 -7.636
thin1 0 thin_disk 7.698970004 -0.25 0.0084736 7.138843536 7.132 195.8631094 4032.73793 0.705 -6.788 -7.5 -7.696 -5.9 -6.962 -7.691
thin1 0 thin_disk 7.698970004 -0.25 0.0084736 7.139255524 7.133 203.2135416 4009.590312 0.673 -6.849 -7.568 -7.768 -5.951 -7.026 -7.763
thin1 0 thin_disk 7.698970004 -0.25 0.0084736 7.13958168 7.133 210.4033474 3988.411869 0.643 -6.906 -7.632 -7.835 -5.999 -7.086 -7.83
thin1 0 thin_disk 7.698970004 -0.25 0.0084736 7.140772343 7.134 230.1190884 3936.407041 0.565 -7.055 -7.798 -8.011 -6.126 -7.244 -8.006
thin1 0 thin_disk 7.698970004 -0.25 0.0084736 7.143003941 7.137 256.2433744 3877.037485 0.471 -7.236 -7.999 -8.224 -6.281 -7.435 -8.218
thin1 0 thin_disk 7.698970004 -0.25 0.0084736 7.146418095 7.14 290.3037493 3809.780898 0.364 -7.446 -8.229 -8.468 -6.46 -7.655 -8.462
thin1 0 thin_disk 7.698970004 -0.25 0.0084736 7.151115417 7.145 333.5436253 3736.801254 0.244 -7.683 -8.488 -8.741 -6.659 -7.903 -8.735
thin1 0 thin_disk 7.698970004 -0.25 0.0084736 7.151811123 7.145 339.3537439 3728.206849 0.228 -7.713 -8.52 -8.775 -6.684 -7.934 -8.769
thin1 0 thin_disk 7.698970004 -0.25 0.0084736 7.15230608 7.146 343.2042402 3722.20253 0.219 -7.732 -8.541 -8.797 -6.7 -7.954 -8.791
thin1 0 thin_disk 7.698970004 -0.25 0.0084736 7.152678966 7.146 345.4241081 3718.775833 0.213 -7.745 -8.554 -8.811 -6.71 -7.967 -8.805
thin1 0 thin_disk 7.698970004 -0.25 0.0084736 7.153625965 7.147 356.0021697 3703.394694 0.186 -7.796 -8.61 -8.871 -6.752 -8.021 -8.864
thin1 0 thin_disk 7.698970004 -0.25 0.0084736 7.155251503 7.149 369.1073088 3685.530419 0.155 -7.858 -8.678 -8.942 -6.804 -8.086 -8.935
thin1 0 thin_disk 7.698970004 -0.25 0.0084736 7.155909538 7.15 373.7254253 3679.59483 0.144 -7.881 -8.702 -8.967 -6.824 -8.11 -8.961
