# component component_index family logAge MH Zini Mini Mass radius_rsun Teff_K logg Jmag_2mass Hmag_2mass Ksmag_2mass F087mag F146mag F213mag
thin6 5 thin_disk 9.698970004 0.25 0.025095 0.0955969095 0.095 0.1329696865 2302.501915 5.168 10.99 10.4 10.105 12.851 11.016 10.184
thin6 5 thin_disk 9.698970004 0.25 0.025095 0.1055120975 0.105 0.1438641701 2399.385334 5.141 10.64 10.052 9.754 12.502 10.667 9.833
thin6 5 thin_disk 9.698970004 0.25 0.025095 0.1069069207 0.107 0.1453625875 2410.460394 5.138 10.597 10.01 9.712 12.459 10.624 9.79
thin6 5 thin_disk 9.698970004 0.25 0.025095 0.1253425032 0.125 0.1647982687 2550.35126 5.099 10.082 9.497 9.196 11.944 10.109 9.274
thin6 5 thin_disk 9.698970004 0.25 0.025095 0.145172894 0.145 0.1836760981 2662.563659 5.068 9.676 9.093 8.793 11.458 9.692 8.867
thin6 5 thin_disk 9.698970004 0.25 0.025095 0.1650032997 0.165 0.2013968367 2746.628992 5.043 9.37 8.79 8.495 11.023 9.369 8.563
thin6 5 thin_disk 9.698970004 0.25 0.025095 0.2046640813 0.204 0.2349917659 2872.764332 5.003 8.883 8.304 8.019 10.367 8.859 8.079
thin6 5 thin_disk 9.698970004 0.25 0.025095 0.2542400956 0.254 0.2750759648 2979.202337 4.961 8.419 7.838 7.565 9.786 8.379 7.619
thin6 5 thin_disk 9.698970004 0.25 0.025095 0.306799382 0.306 0.3168492218 3068.315401 4.92 8.015 7.429 7.167 9.297 7.962 7.216
thin6 5 thin_disk 9.698970004 0.25 0.025095 0.3301769793 0.33 0.337794555 3100.987389 4.896 7.84 7.253 6.994 9.095 7.783 7.042
thin6 5 thin_disk 9.698970004 0.25 0.025095 0.3523346782 0.352 0.3580573927 3130.40119 4.874 7.682 7.092 6.837 8.914 7.62 6.883
thin6 5 thin_disk 9.698970004 0.25 0.025095 0.3533920944 0.353 0.3589654455 3131.843125 4.873 7.675 7.084 6.829 8.906 7.613 6.876
thin6 5 thin_disk 9.698970004 0.25 0.025095 0.4029681087 0.403 0.3999932337 3215.881224 4.836 7.352 6.752 6.507 8.523 7.278 6.55
thin6 5 thin_disk 9.698970004 0.25 0.025095 0.4184335768 0.418 0.4145268296 3245.637406 4.822 7.245 6.641 6.399 8.396 7.166 6.441
thin6 5 thin_disk 9.698970004 0.25 0.025095 0.4525440931 0.452 0.4457102738 3309.786651 4.792 7.024 6.41 6.174 8.134 6.934 6.213
thin6 5 thin_disk 9.698970004 0.25 0.025095 0.502120018 0.502 0.4953961702 3416.646128 4.746 6.691 6.061 5.832 7.741 6.584 5.867
thin6 5 thin_disk 9.698970004 0.25 0.025095 0.5078440309 0.508 0.50170987 3432.41665 4.74 6.649 6.017 5.789 7.691 6.54 5.824
thin6 5 thin_disk 9.698970004 0.25 0.025095 0.5516960621 0.551 0.5492279685 3549.768245 4.697 6.343 5.694 5.475 7.325 6.217 5.504
thin6 5 thin_disk 9.698970004 0.25 0.025095 0.5986829996 0.598 0.5943642026 3722.20253 4.664 6.027 5.357 5.154 6.928 5.881 5.176
thin6 5 thin_disk 9.698970004 0.25 0.025095 0.601271987 0.601 0.5968327482 3731.642237 4.663 6.01 5.339 5.138 6.907 5.864 5.159
thin6 5 thin_disk 9.698970004 0.25 0.025095 0.603990972 0.604 0.5988976995 3744.553156 4.661 5.991 5.319 5.119 6.883 5.844 5.141
thin6 5 thin_disk 9.698970004 0.25 0.025095 0.650848031 0.651 0.6357006344 3969.17274 4.642 5.676 4.991 4.822 6.491 5.516 4.837
thin6 5 thin_disk 9.698970004 0.25 0.025095 0.661567688 0.662 0.6429136474 4027.170343 4.64 5.603 4.92 4.759 6.402 5.444 4.773
thin6 5 thin_disk 9.698970004 0.25 0.025095 0.7004240751 0.7 0.6690408643 4237.405247 4.63 5.351 4.684 4.551 6.097 5.196 4.561
thin6 5 thin_disk 9.698970004 0.25 0.025095 0.7353593111 0.735 0.6839945555 4475.07172 4.631 5.132 4.508 4.401 5.817 4.994 4.408
thin6 5 thin_disk 9.698970004 0.25 0.025095 0.75 0.75 0.6908005026 4575.093773 4.632 5.044 4.45 4.348 5.702 4.917 4.354
thin6 5 thin_disk 9.698970004 0.25 0.025095 0.7537261844 0.754 0.6939890928 4590.922908 4.629 5.022 4.433 4.333 5.676 4.897 4.339
thin6 5 thin_disk 9.698970004 0.25 0.025095 0.8000000119 0.8 0.7388438196 4789.608325 4.601 4.76 4.233 4.142 5.361 4.658 4.147
thin6 5 thin_disk 9.698970004 0.25 0.025095 0.8403481245 0.84 0.7786685692 4970.499106 4.577 4.537 4.059 3.976 5.094 4.453 3.981
thin6 5 thin_disk 9.698970004 0.25 0.025095 0.8500000238 0.85 0.7887741056 5013.026495 4.571 4.485 4.018 3.938 5.032 4.405 3.942
thin6 5 thin_disk 9.698970004 0.25 0.025095 0.889007926 0.888 0.8320561689 5182.03092 4.543 4.275 3.85 3.776 4.783 4.209 3.779
thin6 5 thin_disk 9.698970004 0.25 0.025095 0.8999999762 0.899 0.8449920926 5228.775553 4.535 4.216 3.803 3.73 4.714 4.154 3.734
thin6 5 thin_disk 9.698970004 0.25 0.025095 0.905882895 0.905 0.8528107081 5252.910485 4.531 4.184 3.776 3.705 4.677 4.124 3.708
thin6 5 thin_disk 9.698970004 0.25 0.025095 0.9287390113 0.928 0.8819676278 5346.874616 4.512 4.063 3.675 3.607 4.535 4.009 3.61
thin6 5 thin_disk 9.698970004 0.25 0.025095 0.9489995837 0.948 0.9098140618 5427.502098 4.494 3.956 3.585 3.52 4.411 3.907 3.523
thin6 5 thin_disk 9.698970004 0.25 0.025095 0.9500000477 0.949 0.9112816912 5432.503315 4.493 3.95 3.581 3.516 4.405 3.902 3.519
thin6 5 thin_disk 9.698970004 0.25 0.025095 0.9677784443 0.967 0.938755825 5499.206144 4.476 3.855 3.498 3.436 4.296 3.81 3.439
thin6 5 thin_disk 9.698970004 0.25 0.025095 0.9998040199 1 0.9909520601 5614.356681 4.443 3.685 3.35 3.293 4.105 3.647 3.296
thin6 5 thin_disk 9.698970004 0.25 0.025095 1 1 0.991636822 5615.649584 4.442 3.684 3.349 3.292 4.104 3.646 3.295
thin6 5 thin_disk 9.698970004 0.25 0.025095 1.007583857 1.007 1.005894989 5640.271374 4.434 3.643 3.313 3.257 4.058 3.606 3.26
thin6 5 thin_disk 9.698970004 0.25 0.025095 1.02355659 1.023 1.036460236 5692.460163 4.415 3.557 3.236 3.182 3.963 3.522 3.185
thin6 5 thin_disk 9.698970004 0.25 0.025095 1.038652778 1.038 1.066234289 5739.842822 4.396 3.475 3.162 3.111 3.872 3.443 3.113
thin6 5 thin_disk 9.698970004 0.25 0.025095 1.049999952 1.049 1.089312895 5774.308727 4.382 3.413 3.106 3.056 3.805 3.383 3.058
thin6 5 thin_disk 9.698970004 0.25 0.025095 1.060638308 1.06 1.113660061 5803.633782 4.367 3.355 3.052 3.003 3.742 3.326 3.006
thin6 5 thin_disk 9.698970004 0.25 0.025095 1.076445699 1.075 1.15014513 5843.86265 4.345 3.268 2.972 2.924 3.648 3.24 2.926
thin6 5 thin_disk 9.698970004 0.25 0.025095 1.091259956 1.09 1.187005264 5876.246425 4.324 3.187 2.896 2.85 3.562 3.161 2.852
thin6 5 thin_disk 9.698970004 0.25 0.025095 1.100000024 1.099 1.209351771 5892.505547 4.311 3.14 2.852 2.806 3.513 3.115 2.809
thin6 5 thin_disk 9.698970004 0.25 0.025095 1.108835459 1.108 1.232686514 5907.449259 4.298 3.093 2.808 2.762 3.464 3.069 2.765
thin6 5 thin_disk 9.698970004 0.25 0.025095 1.120616913 1.119 1.26751365 5923.794716 4.279 3.028 2.746 2.701 3.396 3.004 2.703
thin6 5 thin_disk 9.698970004 0.25 0.025095 1.13938272 1.138 1.327861089 5956.621435 4.245 2.914 2.637 2.593 3.277 2.892 2.595
thin6 5 thin_disk 9.698970004 0.25 0.025095 1.149999976 1.149 1.365377195 5973.102948 4.225 2.848 2.574 2.531 3.208 2.826 2.533
thin6 5 thin_disk 9.698970004 0.25 0.025095 1.15450108 1.153 1.379280654 5970.352866 4.218 2.826 2.552 2.508 3.187 2.804 2.51
thin6 5 thin_disk 9.698970004 0.25 0.025095 1.169100165 1.168 1.433021297 5966.230116 4.19 2.744 2.469 2.425 3.105 2.722 2.427
thin6 5 thin_disk 9.698970004 0.25 0.025095 1.176301122 1.175 1.467076109 5971.727749 4.173 2.692 2.418 2.375 3.053 2.671 2.377
thin6 5 thin_disk 9.698970004 0.25 0.025095 1.180310011 1.179 1.488170341 5977.230447 4.161 2.658 2.385 2.342 3.018 2.637 2.344
thin6 5 thin_disk 9.698970004 0.25 0.025095 1.184129 1.183 1.520731861 6002.055404 4.144 2.601 2.332 2.29 2.957 2.581 2.292
thin6 5 thin_disk 9.698970004 0.25 0.025095 1.185117006 1.184 1.53798693 6013.121788 4.135 2.575 2.308 2.265 2.929 2.555 2.268
thin6 5 thin_disk 9.698970004 0.25 0.025095 1.190408945 1.189 1.570914849 6004.820089 4.118 2.53 2.262 2.219 2.885 2.51 2.221
thin6 5 thin_disk 9.698970004 0.25 0.025095 1.197107315 1.196 1.610470021 5992.389026 4.099 2.482 2.212 2.168 2.839 2.461 2.171
thin6 5 thin_disk 9.698970004 0.25 0.025095 1.200000048 1.199 1.626494671 5986.872372 4.092 2.462 2.191 2.148 2.82 2.441 2.15
thin6 5 thin_disk 9.698970004 0.25 0.025095 1.216798663 1.216 1.748850336 5925.158877 4.035 2.329 2.048 2.002 2.697 2.305 2.004
thin6 5 thin_disk 9.698970004 0.25 0.025095 1.231081247 1.23 1.876949746 5842.517205 3.978 2.206 1.911 1.863 2.588 2.179 1.865
thin6 5 thin_disk 9.698970004 0.25 0.025095 1.241798282 1.241 2.002408337 5718.735365 3.926 2.117 1.801 1.748 2.52 2.084 1.75
thin6 5 thin_disk 9.698970004 0.25 0.025095 1.249045134 1.248 2.11082702 5560.322737 3.882 2.07 1.724 1.665 2.504 2.029 1.667
thin6 5 thin_disk 9.698970004 0.25 0.025095 1.25 1.249 2.127417096 5532.227103 3.876 2.066 1.714 1.654 2.505 2.023 1.656
thin6 5 thin_disk 9.698970004 0.25 0.025095 1.25277257 1.252 2.166968732 5462.607542 3.861 2.058 1.691 1.629 2.511 2.01 1.631
thin6 5 thin_disk 9.698970004 0.25 0.025095 1.256874204 1.256 2.247774007 5335.805618 3.83 2.041 1.648 1.581 2.522 1.986 1.583
thin6 5 thin_disk 9.698970004 0.25 0.025095 1.258897662 1.258 2.293256562 5261.384003 3.814 2.037 1.627 1.557 2.534 1.977 1.559
thin6 5 thin_disk 9.698970004 0.25 0.025095 1.260573983 1.26 2.330518983 5189.195108 3.801 2.04 1.614 1.54 2.553 1.975 1.543
thin6 5 thin_disk 9.698970004 0.25 0.025095 1.262116432 1.261 2.373300031 5127.433069 3.786 2.034 1.593 1.517 2.562 1.964 1.52
thin6 5 thin_disk 9.698970004 0.25 0.025095 1.2636379 1.263 2.425228398 5072.242399 3.767 2.017 1.563 1.484 2.558 1.942 1.487
thin6 5 thin_disk 9.698970004 0.25 0.025095 1.265749574 1.265 2.517982137 5009.564815 3.735 1.971 1.501 1.42 2.527 1.891 1.423
thin6 5 thin_disk 9.698970004 0.25 0.025095 1.267663836 1.267 2.61669223 4968.210633 3.702 1.911 1.431 1.347 2.478 1.828 1.351
thin6 5 thin_disk 9.698970004 0.25 0.025095 1.268410802 1.267 2.66104761 4957.925539 3.689 1.882 1.399 1.315 2.451 1.798 1.318
thin6 5 thin_disk 9.698970004 0.25 0.025095 1.271369576 1.27 2.836956292 4924.929296 3.633 1.761 1.269 1.183 2.339 1.673 1.187
thin6 5 thin_disk 9.698970004 0.25 0.025095 1.274440527 1.273 3.046159536 4900.044228 3.573 1.623 1.124 1.037 2.208 1.533 1.04
thin6 5 thin_disk 9.698970004 0.25 0.025095 1.277101517 1.276 3.252015784 4880.901012 3.517 1.493 0.989 0.901 2.083 1.401 0.904
thin6 5 thin_disk 9.698970004 0.25 0.025095 1.279131651 1.278 3.428093391 4867.4332 3.472 1.386 0.878 0.79 1.98 1.293 0.793
thin6 5 thin_disk 9.698970004 0.25 0.025095 1.281542301 1.281 3.670731721 4849.533905 3.413 1.248 0.736 0.646 1.847 1.153 0.649
thin6 5 thin_disk 9.698970004 0.25 0.025095 1.283653617 1.283 3.921503842 4831.700432 3.356 1.114 0.598 0.507 1.718 1.018 0.51
thin6 5 thin_disk 9.698970004 0.25 0.025095 1.285556674 1.285 4.191337614 4812.824219 3.299 0.982 0.461 0.369 1.591 0.885 0.372
thin6 5 thin_disk 9.698970004 0.25 0.025095 1.287245631 1.286 4.474583788 4794.021749 3.243 0.852 0.325 0.232 1.467 0.752 0.235
thin6 5 thin_disk 9.698970004 0.25 0.025095 1.28880012 1.288 4.78688115 4773.094139 3.185 0.719 0.187 0.092 1.34 0.617 0.095
thin6 5 thin_disk 9.698970004 0.25 0.025095 1.29017365 1.289 5.111550371 4751.163764 3.128 0.589 0.051 -0.045 1.216 0.485 -0.042
thin6 5 thin_disk 9.698970004 0.25 0.025095 1.291402101 1.29 5.464527865 4729.334149 3.071 0.459 -0.085 -0.183 1.093 0.353 -0.18
thin6 5 thin_disk 9.698970004 0.25 0.025095 1.292477846 1.291 5.824419468 4706.520991 3.016 0.333 -0.217 -0.316 0.974 0.225 -0.313
thin6 5 thin_disk 9.698970004 0.25 0.025095 1.293442369 1.292 6.208013388 4683.817879 2.96 0.21 -0.347 -0.448 0.857 0.099 -0.445
thin6 5 thin_disk 9.698970004 0.25 0.025095 1.294330359 1.293 6.619918532 4660.151117 2.905 0.085 -0.478 -0.581 0.74 -0.028 -0.578
thin6 5 thin_disk 9.698970004 0.25 0.025095 1.295145631 1.294 7.073797852 4634.469197 2.848 -0.039 -0.61 -0.714 0.622 -0.155 -0.711
thin6 5 thin_disk 9.698970004 0.25 0.025095 1.295895457 1.295 7.537939455 4609.990177 2.792 -0.163 -0.741 -0.847 0.506 -0.282 -0.844
thin6 5 thin_disk 9.698970004 0.25 0.025095 1.296575308 1.295 8.036235309 4584.584692 2.738 -0.283 -0.868 -0.977 0.394 -0.404 -0.973
thin6 5 thin_disk 9.698970004 0.25 0.025095 1.297219634 1.296 8.543830913 4560.36916 2.685 -0.4 -0.992 -1.103 0.284 -0.524 -1.099
thin6 5 thin_disk 9.698970004 0.25 0.025095 1.297969222 1.297 9.027191278 4537.326169 2.637 -0.504 -1.103 -1.215 0.187 -0.631 -1.212
thin6 5 thin_disk 9.698970004 0.25 0.025095 1.298297524 1.297 9.178097033 4531.06195 2.623 -0.536 -1.136 -1.249 0.157 -0.663 -1.246
thin6 5 thin_disk 9.698970004 0.25 0.025095 1.298619747 1.297 8.925912904 4544.645372 2.647 -0.485 -1.081 -1.193 0.204 -0.61 -1.19
thin6 5 thin_disk 9.698970004 0.25 0.025095 1.299024463 1.297 8.605035074 4562.469771 2.679 -0.417 -1.008 -1.118 0.267 -0.54 -1.115
thin6 5 thin_disk 9.698970004 0.25 0.025095 1.299131036 1.298 8.492834183 4568.777412 2.69 -0.394 -0.983 -1.093 0.288 -0.517 -1.09
thin6 5 thin_disk 9.698970004 0.25 0.025095 1.299629569 1.298 9.037590201 4542.552967 2.636 -0.51 -1.107 -1.219 0.179 -0.636 -1.216
thin6 5 thin_disk 9.698970004 0.25 0.025095 1.299999952 1.298 9.465698011 4523.764623 2.597 -0.596 -1.199 -1.313 0.099 -0.724 -1.309
thin6 5 thin_disk 9.698970004 0.25 0.025095 1.300020218 1.298 9.491888869 4522.723108 2.594 -0.602 -1.205 -1.319 0.094 -0.73 -1.315
thin6 5 thin_disk 9.698970004 0.25 0.025095 1.300451875 1.299 10.14968689 4493.657831 2.536 -0.728 -1.339 -1.455 -0.023 -0.859 -1.452
thin6 5 thin_disk 9.698970004 0.25 0.025095 1.300835729 1.299 10.8306032 4466.835922 2.48 -0.849 -1.468 -1.587 -0.135 -0.983 -1.583
thin6 5 thin_disk 9.698970004 0.25 0.025095 1.301192164 1.299 11.55453959 4438.129803 2.423 -0.971 -1.597 -1.719 -0.248 -1.109 -1.716
thin6 5 thin_disk 9.698970004 0.25 0.025095 1.30151856 1.3 12.34106515 4409.608165 2.367 -1.092 -1.726 -1.852 -0.361 -1.233 -1.848
thin6 5 thin_disk 9.698970004 0.25 0.025095 1.301819563 1.3 13.16596344 4381.26982 2.31 -1.214 -1.856 -1.985 -0.473 -1.358 -1.981
thin6 5 thin_disk 9.698970004 0.25 0.025095 1.302095652 1.3 14.06865711 4352.111366 2.253 -1.335 -1.985 -2.117 -0.585 -1.482 -2.113
thin6 5 thin_disk 9.698970004 0.25 0.025095 1.302350044 1.3 15.01594417 4323.146969 2.196 -1.455 -2.113 -2.249 -0.696 -1.606 -2.245
thin6 5 thin_disk 9.698970004 0.25 0.025095 1.302577853 1.3 16.00857389 4294.375337 2.141 -1.573 -2.239 -2.378 -0.804 -1.727 -2.374
thin6 5 thin_disk 9.698970004 0.25 0.025095 1.302789331 1.3 17.07468282 4264.813065 2.085 -1.691 -2.366 -2.509 -0.913 -1.849 -2.505
thin6 5 thin_disk 9.698970004 0.25 0.025095 1.302981734 1.3 18.21179046 4235.454299 2.029 -1.809 -2.491 -2.638 -1.02 -1.97 -2.634
thin6 5 thin_disk 9.698970004 0.25 0.025095 1.303157926 1.3 19.42462507 4206.297637 1.973 -1.925 -2.613 -2.765 -1.126 -2.089 -2.761
thin6 5 thin_disk 9.698970004 0.25 0.025095 1.303320527 1.3 20.69439074 4177.341687 1.917 -2.04 -2.731 -2.89 -1.23 -2.205 -2.886
thin6 5 thin_disk 9.698970004 0.25 0.025095 1.303467393 1.3 22.05731497 4147.629932 1.862 -2.154 -2.846 -3.013 -1.331 -2.319 -3.008
thin6 5 thin_disk 9.698970004 0.25 0.025095 1.303603649 1.3 23.51000085 4118.129505 1.807 -2.267 -2.963 -3.137 -1.432 -2.434 -3.132
thin6 5 thin_disk 9.698970004 0.25 0.025095 1.303728223 1.3 25.02952713 4088.838903 1.752 -2.379 -3.078 -3.259 -1.532 -2.547 -3.254
thin6 5 thin_disk 9.698970004 0.25 0.025095 1.303843021 1.3 26.67796171 4059.756633 1.697 -2.491 -3.192 -3.381 -1.63 -2.66 -3.376
thin6 5 thin_disk 9.698970004 0.25 0.025095 1.303949475 1.3 28.41532613 4029.953175 1.642 -2.602 -3.308 -3.504 -1.728 -2.774 -3.499
thin6 5 thin_disk 9.698970004 0.25 0.025095 1.304046273 1.3 30.23100916 4000.36851 1.588 -2.712 -3.421 -3.625 -1.823 -2.885 -3.619
thin6 5 thin_disk 9.698970004 0.25 0.025095 1.304135561 1.3 32.17752563 3970.086781 1.534 -2.821 -3.533 -3.746 -1.917 -2.995 -3.74
thin6 5 thin_disk 9.698970004 0.25 0.025095 1.304219127 1.299 34.27304134 3940.941607 1.479 -2.932 -3.65 -3.869 -2.013 -3.109 -3.863
thin6 5 thin_disk 9.698970004 0.25 0.025095 1.304294944 1.299 36.43784171 3911.109724 1.426 -3.041 -3.767 -3.992 -2.109 -3.222 -3.985
thin6 5 thin_disk 9.698970004 0.25 0.025095 1.30436492 1.299 38.75722238 3880.610014 1.372 -3.15 -3.884 -4.115 -2.204 -3.335 -4.108
thin6 5 thin_disk 9.698970004 0.25 0.025095 1.30442977 1.299 41.20525867 3851.234824 1.319 -3.259 -4.001 -4.237 -2.298 -3.448 -4.23
thin6 5 thin_disk 9.698970004 0.25 0.025095 1.304489493 1.298 43.77767017 3821.202032 1.266 -3.367 -4.116 -4.358 -2.391 -3.56 -4.351
thin6 5 thin_disk 9.698970004 0.25 0.025095 1.304544449 1.298 46.53209915 3790.530539 1.213 -3.474 -4.231 -4.478 -2.481 -3.67 -4.471
thin6 5 thin_disk 9.698970004 0.25 0.025095 1.304595351 1.297 49.38017729 3760.971133 1.161 -3.58 -4.344 -4.597 -2.568 -3.78 -4.59
thin6 5 thin_disk 9.698970004 0.25 0.025095 1.304642916 1.297 52.42671484 3730.783093 1.109 -3.686 -4.457 -4.716 -2.655 -3.889 -4.709
thin6 5 thin_disk 9.698970004 0.25 0.025095 1.30468595 1.297 55.57156722 3701.68961 1.058 -3.788 -4.566 -4.831 -2.737 -3.994 -4.823
thin6 5 thin_disk 9.698970004 0.25 0.025095 1.304727077 1.296 58.95934428 3671.131997 1.007 -3.892 -4.677 -4.948 -2.817 -4.102 -4.94
thin6 5 thin_disk 9.698970004 0.25 0.025095 1.304765463 1.295 62.55364842 3640.826638 0.955 -3.996 -4.788 -5.065 -2.897 -4.209 -5.057
thin6 5 thin_disk 9.698970004 0.25 0.025095 1.304809094 1.295 67.25934673 3603.296501 0.892 -4.123 -4.922 -5.207 -2.986 -4.339 -5.199
thin6 5 thin_disk 9.698970004 0.25 0.025095 1.304849625 1.294 72.23582627 3566.15323 0.829 -4.249 -5.056 -5.349 -3.073 -4.469 -5.34
thin6 5 thin_disk 9.698970004 0.25 0.025095 1.304886222 1.293 77.52694039 3528.580258 0.768 -4.371 -5.185 -5.486 -3.15 -4.594 -5.478
thin6 5 thin_disk 9.698970004 0.25 0.025095 1.304920435 1.292 83.20561689 3491.403155 0.707 -4.493 -5.314 -5.624 -3.22 -4.719 -5.615
thin6 5 thin_disk 9.698970004 0.25 0.025095 1.304951668 1.291 89.05383874 3455.413296 0.647 -4.612 -5.439 -5.758 -3.282 -4.84 -5.749
thin6 5 thin_disk 9.698970004 0.25 0.025095 1.304980755 1.289 95.35701437 3419.007079 0.587 -4.73 -5.562 -5.891 -3.331 -4.96 -5.882
thin6 5 thin_disk 9.698970004 0.25 0.025095 1.305007219 1.288 101.8245841 3383.763489 0.529 -4.843 -5.682 -6.02 -3.374 -5.075 -6.01
thin6 5 thin_disk 9.698970004 0.25 0.025095 1.305032372 1.286 108.9062101 3348.112174 0.471 -4.958 -5.801 -6.15 -3.394 -5.19 -6.14
thin6 5 thin_disk 9.698970004 0.25 0.025095 1.305055976 1.285 116.3999101 3312.07376 0.412 -5.072 -5.92 -6.279 -3.413 -5.305 -6.269
thin6 5 thin_disk 9.698970004 0.25 0.025095 1.305077553 1.283 124.2088797 3277.177768 0.354 -5.182 -6.036 -6.405 -3.4 -5.414 -6.394
thin6 5 thin_disk 9.698970004 0.25 0.025095 1.305097938 1.281 132.6027848 3241.902878 0.298 -5.29 -6.15 -6.53 -3.382 -5.522 -6.518
thin6 5 thin_disk 9.698970004 0.25 0.025095 1.30511725 1.278 141.466186 3206.269325 0.24 -5.397 -6.263 -6.653 -3.366 -5.628 -6.639
thin6 5 thin_disk 9.698970004 0.25 0.025095 1.305135369 1.276 150.9220323 3171.027439 0.184 -5.502 -6.375 -6.773 -3.346 -5.731 -6.758
thin6 5 thin_disk 9.698970004 0.25 0.025095 1.305152059 1.273 160.5656511 3136.89513 0.129 -5.603 -6.483 -6.89 -3.316 -5.831 -6.874
thin6 5 thin_disk 9.698970004 0.25 0.025095 1.305167913 1.27 170.5503617 3103.844819 0.076 -5.698 -6.586 -7.003 -3.284 -5.925 -6.986
thin6 5 thin_disk 9.698970004 0.25 0.025095 1.305178285 1.268 176.7879439 3083.897962 0.044 -5.754 -6.648 -7.07 -3.271 -5.981 -7.052
thin6 5 thin_disk 9.698970004 0.25 0.025095 1.305178285 1.268 11.27074554 4571.934502 2.434 -1.012 -1.596 -1.708 -3.271 -5.981 -7.052
thin6 5 thin_disk 9.698970004 0.25 0.025095 1.305459142 1.268 11.49350912 4561.419344 2.417 -1.048 -1.635 -1.748 -0.361 -1.17 -1.745
thin6 5 thin_disk 9.698970004 0.25 0.025095 1.305731535 1.268 11.53858742 4560.36916 2.414 -1.056 -1.643 -1.757 -0.369 -1.178 -1.753
thin6 5 thin_disk 9.698970004 0.25 0.025095 1.306009889 1.269 11.50939897 4563.520439 2.416 -1.052 -1.638 -1.751 -0.366 -1.174 -1.748
thin6 5 thin_disk 9.698970004 0.25 0.025095 1.306287885 1.269 11.46179522 4567.725533 2.42 -1.046 -1.631 -1.744 -0.361 -1.167 -1.741
thin6 5 thin_disk 9.698970004 0.25 0.025095 1.306567311 1.269 11.41438836 4571.934502 2.424 -1.04 -1.623 -1.736 -0.356 -1.16 -1.733
thin6 5 thin_disk 9.698970004 0.25 0.025095 1.306846023 1.27 11.36717758 4576.147349 2.428 -1.033 -1.616 -1.728 -0.351 -1.153 -1.725
thin6 5 thin_disk 9.698970004 0.25 0.025095 1.307121635 1.27 11.32016207 4580.364078 2.431 -1.028 -1.609 -1.721 -0.346 -1.147 -1.718
thin6 5 thin_disk 9.698970004 0.25 0.025095 1.307394743 1.27 11.27853379 4583.529174 2.435 -1.022 -1.602 -1.714 -0.341 -1.141 -1.711
thin6 5 thin_disk 9.698970004 0.25 0.025095 1.307664156 1.271 11.24482355 4587.752705 2.438 -1.017 -1.596 -1.707 -0.337 -1.135 -1.704
thin6 5 thin_disk 9.698970004 0.25 0.025095 1.307942271 1.271 11.2034723 4590.922908 2.44 -1.012 -1.591 -1.702 -0.334 -1.131 -1.699
thin6 5 thin_disk 9.698970004 0.25 0.025095 1.308211684 1.271 11.18027909 4593.037593 2.443 -1.009 -1.586 -1.697 -0.331 -1.127 -1.694
thin6 5 thin_disk 9.698970004 0.25 0.025095 1.308494687 1.272 11.15199702 4596.211447 2.445 -1.006 -1.582 -1.693 -0.329 -1.123 -1.69
thin6 5 thin_disk 9.698970004 0.25 0.025095 1.308781505 1.272 11.1237865 4599.387494 2.447 -1.003 -1.579 -1.689 -0.327 -1.12 -1.686
thin6 5 thin_disk 9.698970004 0.25 0.025095 1.308841109 1.272 11.1237865 4599.387494 2.447 -1.003 -1.578 -1.689 -0.327 -1.12 -1.686
thin6 5 thin_disk 9.698970004 0.25 0.025095 1.309051156 1.272 11.11354583 4601.506078 2.448 -1.001 -1.576 -1.686 -0.326 -1.118 -1.683
thin6 5 thin_disk 9.698970004 0.25 0.025095 1.309327602 1.272 11.09053878 4603.625638 2.449 -1 -1.574 -1.684 -0.325 -1.117 -1.681
thin6 5 thin_disk 9.698970004 0.25 0.025095 1.309588432 1.273 11.08543258 4604.685784 2.45 -0.999 -1.573 -1.683 -0.325 -1.116 -1.68
thin6 5 thin_disk 9.698970004 0.25 0.025095 1.309864879 1.273 11.07522722 4606.806808 2.451 -0.999 -1.572 -1.682 -0.325 -1.115 -1.679
thin6 5 thin_disk 9.698970004 0.25 0.025095 1.310132027 1.273 11.08798539 4606.806808 2.451 -1 -1.573 -1.683 -0.326 -1.116 -1.68
thin6 5 thin_disk 9.698970004 0.25 0.025095 1.310415149 1.274 11.09564734 4607.867687 2.45 -1.002 -1.575 -1.684 -0.328 -1.118 -1.681
thin6 5 thin_disk 9.698970004 0.25 0.025095 1.310686827 1.274 11.10842903 4607.867687 2.449 -1.005 -1.578 -1.687 -0.331 -1.121 -1.684
thin6 5 thin_disk 9.698970004 0.25 0.025095 1.310761094 1.274 11.10842903 4607.867687 2.449 -1.006 -1.579 -1.688 -0.332 -1.122 -1.685
thin6 5 thin_disk 9.698970004 0.25 0.025095 1.31096077 1.274 11.13403661 4607.867687 2.448 -1.009 -1.582 -1.692 -0.335 -1.125 -1.689
thin6 5 thin_disk 9.698970004 0.25 0.025095 1.311228752 1.275 11.16484363 4606.806808 2.445 -1.015 -1.588 -1.698 -0.34 -1.131 -1.695
thin6 5 thin_disk 9.698970004 0.25 0.025095 1.311502814 1.275 11.20089291 4604.685784 2.442 -1.022 -1.595 -1.706 -0.347 -1.138 -1.703
thin6 5 thin_disk 9.698970004 0.25 0.025095 1.311778426 1.275 11.26296267 4602.565736 2.438 -1.031 -1.606 -1.716 -0.356 -1.148 -1.713
thin6 5 thin_disk 9.698970004 0.25 0.025095 1.3120507 1.276 11.33059313 4599.387494 2.432 -1.043 -1.618 -1.729 -0.367 -1.16 -1.726
thin6 5 thin_disk 9.698970004 0.25 0.025095 1.312325358 1.276 11.41701692 4595.153252 2.426 -1.057 -1.633 -1.744 -0.38 -1.175 -1.741
thin6 5 thin_disk 9.698970004 0.25 0.025095 1.312591672 1.276 11.53593087 4589.86593 2.417 -1.075 -1.653 -1.764 -0.396 -1.193 -1.761
thin6 5 thin_disk 9.698970004 0.25 0.025095 1.312858939 1.277 11.68026362 4582.473899 2.407 -1.097 -1.677 -1.789 -0.416 -1.216 -1.786
thin6 5 thin_disk 9.698970004 0.25 0.025095 1.3131392 1.277 11.8209572 4576.147349 2.396 -1.12 -1.701 -1.814 -0.436 -1.239 -1.811
thin6 5 thin_disk 9.698970004 0.25 0.025095 1.313414097 1.277 12.09908826 4562.469771 2.376 -1.16 -1.745 -1.859 -0.473 -1.281 -1.856
thin6 5 thin_disk 9.698970004 0.25 0.025095 1.313686729 1.277 12.6751365 4535.237135 2.336 -1.243 -1.835 -1.951 -0.547 -1.366 -1.948
thin6 5 thin_disk 9.698970004 0.25 0.025095 1.313842297 1.278 13.36449783 4504.016782 2.29 -1.338 -1.939 -2.058 -0.633 -1.465 -2.055
thin6 5 thin_disk 9.698970004 0.25 0.025095 1.313928604 1.278 14.12383531 4473.011348 2.241 -1.436 -2.046 -2.169 -0.721 -1.567 -2.165
thin6 5 thin_disk 9.698970004 0.25 0.025095 1.313978791 1.278 14.95728073 4440.174108 2.192 -1.537 -2.155 -2.281 -0.812 -1.671 -2.278
thin6 5 thin_disk 9.698970004 0.25 0.025095 1.314007402 1.278 15.80711616 4409.608165 2.144 -1.635 -2.262 -2.392 -0.9 -1.773 -2.388
thin6 5 thin_disk 9.698970004 0.25 0.025095 1.314023495 1.278 16.65914257 4380.261112 2.098 -1.728 -2.363 -2.496 -0.984 -1.869 -2.493
thin6 5 thin_disk 9.698970004 0.25 0.025095 1.314033985 1.278 17.60567355 4350.107606 2.05 -1.826 -2.47 -2.606 -1.072 -1.971 -2.603
thin6 5 thin_disk 9.698970004 0.25 0.025095 1.314041495 1.278 18.72632881 4316.184492 1.997 -1.934 -2.588 -2.728 -1.169 -2.083 -2.725
thin6 5 thin_disk 9.698970004 0.25 0.025095 1.314046383 1.278 19.84507044 4285.485204 1.947 -2.034 -2.691 -2.838 -1.258 -2.184 -2.834
thin6 5 thin_disk 9.698970004 0.25 0.025095 1.314047217 1.278 20.06100309 4279.568675 1.938 -2.053 -2.711 -2.859 -1.275 -2.203 -2.855
thin6 5 thin_disk 9.698970004 0.25 0.025095 1.314048171 1.278 20.34476346 4271.692675 1.925 -2.078 -2.736 -2.886 -1.297 -2.229 -2.882
thin6 5 thin_disk 9.698970004 0.25 0.025095 1.314053059 1.278 21.90043014 4232.529561 1.861 -2.206 -2.869 -3.027 -1.41 -2.358 -3.023
thin6 5 thin_disk 9.698970004 0.25 0.025095 1.314057231 1.278 23.21948831 4201.457744 1.81 -2.309 -2.976 -3.141 -1.501 -2.463 -3.136
thin6 5 thin_disk 9.698970004 0.25 0.025095 1.314063907 1.278 24.64635189 4170.614031 1.758 -2.412 -3.083 -3.255 -1.592 -2.568 -3.25
thin6 5 thin_disk 9.698970004 0.25 0.025095 1.314075112 1.278 23.78223383 4189.864711 1.789 -2.351 -3.019 -3.187 -1.538 -2.505 -3.182
thin6 5 thin_disk 9.698970004 0.25 0.025095 1.314098001 1.278 21.85509229 4234.479162 1.863 -2.204 -2.866 -3.024 -1.409 -2.356 -3.02
thin6 5 thin_disk 9.698970004 0.25 0.025095 1.314332604 1.278 21.09855172 4253.045217 1.894 -2.142 -2.802 -2.956 -1.354 -2.293 -2.952
thin6 5 thin_disk 9.698970004 0.25 0.025095 1.314460516 1.278 22.19998315 4225.713024 1.849 -2.232 -2.896 -3.055 -1.433 -2.385 -3.051
thin6 5 thin_disk 9.698970004 0.25 0.025095 1.314566016 1.278 23.60220862 4193.725497 1.796 -2.336 -3.004 -3.171 -1.526 -2.491 -3.166
thin6 5 thin_disk 9.698970004 0.25 0.025095 1.31465292 1.279 25.0641306 4161.980106 1.744 -2.44 -3.112 -3.286 -1.617 -2.596 -3.281
thin6 5 thin_disk 9.698970004 0.25 0.025095 1.314726234 1.279 26.6166041 4130.47502 1.692 -2.545 -3.221 -3.403 -1.709 -2.703 -3.398
thin6 5 thin_disk 9.698970004 0.25 0.025095 1.314789772 1.279 28.32387342 4097.321098 1.638 -2.652 -3.333 -3.522 -1.802 -2.812 -3.516
thin6 5 thin_disk 9.698970004 0.25 0.025095 1.314844847 1.279 30.12677506 4065.36927 1.584 -2.76 -3.445 -3.642 -1.895 -2.921 -3.636
thin6 5 thin_disk 9.698970004 0.25 0.025095 1.314893126 1.279 32.09612811 4032.73793 1.53 -2.867 -3.557 -3.762 -1.988 -3.031 -3.756
thin6 5 thin_disk 9.698970004 0.25 0.025095 1.314936042 1.279 34.15487064 4000.36851 1.475 -2.975 -3.672 -3.884 -2.081 -3.142 -3.878
thin6 5 thin_disk 9.698970004 0.25 0.025095 1.314975262 1.279 36.36240879 3967.345289 1.421 -3.085 -3.79 -4.009 -2.177 -3.256 -4.002
thin6 5 thin_disk 9.698970004 0.25 0.025095 1.315011382 1.279 38.71262715 3934.594676 1.366 -3.195 -3.91 -4.134 -2.273 -3.371 -4.127
thin6 5 thin_disk 9.698970004 0.25 0.025095 1.315045595 1.279 41.28123152 3901.21603 1.31 -3.307 -4.031 -4.261 -2.37 -3.488 -4.254
thin6 5 thin_disk 9.698970004 0.25 0.025095 1.315077305 1.279 44.04054096 3867.229981 1.255 -3.419 -4.152 -4.388 -2.465 -3.604 -4.381
thin6 5 thin_disk 9.698970004 0.25 0.025095 1.315107226 1.279 47.0059295 3832.657404 1.198 -3.533 -4.275 -4.518 -2.561 -3.722 -4.511
thin6 5 thin_disk 9.698970004 0.25 0.025095 1.315134883 1.279 50.170987 3798.393902 1.141 -3.646 -4.397 -4.646 -2.656 -3.84 -4.639
thin6 5 thin_disk 9.698970004 0.25 0.025095 1.315163016 1.279 53.74680405 3761.837228 1.081 -3.766 -4.526 -4.782 -2.753 -3.964 -4.774
thin6 5 thin_disk 9.698970004 0.25 0.025095 1.315190196 1.279 57.63053415 3723.917063 1.021 -3.886 -4.656 -4.919 -2.851 -4.089 -4.911
thin6 5 thin_disk 9.698970004 0.25 0.025095 1.315212488 1.279 61.69538019 3687.228059 0.962 -4.005 -4.783 -5.053 -2.942 -4.211 -5.045
thin6 5 thin_disk 9.698970004 0.25 0.025095 1.315226913 1.279 65.54697366 3654.264678 0.909 -4.109 -4.894 -5.171 -3.02 -4.319 -5.163
thin6 5 thin_disk 9.698970004 0.25 0.025095 1.315237165 1.279 69.41489081 3623.264176 0.86 -4.208 -5 -5.283 -3.092 -4.422 -5.275
thin6 5 thin_disk 9.698970004 0.25 0.025095 1.315246105 1.279 73.81636326 3589.219346 0.806 -4.316 -5.115 -5.405 -3.164 -4.533 -5.397
thin6 5 thin_disk 9.698970004 0.25 0.025095 1.315254331 1.279 78.91374331 3552.221185 0.748 -4.43 -5.237 -5.535 -3.24 -4.65 -5.527
thin6 5 thin_disk 9.698970004 0.25 0.025095 1.315262079 1.279 84.49920926 3514.795001 0.689 -4.547 -5.361 -5.668 -3.306 -4.77 -5.659
thin6 5 thin_disk 9.698970004 0.25 0.025095 1.315269709 1.279 90.75125609 3474.561475 0.627 -4.669 -5.491 -5.807 -3.373 -4.895 -5.798
thin6 5 thin_disk 9.698970004 0.25 0.025095 1.315276504 1.279 96.99573646 3437.161986 0.569 -4.783 -5.61 -5.936 -3.42 -5.011 -5.927
thin6 5 thin_disk 9.698970004 0.25 0.025095 1.31528461 1.279 104.7255488 3394.689054 0.502 -4.913 -5.748 -6.085 -3.468 -5.144 -6.076
thin6 5 thin_disk 9.698970004 0.25 0.025095 1.315293312 1.279 113.0453349 3351.19732 0.435 -5.043 -5.884 -6.233 -3.488 -5.275 -6.223
thin6 5 thin_disk 9.698970004 0.25 0.025095 1.31530261 1.279 121.8295513 3309.024632 0.371 -5.168 -6.015 -6.376 -3.498 -5.4 -6.366
thin6 5 thin_disk 9.698970004 0.25 0.025095 1.315312386 1.279 130.9943743 3267.382661 0.307 -5.289 -6.143 -6.516 -3.472 -5.52 -6.505
thin6 5 thin_disk 9.698970004 0.25 0.025095 1.315313339 1.279 130.0926154 3271.14654 0.313 -5.277 -6.13 -6.503 -3.475 -5.509 -6.492
thin6 5 thin_disk 9.698970004 0.25 0.025095 1.315313935 1.279 131.4173316 3265.878322 0.306 -5.292 -6.146 -6.52 -3.472 -5.524 -6.509
thin6 5 thin_disk 9.698970004 0.25 0.025095 1.315314531 1.279 132.541733 3261.369459 0.298 -5.306 -6.161 -6.537 -3.469 -5.538 -6.526
thin6 5 thin_disk 9.698970004 0.25 0.025095 1.315315366 1.279 134.9437096 3250.872974 0.282 -5.337 -6.194 -6.573 -3.461 -5.569 -6.561
thin6 5 thin_disk 9.698970004 0.25 0.025095 1.3153162 1.279 139.5894657 3231.469044 0.253 -5.392 -6.252 -6.637 -3.445 -5.623 -6.625
thin6 5 thin_disk 9.698970004 0.25 0.025095 1.315317869 1.279 149.2631645 3192.272818 0.194 -5.501 -6.368 -6.762 -3.419 -5.73 -6.748
thin6 5 thin_disk 9.698970004 0.25 0.025095 1.315317988 1.279 149.7451085 3190.803061 0.191 -5.506 -6.373 -6.768 -3.418 -5.735 -6.754
thin6 5 thin_disk 9.698970004 0.25 0.025095 1.315318108 1.279 149.7451085 3190.803061 0.191 -5.506 -6.374 -6.769 -3.418 -5.736 -6.755
thin6 5 thin_disk 9.698970004 0.25 0.025095 1.315318227 1.254 162.6869229 3114.583654 0.11 -5.608 -6.494 -6.907 -3.24 -5.836 -6.89
thin6 5 thin_disk 9.698970004 0.25 0.025095 1.315318346 1.254 104.9669661 3317.416497 0.492 -4.849 -5.7 -6.056 -3.203 -5.083 -6.045
thin6 5 thin_disk 9.698970004 0.25 0.025095 1.315318346 1.254 87.67033072 3422.945623 0.648 -4.55 -5.384 -5.709 -3.203 -5.083 -6.045
thin6 5 thin_disk 9.698970004 0.25 0.025095 1.315318584 1.253 64.20260427 3612.434656 0.918 -4.03 -4.828 -5.111 -2.903 -4.246 -5.103
thin6 5 thin_disk 9.698970004 0.25 0.025095 1.315318942 1.253 67.21290167 3581.789013 0.878 -4.105 -4.909 -5.198 -2.946 -4.324 -5.19
thin6 5 thin_disk 9.698970004 0.25 0.025095 1.3153193 1.253 83.8016645 3445.085463 0.686 -4.471 -5.302 -5.622 -3.121 -4.701 -5.613
thin6 5 thin_disk 9.698970004 0.25 0.025095 1.315319896 1.252 111.6227312 3274.914756 0.437 -4.945 -5.804 -6.17 -3.158 -5.179 -6.159
thin6 5 thin_disk 9.698970004 0.25 0.025095 1.315320492 1.251 142.512397 3136.172917 0.225 -5.341 -6.225 -6.627 -3.069 -5.569 -6.61
thin6 5 thin_disk 9.698970004 0.25 0.025095 1.315321207 1.25 167.5917534 3045.790305 0.084 -5.596 -6.502 -6.925 -3.032 -5.82 -6.903
thin6 5 thin_disk 9.698970004 0.25 0.025095 1.315322041 1.249 183.3802856 2995.021884 0.005 -5.735 -6.653 -7.087 -3.045 -5.954 -7.058
thin6 5 thin_disk 9.698970004 0.25 0.025095 1.315322876 1.248 192.7314749 2965.514146 -0.038 -5.808 -6.732 -7.17 -3.055 -6.023 -7.138
thin6 5 thin_disk 9.698970004 0.25 0.025095 1.315323949 1.247 199.4585442 2943.743734 -0.068 -5.857 -6.785 -7.227 -3.059 -6.069 -7.192
thin6 5 thin_disk 9.698970004 0.25 0.025095 1.315323949 1.247 138.4690284 3136.172917 0.248 -5.279 -6.164 -6.565 -3.059 -6.069 -7.192
thin6 5 thin_disk 9.698970004 0.25 0.025095 1.315324068 1.247 103.8610347 3296.856164 0.498 -4.808 -5.664 -6.024 -3.096 -5.043 -6.013
thin6 5 thin_disk 9.698970004 0.25 0.025095 1.315324306 1.246 75.95434884 3481.769367 0.77 -4.287 -5.113 -5.422 -2.999 -4.515 -5.414
thin6 5 thin_disk 9.698970004 0.25 0.025095 1.315324664 1.246 79.1503145 3456.209026 0.734 -4.356 -5.187 -5.502 -3.026 -4.586 -5.493
thin6 5 thin_disk 9.698970004 0.25 0.025095 1.315325141 1.245 98.02856491 3329.660852 0.548 -4.712 -5.562 -5.912 -3.096 -4.946 -5.902
thin6 5 thin_disk 9.698970004 0.25 0.025095 1.315325618 1.244 129.4948941 3171.027439 0.306 -5.168 -6.046 -6.438 -3.02 -5.398 -6.423
thin6 5 thin_disk 9.698970004 0.25 0.025095 1.315326214 1.244 163.7014947 3042.98632 0.102 -5.542 -6.448 -6.871 -2.975 -5.766 -6.848
thin6 5 thin_disk 9.698970004 0.25 0.025095 1.315326929 1.243 190.832634 2961.419965 -0.031 -5.781 -6.706 -7.144 -3.022 -5.996 -7.111
thin6 5 thin_disk 9.698970004 0.25 0.025095 1.315327764 1.241 206.6582012 2918.770848 -0.102 -5.905 -6.839 -7.284 -3.064 -6.114 -7.245
thin6 5 thin_disk 9.698970004 0.25 0.025095 1.315328717 1.24 214.7596289 2898.010803 -0.135 -5.963 -6.901 -7.35 -3.083 -6.168 -7.308
thin6 5 thin_disk 9.698970004 0.25 0.025095 1.31532979 1.239 219.3070762 2886.02441 -0.154 -5.995 -6.936 -7.387 -3.092 -6.199 -7.344
thin6 5 thin_disk 9.698970004 0.25 0.025095 1.31532979 1.238 153.5156461 3072.557365 0.155 -5.436 -6.336 -6.752 -3.092 -6.199 -7.344
thin6 5 thin_disk 9.698970004 0.25 0.025095 1.315330029 1.238 115.1735212 3231.469044 0.406 -4.971 -5.839 -6.216 -3.033 -5.205 -6.204
thin6 5 thin_disk 9.698970004 0.25 0.025095 1.315330267 1.238 83.97550899 3415.859507 0.68 -4.451 -5.288 -5.614 -3.045 -4.683 -5.604
thin6 5 thin_disk 9.698970004 0.25 0.025095 1.315330625 1.237 87.46869455 3391.563869 0.644 -4.518 -5.359 -5.691 -3.065 -4.751 -5.681
thin6 5 thin_disk 9.698970004 0.25 0.025095 1.315331101 1.237 107.9574567 3267.382661 0.461 -4.865 -5.727 -6.094 -3.052 -5.099 -6.082
thin6 5 thin_disk 9.698970004 0.25 0.025095 1.315331698 1.236 142.053731 3112.432919 0.222 -5.31 -6.201 -6.607 -2.956 -5.538 -6.589
thin6 5 thin_disk 9.698970004 0.25 0.025095 1.315332294 1.234 178.7938783 2988.133525 0.021 -5.672 -6.592 -7.025 -2.975 -5.89 -6.995
thin6 5 thin_disk 9.698970004 0.25 0.025095 1.315333128 1.233 207.5165052 2909.376992 -0.108 -5.904 -6.839 -7.286 -3.047 -6.11 -7.245
thin6 5 thin_disk 9.698970004 0.25 0.025095 1.315334082 1.232 224.1571751 2869.458843 -0.175 -6.021 -6.965 -7.417 -3.096 -6.221 -7.371
thin6 5 thin_disk 9.698970004 0.25 0.025095 1.315335155 1.23 231.8209306 2851.018268 -0.205 -6.072 -7.018 -7.473 -3.122 -6.268 -7.424
thin6 5 thin_disk 9.698970004 0.25 0.025095 1.315336347 1.228 235.7505121 2841.842468 -0.221 -6.098 -7.045 -7.5 -3.136 -6.291 -7.45
thin6 5 thin_disk 9.698970004 0.25 0.025095 1.315336347 1.228 166.8601558 3022.73448 0.08 -5.56 -6.472 -6.898 -3.136 -6.291 -7.45
thin6 5 thin_disk 9.698970004 0.25 0.025095 1.315336585 1.228 124.954714 3181.998716 0.331 -5.102 -5.979 -6.368 -2.993 -5.333 -6.353
thin6 5 thin_disk 9.698970004 0.25 0.025095 1.315336824 1.227 91.00235783 3367.441036 0.606 -4.583 -5.428 -5.767 -3.068 -4.816 -5.757
thin6 5 thin_disk 9.698970004 0.25 0.025095 1.315337181 1.226 94.72238943 3342.720001 0.571 -4.65 -5.498 -5.844 -3.069 -4.883 -5.834
thin6 5 thin_disk 9.698970004 0.25 0.025095 1.315337777 1.225 116.8833485 3218.844524 0.388 -4.992 -5.862 -6.242 -3.011 -5.225 -6.229
thin6 5 thin_disk 9.698970004 0.25 0.025095 1.315338373 1.224 153.5156461 3065.490679 0.151 -5.427 -6.328 -6.745 -2.923 -5.652 -6.724
thin6 5 thin_disk 9.698970004 0.25 0.025095 1.315339088 1.223 193.0423718 2941.033694 -0.048 -5.782 -6.711 -7.152 -2.986 -5.994 -7.116
thin6 5 thin_disk 9.698970004 0.25 0.025095 1.315340042 1.221 223.6416279 2862.859271 -0.177 -6.009 -6.954 -7.406 -3.077 -6.207 -7.359
thin6 5 thin_disk 9.698970004 0.25 0.025095 1.315341115 1.219 241.4085485 2822.929291 -0.244 -6.125 -7.075 -7.53 -3.141 -6.312 -7.476
thin6 5 thin_disk 9.698970004 0.25 0.025095 1.315342188 1.217 249.7771149 2804.141985 -0.274 -6.175 -7.126 -7.582 -3.174 -6.356 -7.525
thin6 5 thin_disk 9.698970004 0.25 0.025095 1.315343499 1.215 254.1280739 2794.473529 -0.291 -6.201 -7.152 -7.608 -3.19 -6.379 -7.549
thin6 5 thin_disk 9.698970004 0.25 0.025095 1.315343499 1.214 182.0340555 2968.246743 -0 -5.686 -6.61 -7.046 -3.19 -6.379 -7.549
thin6 5 thin_disk 9.698970004 0.25 0.025095 1.315343738 1.214 136.4434352 3126.799256 0.25 -5.236 -6.124 -6.526 -2.935 -5.464 -6.508
thin6 5 thin_disk 9.698970004 0.25 0.025095 1.315343976 1.213 99.14085154 3312.836481 0.527 -4.72 -5.574 -5.928 -3.06 -4.955 -5.918
thin6 5 thin_disk 9.698970004 0.25 0.025095 1.315344453 1.212 103.2411052 3287.759187 0.491 -4.785 -5.643 -6.005 -3.041 -5.02 -5.994
thin6 5 thin_disk 9.698970004 0.25 0.025095 1.31534493 1.21 127.0143075 3165.191567 0.31 -5.121 -6.001 -6.394 -2.953 -5.351 -6.378
thin6 5 thin_disk 9.698970004 0.25 0.025095 1.315345645 1.209 166.4763881 3012.312334 0.075 -5.544 -6.458 -6.886 -2.902 -5.765 -6.859
thin6 5 thin_disk 9.698970004 0.25 0.025095 1.31534636 1.206 208.8106498 2888.683761 -0.123 -5.891 -6.831 -7.279 -3.001 -6.094 -7.236
thin6 5 thin_disk 9.698970004 0.25 0.025095 1.315347314 1.204 241.7422972 2811.253441 -0.251 -6.113 -7.063 -7.518 -3.119 -6.296 -7.462
thin6 5 thin_disk 9.698970004 0.25 0.025095 1.315348387 1.201 260.4669621 2771.405025 -0.317 -6.225 -7.179 -7.635 -3.19 -6.395 -7.572
thin6 5 thin_disk 9.698970004 0.25 0.025095 1.315349579 1.198 269.0621727 2753.594592 -0.346 -6.271 -7.229 -7.689 -3.21 -6.438 -7.623
thin6 5 thin_disk 9.698970004 0.25 0.025095 1.31535089 1.194 273.6230281 2744.732343 -0.362 -6.294 -7.253 -7.716 -3.219 -6.459 -7.648
thin6 5 thin_disk 9.698970004 0.25 0.025095 1.31535089 1.194 198.5878367 2911.387413 -0.084 -5.81 -6.745 -7.189 -3.219 -6.459 -7.648
thin6 5 thin_disk 9.698970004 0.25 0.025095 1.315351129 1.193 148.7827716 3071.142726 0.167 -5.365 -6.265 -6.681 -2.879 -5.59 -6.66
thin6 5 thin_disk 9.698970004 0.25 0.025095 1.315351367 1.191 107.7587748 3259.117363 0.447 -4.852 -5.715 -6.084 -3.01 -5.086 -6.072
thin6 5 thin_disk 9.698970004 0.25 0.025095 1.315351844 1.189 112.0863288 3234.446709 0.411 -4.916 -5.783 -6.16 -2.985 -5.149 -6.147
thin6 5 thin_disk 9.698970004 0.25 0.025095 1.315352321 1.187 137.7693612 3111.716337 0.231 -5.242 -6.133 -6.539 -2.886 -5.47 -6.521
thin6 5 thin_disk 9.698970004 0.25 0.025095 1.315353036 1.183 179.70189 2960.056495 -0.001 -5.65 -6.576 -7.013 -2.896 -5.864 -6.979
thin6 5 thin_disk 9.698970004 0.25 0.025095 1.31535387 1.179 224.7256498 2837.919028 -0.197 -5.988 -6.936 -7.39 -3.026 -6.179 -7.338
thin6 5 thin_disk 9.698970004 0.25 0.025095 1.315354705 1.175 259.389651 2761.213576 -0.323 -6.202 -7.157 -7.614 -3.157 -6.369 -7.549
thin6 5 thin_disk 9.698970004 0.25 0.025095 1.315355897 1.17 278.8384403 2722.074455 -0.388 -6.302 -7.266 -7.733 -3.201 -6.462 -7.662
thin6 5 thin_disk 9.698970004 0.25 0.025095 1.315357089 1.164 287.4436009 2705.826838 -0.416 -6.338 -7.308 -7.78 -3.213 -6.495 -7.707
thin6 5 thin_disk 9.698970004 0.25 0.025095 1.3153584 1.157 291.1069974 2699.603609 -0.43 -6.35 -7.324 -7.802 -3.213 -6.506 -7.727
thin6 5 thin_disk 9.698970004 0.25 0.025095 1.3153584 1.157 214.6607512 2858.906816 -0.165 -5.915 -6.86 -7.311 -3.213 -6.506 -7.727
thin6 5 thin_disk 9.698970004 0.25 0.025095 1.315358639 1.155 160.6396114 3019.256431 0.086 -5.476 -6.388 -6.815 -2.849 -5.697 -6.789
thin6 5 thin_disk 9.698970004 0.25 0.025095 1.315358877 1.152 116.0520041 3209.962804 0.368 -4.967 -5.838 -6.221 -2.954 -5.199 -6.207
thin6 5 thin_disk 9.698970004 0.25 0.025095 1.315359354 1.147 120.9351771 3182.731482 0.33 -5.03 -5.907 -6.296 -2.924 -5.261 -6.281
thin6 5 thin_disk 9.698970004 0.25 0.025095 1.315359831 1.142 148.4747644 3058.440247 0.149 -5.348 -6.251 -6.669 -2.828 -5.572 -6.647
thin6 5 thin_disk 9.698970004 0.25 0.025095 1.315360546 1.135 193.6210829 2904.691407 -0.083 -5.745 -6.682 -7.127 -2.889 -5.951 -7.085
thin6 5 thin_disk 9.698970004 0.25 0.025095 1.315361261 1.126 241.6866404 2780.993668 -0.28 -6.075 -7.028 -7.482 -3.057 -6.248 -7.42
thin6 5 thin_disk 9.698970004 0.25 0.025095 1.315362215 1.116 278.8384403 2703.335826 -0.408 -6.272 -7.24 -7.71 -3.149 -6.427 -7.636
thin6 5 thin_disk 9.698970004 0.25 0.025095 1.315363288 1.105 299.6764703 2663.790097 -0.475 -6.328 -7.32 -7.816 -3.139 -6.479 -7.735
thin6 5 thin_disk 9.698970004 0.25 0.025095 1.31536448 1.093 309.0670058 2647.28074 -0.506 -6.315 -7.334 -7.857 -3.076 -6.47 -7.772
thin6 5 thin_disk 9.698970004 0.25 0.025095 1.315365791 1.079 312.789845 2640.584076 -0.522 -6.294 -7.333 -7.874 -3.025 -6.455 -7.788
thin6 5 thin_disk 9.698970004 0.25 0.025095 1.315365791 1.078 234.127617 2793.186922 -0.271 -6.021 -6.973 -7.428 -3.025 -6.455 -7.788
thin6 5 thin_disk 9.698970004 0.25 0.025095 1.31536603 1.075 175.1268132 2953.928643 -0.02 -5.586 -6.513 -6.952 -2.817 -5.8 -6.917
thin6 5 thin_disk 9.698970004 0.25 0.025095 1.315366268 1.07 125.9367974 3147.748314 0.264 -5.084 -5.967 -6.365 -2.856 -5.313 -6.348
thin6 5 thin_disk 9.698970004 0.25 0.025095 1.315366626 1.062 131.4173316 3118.889584 0.224 -5.147 -6.036 -6.441 -2.815 -5.375 -6.423
thin6 5 thin_disk 9.698970004 0.25 0.025095 1.315367222 1.052 161.4926068 2992.264637 0.041 -5.454 -6.373 -6.805 -2.77 -5.673 -6.775
thin6 5 thin_disk 9.698970004 0.25 0.025095 1.315367818 1.04 210.4033474 2836.612419 -0.194 -5.843 -6.791 -7.244 -2.88 -6.034 -7.193
thin6 5 thin_disk 9.698970004 0.25 0.025095 1.315368652 1.025 263.1192635 2710.191632 -0.394 -6.157 -7.122 -7.59 -3.045 -6.313 -7.517
thin6 5 thin_disk 9.698970004 0.25 0.025095 1.315369487 1.009 303.7754304 2629.056988 -0.527 -6.2 -7.246 -7.792 -2.916 -6.359 -7.704
thin6 5 thin_disk 9.698970004 0.25 0.025095 1.31537056 0.99 327.6820446 2585.83018 -0.6 -6.056 -7.219 -7.872 -2.608 -6.257 -7.78
thin6 5 thin_disk 9.698970004 0.25 0.025095 1.315371752 0.97 338.6512203 2565.665297 -0.637 -6.068 -7.244 -7.912 -2.596 -6.275 -7.82
thin6 5 thin_disk 9.698970004 0.25 0.025095 1.315373063 0.947 343.916209 2556.230427 -0.661 -6.068 -7.253 -7.931 -2.582 -6.28 -7.839
thin6 5 thin_disk 9.698970004 0.25 0.025095 1.315373063 0.945 260.5269438 2703.335826 -0.421 -6.12 -7.09 -7.564 -2.582 -6.28 -7.839
thin6 5 thin_disk 9.698970004 0.25 0.025095 1.315373301 0.939 193.9780749 2868.798202 -0.167 -5.705 -6.649 -7.101 -2.782 -5.905 -7.055
thin6 5 thin_disk 9.698970004 0.25 0.025095 1.31537354 0.928 138.2141938 3071.142726 0.122 -5.206 -6.105 -6.523 -2.709 -5.431 -6.503
thin6 5 thin_disk 9.698970004 0.25 0.025095 1.315373898 0.912 144.2622312 3040.885026 0.077 -5.266 -6.172 -6.597 -2.688 -5.49 -6.574
thin6 5 thin_disk 9.698970004 0.25 0.025095 1.315374374 0.893 177.6448595 2909.376992 -0.113 -5.565 -6.501 -6.947 -2.707 -5.772 -6.907
thin6 5 thin_disk 9.698970004 0.25 0.025095 1.31537509 0.869 232.087978 2747.894153 -0.357 -5.94 -6.899 -7.361 -2.869 -6.106 -7.295
thin6 5 thin_disk 9.698970004 0.25 0.025095 1.315375805 0.841 290.772041 2616.977568 -0.566 -5.91 -7.04 -7.665 -2.51 -6.1 -7.575
thin6 5 thin_disk 9.698970004 0.25 0.025095 1.315376639 0.81 335.7010077 2535.712433 -0.707 -5.979 -7.167 -7.85 -2.484 -6.195 -7.759
thin6 5 thin_disk 9.698970004 0.25 0.025095 1.315377712 0.776 359.7101105 2498.043519 -0.786 -5.981 -7.21 -7.937 -2.423 -6.216 -7.847
thin6 5 thin_disk 9.698970004 0.25 0.025095 1.315378785 0.739 367.4960241 2490.003743 -0.827 -5.958 -7.215 -7.97 -2.36 -6.205 -7.88
thin6 5 thin_disk 9.698970004 0.25 0.025095 1.315380096 0.7 367.1577036 2499.769702 -0.849 -5.923 -7.205 -7.982 -2.294 -6.181 -7.891
thin6 5 thin_disk 9.698970004 0.25 0.025095 1.315384746 0.556 3.335436253e-06 10000 1.692 30.008 30.033 30.044 29.973 30.023 30.043
