# component component_index family logAge MH Zini Mini Mass radius_rsun Teff_K logg Vmag Imag Jmag_2mass Hmag_2mass Ksmag_2mass
thin6 5 thin_disk 9.698970004 0 0.01471 0.0900000036 0.09 0.1216893706 2307.80973 5.22 18.146 13.732 11.177 10.573 10.312
thin6 5 thin_disk 9.698970004 0 0.01471 0.1000000015 0.1 0.1333069048 2451.319952 5.186 17.669 13.272 10.719 10.116 9.851
thin6 5 thin_disk 9.698970004 0 0.01471 0.116057232 0.116 0.1498830924 2619.389004 5.148 17.047 12.706 10.18 9.579 9.31
thin6 5 thin_disk 9.698970004 0 0.01471 0.1200000048 0.12 0.1539758623 2658.27557 5.14 16.721 12.504 10.072 9.471 9.2
thin6 5 thin_disk 9.698970004 0 0.01471 0.1400000006 0.14 0.173241783 2782.915374 5.103 15.613 11.795 9.664 9.062 8.79
thin6 5 thin_disk 9.698970004 0 0.01471 0.1547758132 0.155 0.1867465747 2849.049534 5.082 15.033 11.417 9.424 8.822 8.551
thin6 5 thin_disk 9.698970004 0 0.01471 0.1599999964 0.16 0.1916252105 2871.44168 5.075 14.841 11.293 9.345 8.743 8.472
thin6 5 thin_disk 9.698970004 0 0.01471 0.200000003 0.2 0.2254512486 2997.781672 5.03 13.785 10.585 8.849 8.246 7.983
thin6 5 thin_disk 9.698970004 0 0.01471 0.25 0.25 0.2653094045 3113.149665 4.986 12.865 9.952 8.374 7.771 7.516
thin6 5 thin_disk 9.698970004 0 0.01471 0.3000000119 0.3 0.3041253662 3190.068436 4.946 12.25 9.491 7.997 7.391 7.143
thin6 5 thin_disk 9.698970004 0 0.01471 0.305470705 0.305 0.3090670058 3197.422303 4.94 12.186 9.442 7.954 7.348 7.101
thin6 5 thin_disk 9.698970004 0 0.01471 0.3500000238 0.35 0.3494239307 3253.868518 4.892 11.707 9.063 7.629 7.019 6.777
thin6 5 thin_disk 9.698970004 0 0.01471 0.3729372919 0.373 0.3689373677 3293.062702 4.873 11.448 8.871 7.472 6.859 6.62
thin6 5 thin_disk 9.698970004 0 0.01471 0.4000000358 0.4 0.3920600986 3337.336513 4.851 11.168 8.66 7.298 6.682 6.446
thin6 5 thin_disk 9.698970004 0 0.01471 0.4500000179 0.45 0.4399999679 3432.41665 4.801 10.62 8.246 6.955 6.33 6.1
thin6 5 thin_disk 9.698970004 0 0.01471 0.5 0.5 0.491985887 3553.039208 4.751 10.036 7.814 6.602 5.967 5.744
thin6 5 thin_disk 9.698970004 0 0.01471 0.5254466534 0.525 0.5191019315 3636.637393 4.725 9.694 7.572 6.411 5.769 5.552
thin6 5 thin_disk 9.698970004 0 0.01471 0.5500000119 0.55 0.5459497165 3715.352291 4.701 9.381 7.351 6.234 5.586 5.376
thin6 5 thin_disk 9.698970004 0 0.01471 0.6000000238 0.6 0.5934069724 3925.54536 4.667 8.714 6.9 5.88 5.212 5.03
thin6 5 thin_disk 9.698970004 0 0.01471 0.6499999762 0.65 0.631324502 4194.691249 4.648 8.041 6.452 5.523 4.853 4.713
thin6 5 thin_disk 9.698970004 0 0.01471 0.7000000477 0.7 0.6644352194 4488.487293 4.635 7.375 6.028 5.194 4.567 4.462
thin6 5 thin_disk 9.698970004 0 0.01471 0.7274599671 0.727 0.6822642965 4656.93311 4.629 7.027 5.8 5.024 4.445 4.352
thin6 5 thin_disk 9.698970004 0 0.01471 0.75 0.75 0.6975135438 4795.125741 4.623 6.761 5.619 4.89 4.355 4.268
thin6 5 thin_disk 9.698970004 0 0.01471 0.789755702 0.79 0.7346029108 4992.292237 4.6 6.367 5.33 4.659 4.177 4.099
thin6 5 thin_disk 9.698970004 0 0.01471 0.8000000119 0.8 0.7443079279 5043.128103 4.594 6.271 5.258 4.601 4.133 4.057
thin6 5 thin_disk 9.698970004 0 0.01471 0.8040416837 0.804 0.7487772569 5062.907583 4.592 6.233 5.229 4.578 4.115 4.04
thin6 5 thin_disk 9.698970004 0 0.01471 0.8417391777 0.841 0.7884109453 5244.450613 4.567 5.896 4.97 4.369 3.95 3.881
thin6 5 thin_disk 9.698970004 0 0.01471 0.8500000238 0.849 0.7973566945 5284.452518 4.561 5.826 4.915 4.324 3.913 3.846
thin6 5 thin_disk 9.698970004 0 0.01471 0.8577784896 0.857 0.8060326699 5319.857509 4.555 5.761 4.862 4.281 3.878 3.812
thin6 5 thin_disk 9.698970004 0 0.01471 0.8906764388 0.89 0.8473301206 5467.641107 4.528 5.491 4.646 4.101 3.731 3.67
thin6 5 thin_disk 9.698970004 0 0.01471 0.8999999762 0.899 0.8589198604 5509.345392 4.521 5.417 4.587 4.052 3.689 3.63
thin6 5 thin_disk 9.698970004 0 0.01471 0.9001046419 0.899 0.8599092979 5509.345392 4.521 5.416 4.586 4.051 3.689 3.629
thin6 5 thin_disk 9.698970004 0 0.01471 0.9188414216 0.918 0.8866508706 5587.27439 4.503 5.27 4.468 3.95 3.602 3.546
thin6 5 thin_disk 9.698970004 0 0.01471 0.9364041686 0.936 0.9131721226 5659.785862 4.485 5.135 4.357 3.855 3.52 3.467
thin6 5 thin_disk 9.698970004 0 0.01471 0.9499999881 0.949 0.9350883469 5713.47064 4.471 5.033 4.272 3.781 3.455 3.404
thin6 5 thin_disk 9.698970004 0 0.01471 0.9528849125 0.952 0.9402701407 5724.004941 4.468 5.011 4.254 3.765 3.441 3.391
thin6 5 thin_disk 9.698970004 0 0.01471 0.968234539 0.968 0.9675037229 5780.960474 4.449 4.896 4.157 3.68 3.365 3.317
thin6 5 thin_disk 9.698970004 0 0.01471 0.9827631116 0.982 0.9950677358 5833.107765 4.432 4.789 4.066 3.599 3.293 3.247
thin6 5 thin_disk 9.698970004 0 0.01471 0.9971203804 0.997 1.02365272 5881.661141 4.413 4.684 3.976 3.518 3.221 3.176
thin6 5 thin_disk 9.698970004 0 0.01471 1 1 1.029325294 5892.505547 4.41 4.662 3.958 3.502 3.207 3.162
thin6 5 thin_disk 9.698970004 0 0.01471 1.012241721 1.012 1.056702281 5930.618664 4.392 4.573 3.88 3.432 3.143 3.1
thin6 5 thin_disk 9.698970004 0 0.01471 1.026175618 1.026 1.089563748 5973.102948 4.372 4.471 3.792 3.352 3.069 3.027
thin6 5 thin_disk 9.698970004 0 0.01471 1.039792419 1.039 1.122412888 6011.737375 4.351 4.373 3.704 3.272 2.995 2.955
thin6 5 thin_disk 9.698970004 0 0.01471 1.049999952 1.049 1.14988033 6039.486294 4.335 4.299 3.639 3.211 2.939 2.899
thin6 5 thin_disk 9.698970004 0 0.01471 1.053187489 1.052 1.157850919 6046.443513 4.33 4.276 3.618 3.192 2.921 2.882
thin6 5 thin_disk 9.698970004 0 0.01471 1.066039801 1.065 1.19385792 6075.751461 4.308 4.186 3.537 3.115 2.848 2.81
thin6 5 thin_disk 9.698970004 0 0.01471 1.078450203 1.077 1.231551691 6096.772645 4.287 4.103 3.46 3.042 2.779 2.741
thin6 5 thin_disk 9.698970004 0 0.01471 1.08994019 1.089 1.267805539 6113.641945 4.267 4.027 3.389 2.973 2.713 2.675
thin6 5 thin_disk 9.698970004 0 0.01471 1.100000024 1.099 1.302724692 6129.146471 4.247 3.956 3.321 2.909 2.65 2.613
thin6 5 thin_disk 9.698970004 0 0.01471 1.106685519 1.105 1.325722554 6139.033454 4.233 3.908 3.276 2.865 2.609 2.571
thin6 5 thin_disk 9.698970004 0 0.01471 1.122251391 1.121 1.3891612 6161.692202 4.2 3.789 3.165 2.758 2.505 2.468
thin6 5 thin_disk 9.698970004 0 0.01471 1.124038458 1.123 1.395894657 6164.53042 4.196 3.776 3.152 2.745 2.492 2.456
thin6 5 thin_disk 9.698970004 0 0.01471 1.13529253 1.134 1.448613889 6174.474481 4.168 3.688 3.067 2.662 2.411 2.375
thin6 5 thin_disk 9.698970004 0 0.01471 1.148430824 1.147 1.516884958 6181.587201 4.133 3.583 2.964 2.56 2.311 2.274
thin6 5 thin_disk 9.698970004 0 0.01471 1.149999976 1.149 1.526344777 6180.164001 4.129 3.57 2.951 2.547 2.297 2.261
thin6 5 thin_disk 9.698970004 0 0.01471 1.156816721 1.155 1.569107307 6173.052919 4.107 3.514 2.894 2.489 2.238 2.201
thin6 5 thin_disk 9.698970004 0 0.01471 1.162047982 1.161 1.612325211 6167.369945 4.086 3.461 2.839 2.433 2.181 2.145
thin6 5 thin_disk 9.698970004 0 0.01471 1.16382277 1.162 1.629118385 6167.369945 4.076 3.436 2.815 2.408 2.157 2.12
thin6 5 thin_disk 9.698970004 0 0.01471 1.167612791 1.166 1.661700096 6156.019686 4.06 3.402 2.778 2.369 2.116 2.079
thin6 5 thin_disk 9.698970004 0 0.01471 1.171598196 1.17 1.694543199 6141.861234 4.046 3.372 2.744 2.333 2.079 2.041
thin6 5 thin_disk 9.698970004 0 0.01471 1.176219344 1.175 1.731620206 6124.914068 4.028 3.337 2.706 2.292 2.034 1.996
thin6 5 thin_disk 9.698970004 0 0.01471 1.182135224 1.181 1.783826637 6100.985601 4.005 3.292 2.654 2.236 1.975 1.936
thin6 5 thin_disk 9.698970004 0 0.01471 1.188105106 1.187 1.844814251 6068.760519 3.978 3.245 2.599 2.175 1.91 1.87
thin6 5 thin_disk 9.698970004 0 0.01471 1.194578409 1.193 1.921111823 6022.82161 3.945 3.194 2.536 2.104 1.832 1.791
thin6 5 thin_disk 9.698970004 0 0.01471 1.200000048 1.199 2.000104306 5953.878941 3.912 3.163 2.486 2.041 1.757 1.714
thin6 5 thin_disk 9.698970004 0 0.01471 1.202522039 1.201 2.036819972 5916.97862 3.897 3.155 2.467 2.014 1.725 1.68
thin6 5 thin_disk 9.698970004 0 0.01471 1.209571958 1.208 2.167467753 5716.102396 3.846 3.201 2.453 1.96 1.636 1.585
thin6 5 thin_disk 9.698970004 0 0.01471 1.213099957 1.212 2.240539707 5551.367774 3.818 3.286 2.488 1.958 1.602 1.545
thin6 5 thin_disk 9.698970004 0 0.01471 1.21522069 1.214 2.291672983 5432.503315 3.799 3.361 2.525 1.966 1.586 1.525
thin6 5 thin_disk 9.698970004 0 0.01471 1.21698463 1.216 2.344512998 5330.893422 3.78 3.421 2.551 1.967 1.564 1.5
thin6 5 thin_disk 9.698970004 0 0.01471 1.21861136 1.217 2.405208029 5242.03601 3.758 3.463 2.562 1.955 1.532 1.464
thin6 5 thin_disk 9.698970004 0 0.01471 1.220504522 1.219 2.50525908 5157.034063 3.724 3.475 2.543 1.912 1.469 1.398
thin6 5 thin_disk 9.698970004 0 0.01471 1.222623229 1.221 2.645164252 5088.61976 3.678 3.44 2.483 1.833 1.372 1.298
thin6 5 thin_disk 9.698970004 0 0.01471 1.223413825 1.222 2.701174523 5067.572842 3.659 3.42 2.454 1.798 1.332 1.257
thin6 5 thin_disk 9.698970004 0 0.01471 1.224725723 1.223 2.805773731 5044.28946 3.627 3.366 2.392 1.728 1.257 1.181
thin6 5 thin_disk 9.698970004 0 0.01471 1.226632595 1.225 2.968606574 5015.335611 3.578 3.279 2.294 1.622 1.143 1.066
thin6 5 thin_disk 9.698970004 0 0.01471 1.228589416 1.227 3.156840538 4991.142852 3.525 3.176 2.182 1.502 1.017 0.939
thin6 5 thin_disk 9.698970004 0 0.01471 1.230200171 1.229 3.332365617 4973.933791 3.48 3.083 2.083 1.397 0.907 0.828
thin6 5 thin_disk 9.698970004 0 0.01471 1.231990576 1.231 3.547747027 4955.642856 3.425 2.969 1.962 1.27 0.776 0.696
thin6 5 thin_disk 9.698970004 0 0.01471 1.233354688 1.232 3.737254253 4940.831009 3.381 2.875 1.862 1.165 0.667 0.587
thin6 5 thin_disk 9.698970004 0 0.01471 1.234925151 1.233 3.986140891 4923.79542 3.325 2.757 1.737 1.035 0.533 0.451
thin6 5 thin_disk 9.698970004 0 0.01471 1.236071467 1.235 4.194233888 4909.078762 3.281 2.664 1.639 0.932 0.426 0.344
thin6 5 thin_disk 9.698970004 0 0.01471 1.23743248 1.236 4.484898769 4888.774439 3.224 2.545 1.512 0.799 0.288 0.204
thin6 5 thin_disk 9.698970004 0 0.01471 1.238575458 1.237 4.771474914 4869.675252 3.17 2.437 1.395 0.676 0.16 0.075
thin6 5 thin_disk 9.698970004 0 0.01471 1.239663005 1.238 5.09275337 4848.417387 3.114 2.324 1.273 0.547 0.025 -0.06
thin6 5 thin_disk 9.698970004 0 0.01471 1.240639567 1.239 5.438168311 4826.140933 3.058 2.213 1.153 0.419 -0.108 -0.195
thin6 5 thin_disk 9.698970004 0 0.01471 1.241539598 1.24 5.809685792 4802.860802 3 2.101 1.03 0.289 -0.245 -0.333
thin6 5 thin_disk 9.698970004 0 0.01471 1.242309451 1.241 6.182336573 4780.793661 2.946 1.996 0.916 0.166 -0.373 -0.463
thin6 5 thin_disk 9.698970004 0 0.01471 1.243016839 1.241 6.592538046 4756.636893 2.891 1.892 0.8 0.042 -0.504 -0.595
thin6 5 thin_disk 9.698970004 0 0.01471 1.243651986 1.242 7.021867736 4732.602186 2.837 1.79 0.688 -0.079 -0.632 -0.725
thin6 5 thin_disk 9.698970004 0 0.01471 1.244235754 1.242 7.482601985 4707.604833 2.782 1.689 0.575 -0.199 -0.759 -0.854
thin6 5 thin_disk 9.698970004 0 0.01471 1.244754791 1.243 7.942416265 4683.817879 2.73 1.593 0.468 -0.316 -0.882 -0.979
thin6 5 thin_disk 9.698970004 0 0.01471 1.245234013 1.243 8.434369924 4659.078201 2.678 1.499 0.363 -0.43 -1.003 -1.101
thin6 5 thin_disk 9.698970004 0 0.01471 1.245684385 1.244 8.952671409 4635.536446 2.626 1.407 0.259 -0.542 -1.123 -1.223
thin6 5 thin_disk 9.698970004 0 0.01471 1.246117234 1.244 9.474420257 4611.051789 2.577 1.321 0.161 -0.649 -1.236 -1.338
thin6 5 thin_disk 9.698970004 0 0.01471 1.246663213 1.244 9.973616038 4590.922908 2.533 1.241 0.071 -0.746 -1.34 -1.443
thin6 5 thin_disk 9.698970004 0 0.01471 1.246776342 1.245 10.04506254 4587.752705 2.526 1.229 0.058 -0.761 -1.356 -1.459
thin6 5 thin_disk 9.698970004 0 0.01471 1.247019172 1.245 9.839038157 4598.328568 2.544 1.257 0.091 -0.724 -1.315 -1.418
thin6 5 thin_disk 9.698970004 0 0.01471 1.247324467 1.245 9.305777081 4625.940048 2.593 1.338 0.185 -0.619 -1.203 -1.304
thin6 5 thin_disk 9.698970004 0 0.01471 1.247420549 1.245 9.133824125 4634.469197 2.609 1.364 0.216 -0.586 -1.166 -1.266
thin6 5 thin_disk 9.698970004 0 0.01471 1.247561097 1.245 9.357345062 4623.810214 2.588 1.327 0.174 -0.631 -1.215 -1.316
thin6 5 thin_disk 9.698970004 0 0.01471 1.247941256 1.246 10.00121227 4595.153252 2.531 1.229 0.061 -0.755 -1.347 -1.45
thin6 5 thin_disk 9.698970004 0 0.01471 1.248314619 1.246 10.67708364 4566.673896 2.475 1.131 -0.051 -0.877 -1.478 -1.583
thin6 5 thin_disk 9.698970004 0 0.01471 1.248662353 1.246 11.38551408 4538.371048 2.418 1.036 -0.162 -0.999 -1.608 -1.715
thin6 5 thin_disk 9.698970004 0 0.01471 1.248978019 1.246 12.14094928 4510.243611 2.363 0.944 -0.271 -1.119 -1.735 -1.845
thin6 5 thin_disk 9.698970004 0 0.01471 1.249270081 1.246 12.93161138 4482.2905 2.307 0.853 -0.38 -1.238 -1.863 -1.976
thin6 5 thin_disk 9.698970004 0 0.01471 1.249540806 1.247 13.79598282 4453.485063 2.251 0.762 -0.488 -1.358 -1.991 -2.107
thin6 5 thin_disk 9.698970004 0 0.01471 1.249788403 1.247 14.70119522 4424.864744 2.196 0.674 -0.595 -1.477 -2.118 -2.236
thin6 5 thin_disk 9.698970004 0 0.01471 1.25 1.247 15.59741562 4398.453449 2.145 0.594 -0.693 -1.585 -2.234 -2.355
thin6 5 thin_disk 9.698970004 0 0.01471 1.250175476 1.247 16.41166505 4375.221052 2.101 0.525 -0.778 -1.679 -2.336 -2.459
thin6 5 thin_disk 9.698970004 0 0.01471 1.250374317 1.247 17.4764269 4346.102854 2.046 0.441 -0.882 -1.796 -2.461 -2.587
thin6 5 thin_disk 9.698970004 0 0.01471 1.250555992 1.247 18.61026875 4317.178445 1.991 0.359 -0.984 -1.91 -2.584 -2.714
thin6 5 thin_disk 9.698970004 0 0.01471 1.250725627 1.247 19.84964047 4287.459197 1.936 0.273 -1.086 -2.025 -2.703 -2.839
thin6 5 thin_disk 9.698970004 0 0.01471 1.250879288 1.247 21.14718891 4257.944536 1.881 0.188 -1.186 -2.137 -2.819 -2.961
thin6 5 thin_disk 9.698970004 0 0.01471 1.251019239 1.247 22.49327251 4229.606843 1.827 0.108 -1.283 -2.248 -2.934 -3.081
thin6 5 thin_disk 9.698970004 0 0.01471 1.251152158 1.247 23.97467038 4199.523347 1.772 0.025 -1.382 -2.361 -3.051 -3.205
thin6 5 thin_disk 9.698970004 0 0.01471 1.251271486 1.247 25.48312267 4170.614031 1.718 -0.056 -1.478 -2.47 -3.164 -3.325
thin6 5 thin_disk 9.698970004 0 0.01471 1.251382708 1.246 27.13017811 4140.950127 1.664 -0.133 -1.573 -2.58 -3.279 -3.446
thin6 5 thin_disk 9.698970004 0 0.01471 1.251485944 1.246 28.87038961 4112.444027 1.61 -0.212 -1.668 -2.689 -3.393 -3.566
thin6 5 thin_disk 9.698970004 0 0.01471 1.251580477 1.246 30.75053279 4082.253781 1.556 -0.288 -1.761 -2.797 -3.506 -3.686
thin6 5 thin_disk 9.698970004 0 0.01471 1.251667976 1.246 32.70036836 4053.218349 1.502 -0.361 -1.853 -2.905 -3.618 -3.806
thin6 5 thin_disk 9.698970004 0 0.01471 1.25174892 1.245 34.77383946 4024.389433 1.448 -0.426 -1.947 -3.014 -3.736 -3.929
thin6 5 thin_disk 9.698970004 0 0.01471 1.251822591 1.245 36.9532504 3994.845613 1.395 -0.488 -2.039 -3.122 -3.853 -4.051
thin6 5 thin_disk 9.698970004 0 0.01471 1.251892567 1.245 39.31448987 3965.51868 1.341 -0.548 -2.133 -3.232 -3.972 -4.175
thin6 5 thin_disk 9.698970004 0 0.01471 1.251955032 1.244 41.73040934 3936.407041 1.289 -0.601 -2.222 -3.339 -4.087 -4.295
thin6 5 thin_disk 9.698970004 0 0.01471 1.252012849 1.244 44.31519298 3906.609483 1.237 -0.654 -2.311 -3.444 -4.2 -4.415
thin6 5 thin_disk 9.698970004 0 0.01471 1.25206852 1.243 47.16856292 3877.037485 1.183 -0.704 -2.401 -3.552 -4.317 -4.537
thin6 5 thin_disk 9.698970004 0 0.01471 1.252118349 1.243 50.03255078 3847.689339 1.131 -0.745 -2.486 -3.656 -4.429 -4.655
thin6 5 thin_disk 9.698970004 0 0.01471 1.252165437 1.242 53.07043469 3818.56335 1.079 -0.786 -2.571 -3.76 -4.542 -4.773
thin6 5 thin_disk 9.698970004 0 0.01471 1.252210021 1.241 56.38357967 3788.785337 1.027 -0.82 -2.656 -3.865 -4.657 -4.893
thin6 5 thin_disk 9.698970004 0 0.01471 1.252260447 1.24 60.73690322 3750.593529 0.962 -0.845 -2.757 -3.995 -4.796 -5.04
thin6 5 thin_disk 9.698970004 0 0.01471 1.252306342 1.239 65.35106129 3712.786703 0.898 -0.865 -2.854 -4.122 -4.933 -5.184
thin6 5 thin_disk 9.698970004 0 0.01471 1.252348304 1.238 70.20251078 3676.207358 0.835 -0.862 -2.946 -4.248 -5.068 -5.327
thin6 5 thin_disk 9.698970004 0 0.01471 1.252387166 1.237 75.44885352 3639.150361 0.772 -0.857 -3.036 -4.373 -5.202 -5.468
thin6 5 thin_disk 9.698970004 0 0.01471 1.252423406 1.235 81.12461427 3601.637504 0.709 -0.826 -3.118 -4.497 -5.335 -5.609
thin6 5 thin_disk 9.698970004 0 0.01471 1.252456427 1.234 86.98665783 3565.332188 0.648 -0.788 -3.195 -4.618 -5.464 -5.747
thin6 5 thin_disk 9.698970004 0 0.01471 1.252487063 1.232 93.20788316 3528.580258 0.587 -0.728 -3.264 -4.739 -5.593 -5.883
thin6 5 thin_disk 9.698970004 0 0.01471 1.252515793 1.23 100.0812325 3490.599322 0.525 -0.65 -3.325 -4.861 -5.722 -6.021
thin6 5 thin_disk 9.698970004 0 0.01471 1.252542496 1.228 107.2883694 3453.822385 0.463 -0.553 -3.377 -4.981 -5.849 -6.157
thin6 5 thin_disk 9.698970004 0 0.01471 1.25256741 1.226 114.9350912 3416.646128 0.403 -0.432 -3.416 -5.1 -5.974 -6.291
thin6 5 thin_disk 9.698970004 0 0.01471 1.252590776 1.223 123.1835299 3379.091874 0.342 -0.295 -3.445 -5.22 -6.099 -6.425
thin6 5 thin_disk 9.698970004 0 0.01471 1.252612472 1.22 131.8720158 3341.9504 0.282 -0.124 -3.447 -5.336 -6.219 -6.556
thin6 5 thin_disk 9.698970004 0 0.01471 1.252632737 1.217 141.07584 3304.456202 0.222 0.063 -3.439 -5.451 -6.339 -6.686
thin6 5 thin_disk 9.698970004 0 0.01471 1.25265193 1.213 150.6789707 3268.13509 0.163 0.299 -3.393 -5.562 -6.454 -6.813
thin6 5 thin_disk 9.698970004 0 0.01471 1.252669573 1.21 159.4970463 3237.427116 0.112 0.503 -3.353 -5.658 -6.554 -6.923
thin6 5 thin_disk 9.698970004 0 0.01471 1.252669573 1.21 159.4970463 3237.427116 0.112 0.865 -0.245 -5.658 -6.554 -6.923
thin6 5 thin_disk 9.698970004 0 0.01471 1.252900004 1.21 11.14173038 4689.213428 2.424 0.842 -0.272 -1.056 -1.617 -1.715
thin6 5 thin_disk 9.698970004 0 0.01471 1.253137112 1.21 11.22154473 4685.975353 2.418 0.832 -0.284 -1.069 -1.63 -1.728
thin6 5 thin_disk 9.698970004 0 0.01471 1.253376365 1.21 11.21121406 4688.133821 2.419 0.831 -0.284 -1.068 -1.629 -1.727
thin6 5 thin_disk 9.698970004 0 0.01471 1.253619075 1.211 11.16484363 4692.453741 2.422 0.832 -0.28 -1.063 -1.623 -1.72
thin6 5 thin_disk 9.698970004 0 0.01471 1.253855824 1.211 11.13147319 4696.777642 2.426 0.834 -0.276 -1.057 -1.616 -1.713
thin6 5 thin_disk 9.698970004 0 0.01471 1.254098415 1.211 11.08543258 4701.105527 2.429 0.836 -0.272 -1.052 -1.609 -1.706
thin6 5 thin_disk 9.698970004 0 0.01471 1.254339457 1.211 11.03958239 4705.4374 2.432 0.838 -0.268 -1.046 -1.602 -1.699
thin6 5 thin_disk 9.698970004 0 0.01471 1.254577994 1.212 11.01165623 4708.688923 2.436 0.84 -0.264 -1.041 -1.596 -1.693
thin6 5 thin_disk 9.698970004 0 0.01471 1.254820347 1.212 10.96611118 4713.027784 2.438 0.842 -0.261 -1.036 -1.59 -1.687
thin6 5 thin_disk 9.698970004 0 0.01471 1.255068302 1.212 10.93837089 4716.284553 2.441 0.843 -0.258 -1.033 -1.586 -1.682
thin6 5 thin_disk 9.698970004 0 0.01471 1.255302072 1.212 10.91070076 4719.543572 2.443 0.843 -0.256 -1.03 -1.582 -1.678
thin6 5 thin_disk 9.698970004 0 0.01471 1.255532622 1.213 10.90065626 4721.717503 2.445 0.843 -0.255 -1.027 -1.579 -1.675
thin6 5 thin_disk 9.698970004 0 0.01471 1.255778074 1.213 10.87808993 4723.892435 2.446 0.843 -0.253 -1.025 -1.576 -1.671
thin6 5 thin_disk 9.698970004 0 0.01471 1.255965352 1.213 10.86807545 4726.068369 2.447 0.843 -0.253 -1.024 -1.574 -1.67
thin6 5 thin_disk 9.698970004 0 0.01471 1.25601995 1.213 10.86307167 4727.156712 2.448 0.843 -0.253 -1.023 -1.574 -1.669
thin6 5 thin_disk 9.698970004 0 0.01471 1.256268263 1.214 10.84058315 4729.334149 2.449 0.842 -0.252 -1.022 -1.572 -1.667
thin6 5 thin_disk 9.698970004 0 0.01471 1.256497622 1.214 10.83559202 4730.423244 2.449 0.841 -0.252 -1.022 -1.571 -1.666
thin6 5 thin_disk 9.698970004 0 0.01471 1.25672555 1.214 10.84307957 4731.51259 2.45 0.84 -0.253 -1.022 -1.57 -1.666
thin6 5 thin_disk 9.698970004 0 0.01471 1.256973147 1.214 10.83309732 4733.692033 2.45 0.838 -0.254 -1.022 -1.571 -1.666
thin6 5 thin_disk 9.698970004 0 0.01471 1.257216573 1.215 10.84557657 4733.692033 2.45 0.836 -0.256 -1.024 -1.572 -1.667
thin6 5 thin_disk 9.698970004 0 0.01471 1.257462621 1.215 10.85807019 4733.692033 2.449 0.833 -0.259 -1.027 -1.575 -1.67
thin6 5 thin_disk 9.698970004 0 0.01471 1.257676721 1.215 10.87057821 4733.692033 2.448 0.83 -0.262 -1.03 -1.578 -1.673
thin6 5 thin_disk 9.698970004 0 0.01471 1.257699251 1.215 10.87057821 4733.692033 2.447 0.83 -0.262 -1.03 -1.579 -1.674
thin6 5 thin_disk 9.698970004 0 0.01471 1.25792861 1.215 10.90065626 4732.602186 2.445 0.826 -0.267 -1.035 -1.584 -1.679
thin6 5 thin_disk 9.698970004 0 0.01471 1.258165955 1.216 10.93081754 4731.51259 2.443 0.821 -0.272 -1.041 -1.59 -1.685
thin6 5 thin_disk 9.698970004 0 0.01471 1.258402705 1.216 10.97874366 4729.334149 2.439 0.815 -0.279 -1.049 -1.598 -1.694
thin6 5 thin_disk 9.698970004 0 0.01471 1.25863421 1.216 11.03958239 4727.156712 2.435 0.807 -0.288 -1.059 -1.609 -1.704
thin6 5 thin_disk 9.698970004 0 0.01471 1.258867383 1.217 11.11098714 4722.804844 2.429 0.799 -0.298 -1.07 -1.621 -1.717
thin6 5 thin_disk 9.698970004 0 0.01471 1.259097099 1.217 11.19573589 4718.456982 2.423 0.789 -0.31 -1.084 -1.636 -1.732
thin6 5 thin_disk 9.698970004 0 0.01471 1.259331584 1.217 11.28113106 4714.113124 2.415 0.778 -0.324 -1.099 -1.653 -1.749
thin6 5 thin_disk 9.698970004 0 0.01471 1.259566307 1.217 11.40388016 4707.604833 2.407 0.765 -0.34 -1.118 -1.673 -1.77
thin6 5 thin_disk 9.698970004 0 0.01471 1.25980103 1.218 11.45388042 4705.4374 2.403 0.757 -0.349 -1.127 -1.682 -1.78
thin6 5 thin_disk 9.698970004 0 0.01471 1.260042548 1.218 11.63999101 4694.615194 2.389 0.738 -0.373 -1.155 -1.713 -1.811
thin6 5 thin_disk 9.698970004 0 0.01471 1.260277748 1.218 12.1074489 4669.818486 2.355 0.69 -0.434 -1.225 -1.79 -1.89
thin6 5 thin_disk 9.698970004 0 0.01471 1.260480881 1.218 12.88999191 4631.268925 2.301 0.615 -0.53 -1.334 -1.91 -2.012
thin6 5 thin_disk 9.698970004 0 0.01471 1.260578632 1.218 13.67894631 4595.153252 2.249 0.542 -0.622 -1.44 -2.026 -2.132
thin6 5 thin_disk 9.698970004 0 0.01471 1.260628819 1.219 14.51619003 4559.319217 2.198 0.47 -0.714 -1.546 -2.142 -2.25
thin6 5 thin_disk 9.698970004 0 0.01471 1.26065743 1.219 15.47222046 4521.681832 2.142 0.393 -0.814 -1.659 -2.266 -2.378
thin6 5 thin_disk 9.698970004 0 0.01471 1.260671258 1.219 16.46465538 4485.387826 2.088 0.319 -0.909 -1.768 -2.386 -2.501
thin6 5 thin_disk 9.698970004 0 0.01471 1.260678887 1.219 17.46435878 4451.434629 2.037 0.249 -1.001 -1.874 -2.502 -2.62
thin6 5 thin_disk 9.698970004 0 0.01471 1.260683656 1.219 18.48641273 4419.773361 1.987 0.182 -1.088 -1.973 -2.61 -2.731
thin6 5 thin_disk 9.698970004 0 0.01471 1.260685325 1.219 18.9213729 4406.563167 1.967 0.153 -1.123 -2.014 -2.653 -2.777
thin6 5 thin_disk 9.698970004 0 0.01471 1.260687828 1.219 19.71753611 4384.29734 1.932 0.103 -1.185 -2.085 -2.728 -2.855
thin6 5 thin_disk 9.698970004 0 0.01471 1.260692 1.219 21.16667516 4345.102242 1.87 0.015 -1.293 -2.21 -2.859 -2.993
thin6 5 thin_disk 9.698970004 0 0.01471 1.260695696 1.219 22.36931292 4315.190768 1.821 -0.052 -1.377 -2.306 -2.96 -3.1
thin6 5 thin_disk 9.698970004 0 0.01471 1.260704637 1.219 22.73802004 4307.24921 1.808 -0.071 -1.4 -2.333 -2.988 -3.13
thin6 5 thin_disk 9.698970004 0 0.01471 1.260710836 1.219 21.85509229 4328.127042 1.842 -0.024 -1.342 -2.265 -2.917 -3.054
thin6 5 thin_disk 9.698970004 0 0.01471 1.260726809 1.219 20.73732074 4357.124805 1.887 0.039 -1.263 -2.175 -2.822 -2.954
thin6 5 thin_disk 9.698970004 0 0.01471 1.260866284 1.218 20.55666435 4361.139714 1.896 0.051 -1.248 -2.158 -2.804 -2.935
thin6 5 thin_disk 9.698970004 0 0.01471 1.260985732 1.218 21.69964579 4331.117839 1.848 -0.013 -1.329 -2.252 -2.903 -3.04
thin6 5 thin_disk 9.698970004 0 0.01471 1.261081815 1.218 23.18209306 4295.364268 1.79 -0.094 -1.429 -2.367 -3.025 -3.168
thin6 5 thin_disk 9.698970004 0 0.01471 1.26116097 1.217 24.73731987 4259.905843 1.734 -0.172 -1.525 -2.479 -3.142 -3.292
thin6 5 thin_disk 9.698970004 0 0.01471 1.261227727 1.217 26.38472942 4225.713024 1.678 -0.247 -1.62 -2.589 -3.258 -3.415
thin6 5 thin_disk 9.698970004 0 0.01471 1.261285067 1.216 28.10946921 4191.794659 1.623 -0.322 -1.713 -2.698 -3.373 -3.537
thin6 5 thin_disk 9.698970004 0 0.01471 1.261334896 1.215 29.93316536 4159.106105 1.567 -0.396 -1.806 -2.807 -3.488 -3.659
thin6 5 thin_disk 9.698970004 0 0.01471 1.261378408 1.214 31.88986236 4125.722371 1.513 -0.467 -1.896 -2.914 -3.601 -3.779
thin6 5 thin_disk 9.698970004 0 0.01471 1.261416793 1.214 33.91975017 4093.549063 1.458 -0.533 -1.989 -3.022 -3.718 -3.902
thin6 5 thin_disk 9.698970004 0 0.01471 1.261451721 1.213 36.13704569 4060.691534 1.403 -0.594 -2.081 -3.131 -3.837 -4.027
thin6 5 thin_disk 9.698970004 0 0.01471 1.26148355 1.212 38.45498487 4028.09774 1.349 -0.652 -2.172 -3.239 -3.955 -4.15
thin6 5 thin_disk 9.698970004 0 0.01471 1.261513352 1.211 41.1673247 3983.822682 1.29 -0.695 -2.259 -3.349 -4.079 -4.281
thin6 5 thin_disk 9.698970004 0 0.01471 1.261534572 1.21 43.60664204 3938.220241 1.239 -0.7 -2.32 -3.436 -4.181 -4.391
thin6 5 thin_disk 9.698970004 0 0.01471 1.261561274 1.208 46.51067526 3902.114421 1.183 -0.744 -2.407 -3.544 -4.3 -4.517
thin6 5 thin_disk 9.698970004 0 0.01471 1.261586309 1.207 49.51680844 3869.902292 1.128 -0.787 -2.496 -3.653 -4.418 -4.641
thin6 5 thin_disk 9.698970004 0 0.01471 1.261609793 1.205 52.68083438 3837.072455 1.073 -0.825 -2.582 -3.76 -4.535 -4.764
thin6 5 thin_disk 9.698970004 0 0.01471 1.261633635 1.202 56.1633035 3802.769482 1.017 -0.861 -2.669 -3.868 -4.654 -4.889
thin6 5 thin_disk 9.698970004 0 0.01471 1.261655927 1.2 59.93115463 3767.03799 0.959 -0.876 -2.754 -3.98 -4.776 -5.017
thin6 5 thin_disk 9.698970004 0 0.01471 1.261673212 1.197 63.92233707 3732.501578 0.902 -0.891 -2.839 -4.091 -4.896 -5.145
thin6 5 thin_disk 9.698970004 0 0.01471 1.261684179 1.195 67.95988649 3699.985312 0.848 -0.893 -2.917 -4.197 -5.01 -5.265
thin6 5 thin_disk 9.698970004 0 0.01471 1.261692643 1.194 72.2025681 3666.907882 0.795 -0.88 -2.988 -4.3 -5.121 -5.383
thin6 5 thin_disk 9.698970004 0 0.01471 1.261700392 1.192 76.81616913 3631.616662 0.741 -0.863 -3.061 -4.406 -5.235 -5.504
thin6 5 thin_disk 9.698970004 0 0.01471 1.261707425 1.19 81.72457012 3596.665093 0.686 -0.819 -3.126 -4.512 -5.349 -5.625
thin6 5 thin_disk 9.698970004 0 0.01471 1.261713862 1.187 86.94660821 3562.049907 0.632 -0.772 -3.189 -4.615 -5.461 -5.745
thin6 5 thin_disk 9.698970004 0 0.01471 1.261719942 1.185 92.35334815 3528.580258 0.578 -0.708 -3.242 -4.718 -5.571 -5.862
thin6 5 thin_disk 9.698970004 0 0.01471 1.261726379 1.182 98.59448999 3490.599322 0.52 -0.617 -3.292 -4.829 -5.69 -5.989
thin6 5 thin_disk 9.698970004 0 0.01471 1.261733413 1.178 105.4757555 3451.437393 0.46 -0.502 -3.335 -4.943 -5.812 -6.12
thin6 5 thin_disk 9.698970004 0 0.01471 1.261741519 1.172 113.0713676 3411.143581 0.398 -0.355 -3.363 -5.059 -5.934 -6.252
thin6 5 thin_disk 9.698970004 0 0.01471 1.261749506 1.166 120.407252 3372.873087 0.341 -0.198 -3.373 -5.165 -6.045 -6.373
thin6 5 thin_disk 9.698970004 0 0.01471 1.261753201 1.162 124.3519629 3353.513045 0.311 -0.103 -3.368 -5.219 -6.102 -6.435
thin6 5 thin_disk 9.698970004 0 0.01471 1.261755109 1.161 117.0449404 3387.661434 0.363 -0.262 -3.369 -5.116 -5.994 -6.318
thin6 5 thin_disk 9.698970004 0 0.01471 1.261755466 1.16 114.5915635 3400.165058 0.381 -0.306 -3.361 -5.081 -5.958 -6.278
thin6 5 thin_disk 9.698970004 0 0.01471 1.261755586 1.16 113.9862969 3403.298168 0.386 -0.317 -3.358 -5.071 -5.947 -6.267
thin6 5 thin_disk 9.698970004 0 0.01471 1.261755705 1.16 112.1121406 3411.929116 0.4 -0.347 -3.35 -5.043 -5.918 -6.236
thin6 5 thin_disk 9.698970004 0 0.01471 1.261755824 1.16 117.2337467 3386.881486 0.362 -0.256 -3.369 -5.118 -5.997 -6.321
thin6 5 thin_disk 9.698970004 0 0.01471 1.261755943 1.16 117.4228575 3386.101717 0.36 -0.252 -3.368 -5.121 -6 -6.324
thin6 5 thin_disk 9.698970004 0 0.01471 1.261756062 1.16 120.7682143 3369.767986 0.336 -0.176 -3.366 -5.168 -6.049 -6.378
thin6 5 thin_disk 9.698970004 0 0.01471 1.261756301 1.159 125.5314788 3347.341331 0.302 -0.067 -3.363 -5.234 -6.118 -6.453
thin6 5 thin_disk 9.698970004 0 0.01471 1.261756539 1.159 130.4826129 3325.063932 0.268 0.042 -3.358 -5.299 -6.185 -6.526
thin6 5 thin_disk 9.698970004 0 0.01471 1.261756897 1.159 136.8524715 3297.61538 0.227 0.199 -3.337 -5.378 -6.268 -6.617
thin6 5 thin_disk 9.698970004 0 0.01471 1.261757374 1.158 144.8947483 3264.374675 0.177 0.42 -3.287 -5.471 -6.366 -6.725
thin6 5 thin_disk 9.698970004 0 0.01471 1.26175797 1.157 152.1082062 3235.936569 0.134 0.616 -3.242 -5.553 -6.452 -6.819
thin6 5 thin_disk 9.698970004 0 0.01471 1.261758566 1.156 160.8616966 3203.317601 0.086 0.791 -3.199 -5.644 -6.546 -6.921
thin6 5 thin_disk 9.698970004 0 0.01471 1.26175952 1.154 169.923187 3171.027439 0.038 0.988 -3.142 -5.733 -6.639 -7.023
thin6 5 thin_disk 9.698970004 0 0.01471 1.261760712 1.152 178.7115596 3140.508694 -0.008 1.16 -3.082 -5.815 -6.726 -7.118
thin6 5 thin_disk 9.698970004 0 0.01471 1.261761665 1.149 183.8453479 3123.201467 -0.033 1.251 -3.048 -5.861 -6.773 -7.17
thin6 5 thin_disk 9.698970004 0 0.01471 1.261761785 1.149 183.8453479 3123.201467 -0.034 1.251 -3.048 -5.861 -6.773 -7.17
thin6 5 thin_disk 9.698970004 0 0.01471 1.261761904 1.149 117.2877472 3378.313899 0.357 -0.186 -3.337 -5.113 -5.993 -6.319
thin6 5 thin_disk 9.698970004 0 0.01471 1.261762023 1.148 97.33132707 3488.992212 0.519 -0.58 -3.26 -4.798 -5.659 -5.959
thin6 5 thin_disk 9.698970004 0 0.01471 1.261762261 1.148 70.67285643 3687.228059 0.797 -0.92 -2.977 -4.271 -5.085 -5.344
thin6 5 thin_disk 9.698970004 0 0.01471 1.261762738 1.147 73.05545414 3664.375746 0.767 -0.896 -3.011 -4.325 -5.145 -5.408
thin6 5 thin_disk 9.698970004 0 0.01471 1.261763215 1.146 89.85715101 3534.272244 0.587 -0.684 -3.198 -4.664 -5.516 -5.806
thin6 5 thin_disk 9.698970004 0 0.01471 1.26176393 1.144 118.4002569 3368.216508 0.348 -0.121 -3.316 -5.123 -6.004 -6.333
thin6 5 thin_disk 9.698970004 0 0.01471 1.261764646 1.142 149.1257514 3234.446709 0.146 0.67 -3.192 -5.508 -6.407 -6.775
thin6 5 thin_disk 9.698970004 0 0.01471 1.261765599 1.14 173.281678 3149.19824 0.015 1.144 -3.065 -5.756 -6.665 -7.055
thin6 5 thin_disk 9.698970004 0 0.01471 1.261766672 1.138 187.2632881 3105.274522 -0.053 1.37 -2.987 -5.882 -6.797 -7.198
thin6 5 thin_disk 9.698970004 0 0.01471 1.261767864 1.136 193.8441258 3083.897962 -0.084 1.463 -2.951 -5.936 -6.854 -7.26
thin6 5 thin_disk 9.698970004 0 0.01471 1.261769176 1.133 197.2661846 3071.142726 -0.101 1.493 -2.934 -5.963 -6.882 -7.29
thin6 5 thin_disk 9.698970004 0 0.01471 1.261769176 1.133 197.2661846 3071.142726 -0.101 0.59 -3.174 -5.963 -6.882 -7.29
thin6 5 thin_disk 9.698970004 0 0.01471 1.261769414 1.132 106.0114183 3419.007079 0.439 -0.28 -3.247 -4.925 -5.8 -6.115
thin6 5 thin_disk 9.698970004 0 0.01471 1.261769652 1.131 76.97552238 3613.266545 0.716 -0.773 -3.028 -4.394 -5.229 -5.501
thin6 5 thin_disk 9.698970004 0 0.01471 1.261770129 1.13 79.62558661 3591.699548 0.687 -0.735 -3.058 -4.449 -5.288 -5.565
thin6 5 thin_disk 9.698970004 0 0.01471 1.261770725 1.129 97.57816457 3466.570205 0.509 -0.444 -3.21 -4.786 -5.654 -5.957
thin6 5 thin_disk 9.698970004 0 0.01471 1.261771441 1.127 128.1010368 3305.978311 0.272 0.25 -3.236 -5.241 -6.131 -6.477
thin6 5 thin_disk 9.698970004 0 0.01471 1.261772275 1.125 161.0099239 3176.142653 0.073 1.038 -3.06 -5.621 -6.527 -6.908
thin6 5 thin_disk 9.698970004 0 0.01471 1.261773229 1.123 186.6176193 3094.567784 -0.056 1.464 -2.924 -5.864 -6.781 -7.184
thin6 5 thin_disk 9.698970004 0 0.01471 1.261774302 1.12 201.3504687 3052.108722 -0.124 1.551 -2.895 -5.989 -6.91 -7.322
thin6 5 thin_disk 9.698970004 0 0.01471 1.261775494 1.117 208.234481 3032.494347 -0.154 1.589 -2.879 -6.042 -6.966 -7.383
thin6 5 thin_disk 9.698970004 0 0.01471 1.261776924 1.113 212.0570155 3020.64717 -0.171 1.615 -2.865 -6.07 -6.995 -7.414
thin6 5 thin_disk 9.698970004 0 0.01471 1.261777043 1.113 154.0113206 3193.743253 0.106 0.964 -3.058 -5.542 -6.446 -6.822
thin6 5 thin_disk 9.698970004 0 0.01471 1.261777163 1.112 115.4656075 3358.149296 0.357 0.016 -3.223 -5.06 -5.944 -6.275
thin6 5 thin_disk 9.698970004 0 0.01471 1.26177752 1.111 83.82096277 3551.40335 0.635 -0.633 -3.086 -4.525 -5.375 -5.66
thin6 5 thin_disk 9.698970004 0 0.01471 1.261777997 1.11 86.64682328 3529.392837 0.605 -0.579 -3.108 -4.581 -5.435 -5.724
thin6 5 thin_disk 9.698970004 0 0.01471 1.261778712 1.108 106.0602496 3406.434166 0.429 -0.189 -3.211 -4.917 -5.794 -6.112
thin6 5 thin_disk 9.698970004 0 0.01471 1.261779547 1.106 138.6923941 3249.376236 0.195 0.665 -3.113 -5.363 -6.261 -6.623
thin6 5 thin_disk 9.698970004 0 0.01471 1.2617805 1.103 173.7211297 3121.763511 -0.002 1.364 -2.926 -5.736 -6.65 -7.045
thin6 5 thin_disk 9.698970004 0 0.01471 1.261781573 1.099 201.1187888 3041.585296 -0.13 1.607 -2.847 -5.975 -6.897 -7.311
thin6 5 thin_disk 9.698970004 0 0.01471 1.261782885 1.096 216.7467753 2999.853181 -0.197 1.668 -2.831 -6.096 -7.022 -7.445
thin6 5 thin_disk 9.698970004 0 0.01471 1.261784315 1.091 224.1571751 2980.574626 -0.228 1.693 -2.826 -6.148 -7.076 -7.503
thin6 5 thin_disk 9.698970004 0 0.01471 1.261785984 1.087 227.9043659 2969.613986 -0.245 1.71 -2.819 -6.175 -7.104 -7.532
thin6 5 thin_disk 9.698970004 0 0.01471 1.261786103 1.086 168.4040938 3132.564342 0.018 1.334 -2.919 -5.678 -6.59 -6.982
thin6 5 thin_disk 9.698970004 0 0.01471 1.261786223 1.085 126.2271117 3296.097122 0.268 0.378 -3.155 -5.202 -6.094 -6.441
thin6 5 thin_disk 9.698970004 0 0.01471 1.26178658 1.084 91.42240563 3489.795674 0.548 -0.449 -3.127 -4.664 -5.527 -5.825
thin6 5 thin_disk 9.698970004 0 0.01471 1.261787176 1.082 94.613399 3468.166988 0.518 -0.389 -3.147 -4.719 -5.586 -5.889
thin6 5 thin_disk 9.698970004 0 0.01471 1.261787891 1.079 115.4656075 3346.570666 0.343 0.114 -3.177 -5.051 -5.936 -6.27
thin6 5 thin_disk 9.698970004 0 0.01471 1.261788726 1.076 150.2978074 3192.272818 0.113 1.028 -2.997 -5.486 -6.391 -6.766
thin6 5 thin_disk 9.698970004 0 0.01471 1.26178968 1.072 187.6085578 3066.902715 -0.081 1.61 -2.812 -5.849 -6.769 -7.177
thin6 5 thin_disk 9.698970004 0 0.01471 1.261790872 1.068 216.547236 2987.445561 -0.207 1.727 -2.781 -6.08 -7.007 -7.432
thin6 5 thin_disk 9.698970004 0 0.01471 1.261792183 1.063 232.8373484 2946.456271 -0.273 1.773 -2.775 -6.196 -7.128 -7.559
thin6 5 thin_disk 9.698970004 0 0.01471 1.261793733 1.057 240.6315923 2926.846862 -0.303 1.792 -2.776 -6.246 -7.178 -7.612
thin6 5 thin_disk 9.698970004 0 0.01471 1.261795402 1.05 244.6541826 2916.083799 -0.32 1.807 -2.772 -6.27 -7.203 -7.639
thin6 5 thin_disk 9.698970004 0 0.01471 1.261795521 1.05 184.0571296 3069.728738 -0.073 1.634 -2.784 -5.809 -6.73 -7.137
thin6 5 thin_disk 9.698970004 0 0.01471 1.26179564 1.049 138.0233757 3232.957534 0.176 0.842 -3.018 -5.338 -6.238 -6.604
thin6 5 thin_disk 9.698970004 0 0.01471 1.261796117 1.046 99.69024076 3427.677865 0.457 -0.212 -3.141 -4.8 -5.674 -5.987
thin6 5 thin_disk 9.698970004 0 0.01471 1.261796594 1.043 103.2173357 3405.649896 0.427 -0.124 -3.149 -4.856 -5.733 -6.051
thin6 5 thin_disk 9.698970004 0 0.01471 1.261797309 1.039 125.6471508 3284.732443 0.253 0.508 -3.085 -5.181 -6.074 -6.425
thin6 5 thin_disk 9.698970004 0 0.01471 1.261798263 1.034 163.0244129 3131.122075 0.026 1.414 -2.841 -5.605 -6.518 -6.909
thin6 5 thin_disk 9.698970004 0 0.01471 1.261799335 1.028 202.839553 3006.076303 -0.167 1.768 -2.718 -5.958 -6.884 -7.304
thin6 5 thin_disk 9.698970004 0 0.01471 1.261800528 1.021 233.5353587 2926.846862 -0.292 1.849 -2.715 -6.182 -7.114 -7.547
thin6 5 thin_disk 9.698970004 0 0.01471 1.261801958 1.013 251.3348112 2885.359955 -0.359 1.891 -2.717 -6.295 -7.231 -7.671
thin6 5 thin_disk 9.698970004 0 0.01471 1.261803508 1.004 259.5688929 2865.497276 -0.391 1.93 -2.715 -6.342 -7.279 -7.723
thin6 5 thin_disk 9.698970004 0 0.01471 1.261805296 0.995 263.8472942 2853.645362 -0.41 1.958 -2.708 -6.365 -7.303 -7.749
thin6 5 thin_disk 9.698970004 0 0.01471 1.261805415 0.994 202.7461635 2996.40146 -0.181 1.818 -2.678 -5.946 -6.874 -7.295
thin6 5 thin_disk 9.698970004 0 0.01471 1.261805534 0.992 151.9681739 3160.09399 0.068 1.312 -2.849 -5.482 -6.391 -6.775
thin6 5 thin_disk 9.698970004 0 0.01471 1.261806011 0.988 109.4340935 3357.376142 0.351 0.14 -3.104 -4.945 -5.828 -6.159
thin6 5 thin_disk 9.698970004 0 0.01471 1.261806488 0.982 113.5148409 3332.728996 0.318 0.27 -3.085 -5 -5.888 -6.225
thin6 5 thin_disk 9.698970004 0 0.01471 1.261807203 0.975 138.0869524 3209.962804 0.144 1.045 -2.906 -5.319 -6.221 -6.593
thin6 5 thin_disk 9.698970004 0 0.01471 1.261808157 0.966 178.7115596 3054.921113 -0.084 1.773 -2.657 -5.731 -6.653 -7.063
thin6 5 thin_disk 9.698970004 0 0.01471 1.26180923 0.955 222.1532365 2927.520871 -0.278 1.948 -2.612 -6.074 -7.006 -7.439
thin6 5 thin_disk 9.698970004 0 0.01471 1.261810422 0.943 256.1253972 2845.116144 -0.407 2.051 -2.621 -6.291 -7.228 -7.673
thin6 5 thin_disk 9.698970004 0 0.01471 1.261811852 0.929 275.9005999 2800.270595 -0.478 2.144 -2.622 -6.396 -7.335 -7.789
thin6 5 thin_disk 9.698970004 0 0.01471 1.261813402 0.913 285.7278971 2777.154236 -0.516 2.212 -2.612 -6.438 -7.38 -7.839
thin6 5 thin_disk 9.698970004 0 0.01471 1.26181519 0.897 291.1069974 2762.485455 -0.54 2.266 -2.598 -6.457 -7.401 -7.865
thin6 5 thin_disk 9.698970004 0 0.01471 1.261815309 0.895 227.851895 2897.343588 -0.328 2.04 -2.552 -6.094 -7.029 -7.467
thin6 5 thin_disk 9.698970004 0 0.01471 1.261815429 0.891 170.0797641 3065.490679 -0.077 1.827 -2.595 -5.635 -6.556 -6.964
thin6 5 thin_disk 9.698970004 0 0.01471 1.261815786 0.884 121.3815405 3273.406949 0.213 0.704 -2.951 -5.096 -5.99 -6.346
thin6 5 thin_disk 9.698970004 0 0.01471 1.261816382 0.874 125.6471508 3250.872974 0.178 0.87 -2.906 -5.15 -6.048 -6.41
thin6 5 thin_disk 9.698970004 0 0.01471 1.261817098 0.861 152.8103058 3126.079367 0.002 1.608 -2.67 -5.46 -6.373 -6.768
thin6 5 thin_disk 9.698970004 0 0.01471 1.261817932 0.845 197.35705 2969.613986 -0.229 2.017 -2.509 -5.86 -6.79 -7.218
thin6 5 thin_disk 9.698970004 0 0.01471 1.261818886 0.826 244.6541826 2843.151486 -0.425 2.182 -2.505 -6.187 -7.125 -7.574
thin6 5 thin_disk 9.698970004 0 0.01471 1.261820078 0.805 280.8359135 2764.394371 -0.556 2.355 -2.515 -6.379 -7.324 -7.79
thin6 5 thin_disk 9.698970004 0 0.01471 1.261821508 0.781 300.2981418 2727.721331 -0.627 2.51 -2.495 -6.452 -7.411 -7.896
thin6 5 thin_disk 9.698970004 0 0.01471 1.261823058 0.756 307.3637491 2719.568486 -0.662 2.606 -2.469 -6.467 -7.438 -7.94
thin6 5 thin_disk 9.698970004 0 0.01471 1.261824727 0.728 308.285178 2726.465459 -0.681 2.674 -2.442 -6.454 -7.44 -7.957
thin6 5 thin_disk 9.698970004 0 0.01471 1.261831403 0.561 3.335436253e-06 10000 1.656 30.033 30.018 30.019 30.042 30.052
