# component component_index family logAge MH Zini Mini Mass radius_rsun Teff_K logg Jmag_2mass Hmag_2mass Ksmag_2mass F087mag F146mag F213mag
thin3 2 thin_disk 9.301029996 0.25 0.025095 0.0955969095 0.095 0.1330309354 2301.971805 5.167 10.988 10.399 10.103 12.85 11.015 10.182
thin3 2 thin_disk 9.301029996 0.25 0.025095 0.1055120975 0.105 0.1439304373 2398.832919 5.141 10.641 10.053 9.755 12.503 10.668 9.834
thin3 2 thin_disk 9.301029996 0.25 0.025095 0.106323272 0.106 0.1448613889 2404.916489 5.139 10.616 10.029 9.73 12.478 10.643 9.809
thin3 2 thin_disk 9.301029996 0.25 0.025095 0.1126040518 0.112 0.1514093325 2454.708916 5.125 10.43 9.844 9.544 12.293 10.457 9.623
thin3 2 thin_disk 9.301029996 0.25 0.025095 0.1253425032 0.125 0.1646844694 2549.764088 5.099 10.083 9.498 9.197 11.946 10.111 9.275
thin3 2 thin_disk 9.301029996 0.25 0.025095 0.145172894 0.145 0.1836338099 2661.337785 5.068 9.677 9.095 8.794 11.462 9.694 8.868
thin3 2 thin_disk 9.301029996 0.25 0.025095 0.1650032997 0.165 0.2015824155 2745.364414 5.043 9.371 8.791 8.495 11.026 9.37 8.563
thin3 2 thin_disk 9.301029996 0.25 0.025095 0.2046640813 0.204 0.2346673369 2871.44168 5.004 8.888 8.309 8.024 10.374 8.865 8.084
thin3 2 thin_disk 9.301029996 0.25 0.025095 0.2542400956 0.254 0.2734340813 2977.83068 4.966 8.434 7.852 7.58 9.803 8.394 7.634
thin3 2 thin_disk 9.301029996 0.25 0.025095 0.2626696229 0.262 0.2797387596 2993.642943 4.96 8.366 7.784 7.513 9.719 8.324 7.566
thin3 2 thin_disk 9.301029996 0.25 0.025095 0.3260262012 0.326 0.3314764239 3094.567784 4.907 7.889 7.302 7.043 9.148 7.832 7.091
thin3 2 thin_disk 9.301029996 0.25 0.025095 0.3360213041 0.336 0.3407631662 3108.85166 4.896 7.812 7.224 6.967 9.061 7.754 7.014
thin3 2 thin_disk 9.301029996 0.25 0.025095 0.3440339863 0.344 0.3477383946 3120.326217 4.889 7.757 7.167 6.911 8.997 7.697 6.959
thin3 2 thin_disk 9.301029996 0.25 0.025095 0.3533920944 0.353 0.3555925429 3134.007273 4.882 7.695 7.104 6.85 8.924 7.633 6.897
thin3 2 thin_disk 9.301029996 0.25 0.025095 0.3777398169 0.378 0.3757099051 3176.142653 4.862 7.529 6.934 6.685 8.727 7.461 6.73
thin3 2 thin_disk 9.301029996 0.25 0.025095 0.4029681087 0.403 0.3964173416 3217.362533 4.844 7.37 6.77 6.525 8.54 7.296 6.569
thin3 2 thin_disk 9.301029996 0.25 0.025095 0.4370361865 0.437 0.4276147181 3283.220116 4.813 7.141 6.531 6.293 8.267 7.055 6.333
thin3 2 thin_disk 9.301029996 0.25 0.025095 0.4525440931 0.452 0.4415223015 3312.07376 4.8 7.043 6.429 6.193 8.151 6.953 6.232
thin3 2 thin_disk 9.301029996 0.25 0.025095 0.502120018 0.502 0.4910804497 3415.859507 4.754 6.711 6.081 5.853 7.761 6.605 5.888
thin3 2 thin_disk 9.301029996 0.25 0.025095 0.5516960621 0.551 0.5421914251 3548.133892 4.709 6.374 5.726 5.507 7.356 6.249 5.536
thin3 2 thin_disk 9.301029996 0.25 0.025095 0.601271987 0.601 0.5889150389 3722.20253 4.674 6.048 5.379 5.176 6.948 5.903 5.198
thin3 2 thin_disk 9.301029996 0.25 0.025095 0.650848031 0.651 0.6268341442 3949.116993 4.655 5.724 5.04 4.868 6.544 5.565 4.884
thin3 2 thin_disk 9.301029996 0.25 0.025095 0.7004240751 0.7 0.6584952474 4205.329212 4.643 5.41 4.742 4.604 6.162 5.255 4.615
thin3 2 thin_disk 9.301029996 0.25 0.025095 0.7123849988 0.712 0.6632124111 4285.485204 4.645 5.336 4.674 4.547 6.069 5.183 4.556
thin3 2 thin_disk 9.301029996 0.25 0.025095 0.75 0.75 0.6752314232 4540.461526 4.651 5.115 4.511 4.407 5.782 4.985 4.414
thin3 2 thin_disk 9.301029996 0.25 0.025095 0.8000000119 0.8 0.719204912 4741.327996 4.625 4.847 4.305 4.212 5.46 4.74 4.218
thin3 2 thin_disk 9.301029996 0.25 0.025095 0.8500000238 0.85 0.7630493818 4952.220801 4.6 4.592 4.11 4.026 5.153 4.507 4.031
thin3 2 thin_disk 9.301029996 0.25 0.025095 0.8999999762 0.899 0.8080768122 5159.409512 4.574 4.349 3.92 3.845 4.862 4.282 3.848
thin3 2 thin_disk 9.301029996 0.25 0.025095 0.9500000477 0.949 0.8591176568 5355.499708 4.545 4.116 3.731 3.663 4.586 4.063 3.666
thin3 2 thin_disk 9.301029996 0.25 0.025095 0.9569663405 0.957 0.8666677674 5381.458556 4.54 4.084 3.704 3.637 4.548 4.032 3.641
thin3 2 thin_disk 9.301029996 0.25 0.025095 1 1 0.9154879764 5539.875439 4.512 3.89 3.542 3.482 4.324 3.848 3.484
thin3 2 thin_disk 9.301029996 0.25 0.025095 1.02701056 1.027 0.9496261052 5633.781509 4.492 3.771 3.439 3.383 4.187 3.734 3.386
thin3 2 thin_disk 9.301029996 0.25 0.025095 1.049999952 1.049 0.9789322696 5710.840095 4.475 3.671 3.353 3.301 4.074 3.638 3.303
thin3 2 thin_disk 9.301029996 0.25 0.025095 1.054404974 1.054 0.9852640685 5725.323094 4.471 3.652 3.337 3.284 4.052 3.619 3.287
thin3 2 thin_disk 9.301029996 0.25 0.025095 1.09288764 1.092 1.039567383 5846.554468 4.44 3.486 3.19 3.143 3.865 3.458 3.145
thin3 2 thin_disk 9.301029996 0.25 0.025095 1.100000024 1.099 1.051120836 5868.133696 4.434 3.455 3.163 3.116 3.832 3.429 3.119
thin3 2 thin_disk 9.301029996 0.25 0.025095 1.121627569 1.121 1.083309732 5931.984397 4.415 3.363 3.081 3.037 3.729 3.339 3.039
thin3 2 thin_disk 9.301029996 0.25 0.025095 1.149999976 1.149 1.130193083 6011.737375 4.39 3.243 2.974 2.933 3.597 3.223 2.935
thin3 2 thin_disk 9.301029996 0.25 0.025095 1.200000048 1.199 1.217734597 6141.861234 4.343 3.036 2.788 2.75 3.37 3.021 2.752
thin3 2 thin_disk 9.301029996 0.25 0.025095 1.206783056 1.206 1.229851414 6157.437326 4.337 3.009 2.763 2.726 3.34 2.994 2.728
thin3 2 thin_disk 9.301029996 0.25 0.025095 1.25 1.25 1.311150802 6251.726928 4.297 2.838 2.607 2.572 3.156 2.827 2.574
thin3 2 thin_disk 9.301029996 0.25 0.025095 1.271173477 1.271 1.350991588 6295.061829 4.277 2.757 2.531 2.498 3.069 2.747 2.499
thin3 2 thin_disk 9.301029996 0.25 0.025095 1.299999952 1.3 1.411408228 6345.99901 4.25 2.646 2.429 2.396 2.951 2.639 2.398
thin3 2 thin_disk 9.301029996 0.25 0.025095 1.342819571 1.343 1.504363005 6410.619496 4.209 2.487 2.279 2.247 2.784 2.482 2.249
thin3 2 thin_disk 9.301029996 0.25 0.025095 1.350000024 1.35 1.521082062 6419.482215 4.201 2.461 2.253 2.222 2.756 2.455 2.224
thin3 2 thin_disk 9.301029996 0.25 0.025095 1.399999976 1.4 1.642678772 6475.898005 4.15 2.276 2.077 2.047 2.564 2.273 2.049
thin3 2 thin_disk 9.301029996 0.25 0.025095 1.427706957 1.428 1.716139727 6498.303635 4.121 2.173 1.978 1.948 2.458 2.171 1.949
thin3 2 thin_disk 9.301029996 0.25 0.025095 1.450000048 1.45 1.781363891 6511.784205 4.096 2.09 1.896 1.866 2.372 2.087 1.868
thin3 2 thin_disk 9.301029996 0.25 0.025095 1.460408211 1.46 1.81197685 6516.283941 4.083 2.05 1.857 1.827 2.333 2.048 1.829
thin3 2 thin_disk 9.301029996 0.25 0.025095 1.488234401 1.488 1.903060718 6517.784543 4.049 1.944 1.752 1.721 2.226 1.942 1.723
thin3 2 thin_disk 9.301029996 0.25 0.025095 1.5 1.5 1.943804776 6516.283941 4.034 1.898 1.706 1.676 2.18 1.896 1.677
thin3 2 thin_disk 9.301029996 0.25 0.025095 1.513568282 1.513 1.992749206 6510.284984 4.016 1.846 1.653 1.623 2.129 1.844 1.624
thin3 2 thin_disk 9.301029996 0.25 0.025095 1.538411737 1.538 2.088587358 6492.321231 3.982 1.748 1.553 1.523 2.033 1.746 1.524
thin3 2 thin_disk 9.301029996 0.25 0.025095 1.549999952 1.55 2.138713668 6478.880953 3.965 1.702 1.506 1.474 1.988 1.699 1.476
thin3 2 thin_disk 9.301029996 0.25 0.025095 1.561326385 1.561 2.187523085 6465.468498 3.948 1.656 1.459 1.427 1.945 1.653 1.428
thin3 2 thin_disk 9.301029996 0.25 0.025095 1.580121994 1.58 2.277469895 6435.762368 3.919 1.579 1.377 1.345 1.871 1.575 1.347
thin3 2 thin_disk 9.301029996 0.25 0.025095 1.597720861 1.597 2.367296439 6400.295121 3.89 1.506 1.3 1.267 1.803 1.501 1.268
thin3 2 thin_disk 9.301029996 0.25 0.025095 1.600000024 1.6 2.378771052 6395.875481 3.886 1.496 1.29 1.256 1.794 1.491 1.258
thin3 2 thin_disk 9.301029996 0.25 0.025095 1.612744808 1.612 2.448796212 6369.421654 3.865 1.443 1.233 1.199 1.744 1.437 1.201
thin3 2 thin_disk 9.301029996 0.25 0.025095 1.633538961 1.633 2.570707383 6313.933449 3.828 1.355 1.138 1.103 1.664 1.348 1.104
thin3 2 thin_disk 9.301029996 0.25 0.025095 1.649999976 1.649 2.675793811 6260.369977 3.797 1.285 1.06 1.023 1.601 1.276 1.025
thin3 2 thin_disk 9.301029996 0.25 0.025095 1.654573202 1.654 2.706778043 6245.971525 3.789 1.265 1.038 1.001 1.584 1.255 1.003
thin3 2 thin_disk 9.301029996 0.25 0.025095 1.673390031 1.673 2.838916669 6180.164001 3.753 1.185 0.949 0.91 1.513 1.173 0.911
thin3 2 thin_disk 9.301029996 0.25 0.025095 1.674999952 1.674 2.850707411 6174.474481 3.75 1.178 0.941 0.902 1.507 1.166 0.903
thin3 2 thin_disk 9.301029996 0.25 0.025095 1.676812649 1.676 2.863865679 6167.369945 3.746 1.171 0.932 0.893 1.5 1.158 0.895
thin3 2 thin_disk 9.301029996 0.25 0.025095 1.693517208 1.693 2.993316536 6102.390566 3.712 1.098 0.849 0.807 1.437 1.082 0.809
thin3 2 thin_disk 9.301029996 0.25 0.025095 1.700000048 1.699 3.046159536 6077.150616 3.698 1.068 0.815 0.773 1.411 1.051 0.775
thin3 2 thin_disk 9.301029996 0.25 0.025095 1.716357231 1.715 3.191924754 6029.759633 3.662 0.984 0.724 0.68 1.335 0.966 0.682
thin3 2 thin_disk 9.301029996 0.25 0.025095 1.717821002 1.717 3.202230907 6026.983465 3.659 0.976 0.716 0.672 1.328 0.958 0.674
thin3 2 thin_disk 9.301029996 0.25 0.025095 1.725000143 1.724 3.291187651 6108.013665 3.637 0.888 0.641 0.599 1.227 0.873 0.601
thin3 2 thin_disk 9.301029996 0.25 0.025095 1.726099372 1.725 3.30485679 6123.503917 3.633 0.873 0.629 0.587 1.21 0.859 0.589
thin3 2 thin_disk 9.301029996 0.25 0.025095 1.727437377 1.727 3.342355533 6220.137713 3.624 0.815 0.586 0.547 1.137 0.805 0.549
thin3 2 thin_disk 9.301029996 0.25 0.025095 1.727905154 1.727 3.38261558 6319.751476 3.614 0.756 0.542 0.506 1.063 0.749 0.507
thin3 2 thin_disk 9.301029996 0.25 0.025095 1.728091955 1.727 3.418634293 6395.875481 3.604 0.708 0.506 0.471 1.005 0.704 0.472
thin3 2 thin_disk 9.301029996 0.25 0.025095 1.7282089 1.727 3.441538599 6452.083809 3.599 0.677 0.482 0.448 0.965 0.674 0.45
thin3 2 thin_disk 9.301029996 0.25 0.025095 1.728228211 1.727 3.425726166 6444.659847 3.603 0.688 0.493 0.459 0.978 0.685 0.46
thin3 2 thin_disk 9.301029996 0.25 0.025095 1.728302836 1.727 3.349289168 6376.758944 3.622 0.759 0.554 0.518 1.058 0.754 0.52
thin3 2 thin_disk 9.301029996 0.25 0.025095 1.72840178 1.727 3.388072108 6253.166607 3.612 0.774 0.551 0.513 1.091 0.765 0.514
thin3 2 thin_disk 9.301029996 0.25 0.025095 1.728574157 1.728 3.588001739 6100.985601 3.564 0.705 0.458 0.416 1.045 0.69 0.418
thin3 2 thin_disk 9.301029996 0.25 0.025095 1.72887516 1.728 3.776179627 5947.028229 3.519 0.649 0.377 0.33 1.014 0.628 0.332
thin3 2 thin_disk 9.301029996 0.25 0.025095 1.729330659 1.728 3.906183533 5796.955947 3.489 0.633 0.334 0.282 1.023 0.605 0.284
thin3 2 thin_disk 9.301029996 0.25 0.025095 1.729805827 1.729 3.966912716 5676.753024 3.476 0.651 0.329 0.274 1.063 0.616 0.276
thin3 2 thin_disk 9.301029996 0.25 0.025095 1.730280161 1.729 3.985223154 5573.140605 3.472 0.687 0.344 0.285 1.119 0.647 0.287
thin3 2 thin_disk 9.301029996 0.25 0.025095 1.73075366 1.73 3.976973021 5473.939587 3.474 0.735 0.371 0.309 1.188 0.689 0.311
thin3 2 thin_disk 9.301029996 0.25 0.025095 1.731226325 1.73 3.971482424 5377.74246 3.476 0.787 0.403 0.337 1.26 0.735 0.34
thin3 2 thin_disk 9.301029996 0.25 0.025095 1.731792569 1.731 3.992570971 5268.657897 3.471 0.831 0.423 0.353 1.328 0.771 0.355
thin3 2 thin_disk 9.301029996 0.25 0.025095 1.732545614 1.732 4.141452121 5140.436516 3.44 0.82 0.382 0.306 1.347 0.751 0.308
thin3 2 thin_disk 9.301029996 0.25 0.025095 1.732639551 1.732 4.166320205 5125.072342 3.434 0.813 0.372 0.295 1.345 0.743 0.298
thin3 2 thin_disk 9.301029996 0.25 0.025095 1.732748747 1.732 4.220390578 5109.754091 3.424 0.795 0.35 0.273 1.33 0.724 0.276
thin3 2 thin_disk 9.301029996 0.25 0.025095 1.733293772 1.732 4.504562788 5040.806191 3.367 0.691 0.23 0.149 1.243 0.615 0.152
thin3 2 thin_disk 9.301029996 0.25 0.025095 1.733725309 1.733 4.787983497 4994.591802 3.314 0.584 0.111 0.028 1.148 0.504 0.031
thin3 2 thin_disk 9.301029996 0.25 0.025095 1.734110713 1.733 5.08806493 4957.925539 3.261 0.474 -0.008 -0.093 1.047 0.39 -0.09
thin3 2 thin_disk 9.301029996 0.25 0.025095 1.734461307 1.733 5.388310884 4927.197832 3.211 0.365 -0.125 -0.211 0.947 0.279 -0.208
thin3 2 thin_disk 9.301029996 0.25 0.025095 1.734796166 1.734 5.707588376 4898.916081 3.161 0.257 -0.24 -0.328 0.846 0.168 -0.326
thin3 2 thin_disk 9.301029996 0.25 0.025095 1.735119581 1.734 6.043000704 4871.918336 3.111 0.149 -0.355 -0.445 0.745 0.058 -0.442
thin3 2 thin_disk 9.301029996 0.25 0.025095 1.735436082 1.734 6.405494238 4845.069375 3.062 0.041 -0.47 -0.561 0.644 -0.053 -0.558
thin3 2 thin_disk 9.301029996 0.25 0.025095 1.735746741 1.735 6.767879924 4820.58783 3.013 -0.066 -0.583 -0.676 0.545 -0.161 -0.673
thin3 2 thin_disk 9.301029996 0.25 0.025095 1.736133814 1.735 7.253584001 4789.608325 2.954 -0.196 -0.721 -0.816 0.423 -0.295 -0.813
thin3 2 thin_disk 9.301029996 0.25 0.025095 1.73652029 1.735 7.761624798 4759.923797 2.895 -0.325 -0.859 -0.956 0.302 -0.427 -0.953
thin3 2 thin_disk 9.301029996 0.25 0.025095 1.73690629 1.736 8.31864603 4729.334149 2.834 -0.456 -0.998 -1.097 0.18 -0.561 -1.094
thin3 2 thin_disk 9.301029996 0.25 0.025095 1.737215042 1.736 8.803444788 4704.354057 2.786 -0.562 -1.111 -1.212 0.082 -0.669 -1.209
thin3 2 thin_disk 9.301029996 0.25 0.025095 1.737582564 1.737 9.428717958 4673.045396 2.727 -0.69 -1.247 -1.35 -0.037 -0.8 -1.347
thin3 2 thin_disk 9.301029996 0.25 0.025095 1.737962961 1.737 10.13100769 4639.8079 2.664 -0.825 -1.392 -1.498 -0.163 -0.939 -1.495
thin3 2 thin_disk 9.301029996 0.25 0.025095 1.738290668 1.737 10.80818189 4609.990177 2.608 -0.944 -1.52 -1.628 -0.273 -1.062 -1.624
thin3 2 thin_disk 9.301029996 0.25 0.025095 1.738610268 1.738 11.51735212 4580.364078 2.553 -1.063 -1.647 -1.757 -0.383 -1.183 -1.754
thin3 2 thin_disk 9.301029996 0.25 0.025095 1.738889337 1.738 12.20541765 4553.024633 2.502 -1.169 -1.761 -1.874 -0.481 -1.293 -1.871
thin3 2 thin_disk 9.301029996 0.25 0.025095 1.739171386 1.738 12.94054731 4524.806379 2.451 -1.279 -1.879 -1.994 -0.582 -1.406 -1.991
thin3 2 thin_disk 9.301029996 0.25 0.025095 1.739525914 1.738 13.93967489 4489.520924 2.387 -1.416 -2.025 -2.144 -0.708 -1.546 -2.14
thin3 2 thin_disk 9.301029996 0.25 0.025095 1.73988092 1.739 14.97451085 4455.536441 2.325 -1.547 -2.166 -2.288 -0.829 -1.682 -2.285
thin3 2 thin_disk 9.301029996 0.25 0.025095 1.740234613 1.739 15.97911215 4423.845998 2.268 -1.667 -2.294 -2.42 -0.938 -1.805 -2.417
thin3 2 thin_disk 9.301029996 0.25 0.025095 1.740573525 1.74 16.77461823 4400.479478 2.226 -1.756 -2.389 -2.518 -1.02 -1.897 -2.515
thin3 2 thin_disk 9.301029996 0.25 0.025095 1.740882397 1.74 17.30424458 4385.306978 2.199 -1.813 -2.45 -2.58 -1.072 -1.955 -2.577
thin3 2 thin_disk 9.301029996 0.25 0.025095 1.741113305 1.74 16.81328772 4400.479478 2.224 -1.761 -2.394 -2.523 -1.025 -1.901 -2.519
thin3 2 thin_disk 9.301029996 0.25 0.025095 1.741312027 1.74 16.03439747 4423.845998 2.266 -1.673 -2.3 -2.426 -0.945 -1.811 -2.422
thin3 2 thin_disk 9.301029996 0.25 0.025095 1.741456628 1.74 15.04363005 4455.536441 2.322 -1.557 -2.174 -2.297 -0.838 -1.691 -2.294
thin3 2 thin_disk 9.301029996 0.25 0.025095 1.74157548 1.74 14.07513746 4488.487293 2.379 -1.436 -2.045 -2.164 -0.728 -1.567 -2.161
thin3 2 thin_disk 9.301029996 0.25 0.025095 1.74166882 1.741 13.32762133 4515.439211 2.427 -1.335 -1.937 -2.053 -0.635 -1.463 -2.05
thin3 2 thin_disk 9.301029996 0.25 0.025095 1.741791368 1.741 12.42088797 4549.880602 2.488 -1.206 -1.798 -1.911 -0.516 -1.33 -1.908
thin3 2 thin_disk 9.301029996 0.25 0.025095 1.741900444 1.741 11.72877472 4578.255228 2.537 -1.102 -1.686 -1.797 -0.421 -1.223 -1.794
thin3 2 thin_disk 9.301029996 0.25 0.025095 1.742069006 1.741 10.91824021 4613.175746 2.599 -0.971 -1.545 -1.653 -0.3 -1.088 -1.65
thin3 2 thin_disk 9.301029996 0.25 0.025095 1.742136478 1.741 10.68200175 4623.810214 2.619 -0.93 -1.501 -1.608 -0.262 -1.045 -1.605
thin3 2 thin_disk 9.301029996 0.25 0.025095 1.742265105 1.741 10.97874366 4611.051789 2.595 -0.98 -1.555 -1.663 -0.309 -1.097 -1.66
thin3 2 thin_disk 9.301029996 0.25 0.025095 1.742559671 1.741 11.7098854 4579.309532 2.539 -1.1 -1.683 -1.794 -0.419 -1.22 -1.791
thin3 2 thin_disk 9.301029996 0.25 0.025095 1.742925048 1.742 12.42374832 4551.976381 2.488 -1.208 -1.799 -1.912 -0.519 -1.331 -1.909
thin3 2 thin_disk 9.301029996 0.25 0.025095 1.743316889 1.742 13.19327591 4522.723108 2.436 -1.319 -1.918 -2.034 -0.621 -1.446 -2.031
thin3 2 thin_disk 9.301029996 0.25 0.025095 1.743717313 1.743 14.0040175 4494.692653 2.384 -1.429 -2.036 -2.154 -0.722 -1.558 -2.151
thin3 2 thin_disk 9.301029996 0.25 0.025095 1.744114995 1.743 14.84747644 4466.835922 2.333 -1.537 -2.151 -2.273 -0.821 -1.67 -2.27
thin3 2 thin_disk 9.301029996 0.25 0.025095 1.744508386 1.743 15.73086648 4438.129803 2.283 -1.644 -2.266 -2.391 -0.92 -1.78 -2.387
thin3 2 thin_disk 9.301029996 0.25 0.025095 1.744900823 1.744 16.70523713 4409.608165 2.232 -1.752 -2.382 -2.51 -1.018 -1.891 -2.506
thin3 2 thin_disk 9.301029996 0.25 0.025095 1.74528265 1.744 17.69915957 4381.26982 2.181 -1.859 -2.497 -2.628 -1.116 -2.001 -2.624
thin3 2 thin_disk 9.301029996 0.25 0.025095 1.745656252 1.745 18.77381979 4353.113592 2.13 -1.966 -2.611 -2.746 -1.214 -2.111 -2.742
thin3 2 thin_disk 9.301029996 0.25 0.025095 1.746009111 1.745 19.89081806 4325.13831 2.08 -2.07 -2.723 -2.861 -1.309 -2.219 -2.858
thin3 2 thin_disk 9.301029996 0.25 0.025095 1.74635756 1.745 21.1082702 4296.353426 2.029 -2.176 -2.838 -2.979 -1.406 -2.329 -2.976
thin3 2 thin_disk 9.301029996 0.25 0.025095 1.74668169 1.746 22.32814505 4269.72594 1.98 -2.279 -2.946 -3.092 -1.499 -2.434 -3.088
thin3 2 thin_disk 9.301029996 0.25 0.025095 1.746998072 1.746 23.66751412 4241.309839 1.929 -2.382 -3.052 -3.204 -1.592 -2.538 -3.2
thin3 2 thin_disk 9.301029996 0.25 0.025095 1.747297168 1.746 25.08722615 4213.082854 1.879 -2.485 -3.157 -3.316 -1.684 -2.641 -3.311
thin3 2 thin_disk 9.301029996 0.25 0.025095 1.747577906 1.746 26.54927371 4186.00748 1.83 -2.586 -3.261 -3.426 -1.774 -2.744 -3.421
thin3 2 thin_disk 9.301029996 0.25 0.025095 1.7478441 1.747 28.0771256 4158.148546 1.78 -2.686 -3.364 -3.536 -1.863 -2.845 -3.531
thin3 2 thin_disk 9.301029996 0.25 0.025095 1.748095393 1.747 29.7271069 4130.47502 1.731 -2.786 -3.467 -3.645 -1.951 -2.946 -3.64
thin3 2 thin_disk 9.301029996 0.25 0.025095 1.74833405 1.747 31.42336173 4103.930525 1.683 -2.884 -3.569 -3.754 -2.038 -3.046 -3.748
thin3 2 thin_disk 9.301029996 0.25 0.025095 1.748613834 1.747 33.74058785 4069.115338 1.622 -3.008 -3.696 -3.89 -2.147 -3.171 -3.885
thin3 2 thin_disk 9.301029996 0.25 0.025095 1.748871684 1.748 36.17034447 4035.524609 1.562 -3.129 -3.822 -4.025 -2.253 -3.295 -4.019
thin3 2 thin_disk 9.301029996 0.25 0.025095 1.749108314 1.748 38.73045908 4002.211172 1.502 -3.249 -3.946 -4.158 -2.356 -3.416 -4.151
thin3 2 thin_disk 9.301029996 0.25 0.025095 1.749330163 1.748 41.49087988 3968.25891 1.442 -3.371 -4.078 -4.295 -2.464 -3.543 -4.289
thin3 2 thin_disk 9.301029996 0.25 0.025095 1.749536157 1.748 44.46851686 3933.688807 1.382 -3.493 -4.209 -4.432 -2.57 -3.669 -4.425
thin3 2 thin_disk 9.301029996 0.25 0.025095 1.749726176 1.749 47.58309039 3900.317845 1.323 -3.613 -4.338 -4.567 -2.675 -3.794 -4.561
thin3 2 thin_disk 9.301029996 0.25 0.025095 1.749900103 1.749 50.85722329 3867.229981 1.266 -3.731 -4.464 -4.7 -2.777 -3.916 -4.693
thin3 2 thin_disk 9.301029996 0.25 0.025095 1.75 1.749 52.96056929 3846.803478 1.23 -3.803 -4.541 -4.781 -2.838 -3.99 -4.774
thin3 2 thin_disk 9.301029996 0.25 0.025095 1.750099421 1.749 55.06208403 3827.366048 1.197 -3.871 -4.615 -4.858 -2.896 -4.061 -4.851
thin3 2 thin_disk 9.301029996 0.25 0.025095 1.750264645 1.749 59.00008602 3792.276545 1.136 -3.992 -4.745 -4.995 -2.999 -4.187 -4.988
thin3 2 thin_disk 9.301029996 0.25 0.025095 1.750418186 1.749 63.24885165 3756.643646 1.076 -4.114 -4.875 -5.132 -3.099 -4.313 -5.125
thin3 2 thin_disk 9.301029996 0.25 0.025095 1.750558972 1.75 67.64763918 3721.34556 1.017 -4.233 -5.003 -5.267 -3.196 -4.436 -5.259
thin3 2 thin_disk 9.301029996 0.25 0.025095 1.750692487 1.75 72.48575133 3687.228059 0.958 -4.354 -5.132 -5.402 -3.291 -4.56 -5.394
thin3 2 thin_disk 9.301029996 0.25 0.025095 1.750813723 1.75 77.47340517 3651.741273 0.9 -4.471 -5.256 -5.534 -3.38 -4.681 -5.526
thin3 2 thin_disk 9.301029996 0.25 0.025095 1.75092864 1.75 82.86147214 3617.428868 0.842 -4.589 -5.381 -5.666 -3.467 -4.803 -5.658
thin3 2 thin_disk 9.301029996 0.25 0.025095 1.75103426 1.75 88.50191027 3581.789013 0.784 -4.704 -5.504 -5.796 -3.545 -4.921 -5.788
thin3 2 thin_disk 9.301029996 0.25 0.025095 1.751133919 1.75 94.59161597 3547.316998 0.727 -4.819 -5.626 -5.926 -3.624 -5.039 -5.918
thin3 2 thin_disk 9.301029996 0.25 0.025095 1.751227498 1.75 101.0305332 3512.367905 0.67 -4.933 -5.747 -6.055 -3.689 -5.156 -6.046
thin3 2 thin_disk 9.301029996 0.25 0.025095 1.751316547 1.75 107.659571 3477.763139 0.614 -5.044 -5.864 -6.18 -3.752 -5.27 -6.171
thin3 2 thin_disk 9.301029996 0.25 0.025095 1.751316547 1.75 10.12168098 4728.245305 2.668 -0.882 -1.422 -1.522 -3.752 -5.27 -6.171
thin3 2 thin_disk 9.301029996 0.25 0.025095 1.752478838 1.751 10.47979156 4708.688923 2.638 -0.945 -1.491 -1.593 -0.301 -1.051 -1.59
thin3 2 thin_disk 9.301029996 0.25 0.025095 1.75369525 1.753 10.51605006 4708.688923 2.636 -0.951 -1.497 -1.599 -0.307 -1.057 -1.596
thin3 2 thin_disk 9.301029996 0.25 0.025095 1.754924416 1.754 10.48944825 4711.942694 2.638 -0.948 -1.493 -1.594 -0.305 -1.054 -1.591
thin3 2 thin_disk 9.301029996 0.25 0.025095 1.756157994 1.755 10.46291374 4715.198713 2.64 -0.946 -1.489 -1.591 -0.303 -1.051 -1.588
thin3 2 thin_disk 9.301029996 0.25 0.025095 1.757391453 1.756 10.44846867 4718.456982 2.642 -0.943 -1.486 -1.587 -0.302 -1.048 -1.584
thin3 2 thin_disk 9.301029996 0.25 0.025095 1.758621097 1.758 10.42683845 4720.630413 2.644 -0.942 -1.484 -1.584 -0.301 -1.046 -1.582
thin3 2 thin_disk 9.301029996 0.25 0.025095 1.759864449 1.759 10.41244319 4723.892435 2.646 -0.94 -1.481 -1.582 -0.3 -1.044 -1.579
thin3 2 thin_disk 9.301029996 0.25 0.025095 1.761094451 1.76 10.39088755 4726.068369 2.647 -0.938 -1.479 -1.579 -0.299 -1.042 -1.576
thin3 2 thin_disk 9.301029996 0.25 0.025095 1.76244688 1.761 10.37654192 4729.334149 2.649 -0.937 -1.476 -1.577 -0.299 -1.04 -1.574
thin3 2 thin_disk 9.301029996 0.25 0.025095 1.763845682 1.763 10.36221609 4732.602186 2.65 -0.936 -1.475 -1.575 -0.299 -1.039 -1.572
thin3 2 thin_disk 9.301029996 0.25 0.025095 1.765121818 1.764 10.36460236 4734.782132 2.651 -0.937 -1.475 -1.575 -0.3 -1.04 -1.572
thin3 2 thin_disk 9.301029996 0.25 0.025095 1.766536832 1.765 10.3550606 4736.963082 2.651 -0.938 -1.476 -1.575 -0.302 -1.041 -1.573
thin3 2 thin_disk 9.301029996 0.25 0.025095 1.767937779 1.767 10.35744522 4739.145036 2.652 -0.939 -1.476 -1.576 -0.304 -1.042 -1.573
thin3 2 thin_disk 9.301029996 0.25 0.025095 1.769237518 1.768 10.36460236 4740.23639 2.652 -0.94 -1.477 -1.576 -0.305 -1.043 -1.573
thin3 2 thin_disk 9.301029996 0.25 0.025095 1.770554662 1.769 10.36698917 4742.419853 2.652 -0.942 -1.478 -1.577 -0.307 -1.044 -1.575
thin3 2 thin_disk 9.301029996 0.25 0.025095 1.770704627 1.769 10.36698917 4742.419853 2.652 -0.942 -1.478 -1.578 -0.308 -1.044 -1.575
thin3 2 thin_disk 9.301029996 0.25 0.025095 1.772011161 1.771 10.36937653 4744.604321 2.652 -0.944 -1.48 -1.579 -0.31 -1.046 -1.576
thin3 2 thin_disk 9.301029996 0.25 0.025095 1.77335906 1.772 10.37654192 4745.696932 2.652 -0.947 -1.482 -1.581 -0.313 -1.049 -1.578
thin3 2 thin_disk 9.301029996 0.25 0.025095 1.774807453 1.773 10.38371226 4746.789795 2.651 -0.95 -1.485 -1.584 -0.317 -1.052 -1.581
thin3 2 thin_disk 9.301029996 0.25 0.025095 1.775192976 1.774 10.39567383 4746.789795 2.651 -0.951 -1.486 -1.585 -0.318 -1.053 -1.582
thin3 2 thin_disk 9.301029996 0.25 0.025095 1.776212454 1.775 10.40285739 4747.882909 2.65 -0.954 -1.488 -1.588 -0.321 -1.056 -1.585
thin3 2 thin_disk 9.301029996 0.25 0.025095 1.777548075 1.776 10.42683845 4747.882909 2.649 -0.958 -1.493 -1.592 -0.325 -1.06 -1.589
thin3 2 thin_disk 9.301029996 0.25 0.025095 1.778939009 1.778 10.4460631 4748.976276 2.647 -0.963 -1.498 -1.597 -0.331 -1.065 -1.594
thin3 2 thin_disk 9.301029996 0.25 0.025095 1.78037107 1.779 10.47014376 4748.976276 2.645 -0.97 -1.504 -1.603 -0.337 -1.071 -1.6
thin3 2 thin_disk 9.301029996 0.25 0.025095 1.780609608 1.779 10.4822049 4748.976276 2.645 -0.971 -1.505 -1.604 -0.338 -1.072 -1.601
thin3 2 thin_disk 9.301029996 0.25 0.025095 1.781869769 1.781 10.51120836 4747.882909 2.643 -0.977 -1.511 -1.61 -0.344 -1.078 -1.607
thin3 2 thin_disk 9.301029996 0.25 0.025095 1.78320992 1.782 10.55243401 4746.789795 2.64 -0.985 -1.519 -1.618 -0.351 -1.086 -1.616
thin3 2 thin_disk 9.301029996 0.25 0.025095 1.784534216 1.783 10.60602496 4745.696932 2.636 -0.994 -1.528 -1.628 -0.36 -1.095 -1.625
thin3 2 thin_disk 9.301029996 0.25 0.025095 1.785858393 1.785 10.65252703 4743.511961 2.632 -1.004 -1.539 -1.639 -0.369 -1.106 -1.636
thin3 2 thin_disk 9.301029996 0.25 0.025095 1.78718996 1.786 10.72389727 4741.327996 2.626 -1.016 -1.552 -1.652 -0.381 -1.118 -1.649
thin3 2 thin_disk 9.301029996 0.25 0.025095 1.788531065 1.787 10.8056935 4736.963082 2.62 -1.03 -1.567 -1.667 -0.393 -1.132 -1.664
thin3 2 thin_disk 9.301029996 0.25 0.025095 1.789880753 1.789 10.90065626 4732.602186 2.613 -1.046 -1.584 -1.684 -0.408 -1.149 -1.681
thin3 2 thin_disk 9.301029996 0.25 0.025095 1.79125011 1.79 11.01419205 4727.156712 2.604 -1.066 -1.606 -1.706 -0.427 -1.169 -1.703
thin3 2 thin_disk 9.301029996 0.25 0.025095 1.792672157 1.791 11.17770503 4719.543572 2.592 -1.092 -1.634 -1.735 -0.45 -1.196 -1.732
thin3 2 thin_disk 9.301029996 0.25 0.025095 1.793659449 1.792 11.2034723 4719.543572 2.59 -1.096 -1.638 -1.74 -0.455 -1.201 -1.737
thin3 2 thin_disk 9.301029996 0.25 0.025095 1.795063257 1.794 11.43016882 4707.604833 2.573 -1.132 -1.677 -1.78 -0.487 -1.238 -1.777
thin3 2 thin_disk 9.301029996 0.25 0.025095 1.796459198 1.795 12.01856578 4676.274537 2.529 -1.222 -1.776 -1.88 -0.568 -1.331 -1.878
thin3 2 thin_disk 9.301029996 0.25 0.025095 1.797228813 1.796 12.74831086 4640.876378 2.478 -1.327 -1.891 -1.998 -0.663 -1.439 -1.995
thin3 2 thin_disk 9.301029996 0.25 0.025095 1.797638059 1.796 13.63492159 4602.565736 2.421 -1.446 -2.02 -2.13 -0.77 -1.562 -2.127
thin3 2 thin_disk 9.301029996 0.25 0.025095 1.797863364 1.797 14.58991107 4563.520439 2.362 -1.568 -2.152 -2.267 -0.881 -1.689 -2.263
thin3 2 thin_disk 9.301029996 0.25 0.025095 1.797979236 1.797 15.64777688 4524.806379 2.301 -1.694 -2.289 -2.406 -0.995 -1.818 -2.403
thin3 2 thin_disk 9.301029996 0.25 0.025095 1.798039317 1.797 16.7090841 4488.487293 2.244 -1.812 -2.416 -2.538 -1.101 -1.94 -2.535
thin3 2 thin_disk 9.301029996 0.25 0.025095 1.798072457 1.797 17.67879439 4457.588764 2.195 -1.912 -2.525 -2.65 -1.192 -2.044 -2.647
thin3 2 thin_disk 9.301029996 0.25 0.025095 1.798094034 1.797 18.5631915 4430.982145 2.153 -2 -2.62 -2.748 -1.272 -2.135 -2.744
thin3 2 thin_disk 9.301029996 0.25 0.025095 1.798094392 1.797 18.58457547 4430.982145 2.152 -2.002 -2.622 -2.75 -1.273 -2.137 -2.746
thin3 2 thin_disk 9.301029996 0.25 0.025095 1.798118115 1.797 19.80398756 4397.440784 2.097 -2.115 -2.745 -2.876 -1.376 -2.254 -2.873
thin3 2 thin_disk 9.301029996 0.25 0.025095 1.798139453 1.797 20.70392305 4373.206652 2.058 -2.195 -2.832 -2.966 -1.449 -2.337 -2.962
thin3 2 thin_disk 9.301029996 0.25 0.025095 1.798216343 1.797 20.88587358 4369.180634 2.05 -2.211 -2.849 -2.983 -1.463 -2.353 -2.98
thin3 2 thin_disk 9.301029996 0.25 0.025095 1.798327327 1.797 20.13041114 4389.347855 2.082 -2.145 -2.777 -2.909 -1.403 -2.285 -2.906
thin3 2 thin_disk 9.301029996 0.25 0.025095 1.798609734 1.797 19.70845794 4400.479478 2.1 -2.109 -2.738 -2.869 -1.371 -2.247 -2.866
thin3 2 thin_disk 9.301029996 0.25 0.025095 1.799516797 1.798 19.52776971 4405.548635 2.109 -2.091 -2.719 -2.849 -1.355 -2.229 -2.846
thin3 2 thin_disk 9.301029996 0.25 0.025095 1.800160885 1.799 19.69938395 4401.492843 2.101 -2.108 -2.737 -2.868 -1.37 -2.247 -2.864
thin3 2 thin_disk 9.301029996 0.25 0.025095 1.800829768 1.8 20.51883243 4380.261112 2.066 -2.18 -2.815 -2.948 -1.435 -2.321 -2.944
thin3 2 thin_disk 9.301029996 0.25 0.025095 1.801442265 1.8 21.87523085 4346.102854 2.01 -2.296 -2.94 -3.077 -1.54 -2.44 -3.074
thin3 2 thin_disk 9.301029996 0.25 0.025095 1.801911235 1.801 23.38582227 4311.21816 1.953 -2.412 -3.061 -3.205 -1.644 -2.558 -3.201
thin3 2 thin_disk 9.301029996 0.25 0.025095 1.802289009 1.801 24.97196082 4276.613475 1.896 -2.527 -3.18 -3.331 -1.746 -2.675 -3.327
thin3 2 thin_disk 9.301029996 0.25 0.025095 1.802600384 1.801 26.66567888 4242.286549 1.839 -2.642 -3.298 -3.457 -1.848 -2.791 -3.453
thin3 2 thin_disk 9.301029996 0.25 0.025095 1.802861929 1.802 28.44150966 4208.235154 1.783 -2.755 -3.416 -3.582 -1.948 -2.906 -3.578
thin3 2 thin_disk 9.301029996 0.25 0.025095 1.80309093 1.802 30.37054916 4174.457078 1.726 -2.869 -3.534 -3.708 -2.049 -3.022 -3.703
thin3 2 thin_disk 9.301029996 0.25 0.025095 1.803303599 1.802 32.48273917 4139.996748 1.668 -2.986 -3.655 -3.838 -2.152 -3.141 -3.833
thin3 2 thin_disk 9.301029996 0.25 0.025095 1.803500414 1.802 34.74182632 4105.82089 1.61 -3.102 -3.776 -3.967 -2.253 -3.259 -3.961
thin3 2 thin_disk 9.301029996 0.25 0.025095 1.803683758 1.803 37.13236791 4070.989667 1.552 -3.216 -3.895 -4.095 -2.353 -3.375 -4.088
thin3 2 thin_disk 9.301029996 0.25 0.025095 1.803851485 1.803 39.62348267 4037.383465 1.495 -3.329 -4.014 -4.221 -2.45 -3.491 -4.215
thin3 2 thin_disk 9.301029996 0.25 0.025095 1.803996324 1.803 42.21362471 4004.976757 1.44 -3.441 -4.134 -4.347 -2.548 -3.606 -4.34
thin3 2 thin_disk 9.301029996 0.25 0.025095 1.804109454 1.803 44.84898769 3973.745051 1.387 -3.547 -4.249 -4.468 -2.641 -3.717 -4.461
thin3 2 thin_disk 9.301029996 0.25 0.025095 1.804193378 1.803 47.57213524 3943.664854 1.336 -3.65 -4.361 -4.585 -2.731 -3.824 -4.578
thin3 2 thin_disk 9.301029996 0.25 0.025095 1.804260015 1.803 50.58859814 3911.109724 1.283 -3.758 -4.477 -4.707 -2.824 -3.936 -4.7
thin3 2 thin_disk 9.301029996 0.25 0.025095 1.804317713 1.803 54.03219925 3877.037485 1.226 -3.872 -4.6 -4.835 -2.922 -4.054 -4.829
thin3 2 thin_disk 9.301029996 0.25 0.025095 1.804370284 1.803 57.8299271 3841.492592 1.168 -3.99 -4.727 -4.969 -3.022 -4.177 -4.962
thin3 2 thin_disk 9.301029996 0.25 0.025095 1.804420352 1.803 61.99442622 3805.39725 1.107 -4.11 -4.858 -5.107 -3.124 -4.302 -5.1
thin3 2 thin_disk 9.301029996 0.25 0.025095 1.804470062 1.803 66.62736605 3767.03799 1.044 -4.237 -4.994 -5.25 -3.228 -4.433 -5.243
thin3 2 thin_disk 9.301029996 0.25 0.025095 1.804522872 1.803 72.18594476 3724.774625 0.975 -4.375 -5.143 -5.407 -3.34 -4.577 -5.4
thin3 2 thin_disk 9.301029996 0.25 0.025095 1.804571629 1.803 77.81308697 3683.83356 0.91 -4.506 -5.282 -5.555 -3.44 -4.712 -5.547
thin3 2 thin_disk 9.301029996 0.25 0.025095 1.804622292 1.803 83.74379635 3644.181508 0.845 -4.635 -5.42 -5.7 -3.538 -4.845 -5.693
thin3 2 thin_disk 9.301029996 0.25 0.025095 1.804673314 1.804 89.83646302 3606.616789 0.785 -4.755 -5.548 -5.837 -3.622 -4.969 -5.828
thin3 2 thin_disk 9.301029996 0.25 0.025095 1.804727435 1.804 96.15074306 3569.439292 0.725 -4.874 -5.675 -5.971 -3.702 -5.092 -5.963
thin3 2 thin_disk 9.301029996 0.25 0.025095 1.804785967 1.804 103.1223128 3531.018557 0.665 -4.994 -5.803 -6.108 -3.777 -5.215 -6.099
thin3 2 thin_disk 9.301029996 0.25 0.025095 1.804845333 1.804 110.8288035 3491.403155 0.602 -5.119 -5.935 -6.249 -3.846 -5.343 -6.24
thin3 2 thin_disk 9.301029996 0.25 0.025095 1.804862857 1.804 106.1335387 3514.795001 0.64 -5.043 -5.855 -6.164 -3.803 -5.265 -6.155
thin3 2 thin_disk 9.301029996 0.25 0.025095 1.804863572 1.804 107.5604585 3507.51874 0.628 -5.066 -5.879 -6.19 -3.816 -5.289 -6.181
thin3 2 thin_disk 9.301029996 0.25 0.025095 1.804864168 1.804 108.1316039 3504.289683 0.623 -5.076 -5.89 -6.201 -3.822 -5.299 -6.192
thin3 2 thin_disk 9.301029996 0.25 0.025095 1.804864526 1.804 108.6557327 3501.869841 0.619 -5.085 -5.899 -6.211 -3.827 -5.308 -6.202
thin3 2 thin_disk 9.301029996 0.25 0.025095 1.804865718 1.804 111.0587152 3489.795674 0.6 -5.122 -5.938 -6.253 -3.848 -5.346 -6.244
thin3 2 thin_disk 9.301029996 0.25 0.025095 1.804866672 1.804 112.8632741 3481.769367 0.587 -5.149 -5.966 -6.283 -3.863 -5.374 -6.274
thin3 2 thin_disk 9.301029996 0.25 0.025095 1.804867625 1.804 114.3806723 3474.561475 0.575 -5.172 -5.991 -6.309 -3.876 -5.397 -6.3
thin3 2 thin_disk 9.301029996 0.25 0.025095 1.804868817 1.804 116.1054604 3466.570205 0.562 -5.198 -6.019 -6.339 -3.89 -5.424 -6.33
thin3 2 thin_disk 9.301029996 0.25 0.025095 1.804870486 1.804 117.9105445 3457.801035 0.548 -5.226 -6.048 -6.37 -3.901 -5.452 -6.361
thin3 2 thin_disk 9.301029996 0.25 0.025095 1.804872632 1.804 119.8816315 3449.054048 0.534 -5.253 -6.077 -6.401 -3.913 -5.48 -6.392
thin3 2 thin_disk 9.301029996 0.25 0.025095 1.804875731 1.804 122.1385177 3438.745222 0.518 -5.285 -6.11 -6.438 -3.926 -5.513 -6.429
thin3 2 thin_disk 9.301029996 0.25 0.025095 1.804879785 1.804 125.9078027 3422.157552 0.492 -5.336 -6.164 -6.496 -3.945 -5.565 -6.487
thin3 2 thin_disk 9.301029996 0.25 0.025095 1.804885745 1.804 130.8135239 3400.165058 0.458 -5.402 -6.233 -6.571 -3.97 -5.632 -6.562
thin3 2 thin_disk 9.301029996 0.25 0.025095 1.804894328 1.804 136.7264837 3375.981049 0.42 -5.477 -6.312 -6.656 -3.988 -5.707 -6.646
thin3 2 thin_disk 9.301029996 0.25 0.025095 1.804894686 1.796 138.8841371 3338.105052 0.404 -5.479 -6.321 -6.674 -3.889 -5.71 -6.664
thin3 2 thin_disk 9.301029996 0.25 0.025095 1.804895043 1.795 83.87888424 3597.493352 0.842 -4.598 -5.397 -5.684 -3.455 -4.814 -5.676
thin3 2 thin_disk 9.301029996 0.25 0.025095 1.804895282 1.795 75.34468905 3658.474228 0.935 -4.415 -5.2 -5.475 -3.329 -4.625 -5.467
thin3 2 thin_disk 9.301029996 0.25 0.025095 1.804896116 1.795 52.14979972 3874.360247 1.255 -3.793 -4.523 -4.758 -2.842 -3.976 -4.751
thin3 2 thin_disk 9.301029996 0.25 0.025095 1.804897428 1.795 53.07043469 3862.78023 1.239 -3.822 -4.555 -4.793 -2.865 -4.007 -4.786
thin3 2 thin_disk 9.301029996 0.25 0.025095 1.804899097 1.795 63.86348952 3751.457235 1.079 -4.132 -4.895 -5.153 -3.113 -4.332 -5.145
thin3 2 thin_disk 9.301029996 0.25 0.025095 1.804901242 1.795 85.28107081 3584.26408 0.827 -4.624 -5.426 -5.716 -3.467 -4.842 -5.708
thin3 2 thin_disk 9.301029996 0.25 0.025095 1.804903984 1.794 110.9309277 3437.953513 0.6 -5.073 -5.902 -6.226 -3.711 -5.302 -6.217
thin3 2 thin_disk 9.301029996 0.25 0.025095 1.804907084 1.794 132.4807094 3341.9504 0.445 -5.378 -6.221 -6.572 -3.797 -5.61 -6.562
thin3 2 thin_disk 9.301029996 0.25 0.025095 1.804910779 1.794 145.798362 3290.031075 0.361 -5.541 -6.392 -6.758 -3.804 -5.773 -6.747
thin3 2 thin_disk 9.301029996 0.25 0.025095 1.804914951 1.793 152.5993363 3264.374675 0.322 -5.615 -6.47 -6.844 -3.788 -5.847 -6.833
thin3 2 thin_disk 9.301029996 0.25 0.025095 1.80491972 1.793 156.5858971 3248.628126 0.3 -5.656 -6.515 -6.893 -3.773 -5.888 -6.881
thin3 2 thin_disk 9.301029996 0.25 0.025095 1.804919839 1.792 106.8692213 3446.672349 0.631 -5.001 -5.829 -6.151 -3.655 -5.23 -6.142
thin3 2 thin_disk 9.301029996 0.25 0.025095 1.804920316 1.792 84.63551571 3575.197187 0.834 -4.6 -5.404 -5.695 -3.434 -4.818 -5.687
thin3 2 thin_disk 9.301029996 0.25 0.025095 1.804921269 1.792 58.52651235 3787.913038 1.154 -3.971 -4.726 -4.976 -2.975 -4.166 -4.969
thin3 2 thin_disk 9.301029996 0.25 0.025095 1.804922581 1.792 59.40905508 3779.20108 1.14 -3.998 -4.755 -5.007 -2.996 -4.194 -4.999
thin3 2 thin_disk 9.301029996 0.25 0.025095 1.804924369 1.792 71.22831077 3672.823005 0.983 -4.305 -5.088 -5.36 -3.231 -4.514 -5.352
thin3 2 thin_disk 9.301029996 0.25 0.025095 1.804926634 1.792 94.56983795 3513.17675 0.737 -4.791 -5.607 -5.913 -3.547 -5.015 -5.904
thin3 2 thin_disk 9.301029996 0.25 0.025095 1.804929376 1.791 122.2510632 3374.42671 0.514 -5.231 -6.071 -6.412 -3.736 -5.463 -6.402
thin3 2 thin_disk 9.301029996 0.25 0.025095 1.804932713 1.791 145.1619003 3283.976193 0.364 -5.526 -6.379 -6.746 -3.769 -5.758 -6.735
thin3 2 thin_disk 9.301029996 0.25 0.025095 1.804936528 1.791 158.9471133 3237.427116 0.286 -5.679 -6.539 -6.921 -3.754 -5.911 -6.909
thin3 2 thin_disk 9.301029996 0.25 0.025095 1.804940939 1.79 165.3303727 3216.621793 0.252 -5.744 -6.608 -6.995 -3.749 -5.975 -6.982
thin3 2 thin_disk 9.301029996 0.25 0.025095 1.804945827 1.79 168.4428748 3207.00768 0.235 -5.776 -6.642 -7.031 -3.746 -6.006 -7.018
thin3 2 thin_disk 9.301029996 0.25 0.025095 1.804945946 1.789 115.9718659 3399.382231 0.56 -5.138 -5.974 -6.308 -3.702 -5.369 -6.298
thin3 2 thin_disk 9.301029996 0.25 0.025095 1.804946423 1.789 91.80210611 3526.955661 0.762 -4.737 -5.551 -5.853 -3.513 -4.96 -5.844
thin3 2 thin_disk 9.301029996 0.25 0.025095 1.804947376 1.789 63.39465531 3739.383436 1.084 -4.105 -4.873 -5.132 -3.08 -4.307 -5.124
thin3 2 thin_disk 9.301029996 0.25 0.025095 1.804948688 1.789 64.35060656 3730.783093 1.07 -4.131 -4.901 -5.161 -3.1 -4.334 -5.154
thin3 2 thin_disk 9.301029996 0.25 0.025095 1.804950476 1.789 77.02871356 3626.602862 0.915 -4.436 -5.23 -5.51 -3.324 -4.65 -5.502
thin3 2 thin_disk 9.301029996 0.25 0.025095 1.80495286 1.788 101.8245841 3470.56354 0.672 -4.916 -5.74 -6.056 -3.612 -5.143 -6.047
thin3 2 thin_disk 9.301029996 0.25 0.025095 1.804955602 1.788 131.1150802 3334.264128 0.452 -5.35 -6.195 -6.548 -3.749 -5.582 -6.537
thin3 2 thin_disk 9.301029996 0.25 0.025095 1.804959059 1.788 155.3648052 3246.384828 0.305 -5.638 -6.497 -6.876 -3.747 -5.87 -6.864
thin3 2 thin_disk 9.301029996 0.25 0.025095 1.804962874 1.787 169.5714153 3201.842758 0.229 -5.785 -6.652 -7.043 -3.738 -6.016 -7.029
thin3 2 thin_disk 9.301029996 0.25 0.025095 1.804967403 1.787 175.7327256 3183.464418 0.197 -5.847 -6.717 -7.112 -3.735 -6.076 -7.098
thin3 2 thin_disk 9.301029996 0.25 0.025095 1.80497241 1.786 178.6704145 3175.411403 0.183 -5.874 -6.746 -7.143 -3.733 -6.103 -7.129
thin3 2 thin_disk 9.301029996 0.25 0.025095 1.804972529 1.786 124.2374832 3362.791957 0.499 -5.255 -6.097 -6.441 -3.731 -5.487 -6.431
thin3 2 thin_disk 9.301029996 0.25 0.025095 1.804973126 1.786 98.2998024 3489.795674 0.702 -4.856 -5.676 -5.987 -3.58 -5.082 -5.979
thin3 2 thin_disk 9.301029996 0.25 0.025095 1.804974079 1.786 67.89732194 3701.68961 1.024 -4.222 -4.999 -5.265 -3.171 -4.428 -5.257
thin3 2 thin_disk 9.301029996 0.25 0.025095 1.80497551 1.785 68.84186778 3693.17596 1.011 -4.247 -5.026 -5.294 -3.19 -4.454 -5.286
thin3 2 thin_disk 9.301029996 0.25 0.025095 1.804977417 1.785 82.17744698 3590.872624 0.857 -4.55 -5.35 -5.638 -3.4 -4.767 -5.63
thin3 2 thin_disk 9.301029996 0.25 0.025095 1.80497992 1.785 108.380873 3436.370641 0.617 -5.023 -5.853 -6.177 -3.657 -5.252 -6.168
thin3 2 thin_disk 9.301029996 0.25 0.025095 1.80498302 1.784 139.1081724 3302.934794 0.4 -5.451 -6.301 -6.662 -3.759 -5.683 -6.652
thin3 2 thin_disk 9.301029996 0.25 0.025095 1.804986715 1.784 164.4571065 3215.881224 0.255 -5.732 -6.597 -6.984 -3.735 -5.963 -6.971
thin3 2 thin_disk 9.301029996 0.25 0.025095 1.804990888 1.783 179.2060407 3172.488087 0.18 -5.876 -6.748 -7.146 -3.725 -6.105 -7.132
thin3 2 thin_disk 9.301029996 0.25 0.025095 1.804995656 1.783 185.4183213 3155.004623 0.15 -5.934 -6.81 -7.213 -3.717 -6.162 -7.197
thin3 2 thin_disk 9.301029996 0.25 0.025095 1.80500114 1.782 188.2143121 3147.748314 0.137 -5.959 -6.836 -7.241 -3.714 -6.187 -7.225
thin3 2 thin_disk 9.301029996 0.25 0.025095 1.805001259 1.782 132.2368955 3329.660852 0.443 -5.363 -6.209 -6.563 -3.75 -5.596 -6.553
thin3 2 thin_disk 9.301029996 0.25 0.025095 1.805001855 1.781 104.7014376 3456.209026 0.646 -4.965 -5.792 -6.111 -3.637 -5.193 -6.102
thin3 2 thin_disk 9.301029996 0.25 0.025095 1.805002809 1.781 72.21919527 3668.596944 0.969 -4.331 -5.115 -5.387 -3.253 -4.54 -5.379
thin3 2 thin_disk 9.301029996 0.25 0.025095 1.805004358 1.781 73.30821499 3660.159406 0.956 -4.356 -5.142 -5.416 -3.271 -4.566 -5.408
thin3 2 thin_disk 9.301029996 0.25 0.025095 1.805006385 1.781 87.30771957 3558.770648 0.804 -4.654 -5.461 -5.756 -3.471 -4.874 -5.748
thin3 2 thin_disk 9.301029996 0.25 0.025095 1.805009008 1.78 114.6971548 3406.434166 0.567 -5.121 -5.955 -6.288 -3.698 -5.351 -6.278
thin3 2 thin_disk 9.301029996 0.25 0.025095 1.805012226 1.78 146.8766116 3274.160765 0.352 -5.541 -6.395 -6.766 -3.749 -5.773 -6.754
thin3 2 thin_disk 9.301029996 0.25 0.025095 1.805016041 1.779 173.1620206 3188.599693 0.209 -5.817 -6.686 -7.08 -3.724 -6.047 -7.066
thin3 2 thin_disk 9.301029996 0.25 0.025095 1.805020451 1.779 188.2576551 3145.574677 0.136 -5.957 -6.835 -7.24 -3.704 -6.185 -7.225
thin3 2 thin_disk 9.301029996 0.25 0.025095 1.805025458 1.778 194.6940345 3128.959919 0.106 -6.012 -6.894 -7.305 -3.694 -6.24 -7.288
thin3 2 thin_disk 9.301029996 0.25 0.025095 1.80503118 1.777 197.4024983 3121.763511 0.094 -6.036 -6.919 -7.332 -3.69 -6.263 -7.315
thin3 2 thin_disk 9.301029996 0.25 0.025095 1.8050313 1.777 140.5894218 3296.856164 0.389 -5.467 -6.317 -6.681 -3.755 -5.699 -6.67
thin3 2 thin_disk 9.301029996 0.25 0.025095 1.805031896 1.777 111.391652 3422.945623 0.591 -5.072 -5.903 -6.231 -3.68 -5.301 -6.222
thin3 2 thin_disk 9.301029996 0.25 0.025095 1.805032968 1.777 76.76312472 3634.963045 0.914 -4.437 -5.229 -5.508 -3.333 -4.65 -5.5
thin3 2 thin_disk 9.301029996 0.25 0.025095 1.805034518 1.776 78.04635856 3625.767902 0.901 -4.464 -5.257 -5.538 -3.351 -4.678 -5.53
thin3 2 thin_disk 9.301029996 0.25 0.025095 1.805036664 1.776 92.84374388 3525.331812 0.75 -4.759 -5.573 -5.876 -3.533 -4.982 -5.867
thin3 2 thin_disk 9.301029996 0.25 0.025095 1.805039406 1.775 121.6893706 3374.42671 0.514 -5.221 -6.06 -6.402 -3.726 -5.453 -6.392
thin3 2 thin_disk 9.301029996 0.25 0.025095 1.805042744 1.775 155.3648052 3242.64944 0.301 -5.635 -6.495 -6.875 -3.731 -5.868 -6.863
thin3 2 thin_disk 9.301029996 0.25 0.025095 1.805046678 1.774 183.2536548 3157.184776 0.158 -5.909 -6.785 -7.187 -3.7 -6.138 -7.172
thin3 2 thin_disk 9.301029996 0.25 0.025095 1.805051208 1.774 199.4126224 3113.149665 0.084 -6.048 -6.934 -7.349 -3.671 -6.276 -7.332
thin3 2 thin_disk 9.301029996 0.25 0.025095 1.805056453 1.773 206.7533927 3094.567784 0.053 -6.106 -6.997 -7.417 -3.656 -6.334 -7.399
thin3 2 thin_disk 9.301029996 0.25 0.025095 1.805062413 1.772 210.3064753 3086.028979 0.038 -6.133 -7.026 -7.448 -3.654 -6.36 -7.43
thin3 2 thin_disk 9.301029996 0.25 0.025095 1.805062532 1.771 151.6535723 3253.868518 0.321 -5.593 -6.452 -6.828 -3.729 -5.826 -6.816
thin3 2 thin_disk 9.301029996 0.25 0.025095 1.805063129 1.771 120.3795304 3379.091874 0.522 -5.202 -6.041 -6.381 -3.719 -5.434 -6.371
thin3 2 thin_disk 9.301029996 0.25 0.025095 1.805064201 1.771 82.93782554 3590.872624 0.846 -4.568 -5.368 -5.657 -3.419 -4.785 -5.649
thin3 2 thin_disk 9.301029996 0.25 0.025095 1.80506587 1.771 84.22725456 3581.789013 0.833 -4.594 -5.396 -5.687 -3.435 -4.812 -5.678
thin3 2 thin_disk 9.301029996 0.25 0.025095 1.805068016 1.77 99.9200505 3483.37315 0.684 -4.885 -5.707 -6.019 -3.6 -5.111 -6.01
thin3 2 thin_disk 9.301029996 0.25 0.025095 1.805070877 1.77 130.4525716 3335.031959 0.453 -5.338 -6.183 -6.535 -3.738 -5.57 -6.525
thin3 2 thin_disk 9.301029996 0.25 0.025095 1.805074215 1.769 165.9023909 3205.531139 0.243 -5.742 -6.609 -6.998 -3.71 -5.973 -6.985
thin3 2 thin_disk 9.301029996 0.25 0.025095 1.805078268 1.768 194.8285709 3122.482406 0.103 -6.008 -6.892 -7.304 -3.666 -6.236 -7.287
thin3 2 thin_disk 9.301029996 0.25 0.025095 1.805083036 1.767 211.9105823 3079.640342 0.03 -6.143 -7.038 -7.462 -3.647 -6.37 -7.443
thin3 2 thin_disk 9.301029996 0.25 0.025095 1.805088401 1.766 219.3575793 3061.963434 0 -6.199 -7.098 -7.526 -3.654 -6.425 -7.505
thin3 2 thin_disk 9.301029996 0.25 0.025095 1.80509448 1.765 222.8705295 3053.514594 -0.014 -6.225 -7.126 -7.556 -3.658 -6.451 -7.534
thin3 2 thin_disk 9.301029996 0.25 0.025095 1.8050946 1.765 163.362603 3213.660539 0.255 -5.716 -6.581 -6.969 -3.709 -5.947 -6.956
thin3 2 thin_disk 9.301029996 0.25 0.025095 1.805095196 1.765 129.7635281 3338.105052 0.456 -5.329 -6.174 -6.526 -3.738 -5.562 -6.516
thin3 2 thin_disk 9.301029996 0.25 0.025095 1.805096388 1.765 89.23857874 3550.585703 0.781 -4.694 -5.503 -5.8 -3.502 -4.915 -5.792
thin3 2 thin_disk 9.301029996 0.25 0.025095 1.805098057 1.764 90.48001103 3542.419583 0.768 -4.719 -5.529 -5.828 -3.516 -4.94 -5.82
thin3 2 thin_disk 9.301029996 0.25 0.025095 1.805100203 1.764 107.0909188 3445.085463 0.623 -5.003 -5.831 -6.153 -3.654 -5.231 -6.144
thin3 2 thin_disk 9.301029996 0.25 0.025095 1.805103064 1.763 138.8841371 3299.894079 0.396 -5.444 -6.294 -6.656 -3.743 -5.676 -6.646
thin3 2 thin_disk 9.301029996 0.25 0.025095 1.80510664 1.762 175.7731942 3173.949409 0.192 -5.835 -6.707 -7.105 -3.691 -6.064 -7.09
thin3 2 thin_disk 9.301029996 0.25 0.025095 1.805110693 1.761 205.2828388 3093.143011 0.056 -6.09 -6.981 -7.401 -3.633 -6.317 -7.383
thin3 2 thin_disk 9.301029996 0.25 0.025095 1.805115581 1.76 222.3067476 3052.108722 -0.013 -6.217 -7.119 -7.548 -3.646 -6.443 -7.527
thin3 2 thin_disk 9.301029996 0.25 0.025095 1.805121064 1.759 229.3784664 3035.987646 -0.04 -6.267 -7.173 -7.606 -3.651 -6.492 -7.583
thin3 2 thin_disk 9.301029996 0.25 0.025095 1.805127263 1.758 232.3018374 3029.005068 -0.052 -6.287 -7.194 -7.629 -3.652 -6.512 -7.606
thin3 2 thin_disk 9.301029996 0.25 0.025095 1.805127382 1.758 173.1221531 3179.801428 0.203 -5.81 -6.681 -7.077 -3.688 -6.039 -7.062
thin3 2 thin_disk 9.301029996 0.25 0.025095 1.805127978 1.757 137.6108397 3303.69541 0.403 -5.428 -6.278 -6.639 -3.741 -5.661 -6.629
thin3 2 thin_disk 9.301029996 0.25 0.025095 1.80512917 1.757 94.56983795 3517.223774 0.728 -4.794 -5.609 -5.914 -3.557 -5.018 -5.906
thin3 2 thin_disk 9.301029996 0.25 0.025095 1.805130839 1.757 95.88543544 3509.134384 0.716 -4.818 -5.635 -5.942 -3.569 -5.043 -5.933
thin3 2 thin_disk 9.301029996 0.25 0.025095 1.805133104 1.756 113.1755581 3413.500729 0.572 -5.097 -5.931 -6.261 -3.688 -5.327 -6.252
thin3 2 thin_disk 9.301029996 0.25 0.025095 1.805135965 1.755 146.1344619 3271.14654 0.35 -5.527 -6.382 -6.753 -3.725 -5.759 -6.742
thin3 2 thin_disk 9.301029996 0.25 0.025095 1.805139422 1.755 184.0147538 3147.023602 0.15 -5.908 -6.786 -7.191 -3.663 -6.137 -7.175
thin3 2 thin_disk 9.301029996 0.25 0.025095 1.805143595 1.754 214.4137561 3066.902715 0.017 -6.155 -7.053 -7.48 -3.627 -6.382 -7.459
thin3 2 thin_disk 9.301029996 0.25 0.025095 1.805148363 1.752 231.8209306 3026.913428 -0.051 -6.28 -7.188 -7.623 -3.641 -6.505 -7.599
thin3 2 thin_disk 9.301029996 0.25 0.025095 1.805153966 1.751 238.9200763 3010.925432 -0.078 -6.329 -7.24 -7.679 -3.65 -6.552 -7.653
thin3 2 thin_disk 9.301029996 0.25 0.025095 1.805160165 1.75 241.8536493 3004.692272 -0.089 -6.349 -7.261 -7.701 -3.655 -6.571 -7.675
thin3 2 thin_disk 9.301029996 0.25 0.025095 1.805160284 1.749 183.5915316 3147.023602 0.151 -5.903 -6.781 -7.186 -3.657 -6.132 -7.17
thin3 2 thin_disk 9.301029996 0.25 0.025095 1.80516088 1.749 146.0335507 3270.393418 0.349 -5.526 -6.382 -6.753 -3.721 -5.759 -6.742
thin3 2 thin_disk 9.301029996 0.25 0.025095 1.805162072 1.749 100.3350439 3484.175319 0.675 -4.895 -5.716 -6.029 -3.611 -5.121 -6.02
thin3 2 thin_disk 9.301029996 0.25 0.025095 1.805163741 1.748 101.8949463 3475.361614 0.662 -4.92 -5.743 -6.058 -3.624 -5.147 -6.049
thin3 2 thin_disk 9.301029996 0.25 0.025095 1.805165887 1.748 119.7988488 3381.426875 0.521 -5.194 -6.033 -6.372 -3.718 -5.426 -6.362
thin3 2 thin_disk 9.301029996 0.25 0.025095 1.805168748 1.747 153.9049701 3241.156488 0.303 -5.613 -6.474 -6.854 -3.703 -5.846 -6.842
thin3 2 thin_disk 9.301029996 0.25 0.025095 1.805172205 1.746 193.264748 3118.889584 0.105 -5.985 -6.87 -7.282 -3.632 -6.212 -7.265
thin3 2 thin_disk 9.301029996 0.25 0.025095 1.805176377 1.745 224.5704684 3040.184917 -0.026 -6.227 -7.131 -7.563 -3.624 -6.451 -7.541
thin3 2 thin_disk 9.301029996 0.25 0.025095 1.805181146 1.744 242.5228398 3000.544002 -0.093 -6.35 -7.263 -7.703 -3.647 -6.571 -7.676
thin3 2 thin_disk 9.301029996 0.25 0.025095 1.805186629 1.742 250.3529106 2984.008116 -0.12 -6.399 -7.316 -7.759 -3.66 -6.618 -7.73
thin3 2 thin_disk 9.301029996 0.25 0.025095 1.805192828 1.74 253.5435955 2977.145088 -0.133 -6.42 -7.338 -7.783 -3.665 -6.638 -7.754
thin3 2 thin_disk 9.301029996 0.25 0.025095 1.805192947 1.74 195.9082138 3110.283669 0.092 -6.006 -6.893 -7.307 -3.619 -6.233 -7.29
thin3 2 thin_disk 9.301029996 0.25 0.025095 1.805193543 1.74 156.1178799 3232.957534 0.289 -5.635 -6.497 -6.88 -3.696 -5.867 -6.867
thin3 2 thin_disk 9.301029996 0.25 0.025095 1.805194616 1.739 107.1155803 3446.672349 0.616 -5.007 -5.834 -6.156 -3.661 -5.235 -6.147
thin3 2 thin_disk 9.301029996 0.25 0.025095 1.805196047 1.739 108.6057064 3438.745222 0.603 -5.03 -5.859 -6.183 -3.669 -5.259 -6.174
thin3 2 thin_disk 9.301029996 0.25 0.025095 1.805198193 1.738 127.5418302 3345.800179 0.465 -5.298 -6.141 -6.491 -3.729 -5.53 -6.481
thin3 2 thin_disk 9.301029996 0.25 0.025095 1.805200815 1.737 162.874331 3209.223768 0.251 -5.705 -6.571 -6.959 -3.682 -5.936 -6.946
thin3 2 thin_disk 9.301029996 0.25 0.025095 1.805204034 1.736 203.1667554 3089.583948 0.059 -6.063 -6.956 -7.376 -3.596 -6.291 -7.358
thin3 2 thin_disk 9.301029996 0.25 0.025095 1.805207849 1.735 235.4250356 3012.312334 -0.069 -6.297 -7.208 -7.646 -3.622 -6.52 -7.621
thin3 2 thin_disk 9.301029996 0.25 0.025095 1.805212259 1.734 253.5435955 2973.719495 -0.134 -6.415 -7.334 -7.779 -3.653 -6.633 -7.749
thin3 2 thin_disk 9.301029996 0.25 0.025095 1.805217385 1.732 261.0072944 2958.012467 -0.16 -6.46 -7.384 -7.832 -3.663 -6.677 -7.801
thin3 2 thin_disk 9.301029996 0.25 0.025095 1.805223107 1.73 264.4555251 2950.529764 -0.171 -6.479 -7.404 -7.854 -3.666 -6.695 -7.822
thin3 2 thin_disk 9.301029996 0.25 0.025095 1.805223227 1.73 207.6599021 3075.388599 0.039 -6.095 -6.991 -7.414 -3.591 -6.321 -7.395
thin3 2 thin_disk 9.301029996 0.25 0.025095 1.805223823 1.73 165.5970687 3197.422303 0.235 -5.73 -6.598 -6.989 -3.669 -5.96 -6.976
thin3 2 thin_disk 9.301029996 0.25 0.025095 1.805224896 1.729 113.6717758 3411.929116 0.562 -5.105 -5.938 -6.269 -3.693 -5.335 -6.26
thin3 2 thin_disk 9.301029996 0.25 0.025095 1.805226445 1.729 115.2531078 3404.081897 0.55 -5.128 -5.963 -6.296 -3.7 -5.359 -6.287
thin3 2 thin_disk 9.301029996 0.25 0.025095 1.805228591 1.728 134.8194791 3312.836481 0.413 -5.391 -6.239 -6.598 -3.733 -5.624 -6.588
thin3 2 thin_disk 9.301029996 0.25 0.025095 1.805231214 1.727 171.298139 3178.337412 0.204 -5.786 -6.658 -7.053 -3.657 -6.015 -7.039
thin3 2 thin_disk 9.301029996 0.25 0.025095 1.805234551 1.726 212.7417096 3061.258472 0.016 -6.132 -7.032 -7.459 -3.589 -6.358 -7.438
thin3 2 thin_disk 9.301029996 0.25 0.025095 1.805238485 1.724 245.5571843 2985.382619 -0.109 -6.36 -7.277 -7.719 -3.627 -6.579 -7.69
thin3 2 thin_disk 9.301029996 0.25 0.025095 1.805243015 1.723 264.0296165 2947.813477 -0.172 -6.473 -7.398 -7.849 -3.656 -6.688 -7.816
thin3 2 thin_disk 9.301029996 0.25 0.025095 1.80524826 1.721 271.6768573 2932.918534 -0.197 -6.516 -7.445 -7.899 -3.671 -6.73 -7.864
thin3 2 thin_disk 9.301029996 0.25 0.025095 1.805254102 1.719 274.8227271 2926.173009 -0.208 -6.534 -7.465 -7.919 -3.677 -6.747 -7.883
thin3 2 thin_disk 9.301029996 0.25 0.025095 1.805254221 1.718 219.5597082 3042.98632 -0.013 -6.18 -7.084 -7.515 -3.586 -6.405 -7.493
thin3 2 thin_disk 9.301029996 0.25 0.025095 1.805254817 1.718 175.4093119 3164.462839 0.183 -5.822 -6.696 -7.096 -3.643 -6.051 -7.08
thin3 2 thin_disk 9.301029996 0.25 0.025095 1.805255652 1.718 120.1856578 3379.870029 0.51 -5.2 -6.038 -6.378 -3.719 -5.431 -6.369
thin3 2 thin_disk 9.301029996 0.25 0.025095 1.805257082 1.717 121.9137373 3371.320179 0.498 -5.222 -6.062 -6.405 -3.721 -5.454 -6.395
thin3 2 thin_disk 9.301029996 0.25 0.025095 1.805258989 1.716 142.2173706 3281.708485 0.364 -5.479 -6.332 -6.7 -3.715 -5.711 -6.689
thin3 2 thin_disk 9.301029996 0.25 0.025095 1.805261493 1.715 179.9088986 3149.923453 0.16 -5.862 -6.74 -7.143 -3.628 -6.09 -7.127
thin3 2 thin_disk 9.301029996 0.25 0.025095 1.805264473 1.714 222.2043951 3035.288664 -0.024 -6.197 -7.103 -7.536 -3.583 -6.422 -7.513
thin3 2 thin_disk 9.301029996 0.25 0.025095 1.805268049 1.712 255.3598678 2961.419965 -0.146 -6.417 -7.339 -7.787 -3.631 -6.634 -7.755
thin3 2 thin_disk 9.301029996 0.25 0.025095 1.805272102 1.711 274.1275249 2924.825766 -0.207 -6.525 -7.456 -7.911 -3.667 -6.738 -7.875
thin3 2 thin_disk 9.301029996 0.25 0.025095 1.805276871 1.709 281.6129648 2910.717118 -0.231 -6.567 -7.501 -7.958 -3.683 -6.778 -7.921
thin3 2 thin_disk 9.301029996 0.25 0.025095 1.805282116 1.706 284.7427302 2904.691407 -0.241 -6.584 -7.519 -7.977 -3.689 -6.794 -7.939
thin3 2 thin_disk 9.301029996 0.25 0.025095 1.805282235 1.706 230.9152657 3013.699874 -0.06 -6.258 -7.169 -7.606 -3.587 -6.481 -7.581
thin3 2 thin_disk 9.301029996 0.25 0.025095 1.805282831 1.706 184.6089044 3134.728988 0.135 -5.903 -6.784 -7.192 -3.612 -6.131 -7.175
thin3 2 thin_disk 9.301029996 0.25 0.025095 1.805283785 1.705 126.4016214 3351.19732 0.463 -5.285 -6.127 -6.476 -3.729 -5.517 -6.466
thin3 2 thin_disk 9.301029996 0.25 0.025095 1.805285215 1.705 128.2190766 3342.720001 0.452 -5.307 -6.15 -6.501 -3.73 -5.539 -6.491
thin3 2 thin_disk 9.301029996 0.25 0.025095 1.805287123 1.704 149.1600928 3254.617835 0.32 -5.556 -6.414 -6.79 -3.694 -5.788 -6.778
thin3 2 thin_disk 9.301029996 0.25 0.025095 1.805289507 1.702 187.5221807 3124.640086 0.12 -5.926 -6.81 -7.22 -3.596 -6.154 -7.203
thin3 2 thin_disk 9.301029996 0.25 0.025095 1.805292606 1.701 230.3311335 3012.312334 -0.059 -6.251 -7.162 -7.599 -3.578 -6.473 -7.574
thin3 2 thin_disk 9.301029996 0.25 0.025095 1.805296183 1.699 263.5437036 2940.356574 -0.177 -6.461 -7.388 -7.839 -3.631 -6.675 -7.805
thin3 2 thin_disk 9.301029996 0.25 0.025095 1.805300236 1.697 281.9373704 2904.022654 -0.236 -6.563 -7.499 -7.956 -3.668 -6.773 -7.917
thin3 2 thin_disk 9.301029996 0.25 0.025095 1.805305004 1.694 289.3028053 2890.014355 -0.258 -6.601 -7.54 -8 -3.681 -6.808 -7.959
thin3 2 thin_disk 9.301029996 0.25 0.025095 1.805310369 1.692 291.8452605 2884.031503 -0.267 -6.613 -7.553 -8.014 -3.683 -6.82 -7.973
thin3 2 thin_disk 9.301029996 0.25 0.025095 1.805310488 1.691 240.6315923 2984.695288 -0.1 -6.315 -7.232 -7.674 -3.582 -6.534 -7.645
thin3 2 thin_disk 9.301029996 0.25 0.025095 1.805310965 1.691 192.7314749 3105.274522 0.093 -5.965 -6.854 -7.269 -3.561 -6.193 -7.252
thin3 2 thin_disk 9.301029996 0.25 0.025095 1.805311799 1.69 132.0847398 3322.002845 0.422 -5.354 -6.2 -6.557 -3.719 -5.586 -6.547
thin3 2 thin_disk 9.301029996 0.25 0.025095 1.80531311 1.689 133.8297433 3313.599378 0.41 -5.376 -6.224 -6.583 -3.72 -5.609 -6.573
thin3 2 thin_disk 9.301029996 0.25 0.025095 1.805314899 1.688 155.5795979 3225.521938 0.279 -5.62 -6.483 -6.868 -3.656 -5.852 -6.855
thin3 2 thin_disk 9.301029996 0.25 0.025095 1.805317044 1.687 194.8285709 3097.419299 0.083 -5.981 -6.872 -7.289 -3.547 -6.208 -7.271
thin3 2 thin_disk 9.301029996 0.25 0.025095 1.805319786 1.685 238.6451677 2986.757755 -0.094 -6.298 -7.215 -7.656 -3.57 -6.517 -7.627
thin3 2 thin_disk 9.301029996 0.25 0.025095 1.805323005 1.683 272.7423919 2915.412423 -0.21 -6.503 -7.436 -7.892 -3.63 -6.714 -7.854
thin3 2 thin_disk 9.301029996 0.25 0.025095 1.805326819 1.68 291.7780684 2879.386738 -0.269 -6.606 -7.547 -8.008 -3.67 -6.811 -7.965
thin3 2 thin_disk 9.301029996 0.25 0.025095 1.805330992 1.678 299.538496 2864.837547 -0.293 -6.645 -7.588 -8.05 -3.692 -6.847 -8.005
thin3 2 thin_disk 9.301029996 0.25 0.025095 1.805335879 1.674 302.6583394 2858.248604 -0.303 -6.66 -7.605 -8.067 -3.699 -6.86 -8.021
thin3 2 thin_disk 9.301029996 0.25 0.025095 1.805335998 1.674 253.7187978 2950.529764 -0.149 -6.388 -7.314 -7.762 -3.581 -6.604 -7.729
thin3 2 thin_disk 9.301029996 0.25 0.025095 1.805336475 1.674 203.2603387 3071.142726 0.043 -6.043 -6.94 -7.364 -3.529 -6.269 -7.344
thin3 2 thin_disk 9.301029996 0.25 0.025095 1.80533731 1.673 139.0441254 3288.516309 0.372 -5.436 -6.288 -6.654 -3.696 -5.668 -6.643
thin3 2 thin_disk 9.301029996 0.25 0.025095 1.805338502 1.672 141.0433598 3280.197551 0.36 -5.458 -6.311 -6.68 -3.689 -5.69 -6.669
thin3 2 thin_disk 9.301029996 0.25 0.025095 1.805340171 1.671 163.3249917 3193.743253 0.232 -5.697 -6.566 -6.958 -3.621 -5.927 -6.944
thin3 2 thin_disk 9.301029996 0.25 0.025095 1.805342317 1.669 203.9635888 3067.608977 0.039 -6.046 -6.944 -7.369 -3.523 -6.272 -7.349
thin3 2 thin_disk 9.301029996 0.25 0.025095 1.805344939 1.666 248.6867489 2958.012467 -0.134 -6.354 -7.277 -7.724 -3.564 -6.57 -7.692
thin3 2 thin_disk 9.301029996 0.25 0.025095 1.805348039 1.664 283.108328 2888.018694 -0.248 -6.552 -7.492 -7.951 -3.632 -6.76 -7.91
thin3 2 thin_disk 9.301029996 0.25 0.025095 1.805351615 1.661 302.3797091 2852.988362 -0.305 -6.65 -7.595 -8.057 -3.684 -6.849 -8.01
thin3 2 thin_disk 9.301029996 0.25 0.025095 1.805355668 1.657 309.9221705 2839.226239 -0.328 -6.687 -7.635 -8.099 -3.7 -6.882 -8.049
thin3 2 thin_disk 9.301029996 0.25 0.025095 1.805360317 1.653 313.150165 2832.6962 -0.338 -6.7 -7.65 -8.115 -3.703 -6.894 -8.064
thin3 2 thin_disk 9.301029996 0.25 0.025095 1.805360436 1.653 265.9210059 2918.770848 -0.196 -6.453 -7.386 -7.84 -3.587 -6.664 -7.802
thin3 2 thin_disk 9.301029996 0.25 0.025095 1.805360913 1.652 213.183037 3038.785182 -0.005 -6.112 -7.018 -7.449 -3.511 -6.337 -7.426
thin3 2 thin_disk 9.301029996 0.25 0.025095 1.805361629 1.652 145.7647946 3258.36701 0.326 -5.51 -6.368 -6.743 -3.662 -5.743 -6.731
thin3 2 thin_disk 9.301029996 0.25 0.025095 1.805362821 1.65 147.6905286 3250.124519 0.314 -5.532 -6.391 -6.768 -3.653 -5.764 -6.756
thin3 2 thin_disk 9.301029996 0.25 0.025095 1.80536449 1.648 170.9041642 3163.734278 0.187 -5.766 -6.641 -7.04 -3.585 -5.995 -7.025
thin3 2 thin_disk 9.301029996 0.25 0.025095 1.805366516 1.646 212.3501856 3039.484969 -0.003 -6.104 -7.01 -7.441 -3.504 -6.329 -7.418
thin3 2 thin_disk 9.301029996 0.25 0.025095 1.80536902 1.643 257.7820332 2932.243282 -0.172 -6.403 -7.332 -7.783 -3.563 -6.616 -7.748
thin3 2 thin_disk 9.301029996 0.25 0.025095 1.805372 1.64 292.9898968 2863.518544 -0.283 -6.595 -7.539 -7.999 -3.643 -6.796 -7.954
thin3 2 thin_disk 9.301029996 0.25 0.025095 1.805375457 1.636 312.0704483 2829.436815 -0.339 -6.687 -7.638 -8.103 -3.686 -6.88 -8.051
thin3 2 thin_disk 9.301029996 0.25 0.025095 1.805379391 1.632 319.486598 2815.7883 -0.361 -6.72 -7.675 -8.143 -3.696 -6.911 -8.089
thin3 2 thin_disk 9.301029996 0.25 0.025095 1.805383802 1.627 322.5170248 2810.6062 -0.37 -6.731 -7.687 -8.157 -3.698 -6.921 -8.102
thin3 2 thin_disk 9.301029996 0.25 0.025095 1.805383921 1.627 277.6851433 2889.348982 -0.241 -6.512 -7.451 -7.91 -3.595 -6.719 -7.869
thin3 2 thin_disk 9.301029996 0.25 0.025095 1.805384278 1.626 222.8192176 3010.232221 -0.05 -6.176 -7.088 -7.525 -3.501 -6.398 -7.499
thin3 2 thin_disk 9.301029996 0.25 0.025095 1.805385113 1.625 152.0731861 3230.725057 0.282 -5.578 -6.44 -6.823 -3.631 -5.81 -6.811
thin3 2 thin_disk 9.301029996 0.25 0.025095 1.805386186 1.623 154.2597577 3222.55249 0.269 -5.599 -6.463 -6.848 -3.623 -5.83 -6.835
thin3 2 thin_disk 9.301029996 0.25 0.025095 1.805387735 1.62 178.1774113 3136.172917 0.143 -5.828 -6.709 -7.116 -3.543 -6.056 -7.1
thin3 2 thin_disk 9.301029996 0.25 0.025095 1.805389762 1.617 220.8780934 3013.006024 -0.044 -6.159 -7.071 -7.507 -3.49 -6.381 -7.481
thin3 2 thin_disk 9.301029996 0.25 0.025095 1.805392146 1.613 267.2099617 2906.69859 -0.211 -6.448 -7.384 -7.839 -3.562 -6.658 -7.8
thin3 2 thin_disk 9.301029996 0.25 0.025095 1.805395007 1.609 302.6583394 2838.572559 -0.32 -6.635 -7.583 -8.045 -3.65 -6.83 -7.996
thin3 2 thin_disk 9.301029996 0.25 0.025095 1.805398345 1.603 322.145927 2804.141985 -0.376 -6.72 -7.678 -8.148 -3.679 -6.908 -8.093
thin3 2 thin_disk 9.301029996 0.25 0.025095 1.80540204 1.597 330.1814306 2790.615486 -0.399 -6.75 -7.712 -8.188 -3.686 -6.936 -8.13
thin3 2 thin_disk 9.301029996 0.25 0.025095 1.805406332 1.591 333.2365617 2784.197249 -0.409 -6.758 -7.723 -8.202 -3.683 -6.943 -8.143
thin3 2 thin_disk 9.301029996 0.25 0.025095 1.805406451 1.59 291.1069974 2856.274877 -0.291 -6.572 -7.517 -7.977 -3.612 -6.771 -7.931
thin3 2 thin_disk 9.301029996 0.25 0.025095 1.805406809 1.589 233.7505518 2976.459654 -0.101 -6.24 -7.16 -7.602 -3.492 -6.458 -7.572
thin3 2 thin_disk 9.301029996 0.25 0.025095 1.805407524 1.587 159.2768451 3198.89511 0.231 -5.647 -6.514 -6.906 -3.59 -5.877 -6.892
thin3 2 thin_disk 9.301029996 0.25 0.025095 1.805408478 1.584 161.5297961 3189.33398 0.218 -5.668 -6.538 -6.931 -3.578 -5.898 -6.917
thin3 2 thin_disk 9.301029996 0.25 0.025095 1.805409908 1.579 186.5316985 3102.415775 0.092 -5.892 -6.782 -7.198 -3.477 -6.12 -7.18
thin3 2 thin_disk 9.301029996 0.25 0.025095 1.805411696 1.574 230.7558102 2978.516429 -0.094 -6.215 -7.134 -7.576 -3.473 -6.434 -7.546
thin3 2 thin_disk 9.301029996 0.25 0.025095 1.805413842 1.567 278.4534768 2872.10293 -0.26 -6.497 -7.44 -7.899 -3.558 -6.701 -7.855
thin3 2 thin_disk 9.301029996 0.25 0.025095 1.805416465 1.559 315.4660623 2802.850928 -0.369 -6.674 -7.63 -8.099 -3.636 -6.861 -8.043
thin3 2 thin_disk 9.301029996 0.25 0.025095 1.805419445 1.55 335.8556393 2766.941645 -0.426 -6.744 -7.714 -8.199 -3.646 -6.925 -8.137
thin3 2 thin_disk 9.301029996 0.25 0.025095 1.805422902 1.54 344.4709834 2751.059605 -0.452 -6.76 -7.742 -8.236 -3.634 -6.941 -8.172
thin3 2 thin_disk 9.301029996 0.25 0.025095 1.805426717 1.528 348.70056 2742.205515 -0.465 -6.76 -7.748 -8.251 -3.616 -6.941 -8.184
thin3 2 thin_disk 9.301029996 0.25 0.025095 1.805426836 1.528 308.0013676 2807.372232 -0.358 -6.631 -7.585 -8.052 -3.602 -6.818 -7.997
thin3 2 thin_disk 9.301029996 0.25 0.025095 1.805427194 1.526 247.2593054 2927.520871 -0.168 -6.307 -7.237 -7.688 -3.461 -6.519 -7.652
thin3 2 thin_disk 9.301029996 0.25 0.025095 1.80542779 1.523 168.4040938 3150.648833 0.165 -5.72 -6.597 -7 -3.488 -5.948 -6.984
thin3 2 thin_disk 9.301029996 0.25 0.025095 1.805428863 1.518 170.8648166 3140.508694 0.151 -5.741 -6.621 -7.026 -3.471 -5.969 -7.01
thin3 2 thin_disk 9.301029996 0.25 0.025095 1.805430174 1.512 197.35705 3052.811577 0.025 -5.959 -6.861 -7.288 -3.398 -6.184 -7.267
thin3 2 thin_disk 9.301029996 0.25 0.025095 1.805431843 1.504 243.4179748 2930.21846 -0.16 -6.274 -7.204 -7.654 -3.435 -6.486 -7.618
thin3 2 thin_disk 9.301029996 0.25 0.025095 1.805433989 1.495 293.3274082 2824.229597 -0.325 -6.548 -7.498 -7.96 -3.548 -6.738 -7.908
thin3 2 thin_disk 9.301029996 0.25 0.025095 1.805436373 1.483 331.3238085 2755.497365 -0.434 -6.697 -7.671 -8.157 -3.587 -6.876 -8.093
thin3 2 thin_disk 9.301029996 0.25 0.025095 1.805439234 1.47 353.0633559 2718.942354 -0.493 -6.712 -7.724 -8.248 -3.522 -6.894 -8.177
thin3 2 thin_disk 9.301029996 0.25 0.025095 1.805442572 1.456 362.2035019 2701.469073 -0.52 -6.625 -7.696 -8.276 -3.345 -6.824 -8.201
thin3 2 thin_disk 9.301029996 0.25 0.025095 1.805446267 1.439 367.1577036 2690.915126 -0.536 -6.578 -7.678 -8.287 -3.252 -6.784 -8.209
thin3 2 thin_disk 9.301029996 0.25 0.025095 1.805446386 1.438 327.98399 2750.426223 -0.439 -6.667 -7.642 -8.129 -3.551 -6.844 -8.064
thin3 2 thin_disk 9.301029996 0.25 0.025095 1.805446744 1.436 263.6650979 2869.458843 -0.25 -6.374 -7.317 -7.775 -3.434 -6.576 -7.731
thin3 2 thin_disk 9.301029996 0.25 0.025095 1.80544734 1.431 179.0822923 3092.43087 0.085 -5.792 -6.684 -7.102 -3.34 -6.019 -7.084
thin3 2 thin_disk 9.301029996 0.25 0.025095 1.805448294 1.424 181.8664732 3081.058895 0.069 -5.813 -6.708 -7.129 -3.328 -6.039 -7.11
thin3 2 thin_disk 9.301029996 0.25 0.025095 1.805449486 1.414 210.1128651 2992.95371 -0.059 -6.027 -6.944 -7.382 -3.319 -6.247 -7.354
thin3 2 thin_disk 9.301029996 0.25 0.025095 1.805451155 1.402 258.8526675 2869.458843 -0.244 -6.334 -7.277 -7.735 -3.395 -6.536 -7.69
thin3 2 thin_disk 9.301029996 0.25 0.025095 1.805453062 1.388 311.5678553 2762.485455 -0.41 -6.586 -7.553 -8.03 -3.497 -6.764 -7.967
thin3 2 thin_disk 9.301029996 0.25 0.025095 1.805455446 1.371 352.3324509 2692.154624 -0.522 -6.543 -7.619 -8.202 -3.252 -6.74 -8.125
thin3 2 thin_disk 9.301029996 0.25 0.025095 1.805458188 1.351 375.6234047 2652.772459 -0.584 -6.334 -7.547 -8.257 -2.835 -6.57 -8.171
thin3 2 thin_disk 9.301029996 0.25 0.025095 1.805461288 1.329 386.5918061 2631.479554 -0.616 -6.34 -7.568 -8.289 -2.808 -6.574 -8.199
thin3 2 thin_disk 9.301029996 0.25 0.025095 1.805464745 1.305 392.6925344 2616.977568 -0.638 -6.335 -7.574 -8.302 -2.786 -6.57 -8.21
thin3 2 thin_disk 9.301029996 0.25 0.025095 1.805464864 1.304 354.9381202 2669.930767 -0.55 -6.416 -7.545 -8.179 -3.04 -6.625 -8.097
thin3 2 thin_disk 9.301029996 0.25 0.025095 1.805465102 1.3 285.2677291 2787.40452 -0.361 -6.438 -7.395 -7.861 -3.394 -6.619 -7.801
thin3 2 thin_disk 9.301029996 0.25 0.025095 1.805465698 1.294 193.0868266 3010.925432 -0.025 -5.865 -6.778 -7.213 -3.197 -6.087 -7.187
thin3 2 thin_disk 9.301029996 0.25 0.025095 1.805466652 1.284 196.2694226 2998.472016 -0.042 -5.886 -6.801 -7.239 -3.192 -6.106 -7.211
thin3 2 thin_disk 9.301029996 0.25 0.025095 1.805467844 1.272 226.8572404 2908.70716 -0.172 -6.096 -7.032 -7.483 -3.223 -6.305 -7.444
thin3 2 thin_disk 9.301029996 0.25 0.025095 1.805469275 1.256 279.4812293 2785.479714 -0.359 -6.393 -7.349 -7.814 -3.348 -6.572 -7.755
thin3 2 thin_disk 9.301029996 0.25 0.025095 1.805471182 1.236 336.5523635 2677.934806 -0.527 -6.401 -7.488 -8.08 -3.087 -6.596 -8
thin3 2 thin_disk 9.301029996 0.25 0.025095 1.805473328 1.214 381.1120187 2604.953648 -0.643 -6.273 -7.503 -8.221 -2.733 -6.503 -8.129
thin3 2 thin_disk 9.301029996 0.25 0.025095 1.805475831 1.188 407.1483179 2562.713165 -0.71 -6.287 -7.548 -8.297 -2.698 -6.531 -8.205
thin3 2 thin_disk 9.301029996 0.25 0.025095 1.805478811 1.159 420.3902595 2538.048986 -0.748 -6.282 -7.559 -8.325 -2.667 -6.534 -8.234
thin3 2 thin_disk 9.301029996 0.25 0.025095 1.80548203 1.128 428.6004719 2519.416678 -0.777 -6.267 -7.557 -8.336 -2.634 -6.526 -8.245
thin3 2 thin_disk 9.301029996 0.25 0.025095 1.805482149 1.127 391.338562 2566.256131 -0.698 -6.239 -7.484 -8.219 -2.67 -6.476 -8.127
thin3 2 thin_disk 9.301029996 0.25 0.025095 1.805482387 1.123 313.5830969 2684.726193 -0.507 -6.392 -7.415 -7.945 -3.169 -6.565 -7.868
thin3 2 thin_disk 9.301029996 0.25 0.025095 1.805482984 1.117 210.9369416 2910.717118 -0.165 -5.939 -6.874 -7.325 -3.07 -6.148 -7.286
thin3 2 thin_disk 9.301029996 0.25 0.025095 1.805483818 1.107 214.2656955 2898.010803 -0.183 -5.959 -6.897 -7.351 -3.067 -6.167 -7.31
thin3 2 thin_disk 9.301029996 0.25 0.025095 1.805484891 1.094 248.1147853 2808.665373 -0.315 -6.166 -7.117 -7.576 -3.158 -6.35 -7.52
thin3 2 thin_disk 9.301029996 0.25 0.025095 1.805486321 1.078 305.5995039 2685.344446 -0.503 -6.348 -7.366 -7.892 -3.132 -6.52 -7.815
thin3 2 thin_disk 9.301029996 0.25 0.025095 1.80548811 1.058 368.0040895 2578.69513 -0.672 -6.175 -7.397 -8.109 -2.641 -6.402 -8.017
thin3 2 thin_disk 9.301029996 0.25 0.025095 1.805490136 1.035 417.0159295 2506.109253 -0.789 -6.201 -7.483 -8.257 -2.576 -6.457 -8.166
thin3 2 thin_disk 9.301029996 0.25 0.025095 1.80549252 1.01 445.4024943 2464.336446 -0.858 -6.144 -7.487 -8.317 -2.434 -6.426 -8.226
thin3 2 thin_disk 9.301029996 0.25 0.025095 1.805495262 0.981 459.7827197 2439.49538 -0.898 -6.075 -7.463 -8.333 -2.304 -6.375 -8.241
thin3 2 thin_disk 9.301029996 0.25 0.025095 1.805498362 0.95 469.4103324 2419.914378 -0.93 -6.009 -7.431 -8.331 -2.189 -6.323 -8.239
thin3 2 thin_disk 9.301029996 0.25 0.025095 1.805517554 0.601 3.335436253e-06 10000 1.435 30.008 30.033 30.044 29.973 30.023 30.043
