# component component_index family logAge MH Zini Mini Mass radius_rsun Teff_K logg Vmag Imag Jmag_2mass Hmag_2mass Ksmag_2mass
thin3 2 thin_disk 9 0.25 0.025095 0.0955969095 0.095 0.1372311317 2315.261233 5.14 17.776 13.549 10.896 10.309 10.011
thin3 2 thin_disk 9 0.25 0.025095 0.1055120975 0.105 0.1466738341 2403.809239 5.124 17.462 13.243 10.59 10.003 9.704
thin3 2 thin_disk 9 0.25 0.025095 0.1121546403 0.112 0.1522133152 2452.449086 5.119 17.293 13.076 10.423 9.837 9.537
thin3 2 thin_disk 9 0.25 0.025095 0.1185872555 0.118 0.158180391 2500.345362 5.11 17.12 12.907 10.255 9.669 9.369
thin3 2 thin_disk 9 0.25 0.025095 0.1252216995 0.125 0.1649501234 2549.177051 5.097 16.94 12.733 10.081 9.496 9.194
thin3 2 thin_disk 9 0.25 0.025095 0.1253425032 0.125 0.1650641063 2549.764088 5.097 16.936 12.73 10.078 9.493 9.191
thin3 2 thin_disk 9 0.25 0.025095 0.145172894 0.145 0.1839300313 2660.72506 5.067 16.241 12.197 9.676 9.094 8.793
thin3 2 thin_disk 9 0.25 0.025095 0.1482751518 0.148 0.1866605946 2674.853494 5.064 16.108 12.109 9.627 9.045 8.745
thin3 2 thin_disk 9 0.25 0.025095 0.1650032997 0.165 0.201675269 2744.732343 5.043 15.471 11.677 9.371 8.791 8.495
thin3 2 thin_disk 9 0.25 0.025095 0.2046640813 0.204 0.2347754301 2870.780582 5.005 14.379 10.923 8.89 8.31 8.026
thin3 2 thin_disk 9 0.25 0.025095 0.2542400956 0.254 0.273245265 2977.145088 4.967 13.496 10.287 8.437 7.855 7.583
thin3 2 thin_disk 9 0.25 0.025095 0.3092437387 0.309 0.3149580006 3070.435651 4.929 12.741 9.736 8.026 7.44 7.178
thin3 2 thin_disk 9 0.25 0.025095 0.3141459227 0.314 0.319560171 3078.222441 4.923 12.675 9.687 7.987 7.401 7.14
thin3 2 thin_disk 9 0.25 0.025095 0.3486786783 0.349 0.3474182632 3132.564342 4.896 12.27 9.381 7.746 7.156 6.902
thin3 2 thin_disk 9 0.25 0.025095 0.3533920944 0.353 0.3510367983 3139.785648 4.893 12.218 9.343 7.716 7.125 6.872
thin3 2 thin_disk 9 0.25 0.025095 0.4029681087 0.403 0.3931448987 3223.294595 4.851 11.661 8.921 7.383 6.782 6.538
thin3 2 thin_disk 9 0.25 0.025095 0.4192626774 0.419 0.4084629267 3254.617835 4.835 11.466 8.776 7.269 6.664 6.423
thin3 2 thin_disk 9 0.25 0.025095 0.4525440931 0.452 0.4385838594 3317.416497 4.806 11.095 8.5 7.052 6.438 6.202
thin3 2 thin_disk 9 0.25 0.025095 0.502120018 0.502 0.4875875915 3422.157552 4.759 10.55 8.083 6.719 6.089 5.861
thin3 2 thin_disk 9 0.25 0.025095 0.5050230622 0.505 0.4911935381 3429.256733 4.757 10.515 8.056 6.699 6.068 5.84
thin3 2 thin_disk 9 0.25 0.025095 0.5516960621 0.551 0.5389551731 3550.585703 4.714 9.97 7.653 6.385 5.737 5.518
thin3 2 thin_disk 9 0.25 0.025095 0.5762402415 0.576 0.5615037291 3638.312512 4.697 9.633 7.427 6.22 5.562 5.35
thin3 2 thin_disk 9 0.25 0.025095 0.601271987 0.601 0.5841880176 3726.490342 4.681 9.303 7.209 6.061 5.393 5.19
thin3 2 thin_disk 9 0.25 0.025095 0.6238079667 0.624 0.6019392251 3826.484866 4.672 8.986 7.005 5.913 5.236 5.046
thin3 2 thin_disk 9 0.25 0.025095 0.650848031 0.651 0.6223757245 3947.298777 4.661 8.627 6.774 5.74 5.058 4.885
thin3 2 thin_disk 9 0.25 0.025095 0.6671790481 0.667 0.6330713283 4028.09774 4.656 8.409 6.635 5.635 4.954 4.793
thin3 2 thin_disk 9 0.25 0.025095 0.7004240751 0.7 0.6541127957 4197.58984 4.649 7.98 6.365 5.43 4.763 4.624
thin3 2 thin_disk 9 0.25 0.025095 0.7091113329 0.709 0.6568294924 4256.964221 4.651 7.854 6.291 5.377 4.712 4.582
thin3 2 thin_disk 9 0.25 0.025095 0.75 0.75 0.6679633665 4536.281532 4.661 7.291 5.958 5.142 4.536 4.433
thin3 2 thin_disk 9 0.25 0.025095 0.8000000119 0.8 0.7109722414 4730.423244 4.634 6.827 5.629 4.878 4.333 4.24
thin3 2 thin_disk 9 0.25 0.025095 0.8500000238 0.85 0.7541411604 4932.873745 4.61 6.397 5.314 4.627 4.14 4.056
thin3 2 thin_disk 9 0.25 0.025095 0.8999999762 0.899 0.7975403138 5136.886854 4.586 6.005 5.019 4.392 3.957 3.881
thin3 2 thin_disk 9 0.25 0.025095 0.9500000477 0.95 0.8438254989 5329.66608 4.56 5.65 4.743 4.167 3.776 3.707
thin3 2 thin_disk 9 0.25 0.025095 0.9952261448 0.995 0.8905383874 5495.408739 4.534 5.352 4.505 3.97 3.613 3.551
thin3 2 thin_disk 9 0.25 0.025095 1 1 0.8950610218 5513.152427 4.531 5.322 4.481 3.95 3.596 3.535
thin3 2 thin_disk 9 0.25 0.025095 1.027947307 1.028 0.9265154054 5609.188048 4.513 5.148 4.343 3.834 3.497 3.441
thin3 2 thin_disk 9 0.25 0.025095 1.049999952 1.049 0.9515960811 5683.292391 4.499 5.017 4.238 3.744 3.421 3.367
thin3 2 thin_disk 9 0.25 0.025095 1.100000024 1.099 1.013800836 5842.517205 4.465 4.732 4.004 3.543 3.247 3.199
thin3 2 thin_disk 9 0.25 0.025095 1.149999976 1.149 1.08056935 5991.009386 4.428 4.462 3.781 3.348 3.076 3.033
thin3 2 thin_disk 9 0.25 0.025095 1.193492055 1.193 1.143543382 6112.234389 4.395 4.238 3.592 3.182 2.929 2.89
thin3 2 thin_disk 9 0.25 0.025095 1.200000048 1.199 1.152531078 6130.557921 4.391 4.205 3.565 3.158 2.908 2.869
thin3 2 thin_disk 9 0.25 0.025095 1.233998537 1.234 1.202410181 6220.137713 4.366 4.041 3.427 3.035 2.799 2.763
thin3 2 thin_disk 9 0.25 0.025095 1.25 1.25 1.226740334 6261.811646 4.355 3.966 3.363 2.979 2.748 2.714
thin3 2 thin_disk 9 0.25 0.025095 1.299999952 1.3 1.303324757 6387.045353 4.319 3.74 3.171 2.807 2.594 2.563
thin3 2 thin_disk 9 0.25 0.025095 1.350000024 1.35 1.380551604 6505.789392 4.286 3.528 2.99 2.645 2.448 2.419
thin3 2 thin_disk 9 0.25 0.025095 1.360626459 1.361 1.39685924 6531.305526 4.279 3.484 2.952 2.611 2.417 2.389
thin3 2 thin_disk 9 0.25 0.025095 1.399999976 1.4 1.458319372 6620.640403 4.254 3.325 2.815 2.488 2.307 2.279
thin3 2 thin_disk 9 0.25 0.025095 1.450000048 1.45 1.537278824 6732.866449 4.223 3.131 2.648 2.338 2.171 2.145
thin3 2 thin_disk 9 0.25 0.025095 1.490285516 1.49 1.601226042 6824.958265 4.2 2.98 2.519 2.223 2.068 2.042
thin3 2 thin_disk 9 0.25 0.025095 1.5 1.5 1.61753112 6845.418434 4.194 2.944 2.489 2.195 2.043 2.017
thin3 2 thin_disk 9 0.25 0.025095 1.549999952 1.55 1.697276682 6953.444618 4.166 2.765 2.336 2.058 1.919 1.894
thin3 2 thin_disk 9 0.25 0.025095 1.563018441 1.563 1.7185123 6982.324041 4.159 2.72 2.298 2.024 1.889 1.864
thin3 2 thin_disk 9 0.25 0.025095 1.600000024 1.6 1.780953764 7055.048441 4.138 2.595 2.19 1.926 1.799 1.775
thin3 2 thin_disk 9 0.25 0.025095 1.610722423 1.61 1.798260666 7077.827926 4.133 2.559 2.16 1.898 1.775 1.75
thin3 2 thin_disk 9 0.25 0.025095 1.649999976 1.649 1.867465747 7148.254396 4.11 2.429 2.048 1.795 1.68 1.656
thin3 2 thin_disk 9 0.25 0.025095 1.674999952 1.674 1.913606532 7192.833378 4.095 2.348 1.977 1.73 1.62 1.596
thin3 2 thin_disk 9 0.25 0.025095 1.700000048 1.699 1.963598288 7232.692478 4.08 2.268 1.906 1.665 1.56 1.536
thin3 2 thin_disk 9 0.25 0.025095 1.712649345 1.712 1.986793108 7252.704781 4.072 2.227 1.871 1.632 1.529 1.505
thin3 2 thin_disk 9 0.25 0.025095 1.725000143 1.724 2.013504687 7271.098032 4.064 2.188 1.836 1.6 1.499 1.475
thin3 2 thin_disk 9 0.25 0.025095 1.75 1.749 2.068486281 7302.978129 4.047 2.109 1.766 1.533 1.436 1.413
thin3 2 thin_disk 9 0.25 0.025095 1.769268274 1.768 2.11082702 7329.932917 4.034 2.048 1.712 1.482 1.388 1.365
thin3 2 thin_disk 9 0.25 0.025095 1.775000095 1.774 2.123990866 7336.687144 4.03 2.03 1.695 1.467 1.374 1.35
thin3 2 thin_disk 9 0.25 0.025095 1.78955698 1.788 2.157509143 7355.293379 4.02 1.985 1.654 1.428 1.337 1.313
thin3 2 thin_disk 9 0.25 0.025095 1.799999952 1.799 2.184000054 7365.462115 4.012 1.952 1.625 1.399 1.31 1.286
thin3 2 thin_disk 9 0.25 0.025095 1.823093414 1.822 2.243120709 7385.841781 3.994 1.88 1.558 1.335 1.248 1.224
thin3 2 thin_disk 9 0.25 0.025095 1.825000048 1.824 2.248291636 7385.841781 3.992 1.874 1.552 1.33 1.243 1.219
thin3 2 thin_disk 9 0.25 0.025095 1.850000143 1.849 2.321414244 7399.459543 3.971 1.796 1.479 1.258 1.173 1.149
thin3 2 thin_disk 9 0.25 0.025095 1.854538441 1.853 2.335353587 7402.867905 3.967 1.782 1.465 1.245 1.16 1.136
thin3 2 thin_disk 9 0.25 0.025095 1.875 1.874 2.398571366 7406.277837 3.948 1.719 1.404 1.184 1.1 1.076
thin3 2 thin_disk 9 0.25 0.025095 1.880979538 1.88 2.419650527 7407.983392 3.942 1.701 1.386 1.166 1.082 1.058
thin3 2 thin_disk 9 0.25 0.025095 1.900000095 1.899 2.485722508 7406.277837 3.923 1.643 1.329 1.108 1.025 1.001
thin3 2 thin_disk 9 0.25 0.025095 1.91393745 1.913 2.536019828 7404.572675 3.909 1.6 1.286 1.066 0.982 0.958
thin3 2 thin_disk 9 0.25 0.025095 1.924999952 1.924 2.579007736 7397.755951 3.897 1.567 1.252 1.031 0.947 0.922
thin3 2 thin_disk 9 0.25 0.025095 1.944254756 1.944 2.656761963 7385.841781 3.876 1.509 1.192 0.97 0.884 0.86
thin3 2 thin_disk 9 0.25 0.025095 1.949016094 1.949 2.675793811 7380.741584 3.87 1.495 1.177 0.954 0.868 0.844
thin3 2 thin_disk 9 0.25 0.025095 1.977921486 1.978 2.814185006 7343.447596 3.833 1.408 1.083 0.855 0.766 0.742
thin3 2 thin_disk 9 0.25 0.025095 1.99704814 1.997 2.918452605 7302.978129 3.806 1.352 1.019 0.786 0.694 0.668
thin3 2 thin_disk 9 0.25 0.025095 2.006678581 2.007 2.973395261 7281.150367 3.791 1.324 0.986 0.751 0.656 0.631
thin3 2 thin_disk 9 0.25 0.025095 2.037038326 2.037 3.16776273 7197.803728 3.743 1.237 0.882 0.636 0.533 0.507
thin3 2 thin_disk 9 0.25 0.025095 2.045080185 2.045 3.224427711 7171.334827 3.729 1.215 0.854 0.605 0.499 0.472
thin3 2 thin_disk 9 0.25 0.025095 2.067881107 2.067 3.402143633 7082.718805 3.687 1.154 0.773 0.512 0.397 0.369
thin3 2 thin_disk 9 0.25 0.025095 2.090455055 2.089 3.615369125 6966.265141 3.639 1.097 0.69 0.413 0.285 0.256
thin3 2 thin_disk 9 0.25 0.025095 2.093112469 2.092 3.64462328 6950.243176 3.633 1.091 0.68 0.401 0.271 0.242
thin3 2 thin_disk 9 0.25 0.025095 2.111467361 2.11 3.836654086 6848.571591 3.592 1.046 0.612 0.318 0.176 0.147
thin3 2 thin_disk 9 0.25 0.025095 2.129719019 2.128 4.049977821 6739.070504 3.549 1.004 0.543 0.234 0.079 0.048
thin3 2 thin_disk 9 0.25 0.025095 2.141144752 2.14 4.199065459 6660.395213 3.519 0.979 0.499 0.178 0.013 -0.019
thin3 2 thin_disk 9 0.25 0.025095 2.146393299 2.145 4.275162675 6623.690022 3.505 0.967 0.479 0.152 -0.018 -0.05
thin3 2 thin_disk 9 0.25 0.025095 2.162438631 2.161 4.493167872 6535.818751 3.465 0.922 0.412 0.071 -0.11 -0.143
thin3 2 thin_disk 9 0.25 0.025095 2.172408104 2.171 4.626500835 6496.807517 3.442 0.887 0.368 0.021 -0.165 -0.199
thin3 2 thin_disk 9 0.25 0.025095 2.176906347 2.175 4.64357693 6537.323852 3.439 0.849 0.34 -0.001 -0.181 -0.214
thin3 2 thin_disk 9 0.25 0.025095 2.182607889 2.181 4.586196355 6700.388738 3.451 0.758 0.291 -0.025 -0.183 -0.215
thin3 2 thin_disk 9 0.25 0.025095 2.184179068 2.183 4.489031417 6862.778784 3.471 0.692 0.266 -0.026 -0.163 -0.194
thin3 2 thin_disk 9 0.25 0.025095 2.184920549 2.183 4.389879961 7024.250645 3.49 0.632 0.245 -0.024 -0.143 -0.172
thin3 2 thin_disk 9 0.25 0.025095 2.185343265 2.184 4.299843459 7187.866461 3.507 0.569 0.222 -0.026 -0.126 -0.153
thin3 2 thin_disk 9 0.25 0.025095 2.185598135 2.184 4.232068074 7350.214276 3.521 0.504 0.196 -0.032 -0.115 -0.141
thin3 2 thin_disk 9 0.25 0.025095 2.185761213 2.184 4.180735044 7493.763796 3.532 0.446 0.171 -0.04 -0.109 -0.134
thin3 2 thin_disk 9 0.25 0.025095 2.185882568 2.184 4.137639458 7598.012435 3.541 0.408 0.156 -0.042 -0.102 -0.127
thin3 2 thin_disk 9 0.25 0.025095 2.185927153 2.184 4.122423877 7542.233958 3.545 0.449 0.185 -0.02 -0.085 -0.11
thin3 2 thin_disk 9 0.25 0.025095 2.185985327 2.184 4.109156149 7442.177089 3.547 0.514 0.227 0.01 -0.064 -0.09
thin3 2 thin_disk 9 0.25 0.025095 2.18604207 2.184 4.160568195 7294.575103 3.536 0.575 0.252 0.018 -0.07 -0.097
thin3 2 thin_disk 9 0.25 0.025095 2.186118364 2.184 4.331642886 7103.9517 3.502 0.61 0.242 -0.017 -0.126 -0.155
thin3 2 thin_disk 9 0.25 0.025095 2.186208487 2.185 4.585140466 6916.716893 3.451 0.606 0.194 -0.09 -0.221 -0.251
thin3 2 thin_disk 9 0.25 0.025095 2.186317682 2.185 4.883741236 6732.866449 3.397 0.595 0.137 -0.173 -0.326 -0.358
thin3 2 thin_disk 9 0.25 0.025095 2.186448097 2.185 5.188629313 6550.885369 3.345 0.594 0.092 -0.246 -0.423 -0.457
thin3 2 thin_disk 9 0.25 0.025095 2.186607122 2.185 5.480909673 6373.823014 3.297 0.607 0.056 -0.31 -0.51 -0.548
thin3 2 thin_disk 9 0.25 0.025095 2.186813831 2.185 5.75509696 6205.831793 3.255 0.635 0.036 -0.359 -0.585 -0.626
thin3 2 thin_disk 9 0.25 0.025095 2.187091589 2.185 5.998637869 6036.705648 3.218 0.682 0.035 -0.391 -0.645 -0.69
thin3 2 thin_disk 9 0.25 0.025095 2.187430859 2.186 6.199442622 5873.540937 3.19 0.756 0.057 -0.402 -0.684 -0.734
thin3 2 thin_disk 9 0.25 0.025095 2.187722683 2.186 6.317607562 5751.749985 3.174 0.83 0.093 -0.391 -0.696 -0.75
thin3 2 thin_disk 9 0.25 0.025095 2.188038826 2.186 6.368727174 5633.781509 3.167 0.926 0.151 -0.359 -0.688 -0.745
thin3 2 thin_disk 9 0.25 0.025095 2.188326836 2.187 6.370193797 5533.501092 3.167 1.028 0.219 -0.315 -0.665 -0.726
thin3 2 thin_disk 9 0.25 0.025095 2.188577175 2.187 6.340925415 5451.298957 3.171 1.124 0.288 -0.266 -0.634 -0.697
thin3 2 thin_disk 9 0.25 0.025095 2.188892841 2.187 6.284238294 5354.266701 3.178 1.247 0.379 -0.201 -0.589 -0.656
thin3 2 thin_disk 9 0.25 0.025095 2.189176798 2.188 6.259687388 5269.87119 3.182 1.35 0.453 -0.149 -0.555 -0.626
thin3 2 thin_disk 9 0.25 0.025095 2.189207315 2.188 6.258246207 5261.384003 3.183 1.361 0.461 -0.143 -0.552 -0.623
thin3 2 thin_disk 9 0.25 0.025095 2.189512014 2.188 6.35115402 5180.837851 3.17 1.423 0.493 -0.134 -0.561 -0.636
thin3 2 thin_disk 9 0.25 0.025095 2.190044642 2.189 6.758536208 5057.08205 3.116 1.438 0.462 -0.201 -0.658 -0.738
thin3 2 thin_disk 9 0.25 0.025095 2.190424681 2.189 7.24523781 4986.547956 3.056 1.377 0.373 -0.312 -0.785 -0.869
thin3 2 thin_disk 9 0.25 0.025095 2.190728664 2.189 7.699324869 4938.556196 3.003 1.306 0.283 -0.417 -0.903 -0.989
thin3 2 thin_disk 9 0.25 0.025095 2.191026688 2.19 8.196956773 4897.788194 2.949 1.226 0.185 -0.528 -1.024 -1.113
thin3 2 thin_disk 9 0.25 0.025095 2.191310406 2.19 8.704676684 4860.713235 2.896 1.145 0.088 -0.637 -1.143 -1.234
thin3 2 thin_disk 9 0.25 0.025095 2.191581011 2.19 9.231082765 4827.252321 2.845 1.064 -0.008 -0.745 -1.259 -1.352
thin3 2 thin_disk 9 0.25 0.025095 2.19184351 2.19 9.796087256 4795.125741 2.794 0.981 -0.104 -0.852 -1.374 -1.47
thin3 2 thin_disk 9 0.25 0.025095 2.192099094 2.191 10.36698917 4764.309868 2.744 0.9 -0.199 -0.958 -1.488 -1.586
thin3 2 thin_disk 9 0.25 0.025095 2.19235301 2.191 10.97368892 4735.872481 2.695 0.82 -0.293 -1.062 -1.6 -1.7
thin3 2 thin_disk 9 0.25 0.025095 2.192606688 2.191 11.60252853 4707.604833 2.647 0.74 -0.387 -1.165 -1.711 -1.813
thin3 2 thin_disk 9 0.25 0.025095 2.192670107 2.191 11.76935452 4701.105527 2.635 0.719 -0.41 -1.191 -1.739 -1.841
thin3 2 thin_disk 9 0.25 0.025095 2.192735195 2.191 11.94407838 4693.534343 2.622 0.698 -0.435 -1.218 -1.768 -1.87
thin3 2 thin_disk 9 0.25 0.025095 2.19299531 2.192 12.65763724 4665.519404 2.572 0.615 -0.532 -1.325 -1.883 -1.988
thin3 2 thin_disk 9 0.25 0.025095 2.193059683 2.192 12.84554825 4658.005532 2.559 0.594 -0.556 -1.352 -1.912 -2.017
thin3 2 thin_disk 9 0.25 0.025095 2.193125486 2.192 13.03624893 4650.503762 2.546 0.573 -0.581 -1.38 -1.942 -2.048
thin3 2 thin_disk 9 0.25 0.025095 2.193385839 2.192 13.84371484 4620.617302 2.493 0.488 -0.682 -1.492 -2.062 -2.17
thin3 2 thin_disk 9 0.25 0.025095 2.193638563 2.192 14.70119522 4590.922908 2.441 0.404 -0.782 -1.603 -2.181 -2.292
thin3 2 thin_disk 9 0.25 0.025095 2.193885326 2.192 15.63697151 4560.36916 2.389 0.322 -0.883 -1.715 -2.3 -2.414
thin3 2 thin_disk 9 0.25 0.025095 2.194128036 2.193 16.61317519 4530.018754 2.336 0.241 -0.983 -1.826 -2.42 -2.537
thin3 2 thin_disk 9 0.25 0.025095 2.194363356 2.193 17.65032249 4499.870339 2.283 0.161 -1.082 -1.937 -2.539 -2.659
thin3 2 thin_disk 9 0.25 0.025095 2.194593191 2.193 18.73926897 4468.893449 2.23 0.081 -1.18 -2.048 -2.658 -2.781
thin3 2 thin_disk 9 0.25 0.025095 2.194821358 2.193 19.94126224 4438.129803 2.177 0.003 -1.279 -2.159 -2.778 -2.904
thin3 2 thin_disk 9 0.25 0.025095 2.195035934 2.194 21.13745251 4408.592932 2.126 -0.071 -1.374 -2.265 -2.892 -3.022
thin3 2 thin_disk 9 0.25 0.025095 2.195264578 2.194 22.52436959 4375.221052 2.071 -0.151 -1.476 -2.38 -3.016 -3.15
thin3 2 thin_disk 9 0.25 0.025095 2.19549942 2.194 24.08533243 4342.101788 2.013 -0.232 -1.582 -2.499 -3.145 -3.283
thin3 2 thin_disk 9 0.25 0.025095 2.195707083 2.194 25.55363251 4311.21816 1.961 -0.307 -1.675 -2.606 -3.256 -3.399
thin3 2 thin_disk 9 0.25 0.025095 2.195946932 2.194 27.42537944 4275.628862 1.901 -0.395 -1.783 -2.729 -3.383 -3.534
thin3 2 thin_disk 9 0.25 0.025095 2.196153641 2.195 29.08390014 4246.195639 1.85 -0.466 -1.873 -2.833 -3.49 -3.648
thin3 2 thin_disk 9 0.25 0.025095 2.196377277 2.195 30.82142009 4215.994154 1.799 -0.537 -1.962 -2.935 -3.596 -3.76
thin3 2 thin_disk 9 0.25 0.025095 2.196628571 2.195 32.58011739 4188.90007 1.751 -0.603 -2.046 -3.032 -3.696 -3.867
thin3 2 thin_disk 9 0.25 0.025095 2.196699381 2.195 32.93461908 4183.116887 1.741 -0.617 -2.063 -3.052 -3.716 -3.888
thin3 2 thin_disk 9 0.25 0.025095 2.196727753 2.195 32.52764675 4189.864711 1.752 -0.602 -2.044 -3.03 -3.693 -3.864
thin3 2 thin_disk 9 0.25 0.025095 2.196772814 2.195 31.14244061 4211.143104 1.79 -0.55 -1.978 -2.954 -3.614 -3.78
thin3 2 thin_disk 9 0.25 0.025095 2.196798563 2.195 29.75449919 4234.479162 1.83 -0.495 -1.909 -2.873 -3.531 -3.691
thin3 2 thin_disk 9 0.25 0.025095 2.196824312 2.195 28.12241708 4263.831169 1.879 -0.427 -1.822 -2.774 -3.428 -3.582
thin3 2 thin_disk 9 0.25 0.025095 2.196864128 2.195 25.99277484 4304.274895 1.948 -0.33 -1.702 -2.635 -3.286 -3.431
thin3 2 thin_disk 9 0.25 0.025095 2.196929455 2.195 23.56962348 4354.116049 2.032 -0.21 -1.55 -2.462 -3.104 -3.24
thin3 2 thin_disk 9 0.25 0.025095 2.196984768 2.196 22.15402517 4386.316848 2.086 -0.134 -1.451 -2.351 -2.984 -3.116
thin3 2 thin_disk 9 0.25 0.025095 2.197048664 2.196 20.8570386 4417.738449 2.139 -0.059 -1.355 -2.242 -2.867 -2.996
thin3 2 thin_disk 9 0.25 0.025095 2.197120905 2.196 19.64502767 4448.360749 2.19 0.016 -1.26 -2.135 -2.751 -2.876
thin3 2 thin_disk 9 0.25 0.025095 2.197201967 2.196 18.52476233 4479.195313 2.242 0.09 -1.165 -2.029 -2.636 -2.758
thin3 2 thin_disk 9 0.25 0.025095 2.197295666 2.196 17.456318 4509.205209 2.293 0.166 -1.07 -1.922 -2.521 -2.64
thin3 2 thin_disk 9 0.25 0.025095 2.197441101 2.196 16.21259914 4548.833073 2.358 0.263 -0.949 -1.786 -2.374 -2.49
thin3 2 thin_disk 9 0.25 0.025095 2.197641611 2.196 15.02286086 4588.809196 2.424 0.363 -0.826 -1.648 -2.226 -2.337
thin3 2 thin_disk 9 0.25 0.025095 2.197862148 2.196 14.15639411 4619.553488 2.475 0.441 -0.73 -1.54 -2.11 -2.219
thin3 2 thin_disk 9 0.25 0.025095 2.198096991 2.197 13.43546323 4647.292417 2.521 0.512 -0.643 -1.444 -2.006 -2.113
thin3 2 thin_disk 9 0.25 0.025095 2.198317528 2.197 12.81305366 4671.969512 2.561 0.576 -0.567 -1.358 -1.914 -2.018
thin3 2 thin_disk 9 0.25 0.025095 2.198548794 2.197 12.21385177 4697.859239 2.603 0.642 -0.488 -1.271 -1.819 -1.921
thin3 2 thin_disk 9 0.25 0.025095 2.198892593 2.197 11.44070124 4732.602186 2.66 0.732 -0.382 -1.151 -1.69 -1.79
thin3 2 thin_disk 9 0.25 0.025095 2.199357986 2.198 10.68200175 4769.798141 2.72 0.827 -0.269 -1.025 -1.554 -1.651
thin3 2 thin_disk 9 0.25 0.025095 2.199999571 2.199 9.95296885 4809.500785 2.781 0.924 -0.155 -0.898 -1.416 -1.511
thin3 2 thin_disk 9 0.25 0.025095 2.200918436 2.199 9.325081686 4847.301126 2.838 1.013 -0.049 -0.779 -1.287 -1.38
thin3 2 thin_disk 9 0.25 0.025095 2.201918602 2.2 8.948549501 4871.918336 2.875 1.07 0.019 -0.703 -1.205 -1.296
thin3 2 thin_disk 9 0.25 0.025095 2.216693878 2.215 9.127516881 4874.162454 2.86 1.023 -0.026 -0.748 -1.25 -1.34
thin3 2 thin_disk 9 0.25 0.025095 2.237208843 2.236 9.400536604 4875.284901 2.838 0.957 -0.092 -0.813 -1.314 -1.405
thin3 2 thin_disk 9 0.25 0.025095 2.255299568 2.254 9.64389881 4877.53057 2.82 0.898 -0.15 -0.871 -1.371 -1.462
thin3 2 thin_disk 9 0.25 0.025095 2.285241127 2.284 10.16605944 4875.284901 2.779 0.785 -0.263 -0.985 -1.485 -1.576
thin3 2 thin_disk 9 0.25 0.025095 2.286189556 2.285 10.18949463 4875.284901 2.778 0.782 -0.266 -0.988 -1.489 -1.58
thin3 2 thin_disk 9 0.25 0.025095 2.311070681 2.31 10.75109365 4865.19218 2.736 0.678 -0.374 -1.099 -1.602 -1.694
thin3 2 thin_disk 9 0.25 0.025095 2.335666418 2.334 11.48557243 4841.723676 2.683 0.567 -0.495 -1.228 -1.737 -1.83
thin3 2 thin_disk 9 0.25 0.025095 2.349603176 2.348 11.99644714 4822.808304 2.648 0.498 -0.571 -1.311 -1.825 -1.919
thin3 2 thin_disk 9 0.25 0.025095 2.350180626 2.349 12.02964039 4821.697939 2.646 0.494 -0.576 -1.316 -1.83 -1.925
thin3 2 thin_disk 9 0.25 0.025095 2.355909586 2.354 12.4466548 4800.649512 2.617 0.448 -0.631 -1.378 -1.897 -1.993
thin3 2 thin_disk 9 0.25 0.025095 2.359293461 2.358 12.47247508 4803.966829 2.616 0.439 -0.638 -1.384 -1.902 -1.999
thin3 2 thin_disk 9 0.25 0.025095 2.365925074 2.364 13.19023839 4766.504419 2.568 0.371 -0.723 -1.482 -2.01 -2.109
thin3 2 thin_disk 9 0.25 0.025095 2.368407488 2.367 14.15313486 4719.543572 2.508 0.288 -0.829 -1.605 -2.146 -2.248
thin3 2 thin_disk 9 0.25 0.025095 2.3694067 2.368 15.14790751 4676.274537 2.449 0.205 -0.934 -1.725 -2.277 -2.382
thin3 2 thin_disk 9 0.25 0.025095 2.369844914 2.368 16.07506156 4639.8079 2.397 0.132 -1.027 -1.832 -2.393 -2.502
thin3 2 thin_disk 9 0.25 0.025095 2.370111465 2.369 17.25649718 4598.328568 2.335 0.044 -1.139 -1.959 -2.531 -2.644
thin3 2 thin_disk 9 0.25 0.025095 2.370233536 2.369 18.44389516 4559.319217 2.278 -0.037 -1.242 -2.076 -2.659 -2.775
thin3 2 thin_disk 9 0.25 0.025095 2.370302439 2.369 19.66312974 4523.764623 2.223 -0.116 -1.343 -2.19 -2.783 -2.902
thin3 2 thin_disk 9 0.25 0.025095 2.370303869 2.369 19.69484852 4522.723108 2.221 -0.118 -1.346 -2.193 -2.786 -2.906
thin3 2 thin_disk 9 0.25 0.025095 2.370325565 2.369 20.09336368 4511.282253 2.203 -0.144 -1.379 -2.231 -2.827 -2.947
thin3 2 thin_disk 9 0.25 0.025095 2.370368958 2.369 20.89549409 4490.554794 2.169 -0.193 -1.441 -2.301 -2.903 -3.025
thin3 2 thin_disk 9 0.25 0.025095 2.370407343 2.369 21.08883772 4485.387826 2.162 -0.204 -1.455 -2.317 -2.92 -3.043
thin3 2 thin_disk 9 0.25 0.025095 2.370512724 2.369 20.98711029 4488.487293 2.166 -0.198 -1.447 -2.308 -2.91 -3.033
thin3 2 thin_disk 9 0.25 0.025095 2.370571613 2.369 20.67057915 4496.763012 2.179 -0.179 -1.423 -2.281 -2.881 -3.003
thin3 2 thin_disk 9 0.25 0.025095 2.37070775 2.369 20.20471109 4509.205209 2.199 -0.151 -1.387 -2.24 -2.836 -2.957
thin3 2 thin_disk 9 0.25 0.025095 2.371672869 2.37 20.10724848 4512.321133 2.203 -0.146 -1.38 -2.232 -2.827 -2.948
thin3 2 thin_disk 9 0.25 0.025095 2.374638796 2.373 21.96608424 4463.751406 2.127 -0.256 -1.521 -2.391 -3 -3.126
thin3 2 thin_disk 9 0.25 0.025095 2.375764131 2.374 24.03547143 4414.687837 2.049 -0.363 -1.66 -2.55 -3.172 -3.303
thin3 2 thin_disk 9 0.25 0.025095 2.376594782 2.375 25.98679048 4372.1998 1.981 -0.458 -1.783 -2.69 -3.322 -3.458
thin3 2 thin_disk 9 0.25 0.025095 2.37724638 2.376 27.96099648 4333.112852 1.918 -0.548 -1.895 -2.818 -3.455 -3.599
thin3 2 thin_disk 9 0.25 0.025095 2.377779484 2.376 29.9883551 4296.353426 1.858 -0.632 -2.001 -2.939 -3.58 -3.732
thin3 2 thin_disk 9 0.25 0.025095 2.378231287 2.377 32.08873856 4259.905843 1.798 -0.714 -2.103 -3.058 -3.703 -3.864
thin3 2 thin_disk 9 0.25 0.025095 2.378623486 2.377 34.32042402 4224.74013 1.741 -0.792 -2.203 -3.174 -3.824 -3.992
thin3 2 thin_disk 9 0.25 0.025095 2.378973484 2.377 36.66508067 4189.864711 1.683 -0.87 -2.302 -3.29 -3.944 -4.12
thin3 2 thin_disk 9 0.25 0.025095 2.379293203 2.378 39.23310177 4154.320512 1.625 -0.945 -2.401 -3.406 -4.065 -4.249
thin3 2 thin_disk 9 0.25 0.025095 2.379589796 2.378 41.91337614 4120.026411 1.567 -1.018 -2.497 -3.52 -4.184 -4.376
thin3 2 thin_disk 9 0.25 0.025095 2.379868507 2.378 44.72523641 4086.015408 1.511 -1.09 -2.592 -3.633 -4.301 -4.502
thin3 2 thin_disk 9 0.25 0.025095 2.380132914 2.379 47.72573713 4052.285168 1.454 -1.151 -2.686 -3.746 -4.423 -4.63
thin3 2 thin_disk 9 0.25 0.025095 2.380382538 2.379 50.7052169 4020.68454 1.401 -1.207 -2.777 -3.853 -4.539 -4.752
thin3 2 thin_disk 9 0.25 0.025095 2.380616188 2.379 53.78394385 3990.249024 1.351 -1.259 -2.862 -3.955 -4.649 -4.867
thin3 2 thin_disk 9 0.25 0.025095 2.38080883 2.379 56.61775501 3963.692912 1.306 -1.298 -2.936 -4.044 -4.746 -4.968
thin3 2 thin_disk 9 0.25 0.025095 2.380939722 2.379 58.76958783 3944.573021 1.273 -1.326 -2.991 -4.111 -4.818 -5.044
thin3 2 thin_disk 9 0.25 0.025095 2.38103199 2.379 61.22836251 3922.834625 1.238 -1.354 -3.048 -4.182 -4.894 -5.124
thin3 2 thin_disk 9 0.25 0.025095 2.3811028 2.38 63.10338333 3906.609483 1.211 -1.376 -3.092 -4.236 -4.953 -5.186
thin3 2 thin_disk 9 0.25 0.025095 2.381175518 2.38 66.48943536 3878.823338 1.166 -1.408 -3.165 -4.326 -5.05 -5.288
thin3 2 thin_disk 9 0.25 0.025095 2.381244421 2.38 70.59153812 3847.689339 1.114 -1.439 -3.248 -4.43 -5.163 -5.406
thin3 2 thin_disk 9 0.25 0.025095 2.381300449 2.38 74.1058759 3822.962166 1.072 -1.465 -3.316 -4.515 -5.255 -5.503
thin3 2 thin_disk 9 0.25 0.025095 2.381305456 2.38 74.46507733 3820.322269 1.068 -1.467 -3.322 -4.523 -5.263 -5.512
thin3 2 thin_disk 9 0.25 0.025095 2.381307363 2.38 74.58519763 3819.442708 1.066 -1.468 -3.325 -4.526 -5.266 -5.515
thin3 2 thin_disk 9 0.25 0.025095 2.381384134 2.38 81.46154541 3772.245942 0.991 -1.491 -3.44 -4.677 -5.43 -5.688
thin3 2 thin_disk 9 0.25 0.025095 2.38144207 2.38 87.02672589 3736.801254 0.932 -1.495 -3.526 -4.794 -5.555 -5.82
thin3 2 thin_disk 9 0.25 0.025095 2.381491423 2.38 91.92902306 3707.66084 0.885 -1.495 -3.595 -4.889 -5.657 -5.928
thin3 2 thin_disk 9 0.25 0.025095 2.381540299 2.38 96.79493775 3680.442186 0.841 -1.479 -3.655 -4.978 -5.752 -6.028
thin3 2 thin_disk 9 0.25 0.025095 2.381579161 2.38 100.5431864 3659.31672 0.807 -1.467 -3.7 -5.045 -5.824 -6.104
thin3 2 thin_disk 9 0.25 0.025095 2.381632328 2.38 105.572947 3633.289469 0.764 -1.449 -3.757 -5.131 -5.915 -6.2
thin3 2 thin_disk 9 0.25 0.025095 2.381694078 2.38 111.2634814 3604.956263 0.719 -1.409 -3.808 -5.22 -6.011 -6.302
thin3 2 thin_disk 9 0.25 0.025095 2.381765842 2.38 117.6935452 3574.374063 0.67 -1.361 -3.863 -5.318 -6.115 -6.412
thin3 2 thin_disk 9 0.25 0.025095 2.381846905 2.381 124.6960352 3543.235349 0.621 -1.306 -3.916 -5.416 -6.22 -6.524
thin3 2 thin_disk 9 0.25 0.025095 2.3818748 2.381 130.6930956 3517.223774 0.579 -1.236 -3.947 -5.498 -6.306 -6.617
thin3 2 thin_disk 9 0.25 0.025095 2.381883144 2.381 136.7579698 3492.207173 0.54 -1.172 -3.978 -5.575 -6.388 -6.705
thin3 2 thin_disk 9 0.25 0.025095 2.381885767 2.381 138.3734104 3485.780211 0.53 -1.156 -3.986 -5.596 -6.41 -6.728
thin3 2 thin_disk 9 0.25 0.025095 2.381890058 2.381 139.5573277 3480.967752 0.522 -1.143 -3.992 -5.611 -6.426 -6.745
thin3 2 thin_disk 9 0.25 0.025095 2.381891012 2.376 150.3324187 3410.358227 0.457 -0.785 -3.922 -5.714 -6.543 -6.878
thin3 2 thin_disk 9 0.25 0.025095 2.381891966 2.376 101.2168098 3628.273359 0.8 -1.332 -3.655 -5.034 -5.822 -6.107
thin3 2 thin_disk 9 0.25 0.025095 2.381892204 2.376 97.3985844 3650.059971 0.834 -1.352 -3.612 -4.967 -5.75 -6.03
thin3 2 thin_disk 9 0.25 0.025095 2.381894112 2.375 68.88943848 3850.348147 1.135 -1.393 -3.198 -4.378 -5.11 -5.353
thin3 2 thin_disk 9 0.25 0.025095 2.381897211 2.375 64.469254 3889.555744 1.192 -1.372 -3.113 -4.266 -4.989 -5.224
thin3 2 thin_disk 9 0.25 0.025095 2.381901503 2.375 72.88743126 3815.047943 1.085 -1.404 -3.269 -4.473 -5.216 -5.465
thin3 2 thin_disk 9 0.25 0.025095 2.381906986 2.375 93.48730596 3670.286785 0.87 -1.357 -3.56 -4.894 -5.672 -5.948
thin3 2 thin_disk 9 0.25 0.025095 2.3819139 2.374 120.0197298 3529.392837 0.652 -1.133 -3.794 -5.323 -6.131 -6.437
thin3 2 thin_disk 9 0.25 0.025095 2.381922483 2.374 144.0630632 3430.046439 0.494 -0.84 -3.894 -5.635 -6.461 -6.791
thin3 2 thin_disk 9 0.25 0.025095 2.381932497 2.373 159.7543325 3373.649809 0.403 -0.613 -3.912 -5.815 -6.649 -6.995
thin3 2 thin_disk 9 0.25 0.025095 2.381943941 2.373 168.8311757 3342.720001 0.356 -0.463 -3.895 -5.907 -6.745 -7.1
thin3 2 thin_disk 9 0.25 0.025095 2.381957293 2.372 175.0058817 3321.238013 0.324 -0.353 -3.879 -5.967 -6.809 -7.169
thin3 2 thin_disk 9 0.25 0.025095 2.381957531 2.372 137.0732294 3448.259966 0.536 -0.87 -3.848 -5.543 -6.367 -6.692
thin3 2 thin_disk 9 0.25 0.025095 2.381958485 2.372 114.6707478 3544.867445 0.691 -1.133 -3.736 -5.236 -6.042 -6.344
thin3 2 thin_disk 9 0.25 0.025095 2.38196063 2.371 81.03126985 3741.105883 0.993 -1.357 -3.377 -4.64 -5.403 -5.665
thin3 2 thin_disk 9 0.25 0.025095 2.381963968 2.371 75.553162 3781.812561 1.054 -1.362 -3.292 -4.521 -5.273 -5.528
thin3 2 thin_disk 9 0.25 0.025095 2.381968498 2.371 84.88923989 3714.496898 0.953 -1.354 -3.434 -4.72 -5.489 -5.756
thin3 2 thin_disk 9 0.25 0.025095 2.381974459 2.371 107.7339653 3580.139918 0.746 -1.198 -3.68 -5.129 -5.927 -6.221
thin3 2 thin_disk 9 0.25 0.025095 2.38198185 2.37 136.7264837 3450.642762 0.538 -0.881 -3.85 -5.54 -6.363 -6.687
thin3 2 thin_disk 9 0.25 0.025095 2.38199091 2.37 161.8648857 3361.24369 0.391 -0.538 -3.888 -5.833 -6.669 -7.018
thin3 2 thin_disk 9 0.25 0.025095 2.382001638 2.369 177.3587604 3314.36245 0.312 -0.318 -3.877 -5.99 -6.833 -7.195
thin3 2 thin_disk 9 0.25 0.025095 2.382014036 2.368 184.4389516 3295.338255 0.278 -0.202 -3.855 -6.058 -6.903 -7.272
thin3 2 thin_disk 9 0.25 0.025095 2.382028341 2.368 188.0410402 3286.245467 0.261 -0.148 -3.845 -6.091 -6.938 -7.31
thin3 2 thin_disk 9 0.25 0.025095 2.38202858 2.367 149.1257514 3406.434166 0.463 -0.736 -3.889 -5.691 -6.521 -6.857
thin3 2 thin_disk 9 0.25 0.025095 2.382029772 2.367 124.4378918 3504.289683 0.619 -1.045 -3.804 -5.381 -6.194 -6.505
thin3 2 thin_disk 9 0.25 0.025095 2.382031918 2.367 87.99391585 3699.133457 0.92 -1.362 -3.484 -4.787 -5.559 -5.829
thin3 2 thin_disk 9 0.25 0.025095 2.382035494 2.367 82.00732481 3740.24456 0.982 -1.381 -3.401 -4.665 -5.427 -5.69
thin3 2 thin_disk 9 0.25 0.025095 2.382040262 2.366 92.07731461 3672.823005 0.881 -1.336 -3.533 -4.864 -5.642 -5.918
thin3 2 thin_disk 9 0.25 0.025095 2.3820467 2.366 116.6413788 3539.158396 0.676 -1.132 -3.757 -5.268 -6.075 -6.378
thin3 2 thin_disk 9 0.25 0.025095 2.382054567 2.365 147.8266193 3409.573053 0.47 -0.742 -3.881 -5.674 -6.504 -6.839
thin3 2 thin_disk 9 0.25 0.025095 2.382064343 2.365 174.8850336 3320.473358 0.324 -0.341 -3.872 -5.964 -6.806 -7.166
thin3 2 thin_disk 9 0.25 0.025095 2.382075787 2.364 191.2725487 3273.406949 0.245 -0.044 -3.807 -6.117 -6.967 -7.342
thin3 2 thin_disk 9 0.25 0.025095 2.3820889 2.363 199.2749206 3251.621601 0.21 0.105 -3.768 -6.184 -7.038 -7.42
thin3 2 thin_disk 9 0.25 0.025095 2.382104158 2.362 203.4476346 3240.41027 0.192 0.184 -3.746 -6.219 -7.074 -7.46
thin3 2 thin_disk 9 0.25 0.025095 2.382104397 2.362 163.5507895 3353.513045 0.381 -0.488 -3.873 -5.847 -6.685 -7.036
thin3 2 thin_disk 9 0.25 0.025095 2.382105589 2.362 136.2550617 3450.642762 0.54 -0.878 -3.845 -5.533 -6.357 -6.681
thin3 2 thin_disk 9 0.25 0.025095 2.382107973 2.361 96.48341013 3644.181508 0.84 -1.304 -3.58 -4.941 -5.726 -6.007
thin3 2 thin_disk 9 0.25 0.025095 2.382111788 2.361 89.58857832 3687.228059 0.904 -1.343 -3.5 -4.816 -5.591 -5.863
thin3 2 thin_disk 9 0.25 0.025095 2.382117033 2.361 100.4737576 3620.762178 0.804 -1.273 -3.62 -5.011 -5.8 -6.086
thin3 2 thin_disk 9 0.25 0.025095 2.382123709 2.36 126.5763724 3490.599322 0.604 -0.992 -3.802 -5.405 -6.222 -6.536
thin3 2 thin_disk 9 0.25 0.025095 2.382132292 2.36 159.460325 3365.115694 0.403 -0.535 -3.869 -5.802 -6.638 -6.985
thin3 2 thin_disk 9 0.25 0.025095 2.382142782 2.359 187.6085578 3278.687312 0.261 -0.063 -3.796 -6.079 -6.928 -7.301
thin3 2 thin_disk 9 0.25 0.025095 2.382154942 2.358 204.5279403 3233.702035 0.187 0.245 -3.716 -6.224 -7.081 -7.468
thin3 2 thin_disk 9 0.25 0.025095 2.382169247 2.357 212.0570155 3214.400597 0.155 0.336 -3.692 -6.283 -7.144 -7.536
thin3 2 thin_disk 9 0.25 0.025095 2.382185459 2.356 215.3538523 3206.269325 0.141 0.379 -3.68 -6.31 -7.172 -7.566
thin3 2 thin_disk 9 0.25 0.025095 2.382185698 2.355 176.0162016 3309.786651 0.316 -0.262 -3.839 -5.97 -6.814 -7.177
thin3 2 thin_disk 9 0.25 0.025095 2.382187128 2.355 146.3701928 3408.78806 0.477 -0.715 -3.857 -5.653 -6.483 -6.818
thin3 2 thin_disk 9 0.25 0.025095 2.382189512 2.355 103.6698917 3601.637504 0.776 -1.236 -3.646 -5.064 -5.858 -6.147
thin3 2 thin_disk 9 0.25 0.025095 2.382193565 2.354 96.1064742 3645.020708 0.841 -1.3 -3.574 -4.935 -5.719 -6
thin3 2 thin_disk 9 0.25 0.025095 2.382199049 2.354 107.6100033 3580.139918 0.744 -1.195 -3.678 -5.126 -5.925 -6.219
thin3 2 thin_disk 9 0.25 0.025095 2.382206202 2.353 134.8815801 3452.232208 0.547 -0.866 -3.827 -5.512 -6.336 -6.659
thin3 2 thin_disk 9 0.25 0.025095 2.382215261 2.353 168.9867466 3329.660852 0.351 -0.35 -3.839 -5.899 -6.74 -7.098
thin3 2 thin_disk 9 0.25 0.025095 2.382226229 2.352 198.2680087 3244.890157 0.213 0.187 -3.717 -6.166 -7.022 -7.405
thin3 2 thin_disk 9 0.25 0.025095 2.382239103 2.35 215.2051425 3201.842758 0.141 0.421 -3.653 -6.305 -7.168 -7.563
thin3 2 thin_disk 9 0.25 0.025095 2.382254124 2.349 222.511594 3183.464418 0.111 0.519 -3.622 -6.36 -7.226 -7.626
thin3 2 thin_disk 9 0.25 0.025095 2.38227129 2.348 225.6070386 3176.142653 0.099 0.565 -3.606 -6.382 -7.251 -7.653
thin3 2 thin_disk 9 0.25 0.025095 2.382271528 2.347 187.9111909 3270.393418 0.258 0.022 -3.751 -6.075 -6.926 -7.301
thin3 2 thin_disk 9 0.25 0.025095 2.38227272 2.347 155.938246 3369.767986 0.42 -0.534 -3.843 -5.758 -6.594 -6.939
thin3 2 thin_disk 9 0.25 0.025095 2.382275343 2.347 110.7777767 3561.229809 0.717 -1.151 -3.698 -5.174 -5.977 -6.275
thin3 2 thin_disk 9 0.25 0.025095 2.382279158 2.347 102.6485088 3604.956263 0.783 -1.231 -3.631 -5.044 -5.838 -6.126
thin3 2 thin_disk 9 0.25 0.025095 2.382284403 2.346 114.8557243 3539.973411 0.685 -1.103 -3.726 -5.236 -6.043 -6.346
thin3 2 thin_disk 9 0.25 0.025095 2.382291555 2.345 143.7979335 3413.500729 0.49 -0.711 -3.833 -5.617 -6.447 -6.781
thin3 2 thin_disk 9 0.25 0.025095 2.382300377 2.344 179.8260666 3291.546539 0.296 -0.115 -3.78 -5.999 -6.847 -7.215
thin3 2 thin_disk 9 0.25 0.025095 2.382310867 2.343 210.7427509 3207.746206 0.158 0.408 -3.642 -6.264 -7.126 -7.519
thin3 2 thin_disk 9 0.25 0.025095 2.382323503 2.342 229.3256562 3163.005885 0.084 0.656 -3.564 -6.405 -7.276 -7.682
thin3 2 thin_disk 9 0.25 0.025095 2.382338285 2.341 238.260827 3142.67883 0.051 0.748 -3.525 -6.465 -7.341 -7.752
thin3 2 thin_disk 9 0.25 0.025095 2.382354975 2.339 242.9699951 3131.843125 0.034 0.799 -3.502 -6.496 -7.375 -7.789
thin3 2 thin_disk 9 0.25 0.025095 2.382355213 2.339 205.6613323 3217.362533 0.178 0.372 -3.643 -6.222 -7.082 -7.473
thin3 2 thin_disk 9 0.25 0.025095 2.382356644 2.339 170.1581068 3318.180448 0.342 -0.265 -3.803 -5.903 -6.747 -7.107
thin3 2 thin_disk 9 0.25 0.025095 2.382359266 2.338 121.1023707 3507.51874 0.638 -1.008 -3.752 -5.323 -6.136 -6.446
thin3 2 thin_disk 9 0.25 0.025095 2.382363319 2.338 111.7513157 3553.85742 0.708 -1.13 -3.701 -5.187 -5.992 -6.291
thin3 2 thin_disk 9 0.25 0.025095 2.382369041 2.337 124.6386237 3491.403155 0.613 -0.964 -3.771 -5.373 -6.189 -6.503
thin3 2 thin_disk 9 0.25 0.025095 2.382376432 2.336 154.8647746 3369.767986 0.424 -0.517 -3.827 -5.742 -6.579 -6.924
thin3 2 thin_disk 9 0.25 0.025095 2.382385731 2.335 192.1111823 3253.119373 0.237 0.159 -3.699 -6.107 -6.961 -7.341
thin3 2 thin_disk 9 0.25 0.025095 2.382396936 2.334 223.230044 3174.680322 0.106 0.599 -3.575 -6.357 -7.226 -7.628
thin3 2 thin_disk 9 0.25 0.025095 2.382410288 2.333 241.1307766 3134.728988 0.038 0.793 -3.501 -6.484 -7.362 -7.775
thin3 2 thin_disk 9 0.25 0.025095 2.382425785 2.331 248.5722508 3119.607818 0.012 0.861 -3.473 -6.533 -7.415 -7.833
thin3 2 thin_disk 9 0.25 0.025095 2.382443666 2.329 251.2190939 3113.866577 0.002 0.885 -3.463 -6.551 -7.435 -7.855
thin3 2 thin_disk 9 0.25 0.025095 2.382443905 2.328 217.1464056 3189.33398 0.129 0.517 -3.601 -6.312 -7.178 -7.576
thin3 2 thin_disk 9 0.25 0.025095 2.382445335 2.328 179.2060407 3291.546539 0.296 -0.107 -3.772 -5.992 -6.839 -7.208
thin3 2 thin_disk 9 0.25 0.025095 2.38244772 2.328 127.7181576 3480.967752 0.59 -0.946 -3.795 -5.417 -6.235 -6.552
thin3 2 thin_disk 9 0.25 0.025095 2.382451773 2.327 117.6664483 3527.767866 0.661 -1.078 -3.746 -5.278 -6.088 -6.393
thin3 2 thin_disk 9 0.25 0.025095 2.382457256 2.327 131.0848933 3465.77209 0.567 -0.902 -3.809 -5.461 -6.282 -6.602
thin3 2 thin_disk 9 0.25 0.025095 2.382464647 2.326 162.0513468 3345.800179 0.382 -0.406 -3.821 -5.822 -6.661 -7.013
thin3 2 thin_disk 9 0.25 0.025095 2.382473707 2.324 200.1486406 3231.469044 0.199 0.308 -3.657 -6.174 -7.032 -7.419
thin3 2 thin_disk 9 0.25 0.025095 2.382484675 2.323 231.5008793 3153.552025 0.072 0.714 -3.53 -6.416 -7.289 -7.697
thin3 2 thin_disk 9 0.25 0.025095 2.382497788 2.321 249.6621147 3114.583654 0.006 0.892 -3.453 -6.537 -7.421 -7.84
thin3 2 thin_disk 9 0.25 0.025095 2.382512808 2.319 257.189151 3098.846042 -0.019 0.963 -3.423 -6.584 -7.471 -7.895
thin3 2 thin_disk 9 0.25 0.025095 2.382530212 2.317 259.9277484 3093.143011 -0.029 0.99 -3.412 -6.602 -7.49 -7.916
thin3 2 thin_disk 9 0.25 0.025095 2.382530451 2.317 228.9036115 3158.639048 0.08 0.697 -3.534 -6.396 -7.269 -7.675
thin3 2 thin_disk 9 0.25 0.025095 2.382531643 2.316 188.5613352 3262.871721 0.249 0.098 -3.713 -6.075 -6.927 -7.305
thin3 2 thin_disk 9 0.25 0.025095 2.382534027 2.316 134.6953629 3450.642762 0.541 -0.85 -3.818 -5.508 -6.331 -6.656
thin3 2 thin_disk 9 0.25 0.025095 2.382537603 2.316 123.9802891 3498.645985 0.613 -1.002 -3.781 -5.368 -6.182 -6.495
thin3 2 thin_disk 9 0.25 0.025095 2.38254261 2.315 138.0233757 3436.370641 0.52 -0.798 -3.824 -5.549 -6.375 -6.703
thin3 2 thin_disk 9 0.25 0.025095 2.382549286 2.314 170.1581068 3318.180448 0.338 -0.266 -3.804 -5.904 -6.747 -7.108
thin3 2 thin_disk 9 0.25 0.025095 2.382557631 2.313 209.3402049 3205.531139 0.157 0.443 -3.615 -6.248 -7.111 -7.504
thin3 2 thin_disk 9 0.25 0.025095 2.382567644 2.311 242.132254 3128.239532 0.031 0.838 -3.471 -6.485 -7.365 -7.78
thin3 2 thin_disk 9 0.25 0.025095 2.382579565 2.309 261.0674005 3088.161469 -0.035 1.014 -3.396 -6.608 -7.497 -7.924
thin3 2 thin_disk 9 0.25 0.025095 2.382593393 2.307 269.4961994 3071.142726 -0.063 1.031 -3.391 -6.658 -7.552 -7.982
thin3 2 thin_disk 9 0.25 0.025095 2.382609129 2.305 273.6860394 3063.373845 -0.076 1.04 -3.388 -6.681 -7.577 -8.009
thin3 2 thin_disk 9 0.25 0.025095 2.382609367 2.305 245.4441271 3119.607818 0.018 0.882 -3.449 -6.505 -7.388 -7.805
thin3 2 thin_disk 9 0.25 0.025095 2.382610559 2.304 201.4432154 3224.779319 0.189 0.352 -3.637 -6.184 -7.043 -7.432
thin3 2 thin_disk 9 0.25 0.025095 2.382612944 2.304 144.3286817 3411.143581 0.479 -0.701 -3.833 -5.624 -6.454 -6.788
thin3 2 thin_disk 9 0.25 0.025095 2.38261652 2.303 132.3587463 3460.987255 0.554 -0.889 -3.816 -5.479 -6.301 -6.622
thin3 2 thin_disk 9 0.25 0.025095 2.382621765 2.303 147.1135396 3400.165058 0.463 -0.658 -3.838 -5.656 -6.488 -6.825
thin3 2 thin_disk 9 0.25 0.025095 2.382628441 2.301 180.2821152 3285.488868 0.286 -0.056 -3.75 -5.998 -6.846 -7.217
thin3 2 thin_disk 9 0.25 0.025095 2.382636785 2.3 220.1165234 3176.874071 0.112 0.606 -3.558 -6.328 -7.197 -7.598
thin3 2 thin_disk 9 0.25 0.025095 2.382646799 2.298 252.6693975 3103.130215 -0.009 0.961 -3.412 -6.552 -7.438 -7.861
thin3 2 thin_disk 9 0.25 0.025095 2.382658958 2.296 271.3017811 3066.196616 -0.07 1.044 -3.381 -6.665 -7.56 -7.992
thin3 2 thin_disk 9 0.25 0.025095 2.382672787 2.294 278.5817389 3052.108722 -0.094 1.059 -3.376 -6.708 -7.606 -8.042
thin3 2 thin_disk 9 0.25 0.025095 2.382688761 2.291 281.2241708 3046.491705 -0.103 1.066 -3.372 -6.724 -7.623 -8.06
thin3 2 thin_disk 9 0.25 0.025095 2.382688999 2.29 257.3668724 3092.43087 -0.025 1.013 -3.388 -6.579 -7.468 -7.894
thin3 2 thin_disk 9 0.25 0.025095 2.382689953 2.29 210.9369416 3198.89511 0.147 0.487 -3.594 -6.257 -7.121 -7.516
thin3 2 thin_disk 9 0.25 0.025095 2.382692099 2.29 151.4093325 3384.542719 0.435 -0.592 -3.841 -5.706 -6.539 -6.881
thin3 2 thin_disk 9 0.25 0.025095 2.382695437 2.289 138.6285386 3434.788499 0.511 -0.796 -3.828 -5.557 -6.383 -6.712
thin3 2 thin_disk 9 0.25 0.025095 2.382699966 2.288 153.9049701 3374.42671 0.421 -0.544 -3.834 -5.732 -6.567 -6.912
thin3 2 thin_disk 9 0.25 0.025095 2.382705927 2.287 187.7814312 3262.120504 0.247 0.115 -3.699 -6.065 -6.917 -7.295
thin3 2 thin_disk 9 0.25 0.025095 2.382713556 2.286 228.219445 3154.27824 0.077 0.736 -3.504 -6.385 -7.259 -7.666
thin3 2 thin_disk 9 0.25 0.025095 2.382722616 2.284 261.2478018 3081.768417 -0.04 1.04 -3.372 -6.602 -7.494 -7.921
thin3 2 thin_disk 9 0.25 0.025095 2.382733345 2.282 280.1900088 3045.089067 -0.101 1.079 -3.358 -6.713 -7.612 -8.049
thin3 2 thin_disk 9 0.25 0.025095 2.382745743 2.279 287.8409934 3030.400298 -0.125 1.097 -3.349 -6.755 -7.659 -8.099
thin3 2 thin_disk 9 0.25 0.025095 2.382760048 2.276 290.8390014 3023.430571 -0.135 1.108 -3.342 -6.771 -7.677 -8.119
thin3 2 thin_disk 9 0.25 0.025095 2.382760286 2.276 270.7401373 3060.553672 -0.072 1.071 -3.355 -6.655 -7.552 -7.984
thin3 2 thin_disk 9 0.25 0.025095 2.38276124 2.276 221.4382522 3167.378759 0.102 0.679 -3.519 -6.333 -7.204 -7.607
thin3 2 thin_disk 9 0.25 0.025095 2.382763386 2.275 159.4970463 3351.19732 0.387 -0.418 -3.809 -5.79 -6.628 -6.979
thin3 2 thin_disk 9 0.25 0.025095 2.382766724 2.274 145.6641386 3403.298168 0.465 -0.662 -3.828 -5.639 -6.47 -6.806
thin3 2 thin_disk 9 0.25 0.025095 2.382771254 2.273 161.455426 3344.259735 0.376 -0.381 -3.804 -5.81 -6.65 -7.003
thin3 2 thin_disk 9 0.25 0.025095 2.382777214 2.272 195.9082138 3234.446709 0.207 0.324 -3.63 -6.132 -6.99 -7.376
thin3 2 thin_disk 9 0.25 0.025095 2.382784605 2.27 237.1115147 3130.40119 0.042 0.859 -3.442 -6.441 -7.321 -7.735
thin3 2 thin_disk 9 0.25 0.025095 2.382793665 2.268 270.1174523 3060.553672 -0.072 1.075 -3.35 -6.651 -7.547 -7.979
thin3 2 thin_disk 9 0.25 0.025095 2.382804155 2.266 288.3053124 3026.216536 -0.13 1.112 -3.336 -6.756 -7.66 -8.102
thin3 2 thin_disk 9 0.25 0.025095 2.382816553 2.263 295.564755 3013.006024 -0.152 1.122 -3.334 -6.795 -7.703 -8.147
thin3 2 thin_disk 9 0.25 0.025095 2.382830858 2.26 298.2309039 3008.153544 -0.16 1.125 -3.335 -6.808 -7.718 -8.163
thin3 2 thin_disk 9 0.25 0.025095 2.382831097 2.259 282.3921662 3036.686788 -0.113 1.104 -3.337 -6.721 -7.623 -8.062
thin3 2 thin_disk 9 0.25 0.025095 2.38283205 2.259 230.7558102 3144.12642 0.062 0.801 -3.466 -6.399 -7.275 -7.685
thin3 2 thin_disk 9 0.25 0.025095 2.382833958 2.258 166.6681615 3325.829644 0.345 -0.287 -3.792 -5.865 -6.707 -7.066
thin3 2 thin_disk 9 0.25 0.025095 2.382836819 2.257 152.3184967 3378.313899 0.424 -0.552 -3.828 -5.713 -6.548 -6.891
thin3 2 thin_disk 9 0.25 0.025095 2.382840872 2.256 168.7145915 3318.944576 0.335 -0.25 -3.786 -5.884 -6.727 -7.088
thin3 2 thin_disk 9 0.25 0.025095 2.382846117 2.255 204.4808514 3209.962804 0.167 0.451 -3.589 -6.2 -7.062 -7.454
thin3 2 thin_disk 9 0.25 0.025095 2.382852793 2.253 246.6338287 3106.704883 0.004 0.977 -3.383 -6.502 -7.388 -7.809
thin3 2 thin_disk 9 0.25 0.025095 2.382860899 2.251 280.771256 3036.686788 -0.109 1.112 -3.328 -6.71 -7.612 -8.05
thin3 2 thin_disk 9 0.25 0.025095 2.382870436 2.249 300.7825555 3000.544002 -0.169 1.14 -3.324 -6.816 -7.727 -8.173
thin3 2 thin_disk 9 0.25 0.025095 2.382881641 2.246 309.2805755 2984.695288 -0.194 1.149 -3.325 -6.86 -7.775 -8.225
thin3 2 thin_disk 9 0.25 0.025095 2.382894278 2.242 313.8720507 2976.459654 -0.207 1.156 -3.324 -6.881 -7.798 -8.249
thin3 2 thin_disk 9 0.25 0.025095 2.382894516 2.242 301.6147977 2996.40146 -0.173 1.149 -3.316 -6.818 -7.73 -8.177
thin3 2 thin_disk 9 0.25 0.025095 2.38289547 2.241 246.1232521 3104.559588 0.004 0.999 -3.367 -6.496 -7.382 -7.803
thin3 2 thin_disk 9 0.25 0.025095 2.382897139 2.241 178.0133794 3285.488868 0.285 -0.024 -3.721 -5.97 -6.819 -7.189
thin3 2 thin_disk 9 0.25 0.025095 2.3829 2.24 162.0886648 3339.64266 0.366 -0.345 -3.791 -5.815 -6.655 -7.01
thin3 2 thin_disk 9 0.25 0.025095 2.382904053 2.239 179.1235323 3280.952931 0.279 0.006 -3.711 -5.981 -6.83 -7.201
thin3 2 thin_disk 9 0.25 0.025095 2.38290906 2.237 216.0491912 3175.411403 0.116 0.657 -3.51 -6.286 -7.154 -7.556
thin3 2 thin_disk 9 0.25 0.025095 2.382915497 2.235 259.0315384 3075.388599 -0.042 1.087 -3.326 -6.575 -7.468 -7.896
thin3 2 thin_disk 9 0.25 0.025095 2.382923365 2.232 292.9898968 3008.846277 -0.15 1.153 -3.303 -6.77 -7.679 -8.124
thin3 2 thin_disk 9 0.25 0.025095 2.382932663 2.229 311.9985997 2975.089259 -0.205 1.169 -3.309 -6.867 -7.785 -8.236
thin3 2 thin_disk 9 0.25 0.025095 2.382943392 2.226 319.6337609 2961.419965 -0.227 1.177 -3.311 -6.904 -7.825 -8.279
thin3 2 thin_disk 9 0.25 0.025095 2.38295579 2.222 322.6655836 2955.96985 -0.236 1.182 -3.309 -6.918 -7.84 -8.296
thin3 2 thin_disk 9 0.25 0.025095 2.382956028 2.222 314.8854872 2968.246743 -0.215 1.179 -3.304 -6.879 -7.799 -8.251
thin3 2 thin_disk 9 0.25 0.025095 2.382956743 2.221 256.5976324 3077.513736 -0.037 1.096 -3.315 -6.558 -7.451 -7.879
thin3 2 thin_disk 9 0.25 0.025095 2.382958412 2.221 185.9313595 3257.61683 0.243 0.185 -3.652 -6.04 -6.893 -7.272
thin3 2 thin_disk 9 0.25 0.025095 2.382961273 2.22 168.9478404 3312.836481 0.326 -0.197 -3.762 -5.883 -6.727 -7.089
thin3 2 thin_disk 9 0.25 0.025095 2.382964849 2.218 186.7035797 3254.617835 0.239 0.206 -3.644 -6.045 -6.899 -7.279
thin3 2 thin_disk 9 0.25 0.025095 2.382969618 2.216 224.0539707 3150.648833 0.08 0.804 -3.443 -6.342 -7.216 -7.624
thin3 2 thin_disk 9 0.25 0.025095 2.382975817 2.214 267.7642822 3052.811577 -0.075 1.129 -3.297 -6.622 -7.521 -7.955
thin3 2 thin_disk 9 0.25 0.025095 2.382983208 2.211 302.0317819 2987.445561 -0.18 1.182 -3.286 -6.811 -7.725 -8.174
thin3 2 thin_disk 9 0.25 0.025095 2.382991791 2.208 321.2570336 2953.928643 -0.234 1.199 -3.292 -6.905 -7.828 -8.283
thin3 2 thin_disk 9 0.25 0.025095 2.383002043 2.204 328.7400712 2940.356574 -0.255 1.205 -3.297 -6.94 -7.866 -8.324
thin3 2 thin_disk 9 0.25 0.025095 2.383013487 2.2 332.1640636 2933.593941 -0.265 1.21 -3.297 -6.953 -7.881 -8.34
thin3 2 thin_disk 9 0.25 0.025095 2.383013725 2.199 328.8157751 2938.326149 -0.257 1.21 -3.292 -6.939 -7.865 -8.323
thin3 2 thin_disk 9 0.25 0.025095 2.383014441 2.199 267.7026343 3047.89499 -0.078 1.149 -3.279 -6.618 -7.517 -7.952
thin3 2 thin_disk 9 0.25 0.025095 2.38301611 2.198 194.335725 3227.007688 0.2 0.408 -3.571 -6.107 -6.966 -7.354
thin3 2 thin_disk 9 0.25 0.025095 2.383018732 2.197 176.2189645 3283.220116 0.285 0.018 -3.688 -5.948 -6.797 -7.168
thin3 2 thin_disk 9 0.25 0.025095 2.38302207 2.196 194.5147973 3225.521938 0.199 0.416 -3.567 -6.108 -6.967 -7.355
thin3 2 thin_disk 9 0.25 0.025095 2.383026838 2.194 233.0518983 3123.201467 0.042 0.952 -3.363 -6.396 -7.278 -7.693
thin3 2 thin_disk 9 0.25 0.025095 2.38303256 2.191 276.9827003 3027.610481 -0.109 1.181 -3.259 -6.669 -7.574 -8.013
thin3 2 thin_disk 9 0.25 0.025095 2.383039474 2.188 311.7113707 2962.784064 -0.212 1.217 -3.264 -6.85 -7.771 -8.224
thin3 2 thin_disk 9 0.25 0.025095 2.383047819 2.184 331.0187885 2930.21846 -0.265 1.228 -3.28 -6.942 -7.87 -8.329
thin3 2 thin_disk 9 0.25 0.025095 2.383057594 2.18 338.7292066 2916.755329 -0.286 1.234 -3.285 -6.975 -7.907 -8.369
thin3 2 thin_disk 9 0.25 0.025095 2.383068562 2.175 341.8634293 2910.046978 -0.295 1.24 -3.284 -6.988 -7.922 -8.385
thin3 2 thin_disk 9 0.25 0.025095 2.3830688 2.174 343.6787221 2907.367959 -0.299 1.24 -3.285 -6.994 -7.929 -8.392
thin3 2 thin_disk 9 0.25 0.025095 2.383069515 2.174 278.9668797 3018.561301 -0.119 1.206 -3.237 -6.675 -7.583 -8.024
thin3 2 thin_disk 9 0.25 0.025095 2.383071184 2.173 202.979718 3195.950175 0.157 0.59 -3.497 -6.172 -7.037 -7.432
thin3 2 thin_disk 9 0.25 0.025095 2.383073568 2.172 183.8876848 3253.119373 0.243 0.251 -3.604 -6.011 -6.866 -7.246
thin3 2 thin_disk 9 0.25 0.025095 2.383076906 2.17 202.7461635 3195.950175 0.158 0.591 -3.495 -6.169 -7.034 -7.429
thin3 2 thin_disk 9 0.25 0.025095 2.383081436 2.168 241.9650527 3095.280417 0.003 1.109 -3.276 -6.45 -7.339 -7.763
thin3 2 thin_disk 9 0.25 0.025095 2.383087158 2.165 286.9145976 3000.544002 -0.145 1.222 -3.232 -6.715 -7.627 -8.071
thin3 2 thin_disk 9 0.25 0.025095 2.383094072 2.161 322.0717587 2938.326149 -0.246 1.25 -3.249 -6.892 -7.819 -8.276
thin3 2 thin_disk 9 0.25 0.025095 2.383102179 2.157 341.62736 2906.029375 -0.298 1.256 -3.269 -6.98 -7.915 -8.378
thin3 2 thin_disk 9 0.25 0.025095 2.383111477 2.152 349.5848834 2892.677383 -0.319 1.26 -3.274 -7.013 -7.952 -8.418
thin3 2 thin_disk 9 0.25 0.025095 2.383122206 2.146 353.0633559 2886.689018 -0.328 1.264 -3.274 -7.026 -7.967 -8.434
thin3 2 thin_disk 9 0.25 0.025095 2.383122444 2.145 359.0481099 2877.398415 -0.344 1.266 -3.283 -7.052 -7.995 -8.463
thin3 2 thin_disk 9 0.25 0.025095 2.383123159 2.145 291.6437305 2988.133525 -0.163 1.243 -3.219 -6.735 -7.65 -8.096
thin3 2 thin_disk 9 0.25 0.025095 2.38312459 2.144 212.5948035 3164.462839 0.111 0.792 -3.413 -6.241 -7.112 -7.516
thin3 2 thin_disk 9 0.25 0.025095 2.383126974 2.142 192.1996732 3222.55249 0.199 0.468 -3.524 -6.078 -6.938 -7.327
thin3 2 thin_disk 9 0.25 0.025095 2.383130073 2.14 211.9105823 3165.920463 0.114 0.785 -3.414 -6.234 -7.106 -7.509
thin3 2 thin_disk 9 0.25 0.025095 2.383134365 2.137 252.3205629 3066.196616 -0.039 1.179 -3.234 -6.509 -7.405 -7.834
thin3 2 thin_disk 9 0.25 0.025095 2.38313961 2.134 298.0935951 2974.404298 -0.184 1.256 -3.214 -6.767 -7.685 -8.134
thin3 2 thin_disk 9 0.25 0.025095 2.383146048 2.13 333.6972632 2913.399223 -0.283 1.273 -3.245 -6.94 -7.872 -8.334
thin3 2 thin_disk 9 0.25 0.025095 2.383153677 2.125 353.388689 2882.039973 -0.334 1.277 -3.264 -7.025 -7.967 -8.434
thin3 2 thin_disk 9 0.25 0.025095 2.383162737 2.119 361.8700537 2869.458843 -0.356 1.286 -3.275 -7.058 -8.003 -8.472
thin3 2 thin_disk 9 0.25 0.025095 2.38317275 2.112 365.6391114 2862.859271 -0.366 1.298 -3.275 -7.071 -8.018 -8.489
thin3 2 thin_disk 9 0.25 0.025095 2.383172989 2.112 376.4026262 2847.7378 -0.392 1.323 -3.281 -7.111 -8.063 -8.538
thin3 2 thin_disk 9 0.25 0.025095 2.383173704 2.111 305.5995039 2958.012467 -0.21 1.275 -3.205 -6.802 -7.724 -8.177
thin3 2 thin_disk 9 0.25 0.025095 2.383175135 2.11 223.3842991 3131.843125 0.062 0.965 -3.326 -6.314 -7.193 -7.606
thin3 2 thin_disk 9 0.25 0.025095 2.38317728 2.108 201.5360047 3190.803061 0.15 0.655 -3.451 -6.151 -7.017 -7.413
thin3 2 thin_disk 9 0.25 0.025095 2.38318038 2.106 222.0509547 3134.007273 0.066 0.958 -3.327 -6.303 -7.182 -7.594
thin3 2 thin_disk 9 0.25 0.025095 2.383184433 2.102 263.6650979 3035.987646 -0.084 1.235 -3.195 -6.572 -7.475 -7.911
thin3 2 thin_disk 9 0.25 0.025095 2.38318944 2.098 310.279187 2945.777902 -0.227 1.293 -3.196 -6.821 -7.746 -8.202
thin3 2 thin_disk 9 0.25 0.025095 2.383195639 2.093 346.6990446 2884.695652 -0.324 1.303 -3.233 -6.987 -7.928 -8.394
thin3 2 thin_disk 9 0.25 0.025095 2.383202791 2.087 366.9041676 2852.988362 -0.374 1.335 -3.252 -7.065 -8.014 -8.486
thin3 2 thin_disk 9 0.25 0.025095 2.383211374 2.08 375.7964255 2838.572559 -0.396 1.369 -3.248 -7.092 -8.047 -8.524
thin3 2 thin_disk 9 0.25 0.025095 2.383220911 2.072 379.6231118 2830.740119 -0.407 1.399 -3.237 -7.101 -8.059 -8.539
thin3 2 thin_disk 9 0.25 0.025095 2.383221149 2.071 395.3235119 2809.312166 -0.443 1.463 -3.234 -7.148 -8.117 -8.607
thin3 2 thin_disk 9 0.25 0.025095 2.383221865 2.07 320.5181629 2920.115301 -0.26 1.322 -3.185 -6.861 -7.792 -8.251
thin3 2 thin_disk 9 0.25 0.025095 2.383223295 2.069 234.5052904 3093.855315 0.011 1.183 -3.202 -6.379 -7.269 -7.692
thin3 2 thin_disk 9 0.25 0.025095 2.383225441 2.066 211.034104 3154.27824 0.102 0.895 -3.337 -6.214 -7.089 -7.495
thin3 2 thin_disk 9 0.25 0.025095 2.38322854 2.063 232.2483541 3098.132588 0.018 1.165 -3.208 -6.363 -7.252 -7.673
thin3 2 thin_disk 9 0.25 0.025095 2.383232593 2.058 274.8860146 3002.617421 -0.13 1.3 -3.148 -6.624 -7.536 -7.978
thin3 2 thin_disk 9 0.25 0.025095 2.3832376 2.053 322.0717587 2914.741201 -0.269 1.334 -3.177 -6.865 -7.798 -8.257
thin3 2 thin_disk 9 0.25 0.025095 2.383243799 2.046 358.3873276 2856.932635 -0.362 1.354 -3.22 -7.021 -7.968 -8.438
thin3 2 thin_disk 9 0.25 0.025095 2.383250952 2.038 377.7049225 2828.134111 -0.41 1.421 -3.218 -7.087 -8.046 -8.526
thin3 2 thin_disk 9 0.25 0.025095 2.383259535 2.028 385.2588686 2816.436734 -0.429 1.463 -3.209 -7.107 -8.072 -8.558
thin3 2 thin_disk 9 0.25 0.025095 2.383269072 2.017 388.2868162 2811.90083 -0.438 1.483 -3.205 -7.113 -8.08 -8.569
thin3 2 thin_disk 9 0.25 0.025095 2.38326931 2.017 408.8393083 2784.838408 -0.484 1.624 -3.176 -7.155 -8.143 -8.653
thin3 2 thin_disk 9 0.25 0.025095 2.383270025 2.016 331.3238085 2895.342865 -0.301 1.35 -3.175 -6.904 -7.841 -8.304
thin3 2 thin_disk 9 0.25 0.025095 2.383271217 2.014 243.1938818 3066.196616 -0.032 1.255 -3.155 -6.428 -7.325 -7.754
thin3 2 thin_disk 9 0.25 0.025095 2.383273363 2.011 218.4000054 3127.519311 0.06 1.048 -3.252 -6.262 -7.143 -7.556
thin3 2 thin_disk 9 0.25 0.025095 2.383276224 2.006 240.2440524 3072.557365 -0.024 1.25 -3.156 -6.409 -7.304 -7.732
thin3 2 thin_disk 9 0.25 0.025095 2.383280039 2 283.3039598 2979.888403 -0.168 1.336 -3.128 -6.664 -7.58 -8.028
thin3 2 thin_disk 9 0.25 0.025095 2.383285046 1.993 330.4095906 2896.009619 -0.304 1.356 -3.17 -6.899 -7.836 -8.299
thin3 2 thin_disk 9 0.25 0.025095 2.383290768 1.983 366.5663919 2841.188185 -0.395 1.405 -3.205 -7.045 -7.997 -8.473
thin3 2 thin_disk 9 0.25 0.025095 2.383297682 1.973 385.1701696 2815.140015 -0.441 1.488 -3.196 -7.101 -8.068 -8.557
thin3 2 thin_disk 9 0.25 0.025095 2.383305788 1.96 392.4213657 2806.725885 -0.46 1.54 -3.184 -7.115 -8.09 -8.587
thin3 2 thin_disk 9 0.25 0.025095 2.383314848 1.946 394.1419354 2805.433638 -0.467 1.565 -3.176 -7.117 -8.095 -8.597
thin3 2 thin_disk 9 0.25 0.025095 2.383315086 1.946 420.0999645 2772.681598 -0.522 1.833 -3.09 -7.139 -8.156 -8.696
thin3 2 thin_disk 9 0.25 0.025095 2.383315563 1.944 340.6062751 2882.039973 -0.341 1.356 -3.185 -6.946 -7.887 -8.354
thin3 2 thin_disk 9 0.25 0.025095 2.383316994 1.941 251.0456178 3049.29892 -0.076 1.283 -3.144 -6.479 -7.378 -7.812
thin3 2 thin_disk 9 0.25 0.025095 2.383318901 1.936 225.1918376 3110.283669 0.017 1.139 -3.211 -6.31 -7.195 -7.614
thin3 2 thin_disk 9 0.25 0.025095 2.383321762 1.928 247.4871445 3057.032107 -0.066 1.277 -3.146 -6.456 -7.354 -7.786
thin3 2 thin_disk 9 0.25 0.025095 2.383325577 1.919 290.6381663 2967.563358 -0.209 1.348 -3.13 -6.706 -7.625 -8.077
thin3 2 thin_disk 9 0.25 0.025095 2.383330345 1.908 337.950151 2886.689018 -0.342 1.36 -3.179 -6.934 -7.874 -8.341
thin3 2 thin_disk 9 0.25 0.025095 2.383336067 1.894 373.2094611 2835.306412 -0.431 1.454 -3.194 -7.064 -8.024 -8.509
thin3 2 thin_disk 9 0.25 0.025095 2.383342743 1.877 391.6089825 2811.253441 -0.477 1.582 -3.162 -7.105 -8.085 -8.59
thin3 2 thin_disk 9 0.25 0.025095 2.383350611 1.859 398.4305628 2804.787737 -0.496 1.663 -3.135 -7.109 -8.101 -8.619
thin3 2 thin_disk 9 0.25 0.025095 2.383359432 1.837 399.9011425 2806.079687 -0.504 1.708 -3.117 -7.104 -8.103 -8.63
thin3 2 thin_disk 9 0.25 0.025095 2.383359671 1.836 430.2814712 2768.216163 -0.569 3.058 -2.461 -6.813 -8 -8.712
thin3 2 thin_disk 9 0.25 0.025095 2.383360147 1.831 350.2294361 2873.425887 -0.391 1.422 -3.174 -6.975 -7.927 -8.408
thin3 2 thin_disk 9 0.25 0.025095 2.38336134 1.821 259.7482587 3032.494347 -0.133 1.316 -3.134 -6.535 -7.437 -7.878
thin3 2 thin_disk 9 0.25 0.025095 2.383363485 1.805 233.6429305 3088.872627 -0.046 1.259 -3.155 -6.367 -7.256 -7.683
thin3 2 thin_disk 9 0.25 0.025095 2.383366108 1.783 257.5447165 3029.702603 -0.135 1.348 -3.102 -6.513 -7.417 -7.858
thin3 2 thin_disk 9 0.25 0.025095 2.383369684 1.755 303.9153564 2932.243282 -0.286 1.426 -3.092 -6.758 -7.686 -8.148
thin3 2 thin_disk 9 0.25 0.025095 2.383374214 1.721 355.3469931 2841.188185 -0.43 1.607 -3.068 -6.944 -7.912 -8.408
thin3 2 thin_disk 9 0.25 0.025095 2.383379459 1.68 395.9612119 2776.514846 -0.534 2.523 -2.666 -6.845 -7.939 -8.56
thin3 2 thin_disk 9 0.25 0.025095 2.383385897 1.633 419.9065459 2738.419634 -0.598 3.984 -1.928 -6.49 -7.784 -8.592
thin3 2 thin_disk 9 0.25 0.025095 2.383393288 1.581 431.4720269 2717.064824 -0.636 4.254 -1.808 -6.45 -7.78 -8.617
thin3 2 thin_disk 9 0.25 0.025095 2.383401871 1.522 438.3819305 2703.335826 -0.666 4.479 -1.7 -6.406 -7.764 -8.626
thin3 2 thin_disk 9 0.25 0.025095 2.383401871 1.522 438.3819305 2703.335826 -0.666 5.179 -1.408 -6.406 -7.764 -8.626
thin3 2 thin_disk 9 0.25 0.025095 2.383402348 1.519 384.5498487 2773.958759 -0.553 2.898 -2.436 -6.69 -7.825 -8.487
thin3 2 thin_disk 9 0.25 0.025095 2.383403063 1.515 281.2241708 2949.850457 -0.283 1.537 -2.976 -6.611 -7.535 -7.995
thin3 2 thin_disk 9 0.25 0.025095 2.383404017 1.507 250.9878191 3013.006024 -0.186 1.499 -2.97 -6.44 -7.346 -7.793
thin3 2 thin_disk 9 0.25 0.025095 2.383405685 1.497 276.6639957 2951.888846 -0.274 1.558 -2.949 -6.579 -7.502 -7.961
thin3 2 thin_disk 9 0.25 0.025095 2.383407593 1.484 325.2764675 2855.617271 -0.418 1.69 -2.944 -6.785 -7.744 -8.232
thin3 2 thin_disk 9 0.25 0.025095 2.383410215 1.467 377.3572035 2771.405025 -0.552 2.918 -2.406 -6.655 -7.786 -8.443
thin3 2 thin_disk 9 0.25 0.025095 2.383413076 1.448 415.3867553 2717.064824 -0.641 4.244 -1.777 -6.397 -7.714 -8.54
thin3 2 thin_disk 9 0.25 0.025095 2.383416653 1.425 435.2638958 2689.6762 -0.688 4.639 -1.607 -6.349 -7.719 -8.591
thin3 2 thin_disk 9 0.25 0.025095 2.383420944 1.399 442.3363651 2677.31826 -0.711 4.834 -1.518 -6.313 -7.709 -8.601
thin3 2 thin_disk 9 0.25 0.025095 2.383425713 1.369 444.7875729 2669.930767 -0.724 4.954 -1.458 -6.284 -7.695 -8.598
thin3 2 thin_disk 9 0.25 0.025095 2.383425713 1.369 444.7875729 2669.930767 -0.724 5.751 -1.113 -6.284 -7.695 -8.598
thin3 2 thin_disk 9 0.25 0.025095 2.383426189 1.365 396.4173416 2722.701308 -0.626 4.091 -1.817 -6.375 -7.66 -8.457
thin3 2 thin_disk 9 0.25 0.025095 2.383426666 1.36 298.5057113 2854.959817 -0.382 1.791 -2.802 -6.617 -7.568 -8.042
thin3 2 thin_disk 9 0.25 0.025095 2.383427858 1.35 268.7525817 2903.354056 -0.293 1.778 -2.745 -6.459 -7.394 -7.856
thin3 2 thin_disk 9 0.25 0.025095 2.383429289 1.337 292.9898968 2860.223694 -0.372 1.799 -2.782 -6.585 -7.533 -8.005
thin3 2 thin_disk 9 0.25 0.025095 2.383431196 1.321 338.0279759 2793.186922 -0.502 2.399 -2.575 -6.64 -7.678 -8.243
thin3 2 thin_disk 9 0.25 0.025095 2.38343358 1.3 384.1073741 2735.898618 -0.62 4.018 -1.826 -6.351 -7.621 -8.41
thin3 2 thin_disk 9 0.25 0.025095 2.383436441 1.275 416.2484649 2703.335826 -0.698 4.687 -1.538 -6.27 -7.639 -8.514
thin3 2 thin_disk 9 0.25 0.025095 2.383439779 1.247 431.1740795 2691.534804 -0.738 5.085 -1.353 -6.199 -7.628 -8.555
thin3 2 thin_disk 9 0.25 0.025095 2.383443594 1.215 433.7631407 2692.774587 -0.755 5.28 -1.253 -6.149 -7.607 -8.561
thin3 2 thin_disk 9 0.25 0.025095 2.383448124 1.179 432.2675602 2698.982073 -0.764 5.397 -1.184 -6.106 -7.582 -8.553
thin3 2 thin_disk 9 0.25 0.025095 2.383448124 1.179 432.2675602 2698.982073 -0.764 6.62 -0.567 -6.106 -7.582 -8.553
thin3 2 thin_disk 9 0.25 0.025095 2.383448601 1.174 392.602124 2732.750611 -0.682 4.515 -1.576 -6.234 -7.575 -8.43
thin3 2 thin_disk 9 0.25 0.025095 2.383449078 1.167 305.3884761 2820.979954 -0.467 2.128 -2.623 -6.562 -7.547 -8.059
thin3 2 thin_disk 9 0.25 0.025095 2.383450031 1.155 277.4295036 2854.302514 -0.389 1.958 -2.639 -6.457 -7.408 -7.883
thin3 2 thin_disk 9 0.25 0.025095 2.383451462 1.14 298.9872336 2828.134111 -0.459 2.106 -2.619 -6.536 -7.514 -8.02
thin3 2 thin_disk 9 0.25 0.025095 2.383453369 1.12 337.5612954 2788.688463 -0.573 3.654 -1.903 -6.268 -7.472 -8.205
thin3 2 thin_disk 9 0.25 0.025095 2.383455753 1.095 376.2293263 2758.036441 -0.676 4.443 -1.576 -6.193 -7.522 -8.373
thin3 2 thin_disk 9 0.25 0.025095 2.383458376 1.066 401.2847401 2745.364414 -0.744 5.197 -1.221 -6.056 -7.501 -8.457
thin3 2 thin_disk 9 0.25 0.025095 2.383461714 1.032 410.442803 2749.159897 -0.778 5.663 -0.985 -5.944 -7.461 -8.483
thin3 2 thin_disk 9 0.25 0.025095 2.383465528 0.995 409.404531 2763.757919 -0.791 6.054 -0.755 -5.809 -7.384 -8.46
thin3 2 thin_disk 9 0.25 0.025095 2.38346982 0.953 403.0441712 2785.479714 -0.796 6.369 -0.558 -5.681 -7.3 -8.421
thin3 2 thin_disk 9 0.25 0.025095 2.38346982 0.953 403.0441712 2785.479714 -0.796 8.236 0.474 -5.681 -7.3 -8.421
thin3 2 thin_disk 9 0.25 0.025095 2.383470058 0.949 371.4091894 2804.787737 -0.727 5.084 -1.218 -5.975 -7.402 -8.358
thin3 2 thin_disk 9 0.25 0.025095 2.383470774 0.942 297.1342021 2854.959817 -0.536 2.878 -2.227 -6.312 -7.396 -8.024
thin3 2 thin_disk 9 0.25 0.025095 2.383471727 0.932 271.4267489 2877.398415 -0.463 2.135 -2.541 -6.386 -7.357 -7.863
thin3 2 thin_disk 9 0.25 0.025095 2.383472919 0.918 287.4436009 2869.458843 -0.519 2.685 -2.306 -6.32 -7.374 -7.972
thin3 2 thin_disk 9 0.25 0.025095 2.383474588 0.9 316.703341 2857.590543 -0.612 3.868 -1.763 -6.117 -7.35 -8.134
thin3 2 thin_disk 9 0.25 0.025095 2.383476496 0.878 343.8370284 2853.645362 -0.694 4.746 -1.354 -5.967 -7.339 -8.257
thin3 2 thin_disk 9 0.25 0.025095 2.38347888 0.852 358.3048154 2862.200149 -0.744 5.493 -0.982 -5.796 -7.282 -8.309
thin3 2 thin_disk 9 0.25 0.025095 2.383481979 0.822 359.9586753 2882.039973 -0.762 6.172 -0.599 -5.578 -7.159 -8.277
thin3 2 thin_disk 9 0.25 0.025095 2.383485317 0.788 351.9270466 2911.387413 -0.761 6.449 -0.448 -5.464 -7.078 -8.232
thin3 2 thin_disk 9 0.25 0.025095 2.383489132 0.752 339.9794327 2948.492314 -0.752 6.544 -0.4 -5.396 -7.015 -8.181
thin3 2 thin_disk 9 0.25 0.025095 2.383500338 0.643 2.160491912e-06 12425.10307 1.704 30.474 30.541 30.635 30.693 30.719
