# downloaded from PARSEC/CMD via ezpadova
# component=NSD family=NSD component_index=9 logAge=9.8451 MH=0.25 photometric_system=roman2021
# Zini MH logAge Mini int_IMF Mass logL logTe logg label McoreTP C_O period0 period1 period2 period3 period4 pmode Mloss tau1m X Y Xc Xn Xo Cexcess Z mbolmag F062mag F087mag F106mag F129mag F158mag F184mag F146mag F213mag SNprismmag Grism_1stOrdermag Grism_0thOrdermag
0.025095 0.25 9.8451 0.0955969095 1.133236387 0.095 -3.349 3.3622 5.168 1 0 0.545 0 0 0 0 0 -1 -4.76e-17 0 0.6794 0.295 0.004602 0.001242 0.01126 -1 0.0256 13.142 16.226 12.85 11.657 11.005 10.585 10.44 11.016 10.183 11.407 10.911 10.558
0.025095 0.25 9.8451 0.1055120975 1.21556776 0.105 -3.209 3.3802 5.141 1 0 0.545 0 0 0 0 0 -1 -6.45e-17 0 0.6792 0.2952 0.004602 0.001242 0.01126 -1 0.0256 12.791 15.87 12.501 11.306 10.655 10.236 10.089 10.666 9.832 11.058 10.562 10.207
0.025095 0.25 9.8451 0.1253425032 1.353540291 0.125 -2.985 3.4067 5.099 1 0 0.545 0 0 0 0 0 -1 -1.04e-16 0 0.6787 0.2957 0.004602 0.001242 0.01126 -1 0.0256 12.232 15.303 11.943 10.746 10.097 9.681 9.53 10.108 9.273 10.5 10.004 9.648
0.025095 0.25 9.8451 0.145172894 1.465702437 0.145 -2.815 3.4254 5.068 1 0 0.545 0 0 0 0 0 -1 -1.48e-16 0 0.6783 0.2961 0.004602 0.001242 0.01126 -1 0.0256 11.808 14.657 11.456 10.319 9.683 9.268 9.112 9.691 8.866 10.078 9.59 9.23
0.025095 0.25 9.8451 0.1650032997 1.559528955 0.165 -2.681 3.4389 5.043 1 0 0.545 0 0 0 0 0 -1 -1.95e-16 0 0.6779 0.2965 0.004602 0.001242 0.01126 -1 0.0256 11.472 13.988 11.02 9.979 9.365 8.951 8.789 9.367 8.561 9.746 9.271 8.905
0.025095 0.25 9.8451 0.2046640813 1.709466363 0.204 -2.467 3.4585 5.001 1 0 0.545 0 0 0 0 0 -1 -2.99e-16 0 0.6771 0.2973 0.004602 0.001242 0.01126 -1 0.0256 10.939 13.024 10.361 9.447 8.86 8.445 8.279 8.854 8.074 9.22 8.764 8.392
0.025095 0.25 9.8451 0.2542400956 1.850971178 0.254 -2.265 3.4742 4.957 1 0 0.545 0 0 0 0 0 -1 -4.5e-16 0 0.6765 0.2979 0.004602 0.001242 0.01126 -1 0.0256 10.433 12.228 9.774 8.948 8.379 7.961 7.795 8.368 7.607 8.722 8.281 7.906
0.025095 0.25 9.8451 0.3086011112 1.969824745 0.308 -2.083 3.4873 4.911 1 0 0.545 0 0 0 0 0 -1 -6.49e-16 0 0.6769 0.2975 0.004602 0.001242 0.01126 -1 0.0256 9.978 11.547 9.265 8.503 7.947 7.526 7.358 7.931 7.186 8.277 7.847 7.468
0.025095 0.25 9.8451 0.3353780806 2.018780217 0.335 -2.001 3.4926 4.887 0 0 0.545 0 0 0 0 0 -1 -7.64e-16 0 0.679 0.2954 0.004602 0.001242 0.01126 -1 0.0256 9.773 11.261 9.04 8.302 7.751 7.328 7.159 7.733 6.993 8.075 7.65 7.268
0.025095 0.25 9.8451 0.3533920944 2.048942254 0.353 -1.948 3.4959 4.87 0 0 0.545 0 0 0 0 0 -1 -8.72e-16 0 0.68 0.2944 0.004602 0.001242 0.01126 -1 0.0256 9.641 11.086 8.898 8.173 7.625 7.2 7.031 7.605 6.868 7.945 7.523 7.139
0.025095 0.25 9.8451 0.4029681087 2.122572238 0.403 -1.808 3.5073 4.832 1 0 0.545 0 0 0 0 0 -1 -1.18e-15 0 0.6802 0.2942 0.004602 0.001242 0.01126 -1 0.0256 9.29 10.592 8.514 7.833 7.295 6.862 6.691 7.268 6.54 7.603 7.188 6.798
0.025095 0.25 9.8451 0.4033249915 2.123058962 0.403 -1.807 3.5074 4.832 1 0 0.545 0 0 0 0 0 -1 -1.18e-15 0 0.6802 0.2942 0.004602 0.001242 0.01126 -1 0.0256 9.287 10.588 8.511 7.831 7.292 6.86 6.688 7.265 6.538 7.6 7.186 6.795
0.025095 0.25 9.8451 0.4525440931 2.185277485 0.452 -1.664 3.5199 4.789 1 0 0.545 0 0 0 0 0 -1 -1.63e-15 0 0.6803 0.2941 0.004602 0.001242 0.01126 -1 0.0256 8.93 10.079 8.124 7.49 6.96 6.517 6.34 6.925 6.203 7.254 6.847 6.445
0.025095 0.25 9.8451 0.502120018 2.239628983 0.502 -1.516 3.5338 4.742 1 0 0.545 0 0 0 0 0 -1 -2.3e-15 0 0.6809 0.2935 0.004593 0.001239 0.01124 -1 0.02555 8.561 9.579 7.729 7.14 6.619 6.163 5.978 6.573 5.856 6.898 6.499 6.081
0.025095 0.25 9.8451 0.5464473367 2.280694878 0.546 -1.373 3.5491 4.696 1 0 0.545 0 0 0 0 0 -1 -3.23e-15 0 0.6946 0.2809 0.004408 0.00119 0.01079 -1 0.02454 8.201 9.082 7.347 6.804 6.293 5.825 5.628 6.235 5.522 6.555 6.164 5.73
0.025095 0.25 9.8451 0.5516960621 2.285057517 0.551 -1.356 3.5508 4.691 1 0 0.545 0 0 0 0 0 -1 -3.36e-15 0 0.6962 0.2793 0.004386 0.001184 0.01074 -1 0.02441 8.161 9.025 7.304 6.766 6.257 5.786 5.589 6.197 5.484 6.517 6.127 5.69
0.025095 0.25 9.8451 0.5538183451 2.286794541 0.553 -1.349 3.5518 4.689 1 0 0.545 0 0 0 0 0 -1 -3.42e-15 0 0.6964 0.2792 0.004385 0.001183 0.01073 -1 0.02441 8.143 8.997 7.284 6.75 6.241 5.77 5.572 6.181 5.468 6.5 6.111 5.673
0.025095 0.25 9.8451 0.601271987 2.321981326 0.601 -1.195 3.5729 4.656 1 0 0.545 0 0 0 0 0 -1 -4.86e-15 0 0.6986 0.2771 0.004355 0.001175 0.01066 -1 0.02424 7.758 8.398 6.88 6.409 5.913 5.426 5.216 5.838 5.135 6.15 5.772 5.317
0.025095 0.25 9.8451 0.650848031 2.352512732 0.651 -1.03 3.6004 4.635 1 0 0.544 0 0 0 0 0 -1 -7e-15 0 0.7008 0.2751 0.004327 0.001168 0.01059 -1 0.0241 7.345 7.739 6.456 6.05 5.567 5.071 4.862 5.484 4.807 5.783 5.421 4.962
0.025095 0.25 9.8451 0.7004240751 2.378128189 0.7 -0.868 3.6295 4.621 1 0 0.544 0 0 0 0 0 -1 -9.97e-15 0 0.7028 0.2732 0.004301 0.001161 0.01053 -1 0.02398 6.939 7.106 6.053 5.7 5.233 4.75 4.558 5.157 4.525 5.437 5.094 4.656
0.025095 0.25 9.8451 0.7061755061 2.380833341 0.706 -0.848 3.6335 4.621 1 0 0.544 0 0 0 0 0 -1 -1.04e-14 0 0.703 0.273 0.004292 0.00116 0.01053 -1 0.02396 6.89 7.029 6.005 5.659 5.195 4.717 4.528 5.121 4.497 5.398 5.059 4.625
0.025095 0.25 9.8451 0.75 2.399888909 0.75 -0.703 3.6627 4.619 1 0 0.537 0 0 0 0 0 -1 -1.41e-14 0 0.7045 0.2717 0.004223 0.001154 0.01049 -1 0.02382 6.527 6.481 5.646 5.349 4.924 4.499 4.336 4.871 4.314 5.119 4.811 4.427
0.025095 0.25 9.8451 0.7876976728 2.414344649 0.787 -0.593 3.6784 4.593 1 0 0.537 0 0 0 0 0 -1 -1.82e-14 0 0.7068 0.2695 0.004193 0.001146 0.01041 -1 0.02367 6.254 6.138 5.376 5.103 4.706 4.317 4.17 4.666 4.149 4.896 4.607 4.256
0.025095 0.25 9.8451 0.8000000119 2.418724441 0.8 -0.558 3.6834 4.585 1 0 0.537 0 0 0 0 0 -1 -1.98e-14 0 0.7076 0.2688 0.004184 0.001143 0.01039 -1 0.0236 6.166 6.032 5.29 5.025 4.636 4.259 4.116 4.6 4.096 4.824 4.542 4.201
0.025095 0.25 9.8451 0.8022054434 2.41949329 0.802 -0.552 3.6843 4.583 1 0 0.537 0 0 0 0 0 -1 -2.01e-14 0 0.7077 0.2687 0.004182 0.001143 0.01039 -1 0.02359 6.15 6.013 5.274 5.011 4.623 4.248 4.106 4.588 4.086 4.811 4.53 4.191
0.025095 0.25 9.8451 0.8334398866 2.42988167 0.833 -0.462 3.6972 4.561 1 0 0.537 0 0 0 0 0 -1 -2.49e-14 0 0.7098 0.2667 0.004156 0.001136 0.01032 -1 0.02345 5.924 5.748 5.056 4.812 4.445 4.097 3.967 4.418 3.948 4.628 4.362 4.048
0.025095 0.25 9.8451 0.8500000238 2.435034684 0.849 -0.414 3.7038 4.549 1 0 0.537 0 0 0 0 0 -1 -2.78e-14 0 0.7109 0.2657 0.004141 0.001132 0.01029 -1 0.02337 5.806 5.612 4.943 4.709 4.352 4.018 3.894 4.33 3.875 4.532 4.274 3.973
0.025095 0.25 9.8451 0.8743632436 2.442209271 0.874 -0.344 3.713 4.528 1 0 0.537 0 0 0 0 0 -1 -3.3e-14 0 0.7129 0.2639 0.004117 0.001125 0.01023 -1 0.02326 5.631 5.415 4.776 4.556 4.214 3.898 3.782 4.197 3.764 4.389 4.142 3.858
0.025095 0.25 9.8451 0.8993955851 2.449117268 0.899 -0.273 3.7222 4.505 1 0 0.536 0 0 0 0 0 -1 -3.94e-14 0 0.7148 0.262 0.004092 0.001119 0.01017 -1 0.02312 5.452 5.218 4.606 4.399 4.071 3.773 3.665 4.059 3.647 4.242 4.006 3.738
0.025095 0.25 9.8451 0.8999999762 2.449278602 0.899 -0.271 3.7224 4.505 1 0 0.536 0 0 0 0 0 -1 -3.96e-14 0 0.7149 0.262 0.004091 0.001118 0.01017 -1 0.02312 5.448 5.213 4.602 4.395 4.068 3.77 3.662 4.056 3.644 4.238 4.003 3.735
0.025095 0.25 9.8451 0.9205143452 2.45461048 0.92 -0.212 3.7293 4.483 1 0 0.536 0 0 0 0 0 -1 -4.59e-14 0 0.7169 0.2601 0.004066 0.001112 0.01011 -1 0.02299 5.3 5.053 4.463 4.266 3.95 3.664 3.563 3.941 3.545 4.116 3.889 3.634
0.025095 0.25 9.8451 0.935082078 2.458233848 0.934 -0.17 3.7341 4.467 1 0 0.536 0 0 0 0 0 -1 -5.11e-14 0 0.7183 0.2588 0.004049 0.001107 0.01007 -1 0.02291 5.195 4.942 4.365 4.174 3.865 3.587 3.491 3.858 3.473 4.029 3.807 3.56
0.025095 0.25 9.8451 0.9494516253 2.461682939 0.949 -0.129 3.7386 4.45 1 0 0.536 0 0 0 0 0 -1 -5.69e-14 0 0.7197 0.2575 0.004031 0.001102 0.01002 -1 0.0228 5.092 4.832 4.268 4.084 3.782 3.511 3.419 3.777 3.402 3.943 3.726 3.487
0.025095 0.25 9.8451 0.9500000477 2.461812201 0.949 -0.127 3.7388 4.45 1 0 0.536 0 0 0 0 0 -1 -5.71e-14 0 0.7197 0.2575 0.004031 0.001102 0.01002 -1 0.0228 5.088 4.828 4.265 4.081 3.778 3.508 3.416 3.773 3.399 3.939 3.723 3.484
0.025095 0.25 9.8451 0.9620394707 2.464607211 0.961 -0.092 3.7422 4.434 1 0 0.536 0 0 0 0 0 -1 -6.27e-14 0 0.7212 0.2562 0.004013 0.001097 0.009976 -1 0.02265 5.001 4.737 4.183 4.004 3.707 3.442 3.353 3.703 3.336 3.865 3.653 3.42
0.025095 0.25 9.8451 0.9745783806 2.467433916 0.974 -0.056 3.7457 4.417 1 0 0.536 0 0 0 0 0 -1 -6.91e-14 0 0.7227 0.2547 0.003994 0.001092 0.009933 -1 0.02258 4.91 4.643 4.099 3.924 3.632 3.373 3.287 3.63 3.27 3.789 3.58 3.352
0.025095 0.25 9.8451 0.9862309694 2.469986848 0.986 -0.022 3.7487 4.401 1 0 0.536 0 0 0 0 0 -1 -7.57e-14 0 0.7241 0.2534 0.003976 0.001087 0.009889 -1 0.02249 4.825 4.556 4.021 3.849 3.562 3.307 3.224 3.56 3.208 3.716 3.511 3.288
0.025095 0.25 9.8451 0.9977436662 2.472441903 0.997 0.011 3.7516 4.384 1 0 0.536 0 0 0 0 0 -1 -8.29e-14 0 0.7255 0.2521 0.003959 0.001083 0.009849 -1 0.0224 4.742 4.471 3.943 3.775 3.492 3.242 3.161 3.491 3.145 3.645 3.443 3.225
0.025095 0.25 9.8451 1 2.472915448 1 0.018 3.7521 4.381 1 0 0.536 0 0 0 0 0 -1 -8.44e-14 0 0.7258 0.2519 0.003955 0.001082 0.009841 -1 0.02238 4.725 4.454 3.928 3.76 3.478 3.229 3.149 3.478 3.133 3.631 3.429 3.212
0.025095 0.25 9.8451 1.009789705 2.474941893 1.009 0.047 3.7543 4.365 1 0 0.536 0 0 0 0 0 -1 -9e-14 0 0.7272 0.2505 0.003937 0.001077 0.009796 -1 0.02228 4.654 4.381 3.861 3.696 3.417 3.171 3.093 3.417 3.077 3.568 3.369 3.155
0.025095 0.25 9.8451 1.020652294 2.477138182 1.02 0.078 3.7565 4.346 1 0 0.536 0 0 0 0 0 -1 -9.66e-14 0 0.7288 0.249 0.003917 0.001071 0.009748 -1 0.02218 4.575 4.301 3.787 3.625 3.349 3.107 3.03 3.35 3.015 3.499 3.302 3.092
0.025095 0.25 9.8451 1.031476736 2.479273924 1.031 0.108 3.7583 4.328 1 0 0.536 0 0 0 0 0 -1 -1.04e-13 0 0.7304 0.2475 0.003898 0.001066 0.009703 -1 0.02207 4.499 4.224 3.715 3.555 3.282 3.042 2.967 3.284 2.952 3.431 3.236 3.029
0.025095 0.25 9.8451 1.041835785 2.481270121 1.041 0.137 3.7598 4.309 1 0 0.536 0 0 0 0 0 -1 -1.11e-13 0 0.7318 0.2462 0.003881 0.001062 0.009662 -1 0.02198 4.427 4.152 3.647 3.488 3.218 2.98 2.906 3.219 2.891 3.365 3.172 2.967
0.025095 0.25 9.8451 1.049999952 2.482811486 1.049 0.161 3.7609 4.294 1 0 0.536 0 0 0 0 0 -1 -1.17e-13 0 0.7328 0.2453 0.00387 0.001059 0.009635 -1 0.02188 4.368 4.092 3.591 3.433 3.164 2.929 2.856 3.166 2.841 3.311 3.119 2.916
0.025095 0.25 9.8451 1.065972924 2.485748747 1.065 0.211 3.7631 4.259 1 0 0.536 0 0 0 0 0 -1 -1.32e-13 0 0.7338 0.2444 0.003859 0.001056 0.009607 -1 0.02182 4.243 3.967 3.472 3.317 3.051 2.818 2.747 3.053 2.732 3.196 3.007 2.807
0.025095 0.25 9.8451 1.070688486 2.486596643 1.069 0.226 3.7638 4.249 1 0 0.535 0 0 0 0 0 -1 -1.37e-13 0 0.7337 0.2445 0.003861 0.001056 0.009613 -1 0.02186 4.206 3.929 3.436 3.281 3.016 2.785 2.714 3.019 2.699 3.161 2.972 2.773
0.025095 0.25 9.8451 1.082546234 2.488691274 1.081 0.265 3.7649 4.219 1 0 0.536 0 0 0 0 0 -1 -1.52e-13 0 0.7333 0.2448 0.003867 0.001058 0.009627 -1 0.02189 4.109 3.832 3.342 3.189 2.925 2.695 2.625 2.928 2.611 3.07 2.882 2.684
0.025095 0.25 9.8451 1.094848275 2.490809333 1.093 0.306 3.7656 4.186 1 0 0.535 0 0 0 0 0 -1 -1.69e-13 0 0.7325 0.2455 0.00388 0.001062 0.009662 -1 0.02198 4.006 3.729 3.241 3.088 2.826 2.597 2.528 2.829 2.513 2.97 2.783 2.586
0.025095 0.25 9.8451 1.100000024 2.491680148 1.099 0.324 3.7657 4.17 1 0 0.535 0 0 0 0 0 -1 -1.77e-13 0 0.732 0.2459 0.003887 0.001064 0.009681 -1 0.02201 3.961 3.684 3.196 3.044 2.781 2.553 2.483 2.785 2.469 2.925 2.738 2.542
0.025095 0.25 9.8451 1.103122592 2.492203414 1.102 0.335 3.7657 4.16 1 0 0.535 0 0 0 0 0 -1 -1.83e-13 0 0.7319 0.2461 0.003889 0.001064 0.009688 -1 0.02202 3.934 3.657 3.169 3.016 2.754 2.525 2.456 2.757 2.442 2.898 2.711 2.515
0.025095 0.25 9.8451 1.11326766 2.493880205 1.112 0.371 3.7652 4.126 1 0 0.535 0 0 0 0 0 -1 -2.02e-13 0 0.7306 0.2473 0.003911 0.001071 0.009741 -1 0.02217 3.843 3.566 3.077 2.924 2.661 2.431 2.362 2.664 2.347 2.805 2.618 2.421
0.025095 0.25 9.8451 1.11636591 2.494385307 1.115 0.382 3.7649 4.115 1 0 0.535 0 0 0 0 0 -1 -2.09e-13 0 0.7303 0.2475 0.003916 0.001072 0.009753 -1 0.02219 3.814 3.538 3.048 2.895 2.631 2.402 2.332 2.635 2.317 2.776 2.588 2.391
0.025095 0.25 9.8451 1.119255185 2.494853444 1.118 0.393 3.7644 4.103 2 0 0.535 0 0 0 0 0 -1 -2.16e-13 0 0.7292 0.2485 0.003932 0.001076 0.009793 -1 0.02228 3.788 3.512 3.02 2.866 2.602 2.372 2.301 2.605 2.287 2.747 2.559 2.36
0.025095 0.25 9.8451 1.12697196 2.496090238 1.125 0.422 3.7628 4.071 2 0 0.535 0 0 0 0 0 -1 -2.35e-13 0 0.726 0.2514 0.003976 0.001089 0.009905 -1 0.02252 3.716 3.441 2.945 2.789 2.522 2.29 2.218 2.525 2.203 2.669 2.478 2.278
0.025095 0.25 9.8451 1.135058999 2.497365645 1.133 0.451 3.7597 4.032 2 0 0.535 0 0 0 0 0 -1 -2.58e-13 0 0.7214 0.2558 0.00404 0.001107 0.01006 -1 0.02287 3.642 3.368 2.864 2.705 2.433 2.196 2.122 2.435 2.107 2.581 2.388 2.182
0.025095 0.25 9.8451 1.14350605 2.498675702 1.142 0.477 3.753 3.982 2 0 0.536 0 0 0 0 0 -1 -2.85e-13 0 0.714 0.2626 0.004134 0.001132 0.01029 -1 0.02339 3.577 3.308 2.785 2.617 2.336 2.088 2.008 2.336 1.992 2.488 2.287 2.071
0.025095 0.25 9.8451 1.149999976 2.499667814 1.148 0.489 3.7441 3.937 2 0 0.536 0 0 0 0 0 -1 -3.05e-13 0 0.7064 0.2697 0.004228 0.001158 0.01052 -1 0.02391 3.547 3.286 2.739 2.56 2.265 2.002 1.914 2.261 1.897 2.423 2.211 1.98
0.025095 0.25 9.8451 1.150892138 2.499803109 1.149 0.49 3.7425 3.93 2 0 0.536 0 0 0 0 0 -1 -3.08e-13 0 0.7052 0.2708 0.004242 0.001161 0.01055 -1 0.02399 3.545 3.285 2.734 2.553 2.255 1.989 1.9 2.251 1.883 2.414 2.2 1.966
0.025095 0.25 9.8451 1.154245853 2.500309543 1.153 0.48 3.7315 3.898 2 0 0.536 0 0 0 0 0 -1 -3.11e-13 0 0.6997 0.2759 0.004308 0.001179 0.01071 -1 0.02436 3.57 3.326 2.744 2.548 2.232 1.947 1.848 2.224 1.831 2.398 2.172 1.919
0.025095 0.25 9.8451 1.156392336 2.500631904 1.155 0.467 3.7215 3.872 2 0 0.537 0 0 0 0 0 -1 -3.09e-13 0 0.6959 0.2796 0.004353 0.001191 0.01081 -1 0.02457 3.603 3.375 2.766 2.555 2.223 1.921 1.812 2.211 1.794 2.395 2.157 1.886
0.025095 0.25 9.8451 1.157749176 2.500834967 1.156 0.46 3.7144 3.851 2 0 0.537 0 0 0 0 0 -1 -3.11e-13 0 0.6936 0.2817 0.004379 0.001198 0.01088 -1 0.02469 3.62 3.407 2.777 2.556 2.212 1.896 1.781 2.196 1.763 2.388 2.141 1.857
0.025095 0.25 9.8451 1.158735156 2.500982185 1.157 0.457 3.7091 3.833 2 0 0.537 0 0 0 0 0 -1 -3.14e-13 0 0.692 0.2832 0.004397 0.001203 0.01092 -1 0.02478 3.627 3.425 2.78 2.551 2.198 1.872 1.752 2.179 1.733 2.377 2.123 1.83
0.025095 0.25 9.8451 1.159698129 2.501125689 1.158 0.462 3.7045 3.81 2 0 0.537 0 0 0 0 0 -1 -3.25e-13 0 0.6905 0.2846 0.004412 0.001207 0.01095 -1 0.02488 3.615 3.425 2.765 2.529 2.169 1.834 1.709 2.147 1.69 2.35 2.09 1.788
0.025095 0.25 9.8451 1.160876274 2.501300887 1.159 0.472 3.6993 3.779 2 0 0.537 0 0 0 0 0 -1 -3.43e-13 0 0.6887 0.2863 0.004428 0.001211 0.01099 -1 0.025 3.589 3.412 2.735 2.491 2.123 1.777 1.647 2.098 1.628 2.307 2.041 1.729
0.025095 0.25 9.8451 1.162401915 2.501527152 1.161 0.501 3.6943 3.731 2 0 0.537 0 0 0 0 0 -1 -3.85e-13 0 0.6864 0.2885 0.004445 0.001215 0.01103 -1 0.02508 3.517 3.354 2.661 2.409 2.033 1.677 1.542 2.004 1.522 2.219 1.947 1.625
0.025095 0.25 9.8451 1.162566781 2.501551562 1.161 0.505 3.6938 3.725 2 0 0.537 0 0 0 0 0 -1 -3.9e-13 0 0.6862 0.2887 0.004447 0.001216 0.01104 -1 0.02508 3.509 3.347 2.653 2.4 2.022 1.666 1.53 1.994 1.511 2.209 1.936 1.613
0.025095 0.25 9.8451 1.16305697 2.501624093 1.161 0.518 3.6927 3.708 3 0 0.537 0 0 0 0 0 -1 -4.11e-13 0 0.6854 0.2895 0.004449 0.001218 0.01105 -1 0.02514 3.475 3.317 2.619 2.365 1.985 1.626 1.49 1.956 1.47 2.172 1.898 1.573
0.025095 0.25 9.8451 1.164533496 2.501842143 1.163 0.562 3.6898 3.653 3 0 0.534 0 0 0 0 0 -1 -4.8e-13 0 0.6827 0.2921 0.004438 0.00123 0.01108 -1 0.02519 3.366 3.216 2.509 2.25 1.865 1.501 1.361 1.834 1.341 2.054 1.776 1.445
0.025095 0.25 9.8451 1.166008711 2.502059364 1.164 0.611 3.6876 3.595 3 0 0.523 0 0 0 0 0 -1 -5.72e-13 0 0.6795 0.2952 0.004361 0.001291 0.01111 -1 0.02526 3.242 3.099 2.385 2.122 1.734 1.364 1.222 1.701 1.202 1.923 1.642 1.307
0.025095 0.25 9.8451 1.167430639 2.502268142 1.166 0.665 3.6859 3.535 3 0 0.5 0 0 0 0 0 -1 -6.91e-13 0 0.676 0.2987 0.004171 0.001495 0.01112 -1 0.0253 3.108 2.971 2.252 1.986 1.594 1.221 1.077 1.56 1.057 1.785 1.502 1.163
0.025095 0.25 9.8451 1.16848743 2.502422929 1.167 0.708 3.6847 3.488 3 0 0.478 0 0 0 0 0 -1 -8.05e-13 0 0.6732 0.3014 0.003996 0.001711 0.01114 -1 0.02539 3.001 2.868 2.145 1.877 1.483 1.107 0.961 1.448 0.941 1.674 1.389 1.048
0.025095 0.25 9.8451 1.169714928 2.502602316 1.168 0.762 3.6832 3.428 3 0 0.46 0 0 0 0 0 -1 -9.73e-13 0 0.6702 0.3043 0.003843 0.001906 0.01115 -1 0.02543 2.865 2.737 2.009 1.738 1.342 0.963 0.816 1.306 0.795 1.533 1.247 0.902
0.025095 0.25 9.8451 1.17058754 2.502729577 1.169 0.804 3.682 3.382 3 0 0.45 0 0 0 0 0 -1 -1.13e-12 0 0.6683 0.3062 0.003763 0.002008 0.01116 -1 0.02548 2.761 2.637 1.905 1.632 1.233 0.852 0.703 1.196 0.683 1.425 1.137 0.79
0.025095 0.25 9.8451 1.171394706 2.502847099 1.17 0.845 3.6807 3.336 3 0 0.442 0 0 0 0 0 -1 -1.3e-12 0 0.6667 0.3078 0.003701 0.002087 0.01116 -1 0.02551 2.658 2.538 1.801 1.526 1.125 0.742 0.592 1.088 0.571 1.319 1.029 0.679
0.025095 0.25 9.8451 1.172345161 2.502985245 1.171 0.898 3.6791 3.277 3 0 0.436 0 0 0 0 0 -1 -1.57e-12 0 0.6651 0.3094 0.00365 0.002152 0.01116 -1 0.02551 2.525 2.41 1.668 1.391 0.986 0.6 0.448 0.948 0.427 1.18 0.888 0.536
0.025095 0.25 9.8451 1.173019052 2.503083038 1.171 0.939 3.6776 3.23 3 0 0.432 0 0 0 0 0 -1 -1.83e-12 0 0.6642 0.3102 0.003622 0.002187 0.01117 -1 0.02553 2.422 2.313 1.566 1.285 0.879 0.489 0.335 0.839 0.314 1.073 0.779 0.424
0.025095 0.25 9.8451 1.173811197 2.503197826 1.172 0.992 3.6757 3.17 3 0 0.429 0 0 0 0 0 -1 -2.2e-12 0 0.6634 0.3111 0.003597 0.00222 0.01117 -1 0.02553 2.29 2.188 1.434 1.151 0.74 0.347 0.191 0.699 0.169 0.936 0.64 0.28
0.025095 0.25 9.8451 1.174519062 2.50330025 1.173 1.044 3.6737 3.11 3 0 0.427 0 0 0 0 0 -1 -2.66e-12 0 0.6628 0.3117 0.00358 0.002242 0.01117 -1 0.02552 2.161 2.066 1.305 1.017 0.603 0.206 0.047 0.561 0.026 0.8 0.501 0.137
0.025095 0.25 9.8451 1.17513907 2.503389845 1.173 1.094 3.6717 3.052 3 0 0.426 0 0 0 0 0 -1 -3.18e-12 0 0.6625 0.312 0.003572 0.002252 0.01117 -1 0.02555 2.035 1.948 1.18 0.889 0.471 0.069 -0.092 0.427 -0.114 0.668 0.367 -0.002
0.025095 0.25 9.8451 1.175722003 2.503473984 1.174 1.146 3.6695 2.991 3 0 0.425 0 0 0 0 0 -1 -3.84e-12 0 0.6623 0.3121 0.003566 0.002259 0.01117 -1 0.02557 1.905 1.825 1.05 0.755 0.333 -0.074 -0.238 0.287 -0.26 0.531 0.227 -0.147
0.025095 0.25 9.8451 1.176210642 2.503544438 1.174 1.194 3.6673 2.935 3 0 0.425 0 0 0 0 0 -1 -4.58e-12 0 0.6623 0.3121 0.003565 0.002261 0.01117 -1 0.02559 1.784 1.714 0.929 0.631 0.205 -0.206 -0.373 0.158 -0.395 0.404 0.097 -0.281
0.025095 0.25 9.8451 1.176574826 2.503596905 1.175 1.233 3.6655 2.889 3 0 0.425 0 0 0 0 0 -1 -5.28e-12 0 0.6623 0.3121 0.003564 0.002262 0.01117 -1 0.0256 1.687 1.624 0.833 0.531 0.102 -0.312 -0.481 0.054 -0.504 0.302 -0.007 -0.389
0.025095 0.25 9.8451 1.176992536 2.503657036 1.175 1.282 3.6632 2.831 3 0 0.425 0 0 0 0 0 -1 -6.3e-12 0 0.6623 0.3121 0.003564 0.002262 0.01117 -1 0.0256 1.566 1.512 0.713 0.407 -0.026 -0.446 -0.618 -0.077 -0.641 0.175 -0.138 -0.524
0.025095 0.25 9.8451 1.177387238 2.50371381 1.175 1.332 3.6607 2.771 3 0 0.425 0 0 0 0 0 -1 -7.57e-12 0 0.6623 0.3121 0.003564 0.002262 0.01117 -1 0.0256 1.441 1.398 0.589 0.278 -0.159 -0.583 -0.759 -0.212 -0.782 0.043 -0.273 -0.665
0.025095 0.25 9.8451 1.177734494 2.503763724 1.176 1.379 3.6582 2.714 3 0 0.425 0 0 0 0 0 -1 -9.01e-12 0 0.6623 0.3121 0.003563 0.002263 0.01117 -1 0.0256 1.322 1.29 0.471 0.156 -0.285 -0.715 -0.893 -0.34 -0.917 -0.082 -0.401 -0.798
0.025095 0.25 9.8451 1.178067923 2.503811618 1.176 1.427 3.6557 2.656 3 0 0.425 0 0 0 0 0 -1 -1.08e-11 0 0.6623 0.3121 0.003563 0.002263 0.01117 -1 0.0256 1.201 1.181 0.352 0.032 -0.414 -0.849 -1.031 -0.471 -1.055 -0.21 -0.532 -0.935
0.025095 0.25 9.8451 1.178388596 2.503857651 1.176 1.474 3.6532 2.6 3 0 0.425 0 0 0 0 0 -1 -1.28e-11 0 0.6623 0.3121 0.003563 0.002264 0.01117 -1 0.0256 1.086 1.077 0.238 -0.086 -0.537 -0.977 -1.162 -0.596 -1.187 -0.332 -0.657 -1.066
0.025095 0.25 9.8451 1.178822041 2.503919826 1.176 1.517 3.6509 2.547 3 0 0.425 0 0 0 0 0 -1 -1.51e-11 0 0.6623 0.3121 0.003562 0.002264 0.01117 -1 0.0256 0.976 0.978 0.13 -0.199 -0.654 -1.099 -1.287 -0.714 -1.312 -0.448 -0.776 -1.189
0.025095 0.25 9.8451 1.179087758 2.503957915 1.176 1.481 3.6533 2.593 3 0 0.425 0 0 0 0 0 -1 -1.33e-11 0 0.6623 0.3121 0.003562 0.002264 0.01117 -1 0.0256 1.067 1.057 0.219 -0.105 -0.556 -0.996 -1.18 -0.614 -1.205 -0.351 -0.676 -1.084
0.025095 0.25 9.8451 1.179255962 2.503982017 1.177 1.446 3.6556 2.637 3 0 0.425 0 0 0 0 0 -1 -1.17e-11 0 0.6623 0.3121 0.003562 0.002264 0.01117 -1 0.0256 1.155 1.135 0.305 -0.014 -0.461 -0.896 -1.078 -0.518 -1.102 -0.257 -0.579 -0.982
0.025095 0.25 9.8451 1.179294229 2.503987498 1.177 1.453 3.6552 2.628 3 0 0.425 0 0 0 0 0 -1 -1.19e-11 0 0.6623 0.3121 0.003562 0.002265 0.01117 -1 0.0256 1.137 1.119 0.288 -0.033 -0.48 -0.916 -1.098 -0.537 -1.123 -0.276 -0.599 -1.003
0.025095 0.25 9.8451 1.179547429 2.504023761 1.177 1.501 3.6524 2.569 3 0 0.425 0 0 0 0 0 -1 -1.41e-11 0 0.6624 0.3121 0.003562 0.002265 0.01117 -1 0.0256 1.016 1.011 0.169 -0.157 -0.609 -1.051 -1.237 -0.668 -1.261 -0.404 -0.73 -1.14
0.025095 0.25 9.8451 1.179803371 2.504060398 1.177 1.549 3.6497 2.51 3 0 0.425 0 0 0 0 0 -1 -1.68e-11 0 0.6624 0.312 0.003561 0.002265 0.01117 -1 0.0256 0.897 0.904 0.051 -0.28 -0.737 -1.184 -1.374 -0.798 -1.399 -0.531 -0.86 -1.276
0.025095 0.25 9.8451 1.180038571 2.504094049 1.177 1.596 3.647 2.453 3 0 0.425 0 0 0 0 0 -1 -2e-11 0 0.6624 0.312 0.003561 0.002265 0.01117 -1 0.0256 0.78 0.801 -0.065 -0.4 -0.862 -1.315 -1.508 -0.926 -1.534 -0.655 -0.988 -1.41
0.025095 0.25 9.8451 1.180260897 2.504125844 1.177 1.644 3.6441 2.393 3 0 0.425 0 0 0 0 0 -1 -2.39e-11 0 0.6624 0.312 0.003561 0.002266 0.01117 -1 0.0256 0.66 0.696 -0.183 -0.524 -0.991 -1.449 -1.646 -1.057 -1.673 -0.783 -1.119 -1.547
0.025095 0.25 9.8451 1.180457115 2.504153895 1.177 1.69 3.6413 2.336 3 0 0.425 0 0 0 0 0 -1 -2.83e-11 0 0.6624 0.312 0.003561 0.002266 0.01117 -1 0.0256 0.546 0.595 -0.297 -0.642 -1.114 -1.578 -1.779 -1.182 -1.806 -0.905 -1.245 -1.678
0.025095 0.25 9.8451 1.18064332 2.504180504 1.177 1.737 3.6384 2.278 3 0 0.425 0 0 0 0 0 -1 -3.38e-11 0 0.6624 0.312 0.003561 0.002266 0.01117 -1 0.0256 0.428 0.494 -0.413 -0.764 -1.241 -1.71 -1.915 -1.311 -1.943 -1.03 -1.374 -1.814
0.025095 0.25 9.8451 1.180808783 2.50420414 1.177 1.782 3.6355 2.221 3 0 0.425 0 0 0 0 0 -1 -4.01e-11 0 0.6624 0.312 0.00356 0.002266 0.01117 -1 0.0256 0.314 0.397 -0.525 -0.881 -1.364 -1.838 -2.047 -1.437 -2.076 -1.152 -1.499 -1.945
0.025095 0.25 9.8451 1.180962563 2.504226101 1.177 1.828 3.6326 2.163 3 0 0.425 0 0 0 0 0 -1 -4.76e-11 0 0.6624 0.312 0.00356 0.002266 0.01117 -1 0.0256 0.2 0.3 -0.637 -0.999 -1.487 -1.966 -2.18 -1.562 -2.21 -1.274 -1.624 -2.077
0.025095 0.25 9.8451 1.18110311 2.504246167 1.177 1.873 3.6296 2.106 3 0 0.425 0 0 0 0 0 -1 -5.64e-11 0 0.6624 0.312 0.00356 0.002266 0.01117 -1 0.0256 0.086 0.204 -0.749 -1.116 -1.609 -2.094 -2.312 -1.687 -2.343 -1.395 -1.749 -2.208
0.025095 0.25 9.8451 1.181229591 2.504264219 1.177 1.918 3.6266 2.049 3 0 0.425 0 0 0 0 0 -1 -6.68e-11 0 0.6624 0.312 0.00356 0.002267 0.01117 -1 0.0256 -0.025 0.114 -0.858 -1.231 -1.729 -2.22 -2.442 -1.809 -2.474 -1.514 -1.872 -2.337
0.025095 0.25 9.8451 1.181347251 2.504281009 1.177 1.963 3.6236 1.992 3 0 0.424 0 0 0 0 0 -1 -7.91e-11 0 0.6624 0.312 0.00356 0.002267 0.01117 -1 0.0256 -0.138 0.022 -0.968 -1.346 -1.85 -2.346 -2.573 -1.932 -2.605 -1.634 -1.995 -2.467
0.025095 0.25 9.8451 1.181453228 2.504296128 1.177 2.007 3.6205 1.936 3 0 0.424 0 0 0 0 0 -1 -9.35e-11 0 0.6624 0.312 0.00356 0.002267 0.01117 -1 0.0256 -0.248 -0.068 -1.073 -1.458 -1.967 -2.465 -2.695 -2.05 -2.731 -1.748 -2.113 -2.588
0.025095 0.25 9.8451 1.181550741 2.504310037 1.177 2.051 3.6174 1.879 3 0 0.424 0 0 0 0 0 -1 -1.1e-10 0 0.6624 0.312 0.00356 0.002267 0.01117 -1 0.0256 -0.358 -0.153 -1.177 -1.57 -2.085 -2.584 -2.818 -2.168 -2.857 -1.863 -2.231 -2.709
0.025095 0.25 9.8451 1.181639075 2.504322634 1.177 2.095 3.6143 1.823 3 0 0.424 0 0 0 0 0 -1 -1.3e-10 0 0.6624 0.312 0.00356 0.002267 0.01117 -1 0.0256 -0.467 -0.237 -1.279 -1.68 -2.2 -2.701 -2.938 -2.283 -2.982 -1.976 -2.347 -2.828
0.025095 0.25 9.8451 1.181720614 2.504334261 1.177 2.138 3.6112 1.767 3 0 0.424 0 0 0 0 0 -1 -1.54e-10 0 0.6624 0.312 0.00356 0.002267 0.01117 -1 0.0256 -0.575 -0.322 -1.381 -1.79 -2.315 -2.819 -3.059 -2.399 -3.107 -2.088 -2.463 -2.948
0.025095 0.25 9.8451 1.181796551 2.504345087 1.176 2.181 3.608 1.711 3 0 0.424 0 0 0 0 0 -1 -1.81e-10 0 0.6624 0.312 0.003559 0.002267 0.01117 -1 0.0256 -0.683 -0.403 -1.483 -1.9 -2.431 -2.937 -3.181 -2.515 -3.232 -2.201 -2.579 -3.068
0.025095 0.25 9.8451 1.181864381 2.504354756 1.176 2.223 3.6048 1.656 3 0 0.424 0 0 0 0 0 -1 -2.13e-10 0 0.6624 0.312 0.003559 0.002267 0.01117 -1 0.0256 -0.789 -0.48 -1.58 -2.006 -2.543 -3.052 -3.299 -2.628 -3.354 -2.311 -2.692 -3.185
0.025095 0.25 9.8451 1.181927443 2.504363744 1.176 2.266 3.6016 1.601 3 0 0.424 0 0 0 0 0 -1 -2.5e-10 0 0.6624 0.312 0.003559 0.002267 0.01117 -1 0.0256 -0.894 -0.558 -1.677 -2.112 -2.656 -3.167 -3.418 -2.741 -3.477 -2.42 -2.806 -3.302
0.025095 0.25 9.8451 1.181985855 2.504372068 1.176 2.308 3.5984 1.546 3 0 0.424 0 0 0 0 0 -1 -2.94e-10 0 0.6624 0.312 0.003559 0.002267 0.01117 -1 0.0256 -0.999 -0.633 -1.774 -2.219 -2.768 -3.282 -3.537 -2.855 -3.6 -2.53 -2.919 -3.419
0.025095 0.25 9.8451 1.182038307 2.504379542 1.175 2.349 3.595 1.492 3 0 0.424 0 0 0 0 0 -1 -3.44e-10 0 0.6624 0.312 0.003559 0.002267 0.01117 -1 0.0256 -1.102 -0.702 -1.868 -2.323 -2.879 -3.396 -3.654 -2.966 -3.721 -2.637 -3.031 -3.535
0.025095 0.25 9.8451 1.182087183 2.504386506 1.175 2.389 3.5918 1.438 3 0 0.424 0 0 0 0 0 -1 -4.02e-10 0 0.6624 0.312 0.003559 0.002268 0.01117 -1 0.0256 -1.204 -0.767 -1.965 -2.429 -2.991 -3.513 -3.776 -3.081 -3.845 -2.748 -3.145 -3.657
0.025095 0.25 9.8451 1.182132959 2.504393028 1.174 2.43 3.5884 1.383 3 0 0.424 0 0 0 0 0 -1 -4.71e-10 0 0.6624 0.312 0.003559 0.002268 0.01117 -1 0.0256 -1.306 -0.828 -2.062 -2.536 -3.104 -3.632 -3.9 -3.196 -3.97 -2.859 -3.261 -3.779
0.025095 0.25 9.8451 1.182173729 2.504398836 1.174 2.47 3.585 1.33 3 0 0.424 0 0 0 0 0 -1 -5.49e-10 0 0.6624 0.312 0.003559 0.002268 0.01117 -1 0.0256 -1.404 -0.88 -2.155 -2.639 -3.213 -3.746 -4.019 -3.308 -4.091 -2.966 -3.373 -3.898
0.025095 0.25 9.8451 1.182211995 2.504404286 1.173 2.509 3.5817 1.277 3 0 0.424 12.22 8.82 6.19 4.75 3.86 4 -6.41e-10 0 0.6624 0.312 0.003559 0.002268 0.01117 -1 0.0256 -1.504 -0.932 -2.248 -2.743 -3.322 -3.861 -4.139 -3.42 -4.213 -3.074 -3.485 -4.017
0.025095 0.25 9.8451 1.182247758 2.50440938 1.173 2.549 3.5782 1.223 3 0 0.424 13.66 9.72 6.79 5.22 4.24 4 -7.48e-10 0 0.6624 0.312 0.003559 0.002268 0.01117 -1 0.0256 -1.603 -0.978 -2.341 -2.847 -3.433 -3.977 -4.259 -3.533 -4.335 -3.183 -3.598 -4.137
0.025095 0.25 9.8451 1.182279706 2.50441393 1.172 2.587 3.5747 1.171 3 0 0.424 15.21 10.68 7.43 5.72 4.64 4 -8.68e-10 0 0.6624 0.312 0.003559 0.002268 0.01117 -1 0.0256 -1.698 -1.012 -2.427 -2.948 -3.54 -4.088 -4.376 -3.643 -4.454 -3.287 -3.708 -4.253
0.025095 0.25 9.8451 1.182309151 2.504418124 1.172 2.625 3.5713 1.119 3 0 0.424 16.92 11.73 8.12 6.26 5.08 4 -1.01e-09 0 0.6624 0.312 0.003559 0.002268 0.01117 -1 0.0256 -1.792 -1.045 -2.513 -3.046 -3.645 -4.199 -4.491 -3.75 -4.571 -3.39 -3.815 -4.367
0.025095 0.25 9.8451 1.182337284 2.50442213 1.171 2.663 3.5677 1.067 3 0 0.424 18.85 12.89 8.88 6.86 5.57 3 -1.17e-09 0 0.6624 0.312 0.003559 0.002268 0.01117 -1 0.0256 -1.887 -1.071 -2.597 -3.146 -3.751 -4.31 -4.608 -3.86 -4.69 -3.494 -3.924 -4.483
0.025095 0.25 9.8451 1.182363391 2.504425848 1.17 2.7 3.5642 1.015 3 0 0.424 20.98 14.16 9.72 7.51 6.11 3 -1.35e-09 0 0.6624 0.312 0.003559 0.002268 0.01117 -1 0.0256 -1.981 -1.089 -2.678 -3.245 -3.857 -4.421 -4.724 -3.968 -4.807 -3.597 -4.033 -4.597
0.025095 0.25 9.8451 1.182392716 2.504430024 1.169 2.746 3.5597 0.951 3 0 0.424 23.91 15.87 10.84 8.39 6.83 3 -1.62e-09 0 0.6624 0.312 0.003559 0.002268 0.01117 -1 0.0256 -2.094 -1.104 -2.775 -3.365 -3.986 -4.555 -4.864 -4.099 -4.951 -3.722 -4.164 -4.737
0.025095 0.25 9.8451 1.182420135 2.504433928 1.168 2.791 3.5551 0.887 3 0 0.424 27.27 17.81 12.1 9.38 7.63 3 -1.94e-09 0 0.6624 0.312 0.003559 0.002268 0.01117 -1 0.0256 -2.207 -1.1 -2.863 -3.484 -4.115 -4.69 -5.005 -4.231 -5.094 -3.846 -4.296 -4.877
0.025095 0.25 9.8451 1.182444811 2.504437441 1.167 2.835 3.5506 0.825 3 0 0.424 31.01 19.94 13.47 10.47 8.52 3 -2.31e-09 0 0.6624 0.312 0.003559 0.002268 0.01117 -1 0.0256 -2.317 -1.094 -2.948 -3.599 -4.241 -4.821 -5.143 -4.359 -5.234 -3.966 -4.425 -5.013
0.025095 0.25 9.8451 1.182467341 2.504440649 1.166 2.877 3.5461 0.764 3 0 0.424 35.18 22.27 14.97 11.65 9.48 3 -2.74e-09 0 0.6624 0.312 0.003559 0.002268 0.01117 -1 0.0256 -2.423 -1.069 -3.02 -3.71 -4.364 -4.949 -5.277 -4.484 -5.371 -4.082 -4.55 -5.146
0.025095 0.25 9.8451 1.182488561 2.50444367 1.164 2.92 3.5414 0.702 3 0 0.424 39.97 24.9 16.66 12.98 10.57 3 -3.26e-09 0 0.6624 0.312 0.003559 0.002268 0.01117 -1 0.0256 -2.531 -1.04 -3.091 -3.821 -4.488 -5.078 -5.413 -4.609 -5.51 -4.199 -4.677 -5.28
0.025095 0.25 9.8451 1.182507873 2.504446419 1.163 2.962 3.5369 0.641 3 0 0.424 45.29 27.77 18.49 14.44 11.76 2 -3.86e-09 0 0.6624 0.312 0.003559 0.002268 0.01117 -1 0.0256 -2.635 -1 -3.147 -3.927 -4.609 -5.203 -5.544 -4.731 -5.645 -4.312 -4.799 -5.411
0.025095 0.25 9.8451 1.182525873 2.504448981 1.161 3.003 3.5323 0.581 3 0 0.424 51.25 30.94 20.5 16.03 13.06 2 -4.57e-09 0 0.6624 0.312 0.003559 0.002268 0.01117 -1 0.0256 -2.737 -0.951 -3.196 -4.03 -4.728 -5.326 -5.674 -4.851 -5.777 -4.421 -4.92 -5.539
0.025095 0.25 9.8451 1.182542443 2.50445134 1.159 3.043 3.5276 0.521 3 0 0.424 57.92 34.44 22.71 17.79 14.49 2 -5.39e-09 0 0.6624 0.312 0.003559 0.002268 0.01117 -1 0.0256 -2.838 -0.887 -3.23 -4.127 -4.846 -5.447 -5.803 -4.968 -5.909 -4.528 -5.039 -5.666
0.025095 0.25 9.8451 1.182557821 2.504453529 1.157 3.082 3.5231 0.463 3 0 0.424 65.31 38.26 25.1 19.69 16.05 2 -6.34e-09 0 0.6624 0.312 0.003559 0.002268 0.01117 -1 0.0256 -2.936 -0.811 -3.249 -4.219 -4.96 -5.565 -5.928 -5.082 -6.037 -4.631 -5.154 -5.789
0.025095 0.25 9.8451 1.182572126 2.504455565 1.155 3.121 3.5184 0.405 3 0 0.424 73.68 42.51 27.76 21.81 17.78 2 -7.46e-09 0 0.6624 0.312 0.003559 0.002268 0.01117 -1 0.0256 -3.034 -0.721 -3.258 -4.308 -5.075 -5.683 -6.052 -5.195 -6.165 -4.733 -5.27 -5.912
0.025095 0.25 9.8451 1.182585716 2.5044575 1.152 3.16 3.5136 0.346 3 0 0.424 83.16 47.25 30.71 24.17 19.71 2 -8.78e-09 0 0.6624 0.312 0.003559 0.002268 0.01117 -1 0.0256 -3.131 -0.606 -3.244 -4.389 -5.189 -5.8 -6.175 -5.306 -6.292 -4.832 -5.384 -6.033
0.025095 0.25 9.8451 1.182598233 2.504459281 1.149 3.198 3.5089 0.288 3 0 0.424 93.65 52.42 33.91 26.73 21.8 2 -1.03e-08 0 0.6624 0.312 0.003559 0.002268 0.01117 -1 0.0256 -3.225 -0.488 -3.225 -4.466 -5.299 -5.914 -6.295 -5.414 -6.417 -4.929 -5.494 -6.151
0.025095 0.25 9.8451 1.182609677 2.50446091 1.146 3.234 3.5042 0.231 3 0 0.424 105.19 58.01 37.36 29.49 24.06 2 -1.2e-08 0 0.6624 0.312 0.003559 0.002268 0.01117 -1 0.0256 -3.316 -0.387 -3.209 -4.539 -5.405 -6.024 -6.408 -5.517 -6.535 -5.023 -5.6 -6.262
0.025095 0.25 9.8451 1.182620525 2.504462454 1.143 3.27 3.4993 0.175 3 0 0.424 118.14 64.2 41.15 32.54 26.55 2 -1.41e-08 0 0.6624 0.312 0.003559 0.002268 0.01117 -1 0.0256 -3.406 -0.28 -3.186 -4.609 -5.51 -6.133 -6.52 -5.619 -6.652 -5.116 -5.705 -6.373
0.025095 0.25 9.8451 1.182630777 2.504463913 1.139 3.306 3.4945 0.119 3 0 0.424 132.56 70.98 45.28 35.87 29.28 1 -1.64e-08 0 0.6624 0.312 0.003559 0.002268 0.01117 -1 0.0256 -3.494 -0.176 -3.154 -4.671 -5.612 -6.24 -6.631 -5.719 -6.769 -5.207 -5.807 -6.482
0.025095 0.25 9.8451 1.182640433 2.504465287 1.135 3.341 3.4898 0.064 3 0 0.424 148.58 78.39 49.79 39.5 32.25 1 -1.91e-08 0 0.6624 0.312 0.003559 0.002268 0.01117 -1 0.0256 -3.582 -0.074 -3.122 -4.732 -5.713 -6.346 -6.741 -5.817 -6.884 -5.297 -5.907 -6.589
0.025095 0.25 9.8451 1.182649493 2.504466577 1.131 3.374 3.485 0.009 3 0 0.424 166.16 86.41 54.63 43.41 35.45 1 -2.22e-08 0 0.6624 0.312 0.003559 0.002268 0.01117 -1 0.0256 -3.666 -0.04 -3.125 -4.795 -5.808 -6.446 -6.84 -5.91 -6.992 -5.387 -6.002 -6.687
0.025095 0.25 9.8451 1.182658434 2.504467849 1.126 3.405 3.4807 -0.04 3 0 0.424 183.94 94.39 59.44 47.3 38.63 1 -2.56e-08 0 0.6624 0.312 0.003559 0.002268 0.01117 -1 0.0256 -3.742 -0.01 -3.129 -4.853 -5.894 -6.538 -6.93 -5.994 -7.09 -5.468 -6.089 -6.775
0.025095 0.25 9.8451 1.182658434 2.504467849 1.126 1.685 3.657 2.384 4 0 0.434 0 0 0 0 0 -1 -1e-30 0 0.6608 0.3137 0.003645 0.002181 0.0112 -1 0.02557 0.557 0.529 -0.293 -0.612 -1.058 -1.485 -1.668 -1.111 -1.692 -0.852 -1.173 -1.572
0.025095 0.25 9.8451 1.182810426 2.504489477 1.126 1.697 3.6561 2.369 4 0 0.434 0 0 0 0 0 -1 -1e-30 0 0.6607 0.3137 0.003645 0.002182 0.0112 -1 0.02557 0.528 0.504 -0.322 -0.642 -1.089 -1.518 -1.702 -1.143 -1.727 -0.883 -1.205 -1.606
0.025095 0.25 9.8451 1.182957888 2.504510454 1.126 1.7 3.6561 2.366 4 0 0.434 0 0 0 0 0 -1 -1e-30 0 0.6607 0.3137 0.003644 0.002182 0.0112 -1 0.02557 0.521 0.497 -0.329 -0.649 -1.096 -1.525 -1.709 -1.15 -1.734 -0.89 -1.212 -1.613
0.025095 0.25 9.8451 1.183105707 2.504531476 1.126 1.698 3.6564 2.369 4 0 0.434 0 0 0 0 0 -1 -1e-30 0 0.6607 0.3137 0.003644 0.002183 0.0112 -1 0.02557 0.525 0.499 -0.325 -0.645 -1.091 -1.519 -1.703 -1.145 -1.728 -0.885 -1.207 -1.608
0.025095 0.25 9.8451 1.183254123 2.504552576 1.127 1.696 3.6569 2.374 4 0 0.434 0 0 0 0 0 -1 -1e-30 0 0.6607 0.3137 0.003644 0.002183 0.0112 -1 0.02557 0.531 0.504 -0.319 -0.638 -1.083 -1.511 -1.694 -1.137 -1.718 -0.877 -1.198 -1.598
0.025095 0.25 9.8451 1.183405519 2.504574094 1.127 1.693 3.6573 2.379 4 0 0.434 0 0 0 0 0 -1 -1e-30 0 0.6607 0.3137 0.003644 0.002184 0.0112 -1 0.02557 0.538 0.509 -0.312 -0.63 -1.075 -1.501 -1.684 -1.128 -1.708 -0.869 -1.189 -1.588
0.025095 0.25 9.8451 1.183557391 2.504595673 1.127 1.69 3.6578 2.383 4 0 0.434 0 0 0 0 0 -1 -1e-30 0 0.6607 0.3137 0.003643 0.002184 0.0112 -1 0.02558 0.545 0.514 -0.305 -0.623 -1.067 -1.492 -1.674 -1.119 -1.698 -0.861 -1.181 -1.579
0.025095 0.25 9.8451 1.183704495 2.504616569 1.127 1.687 3.6582 2.388 4 0 0.434 0 0 0 0 0 -1 -1e-30 0 0.6607 0.3138 0.003643 0.002185 0.0112 -1 0.02558 0.552 0.518 -0.299 -0.616 -1.059 -1.483 -1.665 -1.111 -1.689 -0.853 -1.173 -1.57
0.025095 0.25 9.8451 1.183849692 2.504637188 1.127 1.685 3.6586 2.392 4 0 0.434 0 0 0 0 0 -1 -1e-30 0 0.6607 0.3138 0.003643 0.002185 0.0112 -1 0.02558 0.558 0.522 -0.293 -0.609 -1.051 -1.475 -1.656 -1.103 -1.68 -0.846 -1.165 -1.561
0.025095 0.25 9.8451 1.183989763 2.504657074 1.128 1.683 3.659 2.396 4 0 0.434 0 0 0 0 0 -1 -1e-30 0 0.6606 0.3138 0.003643 0.002186 0.0112 -1 0.02558 0.563 0.526 -0.287 -0.603 -1.045 -1.467 -1.648 -1.096 -1.672 -0.839 -1.158 -1.553
0.025095 0.25 9.8451 1.184140682 2.504678493 1.128 1.681 3.6594 2.399 4 0 0.434 0 0 0 0 0 -1 -1e-30 0 0.6606 0.3138 0.003642 0.002186 0.0112 -1 0.02558 0.568 0.53 -0.282 -0.597 -1.038 -1.46 -1.64 -1.09 -1.664 -0.833 -1.151 -1.545
0.025095 0.25 9.8451 1.184291601 2.504699906 1.128 1.679 3.6597 2.402 4 0 0.434 0 0 0 0 0 -1 -1e-30 0 0.6606 0.3138 0.003642 0.002186 0.0112 -1 0.02558 0.573 0.533 -0.278 -0.592 -1.033 -1.454 -1.633 -1.084 -1.657 -0.828 -1.145 -1.539
0.025095 0.25 9.8451 1.184430122 2.504719555 1.128 1.677 3.6601 2.405 4 0 0.434 0 0 0 0 0 -1 -1e-30 0 0.6606 0.3138 0.003642 0.002187 0.0112 -1 0.02558 0.577 0.535 -0.274 -0.588 -1.028 -1.448 -1.628 -1.079 -1.652 -0.823 -1.14 -1.533
0.025095 0.25 9.8451 1.184580207 2.504740838 1.128 1.676 3.6603 2.408 4 0 0.434 0 0 0 0 0 -1 -1e-30 0 0.6606 0.3138 0.003642 0.002187 0.0112 -1 0.02558 0.58 0.537 -0.271 -0.585 -1.024 -1.444 -1.623 -1.074 -1.646 -0.819 -1.136 -1.528
0.025095 0.25 9.8451 1.184633017 2.504748325 1.128 1.676 3.6604 2.408 4 0 0.434 0 0 0 0 0 -1 -1e-30 0 0.6606 0.3138 0.003642 0.002188 0.0112 -1 0.02558 0.581 0.538 -0.27 -0.583 -1.023 -1.442 -1.621 -1.073 -1.645 -0.818 -1.134 -1.527
0.025095 0.25 9.8451 1.184720278 2.504760695 1.128 1.675 3.6606 2.41 4 0 0.434 0 0 0 0 0 -1 -1e-30 0 0.6606 0.3138 0.003641 0.002188 0.0112 -1 0.02558 0.582 0.538 -0.269 -0.582 -1.021 -1.44 -1.619 -1.071 -1.642 -0.816 -1.132 -1.524
0.025095 0.25 9.8451 1.184869051 2.50478178 1.129 1.674 3.6608 2.412 4 0 0.433 0 0 0 0 0 -1 -1e-30 0 0.6606 0.3138 0.003641 0.002188 0.0112 -1 0.02558 0.584 0.54 -0.267 -0.579 -1.018 -1.437 -1.615 -1.068 -1.639 -0.813 -1.129 -1.521
0.025095 0.25 9.8451 1.185013533 2.504802251 1.129 1.674 3.661 2.413 4 0 0.433 0 0 0 0 0 -1 -1e-30 0 0.6606 0.3139 0.003641 0.002189 0.0112 -1 0.02558 0.586 0.54 -0.265 -0.578 -1.016 -1.434 -1.612 -1.066 -1.636 -0.811 -1.127 -1.518
0.025095 0.25 9.8451 1.185165882 2.504823831 1.129 1.673 3.6612 2.414 4 0 0.433 0 0 0 0 0 -1 -1e-30 0 0.6606 0.3139 0.003641 0.002189 0.0112 -1 0.02558 0.587 0.541 -0.264 -0.576 -1.014 -1.432 -1.61 -1.064 -1.634 -0.81 -1.125 -1.516
0.025095 0.25 9.8451 1.185311437 2.504844442 1.129 1.673 3.6613 2.415 4 0 0.433 0 0 0 0 0 -1 -1e-30 0 0.6605 0.3139 0.00364 0.00219 0.0112 -1 0.02558 0.587 0.54 -0.265 -0.576 -1.014 -1.432 -1.609 -1.064 -1.633 -0.809 -1.125 -1.515
0.025095 0.25 9.8451 1.185456991 2.504865047 1.129 1.674 3.6614 2.415 4 0 0.433 0 0 0 0 0 -1 -1e-30 0 0.6605 0.3139 0.00364 0.00219 0.0112 -1 0.02558 0.586 0.539 -0.266 -0.577 -1.015 -1.432 -1.61 -1.064 -1.633 -0.81 -1.125 -1.516
0.025095 0.25 9.8451 1.185608149 2.50488644 1.129 1.675 3.6615 2.414 4 0 0.433 0 0 0 0 0 -1 -1e-30 0 0.6605 0.3139 0.00364 0.002191 0.0112 -1 0.02558 0.584 0.536 -0.268 -0.579 -1.017 -1.434 -1.611 -1.066 -1.635 -0.812 -1.127 -1.518
0.025095 0.25 9.8451 1.185674548 2.504895835 1.13 1.675 3.6615 2.414 4 0 0.433 0 0 0 0 0 -1 -1e-30 0 0.6605 0.3139 0.00364 0.002191 0.0112 -1 0.02558 0.582 0.535 -0.269 -0.58 -1.018 -1.435 -1.613 -1.067 -1.636 -0.813 -1.129 -1.519
0.025095 0.25 9.8451 1.185760975 2.504908062 1.13 1.676 3.6614 2.413 4 0 0.433 0 0 0 0 0 -1 -1e-30 0 0.6605 0.3139 0.00364 0.002191 0.0112 -1 0.02558 0.58 0.533 -0.271 -0.583 -1.02 -1.438 -1.615 -1.07 -1.639 -0.816 -1.131 -1.521
0.025095 0.25 9.8451 1.185909033 2.504929003 1.13 1.678 3.6614 2.411 4 0 0.433 0 0 0 0 0 -1 -1e-30 0 0.6605 0.3139 0.003639 0.002191 0.0112 -1 0.02558 0.575 0.528 -0.276 -0.588 -1.025 -1.443 -1.62 -1.075 -1.644 -0.821 -1.136 -1.526
0.025095 0.25 9.8451 1.186052322 2.504949264 1.13 1.68 3.6612 2.408 4 0 0.433 0 0 0 0 0 -1 -1e-30 0 0.6605 0.3139 0.003639 0.002192 0.0112 -1 0.02559 0.569 0.523 -0.282 -0.594 -1.032 -1.45 -1.627 -1.081 -1.651 -0.827 -1.143 -1.533
0.025095 0.25 9.8451 1.186194181 2.504969318 1.13 1.683 3.661 2.404 4 0 0.433 0 0 0 0 0 -1 -1e-30 0 0.6605 0.3139 0.003639 0.002192 0.0112 -1 0.02559 0.562 0.516 -0.29 -0.602 -1.04 -1.458 -1.636 -1.09 -1.66 -0.836 -1.151 -1.542
0.025095 0.25 9.8451 1.186336041 2.504989366 1.13 1.687 3.6608 2.399 4 0 0.433 0 0 0 0 0 -1 -1e-30 0 0.6605 0.314 0.003639 0.002193 0.0112 -1 0.02559 0.552 0.507 -0.299 -0.612 -1.051 -1.469 -1.648 -1.101 -1.672 -0.846 -1.162 -1.554
0.025095 0.25 9.8451 1.186477542 2.505009358 1.13 1.692 3.6604 2.393 4 0 0.433 0 0 0 0 0 -1 -1e-30 0 0.6604 0.314 0.003638 0.002193 0.0112 -1 0.02559 0.54 0.497 -0.311 -0.624 -1.064 -1.483 -1.662 -1.114 -1.686 -0.859 -1.175 -1.568
0.025095 0.25 9.8451 1.186619878 2.505029462 1.131 1.698 3.6599 2.386 4 0 0.433 0 0 0 0 0 -1 -1e-30 0 0.6604 0.314 0.003638 0.002194 0.0112 -1 0.02559 0.526 0.485 -0.325 -0.639 -1.079 -1.499 -1.679 -1.13 -1.703 -0.874 -1.191 -1.585
0.025095 0.25 9.8451 1.18676281 2.505049645 1.131 1.704 3.6594 2.377 4 0 0.433 0 0 0 0 0 -1 -1e-30 0 0.6604 0.314 0.003638 0.002194 0.0112 -1 0.02559 0.51 0.471 -0.341 -0.656 -1.097 -1.519 -1.699 -1.148 -1.723 -0.892 -1.21 -1.604
0.025095 0.25 9.8451 1.186902523 2.505069368 1.131 1.713 3.6587 2.366 4 0 0.433 0 0 0 0 0 -1 -1e-30 0 0.6604 0.314 0.003638 0.002195 0.0112 -1 0.02559 0.489 0.453 -0.362 -0.678 -1.121 -1.543 -1.725 -1.172 -1.749 -0.915 -1.234 -1.63
0.025095 0.25 9.8451 1.187045097 2.505089489 1.131 1.725 3.6576 2.349 4 0 0.433 0 0 0 0 0 -1 -1e-30 0 0.6604 0.314 0.003638 0.002195 0.0112 -1 0.02559 0.457 0.426 -0.393 -0.711 -1.155 -1.58 -1.763 -1.208 -1.787 -0.949 -1.269 -1.668
0.025095 0.25 9.8451 1.187185764 2.505109336 1.131 1.743 3.6561 2.325 4 0 0.433 0 0 0 0 0 -1 -1e-30 0 0.6604 0.314 0.003637 0.002195 0.0112 -1 0.02559 0.412 0.388 -0.438 -0.759 -1.206 -1.634 -1.818 -1.26 -1.843 -0.999 -1.321 -1.723
0.025095 0.25 9.8451 1.187326312 2.50512916 1.131 1.782 3.6526 2.272 4 0 0.433 0 0 0 0 0 -1 -1e-30 0 0.6604 0.314 0.003637 0.002196 0.01121 -1 0.02559 0.315 0.306 -0.534 -0.861 -1.315 -1.749 -1.938 -1.371 -1.964 -1.106 -1.433 -1.842
0.025095 0.25 9.8451 1.187383532 2.505137229 1.132 1.818 3.6495 2.223 4 0 0.433 0 0 0 0 0 -1 -1e-30 0 0.6604 0.314 0.003637 0.002196 0.01121 -1 0.02559 0.224 0.23 -0.623 -0.956 -1.415 -1.856 -2.049 -1.474 -2.075 -1.206 -1.536 -1.951
0.025095 0.25 9.8451 1.18741715 2.50514197 1.132 1.856 3.6462 2.172 4 0 0.433 0 0 0 0 0 -1 -1e-30 0 0.6604 0.314 0.003637 0.002196 0.01121 -1 0.02559 0.129 0.151 -0.717 -1.056 -1.521 -1.968 -2.166 -1.582 -2.192 -1.31 -1.644 -2.067
0.025095 0.25 9.8451 1.1874367 2.505144727 1.132 1.895 3.6428 2.12 4 0 0.433 0 0 0 0 0 -1 -1e-30 0 0.6604 0.314 0.003637 0.002196 0.01121 -1 0.02559 0.032 0.071 -0.812 -1.157 -1.627 -2.081 -2.284 -1.691 -2.311 -1.416 -1.754 -2.184
0.025095 0.25 9.8451 1.187447429 2.505146239 1.132 1.932 3.6397 2.071 4 0 0.433 0 0 0 0 0 -1 -1e-30 0 0.6604 0.314 0.003637 0.002196 0.01121 -1 0.02559 -0.059 -0.005 -0.901 -1.251 -1.728 -2.188 -2.395 -1.794 -2.423 -1.515 -1.857 -2.294
0.025095 0.25 9.8451 1.187454343 2.505147214 1.132 1.97 3.6364 2.019 4 0 0.433 0 0 0 0 0 -1 -1e-30 0 0.6604 0.314 0.003637 0.002196 0.01121 -1 0.02559 -0.155 -0.082 -0.995 -1.351 -1.834 -2.3 -2.512 -1.903 -2.541 -1.62 -1.966 -2.41
0.025095 0.25 9.8451 1.187458634 2.505147819 1.132 2.008 3.6332 1.969 4 0 0.433 0 0 0 0 0 -1 -1e-30 0 0.6604 0.314 0.003637 0.002196 0.01121 -1 0.02559 -0.25 -0.158 -1.086 -1.449 -1.937 -2.407 -2.622 -2.007 -2.654 -1.721 -2.07 -2.519
0.025095 0.25 9.8451 1.187461495 2.505148223 1.132 2.045 3.6301 1.919 4 0 0.433 0 0 0 0 0 -1 -1e-30 0 0.6604 0.314 0.003637 0.002196 0.01121 -1 0.02559 -0.342 -0.233 -1.174 -1.543 -2.037 -2.509 -2.728 -2.108 -2.763 -1.818 -2.171 -2.624
0.025095 0.25 9.8451 1.187463045 2.505148441 1.132 2.068 3.6281 1.888 4 0 0.433 0 0 0 0 0 -1 -1e-30 0 0.6604 0.314 0.003637 0.002196 0.01121 -1 0.02559 -0.4 -0.278 -1.229 -1.602 -2.099 -2.573 -2.794 -2.171 -2.831 -1.879 -2.234 -2.689
0.025095 0.25 9.8451 1.187463164 2.505148458 1.132 2.069 3.6281 1.887 7 0 0.433 0 0 0 0 0 -1 -1e-30 0 0.6604 0.314 0.003637 0.002196 0.01121 -1 0.02559 -0.402 -0.279 -1.23 -1.604 -2.101 -2.575 -2.796 -2.172 -2.833 -1.881 -2.236 -2.691
0.025095 0.25 9.8451 1.187463522 2.505148509 1.132 2.075 3.6275 1.878 7 0 0.433 0 0 0 0 0 -1 -1e-30 0 0.6604 0.314 0.003637 0.002196 0.01121 -1 0.02559 -0.418 -0.292 -1.246 -1.621 -2.119 -2.594 -2.815 -2.19 -2.852 -1.898 -2.254 -2.709
0.025095 0.25 9.8451 1.187465787 2.505148828 1.132 2.115 3.6242 1.826 7 0 0.433 0 0 0 0 0 -1 -1e-30 0 0.6604 0.314 0.003637 0.002196 0.01121 -1 0.02559 -0.517 -0.368 -1.339 -1.721 -2.224 -2.702 -2.927 -2.297 -2.968 -2.001 -2.361 -2.82
0.025095 0.25 9.8451 1.187468171 2.505149164 1.132 2.155 3.6207 1.771 7 0 0.433 0 0 0 0 0 -1 -1e-30 0 0.6604 0.314 0.003637 0.002196 0.01121 -1 0.02559 -0.619 -0.448 -1.435 -1.825 -2.334 -2.815 -3.044 -2.408 -3.089 -2.109 -2.472 -2.935
0.025095 0.25 9.8451 1.187474251 2.505150021 1.132 2.205 3.6166 1.705 7 0 0.433 0 0 0 0 0 -1 -1e-30 0 0.6604 0.314 0.003637 0.002196 0.01121 -1 0.02559 -0.741 -0.539 -1.55 -1.95 -2.467 -2.951 -3.185 -2.541 -3.234 -2.238 -2.605 -3.074
0.025095 0.25 9.8451 1.18748641 2.505151736 1.132 2.15 3.6213 1.779 7 0 0.433 0 0 0 0 0 -1 -1e-30 0 0.6604 0.314 0.003637 0.002196 0.01121 -1 0.02559 -0.605 -0.438 -1.422 -1.811 -2.32 -2.8 -3.028 -2.393 -3.072 -2.095 -2.457 -2.92
0.025095 0.25 9.8451 1.187530398 2.505157937 1.132 2.093 3.6261 1.855 7 0 0.433 0 0 0 0 0 -1 -1e-30 0 0.6604 0.314 0.003637 0.002196 0.01121 -1 0.02559 -0.462 -0.327 -1.288 -1.666 -2.166 -2.642 -2.865 -2.238 -2.904 -1.944 -2.301 -2.759
0.025095 0.25 9.8451 1.187648892 2.50517464 1.132 2.11 3.6246 1.832 7 0 0.433 0 0 0 0 0 -1 -1e-30 0 0.6604 0.3141 0.003637 0.002197 0.01121 -1 0.02559 -0.505 -0.359 -1.328 -1.709 -2.212 -2.689 -2.914 -2.284 -2.954 -1.989 -2.348 -2.807
0.025095 0.25 9.8451 1.187724114 2.505185241 1.132 2.151 3.6211 1.777 7 0 0.433 0 0 0 0 0 -1 -1e-30 0 0.6603 0.3141 0.003636 0.002197 0.01121 -1 0.02559 -0.607 -0.439 -1.424 -1.813 -2.322 -2.803 -3.031 -2.395 -3.075 -2.097 -2.459 -2.923
0.025095 0.25 9.8451 1.187780738 2.505193221 1.132 2.191 3.6177 1.724 7 0 0.433 0 0 0 0 0 -1 -1e-30 0 0.6603 0.3141 0.003636 0.002197 0.01121 -1 0.02559 -0.708 -0.514 -1.518 -1.915 -2.43 -2.914 -3.146 -2.504 -3.194 -2.202 -2.568 -3.036
0.025095 0.25 9.8451 1.187827826 2.505199855 1.132 2.232 3.6142 1.669 7 0 0.433 0 0 0 0 0 -1 -1e-30 0 0.6603 0.3141 0.003636 0.002197 0.01121 -1 0.02559 -0.809 -0.588 -1.612 -2.018 -2.54 -3.026 -3.262 -2.614 -3.314 -2.309 -2.679 -3.151
0.025095 0.25 9.8451 1.187867403 2.505205431 1.132 2.272 3.6107 1.614 7 0 0.433 0 0 0 0 0 -1 -1e-30 0 0.6603 0.3141 0.003636 0.002197 0.01121 -1 0.02559 -0.911 -0.664 -1.707 -2.122 -2.649 -3.14 -3.379 -2.725 -3.435 -2.416 -2.79 -3.266
0.025095 0.25 9.8451 1.18790102 2.505210167 1.132 2.313 3.6071 1.559 7 0 0.433 0 0 0 0 0 -1 -1e-30 0 0.6603 0.3141 0.003636 0.002198 0.01121 -1 0.02559 -1.013 -0.735 -1.801 -2.225 -2.76 -3.254 -3.497 -2.836 -3.557 -2.523 -2.901 -3.382
0.025095 0.25 9.8451 1.187930346 2.505214298 1.132 2.354 3.6035 1.504 7 0 0.433 0 0 0 0 0 -1 -1e-30 0 0.6603 0.3141 0.003636 0.002198 0.01121 -1 0.02559 -1.115 -0.807 -1.894 -2.329 -2.87 -3.368 -3.615 -2.948 -3.679 -2.63 -3.013 -3.499
0.025095 0.25 9.8451 1.187956095 2.505217926 1.132 2.395 3.5999 1.449 7 0 0.433 0 0 0 0 0 -1 -1e-30 0 0.6603 0.3141 0.003636 0.002198 0.01121 -1 0.02559 -1.217 -0.876 -1.991 -2.434 -2.982 -3.486 -3.739 -3.063 -3.805 -2.741 -3.128 -3.621
0.025095 0.25 9.8451 1.187979102 2.505221166 1.132 2.435 3.5963 1.394 7 0 0.433 0 0 0 0 0 -1 -1e-30 0 0.6603 0.3141 0.003636 0.002198 0.01121 -1 0.02559 -1.318 -0.936 -2.087 -2.54 -3.094 -3.604 -3.862 -3.178 -3.93 -2.851 -3.243 -3.744
0.025095 0.25 9.8451 1.188000202 2.505224138 1.132 2.476 3.5926 1.339 7 0 0.433 0 0 0 0 0 -1 -1e-30 0 0.6603 0.3141 0.003636 0.002198 0.01121 -1 0.02559 -1.419 -0.996 -2.182 -2.645 -3.206 -3.723 -3.986 -3.293 -4.056 -2.962 -3.358 -3.867
0.025095 0.25 9.8451 1.188019753 2.505226892 1.132 2.516 3.5889 1.283 7 0 0.433 11.9 8.64 6.06 4.65 3.78 4 -1e-30 0 0.6603 0.3141 0.003636 0.002198 0.01121 -1 0.02559 -1.52 -1.052 -2.277 -2.751 -3.318 -3.841 -4.11 -3.408 -4.182 -3.072 -3.473 -3.99
0.025095 0.25 9.8451 1.188038111 2.505229477 1.132 2.556 3.5851 1.228 7 0 0.433 13.36 9.55 6.67 5.13 4.16 4 -1e-30 0 0.6603 0.3141 0.003635 0.002198 0.01121 -1 0.02559 -1.621 -1.101 -2.372 -2.857 -3.431 -3.96 -4.234 -3.524 -4.308 -3.183 -3.589 -4.113
0.025095 0.25 9.8451 1.188055634 2.505231945 1.132 2.597 3.5811 1.171 7 0 0.432 15.01 10.58 7.35 5.66 4.6 4 -1e-30 0 0.6603 0.3141 0.003634 0.002199 0.01121 -1 0.02559 -1.723 -1.149 -2.467 -2.964 -3.545 -4.081 -4.361 -3.641 -4.436 -3.295 -3.706 -4.238
0.025095 0.25 9.8451 1.188071966 2.505234246 1.132 2.638 3.577 1.114 7 0 0.432 16.91 11.74 8.12 6.26 5.09 3 -1e-30 0 0.6603 0.3141 0.003631 0.002201 0.01121 -1 0.02559 -1.826 -1.185 -2.561 -3.073 -3.661 -4.203 -4.489 -3.761 -4.567 -3.409 -3.826 -4.366
0.025095 0.25 9.8451 1.188087106 2.505236378 1.132 2.679 3.573 1.057 7 0 0.431 19.03 13.01 8.96 6.92 5.63 3 -1e-30 0 0.6603 0.3141 0.003627 0.002205 0.01121 -1 0.02559 -1.928 -1.216 -2.653 -3.18 -3.776 -4.324 -4.616 -3.879 -4.696 -3.521 -3.944 -4.492
0.025095 0.25 9.8451 1.188101888 2.505238459 1.132 2.72 3.5688 0.999 7 0 0.431 21.44 14.44 9.89 7.66 6.22 3 -1e-30 0 0.6603 0.3141 0.003621 0.002211 0.01121 -1 0.02559 -2.03 -1.241 -2.744 -3.288 -3.891 -4.446 -4.744 -3.997 -4.826 -3.634 -4.062 -4.618
0.025095 0.25 9.8451 1.188115954 2.50524044 1.132 2.764 3.5642 0.937 7 0 0.43 24.37 16.15 11.01 8.53 6.94 3 -1e-30 0 0.6603 0.3141 0.003615 0.002218 0.01121 -1 0.02559 -2.139 -1.251 -2.837 -3.404 -4.016 -4.577 -4.881 -4.126 -4.966 -3.755 -4.19 -4.755
0.025095 0.25 9.8451 1.188126922 2.505241984 1.132 2.812 3.559 0.869 7 0 0.429 28.09 18.28 12.4 9.63 7.83 3 -1e-30 0 0.6603 0.3141 0.003607 0.002228 0.01121 -1 0.02559 -2.259 -1.254 -2.937 -3.532 -4.155 -4.722 -5.033 -4.267 -5.121 -3.888 -4.332 -4.905
0.025095 0.25 9.8451 1.188133955 2.505242975 1.132 2.855 3.5542 0.805 7 0 0.428 32.01 20.49 13.82 10.75 8.75 3 -1e-30 0 0.6603 0.3141 0.003601 0.002235 0.01121 -1 0.02559 -2.368 -1.239 -3.02 -3.647 -4.281 -4.854 -5.172 -4.396 -5.262 -4.009 -4.461 -5.043
0.025095 0.25 9.8451 1.1881392 2.505243713 1.132 2.896 3.5496 0.746 7 0 0.428 36.16 22.8 15.3 11.92 9.71 3 -1e-30 0 0.6603 0.3141 0.003596 0.002241 0.01121 -1 0.02559 -2.47 -1.222 -3.096 -3.754 -4.398 -4.977 -5.302 -4.516 -5.395 -4.121 -4.582 -5.171
0.025095 0.25 9.8451 1.188143849 2.505244368 1.132 2.937 3.5448 0.687 7 0 0.427 40.9 25.39 16.96 13.24 10.78 2 -1e-30 0 0.6603 0.3141 0.003591 0.002247 0.01121 -1 0.02555 -2.571 -1.184 -3.16 -3.86 -4.517 -5.101 -5.432 -4.636 -5.528 -4.233 -4.703 -5.301
0.025095 0.25 9.8451 1.18814826 2.505244989 1.132 2.978 3.54 0.626 7 0 0.427 46.37 28.33 18.84 14.72 11.99 2 -1e-30 0 0.6603 0.3141 0.003588 0.002251 0.01121 -1 0.02555 -2.674 -1.142 -3.224 -3.966 -4.638 -5.227 -5.565 -4.759 -5.664 -4.346 -4.826 -5.432
0.025095 0.25 9.8451 1.188152313 2.50524556 1.132 3.019 3.535 0.565 7 0 0.426 52.58 31.62 20.92 16.38 13.34 2 -1e-30 0 0.6603 0.3141 0.003586 0.002254 0.01121 -1 0.02555 -2.776 -1.082 -3.268 -4.069 -4.758 -5.351 -5.696 -4.879 -5.799 -4.456 -4.948 -5.562
0.025095 0.25 9.8451 1.188156366 2.50524613 1.132 3.059 3.53 0.505 7 0 0.426 59.58 35.27 23.22 18.21 14.84 2 -1e-30 0 0.6603 0.3141 0.003584 0.002255 0.01121 -1 0.02555 -2.877 -1.016 -3.311 -4.17 -4.877 -5.475 -5.828 -4.999 -5.933 -4.565 -5.069 -5.692
0.025095 0.25 9.8451 1.188160181 2.505246668 1.132 3.096 3.5253 0.449 7 0 0.426 66.85 39.01 25.56 20.07 16.36 2 -1e-30 0 0.6603 0.3141 0.003584 0.002256 0.01121 -1 0.02555 -2.97 -0.93 -3.323 -4.256 -4.987 -5.588 -5.948 -5.108 -6.056 -4.662 -5.18 -5.81
0.025095 0.25 9.8451 1.188164592 2.505247289 1.132 3.136 3.5201 0.388 7 0 0.426 75.85 43.56 28.4 22.34 18.21 2 -1e-30 0 0.6603 0.3141 0.003584 0.002256 0.01121 -1 0.02555 -3.07 -0.833 -3.335 -4.351 -5.107 -5.712 -6.079 -5.227 -6.191 -4.768 -5.3 -5.94
0.025095 0.25 9.8451 1.188169241 2.505247943 1.132 3.175 3.515 0.329 7 0 0.426 85.7 48.46 31.45 24.78 20.2 2 -1e-30 0 0.6603 0.3141 0.003584 0.002256 0.01121 -1 0.02555 -3.167 -0.7 -3.312 -4.43 -5.221 -5.83 -6.204 -5.338 -6.32 -4.868 -5.415 -6.062
0.025095 0.25 9.8451 1.188174129 2.505248631 1.132 3.211 3.5101 0.274 7 0 0.426 96.15 53.58 34.62 27.31 22.28 2 -1e-30 0 0.6603 0.3141 0.003584 0.002256 0.01121 -1 0.02555 -3.257 -0.567 -3.285 -4.503 -5.328 -5.941 -6.322 -5.443 -6.442 -4.96 -5.522 -6.178
0.025095 0.25 9.8451 1.18817842 2.505249236 1.132 3.243 3.5057 0.224 7 0 0.426 106.62 58.65 37.73 29.81 24.32 2 -1e-30 0 0.6603 0.3141 0.003584 0.002256 0.01121 -1 0.02555 -3.338 -0.469 -3.266 -4.567 -5.422 -6.039 -6.423 -5.535 -6.548 -5.044 -5.617 -6.278
0.025095 0.25 9.8451 1.188179612 2.505249404 1.132 3.248 3.5051 0.216 7 0 0.426 108.27 59.44 38.22 30.2 24.64 2 -1e-30 0 0.6603 0.3141 0.003584 0.002256 0.01121 -1 0.02555 -3.35 -0.455 -3.263 -4.577 -5.437 -6.054 -6.438 -5.549 -6.564 -5.057 -5.631 -6.292
0.025095 0.25 9.8451 1.188179731 2.50524942 1.132 3.243 3.5057 0.224 7 0 0.426 106.55 58.62 37.72 29.8 24.31 2 -1e-30 0 0.6603 0.3141 0.003584 0.002256 0.01121 -1 0.02555 -3.337 -0.469 -3.266 -4.567 -5.422 -6.039 -6.422 -5.535 -6.548 -5.044 -5.616 -6.277
0.025095 0.25 9.8451 1.18817997 2.505249454 1.132 3.238 3.5063 0.231 7 0 0.426 105.05 57.89 37.27 29.44 24.02 2 -1e-30 0 0.6603 0.3141 0.003584 0.002256 0.01121 -1 0.02555 -3.326 -0.482 -3.268 -4.558 -5.409 -6.025 -6.408 -5.522 -6.533 -5.032 -5.603 -6.263
0.025095 0.25 9.8451 1.188180208 2.505249487 1.132 3.246 3.5054 0.22 7 0 0.426 107.53 59.09 38 30.03 24.5 2 -1e-30 0 0.6603 0.3141 0.003584 0.002256 0.01121 -1 0.02555 -3.345 -0.461 -3.264 -4.573 -5.43 -6.047 -6.431 -5.543 -6.557 -5.051 -5.625 -6.286
0.025095 0.25 9.8451 1.188180327 2.505249504 1.132 3.252 3.5045 0.209 7 0 0.426 109.84 60.19 38.68 30.57 24.94 2 -1e-30 0 0.6603 0.3141 0.003584 0.002256 0.01121 -1 0.02555 -3.361 -0.441 -3.26 -4.586 -5.45 -6.067 -6.452 -5.562 -6.579 -5.068 -5.644 -6.306
0.025095 0.25 9.8451 1.188180566 2.505249538 1.132 3.26 3.5034 0.198 7 0 0.426 112.45 61.44 39.45 31.19 25.45 2 -1e-30 0 0.6603 0.3141 0.003584 0.002256 0.01121 -1 0.02555 -3.379 -0.418 -3.255 -4.6 -5.471 -6.09 -6.475 -5.583 -6.603 -5.087 -5.666 -6.329
0.025095 0.25 9.8451 1.188180804 2.505249571 1.132 3.268 3.5023 0.186 7 0 0.426 115.32 62.81 40.29 31.86 26 2 -1e-30 0 0.6603 0.3141 0.003584 0.002256 0.01121 -1 0.02555 -3.399 -0.392 -3.249 -4.615 -5.494 -6.114 -6.5 -5.605 -6.629 -5.107 -5.689 -6.353
0.025095 0.25 9.8451 1.188181162 2.505249622 1.132 3.277 3.5009 0.17 7 0 0.426 119.1 64.6 41.39 32.74 26.72 2 -1e-30 0 0.6603 0.3141 0.003584 0.002256 0.01121 -1 0.02555 -3.424 -0.356 -3.239 -4.634 -5.523 -6.144 -6.531 -5.633 -6.662 -5.133 -5.718 -6.384
0.025095 0.25 9.8451 1.188181639 2.505249689 1.132 3.288 3.4993 0.153 7 0 0.426 123.41 66.64 42.63 33.74 27.54 1 -1e-30 0 0.6603 0.3141 0.003584 0.002256 0.01121 -1 0.02555 -3.451 -0.317 -3.227 -4.653 -5.555 -6.177 -6.566 -5.664 -6.698 -5.161 -5.75 -6.418
0.025095 0.25 9.8451 1.188182235 2.505249773 1.132 3.304 3.4969 0.127 7 0 0.426 130.15 69.81 44.57 35.3 28.81 1 -1e-30 0 0.6603 0.3141 0.003584 0.002256 0.01121 -1 0.02555 -3.491 -0.262 -3.208 -4.681 -5.602 -6.227 -6.617 -5.71 -6.752 -5.202 -5.797 -6.469
0.025095 0.25 9.8451 1.188183188 2.505249907 1.095 3.357 3.4817 -0.001 8 0.523 0.447 168.84 87.32 55.15 43.88 35.82 1 -1.03e-07 0 0.6603 0.3141 0.003768 0.002259 0.01123 -1 0.02559 -3.624 0.074 -3.032 -4.739 -5.773 -6.416 -6.807 -5.874 -6.965 -5.348 -5.968 -6.653
0.025095 0.25 9.8451 1.188183188 2.505249907 1.095 3.083 3.5069 0.374 8 0.523 0.447 77.55 44.31 28.85 22.73 18.52 2 -3.12e-08 0 0.6603 0.3141 0.003768 0.002259 0.01123 -1 0.02559 -2.937 -0.134 -2.896 -4.169 -5.015 -5.636 -6.016 -5.131 -6.138 -4.643 -5.212 -5.871
0.025095 0.25 9.8451 1.188183308 2.505249924 1.095 2.968 3.5229 0.553 8 0.523 0.447 53.55 32.09 21.2 16.62 13.53 2 -1.99e-08 0 0.6603 0.3141 0.003768 0.002259 0.01123 -1 0.02559 -2.651 -0.52 -2.959 -3.932 -4.675 -5.282 -5.644 -4.797 -5.752 -4.346 -4.87 -5.505
0.025095 0.25 9.8451 1.188183427 2.505249941 1.094 2.803 3.5459 0.809 8 0.523 0.447 31.45 20.18 13.61 10.6 8.62 3 -1.07e-08 0 0.6603 0.3141 0.003768 0.002259 0.01123 -1 0.02559 -2.239 -0.876 -2.833 -3.525 -4.18 -4.766 -5.094 -4.3 -5.188 -3.898 -4.367 -4.963
0.025095 0.25 9.8451 1.188183546 2.505249957 1.094 2.833 3.5414 0.762 8 0.523 0.447 34.69 21.98 14.77 11.51 9.37 3 -1.19e-08 0 0.6603 0.3141 0.003768 0.002259 0.01123 -1 0.02559 -2.312 -0.816 -2.87 -3.602 -4.269 -4.861 -5.195 -4.391 -5.291 -3.981 -4.458 -5.063
0.025095 0.25 9.8451 1.188183785 2.505249991 1.093 2.961 3.5229 0.56 8 0.524 0.447 52.76 31.67 20.94 16.41 13.37 2 -1.93e-08 0 0.6603 0.3141 0.003768 0.002259 0.01123 -1 0.02559 -2.632 -0.501 -2.94 -3.913 -4.656 -5.263 -5.625 -4.779 -5.733 -4.327 -4.851 -5.486
0.025095 0.25 9.8451 1.188184023 2.505250025 1.092 3.121 3.4998 0.307 8 0.524 0.447 89.07 50 32.37 25.55 20.83 2 -3.6e-08 0 0.6603 0.3141 0.003768 0.002259 0.01123 -1 0.02559 -3.032 0.053 -2.832 -4.237 -5.132 -5.759 -6.143 -5.243 -6.272 -4.742 -5.328 -5.995
0.025095 0.25 9.8451 1.188184381 2.505250075 1.091 3.253 3.4804 0.097 8 0.524 0.447 137.79 73.12 46.54 36.94 30.14 1 -6.15e-08 0 0.6603 0.3141 0.003768 0.002259 0.01123 -1 0.02559 -3.363 0.32 -2.776 -4.479 -5.513 -6.159 -6.544 -5.614 -6.704 -5.091 -5.709 -6.39
0.025095 0.25 9.8451 1.188184738 2.505250125 1.09 3.339 3.4675 -0.042 8 0.524 0.447 183.55 93.88 59.08 47.07 38.43 1 -8.75e-08 0 0.6603 0.3141 0.003768 0.002259 0.01123 -1 0.02559 -3.578 0.354 -2.829 -4.647 -5.749 -6.408 -6.778 -5.843 -6.967 -5.317 -5.944 -6.62
0.025095 0.25 9.8451 1.188185096 2.505250176 1.089 3.385 3.4601 -0.118 8 0.524 0.447 207.41 107.71 67.37 53.78 43.93 1 -1.06e-07 0 0.6603 0.3141 0.003768 0.002259 0.01123 -1 0.02559 -3.694 0.364 -2.868 -4.737 -5.875 -6.541 -6.902 -5.965 -7.108 -5.439 -6.069 -6.74
0.025095 0.25 9.8451 1.188185573 2.505250243 1.087 3.408 3.4559 -0.158 8 0.524 0.447 220.36 115.8 72.19 57.7 47.13 1 -1.16e-07 0 0.6603 0.3141 0.003768 0.002259 0.01123 -1 0.02559 -3.75 0.368 -2.895 -4.783 -5.935 -6.604 -6.958 -6.023 -7.175 -5.499 -6.129 -6.795
0.025095 0.25 9.8451 1.18818605 2.50525031 1.086 3.422 3.4527 -0.186 8 0.525 0.447 229.62 121.65 75.67 60.52 49.45 1 -1.22e-07 0 0.6603 0.3141 0.003768 0.002259 0.01123 -1 0.02559 -3.786 0.378 -2.909 -4.811 -5.972 -6.645 -6.992 -6.06 -7.218 -5.537 -6.167 -6.829
0.025095 0.25 9.8451 1.18818605 2.50525031 1.086 3.209 3.4826 0.147 8 0.525 0.447 123.86 66.6 42.57 33.75 27.53 2 -5.08e-08 0 0.6603 0.3141 0.003768 0.002259 0.01123 -1 0.02559 -3.252 0.366 -2.709 -4.38 -5.396 -6.041 -6.424 -5.498 -6.58 -4.978 -5.592 -6.271
0.025095 0.25 9.8451 1.188186169 2.505250327 1.085 3.038 3.5067 0.415 8 0.525 0.447 71.13 41.08 26.83 21.12 17.21 2 -2.56e-08 0 0.6603 0.3141 0.003768 0.002259 0.01123 -1 0.02559 -2.824 -0.017 -2.779 -4.055 -4.902 -5.524 -5.903 -5.018 -6.025 -4.53 -5.099 -5.759
0.025095 0.25 9.8451 1.188186288 2.505250344 1.085 2.872 3.5299 0.673 8 0.525 0.447 41.6 25.74 17.17 13.42 10.93 3 -1.35e-08 0 0.6603 0.3141 0.003768 0.002259 0.01123 -1 0.02559 -2.41 -0.542 -2.837 -3.701 -4.408 -5.012 -5.361 -4.533 -5.464 -4.098 -4.603 -5.226
0.025095 0.25 9.8451 1.188186407 2.50525036 1.084 2.9 3.5258 0.629 8 0.525 0.447 45.63 27.9 18.54 14.51 11.81 2 -1.5e-08 0 0.6603 0.3141 0.003768 0.002259 0.01123 -1 0.02559 -2.479 -0.458 -2.837 -3.765 -4.493 -5.099 -5.455 -4.616 -5.561 -4.172 -4.688 -5.318
0.025095 0.25 9.8451 1.188186646 2.505250394 1.083 3.025 3.5078 0.431 8 0.525 0.447 68.74 39.87 26.07 20.52 16.72 2 -2.44e-08 0 0.6603 0.3141 0.003768 0.002259 0.01123 -1 0.02559 -2.793 -0.033 -2.774 -4.028 -4.867 -5.489 -5.867 -4.984 -5.987 -4.498 -5.065 -5.723
0.025095 0.25 9.8451 1.188187003 2.505250444 1.082 3.182 3.4854 0.184 8 0.525 0.447 114.66 62.26 39.91 31.61 25.78 2 -4.56e-08 0 0.6603 0.3141 0.003768 0.002259 0.01123 -1 0.02559 -3.184 0.365 -2.689 -4.324 -5.322 -5.964 -6.348 -5.425 -6.499 -4.907 -5.518 -6.195
0.025095 0.25 9.8451 1.188187242 2.505250478 1.081 3.311 3.4667 -0.02 8 0.525 0.447 175.17 90.04 56.77 45.21 36.91 1 -7.72e-08 0 0.6603 0.3141 0.003768 0.002259 0.01123 -1 0.02559 -3.507 0.427 -2.757 -4.574 -5.677 -6.337 -6.705 -5.771 -6.895 -5.246 -5.872 -6.546
0.025095 0.25 9.8451 1.188187718 2.505250545 1.08 3.393 3.4545 -0.152 8 0.526 0.447 217.66 114.26 71.26 56.96 46.53 1 -1.09e-07 0 0.6603 0.3141 0.003768 0.002259 0.01123 -1 0.02559 -3.713 0.416 -2.854 -4.745 -5.898 -6.568 -6.918 -5.986 -7.139 -5.463 -6.092 -6.755
0.025095 0.25 9.8451 1.188188076 2.505250595 1.078 3.436 3.448 -0.221 8 0.526 0.447 241.77 129.5 80.32 64.32 52.55 1 -1.3e-07 0 0.6603 0.3141 0.003768 0.002259 0.01123 -1 0.02559 -3.82 0.404 -2.918 -4.836 -6.008 -6.683 -7.021 -6.093 -7.259 -5.573 -6.202 -6.856
0.025095 0.25 9.8451 1.188188553 2.505250662 1.076 3.455 3.4447 -0.254 8 0.526 0.447 254.02 137.38 84.97 68.11 55.66 1 -1.41e-07 0 0.6603 0.3141 0.003768 0.002259 0.01123 -1 0.02559 -3.867 0.393 -2.953 -4.88 -6.056 -6.733 -7.064 -6.139 -7.31 -5.622 -6.25 -6.898
0.025095 0.25 9.8451 1.188189149 2.505250746 1.074 3.465 3.4426 -0.274 8 0.526 0.447 261.41 142.19 87.81 70.42 57.55 1 -1.47e-07 0 0.6603 0.3141 0.003768 0.002259 0.01123 -1 0.02559 -3.893 0.39 -2.971 -4.904 -6.082 -6.76 -7.087 -6.164 -7.338 -5.648 -6.275 -6.92
0.025095 0.25 9.8451 1.188189149 2.505250746 1.074 3.257 3.4723 0.053 8 0.526 0.447 150.29 78.74 49.93 39.7 32.4 1 -6.22e-08 0 0.6603 0.3141 0.003768 0.002259 0.01123 -1 0.02559 -3.372 0.453 -2.692 -4.462 -5.535 -6.189 -6.563 -5.631 -6.74 -5.108 -5.73 -6.406
0.025095 0.25 9.8451 1.188189268 2.505250763 1.073 3.086 3.4968 0.321 8 0.526 0.447 86.11 48.48 31.42 24.81 20.22 2 -3.13e-08 0 0.6603 0.3141 0.003768 0.002259 0.01123 -1 0.02559 -2.946 0.239 -2.682 -4.137 -5.054 -5.685 -6.068 -5.164 -6.202 -4.659 -5.251 -5.92
0.025095 0.25 9.8451 1.188189387 2.50525078 1.073 2.92 3.5205 0.582 8 0.527 0.447 50.1 30.25 20.03 15.7 12.78 2 -1.64e-08 0 0.6603 0.3141 0.003768 0.002259 0.01123 -1 0.02559 -2.531 -0.31 -2.796 -3.808 -4.563 -5.174 -5.538 -4.686 -5.647 -4.228 -4.759 -5.398
0.025095 0.25 9.8451 1.188189507 2.505250797 1.072 2.947 3.5165 0.539 8 0.527 0.447 54.81 32.72 21.58 16.94 13.79 2 -1.82e-08 0 0.6603 0.3141 0.003768 0.002259 0.01123 -1 0.02559 -2.599 -0.21 -2.777 -3.864 -4.644 -5.258 -5.627 -4.765 -5.74 -4.298 -4.841 -5.487
0.025095 0.25 9.8451 1.188189745 2.50525083 1.071 3.071 3.4987 0.344 8 0.527 0.447 82.16 46.53 30.22 23.84 19.43 2 -2.96e-08 0 0.6603 0.3141 0.003768 0.002259 0.01123 -1 0.02559 -2.907 0.208 -2.686 -4.107 -5.009 -5.639 -6.022 -5.121 -6.152 -4.619 -5.207 -5.874
0.025095 0.25 9.8451 1.188190103 2.505250881 1.069 3.225 3.4764 0.1 8 0.527 0.447 136.22 72.25 45.99 36.52 29.8 1 -5.5e-08 0 0.6603 0.3141 0.003768 0.002259 0.01123 -1 0.02559 -3.291 0.452 -2.665 -4.396 -5.447 -6.098 -6.476 -5.546 -6.644 -5.023 -5.643 -6.32
0.025095 0.25 9.8451 1.18819046 2.505250931 1.068 3.351 3.458 -0.101 8 0.527 0.447 200.54 103.86 65.04 51.93 42.41 1 -9.24e-08 0 0.6603 0.3141 0.003768 0.002259 0.01123 -1 0.02559 -3.608 0.464 -2.777 -4.65 -5.789 -6.457 -6.811 -5.878 -7.023 -5.354 -5.983 -6.649
0.025095 0.25 9.8451 1.188190818 2.505250981 1.066 3.432 3.4462 -0.229 8 0.528 0.447 243.68 130.96 81.16 65.03 53.13 1 -1.29e-07 0 0.6603 0.3141 0.003768 0.002259 0.01123 -1 0.02559 -3.809 0.433 -2.901 -4.824 -5.997 -6.673 -7.007 -6.081 -7.25 -5.563 -6.191 -6.841
0.025095 0.25 9.8451 1.188191295 2.505251048 1.064 3.472 3.4401 -0.295 8 0.528 0.447 269.16 147.44 90.88 72.95 59.62 1 -1.61e-07 0 0.6603 0.3141 0.003768 0.002259 0.01123 -1 0.02559 -3.91 0.401 -2.979 -4.918 -6.099 -6.778 -7.1 -6.18 -7.357 -5.666 -6.292 -6.931
0.025095 0.25 9.8451 1.188191772 2.505251116 1.061 3.489 3.4374 -0.324 8 0.528 0.447 281.03 155.25 95.47 76.7 62.69 1 -2.16e-07 0 0.6603 0.3141 0.003768 0.002259 0.01123 -1 0.02559 -3.953 0.403 -3.005 -4.955 -6.142 -6.823 -7.141 -6.223 -7.406 -5.71 -6.336 -6.972
0.025095 0.25 9.8451 1.188192368 2.505251199 1.058 3.498 3.4361 -0.339 8 0.529 0.447 287.17 159.34 97.86 78.66 64.29 1 -2.53e-07 0 0.6603 0.3141 0.003768 0.002259 0.01123 -1 0.02559 -3.975 0.407 -3.016 -4.972 -6.163 -6.846 -7.162 -6.244 -7.431 -5.731 -6.357 -6.993
0.025095 0.25 9.8451 1.188192368 2.505251199 1.058 3.296 3.4656 -0.019 8 0.529 0.447 174.13 89.36 56.33 44.89 36.64 1 -7.53e-08 0 0.6603 0.3141 0.003768 0.002259 0.01123 -1 0.02559 -3.47 0.477 -2.712 -4.535 -5.641 -6.302 -6.667 -5.734 -6.86 -5.21 -5.836 -6.508
0.025095 0.25 9.8451 1.188192487 2.505251216 1.057 3.126 3.4905 0.25 8 0.529 0.447 99.56 54.95 35.4 28.01 22.84 2 -3.8e-08 0 0.6603 0.3141 0.003768 0.002259 0.01123 -1 0.02559 -3.045 0.373 -2.636 -4.206 -5.171 -5.808 -6.195 -5.278 -6.336 -4.763 -5.368 -6.044
0.025095 0.25 9.8451 1.188192606 2.505251233 1.056 2.96 3.5148 0.513 8 0.529 0.447 57.66 34.17 22.49 17.67 14.39 2 -1.99e-08 0 0.6603 0.3141 0.003768 0.002259 0.01123 -1 0.02559 -2.631 -0.168 -2.771 -3.89 -4.682 -5.298 -5.669 -4.802 -5.783 -4.331 -4.879 -5.527
0.025095 0.25 9.8451 1.188192844 2.505251267 1.055 2.987 3.5108 0.469 8 0.529 0.447 63.13 36.96 24.24 19.07 15.53 2 -2.21e-08 0 0.6603 0.3141 0.003768 0.002259 0.01123 -1 0.02559 -2.698 -0.059 -2.745 -3.944 -4.763 -5.382 -5.759 -4.882 -5.875 -4.401 -4.96 -5.615
0.025095 0.25 9.8451 1.188193083 2.5052513 1.053 3.109 3.4928 0.274 8 0.529 0.447 94.57 52.53 33.91 26.82 21.86 2 -3.58e-08 0 0.6603 0.3141 0.003768 0.002259 0.01123 -1 0.02559 -3.003 0.33 -2.648 -4.175 -5.122 -5.757 -6.142 -5.23 -6.281 -4.719 -5.319 -5.992
0.025095 0.25 9.8451 1.18819344 2.505251351 1.051 3.261 3.4703 0.032 8 0.529 0.447 156.57 81.4 51.52 41.01 33.47 1 -6.62e-08 0 0.6603 0.3141 0.003768 0.002259 0.01123 -1 0.02559 -3.382 0.485 -2.674 -4.463 -5.547 -6.204 -6.575 -5.643 -6.757 -5.119 -5.743 -6.418
0.025095 0.25 9.8451 1.188193798 2.505251401 1.048 3.385 3.4517 -0.168 8 0.53 0.447 220.82 116.83 72.75 58.23 47.55 1 -1.11e-07 0 0.6603 0.3141 0.003768 0.002259 0.01123 -1 0.02559 -3.694 0.474 -2.817 -4.719 -5.879 -6.552 -6.896 -5.966 -7.125 -5.445 -6.074 -6.732
0.025095 0.25 9.8451 1.188194275 2.505251468 1.044 3.465 3.4398 -0.296 8 0.53 0.447 268.06 147.11 90.65 72.81 59.5 1 -1.65e-07 0 0.6603 0.3141 0.003768 0.002259 0.01123 -1 0.02559 -3.891 0.423 -2.959 -4.899 -6.08 -6.76 -7.08 -6.161 -7.338 -5.647 -6.273 -6.912
0.025095 0.25 9.8451 1.188194752 2.505251535 1.041 3.505 3.4339 -0.362 8 0.53 0.447 295.72 165.36 101.35 81.56 66.66 1 -3.28e-07 0.01 0.6603 0.3141 0.003768 0.002259 0.01123 -1 0.02559 -3.991 0.431 -3.015 -4.982 -6.179 -6.864 -7.178 -6.26 -7.453 -5.747 -6.374 -7.009
0.025095 0.25 9.8451 1.188195348 2.505251619 1.037 3.521 3.4316 -0.39 8 0.531 0.447 308.25 173.79 106.27 85.59 69.96 1 -4.57e-07 0.01 0.6603 0.3141 0.003768 0.002259 0.01123 -1 0.02559 -4.034 0.439 -3.034 -5.013 -6.219 -6.908 -7.221 -6.3 -7.504 -5.787 -6.415 -7.05
0.025095 0.25 9.8451 1.188195944 2.505251703 1.032 3.53 3.4307 -0.403 8 0.531 0.447 314.2 177.87 108.64 87.55 71.56 1 -5.41e-07 0.02 0.6603 0.3141 0.003768 0.002259 0.01123 -1 0.02559 -4.054 0.443 -3.042 -5.027 -6.237 -6.928 -7.242 -6.318 -7.527 -5.804 -6.434 -7.07
0.025095 0.25 9.8451 1.188195944 2.505251703 1.031 3.336 3.4601 -0.092 8 0.531 0.447 195.39 101.33 63.48 50.73 41.41 1 -9.47e-08 0 0.6603 0.3141 0.003768 0.002259 0.01123 -1 0.02559 -3.569 0.478 -2.75 -4.615 -5.749 -6.416 -6.774 -5.84 -6.981 -5.314 -5.944 -6.613
0.025095 0.25 9.8451 1.188196063 2.50525172 1.03 3.167 3.4855 0.178 8 0.531 0.447 115.11 62.19 39.82 31.6 25.76 2 -4.81e-08 0 0.6603 0.3141 0.003768 0.002259 0.01123 -1 0.02559 -3.148 0.401 -2.652 -4.288 -5.285 -5.927 -6.312 -5.389 -6.462 -4.87 -5.482 -6.159
0.025095 0.25 9.8451 1.188196182 2.505251737 1.028 3.001 3.5105 0.443 8 0.531 0.447 66.25 38.49 25.19 19.85 16.16 2 -2.52e-08 0 0.6603 0.3141 0.003768 0.002259 0.01123 -1 0.02559 -2.733 -0.08 -2.774 -3.978 -4.799 -5.418 -5.795 -4.918 -5.912 -4.436 -4.996 -5.652
0.025095 0.25 9.8451 1.188196421 2.50525177 1.026 3.028 3.5063 0.398 8 0.532 0.447 72.66 41.7 27.18 21.44 17.47 2 -2.81e-08 0 0.6603 0.3141 0.003768 0.002259 0.01123 -1 0.02559 -2.8 0.022 -2.747 -4.029 -4.879 -5.501 -5.881 -4.995 -6.003 -4.506 -5.076 -5.736
0.025095 0.25 9.8451 1.188196659 2.505251804 1.022 3.147 3.4879 0.204 8 0.532 0.447 108.92 59.23 38.01 30.14 24.57 2 -4.52e-08 0 0.6603 0.3141 0.003768 0.002259 0.01123 -1 0.02559 -3.099 0.395 -2.641 -4.248 -5.231 -5.87 -6.256 -5.336 -6.402 -4.819 -5.427 -6.105
0.025095 0.25 9.8451 1.188197017 2.505251854 1.018 3.296 3.4649 -0.039 8 0.532 0.447 179.24 91.71 57.69 46.06 37.59 1 -8.28e-08 0 0.6603 0.3141 0.003768 0.002259 0.01123 -1 0.02559 -3.47 0.493 -2.702 -4.532 -5.643 -6.305 -6.67 -5.736 -6.865 -5.211 -5.838 -6.51
0.025095 0.25 9.8451 1.188197374 2.505251904 1.013 3.418 3.446 -0.239 8 0.532 0.447 242.99 131.54 81.41 65.36 53.38 1 -1.38e-07 0 0.6603 0.3141 0.003768 0.002259 0.01123 -1 0.02559 -3.776 0.47 -2.866 -4.79 -5.964 -6.641 -6.974 -6.048 -7.217 -5.53 -6.158 -6.808
0.025095 0.25 9.8451 1.188197851 2.505251971 1.007 3.496 3.4339 -0.367 8 0.533 0.447 295.01 165.59 101.41 81.7 66.76 1 -3.51e-07 0.01 0.6603 0.3141 0.003768 0.002259 0.01123 -1 0.02559 -3.969 0.459 -2.989 -4.957 -6.157 -6.842 -7.157 -6.238 -7.433 -5.724 -6.352 -6.988
0.025095 0.25 9.8451 1.188198447 2.505252056 1.001 3.534 3.4279 -0.432 8 0.533 0.447 325.43 186.09 113.35 91.5 74.79 1 -7.78e-07 0.03 0.6603 0.3141 0.003768 0.002259 0.01123 -1 0.02559 -4.066 0.499 -3.023 -5.021 -6.238 -6.934 -7.246 -6.319 -7.542 -5.804 -6.435 -7.074
0.025095 0.25 9.8451 1.188199043 2.505252139 0.994 3.551 3.4257 -0.461 8 0.534 0.447 338.92 195.47 118.78 95.98 78.46 1 -1.12e-06 0.06 0.6603 0.3141 0.003768 0.002259 0.01123 -1 0.02559 -4.107 0.535 -3.025 -5.036 -6.261 -6.966 -7.278 -6.344 -7.584 -5.825 -6.461 -7.104
0.025095 0.25 9.8451 1.188199639 2.505252223 0.985 3.558 3.4252 -0.474 8 0.534 0.447 344.85 199.79 121.27 98.05 80.15 1 -1.32e-06 0.08 0.6603 0.3141 0.003768 0.002259 0.01123 -1 0.02559 -4.126 0.562 -3.015 -5.033 -6.266 -6.977 -7.293 -6.351 -7.604 -5.828 -6.468 -7.118
0.025095 0.25 9.8451 1.188199639 2.505252223 0.985 3.373 3.4542 -0.173 8 0.534 0.447 217.32 115.84 72.06 57.8 47.18 1 -1.24e-07 0 0.6603 0.3141 0.003768 0.002259 0.01123 -1 0.02559 -3.662 0.48 -2.796 -4.691 -5.847 -6.518 -6.869 -5.935 -7.09 -5.412 -6.042 -6.706
0.025095 0.25 9.8451 1.188199758 2.50525224 0.983 3.206 3.4803 0.098 8 0.534 0.447 134.84 70.99 45.14 35.95 29.31 1 -6.37e-08 0 0.6603 0.3141 0.003768 0.002259 0.01123 -1 0.02559 -3.244 0.441 -2.656 -4.36 -5.394 -6.041 -6.426 -5.495 -6.585 -4.972 -5.59 -6.271
0.025095 0.25 9.8451 1.188199878 2.505252257 0.979 3.04 3.5061 0.365 8 0.535 0.447 77.18 43.79 28.45 22.5 18.32 2 -3.35e-08 0 0.6603 0.3141 0.003768 0.002259 0.01123 -1 0.02559 -2.83 0.006 -2.771 -4.06 -4.911 -5.533 -5.913 -5.027 -6.036 -4.537 -5.108 -5.768
0.025095 0.25 9.8451 1.188200116 2.50525229 0.974 3.067 3.5014 0.317 8 0.535 0.447 85.1 47.63 30.83 24.42 19.89 2 -3.75e-08 0 0.6603 0.3141 0.003768 0.002259 0.01123 -1 0.02559 -2.896 0.126 -2.732 -4.108 -4.992 -5.617 -6 -5.104 -6.128 -4.606 -5.188 -5.854
0.025095 0.25 9.8451 1.188200355 2.505252324 0.967 3.184 3.4822 0.12 8 0.535 0.447 128.4 67.93 43.27 34.46 28.09 1 -6.04e-08 0 0.6603 0.3141 0.003768 0.002259 0.01123 -1 0.02559 -3.19 0.449 -2.634 -4.314 -5.336 -5.98 -6.365 -5.437 -6.522 -4.916 -5.532 -6.212
0.025095 0.25 9.8451 1.188200712 2.505252374 0.959 3.33 3.4582 -0.125 8 0.535 0.447 200.14 105.62 65.94 52.87 43.14 1 -1.1e-07 0 0.6603 0.3141 0.003768 0.002259 0.01123 -1 0.02559 -3.555 0.525 -2.719 -4.594 -5.737 -6.404 -6.761 -5.826 -6.972 -5.301 -5.931 -6.599
0.025095 0.25 9.8451 1.188201189 2.505252442 0.949 3.45 3.4383 -0.329 8 0.536 0.447 272.56 152.33 93.52 75.42 61.59 1 -2.39e-07 0 0.6603 0.3141 0.003768 0.002259 0.01123 -1 0.02559 -3.854 0.5 -2.904 -4.854 -6.043 -6.724 -7.045 -6.124 -7.308 -5.61 -6.237 -6.877
0.025095 0.25 9.8451 1.188201666 2.505252509 0.938 3.526 3.4254 -0.462 8 0.536 0.447 332.55 193 117.2 94.89 77.52 1 -1.1e-06 0.06 0.6603 0.3141 0.003768 0.002259 0.01123 -1 0.02559 -4.044 0.601 -2.961 -4.973 -6.198 -6.903 -7.215 -6.281 -7.522 -5.762 -6.398 -7.041
0.025095 0.25 9.8451 1.188202143 2.505252576 0.925 3.564 3.4188 -0.532 8 0.537 0.447 337.16 -1 -1 -1 -1 0 -2.66e-06 0.26 0.6603 0.3141 0.003768 0.002259 0.01123 -1 0.02559 -4.139 0.929 -2.797 -4.875 -6.155 -6.922 -7.256 -6.255 -7.613 -5.704 -6.377 -7.074
0.025095 0.25 9.8451 1.188202739 2.50525266 0.911 3.58 3.416 -0.566 8 0.537 0.447 328.05 -1 -1 -1 -1 0 -3.17e-06 0.48 0.6603 0.3141 0.003768 0.002259 0.01123 -1 0.02559 -4.179 1.295 -2.564 -4.702 -6.04 -6.875 -7.242 -6.16 -7.641 -5.57 -6.286 -7.054
0.025095 0.25 9.8451 1.188203454 2.50525276 0.896 3.587 3.4151 -0.584 8 0.538 0.447 318.24 -1 -1 -1 -1 0 -3.26e-06 0.5 0.6603 0.3141 0.003768 0.002259 0.01123 -1 0.02559 -4.198 1.313 -2.561 -4.705 -6.049 -6.89 -7.258 -6.171 -7.662 -5.577 -6.297 -7.07
0.025095 0.25 9.8451 1.188203454 2.50525276 0.895 3.411 3.4441 -0.293 8 0.538 0.447 252.53 140.62 86.53 69.85 57 1 -1.82e-07 0 0.6603 0.3141 0.003768 0.002259 0.01123 -1 0.02559 -3.758 0.517 -2.837 -4.768 -5.947 -6.625 -6.956 -6.03 -7.203 -5.512 -6.141 -6.788
0.025095 0.25 9.8451 1.188203573 2.505252777 0.891 3.246 3.4712 -0.021 8 0.538 0.447 166.01 85.86 54.01 43.29 35.29 1 -9.49e-08 0 0.6603 0.3141 0.003768 0.002259 0.01123 -1 0.02559 -3.344 0.532 -2.63 -4.423 -5.51 -6.165 -6.541 -5.606 -6.721 -5.079 -5.705 -6.384
0.025095 0.25 9.8451 1.188203692 2.505252794 0.884 3.08 3.4981 0.249 8 0.538 0.447 96.48 52.61 33.82 26.92 21.92 1 -5.04e-08 0 0.6603 0.3141 0.003768 0.002259 0.01123 -1 0.02559 -2.93 0.224 -2.69 -4.128 -5.036 -5.663 -6.049 -5.146 -6.181 -4.642 -5.232 -5.901
0.025095 0.25 9.8451 1.188203931 2.505252828 0.875 3.106 3.4931 0.199 8 0.538 0.447 107.04 57.45 36.79 29.33 23.88 1 -5.7e-08 0 0.6603 0.3141 0.003768 0.002259 0.01123 -1 0.02559 -2.995 0.349 -2.635 -4.166 -5.114 -5.747 -6.135 -5.222 -6.274 -4.71 -5.31 -5.985
0.025095 0.25 9.8451 1.188204169 2.505252861 0.863 3.22 3.473 -0.002 8 0.539 0.447 159.43 82.33 51.85 41.59 33.88 1 -9.22e-08 0 0.6603 0.3141 0.003768 0.002259 0.01123 -1 0.02559 -3.281 0.56 -2.591 -4.367 -5.443 -6.097 -6.475 -5.54 -6.651 -5.014 -5.639 -6.318
0.025095 0.25 9.8451 1.188204527 2.505252911 0.849 3.363 3.448 -0.252 8 0.539 0.447 232.48 128.71 79.42 64.15 52.32 1 -1.68e-07 0 0.6603 0.3141 0.003768 0.002259 0.01123 -1 0.02559 -3.636 0.594 -2.73 -4.651 -5.824 -6.5 -6.839 -5.909 -7.077 -5.389 -6.018 -6.673
0.025095 0.25 9.8451 1.188205004 2.505252979 0.832 3.479 3.4271 -0.461 8 0.539 0.447 278.12 -1 -1 -1 -1 0 -1.07e-06 0.06 0.6603 0.3141 0.003768 0.002259 0.01123 -1 0.02559 -3.927 0.7 -2.848 -4.857 -6.083 -6.787 -7.103 -6.167 -7.406 -5.647 -6.283 -6.93
0.025095 0.25 9.8451 1.188205481 2.505253046 0.813 3.552 3.4135 -0.598 8 0.54 0.447 266.62 -1 -1 -1 -1 0 -3.03e-06 0.48 0.6603 0.3141 0.003768 0.002259 0.01123 -1 0.02559 -4.111 1.373 -2.493 -4.635 -5.976 -6.812 -7.178 -6.096 -7.579 -5.506 -6.222 -6.99
0.025095 0.25 9.8451 1.188205957 2.505253113 0.791 3.589 3.4067 -0.674 8 0.54 0.447 254.1 -1 -1 -1 -1 0 -3.45e-06 0.55 0.6603 0.3141 0.003768 0.002259 0.01123 -1 0.02559 -4.201 1.434 -2.485 -4.652 -6.021 -6.879 -7.261 -6.149 -7.675 -5.543 -6.275 -7.071
0.025095 0.25 9.8451 1.188206553 2.505253197 0.768 3.603 3.4042 -0.711 8 0.541 0.447 240.72 -1 -1 -1 -1 0 -3.69e-06 0.6 0.6603 0.3141 0.003768 0.002259 0.01123 -1 0.02559 -4.238 1.492 -2.46 -4.641 -6.027 -6.899 -7.29 -6.159 -7.713 -5.544 -6.286 -7.099
0.025095 0.25 9.8451 1.188207269 2.505253297 0.743 3.61 3.4039 -0.733 8 0.542 0.447 226.69 -1 -1 -1 -1 0 -3.85e-06 0.64 0.6603 0.3141 0.003768 0.002259 0.01123 -1 0.02559 -4.254 1.54 -2.433 -4.625 -6.021 -6.903 -7.301 -6.157 -7.73 -5.535 -6.283 -7.109
0.025095 0.25 9.8451 1.188210607 2.505253767 0.544 -9.999 4 1.764 9 0.545 0 0 0 0 0 0 -1 -1e-30 0 0.6603 0.3141 0.003768 0.002259 0.01123 -1 0.02559 29.767 29.975 29.973 30.014 30.031 30.03 30.031 30.023 30.043 30.005 30.027 30.029
