# component component_index family logAge MH Zini Mini Mass radius_rsun Teff_K logg Vmag Imag Jmag_2mass Hmag_2mass Ksmag_2mass
thin4 3 thin_disk 9.4008632 0.25 0.025095 0.0955969095 0.095 0.1330309354 2301.971805 5.168 17.883 13.644 10.99 10.401 10.105
thin4 3 thin_disk 9.4008632 0.25 0.025095 0.1045411229 0.104 0.1429067178 2389.461294 5.143 17.555 13.327 10.674 10.086 9.788
thin4 3 thin_disk 9.4008632 0.25 0.025095 0.1055120975 0.105 0.1439304373 2398.832919 5.141 17.521 13.294 10.641 10.053 9.755
thin4 3 thin_disk 9.4008632 0.25 0.025095 0.1212770343 0.121 0.1604547746 2519.996862 5.107 17.054 12.842 10.19 9.604 9.304
thin4 3 thin_disk 9.4008632 0.25 0.025095 0.1253425032 0.125 0.1646844694 2549.764088 5.099 16.943 12.735 10.083 9.498 9.197
thin4 3 thin_disk 9.4008632 0.25 0.025095 0.145172894 0.145 0.1838453479 2661.337785 5.068 16.239 12.196 9.677 9.094 8.794
thin4 3 thin_disk 9.4008632 0.25 0.025095 0.1650032997 0.165 0.2015824155 2745.364414 5.043 15.467 11.675 9.371 8.791 8.495
thin4 3 thin_disk 9.4008632 0.25 0.025095 0.2046640813 0.204 0.2348294954 2872.10293 5.004 14.373 10.919 8.887 8.308 8.024
thin4 3 thin_disk 9.4008632 0.25 0.025095 0.2542400956 0.254 0.2736230281 2978.516429 4.966 13.487 10.28 8.432 7.85 7.578
thin4 3 thin_disk 9.4008632 0.25 0.025095 0.3154307604 0.315 0.3217011733 3080.349537 4.918 12.649 9.666 7.969 7.383 7.122
thin4 3 thin_disk 9.4008632 0.25 0.025095 0.3375526071 0.337 0.3426515059 3110.99992 4.893 12.385 9.459 7.799 7.211 6.953
thin4 3 thin_disk 9.4008632 0.25 0.025095 0.3454042673 0.345 0.3499875897 3121.044781 4.885 12.297 9.39 7.741 7.152 6.896
thin4 3 thin_disk 9.4008632 0.25 0.025095 0.3533920944 0.353 0.3567406874 3132.564342 4.879 12.211 9.324 7.688 7.097 6.843
thin4 3 thin_disk 9.4008632 0.25 0.025095 0.4029681087 0.403 0.3975141979 3216.621793 4.842 11.662 8.912 7.366 6.766 6.521
thin4 3 thin_disk 9.4008632 0.25 0.025095 0.4038195014 0.404 0.3980637636 3218.103443 4.841 11.652 8.904 7.36 6.76 6.515
thin4 3 thin_disk 9.4008632 0.25 0.025095 0.4154643416 0.415 0.4090276291 3241.156488 4.83 11.512 8.8 7.279 6.676 6.434
thin4 3 thin_disk 9.4008632 0.25 0.025095 0.4525440931 0.452 0.4429478977 3310.548845 4.798 11.097 8.493 7.039 6.425 6.189
thin4 3 thin_disk 9.4008632 0.25 0.025095 0.502120018 0.502 0.492212507 3415.859507 4.752 10.552 8.076 6.707 6.077 5.849
thin4 3 thin_disk 9.4008632 0.25 0.025095 0.5151462555 0.515 0.5056530659 3450.642762 4.74 10.391 7.957 6.615 5.98 5.754
thin4 3 thin_disk 9.4008632 0.25 0.025095 0.5516960621 0.551 0.5436916271 3547.316998 4.706 9.961 7.64 6.368 5.72 5.501
thin4 3 thin_disk 9.4008632 0.25 0.025095 0.5832378864 0.583 0.5736574589 3660.159406 4.684 9.527 7.348 6.156 5.494 5.285
thin4 3 thin_disk 9.4008632 0.25 0.025095 0.601271987 0.601 0.5900008602 3723.059698 4.672 9.29 7.191 6.041 5.372 5.169
thin4 3 thin_disk 9.4008632 0.25 0.025095 0.6207485199 0.621 0.6054142582 3813.291453 4.664 9.008 7.01 5.911 5.233 5.042
thin4 3 thin_disk 9.4008632 0.25 0.025095 0.650848031 0.651 0.6281344962 3951.845889 4.652 8.597 6.747 5.715 5.031 4.86
thin4 3 thin_disk 9.4008632 0.25 0.025095 0.6555534005 0.656 0.6311791509 3976.490965 4.651 8.531 6.706 5.684 5 4.832
thin4 3 thin_disk 9.4008632 0.25 0.025095 0.7004240751 0.7 0.6607735416 4210.173564 4.641 7.934 6.33 5.399 4.732 4.594
thin4 3 thin_disk 9.4008632 0.25 0.025095 0.7425861955 0.743 0.6753869189 4495.727713 4.647 7.339 5.976 5.145 4.528 4.422
thin4 3 thin_disk 9.4008632 0.25 0.025095 0.75 0.75 0.6783481499 4545.691936 4.648 7.24 5.916 5.103 4.5 4.397
thin4 3 thin_disk 9.4008632 0.25 0.025095 0.7507706285 0.751 0.6789732194 4548.833073 4.647 7.232 5.911 5.099 4.497 4.394
thin4 3 thin_disk 9.4008632 0.25 0.025095 0.8000000119 0.8 0.7223582627 4750.069894 4.62 6.762 5.576 4.832 4.293 4.2
thin4 3 thin_disk 9.4008632 0.25 0.025095 0.8002435565 0.8 0.7228574225 4751.163764 4.62 6.76 5.574 4.831 4.292 4.199
thin4 3 thin_disk 9.4008632 0.25 0.025095 0.8500000238 0.85 0.7669245582 4962.494061 4.595 6.319 5.252 4.574 4.094 4.012
thin4 3 thin_disk 9.4008632 0.25 0.025095 0.8895221949 0.889 0.8041788462 5127.433069 4.573 5.997 5.008 4.378 3.941 3.865
thin4 3 thin_disk 9.4008632 0.25 0.025095 0.8999999762 0.899 0.8146154541 5171.303179 4.568 5.916 4.946 4.328 3.901 3.826
thin4 3 thin_disk 9.4008632 0.25 0.025095 0.9006289244 0.9 0.8148030478 5173.685201 4.567 5.911 4.942 4.325 3.898 3.824
thin4 3 thin_disk 9.4008632 0.25 0.025095 0.9462211132 0.946 0.8624871728 5354.266701 4.539 5.575 4.677 4.107 3.721 3.654
thin4 3 thin_disk 9.4008632 0.25 0.025095 0.9500000477 0.949 0.8666677674 5369.081545 4.537 5.547 4.655 4.089 3.707 3.64
thin4 3 thin_disk 9.4008632 0.25 0.025095 0.9849821925 0.985 0.9079305822 5499.206144 4.512 5.305 4.46 3.926 3.569 3.508
thin4 3 thin_disk 9.4008632 0.25 0.025095 1 1 0.926728768 5553.924862 4.502 5.204 4.38 3.858 3.512 3.452
thin4 3 thin_disk 9.4008632 0.25 0.025095 1.008399129 1.008 0.9372439482 5583.41617 4.495 5.149 4.335 3.82 3.479 3.421
thin4 3 thin_disk 9.4008632 0.25 0.025095 1.040346146 1.04 0.9807371913 5692.460163 4.469 4.943 4.167 3.675 3.354 3.3
thin4 3 thin_disk 9.4008632 0.25 0.025095 1.049999952 1.049 0.9948386393 5724.004941 4.461 4.882 4.116 3.632 3.316 3.264
thin4 3 thin_disk 9.4008632 0.25 0.025095 1.070663214 1.07 1.025067926 5790.285795 4.443 4.753 4.01 3.538 3.234 3.184
thin4 3 thin_disk 9.4008632 0.25 0.025095 1.099880099 1.099 1.071155803 5880.306995 4.416 4.576 3.861 3.407 3.117 3.071
thin4 3 thin_disk 9.4008632 0.25 0.025095 1.100000024 1.099 1.072389727 5880.306995 4.416 4.575 3.861 3.407 3.116 3.07
thin4 3 thin_disk 9.4008632 0.25 0.025095 1.125919342 1.125 1.115713389 5953.878941 4.391 4.423 3.731 3.292 3.013 2.97
thin4 3 thin_disk 9.4008632 0.25 0.025095 1.149999976 1.149 1.159184712 6018.662629 4.367 4.284 3.613 3.185 2.917 2.876
thin4 3 thin_disk 9.4008632 0.25 0.025095 1.197763801 1.197 1.251562796 6131.969697 4.318 4.024 3.386 2.979 2.729 2.691
thin4 3 thin_disk 9.4008632 0.25 0.025095 1.200000048 1.199 1.256471508 6137.620052 4.316 4.012 3.375 2.969 2.72 2.682
thin4 3 thin_disk 9.4008632 0.25 0.025095 1.212125897 1.211 1.281305366 6158.855291 4.303 3.951 3.32 2.918 2.673 2.636
thin4 3 thin_disk 9.4008632 0.25 0.025095 1.25 1.25 1.363492159 6223.002852 4.263 3.766 3.154 2.763 2.527 2.491
thin4 3 thin_disk 9.4008632 0.25 0.025095 1.2625103 1.262 1.391722488 6241.658451 4.25 3.707 3.1 2.712 2.48 2.444
thin4 3 thin_disk 9.4008632 0.25 0.025095 1.299999952 1.3 1.482356441 6282.029912 4.208 3.538 2.943 2.562 2.335 2.301
thin4 3 thin_disk 9.4008632 0.25 0.025095 1.342512131 1.342 1.59607261 6306.668448 4.157 3.356 2.768 2.391 2.169 2.135
thin4 3 thin_disk 9.4008632 0.25 0.025095 1.350000024 1.35 1.618648857 6309.573445 4.147 3.325 2.738 2.361 2.14 2.106
thin4 3 thin_disk 9.4008632 0.25 0.025095 1.362062454 1.362 1.654065277 6313.933449 4.132 3.273 2.688 2.312 2.091 2.057
thin4 3 thin_disk 9.4008632 0.25 0.025095 1.399999976 1.4 1.776857684 6316.841793 4.082 3.115 2.532 2.156 1.936 1.902
thin4 3 thin_disk 9.4008632 0.25 0.025095 1.433443427 1.433 1.899121038 6306.668448 4.035 2.978 2.393 2.015 1.794 1.759
thin4 3 thin_disk 9.4008632 0.25 0.025095 1.450000048 1.45 1.965407662 6296.511487 4.01 2.911 2.323 1.944 1.722 1.687
thin4 3 thin_disk 9.4008632 0.25 0.025095 1.457222938 1.457 1.995044765 6289.266532 3.999 2.883 2.294 1.913 1.69 1.655
thin4 3 thin_disk 9.4008632 0.25 0.025095 1.482027531 1.482 2.106457227 6256.04696 3.958 2.79 2.192 1.806 1.578 1.542
thin4 3 thin_disk 9.4008632 0.25 0.025095 1.5 1.5 2.196608424 6225.86931 3.928 2.724 2.118 1.727 1.495 1.458
thin4 3 thin_disk 9.4008632 0.25 0.025095 1.518429279 1.518 2.295369702 6178.74113 3.895 2.664 2.046 1.646 1.408 1.369
thin4 3 thin_disk 9.4008632 0.25 0.025095 1.536008477 1.536 2.397467038 6126.324544 3.862 2.611 1.978 1.569 1.323 1.282
thin4 3 thin_disk 9.4008632 0.25 0.025095 1.549999952 1.55 2.485150215 6079.949891 3.835 2.571 1.925 1.508 1.254 1.213
thin4 3 thin_disk 9.4008632 0.25 0.025095 1.553033709 1.553 2.504682289 6070.158063 3.829 2.562 1.914 1.495 1.239 1.197
thin4 3 thin_disk 9.4008632 0.25 0.025095 1.568889856 1.568 2.611876542 6013.121788 3.797 2.519 1.855 1.425 1.161 1.117
thin4 3 thin_disk 9.4008632 0.25 0.025095 1.584435821 1.584 2.729937126 5956.621435 3.763 2.472 1.791 1.35 1.077 1.031
thin4 3 thin_disk 9.4008632 0.25 0.025095 1.592120171 1.592 2.793525531 5942.921586 3.745 2.434 1.749 1.305 1.029 0.983
thin4 3 thin_disk 9.4008632 0.25 0.025095 1.595774889 1.595 2.83826306 5974.478464 3.732 2.372 1.697 1.259 0.989 0.944
thin4 3 thin_disk 9.4008632 0.25 0.025095 1.600000024 1.599 2.906381663 6052.015059 3.713 2.253 1.602 1.179 0.922 0.879
thin4 3 thin_disk 9.4008632 0.25 0.025095 1.600337148 1.6 2.91174035 6060.382005 3.711 2.241 1.592 1.171 0.915 0.872
thin4 3 thin_disk 9.4008632 0.25 0.025095 1.601142406 1.601 2.957689945 6131.969697 3.698 2.149 1.521 1.113 0.869 0.828
thin4 3 thin_disk 9.4008632 0.25 0.025095 1.601526976 1.601 3.01684255 6212.980635 3.68 2.039 1.434 1.041 0.81 0.771
thin4 3 thin_disk 9.4008632 0.25 0.025095 1.601708293 1.601 3.073637491 6273.35696 3.664 1.95 1.363 0.98 0.759 0.722
thin4 3 thin_disk 9.4008632 0.25 0.025095 1.601726055 1.601 3.078595604 6279.137597 3.663 1.942 1.357 0.974 0.754 0.717
thin4 3 thin_disk 9.4008632 0.25 0.025095 1.601760983 1.601 3.045458213 6258.928639 3.673 1.982 1.391 1.005 0.782 0.744
thin4 3 thin_disk 9.4008632 0.25 0.025095 1.601842046 1.601 2.990560859 6204.403012 3.688 2.064 1.458 1.062 0.831 0.792
thin4 3 thin_disk 9.4008632 0.25 0.025095 1.60197413 1.601 3.045458213 6088.355458 3.673 2.121 1.48 1.064 0.814 0.772
thin4 3 thin_disk 9.4008632 0.25 0.025095 1.602214932 1.602 3.215530585 5952.508168 3.626 2.119 1.439 0.997 0.724 0.678
thin4 3 thin_disk 9.4008632 0.25 0.025095 1.602629065 1.602 3.349289168 5815.673277 3.59 2.153 1.431 0.961 0.665 0.614
thin4 3 thin_disk 9.4008632 0.25 0.025095 1.603269458 1.603 3.422572408 5680.675741 3.571 2.233 1.468 0.969 0.648 0.593
thin4 3 thin_disk 9.4008632 0.25 0.025095 1.603906989 1.603 3.450266527 5570.574669 3.564 2.325 1.524 1 0.656 0.597
thin4 3 thin_disk 9.4008632 0.25 0.025095 1.604542017 1.604 3.45742402 5466.382281 3.563 2.429 1.594 1.044 0.679 0.616
thin4 3 thin_disk 9.4008632 0.25 0.025095 1.605174065 1.605 3.462203929 5362.903718 3.562 2.536 1.667 1.092 0.705 0.638
thin4 3 thin_disk 9.4008632 0.25 0.025095 1.605803609 1.605 3.491826406 5263.807518 3.555 2.629 1.725 1.124 0.715 0.644
thin4 3 thin_disk 9.4008632 0.25 0.025095 1.60663867 1.606 3.631220695 5143.98863 3.521 2.684 1.738 1.103 0.666 0.59
thin4 3 thin_disk 9.4008632 0.25 0.025095 1.607365608 1.607 3.848155781 5054.753714 3.471 2.668 1.686 1.025 0.566 0.487
thin4 3 thin_disk 9.4008632 0.25 0.025095 1.607467294 1.607 3.898097027 5045.451084 3.46 2.653 1.668 1.004 0.543 0.463
thin4 3 thin_disk 9.4008632 0.25 0.025095 1.608076692 1.607 4.20003244 4991.142852 3.395 2.56 1.553 0.872 0.398 0.315
thin4 3 thin_disk 9.4008632 0.25 0.025095 1.608583331 1.608 4.498343802 4952.220801 3.336 2.462 1.438 0.745 0.261 0.176
thin4 3 thin_disk 9.4008632 0.25 0.025095 1.608987927 1.608 4.764887429 4923.79542 3.286 2.374 1.339 0.636 0.145 0.059
thin4 3 thin_disk 9.4008632 0.25 0.025095 1.609473228 1.609 5.118617119 4892.152651 3.224 2.26 1.213 0.5 0.001 -0.087
thin4 3 thin_disk 9.4008632 0.25 0.025095 1.609839559 1.609 5.405708773 4868.554097 3.176 2.173 1.115 0.394 -0.112 -0.201
thin4 3 thin_disk 9.4008632 0.25 0.025095 1.610196471 1.61 5.715479151 4845.069375 3.128 2.086 1.017 0.289 -0.223 -0.314
thin4 3 thin_disk 9.4008632 0.25 0.025095 1.610545516 1.61 6.029102188 4821.697939 3.082 2.001 0.922 0.186 -0.332 -0.424
thin4 3 thin_disk 9.4008632 0.25 0.025095 1.610978484 1.61 6.435060656 4795.125741 3.025 1.897 0.806 0.06 -0.464 -0.558
thin4 3 thin_disk 9.4008632 0.25 0.025095 1.611410856 1.611 6.860450653 4768.699981 2.97 1.796 0.693 -0.062 -0.594 -0.689
thin4 3 thin_disk 9.4008632 0.25 0.025095 1.611842155 1.611 7.317330057 4741.327996 2.914 1.696 0.58 -0.184 -0.723 -0.821
thin4 3 thin_disk 9.4008632 0.25 0.025095 1.612345099 1.612 7.89500928 4708.688923 2.848 1.579 0.447 -0.329 -0.877 -0.977
thin4 3 thin_disk 9.4008632 0.25 0.025095 1.612696409 1.612 8.341663083 4684.896492 2.8 1.495 0.353 -0.432 -0.987 -1.088
thin4 3 thin_disk 9.4008632 0.25 0.025095 1.613068223 1.612 8.856306635 4658.005532 2.749 1.406 0.25 -0.544 -1.106 -1.209
thin4 3 thin_disk 9.4008632 0.25 0.025095 1.613489151 1.613 9.485334368 4627.005332 2.689 1.305 0.132 -0.673 -1.244 -1.35
thin4 3 thin_disk 9.4008632 0.25 0.025095 1.613808155 1.613 9.998909667 4603.625638 2.643 1.226 0.042 -0.773 -1.35 -1.459
thin4 3 thin_disk 9.4008632 0.25 0.025095 1.614156723 1.614 10.62068785 4576.147349 2.591 1.139 -0.059 -0.884 -1.469 -1.58
thin4 3 thin_disk 9.4008632 0.25 0.025095 1.61448884 1.614 11.23705858 4549.880602 2.541 1.058 -0.155 -0.989 -1.583 -1.695
thin4 3 thin_disk 9.4008632 0.25 0.025095 1.614809751 1.614 11.87005264 4524.806379 2.495 0.982 -0.245 -1.089 -1.69 -1.804
thin4 3 thin_disk 9.4008632 0.25 0.025095 1.6151191 1.614 12.46960352 4501.943083 2.451 0.912 -0.33 -1.182 -1.789 -1.906
thin4 3 thin_disk 9.4008632 0.25 0.025095 1.615457773 1.615 13.13568257 4478.164058 2.407 0.841 -0.416 -1.278 -1.891 -2.01
thin4 3 thin_disk 9.4008632 0.25 0.025095 1.615943193 1.615 13.8980108 4452.459728 2.358 0.763 -0.51 -1.382 -2.002 -2.125
thin4 3 thin_disk 9.4008632 0.25 0.025095 1.616080284 1.615 14.05894218 4447.336594 2.348 0.748 -0.529 -1.403 -2.025 -2.147
thin4 3 thin_disk 9.4008632 0.25 0.025095 1.616487384 1.616 13.33376034 4473.011348 2.394 0.817 -0.442 -1.306 -1.921 -2.041
thin4 3 thin_disk 9.4008632 0.25 0.025095 1.616654038 1.616 12.70728133 4495.727713 2.436 0.882 -0.363 -1.218 -1.826 -1.944
thin4 3 thin_disk 9.4008632 0.25 0.025095 1.616814852 1.616 11.91386418 4526.890609 2.492 0.97 -0.256 -1.099 -1.699 -1.813
thin4 3 thin_disk 9.4008632 0.25 0.025095 1.616931319 1.616 11.30453349 4551.976381 2.537 1.042 -0.169 -1.003 -1.595 -1.707
thin4 3 thin_disk 9.4008632 0.25 0.025095 1.61705482 1.616 10.67954241 4579.309532 2.587 1.121 -0.075 -0.898 -1.483 -1.593
thin4 3 thin_disk 9.4008632 0.25 0.025095 1.617189288 1.616 10.07285645 4607.867687 2.638 1.204 0.022 -0.79 -1.367 -1.475
thin4 3 thin_disk 9.4008632 0.25 0.025095 1.61733377 1.617 9.535701437 4633.402194 2.685 1.282 0.113 -0.69 -1.259 -1.365
thin4 3 thin_disk 9.4008632 0.25 0.025095 1.617434382 1.617 9.273691507 4647.292417 2.71 1.323 0.162 -0.637 -1.202 -1.306
thin4 3 thin_disk 9.4008632 0.25 0.025095 1.617631912 1.617 9.626150444 4630.202659 2.677 1.267 0.097 -0.708 -1.278 -1.384
thin4 3 thin_disk 9.4008632 0.25 0.025095 1.618085861 1.617 10.36460236 4595.153252 2.613 1.161 -0.027 -0.844 -1.424 -1.533
thin4 3 thin_disk 9.4008632 0.25 0.025095 1.618551969 1.618 11.05229949 4566.673896 2.558 1.068 -0.135 -0.963 -1.551 -1.662
thin4 3 thin_disk 9.4008632 0.25 0.025095 1.619034886 1.618 11.78291229 4536.281532 2.501 0.977 -0.243 -1.083 -1.68 -1.794
thin4 3 thin_disk 9.4008632 0.25 0.025095 1.619502902 1.619 12.55603868 4507.129121 2.447 0.889 -0.349 -1.2 -1.805 -1.922
thin4 3 thin_disk 9.4008632 0.25 0.025095 1.619957209 1.619 13.36449783 4478.164058 2.393 0.803 -0.453 -1.315 -1.928 -2.048
thin4 3 thin_disk 9.4008632 0.25 0.025095 1.620404482 1.62 14.23156448 4448.360749 2.339 0.719 -0.557 -1.431 -2.051 -2.174
thin4 3 thin_disk 9.4008632 0.25 0.025095 1.620834231 1.62 15.13047788 4419.773361 2.285 0.636 -0.66 -1.545 -2.174 -2.3
thin4 3 thin_disk 9.4008632 0.25 0.025095 1.621249795 1.62 16.11954002 4389.347855 2.23 0.553 -0.764 -1.661 -2.297 -2.427
thin4 3 thin_disk 9.4008632 0.25 0.025095 1.621637583 1.621 17.13770429 4361.139714 2.177 0.471 -0.865 -1.773 -2.418 -2.551
thin4 3 thin_disk 9.4008632 0.25 0.025095 1.622006893 1.621 18.23696837 4331.117839 2.123 0.393 -0.966 -1.886 -2.539 -2.675
thin4 3 thin_disk 9.4008632 0.25 0.025095 1.622358799 1.621 19.4201529 4302.293159 2.069 0.314 -1.067 -2 -2.661 -2.801
thin4 3 thin_disk 9.4008632 0.25 0.025095 1.622680426 1.622 20.61829005 4272.676382 2.016 0.238 -1.165 -2.109 -2.779 -2.922
thin4 3 thin_disk 9.4008632 0.25 0.025095 1.622987509 1.622 21.93070762 4244.240644 1.963 0.161 -1.262 -2.219 -2.893 -3.042
thin4 3 thin_disk 9.4008632 0.25 0.025095 1.623270392 1.622 23.28373484 4215.023497 1.911 0.085 -1.356 -2.326 -3.002 -3.158
thin4 3 thin_disk 9.4008632 0.25 0.025095 1.623541236 1.623 24.74871445 4186.00748 1.858 0.009 -1.451 -2.435 -3.114 -3.277
thin4 3 thin_disk 9.4008632 0.25 0.025095 1.623790502 1.623 26.27560018 4157.191207 1.806 -0.065 -1.543 -2.541 -3.223 -3.393
thin4 3 thin_disk 9.4008632 0.25 0.025095 1.624025345 1.623 27.89668797 4128.573304 1.754 -0.135 -1.635 -2.648 -3.333 -3.51
thin4 3 thin_disk 9.4008632 0.25 0.025095 1.624240875 1.623 29.61778968 4100.152405 1.703 -0.205 -1.725 -2.752 -3.44 -3.624
thin4 3 thin_disk 9.4008632 0.25 0.025095 1.624447465 1.623 31.45956005 4070.989667 1.65 -0.275 -1.815 -2.858 -3.55 -3.741
thin4 3 thin_disk 9.4008632 0.25 0.025095 1.624634027 1.624 33.32365617 4042.965171 1.6 -0.338 -1.901 -2.96 -3.655 -3.854
thin4 3 thin_disk 9.4008632 0.25 0.025095 1.624812841 1.624 35.39587436 4014.209182 1.548 -0.402 -1.988 -3.064 -3.763 -3.969
thin4 3 thin_disk 9.4008632 0.25 0.025095 1.624977469 1.624 37.51048201 3985.657723 1.498 -0.464 -2.073 -3.166 -3.869 -4.082
thin4 3 thin_disk 9.4008632 0.25 0.025095 1.625129819 1.624 39.75141979 3957.309339 1.447 -0.512 -2.158 -3.268 -3.979 -4.198
thin4 3 thin_disk 9.4008632 0.25 0.025095 1.625275016 1.624 42.12623488 3929.162586 1.397 -0.56 -2.245 -3.373 -4.091 -4.314
thin4 3 thin_disk 9.4008632 0.25 0.025095 1.625406861 1.624 44.61209772 3900.317845 1.347 -0.604 -2.328 -3.473 -4.199 -4.428
thin4 3 thin_disk 9.4008632 0.25 0.025095 1.625531673 1.624 47.22289901 3872.576449 1.298 -0.642 -2.411 -3.574 -4.307 -4.541
thin4 3 thin_disk 9.4008632 0.25 0.025095 1.625649333 1.624 50.00951525 3844.147118 1.248 -0.677 -2.493 -3.675 -4.416 -4.655
thin4 3 thin_disk 9.4008632 0.25 0.025095 1.625783682 1.624 53.64788991 3808.903765 1.187 -0.715 -2.591 -3.798 -4.548 -4.794
thin4 3 thin_disk 9.4008632 0.25 0.025095 1.62590754 1.624 57.48474972 3773.983525 1.127 -0.735 -2.685 -3.921 -4.679 -4.932
thin4 3 thin_disk 9.4008632 0.25 0.025095 1.626020908 1.624 61.55348475 3738.522511 1.067 -0.748 -2.775 -4.041 -4.808 -5.067
thin4 3 thin_disk 9.4008632 0.25 0.025095 1.626125812 1.624 65.91020233 3703.394694 1.008 -0.753 -2.862 -4.16 -4.935 -5.202
thin4 3 thin_disk 9.4008632 0.25 0.025095 1.626222968 1.624 70.49407964 3668.596944 0.95 -0.738 -2.944 -4.279 -5.062 -5.335
thin4 3 thin_disk 9.4008632 0.25 0.025095 1.626312733 1.624 75.39675329 3634.126161 0.892 -0.719 -3.023 -4.396 -5.186 -5.467
thin4 3 thin_disk 9.4008632 0.25 0.025095 1.626396298 1.624 80.54760745 3599.97927 0.834 -0.674 -3.091 -4.512 -5.31 -5.597
thin4 3 thin_disk 9.4008632 0.25 0.025095 1.626473784 1.624 85.99092979 3565.332188 0.777 -0.625 -3.156 -4.626 -5.431 -5.726
thin4 3 thin_disk 9.4008632 0.25 0.025095 1.626545787 1.624 91.65425778 3531.831698 0.721 -0.561 -3.213 -4.739 -5.55 -5.853
thin4 3 thin_disk 9.4008632 0.25 0.025095 1.62661171 1.624 97.73556881 3497.840484 0.666 -0.479 -3.259 -4.849 -5.666 -5.977
thin4 3 thin_disk 9.4008632 0.25 0.025095 1.626674056 1.624 104.1004591 3464.17641 0.611 -0.392 -3.303 -4.959 -5.782 -6.101
thin4 3 thin_disk 9.4008632 0.25 0.025095 1.626732945 1.623 110.8798539 3430.836328 0.556 -0.279 -3.326 -5.068 -5.896 -6.224
thin4 3 thin_disk 9.4008632 0.25 0.025095 1.626787066 1.623 117.8291229 3397.817118 0.503 -0.163 -3.347 -5.173 -6.007 -6.343
thin4 3 thin_disk 9.4008632 0.25 0.025095 1.626838088 1.623 125.2139295 3365.115694 0.45 -0.016 -3.343 -5.277 -6.115 -6.461
thin4 3 thin_disk 9.4008632 0.25 0.025095 1.626887917 1.623 132.9084658 3332.728996 0.398 0.137 -3.33 -5.379 -6.222 -6.577
thin4 3 thin_disk 9.4008632 0.25 0.025095 1.626908422 1.623 136.0669484 3320.473358 0.378 0.198 -3.325 -5.419 -6.264 -6.622
thin4 3 thin_disk 9.4008632 0.25 0.025095 1.626908422 1.623 136.0669484 3320.473358 0.378 0.953 -0.191 -5.419 -6.264 -6.622
thin4 3 thin_disk 9.4008632 0.25 0.025095 1.627671361 1.623 11.09564734 4655.860935 2.555 0.914 -0.238 -1.035 -1.596 -1.701
thin4 3 thin_disk 9.4008632 0.25 0.025095 1.628383636 1.624 11.13403661 4655.860935 2.552 0.907 -0.245 -1.042 -1.602 -1.708
thin4 3 thin_disk 9.4008632 0.25 0.025095 1.629113436 1.625 11.11098714 4658.005532 2.554 0.908 -0.243 -1.039 -1.599 -1.704
thin4 3 thin_disk 9.4008632 0.25 0.025095 1.62984395 1.626 11.08288035 4661.22428 2.557 0.908 -0.24 -1.035 -1.594 -1.699
thin4 3 thin_disk 9.4008632 0.25 0.025095 1.630585194 1.626 11.05484467 4664.445252 2.56 0.909 -0.238 -1.032 -1.589 -1.694
thin4 3 thin_disk 9.4008632 0.25 0.025095 1.631328702 1.627 11.02687991 4667.66845 2.562 0.91 -0.235 -1.028 -1.585 -1.69
thin4 3 thin_disk 9.4008632 0.25 0.025095 1.632063866 1.628 10.99898589 4670.893875 2.564 0.91 -0.233 -1.025 -1.581 -1.686
thin4 3 thin_disk 9.4008632 0.25 0.025095 1.632875919 1.629 10.97116243 4674.121529 2.567 0.91 -0.231 -1.022 -1.577 -1.681
thin4 3 thin_disk 9.4008632 0.25 0.025095 1.633674145 1.63 10.94340935 4677.351413 2.569 0.91 -0.23 -1.019 -1.573 -1.677
thin4 3 thin_disk 9.4008632 0.25 0.025095 1.634469271 1.631 10.92830091 4680.583529 2.571 0.91 -0.229 -1.017 -1.57 -1.674
thin4 3 thin_disk 9.4008632 0.25 0.025095 1.63526547 1.631 10.91824021 4682.739514 2.572 0.909 -0.228 -1.016 -1.569 -1.672
thin4 3 thin_disk 9.4008632 0.25 0.025095 1.636046886 1.632 10.90818877 4684.896492 2.573 0.908 -0.228 -1.015 -1.567 -1.671
thin4 3 thin_disk 9.4008632 0.25 0.025095 1.6368047 1.633 10.89814658 4687.054463 2.574 0.906 -0.229 -1.015 -1.566 -1.67
thin4 3 thin_disk 9.4008632 0.25 0.025095 1.637571692 1.634 10.88811364 4689.213428 2.575 0.905 -0.229 -1.015 -1.566 -1.669
thin4 3 thin_disk 9.4008632 0.25 0.025095 1.638038039 1.634 10.88310063 4690.293284 2.575 0.904 -0.23 -1.015 -1.565 -1.669
thin4 3 thin_disk 9.4008632 0.25 0.025095 1.638212681 1.635 10.88310063 4690.293284 2.575 0.903 -0.23 -1.015 -1.565 -1.668
thin4 3 thin_disk 9.4008632 0.25 0.025095 1.639019012 1.635 10.88560684 4692.453741 2.576 0.901 -0.232 -1.016 -1.566 -1.669
thin4 3 thin_disk 9.4008632 0.25 0.025095 1.639820337 1.636 10.88059499 4693.534343 2.576 0.898 -0.233 -1.017 -1.567 -1.67
thin4 3 thin_disk 9.4008632 0.25 0.025095 1.640601158 1.637 10.88811364 4694.615194 2.575 0.895 -0.236 -1.019 -1.568 -1.671
thin4 3 thin_disk 9.4008632 0.25 0.025095 1.641360521 1.638 10.89563748 4695.696293 2.575 0.892 -0.238 -1.021 -1.57 -1.673
thin4 3 thin_disk 9.4008632 0.25 0.025095 1.642193198 1.639 10.91572648 4696.777642 2.574 0.888 -0.242 -1.025 -1.573 -1.676
thin4 3 thin_disk 9.4008632 0.25 0.025095 1.643022656 1.64 10.92830091 4696.777642 2.573 0.884 -0.246 -1.029 -1.577 -1.68
thin4 3 thin_disk 9.4008632 0.25 0.025095 1.643852711 1.64 10.95349325 4696.777642 2.571 0.879 -0.251 -1.034 -1.582 -1.685
thin4 3 thin_disk 9.4008632 0.25 0.025095 1.643928766 1.641 10.95349325 4696.777642 2.571 0.879 -0.251 -1.034 -1.583 -1.685
thin4 3 thin_disk 9.4008632 0.25 0.025095 1.644005299 1.641 10.96611118 4696.777642 2.571 0.878 -0.252 -1.035 -1.583 -1.686
thin4 3 thin_disk 9.4008632 0.25 0.025095 1.644818187 1.641 10.99139068 4696.777642 2.568 0.872 -0.258 -1.041 -1.589 -1.692
thin4 3 thin_disk 9.4008632 0.25 0.025095 1.645640135 1.642 11.03449964 4695.696293 2.565 0.866 -0.265 -1.048 -1.597 -1.7
thin4 3 thin_disk 9.4008632 0.25 0.025095 1.64648509 1.643 11.08288035 4693.534343 2.561 0.858 -0.273 -1.057 -1.606 -1.709
thin4 3 thin_disk 9.4008632 0.25 0.025095 1.647280932 1.644 11.14429616 4691.373388 2.557 0.85 -0.282 -1.067 -1.617 -1.72
thin4 3 thin_disk 9.4008632 0.25 0.025095 1.64808774 1.645 11.22412888 4688.133821 2.551 0.84 -0.294 -1.08 -1.631 -1.734
thin4 3 thin_disk 9.4008632 0.25 0.025095 1.648897529 1.646 11.32276894 4683.817879 2.544 0.828 -0.308 -1.096 -1.648 -1.752
thin4 3 thin_disk 9.4008632 0.25 0.025095 1.649698377 1.647 11.42753723 4678.428537 2.535 0.814 -0.325 -1.114 -1.668 -1.772
thin4 3 thin_disk 9.4008632 0.25 0.025095 1.650516987 1.647 11.58384252 4670.893875 2.525 0.798 -0.344 -1.137 -1.692 -1.797
thin4 3 thin_disk 9.4008632 0.25 0.025095 1.65136826 1.648 11.72877472 4663.371347 2.514 0.781 -0.365 -1.16 -1.718 -1.823
thin4 3 thin_disk 9.4008632 0.25 0.025095 1.652191997 1.649 12.07682143 4646.222461 2.489 0.745 -0.41 -1.211 -1.774 -1.88
thin4 3 thin_disk 9.4008632 0.25 0.025095 1.652600288 1.65 12.4753473 4627.005332 2.461 0.705 -0.461 -1.269 -1.837 -1.945
thin4 3 thin_disk 9.4008632 0.25 0.025095 1.652946472 1.65 12.81010368 4611.051789 2.438 0.672 -0.503 -1.317 -1.889 -1.999
thin4 3 thin_disk 9.4008632 0.25 0.025095 1.65330565 1.651 13.58165345 4577.201167 2.387 0.598 -0.596 -1.423 -2.003 -2.116
thin4 3 thin_disk 9.4008632 0.25 0.025095 1.653496385 1.651 14.37648266 4544.645372 2.338 0.53 -0.685 -1.523 -2.113 -2.229
thin4 3 thin_disk 9.4008632 0.25 0.025095 1.653607249 1.651 15.23535734 4512.321133 2.288 0.459 -0.775 -1.626 -2.225 -2.344
thin4 3 thin_disk 9.4008632 0.25 0.025095 1.653668165 1.651 16.10840888 4480.226804 2.239 0.391 -0.864 -1.727 -2.334 -2.456
thin4 3 thin_disk 9.4008632 0.25 0.025095 1.65370369 1.651 17.07075168 4448.360749 2.188 0.32 -0.955 -1.831 -2.446 -2.572
thin4 3 thin_disk 9.4008632 0.25 0.025095 1.653726101 1.651 18.14064167 4415.704474 2.136 0.248 -1.05 -1.938 -2.563 -2.692
thin4 3 thin_disk 9.4008632 0.25 0.025095 1.653740406 1.651 19.19343229 4385.306978 2.087 0.18 -1.138 -2.038 -2.671 -2.804
thin4 3 thin_disk 9.4008632 0.25 0.025095 1.653740883 1.651 19.22439339 4384.29734 2.085 0.178 -1.141 -2.042 -2.675 -2.808
thin4 3 thin_disk 9.4008632 0.25 0.025095 1.653741121 1.651 19.24653903 4384.29734 2.085 0.176 -1.143 -2.043 -2.677 -2.81
thin4 3 thin_disk 9.4008632 0.25 0.025095 1.653746367 1.651 19.73116121 4370.186791 2.063 0.146 -1.182 -2.089 -2.726 -2.86
thin4 3 thin_disk 9.4008632 0.25 0.025095 1.653758287 1.651 20.96778935 4338.104405 2.01 0.075 -1.277 -2.197 -2.844 -2.981
thin4 3 thin_disk 9.4008632 0.25 0.025095 1.653770208 1.651 22.31786493 4305.266105 1.956 0 -1.373 -2.306 -2.957 -3.102
thin4 3 thin_disk 9.4008632 0.25 0.025095 1.653782248 1.651 23.54792505 4276.613475 1.909 -0.065 -1.454 -2.4 -3.054 -3.204
thin4 3 thin_disk 9.4008632 0.25 0.025095 1.65380919 1.651 23.83156949 4270.709194 1.898 -0.081 -1.473 -2.422 -3.077 -3.229
thin4 3 thin_disk 9.4008632 0.25 0.025095 1.653826714 1.651 23.00661076 4289.4341 1.929 -0.038 -1.42 -2.36 -3.013 -3.16
thin4 3 thin_disk 9.4008632 0.25 0.025095 1.653856993 1.651 21.74466117 4319.167037 1.978 0.03 -1.334 -2.261 -2.911 -3.052
thin4 3 thin_disk 9.4008632 0.25 0.025095 1.65392971 1.651 20.36351031 4354.116049 2.036 0.108 -1.232 -2.145 -2.787 -2.923
thin4 3 thin_disk 9.4008632 0.25 0.025095 1.654469609 1.652 19.84050147 4368.174709 2.058 0.138 -1.192 -2.099 -2.737 -2.872
thin4 3 thin_disk 9.4008632 0.25 0.025095 1.654975653 1.652 20.7755555 4343.101709 2.018 0.084 -1.264 -2.181 -2.826 -2.963
thin4 3 thin_disk 9.4008632 0.25 0.025095 1.655349135 1.653 22.138727 4310.22558 1.963 0.009 -1.361 -2.292 -2.943 -3.086
thin4 3 thin_disk 9.4008632 0.25 0.025095 1.65564394 1.653 23.57505121 4276.613475 1.908 -0.069 -1.458 -2.403 -3.058 -3.208
thin4 3 thin_disk 9.4008632 0.25 0.025095 1.655881524 1.653 25.13348112 4243.263484 1.853 -0.144 -1.554 -2.515 -3.173 -3.331
thin4 3 thin_disk 9.4008632 0.25 0.025095 1.656077385 1.653 26.79493111 4210.173564 1.798 -0.218 -1.649 -2.625 -3.287 -3.453
thin4 3 thin_disk 9.4008632 0.25 0.025095 1.656244993 1.654 28.5333422 4177.341687 1.743 -0.294 -1.745 -2.736 -3.403 -3.575
thin4 3 thin_disk 9.4008632 0.25 0.025095 1.656391621 1.654 30.43355211 4143.811583 1.687 -0.365 -1.84 -2.848 -3.518 -3.699
thin4 3 thin_disk 9.4008632 0.25 0.025095 1.656522393 1.654 32.46030864 4110.550613 1.631 -0.435 -1.933 -2.959 -3.634 -3.822
thin4 3 thin_disk 9.4008632 0.25 0.025095 1.656642556 1.654 34.62203929 4077.556618 1.575 -0.506 -2.027 -3.07 -3.75 -3.947
thin4 3 thin_disk 9.4008632 0.25 0.025095 1.656752467 1.654 36.94474258 4043.896205 1.519 -0.572 -2.12 -3.182 -3.866 -4.071
thin4 3 thin_disk 9.4008632 0.25 0.025095 1.656850815 1.654 39.37790844 4010.513661 1.464 -0.632 -2.213 -3.293 -3.986 -4.197
thin4 3 thin_disk 9.4008632 0.25 0.025095 1.656947374 1.654 42.08745304 3976.490965 1.406 -0.69 -2.31 -3.409 -4.111 -4.329
thin4 3 thin_disk 9.4008632 0.25 0.025095 1.65704 1.654 44.95237529 3941.849147 1.349 -0.738 -2.405 -3.525 -4.236 -4.46
thin4 3 thin_disk 9.4008632 0.25 0.025095 1.657128811 1.654 48.06762284 3907.509117 1.291 -0.786 -2.501 -3.642 -4.363 -4.593
thin4 3 thin_disk 9.4008632 0.25 0.025095 1.657210112 1.655 51.44612218 3871.684858 1.231 -0.828 -2.598 -3.762 -4.492 -4.729
thin4 3 thin_disk 9.4008632 0.25 0.025095 1.657273173 1.655 55.30350349 3834.422814 1.169 -0.863 -2.696 -3.887 -4.627 -4.87
thin4 3 thin_disk 9.4008632 0.25 0.025095 1.657315135 1.655 59.24512837 3797.51939 1.109 -0.894 -2.79 -4.006 -4.756 -5.006
thin4 3 thin_disk 9.4008632 0.25 0.025095 1.657347202 1.655 63.36546771 3761.837228 1.05 -0.903 -2.878 -4.124 -4.883 -5.14
thin4 3 thin_disk 9.4008632 0.25 0.025095 1.657375216 1.655 67.91295768 3724.774625 0.99 -0.911 -2.967 -4.244 -5.012 -5.276
thin4 3 thin_disk 9.4008632 0.25 0.025095 1.657401085 1.655 72.82033036 3687.228059 0.93 -0.895 -3.05 -4.365 -5.142 -5.413
thin4 3 thin_disk 9.4008632 0.25 0.025095 1.657425284 1.655 77.99246467 3650.059971 0.869 -0.869 -3.129 -4.485 -5.27 -5.549
thin4 3 thin_disk 9.4008632 0.25 0.025095 1.657452226 1.655 84.38254989 3607.447339 0.802 -0.819 -3.211 -4.621 -5.414 -5.702
thin4 3 thin_disk 9.4008632 0.25 0.025095 1.65747714 1.655 90.60510017 3568.617493 0.74 -0.757 -3.279 -4.744 -5.545 -5.842
thin4 3 thin_disk 9.4008632 0.25 0.025095 1.657502413 1.655 96.97340493 3531.831698 0.681 -0.681 -3.335 -4.86 -5.669 -5.974
thin4 3 thin_disk 9.4008632 0.25 0.025095 1.657530189 1.655 103.7654192 3493.815764 0.622 -0.586 -3.382 -4.978 -5.794 -6.107
thin4 3 thin_disk 9.4008632 0.25 0.025095 1.65755868 1.655 110.8032872 3457.801035 0.565 -0.48 -3.418 -5.09 -5.913 -6.235
thin4 3 thin_disk 9.4008632 0.25 0.025095 1.657590747 1.655 118.809904 3419.007079 0.505 -0.342 -3.438 -5.208 -6.037 -6.369
thin4 3 thin_disk 9.4008632 0.25 0.025095 1.657612085 1.655 123.4674972 3398.599585 0.471 -0.264 -3.45 -5.274 -6.106 -6.443
thin4 3 thin_disk 9.4008632 0.25 0.025095 1.657618284 1.655 126.9850648 3382.205567 0.446 -0.193 -3.45 -5.322 -6.157 -6.499
thin4 3 thin_disk 9.4008632 0.25 0.025095 1.657620668 1.655 127.9241809 3377.536103 0.44 -0.172 -3.447 -5.335 -6.17 -6.513
thin4 3 thin_disk 9.4008632 0.25 0.025095 1.657622218 1.655 122.420076 3403.298168 0.478 -0.284 -3.449 -5.261 -6.092 -6.429
thin4 3 thin_disk 9.4008632 0.25 0.025095 1.657623768 1.655 125.1851012 3390.783023 0.459 -0.237 -3.455 -5.298 -6.132 -6.471
thin4 3 thin_disk 9.4008632 0.25 0.025095 1.657625556 1.655 127.7475691 3379.870029 0.441 -0.184 -3.452 -5.333 -6.168 -6.511
thin4 3 thin_disk 9.4008632 0.25 0.025095 1.657628298 1.655 131.6596344 3362.017735 0.415 -0.099 -3.442 -5.384 -6.222 -6.569
thin4 3 thin_disk 9.4008632 0.25 0.025095 1.657632232 1.655 138.4052757 3334.264128 0.372 0.043 -3.423 -5.468 -6.309 -6.665
thin4 3 thin_disk 9.4008632 0.25 0.025095 1.657634854 1.655 139.4288498 3329.660852 0.365 0.063 -3.422 -5.48 -6.322 -6.679
thin4 3 thin_disk 9.4008632 0.25 0.025095 1.657635093 1.644 160.1226042 3225.521938 0.242 0.826 -3.145 -5.684 -6.545 -6.931
thin4 3 thin_disk 9.4008632 0.25 0.025095 1.657635331 1.643 100.9607678 3467.368505 0.643 -0.349 -3.246 -4.894 -5.718 -6.035
thin4 3 thin_disk 9.4008632 0.25 0.025095 1.65763545 1.643 88.95137072 3539.973411 0.752 -0.548 -3.169 -4.68 -5.491 -5.791
thin4 3 thin_disk 9.4008632 0.25 0.025095 1.657636046 1.643 62.53924657 3749.730022 1.059 -0.827 -2.828 -4.084 -4.846 -5.105
thin4 3 thin_disk 9.4008632 0.25 0.025095 1.657636762 1.643 64.01071007 3734.220854 1.038 -0.819 -2.854 -4.123 -4.89 -5.151
thin4 3 thin_disk 9.4008632 0.25 0.025095 1.657637835 1.643 77.34863338 3619.095139 0.874 -0.696 -3.048 -4.441 -5.235 -5.518
thin4 3 thin_disk 9.4008632 0.25 0.025095 1.657639146 1.642 102.1533574 3457.004939 0.632 -0.294 -3.234 -4.911 -5.737 -6.057
thin4 3 thin_disk 9.4008632 0.25 0.025095 1.657640815 1.642 130.7834064 3317.416497 0.417 0.301 -3.226 -5.33 -6.177 -6.535
thin4 3 thin_disk 9.4008632 0.25 0.025095 1.657642722 1.641 154.6153632 3226.264727 0.272 0.883 -3.075 -5.608 -6.471 -6.855
thin4 3 thin_disk 9.4008632 0.25 0.025095 1.657644868 1.641 169.2983186 3176.874071 0.193 1.135 -3.002 -5.757 -6.629 -7.025
thin4 3 thin_disk 9.4008632 0.25 0.025095 1.657647371 1.64 176.8693765 3151.37438 0.155 1.268 -2.95 -5.828 -6.705 -7.108
thin4 3 thin_disk 9.4008632 0.25 0.025095 1.657650232 1.64 181.8664732 3134.728988 0.131 1.349 -2.911 -5.869 -6.75 -7.158
thin4 3 thin_disk 9.4008632 0.25 0.025095 1.657650352 1.639 129.018695 3315.125698 0.428 0.355 -3.182 -5.298 -6.146 -6.504
thin4 3 thin_disk 9.4008632 0.25 0.025095 1.65765059 1.639 100.8910507 3450.642762 0.642 -0.225 -3.188 -4.88 -5.708 -6.028
thin4 3 thin_disk 9.4008632 0.25 0.025095 1.657651186 1.639 70.75426842 3657.63193 0.95 -0.692 -2.93 -4.278 -5.064 -5.339
thin4 3 thin_disk 9.4008632 0.25 0.025095 1.657652021 1.639 72.35235055 3644.181508 0.931 -0.677 -2.952 -4.314 -5.103 -5.381
thin4 3 thin_disk 9.4008632 0.25 0.025095 1.657653213 1.639 86.96663071 3535.086134 0.771 -0.469 -3.106 -4.626 -5.439 -5.739
thin4 3 thin_disk 9.4008632 0.25 0.025095 1.657654643 1.638 114.065063 3380.648362 0.535 0.043 -3.208 -5.087 -5.926 -6.265
thin4 3 thin_disk 9.4008632 0.25 0.025095 1.657656431 1.638 145.0616606 3249.376236 0.326 0.779 -3.071 -5.492 -6.351 -6.728
thin4 3 thin_disk 9.4008632 0.25 0.025095 1.657658458 1.637 170.2364855 3164.462839 0.188 1.228 -2.948 -5.757 -6.632 -7.031
thin4 3 thin_disk 9.4008632 0.25 0.025095 1.657660842 1.637 184.9492799 3121.044781 0.115 1.425 -2.869 -5.892 -6.777 -7.188
thin4 3 thin_disk 9.4008632 0.25 0.025095 1.657663464 1.636 191.9343229 3100.987389 0.083 1.516 -2.828 -5.95 -6.84 -7.257
thin4 3 thin_disk 9.4008632 0.25 0.025095 1.657666564 1.635 195.5026483 3090.295433 0.067 1.568 -2.804 -5.979 -6.871 -7.291
thin4 3 thin_disk 9.4008632 0.25 0.025095 1.657666683 1.635 139.9112526 3265.126412 0.357 0.691 -3.081 -5.427 -6.284 -6.656
thin4 3 thin_disk 9.4008632 0.25 0.025095 1.657667041 1.635 109.4340935 3400.165058 0.571 -0.017 -3.188 -5.012 -5.848 -6.181
thin4 3 thin_disk 9.4008632 0.25 0.025095 1.657667637 1.635 76.58657444 3605.78643 0.88 -0.599 -2.996 -4.408 -5.206 -5.491
thin4 3 thin_disk 9.4008632 0.25 0.025095 1.657668471 1.634 78.19025776 3593.353968 0.862 -0.575 -3.012 -4.443 -5.244 -5.531
thin4 3 thin_disk 9.4008632 0.25 0.025095 1.657669663 1.634 93.83236115 3486.582934 0.704 -0.316 -3.138 -4.751 -5.573 -5.884
thin4 3 thin_disk 9.4008632 0.25 0.025095 1.657671213 1.634 122.532881 3335.799967 0.471 0.28 -3.164 -5.204 -6.05 -6.402
thin4 3 thin_disk 9.4008632 0.25 0.025095 1.657673001 1.633 155.3290352 3207.746206 0.266 1.034 -2.985 -5.6 -6.467 -6.855
thin4 3 thin_disk 9.4008632 0.25 0.025095 1.657675147 1.632 181.4899767 3125.359644 0.13 1.424 -2.855 -5.856 -6.74 -7.149
thin4 3 thin_disk 9.4008632 0.25 0.025095 1.65767765 1.632 196.6312974 3083.18795 0.061 1.589 -2.787 -5.985 -6.879 -7.3
thin4 3 thin_disk 9.4008632 0.25 0.025095 1.657680511 1.631 203.2135416 3066.196616 0.032 1.606 -2.781 -6.037 -6.936 -7.361
thin4 3 thin_disk 9.4008632 0.25 0.025095 1.65768373 1.63 206.2303813 3057.736096 0.018 1.616 -2.776 -6.061 -6.962 -7.389
thin4 3 thin_disk 9.4008632 0.25 0.025095 1.657683849 1.63 149.1944421 3226.264727 0.3 0.949 -3 -5.53 -6.394 -6.777
thin4 3 thin_disk 9.4008632 0.25 0.025095 1.657684207 1.63 116.7219797 3361.24369 0.513 0.165 -3.168 -5.118 -5.961 -6.305
thin4 3 thin_disk 9.4008632 0.25 0.025095 1.657684803 1.629 81.66813628 3566.974462 0.824 -0.52 -3.046 -4.515 -5.321 -5.614
thin4 3 thin_disk 9.4008632 0.25 0.025095 1.657685757 1.629 83.37822489 3554.67582 0.806 -0.496 -3.063 -4.549 -5.358 -5.654
thin4 3 thin_disk 9.4008632 0.25 0.025095 1.657687068 1.629 99.8280631 3449.054048 0.649 -0.189 -3.158 -4.855 -5.683 -6.003
thin4 3 thin_disk 9.4008632 0.25 0.025095 1.657688618 1.628 130.0626639 3299.894079 0.418 0.481 -3.121 -5.301 -6.153 -6.514
thin4 3 thin_disk 9.4008632 0.25 0.025095 1.657690644 1.627 164.4949785 3173.218664 0.215 1.218 -2.922 -5.69 -6.563 -6.96
thin4 3 thin_disk 9.4008632 0.25 0.025095 1.657692909 1.627 191.8901334 3092.43087 0.081 1.587 -2.777 -5.941 -6.833 -7.251
thin4 3 thin_disk 9.4008632 0.25 0.025095 1.657695651 1.626 207.5642932 3051.406029 0.012 1.633 -2.762 -6.067 -6.969 -7.398
thin4 3 thin_disk 9.4008632 0.25 0.025095 1.657698631 1.625 214.2656955 3034.589844 -0.016 1.65 -2.756 -6.118 -7.025 -7.458
thin4 3 thin_disk 9.4008632 0.25 0.025095 1.657702088 1.624 217.5968704 3026.913428 -0.029 1.658 -2.753 -6.142 -7.05 -7.484
thin4 3 thin_disk 9.4008632 0.25 0.025095 1.657702208 1.624 159.1302133 3189.33398 0.242 1.142 -2.94 -5.635 -6.506 -6.898
thin4 3 thin_disk 9.4008632 0.25 0.025095 1.657702565 1.623 124.5812387 3323.533036 0.455 0.353 -3.143 -5.228 -6.075 -6.431
thin4 3 thin_disk 9.4008632 0.25 0.025095 1.657703161 1.623 87.04676684 3529.392837 0.766 -0.435 -3.094 -4.624 -5.438 -5.739
thin4 3 thin_disk 9.4008632 0.25 0.025095 1.657704115 1.623 88.8694812 3517.223774 0.748 -0.4 -3.105 -4.659 -5.475 -5.779
thin4 3 thin_disk 9.4008632 0.25 0.025095 1.657705426 1.622 106.280269 3412.714832 0.592 -0.054 -3.171 -4.961 -5.795 -6.125
thin4 3 thin_disk 9.4008632 0.25 0.025095 1.657706976 1.622 138.0869524 3265.878322 0.365 0.71 -3.057 -5.4 -6.257 -6.629
thin4 3 thin_disk 9.4008632 0.25 0.025095 1.657709003 1.621 174.0414307 3140.508694 0.163 1.38 -2.857 -5.781 -6.662 -7.067
thin4 3 thin_disk 9.4008632 0.25 0.025095 1.657711268 1.62 202.8862639 3059.849035 0.03 1.635 -2.753 -6.027 -6.927 -7.353
thin4 3 thin_disk 9.4008632 0.25 0.025095 1.657714009 1.619 219.4586205 3019.256431 -0.038 1.675 -2.74 -6.152 -7.063 -7.498
thin4 3 thin_disk 9.4008632 0.25 0.025095 1.657716989 1.618 226.6483934 3001.926122 -0.067 1.681 -2.747 -6.204 -7.118 -7.556
thin4 3 thin_disk 9.4008632 0.25 0.025095 1.657720447 1.617 230.1720813 2994.332334 -0.08 1.684 -2.749 -6.228 -7.143 -7.583
thin4 3 thin_disk 9.4008632 0.25 0.025095 1.657720566 1.617 170.6289212 3149.923453 0.18 1.343 -2.869 -5.747 -6.625 -7.028
thin4 3 thin_disk 9.4008632 0.25 0.025095 1.657720923 1.616 133.6757547 3283.220116 0.392 0.598 -3.085 -5.344 -6.199 -6.565
thin4 3 thin_disk 9.4008632 0.25 0.025095 1.657721639 1.616 93.37973666 3488.992212 0.703 -0.321 -3.135 -4.744 -5.565 -5.875
thin4 3 thin_disk 9.4008632 0.25 0.025095 1.657722712 1.616 95.488846 3476.161938 0.684 -0.283 -3.146 -4.78 -5.603 -5.917
thin4 3 thin_disk 9.4008632 0.25 0.025095 1.657724023 1.615 114.117604 3372.096543 0.529 0.119 -3.168 -5.078 -5.919 -6.26
thin4 3 thin_disk 9.4008632 0.25 0.025095 1.657725811 1.614 147.8266193 3226.264727 0.304 0.969 -2.98 -5.511 -6.375 -6.758
thin4 3 thin_disk 9.4008632 0.25 0.025095 1.657727957 1.614 186.1884107 3101.701499 0.104 1.564 -2.772 -5.885 -6.775 -7.19
thin4 3 thin_disk 9.4008632 0.25 0.025095 1.65773046 1.612 216.7966888 3022.03855 -0.029 1.686 -2.726 -6.128 -7.039 -7.473
thin4 3 thin_disk 9.4008632 0.25 0.025095 1.657733321 1.611 234.7213773 2980.574626 -0.098 1.7 -2.741 -6.254 -7.173 -7.615
thin4 3 thin_disk 9.4008632 0.25 0.025095 1.657736659 1.61 242.9140556 2962.101936 -0.129 1.707 -2.746 -6.309 -7.232 -7.677
thin4 3 thin_disk 9.4008632 0.25 0.025095 1.657740355 1.608 247.4301651 2951.888846 -0.145 1.712 -2.747 -6.337 -7.262 -7.71
thin4 3 thin_disk 9.4008632 0.25 0.025095 1.657740474 1.608 186.2312871 3099.55966 0.102 1.583 -2.759 -5.884 -6.775 -7.19
thin4 3 thin_disk 9.4008632 0.25 0.025095 1.657740831 1.608 145.9999291 3231.469044 0.313 0.949 -2.981 -5.488 -6.351 -6.733
thin4 3 thin_disk 9.4008632 0.25 0.025095 1.657741547 1.608 101.9184112 3437.161986 0.625 -0.145 -3.162 -4.889 -5.719 -6.042
thin4 3 thin_disk 9.4008632 0.25 0.025095 1.65774262 1.607 103.9328041 3425.310927 0.607 -0.097 -3.164 -4.923 -5.755 -6.082
thin4 3 thin_disk 9.4008632 0.25 0.025095 1.65774405 1.606 123.8661516 3323.533036 0.456 0.364 -3.131 -5.215 -6.062 -6.417
thin4 3 thin_disk 9.4008632 0.25 0.025095 1.657745838 1.605 159.5705143 3181.266118 0.235 1.206 -2.903 -5.633 -6.505 -6.899
thin4 3 thin_disk 9.4008632 0.25 0.025095 1.657747984 1.604 199.5504194 3060.553672 0.04 1.661 -2.724 -5.993 -6.893 -7.318
thin4 3 thin_disk 9.4008632 0.25 0.025095 1.657750487 1.603 231.3410193 2983.321102 -0.088 1.716 -2.722 -6.227 -7.145 -7.586
thin4 3 thin_disk 9.4008632 0.25 0.025095 1.657753468 1.602 249.374846 2943.743734 -0.154 1.727 -2.738 -6.345 -7.272 -7.72
thin4 3 thin_disk 9.4008632 0.25 0.025095 1.657756805 1.6 257.4261401 2927.520871 -0.182 1.729 -2.75 -6.392 -7.323 -7.775
thin4 3 thin_disk 9.4008632 0.25 0.025095 1.65776062 1.598 261.2478018 2919.442997 -0.195 1.731 -2.754 -6.414 -7.347 -7.8
thin4 3 thin_disk 9.4008632 0.25 0.025095 1.657760739 1.598 199.5963729 3058.440247 0.038 1.67 -2.716 -5.991 -6.892 -7.317
thin4 3 thin_disk 9.4008632 0.25 0.025095 1.657761097 1.598 156.6219565 3190.803061 0.249 1.165 -2.911 -5.601 -6.472 -6.863
thin4 3 thin_disk 9.4008632 0.25 0.025095 1.657761812 1.597 109.1321333 3397.034832 0.563 0.009 -3.173 -5.004 -5.841 -6.175
thin4 3 thin_disk 9.4008632 0.25 0.025095 1.657762885 1.597 111.2891037 3385.322128 0.546 0.058 -3.173 -5.037 -5.875 -6.213
thin4 3 thin_disk 9.4008632 0.25 0.025095 1.657764316 1.596 132.0543296 3286.245467 0.397 0.592 -3.075 -5.32 -6.174 -6.54
thin4 3 thin_disk 9.4008632 0.25 0.025095 1.657766104 1.595 169.1814118 3147.023602 0.182 1.383 -2.834 -5.725 -6.604 -7.007
thin4 3 thin_disk 9.4008632 0.25 0.025095 1.657768249 1.594 210.4033474 3029.005068 -0.008 1.709 -2.695 -6.071 -6.98 -7.413
thin4 3 thin_disk 9.4008632 0.25 0.025095 1.657770753 1.592 242.6904265 2953.248554 -0.133 1.742 -2.713 -6.296 -7.221 -7.668
thin4 3 thin_disk 9.4008632 0.25 0.025095 1.657773733 1.59 260.6469485 2916.083799 -0.196 1.746 -2.74 -6.406 -7.34 -7.794
thin4 3 thin_disk 9.4008632 0.25 0.025095 1.657777071 1.588 268.3197526 2900.681199 -0.221 1.748 -2.751 -6.45 -7.386 -7.843
thin4 3 thin_disk 9.4008632 0.25 0.025095 1.657780886 1.586 271.4267489 2894.009817 -0.231 1.75 -2.754 -6.467 -7.405 -7.862
thin4 3 thin_disk 9.4008632 0.25 0.025095 1.657781005 1.586 210.8883772 3025.519804 -0.012 1.721 -2.685 -6.072 -6.982 -7.415
thin4 3 thin_disk 9.4008632 0.25 0.025095 1.657781362 1.586 165.6733465 3156.457891 0.198 1.345 -2.846 -5.689 -6.566 -6.966
thin4 3 thin_disk 9.4008632 0.25 0.025095 1.657781959 1.585 115.306196 3364.340936 0.512 0.164 -3.157 -5.095 -5.937 -6.28
thin4 3 thin_disk 9.4008632 0.25 0.025095 1.657783031 1.585 117.6393578 3351.96905 0.494 0.225 -3.147 -5.128 -5.971 -6.318
thin4 3 thin_disk 9.4008632 0.25 0.025095 1.657784224 1.584 139.2684188 3253.868518 0.348 0.82 -3.005 -5.406 -6.265 -6.64
thin4 3 thin_disk 9.4008632 0.25 0.025095 1.657785892 1.582 177.60396 3116.018303 0.135 1.537 -2.759 -5.8 -6.686 -7.097
thin4 3 thin_disk 9.4008632 0.25 0.025095 1.657787919 1.581 220.3700879 2999.162519 -0.052 1.744 -2.679 -6.138 -7.053 -7.49
thin4 3 thin_disk 9.4008632 0.25 0.025095 1.657790303 1.579 253.4852217 2924.825766 -0.174 1.766 -2.711 -6.356 -7.288 -7.739
thin4 3 thin_disk 9.4008632 0.25 0.025095 1.657793045 1.577 272.1777658 2886.689018 -0.237 1.769 -2.739 -6.466 -7.406 -7.864
thin4 3 thin_disk 9.4008632 0.25 0.025095 1.657796145 1.575 280.3190708 2870.780582 -0.263 1.771 -2.756 -6.509 -7.451 -7.911
thin4 3 thin_disk 9.4008632 0.25 0.025095 1.657799602 1.573 283.826306 2862.859271 -0.274 1.773 -2.763 -6.527 -7.471 -7.931
thin4 3 thin_disk 9.4008632 0.25 0.025095 1.657799721 1.573 224.1055669 2986.070108 -0.069 1.763 -2.668 -6.161 -7.079 -7.519
thin4 3 thin_disk 9.4008632 0.25 0.025095 1.657800078 1.572 176.0972788 3116.735875 0.14 1.547 -2.745 -5.782 -6.669 -7.079
thin4 3 thin_disk 9.4008632 0.25 0.025095 1.657800674 1.572 122.4764655 3325.063932 0.455 0.377 -3.114 -5.193 -6.04 -6.395
thin4 3 thin_disk 9.4008632 0.25 0.025095 1.657801747 1.571 124.954714 3312.836481 0.438 0.44 -3.103 -5.225 -6.074 -6.432
thin4 3 thin_disk 9.4008632 0.25 0.025095 1.657802939 1.57 147.418723 3215.881224 0.294 1.065 -2.919 -5.494 -6.361 -6.746
thin4 3 thin_disk 9.4008632 0.25 0.025095 1.657804608 1.568 187.1770701 3081.058895 0.086 1.689 -2.678 -5.875 -6.77 -7.19
thin4 3 thin_disk 9.4008632 0.25 0.025095 1.657806635 1.566 230.7026828 2966.88013 -0.096 1.783 -2.66 -6.202 -7.124 -7.567
thin4 3 thin_disk 9.4008632 0.25 0.025095 1.657809019 1.564 264.6382676 2894.009817 -0.215 1.796 -2.703 -6.412 -7.35 -7.806
thin4 3 thin_disk 9.4008632 0.25 0.025095 1.657811761 1.562 283.2387342 2857.590543 -0.275 1.796 -2.745 -6.515 -7.459 -7.919
thin4 3 thin_disk 9.4008632 0.25 0.025095 1.65781486 1.559 290.772041 2843.151486 -0.299 1.796 -2.762 -6.554 -7.5 -7.961
thin4 3 thin_disk 9.4008632 0.25 0.025095 1.657818317 1.556 293.8005773 2836.612419 -0.309 1.801 -2.765 -6.568 -7.516 -7.977
thin4 3 thin_disk 9.4008632 0.25 0.025095 1.657818437 1.556 235.7505121 2951.888846 -0.117 1.802 -2.649 -6.23 -7.156 -7.602
thin4 3 thin_disk 9.4008632 0.25 0.025095 1.657818794 1.555 185.2049734 3083.18795 0.091 1.7 -2.665 -5.856 -6.751 -7.17
thin4 3 thin_disk 9.4008632 0.25 0.025095 1.65781939 1.554 128.6626953 3293.062702 0.408 0.578 -3.058 -5.272 -6.124 -6.488
thin4 3 thin_disk 9.4008632 0.25 0.025095 1.657820344 1.553 131.2661189 3280.952931 0.39 0.659 -3.034 -5.303 -6.158 -6.525
thin4 3 thin_disk 9.4008632 0.25 0.025095 1.657821536 1.552 154.6865826 3184.930795 0.248 1.243 -2.852 -5.568 -6.44 -6.833
thin4 3 thin_disk 9.4008632 0.25 0.025095 1.657823086 1.55 195.5026483 3051.406029 0.043 1.742 -2.643 -5.937 -6.84 -7.267
thin4 3 thin_disk 9.4008632 0.25 0.025095 1.657824993 1.548 240.4100644 2938.326149 -0.137 1.814 -2.647 -6.257 -7.185 -7.633
thin4 3 thin_disk 9.4008632 0.25 0.025095 1.657827139 1.545 275.0126335 2866.817191 -0.254 1.821 -2.707 -6.462 -7.405 -7.863
thin4 3 thin_disk 9.4008632 0.25 0.025095 1.657829761 1.542 293.8682352 2831.391996 -0.313 1.821 -2.751 -6.562 -7.511 -7.972
thin4 3 thin_disk 9.4008632 0.25 0.025095 1.657832622 1.538 301.8232178 2816.436734 -0.337 1.835 -2.761 -6.601 -7.553 -8.016
thin4 3 thin_disk 9.4008632 0.25 0.025095 1.65783596 1.534 305.1775941 2810.6062 -0.348 1.847 -2.764 -6.615 -7.569 -8.034
thin4 3 thin_disk 9.4008632 0.25 0.025095 1.65783608 1.534 248.4578054 2918.770848 -0.17 1.826 -2.652 -6.306 -7.239 -7.69
thin4 3 thin_disk 9.4008632 0.25 0.025095 1.657836437 1.533 195.5476697 3049.29892 0.038 1.752 -2.635 -5.936 -6.839 -7.266
thin4 3 thin_disk 9.4008632 0.25 0.025095 1.657837033 1.532 135.6290266 3261.369459 0.356 0.794 -2.994 -5.356 -6.214 -6.587
thin4 3 thin_disk 9.4008632 0.25 0.025095 1.657837868 1.531 138.2141938 3249.376236 0.339 0.88 -2.966 -5.387 -6.247 -6.623
thin4 3 thin_disk 9.4008632 0.25 0.025095 1.65783906 1.529 162.5745815 3153.552025 0.198 1.407 -2.79 -5.645 -6.523 -6.923
thin4 3 thin_disk 9.4008632 0.25 0.025095 1.65784049 1.526 204.669272 3022.03855 -0.003 1.794 -2.609 -6.003 -6.914 -7.347
thin4 3 thin_disk 9.4008632 0.25 0.025095 1.657842278 1.523 250.4105631 2910.717118 -0.179 1.841 -2.642 -6.312 -7.247 -7.699
thin4 3 thin_disk 9.4008632 0.25 0.025095 1.657844424 1.519 285.4648531 2839.880071 -0.294 1.843 -2.716 -6.51 -7.457 -7.917
thin4 3 thin_disk 9.4008632 0.25 0.025095 1.657846928 1.514 304.6861021 2804.787737 -0.352 1.877 -2.744 -6.604 -7.559 -8.024
thin4 3 thin_disk 9.4008632 0.25 0.025095 1.657849789 1.509 312.4299396 2790.615486 -0.376 1.907 -2.749 -6.638 -7.596 -8.065
thin4 3 thin_disk 9.4008632 0.25 0.025095 1.657852888 1.504 315.3934319 2785.479714 -0.386 1.924 -2.748 -6.649 -7.609 -8.081
thin4 3 thin_disk 9.4008632 0.25 0.025095 1.657853007 1.503 260.6469485 2886.02441 -0.22 1.856 -2.647 -6.371 -7.311 -7.768
thin4 3 thin_disk 9.4008632 0.25 0.025095 1.657853246 1.502 205.3301124 3017.171523 -0.013 1.811 -2.596 -6.005 -6.917 -7.352
thin4 3 thin_disk 9.4008632 0.25 0.025095 1.657853842 1.501 142.2501211 3230.725057 0.306 1.015 -2.919 -5.43 -6.293 -6.675
thin4 3 thin_disk 9.4008632 0.25 0.025095 1.657854676 1.498 145.0282628 3218.103443 0.288 1.086 -2.894 -5.461 -6.327 -6.712
thin4 3 thin_disk 9.4008632 0.25 0.025095 1.657855868 1.495 170.3541213 3121.763511 0.147 1.578 -2.702 -5.714 -6.599 -7.008
thin4 3 thin_disk 9.4008632 0.25 0.025095 1.65785718 1.49 213.9206181 2990.198367 -0.052 1.84 -2.584 -6.063 -6.98 -7.418
thin4 3 thin_disk 9.4008632 0.25 0.025095 1.657858968 1.485 261.0674005 2878.723811 -0.226 1.881 -2.629 -6.364 -7.305 -7.763
thin4 3 thin_disk 9.4008632 0.25 0.025095 1.657860994 1.479 297.2026277 2807.372232 -0.341 1.907 -2.704 -6.555 -7.508 -7.972
thin4 3 thin_disk 9.4008632 0.25 0.025095 1.657863259 1.471 317.1411852 2771.405025 -0.4 1.989 -2.715 -6.64 -7.603 -8.078
thin4 3 thin_disk 9.4008632 0.25 0.025095 1.657866001 1.463 325.6511715 2755.497365 -0.425 2.048 -2.705 -6.664 -7.635 -8.118
thin4 3 thin_disk 9.4008632 0.25 0.025095 1.657868981 1.454 329.1945562 2748.526952 -0.437 2.081 -2.698 -6.672 -7.647 -8.133
thin4 3 thin_disk 9.4008632 0.25 0.025095 1.657869101 1.454 276.0276861 2841.842468 -0.284 1.905 -2.65 -6.44 -7.387 -7.846
thin4 3 thin_disk 9.4008632 0.25 0.025095 1.657869339 1.452 217.3965486 2973.03485 -0.077 1.88 -2.556 -6.079 -7 -7.442
thin4 3 thin_disk 9.4008632 0.25 0.025095 1.657869935 1.45 150.2978074 3188.599693 0.243 1.276 -2.809 -5.509 -6.38 -6.772
thin4 3 thin_disk 9.4008632 0.25 0.025095 1.65787065 1.446 153.3037029 3175.411403 0.225 1.351 -2.781 -5.54 -6.413 -6.808
thin4 3 thin_disk 9.4008632 0.25 0.025095 1.657871723 1.441 179.8260666 3078.93131 0.085 1.787 -2.581 -5.785 -6.681 -7.101
thin4 3 thin_disk 9.4008632 0.25 0.025095 1.657873034 1.435 224.9845237 2947.813477 -0.112 1.912 -2.539 -6.125 -7.052 -7.497
thin4 3 thin_disk 9.4008632 0.25 0.025095 1.657874584 1.427 274.064412 2837.265649 -0.286 1.936 -2.623 -6.417 -7.365 -7.824
thin4 3 thin_disk 9.4008632 0.25 0.025095 1.657876491 1.418 311.4244061 2766.304607 -0.4 2.046 -2.663 -6.593 -7.557 -8.032
thin4 3 thin_disk 9.4008632 0.25 0.025095 1.657878756 1.408 332.240556 2729.606226 -0.459 2.208 -2.637 -6.649 -7.634 -8.13
thin4 3 thin_disk 9.4008632 0.25 0.025095 1.65788126 1.396 340.9201296 2713.313652 -0.485 2.348 -2.588 -6.649 -7.652 -8.167
thin4 3 thin_disk 9.4008632 0.25 0.025095 1.657884002 1.383 344.9472165 2705.20387 -0.499 2.462 -2.539 -6.634 -7.652 -8.181
thin4 3 thin_disk 9.4008632 0.25 0.025095 1.657884121 1.382 293.1248547 2791.258123 -0.358 2.016 -2.626 -6.503 -7.459 -7.924
thin4 3 thin_disk 9.4008632 0.25 0.025095 1.657884359 1.38 231.0748314 2922.133142 -0.152 1.963 -2.509 -6.151 -7.083 -7.532
thin4 3 thin_disk 9.4008632 0.25 0.025095 1.657884836 1.375 159.3135242 3138.340056 0.17 1.584 -2.654 -5.586 -6.467 -6.872
thin4 3 thin_disk 9.4008632 0.25 0.025095 1.657885551 1.369 162.6494671 3123.920694 0.149 1.663 -2.613 -5.616 -6.501 -6.909
thin4 3 thin_disk 9.4008632 0.25 0.025095 1.657886624 1.36 190.7886983 3025.519804 0.008 1.924 -2.475 -5.855 -6.765 -7.197
thin4 3 thin_disk 9.4008632 0.25 0.025095 1.657887816 1.349 238.590224 2894.009817 -0.19 2.007 -2.485 -6.187 -7.126 -7.58
thin4 3 thin_disk 9.4008632 0.25 0.025095 1.657889366 1.336 290.1032838 2781.634089 -0.364 2.081 -2.578 -6.468 -7.425 -7.891
thin4 3 thin_disk 9.4008632 0.25 0.025095 1.657891154 1.321 329.8015139 2708.320144 -0.481 2.393 -2.529 -6.583 -7.581 -8.089
thin4 3 thin_disk 9.4008632 0.25 0.025095 1.6578933 1.303 352.4135878 2668.701502 -0.544 3.289 -2.125 -6.423 -7.54 -8.163
thin4 3 thin_disk 9.4008632 0.25 0.025095 1.657895684 1.284 362.7877757 2648.500139 -0.576 3.911 -1.823 -6.28 -7.481 -8.178
thin4 3 thin_disk 9.4008632 0.25 0.025095 1.657898307 1.262 368.1736007 2635.11759 -0.596 3.996 -1.795 -6.28 -7.489 -8.191
thin4 3 thin_disk 9.4008632 0.25 0.025095 1.657898426 1.261 316.9221875 2713.938488 -0.466 2.39 -2.49 -6.521 -7.51 -8.008
thin4 3 thin_disk 9.4008632 0.25 0.025095 1.657898665 1.257 249.6621147 2843.806221 -0.26 2.105 -2.442 -6.224 -7.171 -7.628
thin4 3 thin_disk 9.4008632 0.25 0.025095 1.657899141 1.251 171.6139727 3060.553672 0.063 1.976 -2.402 -5.664 -6.565 -6.989
thin4 3 thin_disk 9.4008632 0.25 0.025095 1.657899857 1.242 175.449706 3044.38799 0.041 2.008 -2.379 -5.694 -6.599 -7.026
thin4 3 thin_disk 9.4008632 0.25 0.025095 1.657900691 1.23 205.9456603 2945.777902 -0.102 2.107 -2.342 -5.929 -6.857 -7.301
thin4 3 thin_disk 9.4008632 0.25 0.025095 1.657901883 1.214 257.4854215 2813.196057 -0.302 2.154 -2.428 -6.252 -7.203 -7.661
thin4 3 thin_disk 9.4008632 0.25 0.025095 1.657903314 1.196 313.2222788 2700.225287 -0.479 2.521 -2.407 -6.463 -7.46 -7.964
thin4 3 thin_disk 9.4008632 0.25 0.025095 1.657904983 1.175 356.5764401 2624.218543 -0.599 4.03 -1.743 -6.217 -7.416 -8.108
thin4 3 thin_disk 9.4008632 0.25 0.025095 1.657907009 1.15 381.9905726 2581.07129 -0.668 4.225 -1.691 -6.237 -7.469 -8.19
thin4 3 thin_disk 9.4008632 0.25 0.025095 1.657909155 1.123 394.6868389 2556.819089 -0.707 4.318 -1.658 -6.237 -7.484 -8.221
thin4 3 thin_disk 9.4008632 0.25 0.025095 1.657911658 1.094 402.3950641 2538.048986 -0.735 4.391 -1.627 -6.227 -7.485 -8.233
thin4 3 thin_disk 9.4008632 0.25 0.025095 1.657911778 1.092 350.148802 2610.35756 -0.615 4.091 -1.689 -6.166 -7.362 -8.049
thin4 3 thin_disk 9.4008632 0.25 0.025095 1.657912016 1.089 275.1393107 2740.311921 -0.407 2.418 -2.333 -6.291 -7.257 -7.73
thin4 3 thin_disk 9.4008632 0.25 0.025095 1.657912374 1.082 188.1276562 2958.693653 -0.079 2.246 -2.193 -5.748 -6.673 -7.115
thin4 3 thin_disk 9.4008632 0.25 0.025095 1.657913089 1.072 192.4210787 2942.388402 -0.103 2.267 -2.184 -5.777 -6.706 -7.15
thin4 3 thin_disk 9.4008632 0.25 0.025095 1.657913923 1.059 225.9709674 2843.151486 -0.248 2.32 -2.226 -6.007 -6.953 -7.41
thin4 3 thin_disk 9.4008632 0.25 0.025095 1.657914996 1.043 282.3271505 2711.440009 -0.448 2.566 -2.278 -6.289 -7.268 -7.753
thin4 3 thin_disk 9.4008632 0.25 0.025095 1.657916307 1.023 343.5995963 2598.962421 -0.627 4.136 -1.642 -6.118 -7.31 -7.993
thin4 3 thin_disk 9.4008632 0.25 0.025095 1.657917857 1.001 390.9782918 2523.480772 -0.749 4.425 -1.571 -6.16 -7.409 -8.151
thin4 3 thin_disk 9.4008632 0.25 0.025095 1.657919645 0.975 419.1337614 2479.704899 -0.821 4.649 -1.496 -6.157 -7.446 -8.227
thin4 3 thin_disk 9.4008632 0.25 0.025095 1.657921791 0.947 433.3638141 2454.143763 -0.863 4.887 -1.387 -6.111 -7.436 -8.25
thin4 3 thin_disk 9.4008632 0.25 0.025095 1.657924056 0.916 443.1519298 2433.884697 -0.895 5.12 -1.269 -6.052 -7.409 -8.253
thin4 3 thin_disk 9.4008632 0.25 0.025095 1.657938361 0.587 3.335436253e-06 10000 1.493 30.016 30.004 30.008 30.033 30.044
