# component component_index family logAge MH Zini Mini Mass radius_rsun Teff_K logg Jmag_2mass Hmag_2mass Ksmag_2mass F087mag F146mag F213mag
thin4 3 thin_disk 9.4008632 -0.25 0.0084736 0.0900000036 0.09 0.1164535266 2423.817965 5.257 11.035 10.495 10.263 12.731 11.09 10.339
thin4 3 thin_disk 9.4008632 -0.25 0.0084736 0.095931381 0.096 0.12349593 2523.480772 5.234 10.736 10.196 9.961 12.432 10.79 10.037
thin4 3 thin_disk 9.4008632 -0.25 0.0084736 0.1000000015 0.1 0.1281895565 2590.597845 5.219 10.541 10.001 9.764 12.237 10.594 9.84
thin4 3 thin_disk 9.4008632 -0.25 0.0084736 0.1010119244 0.101 0.1293458934 2601.357257 5.217 10.505 9.965 9.727 12.2 10.558 9.803
thin4 3 thin_disk 9.4008632 -0.25 0.0084736 0.1200000048 0.12 0.1492975376 2794.473529 5.166 9.959 9.402 9.15 11.415 9.964 9.216
thin4 3 thin_disk 9.4008632 -0.25 0.0084736 0.1400000006 0.14 0.1686369135 2921.460374 5.127 9.554 8.988 8.735 10.87 9.532 8.794
thin4 3 thin_disk 9.4008632 -0.25 0.0084736 0.1599999964 0.16 0.1868325945 3013.699874 5.097 9.235 8.665 8.414 10.464 9.197 8.468
thin4 3 thin_disk 9.4008632 -0.25 0.0084736 0.200000003 0.2 0.2199645248 3143.402542 5.051 8.746 8.172 7.927 9.872 8.69 7.975
thin4 3 thin_disk 9.4008632 -0.25 0.0084736 0.25 0.25 0.2585548239 3253.119373 5.008 8.285 7.706 7.469 9.341 8.216 7.512
thin4 3 thin_disk 9.4008632 -0.25 0.0084736 0.3368878365 0.337 0.3296496696 3382.984438 4.927 7.634 7.046 6.817 8.622 7.549 6.855
thin4 3 thin_disk 9.4008632 -0.25 0.0084736 0.3485973477 0.349 0.3406062751 3397.817118 4.913 7.548 6.959 6.731 8.529 7.462 6.768
thin4 3 thin_disk 9.4008632 -0.25 0.0084736 0.3500000536 0.35 0.3417060316 3400.165058 4.912 7.539 6.95 6.722 8.519 7.453 6.759
thin4 3 thin_disk 9.4008632 -0.25 0.0084736 0.3556262255 0.356 0.3467788842 3410.358227 4.906 7.498 6.908 6.681 8.474 7.41 6.717
thin4 3 thin_disk 9.4008632 -0.25 0.0084736 0.4000000358 0.4 0.3841073741 3488.188934 4.868 7.203 6.606 6.383 8.144 7.107 6.417
thin4 3 thin_disk 9.4008632 -0.25 0.0084736 0.4451134801 0.445 0.4287978951 3586.740858 4.819 6.877 6.272 6.053 7.779 6.769 6.083
thin4 3 thin_disk 9.4008632 -0.25 0.0084736 0.4500000179 0.45 0.4331642886 3597.493352 4.814 6.844 6.237 6.02 7.742 6.735 6.049
thin4 3 thin_disk 9.4008632 -0.25 0.0084736 0.5 0.5 0.4849005144 3741.105883 4.763 6.478 5.859 5.65 7.325 6.355 5.673
thin4 3 thin_disk 9.4008632 -0.25 0.0084736 0.5234779119 0.523 0.509744613 3831.775004 4.74 6.297 5.67 5.469 7.116 6.166 5.49
thin4 3 thin_disk 9.4008632 -0.25 0.0084736 0.5500000119 0.55 0.5366024421 3930.972449 4.716 6.102 5.464 5.277 6.895 5.963 5.294
thin4 3 thin_disk 9.4008632 -0.25 0.0084736 0.6000000238 0.6 0.5803000993 4173.495985 4.686 5.735 5.079 4.932 6.477 5.584 4.944
thin4 3 thin_disk 9.4008632 -0.25 0.0084736 0.6499999762 0.65 0.6153931317 4466.835922 4.67 5.388 4.76 4.652 6.07 5.247 4.659
thin4 3 thin_disk 9.4008632 -0.25 0.0084736 0.6743850112 0.674 0.6308885491 4614.238091 4.664 5.233 4.641 4.545 5.878 5.106 4.551
thin4 3 thin_disk 9.4008632 -0.25 0.0084736 0.7000001073 0.7 0.6476683056 4768.699981 4.657 5.078 4.53 4.443 5.682 4.967 4.448
thin4 3 thin_disk 9.4008632 -0.25 0.0084736 0.733899653 0.734 0.6722837979 4963.636849 4.646 4.882 4.389 4.311 5.439 4.791 4.315
thin4 3 thin_disk 9.4008632 -0.25 0.0084736 0.75 0.75 0.6828929746 5057.08205 4.641 4.793 4.324 4.25 5.329 4.711 4.254
thin4 3 thin_disk 9.4008632 -0.25 0.0084736 0.7703709006 0.77 0.7010558939 5160.597647 4.631 4.683 4.239 4.168 5.195 4.609 4.172
thin4 3 thin_disk 9.4008632 -0.25 0.0084736 0.7983130813 0.798 0.7255254393 5302.735926 4.617 4.536 4.124 4.059 5.017 4.473 4.062
thin4 3 thin_disk 9.4008632 -0.25 0.0084736 0.8436515331 0.843 0.7685155243 5520.774393 4.589 4.305 3.939 3.881 4.743 4.256 3.884
thin4 3 thin_disk 9.4008632 -0.25 0.0084736 0.8466261625 0.846 0.7717073646 5534.775375 4.588 4.29 3.927 3.87 4.726 4.242 3.873
thin4 3 thin_disk 9.4008632 -0.25 0.0084736 0.8796979189 0.879 0.8078907671 5680.675741 4.564 4.128 3.791 3.74 4.539 4.088 3.742
thin4 3 thin_disk 9.4008632 -0.25 0.0084736 0.8949391842 0.894 0.8253775363 5747.778188 4.553 4.055 3.729 3.68 4.454 4.018 3.683
thin4 3 thin_disk 9.4008632 -0.25 0.0084736 0.9270992875 0.926 0.8658699044 5876.246425 4.527 3.9 3.595 3.55 4.279 3.868 3.552
thin4 3 thin_disk 9.4008632 -0.25 0.0084736 0.9432522058 0.942 0.887672253 5938.817779 4.513 3.824 3.529 3.487 4.194 3.795 3.489
thin4 3 thin_disk 9.4008632 -0.25 0.0084736 0.9586896896 0.958 0.9100235783 5995.149258 4.499 3.75 3.464 3.423 4.111 3.724 3.426
thin4 3 thin_disk 9.4008632 -0.25 0.0084736 0.9856712818 0.985 0.950501146 6089.757515 4.473 3.622 3.35 3.313 3.969 3.599 3.315
thin4 3 thin_disk 9.4008632 -0.25 0.0084736 0.9915652275 0.991 0.9604010912 6110.827157 4.467 3.594 3.325 3.289 3.938 3.572 3.29
thin4 3 thin_disk 9.4008632 -0.25 0.0084736 1.010509372 1.01 0.991636822 6171.631685 4.447 3.502 3.243 3.208 3.838 3.483 3.21
thin4 3 thin_disk 9.4008632 -0.25 0.0084736 1.038546324 1.038 1.041004591 6260.369977 4.416 3.366 3.119 3.086 3.69 3.35 3.088
thin4 3 thin_disk 9.4008632 -0.25 0.0084736 1.039878368 1.039 1.043164129 6264.695981 4.415 3.36 3.113 3.08 3.683 3.344 3.082
thin4 3 thin_disk 9.4008632 -0.25 0.0084736 1.052599073 1.052 1.066479827 6303.764788 4.401 3.298 3.057 3.026 3.617 3.284 3.027
thin4 3 thin_disk 9.4008632 -0.25 0.0084736 1.071826339 1.071 1.102687991 6362.092806 4.379 3.206 2.973 2.943 3.518 3.194 2.944
thin4 3 thin_disk 9.4008632 -0.25 0.0084736 1.088191509 1.087 1.13645605 6409.143566 4.361 3.128 2.901 2.872 3.433 3.117 2.873
thin4 3 thin_disk 9.4008632 -0.25 0.0084736 1.103223205 1.102 1.166145243 6452.083809 4.344 3.056 2.835 2.807 3.356 3.047 2.808
thin4 3 thin_disk 9.4008632 -0.25 0.0084736 1.122658372 1.121 1.207404096 6507.287578 4.321 2.964 2.749 2.722 3.257 2.956 2.723
thin4 3 thin_disk 9.4008632 -0.25 0.0084736 1.136504412 1.135 1.238946762 6543.347724 4.305 2.897 2.688 2.661 3.186 2.89 2.662
thin4 3 thin_disk 9.4008632 -0.25 0.0084736 1.141323805 1.14 1.248109374 6556.921737 4.299 2.874 2.667 2.64 3.162 2.868 2.642
thin4 3 thin_disk 9.4008632 -0.25 0.0084736 1.160657763 1.159 1.292863411 6603.892575 4.276 2.784 2.583 2.557 3.065 2.779 2.558
thin4 3 thin_disk 9.4008632 -0.25 0.0084736 1.178132534 1.177 1.334912024 6638.959205 4.255 2.703 2.507 2.481 2.98 2.699 2.483
thin4 3 thin_disk 9.4008632 -0.25 0.0084736 1.184817553 1.184 1.351613886 6651.19989 4.247 2.672 2.478 2.452 2.947 2.669 2.454
thin4 3 thin_disk 9.4008632 -0.25 0.0084736 1.212175965 1.211 1.422828792 6683.439176 4.212 2.549 2.36 2.334 2.82 2.547 2.336
thin4 3 thin_disk 9.4008632 -0.25 0.0084736 1.233130455 1.232 1.483722371 6697.303805 4.183 2.455 2.268 2.242 2.724 2.453 2.244
thin4 3 thin_disk 9.4008632 -0.25 0.0084736 1.250029921 1.249 1.53586359 6705.018802 4.16 2.378 2.192 2.167 2.646 2.377 2.168
thin4 3 thin_disk 9.4008632 -0.25 0.0084736 1.281443477 1.281 1.640410894 6708.107288 4.113 2.234 2.049 2.023 2.501 2.233 2.025
thin4 3 thin_disk 9.4008632 -0.25 0.0084736 1.303789973 1.303 1.727239832 6697.303805 4.076 2.126 1.941 1.915 2.395 2.125 1.916
thin4 3 thin_disk 9.4008632 -0.25 0.0084736 1.329756737 1.329 1.837607035 6671.139158 4.03 1.997 1.809 1.782 2.27 1.995 1.784
thin4 3 thin_disk 9.4008632 -0.25 0.0084736 1.345075846 1.344 1.914047207 6646.606991 4 1.918 1.727 1.7 2.193 1.915 1.701
thin4 3 thin_disk 9.4008632 -0.25 0.0084736 1.372429609 1.372 2.066106219 6584.154299 3.942 1.77 1.572 1.544 2.053 1.766 1.545
thin4 3 thin_disk 9.4008632 -0.25 0.0084736 1.378069639 1.377 2.102096479 6569.011165 3.929 1.739 1.539 1.511 2.024 1.735 1.512
thin4 3 thin_disk 9.4008632 -0.25 0.0084736 1.385278583 1.385 2.148585521 6546.361741 3.913 1.699 1.495 1.467 1.986 1.693 1.468
thin4 3 thin_disk 9.4008632 -0.25 0.0084736 1.41364789 1.413 2.35045881 6449.113199 3.843 1.534 1.318 1.288 1.833 1.526 1.289
thin4 3 thin_disk 9.4008632 -0.25 0.0084736 1.42638278 1.426 2.45387618 6403.243245 3.81 1.456 1.235 1.203 1.761 1.446 1.204
thin4 3 thin_disk 9.4008632 -0.25 0.0084736 1.443687797 1.443 2.614283277 6337.237742 3.76 1.341 1.112 1.078 1.655 1.329 1.08
thin4 3 thin_disk 9.4008632 -0.25 0.0084736 1.450609684 1.45 2.675177757 6432.799273 3.742 1.258 1.042 1.011 1.559 1.25 1.012
thin4 3 thin_disk 9.4008632 -0.25 0.0084736 1.452405453 1.452 2.688763753 6535.818751 3.738 1.214 1.012 0.982 1.502 1.209 0.984
thin4 3 thin_disk 9.4008632 -0.25 0.0084736 1.452965379 1.452 2.69000226 6648.137605 3.738 1.176 0.99 0.961 1.449 1.174 0.962
thin4 3 thin_disk 9.4008632 -0.25 0.0084736 1.453202605 1.453 2.691241337 6754.605666 3.738 1.142 0.971 0.943 1.402 1.143 0.944
thin4 3 thin_disk 9.4008632 -0.25 0.0084736 1.453321934 1.453 2.688763753 6820.245379 3.738 1.124 0.961 0.934 1.376 1.127 0.935
thin4 3 thin_disk 9.4008632 -0.25 0.0084736 1.453399777 1.453 2.678876206 6754.605666 3.742 1.152 0.981 0.953 1.412 1.154 0.954
thin4 3 thin_disk 9.4008632 -0.25 0.0084736 1.453484535 1.453 2.699930872 6651.19989 3.735 1.169 0.983 0.955 1.442 1.167 0.956
thin4 3 thin_disk 9.4008632 -0.25 0.0084736 1.453640223 1.453 2.822621497 6501.296903 3.696 1.119 0.913 0.883 1.412 1.113 0.884
thin4 3 thin_disk 9.4008632 -0.25 0.0084736 1.453889608 1.453 2.980935951 6366.489102 3.65 1.047 0.823 0.789 1.356 1.036 0.791
thin4 3 thin_disk 9.4008632 -0.25 0.0084736 1.454409719 1.454 3.132944092 6224.435916 3.606 0.987 0.744 0.707 1.316 0.972 0.709
thin4 3 thin_disk 9.4008632 -0.25 0.0084736 1.455248117 1.455 3.255761962 6081.350013 3.573 0.954 0.688 0.648 1.303 0.933 0.65
thin4 3 thin_disk 9.4008632 -0.25 0.0084736 1.456321478 1.456 3.342355533 5940.1854 3.55 0.947 0.656 0.613 1.319 0.92 0.615
thin4 3 thin_disk 9.4008632 -0.25 0.0084736 1.457174659 1.457 3.384173691 5829.079789 3.539 0.963 0.653 0.606 1.354 0.931 0.608
thin4 3 thin_disk 9.4008632 -0.25 0.0084736 1.458015204 1.457 3.407631662 5709.525277 3.534 0.998 0.666 0.616 1.408 0.959 0.618
thin4 3 thin_disk 9.4008632 -0.25 0.0084736 1.45884335 1.458 3.424148924 5582.130689 3.53 1.044 0.688 0.633 1.477 0.998 0.635
thin4 3 thin_disk 9.4008632 -0.25 0.0084736 1.459659219 1.459 3.47258308 5457.578611 3.518 1.069 0.688 0.628 1.527 1.016 0.631
thin4 3 thin_disk 9.4008632 -0.25 0.0084736 1.460662603 1.46 3.641268003 5329.66608 3.477 1.029 0.619 0.556 1.513 0.967 0.559
thin4 3 thin_disk 9.4008632 -0.25 0.0084736 1.461452246 1.461 3.845498487 5249.283155 3.43 0.951 0.522 0.457 1.452 0.883 0.459
thin4 3 thin_disk 9.4008632 -0.25 0.0084736 1.461658716 1.461 3.916089825 5234.79887 3.414 0.919 0.487 0.421 1.424 0.85 0.424
thin4 3 thin_disk 9.4008632 -0.25 0.0084736 1.462409854 1.462 4.18844334 5185.611777 3.356 0.797 0.354 0.286 1.313 0.725 0.289
thin4 3 thin_disk 9.4008632 -0.25 0.0084736 1.463060617 1.462 4.457102738 5149.914276 3.302 0.683 0.23 0.161 1.206 0.607 0.164
thin4 3 thin_disk 9.4008632 -0.25 0.0084736 1.463663578 1.463 4.724465096 5121.53329 3.252 0.571 0.112 0.041 1.101 0.493 0.044
thin4 3 thin_disk 9.4008632 -0.25 0.0084736 1.464388013 1.464 5.07285729 5089.791592 3.19 0.433 -0.034 -0.105 0.971 0.352 -0.102
thin4 3 thin_disk 9.4008632 -0.25 0.0084736 1.464950681 1.464 5.367260136 5066.406124 3.142 0.324 -0.148 -0.221 0.868 0.242 -0.218
thin4 3 thin_disk 9.4008632 -0.25 0.0084736 1.46550703 1.465 5.674827241 5041.967013 3.093 0.216 -0.262 -0.336 0.765 0.132 -0.333
thin4 3 thin_disk 9.4008632 -0.25 0.0084736 1.466057539 1.465 6.004165364 5018.801279 3.045 0.108 -0.376 -0.45 0.663 0.022 -0.448
thin4 3 thin_disk 9.4008632 -0.25 0.0084736 1.466595888 1.466 6.338005983 4995.741982 2.997 0.002 -0.488 -0.564 0.563 -0.086 -0.561
thin4 3 thin_disk 9.4008632 -0.25 0.0084736 1.467216253 1.467 6.753869189 4969.354738 2.942 -0.121 -0.618 -0.695 0.447 -0.212 -0.692
thin4 3 thin_disk 9.4008632 -0.25 0.0084736 1.467838407 1.467 7.20365068 4940.831009 2.887 -0.245 -0.75 -0.828 0.33 -0.339 -0.825
thin4 3 thin_disk 9.4008632 -0.25 0.0084736 1.468381047 1.468 7.62522468 4916.997642 2.837 -0.355 -0.866 -0.945 0.226 -0.451 -0.943
thin4 3 thin_disk 9.4008632 -0.25 0.0084736 1.468999863 1.468 8.159295178 4886.523593 2.779 -0.485 -1.004 -1.084 0.104 -0.583 -1.082
thin4 3 thin_disk 9.4008632 -0.25 0.0084736 1.469536901 1.469 8.678659407 4859.594143 2.726 -0.601 -1.128 -1.209 -0.005 -0.702 -1.207
thin4 3 thin_disk 9.4008632 -0.25 0.0084736 1.470059276 1.469 9.220461204 4832.813101 2.673 -0.717 -1.251 -1.334 -0.113 -0.82 -1.331
thin4 3 thin_disk 9.4008632 -0.25 0.0084736 1.470557094 1.47 9.789322696 4805.073111 2.622 -0.829 -1.371 -1.455 -0.218 -0.935 -1.453
thin4 3 thin_disk 9.4008632 -0.25 0.0084736 1.471025467 1.47 10.33124462 4780.793661 2.574 -0.933 -1.481 -1.568 -0.315 -1.042 -1.565
thin4 3 thin_disk 9.4008632 -0.25 0.0084736 1.47159934 1.471 11.03449964 4750.069894 2.518 -1.055 -1.612 -1.7 -0.429 -1.167 -1.697
thin4 3 thin_disk 9.4008632 -0.25 0.0084736 1.472225189 1.471 11.71527924 4722.804844 2.465 -1.169 -1.734 -1.824 -0.535 -1.284 -1.821
thin4 3 thin_disk 9.4008632 -0.25 0.0084736 1.473049283 1.472 12.40373973 4696.777642 2.416 -1.276 -1.849 -1.94 -0.636 -1.394 -1.937
thin4 3 thin_disk 9.4008632 -0.25 0.0084736 1.473288894 1.472 12.58208587 4690.293284 2.404 -1.304 -1.878 -1.969 -0.661 -1.422 -1.966
thin4 3 thin_disk 9.4008632 -0.25 0.0084736 1.47361803 1.473 12.25610985 4703.270964 2.427 -1.255 -1.825 -1.916 -0.616 -1.372 -1.913
thin4 3 thin_disk 9.4008632 -0.25 0.0084736 1.473900199 1.473 11.91386418 4718.456982 2.451 -1.203 -1.77 -1.859 -0.568 -1.319 -1.856
thin4 3 thin_disk 9.4008632 -0.25 0.0084736 1.474087834 1.473 11.62392087 4730.423244 2.473 -1.158 -1.72 -1.81 -0.526 -1.272 -1.807
thin4 3 thin_disk 9.4008632 -0.25 0.0084736 1.474292636 1.473 11.1391652 4752.257886 2.51 -1.077 -1.634 -1.721 -0.451 -1.189 -1.719
thin4 3 thin_disk 9.4008632 -0.25 0.0084736 1.474494696 1.474 10.59138231 4776.392415 2.553 -0.984 -1.534 -1.62 -0.366 -1.094 -1.618
thin4 3 thin_disk 9.4008632 -0.25 0.0084736 1.474695921 1.474 10.07749624 4801.75503 2.597 -0.891 -1.434 -1.519 -0.28 -0.998 -1.516
thin4 3 thin_disk 9.4008632 -0.25 0.0084736 1.474776983 1.474 9.863990489 4811.716153 2.615 -0.852 -1.391 -1.476 -0.242 -0.957 -1.473
thin4 3 thin_disk 9.4008632 -0.25 0.0084736 1.475030184 1.474 9.359499918 4838.380287 2.662 -0.752 -1.285 -1.368 -0.15 -0.855 -1.365
thin4 3 thin_disk 9.4008632 -0.25 0.0084736 1.4751966 1.474 9.577510678 4827.252321 2.641 -0.796 -1.332 -1.415 -0.191 -0.9 -1.412
thin4 3 thin_disk 9.4008632 -0.25 0.0084736 1.475627899 1.475 10.14034299 4800.649512 2.592 -0.903 -1.446 -1.531 -0.291 -1.01 -1.528
thin4 3 thin_disk 9.4008632 -0.25 0.0084736 1.476142526 1.475 10.77091615 4771.99522 2.539 -1.018 -1.569 -1.656 -0.398 -1.128 -1.653
thin4 3 thin_disk 9.4008632 -0.25 0.0084736 1.476649284 1.476 11.43543382 4744.604321 2.487 -1.131 -1.69 -1.778 -0.503 -1.244 -1.775
thin4 3 thin_disk 9.4008632 -0.25 0.0084736 1.477142453 1.476 12.14654168 4716.284553 2.436 -1.243 -1.81 -1.9 -0.608 -1.359 -1.897
thin4 3 thin_disk 9.4008632 -0.25 0.0084736 1.477618098 1.476 12.88702422 4688.133821 2.384 -1.355 -1.929 -2.021 -0.711 -1.473 -2.018
thin4 3 thin_disk 9.4008632 -0.25 0.0084736 1.478084922 1.477 13.69470384 4659.078201 2.332 -1.468 -2.05 -2.144 -0.816 -1.589 -2.141
thin4 3 thin_disk 9.4008632 -0.25 0.0084736 1.478537321 1.477 14.55970732 4629.136638 2.279 -1.582 -2.173 -2.268 -0.922 -1.707 -2.266
thin4 3 thin_disk 9.4008632 -0.25 0.0084736 1.478966474 1.478 15.47222046 4600.446664 2.226 -1.695 -2.294 -2.392 -1.026 -1.823 -2.389
thin4 3 thin_disk 9.4008632 -0.25 0.0084736 1.47936976 1.478 16.43057056 4570.881896 2.174 -1.808 -2.415 -2.515 -1.13 -1.939 -2.512
thin4 3 thin_disk 9.4008632 -0.25 0.0084736 1.479743361 1.478 17.44828092 4541.507126 2.122 -1.918 -2.535 -2.636 -1.232 -2.053 -2.633
thin4 3 thin_disk 9.4008632 -0.25 0.0084736 1.480104923 1.479 18.55037293 4512.321133 2.068 -2.031 -2.657 -2.761 -1.336 -2.17 -2.758
thin4 3 thin_disk 9.4008632 -0.25 0.0084736 1.480430841 1.479 19.70845794 4482.2905 2.016 -2.14 -2.775 -2.882 -1.436 -2.282 -2.879
thin4 3 thin_disk 9.4008632 -0.25 0.0084736 1.480742097 1.479 20.92920081 4453.485063 1.964 -2.251 -2.892 -3.002 -1.537 -2.395 -2.999
thin4 3 thin_disk 9.4008632 -0.25 0.0084736 1.481032848 1.479 22.23579415 4423.845998 1.912 -2.36 -3.006 -3.121 -1.636 -2.506 -3.117
thin4 3 thin_disk 9.4008632 -0.25 0.0084736 1.481302977 1.479 23.59677464 4394.404189 1.86 -2.469 -3.12 -3.239 -1.734 -2.616 -3.235
thin4 3 thin_disk 9.4008632 -0.25 0.0084736 1.481557131 1.48 25.06990249 4365.158322 1.807 -2.578 -3.233 -3.357 -1.832 -2.727 -3.354
thin4 3 thin_disk 9.4008632 -0.25 0.0084736 1.4817909 1.48 26.6166041 4335.108784 1.755 -2.684 -3.345 -3.474 -1.927 -2.835 -3.47
thin4 3 thin_disk 9.4008632 -0.25 0.0084736 1.48201108 1.48 28.24571969 4306.257543 1.703 -2.791 -3.456 -3.591 -2.023 -2.944 -3.587
thin4 3 thin_disk 9.4008632 -0.25 0.0084736 1.482215762 1.48 30.00216843 4275.628862 1.651 -2.897 -3.568 -3.708 -2.117 -3.052 -3.704
thin4 3 thin_disk 9.4008632 -0.25 0.0084736 1.482406735 1.48 31.85316893 4246.195639 1.6 -3.003 -3.678 -3.824 -2.211 -3.16 -3.82
thin4 3 thin_disk 9.4008632 -0.25 0.0084736 1.482586265 1.48 33.80279759 4217.936138 1.548 -3.108 -3.788 -3.94 -2.304 -3.267 -3.936
thin4 3 thin_disk 9.4008632 -0.25 0.0084736 1.482752323 1.48 35.86349783 4187.935651 1.496 -3.212 -3.898 -4.056 -2.396 -3.374 -4.051
thin4 3 thin_disk 9.4008632 -0.25 0.0084736 1.482909083 1.48 38.07611632 4159.106105 1.445 -3.318 -4.013 -4.175 -2.491 -3.484 -4.171
thin4 3 thin_disk 9.4008632 -0.25 0.0084736 1.483056188 1.48 40.3973284 4129.524052 1.393 -3.424 -4.129 -4.295 -2.585 -3.594 -4.29
thin4 3 thin_disk 9.4008632 -0.25 0.0084736 1.483189106 1.48 42.84031395 4101.096609 1.342 -3.526 -4.24 -4.411 -2.676 -3.7 -4.406
thin4 3 thin_disk 9.4008632 -0.25 0.0084736 1.48331964 1.48 45.48337099 4072.864858 1.29 -3.632 -4.355 -4.531 -2.772 -3.811 -4.526
thin4 3 thin_disk 9.4008632 -0.25 0.0084736 1.483435988 1.48 48.14516117 4043.896205 1.24 -3.734 -4.466 -4.646 -2.861 -3.917 -4.641
thin4 3 thin_disk 9.4008632 -0.25 0.0084736 1.483547449 1.479 51.08020656 4015.133594 1.189 -3.836 -4.578 -4.763 -2.952 -4.023 -4.758
thin4 3 thin_disk 9.4008632 -0.25 0.0084736 1.483652353 1.479 54.13182197 3986.57556 1.138 -3.938 -4.689 -4.88 -3.043 -4.13 -4.875
thin4 3 thin_disk 9.4008632 -0.25 0.0084736 1.483748317 1.479 57.36574589 3958.220648 1.088 -4.038 -4.799 -4.994 -3.13 -4.235 -4.989
thin4 3 thin_disk 9.4008632 -0.25 0.0084736 1.483839512 1.479 60.72291964 3930.067413 1.038 -4.138 -4.908 -5.108 -3.218 -4.339 -5.103
thin4 3 thin_disk 9.4008632 -0.25 0.0084736 1.483925343 1.479 64.35060656 3902.114421 0.988 -4.238 -5.017 -5.223 -3.306 -4.444 -5.217
thin4 3 thin_disk 9.4008632 -0.25 0.0084736 1.484024286 1.478 69.11187012 3866.339621 0.926 -4.362 -5.152 -5.365 -3.414 -4.573 -5.359
thin4 3 thin_disk 9.4008632 -0.25 0.0084736 1.484115839 1.478 74.14001078 3830.892806 0.865 -4.485 -5.286 -5.505 -3.52 -4.701 -5.499
thin4 3 thin_disk 9.4008632 -0.25 0.0084736 1.484199405 1.477 79.47904587 3794.897062 0.804 -4.604 -5.416 -5.643 -3.622 -4.826 -5.637
thin4 3 thin_disk 9.4008632 -0.25 0.0084736 1.484279156 1.476 85.30070977 3759.23954 0.742 -4.726 -5.549 -5.782 -3.726 -4.954 -5.776
thin4 3 thin_disk 9.4008632 -0.25 0.0084736 1.484353185 1.476 91.54879764 3723.917063 0.681 -4.847 -5.68 -5.921 -3.828 -5.08 -5.915
thin4 3 thin_disk 9.4008632 -0.25 0.0084736 1.484421253 1.475 98.02856491 3688.926481 0.621 -4.966 -5.81 -6.057 -3.926 -5.204 -6.051
thin4 3 thin_disk 9.4008632 -0.25 0.0084736 1.484484315 1.474 105.0636888 3652.582214 0.561 -5.083 -5.937 -6.192 -4.021 -5.327 -6.185
thin4 3 thin_disk 9.4008632 -0.25 0.0084736 1.484543681 1.473 112.4741306 3616.59602 0.502 -5.199 -6.063 -6.325 -4.113 -5.447 -6.318
thin4 3 thin_disk 9.4008632 -0.25 0.0084736 1.484600544 1.472 120.0197298 3582.613846 0.445 -5.312 -6.184 -6.453 -4.2 -5.565 -6.446
thin4 3 thin_disk 9.4008632 -0.25 0.0084736 1.484620333 1.471 122.617553 3571.083458 0.426 -5.35 -6.224 -6.496 -4.229 -5.604 -6.488
thin4 3 thin_disk 9.4008632 -0.25 0.0084736 1.484620333 1.471 10.77339653 4907.948534 2.538 -1.101 -1.614 -1.693 -4.229 -5.604 -6.488
thin4 3 thin_disk 9.4008632 -0.25 0.0084736 1.485219002 1.472 10.99139068 4895.533198 2.521 -1.137 -1.653 -1.733 -0.549 -1.234 -1.731
thin4 3 thin_disk 9.4008632 -0.25 0.0084736 1.485814452 1.473 11.08798539 4891.026321 2.513 -1.154 -1.671 -1.752 -0.565 -1.251 -1.749
thin4 3 thin_disk 9.4008632 -0.25 0.0084736 1.486417651 1.473 11.10842903 4892.152651 2.512 -1.158 -1.674 -1.755 -0.569 -1.255 -1.752
thin4 3 thin_disk 9.4008632 -0.25 0.0084736 1.487026095 1.474 11.09309277 4895.533198 2.514 -1.156 -1.672 -1.752 -0.568 -1.253 -1.75
thin4 3 thin_disk 9.4008632 -0.25 0.0084736 1.487638473 1.475 11.07777767 4898.916081 2.516 -1.155 -1.67 -1.75 -0.568 -1.251 -1.747
thin4 3 thin_disk 9.4008632 -0.25 0.0084736 1.487922192 1.475 11.06757936 4901.172635 2.516 -1.154 -1.668 -1.748 -0.568 -1.251 -1.746
thin4 3 thin_disk 9.4008632 -0.25 0.0084736 1.488217592 1.475 11.0497549 4902.301301 2.517 -1.153 -1.667 -1.747 -0.567 -1.25 -1.744
thin4 3 thin_disk 9.4008632 -0.25 0.0084736 1.488800526 1.476 11.03449964 4905.688861 2.519 -1.152 -1.665 -1.745 -0.567 -1.248 -1.742
thin4 3 thin_disk 9.4008632 -0.25 0.0084736 1.489362478 1.477 11.01926544 4909.078762 2.52 -1.151 -1.663 -1.743 -0.566 -1.247 -1.74
thin4 3 thin_disk 9.4008632 -0.25 0.0084736 1.489956498 1.477 11.00405227 4912.471005 2.521 -1.15 -1.662 -1.741 -0.567 -1.246 -1.738
thin4 3 thin_disk 9.4008632 -0.25 0.0084736 1.490505219 1.478 11.00658634 4914.733802 2.522 -1.15 -1.661 -1.74 -0.567 -1.246 -1.738
thin4 3 thin_disk 9.4008632 -0.25 0.0084736 1.491074443 1.478 10.99645357 4916.997642 2.522 -1.151 -1.661 -1.74 -0.569 -1.246 -1.738
thin4 3 thin_disk 9.4008632 -0.25 0.0084736 1.491624117 1.479 10.99898589 4919.262524 2.522 -1.152 -1.662 -1.741 -0.57 -1.247 -1.738
thin4 3 thin_disk 9.4008632 -0.25 0.0084736 1.492225885 1.48 11.00151879 4921.52845 2.522 -1.154 -1.663 -1.742 -0.572 -1.248 -1.739
thin4 3 thin_disk 9.4008632 -0.25 0.0084736 1.492770791 1.48 11.009121 4922.661804 2.522 -1.155 -1.664 -1.743 -0.574 -1.25 -1.74
thin4 3 thin_disk 9.4008632 -0.25 0.0084736 1.49290669 1.48 11.00405227 4923.79542 2.522 -1.156 -1.664 -1.743 -0.575 -1.25 -1.74
thin4 3 thin_disk 9.4008632 -0.25 0.0084736 1.493041396 1.48 11.00405227 4923.79542 2.522 -1.156 -1.664 -1.743 -0.576 -1.251 -1.741
thin4 3 thin_disk 9.4008632 -0.25 0.0084736 1.493625283 1.481 11.01165623 4924.929296 2.522 -1.159 -1.666 -1.745 -0.578 -1.253 -1.743
thin4 3 thin_disk 9.4008632 -0.25 0.0084736 1.494181037 1.482 11.03195915 4926.063433 2.521 -1.161 -1.668 -1.747 -0.581 -1.255 -1.745
thin4 3 thin_disk 9.4008632 -0.25 0.0084736 1.494761586 1.482 11.03958239 4927.197832 2.521 -1.164 -1.671 -1.75 -0.584 -1.258 -1.747
thin4 3 thin_disk 9.4008632 -0.25 0.0084736 1.495326877 1.483 11.04721089 4928.332492 2.52 -1.167 -1.674 -1.753 -0.588 -1.261 -1.75
thin4 3 thin_disk 9.4008632 -0.25 0.0084736 1.495875835 1.484 11.07267734 4928.332492 2.519 -1.171 -1.678 -1.756 -0.592 -1.265 -1.754
thin4 3 thin_disk 9.4008632 -0.25 0.0084736 1.496433377 1.484 11.08032872 4929.467413 2.517 -1.175 -1.682 -1.761 -0.596 -1.269 -1.758
thin4 3 thin_disk 9.4008632 -0.25 0.0084736 1.497023821 1.485 11.11098714 4928.332492 2.515 -1.18 -1.687 -1.766 -0.601 -1.274 -1.763
thin4 3 thin_disk 9.4008632 -0.25 0.0084736 1.497072458 1.485 11.1237865 4928.332492 2.515 -1.181 -1.688 -1.766 -0.601 -1.275 -1.764
thin4 3 thin_disk 9.4008632 -0.25 0.0084736 1.497450352 1.485 11.13660061 4928.332492 2.513 -1.185 -1.692 -1.771 -0.605 -1.279 -1.768
thin4 3 thin_disk 9.4008632 -0.25 0.0084736 1.498040795 1.486 11.18542898 4926.063433 2.51 -1.192 -1.699 -1.778 -0.612 -1.286 -1.775
thin4 3 thin_disk 9.4008632 -0.25 0.0084736 1.498617888 1.486 11.22929897 4924.929296 2.507 -1.2 -1.707 -1.786 -0.619 -1.294 -1.784
thin4 3 thin_disk 9.4008632 -0.25 0.0084736 1.499170065 1.487 11.28372894 4921.52845 2.503 -1.208 -1.717 -1.796 -0.627 -1.303 -1.793
thin4 3 thin_disk 9.4008632 -0.25 0.0084736 1.499736667 1.488 11.35148409 4918.129953 2.498 -1.219 -1.728 -1.807 -0.637 -1.314 -1.805
thin4 3 thin_disk 9.4008632 -0.25 0.0084736 1.500301957 1.488 11.41964609 4914.733802 2.493 -1.231 -1.742 -1.821 -0.648 -1.326 -1.818
thin4 3 thin_disk 9.4008632 -0.25 0.0084736 1.500862837 1.489 11.51204941 4909.078762 2.486 -1.246 -1.758 -1.837 -0.661 -1.341 -1.835
thin4 3 thin_disk 9.4008632 -0.25 0.0084736 1.501423001 1.49 11.63731111 4902.301301 2.477 -1.264 -1.777 -1.857 -0.678 -1.36 -1.855
thin4 3 thin_disk 9.4008632 -0.25 0.0084736 1.501984835 1.49 11.75039984 4895.533198 2.468 -1.283 -1.799 -1.879 -0.695 -1.38 -1.876
thin4 3 thin_disk 9.4008632 -0.25 0.0084736 1.502547383 1.491 11.84002569 4891.026321 2.462 -1.295 -1.812 -1.892 -0.706 -1.392 -1.89
thin4 3 thin_disk 9.4008632 -0.25 0.0084736 1.503139496 1.491 12.19418122 4869.675252 2.436 -1.349 -1.87 -1.952 -0.754 -1.448 -1.95
thin4 3 thin_disk 9.4008632 -0.25 0.0084736 1.503708124 1.492 12.96440665 4827.252321 2.383 -1.457 -1.99 -2.074 -0.851 -1.56 -2.071
thin4 3 thin_disk 9.4008632 -0.25 0.0084736 1.503966689 1.492 13.76425294 4788.505604 2.332 -1.562 -2.106 -2.192 -0.946 -1.669 -2.189
thin4 3 thin_disk 9.4008632 -0.25 0.0084736 1.504095674 1.492 14.68427959 4746.789795 2.276 -1.677 -2.232 -2.32 -1.049 -1.788 -2.318
thin4 3 thin_disk 9.4008632 -0.25 0.0084736 1.504152536 1.492 15.5902344 4708.688923 2.223 -1.786 -2.351 -2.442 -1.147 -1.9 -2.439
thin4 3 thin_disk 9.4008632 -0.25 0.0084736 1.504179359 1.493 16.53684458 4673.045396 2.172 -1.89 -2.465 -2.559 -1.242 -2.009 -2.556
thin4 3 thin_disk 9.4008632 -0.25 0.0084736 1.504194021 1.493 17.4764269 4640.876378 2.124 -1.988 -2.573 -2.669 -1.331 -2.111 -2.666
thin4 3 thin_disk 9.4008632 -0.25 0.0084736 1.504199743 1.493 17.97432727 4623.810214 2.1 -2.038 -2.628 -2.724 -1.376 -2.162 -2.722
thin4 3 thin_disk 9.4008632 -0.25 0.0084736 1.504199862 1.492 17.97432727 4623.810214 2.1 -2.04 -2.63 -2.726 -1.377 -2.164 -2.723
thin4 3 thin_disk 9.4008632 -0.25 0.0084736 1.504203558 1.492 18.39723877 4609.990177 2.08 -2.081 -2.674 -2.772 -1.414 -2.206 -2.769
thin4 3 thin_disk 9.4008632 -0.25 0.0084736 1.504214764 1.492 19.77209301 4568.777412 2.017 -2.21 -2.816 -2.916 -1.531 -2.34 -2.913
thin4 3 thin_disk 9.4008632 -0.25 0.0084736 1.504224658 1.492 20.96296189 4535.237135 1.967 -2.313 -2.926 -3.03 -1.624 -2.446 -3.027
thin4 3 thin_disk 9.4008632 -0.25 0.0084736 1.504252195 1.492 21.48090848 4521.681832 1.945 -2.358 -2.974 -3.08 -1.665 -2.492 -3.077
thin4 3 thin_disk 9.4008632 -0.25 0.0084736 1.504300356 1.492 19.82680087 4567.725533 2.014 -2.216 -2.822 -2.923 -1.537 -2.346 -2.92
thin4 3 thin_disk 9.4008632 -0.25 0.0084736 1.504673004 1.492 19.86793108 4565.622502 2.013 -2.219 -2.826 -2.926 -1.54 -2.349 -2.923
thin4 3 thin_disk 9.4008632 -0.25 0.0084736 1.504910588 1.492 21.24969226 4527.933084 1.955 -2.337 -2.952 -3.057 -1.646 -2.471 -3.054
thin4 3 thin_disk 9.4008632 -0.25 0.0084736 1.505075812 1.492 22.49327251 4495.727713 1.905 -2.439 -3.059 -3.169 -1.736 -2.574 -3.166
thin4 3 thin_disk 9.4008632 -0.25 0.0084736 1.505242825 1.492 23.92503847 4460.669021 1.851 -2.55 -3.176 -3.29 -1.835 -2.687 -3.287
thin4 3 thin_disk 9.4008632 -0.25 0.0084736 1.505387783 1.492 25.47725564 4425.883724 1.797 -2.658 -3.291 -3.411 -1.932 -2.798 -3.407
thin4 3 thin_disk 9.4008632 -0.25 0.0084736 1.505516291 1.492 27.08648465 4392.380957 1.743 -2.768 -3.407 -3.532 -2.029 -2.91 -3.528
thin4 3 thin_disk 9.4008632 -0.25 0.0084736 1.505630374 1.491 28.84381124 4358.128186 1.689 -2.878 -3.523 -3.653 -2.126 -3.022 -3.649
thin4 3 thin_disk 9.4008632 -0.25 0.0084736 1.50573206 1.491 30.72929841 4323.146969 1.634 -2.987 -3.638 -3.775 -2.222 -3.134 -3.771
thin4 3 thin_disk 9.4008632 -0.25 0.0084736 1.505822897 1.49 32.72296477 4289.4341 1.58 -3.096 -3.753 -3.896 -2.318 -3.245 -3.892
thin4 3 thin_disk 9.4008632 -0.25 0.0084736 1.505904078 1.49 34.7898571 4256.964221 1.525 -3.204 -3.867 -4.016 -2.412 -3.355 -4.012
thin4 3 thin_disk 9.4008632 -0.25 0.0084736 1.505978465 1.489 37.34673541 4204.361011 1.464 -3.315 -3.994 -4.151 -2.504 -3.474 -4.146
thin4 3 thin_disk 9.4008632 -0.25 0.0084736 1.506045818 1.489 39.87058839 4163.89721 1.407 -3.424 -4.116 -4.279 -2.598 -3.588 -4.274
thin4 3 thin_disk 9.4008632 -0.25 0.0084736 1.506109834 1.488 42.40847395 4131.426206 1.353 -3.532 -4.234 -4.401 -2.693 -3.701 -4.397
thin4 3 thin_disk 9.4008632 -0.25 0.0084736 1.506170273 1.487 45.08713555 4100.152405 1.299 -3.64 -4.352 -4.524 -2.789 -3.813 -4.519
thin4 3 thin_disk 9.4008632 -0.25 0.0084736 1.506225109 1.486 47.93499041 4069.115338 1.246 -3.745 -4.468 -4.645 -2.882 -3.924 -4.64
thin4 3 thin_disk 9.4008632 -0.25 0.0084736 1.506279588 1.485 50.9275337 4037.383465 1.193 -3.851 -4.584 -4.766 -2.975 -4.034 -4.761
thin4 3 thin_disk 9.4008632 -0.25 0.0084736 1.506334662 1.483 54.16922783 4005.899043 1.139 -3.957 -4.701 -4.889 -3.069 -4.146 -4.884
thin4 3 thin_disk 9.4008632 -0.25 0.0084736 1.506389737 1.482 57.73679135 3972.830167 1.083 -4.065 -4.82 -5.013 -3.163 -4.259 -5.008
thin4 3 thin_disk 9.4008632 -0.25 0.0084736 1.506441236 1.48 61.66697496 3938.220241 1.025 -4.18 -4.946 -5.145 -3.263 -4.379 -5.14
thin4 3 thin_disk 9.4008632 -0.25 0.0084736 1.506479502 1.478 66.18394415 3901.21603 0.963 -4.3 -5.079 -5.285 -3.368 -4.506 -5.28
thin4 3 thin_disk 9.4008632 -0.25 0.0084736 1.506503224 1.476 70.54279205 3869.011317 0.908 -4.409 -5.198 -5.41 -3.462 -4.62 -5.405
thin4 3 thin_disk 9.4008632 -0.25 0.0084736 1.506523848 1.475 75.17140107 3835.305825 0.852 -4.519 -5.318 -5.537 -3.556 -4.734 -5.531
thin4 3 thin_disk 9.4008632 -0.25 0.0084736 1.506542683 1.473 80.26988575 3800.143529 0.795 -4.629 -5.439 -5.665 -3.65 -4.85 -5.659
thin4 3 thin_disk 9.4008632 -0.25 0.0084736 1.506560445 1.471 86.07016685 3761.837228 0.733 -4.748 -5.569 -5.802 -3.748 -4.975 -5.796
thin4 3 thin_disk 9.4008632 -0.25 0.0084736 1.506576061 1.469 91.54879764 3728.206849 0.679 -4.852 -5.684 -5.924 -3.835 -5.085 -5.918
thin4 3 thin_disk 9.4008632 -0.25 0.0084736 1.506593347 1.466 97.73556881 3692.325673 0.622 -4.961 -5.803 -6.05 -3.923 -5.198 -6.044
thin4 3 thin_disk 9.4008632 -0.25 0.0084736 1.506607294 1.464 102.5067926 3666.063642 0.579 -5.043 -5.893 -6.145 -3.989 -5.284 -6.139
thin4 3 thin_disk 9.4008632 -0.25 0.0084736 1.506611943 1.463 103.0036572 3663.53209 0.575 -5.049 -5.9 -6.153 -3.994 -5.291 -6.146
thin4 3 thin_disk 9.4008632 -0.25 0.0084736 1.50661242 1.463 100.3350439 3677.900704 0.598 -5.006 -5.852 -6.102 -3.959 -5.245 -6.096
thin4 3 thin_disk 9.4008632 -0.25 0.0084736 1.506612539 1.463 93.72439482 3714.496898 0.657 -4.889 -5.725 -5.968 -3.864 -5.123 -5.962
thin4 3 thin_disk 9.4008632 -0.25 0.0084736 1.506612658 1.463 88.23738824 3745.41547 0.709 -4.787 -5.614 -5.85 -3.779 -5.017 -5.844
thin4 3 thin_disk 9.4008632 -0.25 0.0084736 1.506612778 1.463 97.78058807 3691.475582 0.619 -4.963 -5.806 -6.053 -3.924 -5.201 -6.047
thin4 3 thin_disk 9.4008632 -0.25 0.0084736 1.506612897 1.463 102.2239468 3666.907882 0.581 -5.037 -5.887 -6.139 -3.984 -5.279 -6.132
thin4 3 thin_disk 9.4008632 -0.25 0.0084736 1.506613016 1.463 101.0305332 3673.668801 0.592 -5.017 -5.864 -6.115 -3.967 -5.257 -6.109
thin4 3 thin_disk 9.4008632 -0.25 0.0084736 1.506613135 1.462 95.13769932 3705.953792 0.644 -4.916 -5.754 -5.998 -3.886 -5.151 -5.992
thin4 3 thin_disk 9.4008632 -0.25 0.0084736 1.506613851 1.462 94.98447898 3706.807218 0.645 -4.912 -5.75 -5.994 -3.883 -5.148 -5.988
thin4 3 thin_disk 9.4008632 -0.25 0.0084736 1.506615162 1.462 98.09630404 3689.775986 0.617 -4.967 -5.811 -6.058 -3.928 -5.205 -6.052
thin4 3 thin_disk 9.4008632 -0.25 0.0084736 1.506616354 1.462 102.8851381 3663.53209 0.575 -5.048 -5.899 -6.152 -3.993 -5.29 -6.145
thin4 3 thin_disk 9.4008632 -0.25 0.0084736 1.506617784 1.462 109.9392183 3626.602862 0.518 -5.159 -6.02 -6.28 -4.081 -5.406 -6.274
thin4 3 thin_disk 9.4008632 -0.25 0.0084736 1.506619215 1.461 116.7757445 3592.526662 0.466 -5.26 -6.13 -6.397 -4.156 -5.512 -6.39
thin4 3 thin_disk 9.4008632 -0.25 0.0084736 1.506621122 1.461 123.6951424 3559.59018 0.415 -5.359 -6.236 -6.51 -4.229 -5.614 -6.502
thin4 3 thin_disk 9.4008632 -0.25 0.0084736 1.506624222 1.459 132.145581 3522.086356 0.358 -5.468 -6.354 -6.636 -4.304 -5.728 -6.628
thin4 3 thin_disk 9.4008632 -0.25 0.0084736 1.50662601 1.459 135.1925142 3508.326469 0.337 -5.508 -6.397 -6.681 -4.33 -5.769 -6.674
thin4 3 thin_disk 9.4008632 -0.25 0.0084736 1.506626129 1.459 135.1925142 3508.326469 0.337 -5.508 -6.397 -6.681 -4.33 -5.769 -6.674
thin4 3 thin_disk 9.4008632 -0.25 0.0084736 1.506626487 1.459 92.65154054 3714.496898 0.665 -4.865 -5.702 -5.944 -3.842 -5.1 -5.938
thin4 3 thin_disk 9.4008632 -0.25 0.0084736 1.506626725 1.458 80.75188053 3793.14985 0.785 -4.636 -5.448 -5.675 -3.653 -4.858 -5.669
thin4 3 thin_disk 9.4008632 -0.25 0.0084736 1.50662744 1.458 56.94461287 4000.36851 1.088 -4.062 -4.806 -4.995 -3.17 -4.25 -4.99
thin4 3 thin_disk 9.4008632 -0.25 0.0084736 1.506628633 1.458 57.92321309 3989.330341 1.074 -4.088 -4.835 -5.027 -3.192 -4.278 -5.022
thin4 3 thin_disk 9.4008632 -0.25 0.0084736 1.506630182 1.457 68.65191322 3885.97498 0.926 -4.366 -5.148 -5.358 -3.426 -4.573 -5.352
thin4 3 thin_disk 9.4008632 -0.25 0.0084736 1.50663209 1.456 89.01283738 3733.361117 0.7 -4.795 -5.626 -5.864 -3.781 -5.027 -5.858
thin4 3 thin_disk 9.4008632 -0.25 0.0084736 1.506634355 1.455 112.3188491 3602.466907 0.497 -5.184 -6.052 -6.317 -4.088 -5.435 -6.31
thin4 3 thin_disk 9.4008632 -0.25 0.0084736 1.506637096 1.454 131.4778655 3514.795001 0.36 -5.453 -6.341 -6.623 -4.281 -5.713 -6.616
thin4 3 thin_disk 9.4008632 -0.25 0.0084736 1.506640196 1.453 143.5663453 3465.77209 0.283 -5.6 -6.499 -6.793 -4.38 -5.866 -6.785
thin4 3 thin_disk 9.4008632 -0.25 0.0084736 1.506643772 1.451 150.1248702 3440.329188 0.244 -5.677 -6.58 -6.88 -4.422 -5.944 -6.871
thin4 3 thin_disk 9.4008632 -0.25 0.0084736 1.506647706 1.45 154.7222046 3422.157552 0.218 -5.726 -6.632 -6.936 -4.448 -5.994 -6.927
thin4 3 thin_disk 9.4008632 -0.25 0.0084736 1.506647825 1.45 118.9193823 3562.049907 0.446 -5.274 -6.152 -6.424 -4.147 -5.529 -6.417
thin4 3 thin_disk 9.4008632 -0.25 0.0084736 1.506648421 1.449 93.07920062 3697.430335 0.658 -4.86 -5.703 -5.948 -3.826 -5.098 -5.941
thin4 3 thin_disk 9.4008632 -0.25 0.0084736 1.506649256 1.449 65.60737246 3900.317845 0.962 -4.28 -5.059 -5.265 -3.347 -4.485 -5.26
thin4 3 thin_disk 9.4008632 -0.25 0.0084736 1.506650686 1.448 66.52006193 3891.347363 0.95 -4.302 -5.083 -5.292 -3.365 -4.509 -5.286
thin4 3 thin_disk 9.4008632 -0.25 0.0084736 1.506652355 1.447 78.38855248 3794.897062 0.807 -4.573 -5.386 -5.612 -3.591 -4.796 -5.606
thin4 3 thin_disk 9.4008632 -0.25 0.0084736 1.50665462 1.446 100.8910507 3650.900525 0.588 -4.993 -5.848 -6.102 -3.93 -5.237 -6.096
thin4 3 thin_disk 9.4008632 -0.25 0.0084736 1.506657362 1.445 126.1399472 3526.955661 0.393 -5.372 -6.258 -6.538 -4.213 -5.632 -6.53
thin4 3 thin_disk 9.4008632 -0.25 0.0084736 1.506660461 1.443 146.3364937 3446.672349 0.263 -5.627 -6.529 -6.827 -4.381 -5.894 -6.819
thin4 3 thin_disk 9.4008632 -0.25 0.0084736 1.506664157 1.441 158.3626078 3404.081897 0.195 -5.762 -6.671 -6.979 -4.46 -6.031 -6.97
thin4 3 thin_disk 9.4008632 -0.25 0.0084736 1.50666821 1.439 164.1166505 3384.542719 0.163 -5.822 -6.735 -7.048 -4.492 -6.093 -7.038
thin4 3 thin_disk 9.4008632 -0.25 0.0084736 1.506672859 1.437 167.2833222 3373.649809 0.146 -5.854 -6.769 -7.084 -4.504 -6.126 -7.074
thin4 3 thin_disk 9.4008632 -0.25 0.0084736 1.506672978 1.437 130.3324757 3505.903839 0.363 -5.424 -6.315 -6.599 -4.244 -5.686 -6.592
thin4 3 thin_disk 9.4008632 -0.25 0.0084736 1.506673574 1.436 102.0828167 3639.988403 0.574 -5.01 -5.869 -6.125 -3.941 -5.256 -6.119
thin4 3 thin_disk 9.4008632 -0.25 0.0084736 1.506674647 1.436 71.88737821 3841.492592 0.879 -4.427 -5.225 -5.442 -3.468 -4.642 -5.437
thin4 3 thin_disk 9.4008632 -0.25 0.0084736 1.506676197 1.435 72.85387308 3833.540008 0.867 -4.449 -5.25 -5.469 -3.486 -4.666 -5.463
thin4 3 thin_disk 9.4008632 -0.25 0.0084736 1.506678224 1.434 85.75365603 3738.522511 0.725 -4.717 -5.547 -5.784 -3.706 -4.949 -5.778
thin4 3 thin_disk 9.4008632 -0.25 0.0084736 1.506680727 1.432 109.812719 3597.493352 0.51 -5.13 -6 -6.265 -4.031 -5.382 -6.258
thin4 3 thin_disk 9.4008632 -0.25 0.0084736 1.506683826 1.43 136.7579698 3476.161938 0.319 -5.503 -6.401 -6.692 -4.294 -5.769 -6.684
thin4 3 thin_disk 9.4008632 -0.25 0.0084736 1.506687403 1.428 158.2168176 3397.817118 0.192 -5.753 -6.665 -6.973 -4.444 -6.024 -6.964
thin4 3 thin_disk 9.4008632 -0.25 0.0084736 1.506691575 1.425 170.6682144 3357.376142 0.125 -5.884 -6.801 -7.12 -4.502 -6.156 -7.11
thin4 3 thin_disk 9.4008632 -0.25 0.0084736 1.506696343 1.422 176.6658653 3338.105052 0.095 -5.941 -6.861 -7.185 -4.524 -6.214 -7.175
thin4 3 thin_disk 9.4008632 -0.25 0.0084736 1.506701589 1.419 179.7846649 3328.12784 0.078 -5.97 -6.892 -7.219 -4.534 -6.244 -7.208
thin4 3 thin_disk 9.4008632 -0.25 0.0084736 1.506701827 1.419 142.4467827 3451.437393 0.28 -5.571 -6.474 -6.77 -4.332 -5.838 -6.762
thin4 3 thin_disk 9.4008632 -0.25 0.0084736 1.506702423 1.419 111.7255869 3585.089483 0.49 -5.158 -6.032 -6.299 -4.049 -5.412 -6.292
thin4 3 thin_disk 9.4008632 -0.25 0.0084736 1.506703496 1.418 78.58735008 3787.913038 0.796 -4.573 -5.388 -5.615 -3.587 -4.796 -5.609
thin4 3 thin_disk 9.4008632 -0.25 0.0084736 1.506705165 1.417 79.68060902 3779.20108 0.784 -4.595 -5.413 -5.642 -3.606 -4.82 -5.636
thin4 3 thin_disk 9.4008632 -0.25 0.0084736 1.506707311 1.415 93.61655271 3684.681891 0.644 -4.859 -5.705 -5.952 -3.818 -5.099 -5.946
thin4 3 thin_disk 9.4008632 -0.25 0.0084736 1.506710052 1.413 119.2758842 3546.500292 0.433 -5.265 -6.148 -6.423 -4.126 -5.523 -6.415
thin4 3 thin_disk 9.4008632 -0.25 0.0084736 1.50671339 1.41 147.7925848 3427.677865 0.246 -5.631 -6.537 -6.838 -4.36 -5.899 -6.829
thin4 3 thin_disk 9.4008632 -0.25 0.0084736 1.506717324 1.408 170.3933514 3350.425767 0.121 -5.873 -6.791 -7.112 -4.48 -6.146 -7.102
thin4 3 thin_disk 9.4008632 -0.25 0.0084736 1.506721735 1.404 183.4647548 3309.786651 0.056 -5.999 -6.923 -7.255 -4.527 -6.274 -7.244
thin4 3 thin_disk 9.4008632 -0.25 0.0084736 1.506726742 1.4 189.6062482 3291.546539 0.026 -6.055 -6.981 -7.318 -4.534 -6.329 -7.306
thin4 3 thin_disk 9.4008632 -0.25 0.0084736 1.506732464 1.396 192.953493 3281.708485 0.01 -6.083 -7.01 -7.35 -4.536 -6.357 -7.338
thin4 3 thin_disk 9.4008632 -0.25 0.0084736 1.506732702 1.396 156.2257596 3393.907488 0.193 -5.723 -6.635 -6.945 -4.407 -5.994 -6.935
thin4 3 thin_disk 9.4008632 -0.25 0.0084736 1.506733298 1.395 122.7022834 3526.955661 0.402 -5.312 -6.199 -6.478 -4.153 -5.572 -6.47
thin4 3 thin_disk 9.4008632 -0.25 0.0084736 1.50673449 1.394 86.16931585 3731.642237 0.709 -4.723 -5.555 -5.793 -3.708 -4.955 -5.787
thin4 3 thin_disk 9.4008632 -0.25 0.0084736 1.506736159 1.393 87.36805044 3723.059698 0.696 -4.745 -5.58 -5.82 -3.726 -4.979 -5.814
thin4 3 thin_disk 9.4008632 -0.25 0.0084736 1.506738424 1.391 102.294585 3629.944626 0.559 -5.005 -5.867 -6.125 -3.93 -5.253 -6.118
thin4 3 thin_disk 9.4008632 -0.25 0.0084736 1.506741166 1.388 129.7336524 3493.815764 0.352 -5.403 -6.297 -6.583 -4.211 -5.666 -6.575
thin4 3 thin_disk 9.4008632 -0.25 0.0084736 1.506744623 1.385 159.7543325 3377.536103 0.169 -5.758 -6.673 -6.986 -4.416 -6.03 -6.976
thin4 3 thin_disk 9.4008632 -0.25 0.0084736 1.506748557 1.381 183.4647548 3302.174353 0.048 -5.993 -6.918 -7.252 -4.5 -6.268 -7.241
thin4 3 thin_disk 9.4008632 -0.25 0.0084736 1.506753206 1.377 197.3116121 3262.120504 -0.016 -6.117 -7.045 -7.39 -4.518 -6.389 -7.377
thin4 3 thin_disk 9.4008632 -0.25 0.0084736 1.506758332 1.372 203.9166298 3244.143079 -0.046 -6.172 -7.102 -7.451 -4.522 -6.444 -7.439
thin4 3 thin_disk 9.4008632 -0.25 0.0084736 1.506764173 1.367 207.3732074 3233.702035 -0.063 -6.201 -7.131 -7.484 -4.522 -6.473 -7.471
thin4 3 thin_disk 9.4008632 -0.25 0.0084736 1.506764412 1.367 172.049195 3334.264128 0.1 -5.881 -6.801 -7.127 -4.456 -6.154 -7.116
thin4 3 thin_disk 9.4008632 -0.25 0.0084736 1.506765008 1.366 135.3170885 3466.570205 0.308 -5.473 -6.373 -6.665 -4.254 -5.739 -6.657
thin4 3 thin_disk 9.4008632 -0.25 0.0084736 1.506766081 1.365 94.89703532 3674.514792 0.616 -4.881 -5.729 -5.979 -3.832 -5.121 -5.972
thin4 3 thin_disk 9.4008632 -0.25 0.0084736 1.506767631 1.363 96.26150444 3665.219597 0.603 -4.904 -5.755 -6.007 -3.851 -5.146 -6
thin4 3 thin_disk 9.4008632 -0.25 0.0084736 1.506769776 1.36 112.3705858 3572.728382 0.467 -5.16 -6.036 -6.305 -4.041 -5.414 -6.298
thin4 3 thin_disk 9.4008632 -0.25 0.0084736 1.506772399 1.357 141.466186 3439.537114 0.266 -5.546 -6.451 -6.75 -4.291 -5.814 -6.741
thin4 3 thin_disk 9.4008632 -0.25 0.0084736 1.506775498 1.353 173.4014181 3325.063932 0.088 -5.89 -6.812 -7.14 -4.448 -6.164 -7.129
thin4 3 thin_disk 9.4008632 -0.25 0.0084736 1.506779194 1.348 198.5421154 3250.124519 -0.03 -6.119 -7.049 -7.396 -4.488 -6.391 -7.384
thin4 3 thin_disk 9.4008632 -0.25 0.0084736 1.506783605 1.343 213.0358262 3210.702011 -0.093 -6.239 -7.171 -7.529 -4.494 -6.509 -7.515
thin4 3 thin_disk 9.4008632 -0.25 0.0084736 1.506788373 1.337 220.1165234 3191.537855 -0.124 -6.293 -7.227 -7.59 -4.491 -6.562 -7.575
thin4 3 thin_disk 9.4008632 -0.25 0.0084736 1.506793857 1.331 224.2087951 3180.533688 -0.142 -6.323 -7.257 -7.624 -4.485 -6.591 -7.608
thin4 3 thin_disk 9.4008632 -0.25 0.0084736 1.506793976 1.33 190.3498964 3268.13509 0 -6.043 -6.972 -7.314 -4.461 -6.316 -7.302
thin4 3 thin_disk 9.4008632 -0.25 0.0084736 1.506794572 1.329 149.952132 3400.948065 0.207 -5.64 -6.551 -6.859 -4.335 -5.91 -6.849
thin4 3 thin_disk 9.4008632 -0.25 0.0084736 1.506795645 1.327 104.822049 3610.771451 0.517 -5.042 -5.908 -6.17 -3.952 -5.291 -6.163
thin4 3 thin_disk 9.4008632 -0.25 0.0084736 1.506797075 1.325 106.3292241 3601.637504 0.504 -5.065 -5.933 -6.197 -3.968 -5.315 -6.19
thin4 3 thin_disk 9.4008632 -0.25 0.0084736 1.506798983 1.321 123.6951424 3510.750772 0.371 -5.316 -6.206 -6.489 -4.141 -5.577 -6.481
thin4 3 thin_disk 9.4008632 -0.25 0.0084736 1.506801486 1.317 154.8291198 3379.870029 0.175 -5.69 -6.605 -6.918 -4.352 -5.962 -6.908
thin4 3 thin_disk 9.4008632 -0.25 0.0084736 1.506804347 1.311 188.3877438 3268.13509 0.003 -6.021 -6.949 -7.292 -4.437 -6.294 -7.28
thin4 3 thin_disk 9.4008632 -0.25 0.0084736 1.506807804 1.305 214.3643912 3195.214365 -0.112 -6.239 -7.173 -7.536 -4.448 -6.508 -7.52
thin4 3 thin_disk 9.4008632 -0.25 0.0084736 1.506811857 1.298 229.4841235 3156.457891 -0.173 -6.352 -7.288 -7.662 -4.443 -6.618 -7.644
thin4 3 thin_disk 9.4008632 -0.25 0.0084736 1.506816387 1.29 236.5661733 3137.61751 -0.202 -6.402 -7.339 -7.717 -4.435 -6.665 -7.699
thin4 3 thin_disk 9.4008632 -0.25 0.0084736 1.506821394 1.281 240.7978721 3126.079367 -0.22 -6.428 -7.366 -7.747 -4.426 -6.69 -7.728
thin4 3 thin_disk 9.4008632 -0.25 0.0084736 1.506821513 1.28 209.0993317 3201.842758 -0.098 -6.191 -7.124 -7.484 -4.42 -6.46 -7.47
thin4 3 thin_disk 9.4008632 -0.25 0.0084736 1.506822109 1.279 165.0641063 3334.264128 0.107 -5.79 -6.71 -7.035 -4.366 -6.063 -7.025
thin4 3 thin_disk 9.4008632 -0.25 0.0084736 1.506823063 1.276 115.0939897 3546.500292 0.419 -5.189 -6.071 -6.346 -4.049 -5.446 -6.339
thin4 3 thin_disk 9.4008632 -0.25 0.0084736 1.506824493 1.272 116.8026362 3536.714476 0.405 -5.212 -6.096 -6.374 -4.062 -5.471 -6.366
thin4 3 thin_disk 9.4008632 -0.25 0.0084736 1.506826281 1.267 135.5978005 3445.085463 0.274 -5.458 -6.362 -6.66 -4.211 -5.726 -6.651
thin4 3 thin_disk 9.4008632 -0.25 0.0084736 1.506828666 1.26 168.5592712 3316.652722 0.082 -5.821 -6.744 -7.074 -4.363 -6.095 -7.063
thin4 3 thin_disk 9.4008632 -0.25 0.0084736 1.506831407 1.252 203.9166298 3207.00768 -0.086 -6.141 -7.074 -7.433 -4.386 -6.411 -7.418
thin4 3 thin_disk 9.4008632 -0.25 0.0084736 1.506834745 1.243 231.2345074 3135.450869 -0.198 -6.35 -7.288 -7.665 -4.377 -6.613 -7.647
thin4 3 thin_disk 9.4008632 -0.25 0.0084736 1.50683856 1.233 246.8042561 3096.706174 -0.259 -6.457 -7.398 -7.786 -4.363 -6.715 -7.765
thin4 3 thin_disk 9.4008632 -0.25 0.0084736 1.506842852 1.221 254.6552563 3076.805194 -0.29 -6.503 -7.445 -7.839 -4.354 -6.759 -7.816
thin4 3 thin_disk 9.4008632 -0.25 0.0084736 1.50684762 1.208 258.8526675 3064.079294 -0.309 -6.528 -7.471 -7.867 -4.345 -6.781 -7.843
thin4 3 thin_disk 9.4008632 -0.25 0.0084736 1.506847739 1.207 230.2781039 3127.519311 -0.207 -6.332 -7.271 -7.65 -4.337 -6.595 -7.631
thin4 3 thin_disk 9.4008632 -0.25 0.0084736 1.506848216 1.205 181.7408876 3259.117363 -0.003 -5.935 -6.865 -7.209 -4.329 -6.208 -7.197
thin4 3 thin_disk 9.4008632 -0.25 0.0084736 1.506849051 1.2 126.5472304 3472.961749 0.31 -5.331 -6.229 -6.521 -4.118 -5.596 -6.513
thin4 3 thin_disk 9.4008632 -0.25 0.0084736 1.506850362 1.194 128.3963402 3461.784268 0.295 -5.354 -6.255 -6.549 -4.129 -5.621 -6.54
thin4 3 thin_disk 9.4008632 -0.25 0.0084736 1.506852031 1.186 148.8513044 3370.543993 0.164 -5.597 -6.513 -6.829 -4.243 -5.87 -6.818
thin4 3 thin_disk 9.4008632 -0.25 0.0084736 1.506854177 1.176 184.1419106 3243.396173 -0.024 -5.949 -6.88 -7.229 -4.3 -6.222 -7.216
thin4 3 thin_disk 9.4008632 -0.25 0.0084736 1.50685668 1.164 221.6933392 3134.728988 -0.19 -6.258 -7.196 -7.573 -4.284 -6.52 -7.555
thin4 3 thin_disk 9.4008632 -0.25 0.0084736 1.50685966 1.15 250.5836004 3062.668558 -0.302 -6.457 -7.399 -7.795 -4.273 -6.709 -7.771
thin4 3 thin_disk 9.4008632 -0.25 0.0084736 1.506862998 1.134 267.5177757 3022.73448 -0.364 -6.556 -7.502 -7.909 -4.262 -6.801 -7.88
thin4 3 thin_disk 9.4008632 -0.25 0.0084736 1.506866932 1.117 275.9005999 3000.544002 -0.398 -6.599 -7.546 -7.959 -4.25 -6.839 -7.927
thin4 3 thin_disk 9.4008632 -0.25 0.0084736 1.506871223 1.097 280.6419859 2985.382619 -0.421 -6.619 -7.568 -7.986 -4.232 -6.855 -7.952
thin4 3 thin_disk 9.4008632 -0.25 0.0084736 1.506871343 1.096 254.6552563 3038.085556 -0.337 -6.468 -7.412 -7.814 -4.218 -6.716 -7.786
thin4 3 thin_disk 9.4008632 -0.25 0.0084736 1.506871819 1.092 201.2114287 3169.567463 -0.134 -6.078 -7.014 -7.384 -4.21 -6.345 -7.367
thin4 3 thin_disk 9.4008632 -0.25 0.0084736 1.506872654 1.085 139.5573277 3386.101717 0.182 -5.47 -6.383 -6.695 -4.144 -5.741 -6.685
thin4 3 thin_disk 9.4008632 -0.25 0.0084736 1.506873846 1.075 141.6617638 3374.42671 0.164 -5.493 -6.408 -6.723 -4.146 -5.765 -6.713
thin4 3 thin_disk 9.4008632 -0.25 0.0084736 1.506875396 1.062 164.1544441 3282.464214 0.031 -5.732 -6.66 -6.999 -4.188 -6.006 -6.987
thin4 3 thin_disk 9.4008632 -0.25 0.0084736 1.506877303 1.046 202.373035 3155.004623 -0.157 -6.076 -7.014 -7.387 -4.164 -6.342 -7.369
thin4 3 thin_disk 9.4008632 -0.25 0.0084736 1.506879687 1.027 242.9140556 3045.089067 -0.324 -6.374 -7.317 -7.716 -4.144 -6.622 -7.689
thin4 3 thin_disk 9.4008632 -0.25 0.0084736 1.506882429 1.005 274.1275249 2972.350362 -0.439 -6.554 -7.504 -7.924 -4.137 -6.787 -7.888
thin4 3 thin_disk 9.4008632 -0.25 0.0084736 1.506885648 0.98 292.5180333 2930.893245 -0.505 -6.637 -7.594 -8.03 -4.118 -6.862 -7.988
thin4 3 thin_disk 9.4008632 -0.25 0.0084736 1.506889224 0.953 301.4759309 2908.70716 -0.544 -6.662 -7.627 -8.077 -4.084 -6.883 -8.032
thin4 3 thin_disk 9.4008632 -0.25 0.0084736 1.506893277 0.923 306.6568321 2894.009817 -0.573 -6.672 -7.643 -8.103 -4.053 -6.891 -8.055
thin4 3 thin_disk 9.4008632 -0.25 0.0084736 1.506913185 0.595 3.335436253e-06 10000 1.444 30.028 30.05 30.059 29.997 30.042 30.058
