# component component_index family logAge MH Zini Mini Mass radius_rsun Teff_K logg Vmag Imag Jmag_2mass Hmag_2mass Ksmag_2mass
thin4 3 thin_disk 9.4008632 -0.25 0.0084736 0.0900000036 0.09 0.1164535266 2423.817965 5.257 17.927 13.422 11.035 10.495 10.263
thin4 3 thin_disk 9.4008632 -0.25 0.0084736 0.095931381 0.096 0.12349593 2523.480772 5.234 17.615 13.123 10.736 10.196 9.961
thin4 3 thin_disk 9.4008632 -0.25 0.0084736 0.1000000015 0.1 0.1281895565 2590.597845 5.219 17.411 12.927 10.541 10.001 9.764
thin4 3 thin_disk 9.4008632 -0.25 0.0084736 0.1010119244 0.101 0.1293458934 2601.357257 5.217 17.368 12.889 10.505 9.965 9.727
thin4 3 thin_disk 9.4008632 -0.25 0.0084736 0.1200000048 0.12 0.1492975376 2794.473529 5.166 15.802 11.953 9.959 9.402 9.15
thin4 3 thin_disk 9.4008632 -0.25 0.0084736 0.1400000006 0.14 0.1686369135 2921.460374 5.127 14.77 11.327 9.554 8.988 8.735
thin4 3 thin_disk 9.4008632 -0.25 0.0084736 0.1599999964 0.16 0.1868325945 3013.699874 5.097 14.048 10.873 9.235 8.665 8.414
thin4 3 thin_disk 9.4008632 -0.25 0.0084736 0.200000003 0.2 0.2199645248 3143.402542 5.051 13.063 10.228 8.746 8.172 7.927
thin4 3 thin_disk 9.4008632 -0.25 0.0084736 0.25 0.25 0.2585548239 3253.119373 5.008 12.269 9.663 8.285 7.706 7.469
thin4 3 thin_disk 9.4008632 -0.25 0.0084736 0.3368878365 0.337 0.3296496696 3382.984438 4.927 11.297 8.912 7.634 7.046 6.817
thin4 3 thin_disk 9.4008632 -0.25 0.0084736 0.3485973477 0.349 0.3406062751 3397.817118 4.913 11.181 8.817 7.548 6.959 6.731
thin4 3 thin_disk 9.4008632 -0.25 0.0084736 0.3500000536 0.35 0.3417060316 3400.165058 4.912 11.168 8.807 7.539 6.95 6.722
thin4 3 thin_disk 9.4008632 -0.25 0.0084736 0.3556262255 0.356 0.3467788842 3410.358227 4.906 11.106 8.759 7.498 6.908 6.681
thin4 3 thin_disk 9.4008632 -0.25 0.0084736 0.4000000358 0.4 0.3841073741 3488.188934 4.868 10.656 8.415 7.203 6.606 6.383
thin4 3 thin_disk 9.4008632 -0.25 0.0084736 0.4451134801 0.445 0.4287978951 3586.740858 4.819 10.152 8.033 6.877 6.272 6.053
thin4 3 thin_disk 9.4008632 -0.25 0.0084736 0.4500000179 0.45 0.4331642886 3597.493352 4.814 10.1 7.994 6.844 6.237 6.02
thin4 3 thin_disk 9.4008632 -0.25 0.0084736 0.5 0.5 0.4849005144 3741.105883 4.763 9.495 7.555 6.478 5.859 5.65
thin4 3 thin_disk 9.4008632 -0.25 0.0084736 0.5234779119 0.523 0.509744613 3831.775004 4.74 9.182 7.334 6.297 5.67 5.469
thin4 3 thin_disk 9.4008632 -0.25 0.0084736 0.5500000119 0.55 0.5366024421 3930.972449 4.716 8.859 7.101 6.102 5.464 5.277
thin4 3 thin_disk 9.4008632 -0.25 0.0084736 0.6000000238 0.6 0.5803000993 4173.495985 4.686 8.225 6.659 5.735 5.079 4.932
thin4 3 thin_disk 9.4008632 -0.25 0.0084736 0.6499999762 0.65 0.6153931317 4466.835922 4.67 7.566 6.226 5.388 4.76 4.652
thin4 3 thin_disk 9.4008632 -0.25 0.0084736 0.6743850112 0.674 0.6308885491 4614.238091 4.664 7.256 6.022 5.233 4.641 4.545
thin4 3 thin_disk 9.4008632 -0.25 0.0084736 0.7000001073 0.7 0.6476683056 4768.699981 4.657 6.954 5.816 5.078 4.53 4.443
thin4 3 thin_disk 9.4008632 -0.25 0.0084736 0.733899653 0.734 0.6722837979 4963.636849 4.646 6.597 5.561 4.882 4.389 4.311
thin4 3 thin_disk 9.4008632 -0.25 0.0084736 0.75 0.75 0.6828929746 5057.08205 4.641 6.439 5.447 4.793 4.324 4.25
thin4 3 thin_disk 9.4008632 -0.25 0.0084736 0.7703709006 0.77 0.7010558939 5160.597647 4.631 6.255 5.307 4.683 4.239 4.168
thin4 3 thin_disk 9.4008632 -0.25 0.0084736 0.7983130813 0.798 0.7255254393 5302.735926 4.617 6.015 5.123 4.536 4.124 4.059
thin4 3 thin_disk 9.4008632 -0.25 0.0084736 0.8436515331 0.843 0.7685155243 5520.774393 4.589 5.657 4.84 4.305 3.939 3.881
thin4 3 thin_disk 9.4008632 -0.25 0.0084736 0.8466261625 0.846 0.7717073646 5534.775375 4.588 5.634 4.822 4.29 3.927 3.87
thin4 3 thin_disk 9.4008632 -0.25 0.0084736 0.8796979189 0.879 0.8078907671 5680.675741 4.564 5.394 4.629 4.128 3.791 3.74
thin4 3 thin_disk 9.4008632 -0.25 0.0084736 0.8949391842 0.894 0.8253775363 5747.778188 4.553 5.287 4.542 4.055 3.729 3.68
thin4 3 thin_disk 9.4008632 -0.25 0.0084736 0.9270992875 0.926 0.8658699044 5876.246425 4.527 5.07 4.362 3.9 3.595 3.55
thin4 3 thin_disk 9.4008632 -0.25 0.0084736 0.9432522058 0.942 0.887672253 5938.817779 4.513 4.964 4.274 3.824 3.529 3.487
thin4 3 thin_disk 9.4008632 -0.25 0.0084736 0.9586896896 0.958 0.9100235783 5995.149258 4.499 4.864 4.19 3.75 3.464 3.423
thin4 3 thin_disk 9.4008632 -0.25 0.0084736 0.9856712818 0.985 0.950501146 6089.757515 4.473 4.692 4.044 3.622 3.35 3.313
thin4 3 thin_disk 9.4008632 -0.25 0.0084736 0.9915652275 0.991 0.9604010912 6110.827157 4.467 4.655 4.013 3.594 3.325 3.289
thin4 3 thin_disk 9.4008632 -0.25 0.0084736 1.010509372 1.01 0.991636822 6171.631685 4.447 4.536 3.91 3.502 3.243 3.208
thin4 3 thin_disk 9.4008632 -0.25 0.0084736 1.038546324 1.038 1.041004591 6260.369977 4.416 4.363 3.76 3.366 3.119 3.086
thin4 3 thin_disk 9.4008632 -0.25 0.0084736 1.039878368 1.039 1.043164129 6264.695981 4.415 4.355 3.753 3.36 3.113 3.08
thin4 3 thin_disk 9.4008632 -0.25 0.0084736 1.052599073 1.052 1.066479827 6303.764788 4.401 4.278 3.686 3.298 3.057 3.026
thin4 3 thin_disk 9.4008632 -0.25 0.0084736 1.071826339 1.071 1.102687991 6362.092806 4.379 4.162 3.585 3.206 2.973 2.943
thin4 3 thin_disk 9.4008632 -0.25 0.0084736 1.088191509 1.087 1.13645605 6409.143566 4.361 4.065 3.499 3.128 2.901 2.872
thin4 3 thin_disk 9.4008632 -0.25 0.0084736 1.103223205 1.102 1.166145243 6452.083809 4.344 3.976 3.421 3.056 2.835 2.807
thin4 3 thin_disk 9.4008632 -0.25 0.0084736 1.122658372 1.121 1.207404096 6507.287578 4.321 3.861 3.321 2.964 2.749 2.722
thin4 3 thin_disk 9.4008632 -0.25 0.0084736 1.136504412 1.135 1.238946762 6543.347724 4.305 3.78 3.248 2.897 2.688 2.661
thin4 3 thin_disk 9.4008632 -0.25 0.0084736 1.141323805 1.14 1.248109374 6556.921737 4.299 3.753 3.224 2.874 2.667 2.64
thin4 3 thin_disk 9.4008632 -0.25 0.0084736 1.160657763 1.159 1.292863411 6603.892575 4.276 3.644 3.126 2.784 2.583 2.557
thin4 3 thin_disk 9.4008632 -0.25 0.0084736 1.178132534 1.177 1.334912024 6638.959205 4.255 3.548 3.04 2.703 2.507 2.481
thin4 3 thin_disk 9.4008632 -0.25 0.0084736 1.184817553 1.184 1.351613886 6651.19989 4.247 3.513 3.007 2.672 2.478 2.452
thin4 3 thin_disk 9.4008632 -0.25 0.0084736 1.212175965 1.211 1.422828792 6683.439176 4.212 3.377 2.879 2.549 2.36 2.334
thin4 3 thin_disk 9.4008632 -0.25 0.0084736 1.233130455 1.232 1.483722371 6697.303805 4.183 3.276 2.783 2.455 2.268 2.242
thin4 3 thin_disk 9.4008632 -0.25 0.0084736 1.250029921 1.249 1.53586359 6705.018802 4.16 3.196 2.705 2.378 2.192 2.167
thin4 3 thin_disk 9.4008632 -0.25 0.0084736 1.281443477 1.281 1.640410894 6708.107288 4.113 3.049 2.56 2.234 2.049 2.023
thin4 3 thin_disk 9.4008632 -0.25 0.0084736 1.303789973 1.303 1.727239832 6697.303805 4.076 2.944 2.454 2.126 1.941 1.915
thin4 3 thin_disk 9.4008632 -0.25 0.0084736 1.329756737 1.329 1.837607035 6671.139158 4.03 2.825 2.329 1.997 1.809 1.782
thin4 3 thin_disk 9.4008632 -0.25 0.0084736 1.345075846 1.344 1.914047207 6646.606991 4 2.754 2.253 1.918 1.727 1.7
thin4 3 thin_disk 9.4008632 -0.25 0.0084736 1.372429609 1.372 2.066106219 6584.154299 3.942 2.629 2.115 1.77 1.572 1.544
thin4 3 thin_disk 9.4008632 -0.25 0.0084736 1.378069639 1.377 2.102096479 6569.011165 3.929 2.604 2.087 1.739 1.539 1.511
thin4 3 thin_disk 9.4008632 -0.25 0.0084736 1.385278583 1.385 2.148585521 6546.361741 3.913 2.571 2.049 1.699 1.495 1.467
thin4 3 thin_disk 9.4008632 -0.25 0.0084736 1.41364789 1.413 2.35045881 6449.113199 3.843 2.443 1.899 1.534 1.318 1.288
thin4 3 thin_disk 9.4008632 -0.25 0.0084736 1.42638278 1.426 2.45387618 6403.243245 3.81 2.384 1.829 1.456 1.235 1.203
thin4 3 thin_disk 9.4008632 -0.25 0.0084736 1.443687797 1.443 2.614283277 6337.237742 3.76 2.295 1.724 1.341 1.112 1.078
thin4 3 thin_disk 9.4008632 -0.25 0.0084736 1.450609684 1.45 2.675177757 6432.799273 3.742 2.172 1.626 1.258 1.042 1.011
thin4 3 thin_disk 9.4008632 -0.25 0.0084736 1.452405453 1.452 2.688763753 6535.818751 3.738 2.085 1.566 1.214 1.012 0.982
thin4 3 thin_disk 9.4008632 -0.25 0.0084736 1.452965379 1.452 2.69000226 6648.137605 3.738 2.002 1.511 1.176 0.99 0.961
thin4 3 thin_disk 9.4008632 -0.25 0.0084736 1.453202605 1.453 2.691241337 6754.605666 3.738 1.927 1.461 1.142 0.971 0.943
thin4 3 thin_disk 9.4008632 -0.25 0.0084736 1.453321934 1.453 2.688763753 6820.245379 3.738 1.883 1.433 1.124 0.961 0.934
thin4 3 thin_disk 9.4008632 -0.25 0.0084736 1.453399777 1.453 2.678876206 6754.605666 3.742 1.937 1.471 1.152 0.981 0.953
thin4 3 thin_disk 9.4008632 -0.25 0.0084736 1.453484535 1.453 2.699930872 6651.19989 3.735 1.994 1.503 1.169 0.983 0.955
thin4 3 thin_disk 9.4008632 -0.25 0.0084736 1.453640223 1.453 2.822621497 6501.296903 3.696 2.004 1.477 1.119 0.913 0.883
thin4 3 thin_disk 9.4008632 -0.25 0.0084736 1.453889608 1.453 2.980935951 6366.489102 3.65 1.985 1.425 1.047 0.823 0.789
thin4 3 thin_disk 9.4008632 -0.25 0.0084736 1.454409719 1.454 3.132944092 6224.435916 3.606 1.986 1.388 0.987 0.744 0.707
thin4 3 thin_disk 9.4008632 -0.25 0.0084736 1.455248117 1.455 3.255761962 6081.350013 3.573 2.015 1.38 0.954 0.688 0.648
thin4 3 thin_disk 9.4008632 -0.25 0.0084736 1.456321478 1.456 3.342355533 5940.1854 3.55 2.074 1.4 0.947 0.656 0.613
thin4 3 thin_disk 9.4008632 -0.25 0.0084736 1.457174659 1.457 3.384173691 5829.079789 3.539 2.144 1.439 0.963 0.653 0.606
thin4 3 thin_disk 9.4008632 -0.25 0.0084736 1.458015204 1.457 3.407631662 5709.525277 3.534 2.237 1.498 0.998 0.666 0.616
thin4 3 thin_disk 9.4008632 -0.25 0.0084736 1.45884335 1.458 3.424148924 5582.130689 3.53 2.348 1.571 1.044 0.688 0.633
thin4 3 thin_disk 9.4008632 -0.25 0.0084736 1.459659219 1.459 3.47258308 5457.578611 3.518 2.441 1.626 1.069 0.688 0.628
thin4 3 thin_disk 9.4008632 -0.25 0.0084736 1.460662603 1.46 3.641268003 5329.66608 3.477 2.472 1.618 1.029 0.619 0.556
thin4 3 thin_disk 9.4008632 -0.25 0.0084736 1.461452246 1.461 3.845498487 5249.283155 3.43 2.441 1.56 0.951 0.522 0.457
thin4 3 thin_disk 9.4008632 -0.25 0.0084736 1.461658716 1.461 3.916089825 5234.79887 3.414 2.418 1.532 0.919 0.487 0.421
thin4 3 thin_disk 9.4008632 -0.25 0.0084736 1.462409854 1.462 4.18844334 5185.611777 3.356 2.327 1.424 0.797 0.354 0.286
thin4 3 thin_disk 9.4008632 -0.25 0.0084736 1.463060617 1.462 4.457102738 5149.914276 3.302 2.234 1.319 0.683 0.23 0.161
thin4 3 thin_disk 9.4008632 -0.25 0.0084736 1.463663578 1.463 4.724465096 5121.53329 3.252 2.14 1.215 0.571 0.112 0.041
thin4 3 thin_disk 9.4008632 -0.25 0.0084736 1.464388013 1.464 5.07285729 5089.791592 3.19 2.022 1.087 0.433 -0.034 -0.105
thin4 3 thin_disk 9.4008632 -0.25 0.0084736 1.464950681 1.464 5.367260136 5066.406124 3.142 1.929 0.985 0.324 -0.148 -0.221
thin4 3 thin_disk 9.4008632 -0.25 0.0084736 1.46550703 1.465 5.674827241 5041.967013 3.093 1.835 0.883 0.216 -0.262 -0.336
thin4 3 thin_disk 9.4008632 -0.25 0.0084736 1.466057539 1.465 6.004165364 5018.801279 3.045 1.742 0.782 0.108 -0.376 -0.45
thin4 3 thin_disk 9.4008632 -0.25 0.0084736 1.466595888 1.466 6.338005983 4995.741982 2.997 1.652 0.683 0.002 -0.488 -0.564
thin4 3 thin_disk 9.4008632 -0.25 0.0084736 1.467216253 1.467 6.753869189 4969.354738 2.942 1.548 0.569 -0.121 -0.618 -0.695
thin4 3 thin_disk 9.4008632 -0.25 0.0084736 1.467838407 1.467 7.20365068 4940.831009 2.887 1.444 0.453 -0.245 -0.75 -0.828
thin4 3 thin_disk 9.4008632 -0.25 0.0084736 1.468381047 1.468 7.62522468 4916.997642 2.837 1.351 0.351 -0.355 -0.866 -0.945
thin4 3 thin_disk 9.4008632 -0.25 0.0084736 1.468999863 1.468 8.159295178 4886.523593 2.779 1.243 0.231 -0.485 -1.004 -1.084
thin4 3 thin_disk 9.4008632 -0.25 0.0084736 1.469536901 1.469 8.678659407 4859.594143 2.726 1.147 0.123 -0.601 -1.128 -1.209
thin4 3 thin_disk 9.4008632 -0.25 0.0084736 1.470059276 1.469 9.220461204 4832.813101 2.673 1.051 0.016 -0.717 -1.251 -1.334
thin4 3 thin_disk 9.4008632 -0.25 0.0084736 1.470557094 1.47 9.789322696 4805.073111 2.622 0.958 -0.087 -0.829 -1.371 -1.455
thin4 3 thin_disk 9.4008632 -0.25 0.0084736 1.471025467 1.47 10.33124462 4780.793661 2.574 0.873 -0.183 -0.933 -1.481 -1.568
thin4 3 thin_disk 9.4008632 -0.25 0.0084736 1.47159934 1.471 11.03449964 4750.069894 2.518 0.774 -0.295 -1.055 -1.612 -1.7
thin4 3 thin_disk 9.4008632 -0.25 0.0084736 1.472225189 1.471 11.71527924 4722.804844 2.465 0.683 -0.399 -1.169 -1.734 -1.824
thin4 3 thin_disk 9.4008632 -0.25 0.0084736 1.473049283 1.472 12.40373973 4696.777642 2.416 0.597 -0.498 -1.276 -1.849 -1.94
thin4 3 thin_disk 9.4008632 -0.25 0.0084736 1.473288894 1.472 12.58208587 4690.293284 2.404 0.575 -0.523 -1.304 -1.878 -1.969
thin4 3 thin_disk 9.4008632 -0.25 0.0084736 1.47361803 1.473 12.25610985 4703.270964 2.427 0.613 -0.479 -1.255 -1.825 -1.916
thin4 3 thin_disk 9.4008632 -0.25 0.0084736 1.473900199 1.473 11.91386418 4718.456982 2.451 0.653 -0.432 -1.203 -1.77 -1.859
thin4 3 thin_disk 9.4008632 -0.25 0.0084736 1.474087834 1.473 11.62392087 4730.423244 2.473 0.688 -0.391 -1.158 -1.72 -1.81
thin4 3 thin_disk 9.4008632 -0.25 0.0084736 1.474292636 1.473 11.1391652 4752.257886 2.51 0.751 -0.317 -1.077 -1.634 -1.721
thin4 3 thin_disk 9.4008632 -0.25 0.0084736 1.474494696 1.474 10.59138231 4776.392415 2.553 0.824 -0.233 -0.984 -1.534 -1.62
thin4 3 thin_disk 9.4008632 -0.25 0.0084736 1.474695921 1.474 10.07749624 4801.75503 2.597 0.899 -0.148 -0.891 -1.434 -1.519
thin4 3 thin_disk 9.4008632 -0.25 0.0084736 1.474776983 1.474 9.863990489 4811.716153 2.615 0.931 -0.112 -0.852 -1.391 -1.476
thin4 3 thin_disk 9.4008632 -0.25 0.0084736 1.475030184 1.474 9.359499918 4838.380287 2.662 1.011 -0.021 -0.752 -1.285 -1.368
thin4 3 thin_disk 9.4008632 -0.25 0.0084736 1.4751966 1.474 9.577510678 4827.252321 2.641 0.975 -0.062 -0.796 -1.332 -1.415
thin4 3 thin_disk 9.4008632 -0.25 0.0084736 1.475627899 1.475 10.14034299 4800.649512 2.592 0.887 -0.16 -0.903 -1.446 -1.531
thin4 3 thin_disk 9.4008632 -0.25 0.0084736 1.476142526 1.475 10.77091615 4771.99522 2.539 0.794 -0.265 -1.018 -1.569 -1.656
thin4 3 thin_disk 9.4008632 -0.25 0.0084736 1.476649284 1.476 11.43543382 4744.604321 2.487 0.704 -0.369 -1.131 -1.69 -1.778
thin4 3 thin_disk 9.4008632 -0.25 0.0084736 1.477142453 1.476 12.14654168 4716.284553 2.436 0.614 -0.471 -1.243 -1.81 -1.9
thin4 3 thin_disk 9.4008632 -0.25 0.0084736 1.477618098 1.476 12.88702422 4688.133821 2.384 0.526 -0.573 -1.355 -1.929 -2.021
thin4 3 thin_disk 9.4008632 -0.25 0.0084736 1.478084922 1.477 13.69470384 4659.078201 2.332 0.438 -0.676 -1.468 -2.05 -2.144
thin4 3 thin_disk 9.4008632 -0.25 0.0084736 1.478537321 1.477 14.55970732 4629.136638 2.279 0.349 -0.78 -1.582 -2.173 -2.268
thin4 3 thin_disk 9.4008632 -0.25 0.0084736 1.478966474 1.478 15.47222046 4600.446664 2.226 0.262 -0.883 -1.695 -2.294 -2.392
thin4 3 thin_disk 9.4008632 -0.25 0.0084736 1.47936976 1.478 16.43057056 4570.881896 2.174 0.175 -0.985 -1.808 -2.415 -2.515
thin4 3 thin_disk 9.4008632 -0.25 0.0084736 1.479743361 1.478 17.44828092 4541.507126 2.122 0.092 -1.085 -1.918 -2.535 -2.636
thin4 3 thin_disk 9.4008632 -0.25 0.0084736 1.480104923 1.479 18.55037293 4512.321133 2.068 0.007 -1.187 -2.031 -2.657 -2.761
thin4 3 thin_disk 9.4008632 -0.25 0.0084736 1.480430841 1.479 19.70845794 4482.2905 2.016 -0.074 -1.285 -2.14 -2.775 -2.882
thin4 3 thin_disk 9.4008632 -0.25 0.0084736 1.480742097 1.479 20.92920081 4453.485063 1.964 -0.158 -1.384 -2.251 -2.892 -3.002
thin4 3 thin_disk 9.4008632 -0.25 0.0084736 1.481032848 1.479 22.23579415 4423.845998 1.912 -0.24 -1.481 -2.36 -3.006 -3.121
thin4 3 thin_disk 9.4008632 -0.25 0.0084736 1.481302977 1.479 23.59677464 4394.404189 1.86 -0.322 -1.577 -2.469 -3.12 -3.239
thin4 3 thin_disk 9.4008632 -0.25 0.0084736 1.481557131 1.48 25.06990249 4365.158322 1.807 -0.404 -1.674 -2.578 -3.233 -3.357
thin4 3 thin_disk 9.4008632 -0.25 0.0084736 1.4817909 1.48 26.6166041 4335.108784 1.755 -0.482 -1.767 -2.684 -3.345 -3.474
thin4 3 thin_disk 9.4008632 -0.25 0.0084736 1.48201108 1.48 28.24571969 4306.257543 1.703 -0.562 -1.861 -2.791 -3.456 -3.591
thin4 3 thin_disk 9.4008632 -0.25 0.0084736 1.482215762 1.48 30.00216843 4275.628862 1.651 -0.639 -1.954 -2.897 -3.568 -3.708
thin4 3 thin_disk 9.4008632 -0.25 0.0084736 1.482406735 1.48 31.85316893 4246.195639 1.6 -0.716 -2.045 -3.003 -3.678 -3.824
thin4 3 thin_disk 9.4008632 -0.25 0.0084736 1.482586265 1.48 33.80279759 4217.936138 1.548 -0.792 -2.136 -3.108 -3.788 -3.94
thin4 3 thin_disk 9.4008632 -0.25 0.0084736 1.482752323 1.48 35.86349783 4187.935651 1.496 -0.866 -2.226 -3.212 -3.898 -4.056
thin4 3 thin_disk 9.4008632 -0.25 0.0084736 1.482909083 1.48 38.07611632 4159.106105 1.445 -0.935 -2.318 -3.318 -4.013 -4.175
thin4 3 thin_disk 9.4008632 -0.25 0.0084736 1.483056188 1.48 40.3973284 4129.524052 1.393 -1.002 -2.41 -3.424 -4.129 -4.295
thin4 3 thin_disk 9.4008632 -0.25 0.0084736 1.483189106 1.48 42.84031395 4101.096609 1.342 -1.066 -2.498 -3.526 -4.24 -4.411
thin4 3 thin_disk 9.4008632 -0.25 0.0084736 1.48331964 1.48 45.48337099 4072.864858 1.29 -1.134 -2.59 -3.632 -4.355 -4.531
thin4 3 thin_disk 9.4008632 -0.25 0.0084736 1.483435988 1.48 48.14516117 4043.896205 1.24 -1.192 -2.676 -3.734 -4.466 -4.646
thin4 3 thin_disk 9.4008632 -0.25 0.0084736 1.483547449 1.479 51.08020656 4015.133594 1.189 -1.252 -2.764 -3.836 -4.578 -4.763
thin4 3 thin_disk 9.4008632 -0.25 0.0084736 1.483652353 1.479 54.13182197 3986.57556 1.138 -1.313 -2.851 -3.938 -4.689 -4.88
thin4 3 thin_disk 9.4008632 -0.25 0.0084736 1.483748317 1.479 57.36574589 3958.220648 1.088 -1.365 -2.935 -4.038 -4.799 -4.994
thin4 3 thin_disk 9.4008632 -0.25 0.0084736 1.483839512 1.479 60.72291964 3930.067413 1.038 -1.418 -3.019 -4.138 -4.908 -5.108
thin4 3 thin_disk 9.4008632 -0.25 0.0084736 1.483925343 1.479 64.35060656 3902.114421 0.988 -1.471 -3.103 -4.238 -5.017 -5.223
thin4 3 thin_disk 9.4008632 -0.25 0.0084736 1.484024286 1.478 69.11187012 3866.339621 0.926 -1.525 -3.206 -4.362 -5.152 -5.365
thin4 3 thin_disk 9.4008632 -0.25 0.0084736 1.484115839 1.478 74.14001078 3830.892806 0.865 -1.576 -3.306 -4.485 -5.286 -5.505
thin4 3 thin_disk 9.4008632 -0.25 0.0084736 1.484199405 1.477 79.47904587 3794.897062 0.804 -1.619 -3.403 -4.604 -5.416 -5.643
thin4 3 thin_disk 9.4008632 -0.25 0.0084736 1.484279156 1.476 85.30070977 3759.23954 0.742 -1.652 -3.5 -4.726 -5.549 -5.782
thin4 3 thin_disk 9.4008632 -0.25 0.0084736 1.484353185 1.476 91.54879764 3723.917063 0.681 -1.684 -3.595 -4.847 -5.68 -5.921
thin4 3 thin_disk 9.4008632 -0.25 0.0084736 1.484421253 1.475 98.02856491 3688.926481 0.621 -1.697 -3.686 -4.966 -5.81 -6.057
thin4 3 thin_disk 9.4008632 -0.25 0.0084736 1.484484315 1.474 105.0636888 3652.582214 0.561 -1.702 -3.773 -5.083 -5.937 -6.192
thin4 3 thin_disk 9.4008632 -0.25 0.0084736 1.484543681 1.473 112.4741306 3616.59602 0.502 -1.695 -3.856 -5.199 -6.063 -6.325
thin4 3 thin_disk 9.4008632 -0.25 0.0084736 1.484600544 1.472 120.0197298 3582.613846 0.445 -1.669 -3.932 -5.312 -6.184 -6.453
thin4 3 thin_disk 9.4008632 -0.25 0.0084736 1.484620333 1.471 122.617553 3571.083458 0.426 -1.661 -3.958 -5.35 -6.224 -6.496
thin4 3 thin_disk 9.4008632 -0.25 0.0084736 1.484620333 1.471 122.617553 3571.083458 0.426 0.607 -0.391 -5.35 -6.224 -6.496
thin4 3 thin_disk 9.4008632 -0.25 0.0084736 1.485219002 1.472 10.99139068 4895.533198 2.521 0.58 -0.424 -1.137 -1.653 -1.733
thin4 3 thin_disk 9.4008632 -0.25 0.0084736 1.485814452 1.473 11.08798539 4891.026321 2.513 0.567 -0.439 -1.154 -1.671 -1.752
thin4 3 thin_disk 9.4008632 -0.25 0.0084736 1.486417651 1.473 11.10842903 4892.152651 2.512 0.562 -0.443 -1.158 -1.674 -1.755
thin4 3 thin_disk 9.4008632 -0.25 0.0084736 1.487026095 1.474 11.09309277 4895.533198 2.514 0.561 -0.443 -1.156 -1.672 -1.752
thin4 3 thin_disk 9.4008632 -0.25 0.0084736 1.487638473 1.475 11.07777767 4898.916081 2.516 0.56 -0.442 -1.155 -1.67 -1.75
thin4 3 thin_disk 9.4008632 -0.25 0.0084736 1.487922192 1.475 11.06757936 4901.172635 2.516 0.559 -0.442 -1.154 -1.668 -1.748
thin4 3 thin_disk 9.4008632 -0.25 0.0084736 1.488217592 1.475 11.0497549 4902.301301 2.517 0.559 -0.442 -1.153 -1.667 -1.747
thin4 3 thin_disk 9.4008632 -0.25 0.0084736 1.488800526 1.476 11.03449964 4905.688861 2.519 0.558 -0.441 -1.152 -1.665 -1.745
thin4 3 thin_disk 9.4008632 -0.25 0.0084736 1.489362478 1.477 11.01926544 4909.078762 2.52 0.557 -0.441 -1.151 -1.663 -1.743
thin4 3 thin_disk 9.4008632 -0.25 0.0084736 1.489956498 1.477 11.00405227 4912.471005 2.521 0.555 -0.442 -1.15 -1.662 -1.741
thin4 3 thin_disk 9.4008632 -0.25 0.0084736 1.490505219 1.478 11.00658634 4914.733802 2.522 0.553 -0.443 -1.15 -1.661 -1.74
thin4 3 thin_disk 9.4008632 -0.25 0.0084736 1.491074443 1.478 10.99645357 4916.997642 2.522 0.551 -0.444 -1.151 -1.661 -1.74
thin4 3 thin_disk 9.4008632 -0.25 0.0084736 1.491624117 1.479 10.99898589 4919.262524 2.522 0.548 -0.446 -1.152 -1.662 -1.741
thin4 3 thin_disk 9.4008632 -0.25 0.0084736 1.492225885 1.48 11.00151879 4921.52845 2.522 0.545 -0.448 -1.154 -1.663 -1.742
thin4 3 thin_disk 9.4008632 -0.25 0.0084736 1.492770791 1.48 11.009121 4922.661804 2.522 0.542 -0.45 -1.155 -1.664 -1.743
thin4 3 thin_disk 9.4008632 -0.25 0.0084736 1.49290669 1.48 11.00405227 4923.79542 2.522 0.542 -0.451 -1.156 -1.664 -1.743
thin4 3 thin_disk 9.4008632 -0.25 0.0084736 1.493041396 1.48 11.00405227 4923.79542 2.522 0.541 -0.451 -1.156 -1.664 -1.743
thin4 3 thin_disk 9.4008632 -0.25 0.0084736 1.493625283 1.481 11.01165623 4924.929296 2.522 0.537 -0.454 -1.159 -1.666 -1.745
thin4 3 thin_disk 9.4008632 -0.25 0.0084736 1.494181037 1.482 11.03195915 4926.063433 2.521 0.534 -0.457 -1.161 -1.668 -1.747
thin4 3 thin_disk 9.4008632 -0.25 0.0084736 1.494761586 1.482 11.03958239 4927.197832 2.521 0.53 -0.46 -1.164 -1.671 -1.75
thin4 3 thin_disk 9.4008632 -0.25 0.0084736 1.495326877 1.483 11.04721089 4928.332492 2.52 0.526 -0.464 -1.167 -1.674 -1.753
thin4 3 thin_disk 9.4008632 -0.25 0.0084736 1.495875835 1.484 11.07267734 4928.332492 2.519 0.523 -0.467 -1.171 -1.678 -1.756
thin4 3 thin_disk 9.4008632 -0.25 0.0084736 1.496433377 1.484 11.08032872 4929.467413 2.517 0.518 -0.472 -1.175 -1.682 -1.761
thin4 3 thin_disk 9.4008632 -0.25 0.0084736 1.497023821 1.485 11.11098714 4928.332492 2.515 0.513 -0.477 -1.18 -1.687 -1.766
thin4 3 thin_disk 9.4008632 -0.25 0.0084736 1.497072458 1.485 11.1237865 4928.332492 2.515 0.513 -0.477 -1.181 -1.688 -1.766
thin4 3 thin_disk 9.4008632 -0.25 0.0084736 1.497450352 1.485 11.13660061 4928.332492 2.513 0.509 -0.481 -1.185 -1.692 -1.771
thin4 3 thin_disk 9.4008632 -0.25 0.0084736 1.498040795 1.486 11.18542898 4926.063433 2.51 0.503 -0.487 -1.192 -1.699 -1.778
thin4 3 thin_disk 9.4008632 -0.25 0.0084736 1.498617888 1.486 11.22929897 4924.929296 2.507 0.497 -0.495 -1.2 -1.707 -1.786
thin4 3 thin_disk 9.4008632 -0.25 0.0084736 1.499170065 1.487 11.28372894 4921.52845 2.503 0.49 -0.503 -1.208 -1.717 -1.796
thin4 3 thin_disk 9.4008632 -0.25 0.0084736 1.499736667 1.488 11.35148409 4918.129953 2.498 0.482 -0.512 -1.219 -1.728 -1.807
thin4 3 thin_disk 9.4008632 -0.25 0.0084736 1.500301957 1.488 11.41964609 4914.733802 2.493 0.472 -0.523 -1.231 -1.742 -1.821
thin4 3 thin_disk 9.4008632 -0.25 0.0084736 1.500862837 1.489 11.51204941 4909.078762 2.486 0.461 -0.536 -1.246 -1.758 -1.837
thin4 3 thin_disk 9.4008632 -0.25 0.0084736 1.501423001 1.49 11.63731111 4902.301301 2.477 0.448 -0.552 -1.264 -1.777 -1.857
thin4 3 thin_disk 9.4008632 -0.25 0.0084736 1.501984835 1.49 11.75039984 4895.533198 2.468 0.434 -0.569 -1.283 -1.799 -1.879
thin4 3 thin_disk 9.4008632 -0.25 0.0084736 1.502547383 1.491 11.84002569 4891.026321 2.462 0.425 -0.58 -1.295 -1.812 -1.892
thin4 3 thin_disk 9.4008632 -0.25 0.0084736 1.503139496 1.491 12.19418122 4869.675252 2.436 0.388 -0.627 -1.349 -1.87 -1.952
thin4 3 thin_disk 9.4008632 -0.25 0.0084736 1.503708124 1.492 12.96440665 4827.252321 2.383 0.312 -0.722 -1.457 -1.99 -2.074
thin4 3 thin_disk 9.4008632 -0.25 0.0084736 1.503966689 1.492 13.76425294 4788.505604 2.332 0.236 -0.814 -1.562 -2.106 -2.192
thin4 3 thin_disk 9.4008632 -0.25 0.0084736 1.504095674 1.492 14.68427959 4746.789795 2.276 0.155 -0.915 -1.677 -2.232 -2.32
thin4 3 thin_disk 9.4008632 -0.25 0.0084736 1.504152536 1.492 15.5902344 4708.688923 2.223 0.077 -1.011 -1.786 -2.351 -2.442
thin4 3 thin_disk 9.4008632 -0.25 0.0084736 1.504179359 1.493 16.53684458 4673.045396 2.172 0.002 -1.103 -1.89 -2.465 -2.559
thin4 3 thin_disk 9.4008632 -0.25 0.0084736 1.504194021 1.493 17.4764269 4640.876378 2.124 -0.068 -1.19 -1.988 -2.573 -2.669
thin4 3 thin_disk 9.4008632 -0.25 0.0084736 1.504199743 1.493 17.97432727 4623.810214 2.1 -0.103 -1.234 -2.038 -2.628 -2.724
thin4 3 thin_disk 9.4008632 -0.25 0.0084736 1.504199862 1.492 17.97432727 4623.810214 2.1 -0.104 -1.236 -2.04 -2.63 -2.726
thin4 3 thin_disk 9.4008632 -0.25 0.0084736 1.504203558 1.492 18.39723877 4609.990177 2.08 -0.133 -1.272 -2.081 -2.674 -2.772
thin4 3 thin_disk 9.4008632 -0.25 0.0084736 1.504214764 1.492 19.77209301 4568.777412 2.017 -0.226 -1.386 -2.21 -2.816 -2.916
thin4 3 thin_disk 9.4008632 -0.25 0.0084736 1.504224658 1.492 20.96296189 4535.237135 1.967 -0.3 -1.477 -2.313 -2.926 -3.03
thin4 3 thin_disk 9.4008632 -0.25 0.0084736 1.504252195 1.492 21.48090848 4521.681832 1.945 -0.333 -1.517 -2.358 -2.974 -3.08
thin4 3 thin_disk 9.4008632 -0.25 0.0084736 1.504300356 1.492 19.82680087 4567.725533 2.014 -0.231 -1.392 -2.216 -2.822 -2.923
thin4 3 thin_disk 9.4008632 -0.25 0.0084736 1.504673004 1.492 19.86793108 4565.622502 2.013 -0.233 -1.394 -2.219 -2.826 -2.926
thin4 3 thin_disk 9.4008632 -0.25 0.0084736 1.504910588 1.492 21.24969226 4527.933084 1.955 -0.317 -1.498 -2.337 -2.952 -3.057
thin4 3 thin_disk 9.4008632 -0.25 0.0084736 1.505075812 1.492 22.49327251 4495.727713 1.905 -0.39 -1.587 -2.439 -3.059 -3.169
thin4 3 thin_disk 9.4008632 -0.25 0.0084736 1.505242825 1.492 23.92503847 4460.669021 1.851 -0.471 -1.684 -2.55 -3.176 -3.29
thin4 3 thin_disk 9.4008632 -0.25 0.0084736 1.505387783 1.492 25.47725564 4425.883724 1.797 -0.548 -1.779 -2.658 -3.291 -3.411
thin4 3 thin_disk 9.4008632 -0.25 0.0084736 1.505516291 1.492 27.08648465 4392.380957 1.743 -0.627 -1.874 -2.768 -3.407 -3.532
thin4 3 thin_disk 9.4008632 -0.25 0.0084736 1.505630374 1.491 28.84381124 4358.128186 1.689 -0.706 -1.969 -2.878 -3.523 -3.653
thin4 3 thin_disk 9.4008632 -0.25 0.0084736 1.50573206 1.491 30.72929841 4323.146969 1.634 -0.782 -2.063 -2.987 -3.638 -3.775
thin4 3 thin_disk 9.4008632 -0.25 0.0084736 1.505822897 1.49 32.72296477 4289.4341 1.58 -0.859 -2.157 -3.096 -3.753 -3.896
thin4 3 thin_disk 9.4008632 -0.25 0.0084736 1.505904078 1.49 34.7898571 4256.964221 1.525 -0.934 -2.249 -3.204 -3.867 -4.016
thin4 3 thin_disk 9.4008632 -0.25 0.0084736 1.505978465 1.489 37.34673541 4204.361011 1.464 -0.987 -2.336 -3.315 -3.994 -4.151
thin4 3 thin_disk 9.4008632 -0.25 0.0084736 1.506045818 1.489 39.87058839 4163.89721 1.407 -1.045 -2.426 -3.424 -4.116 -4.279
thin4 3 thin_disk 9.4008632 -0.25 0.0084736 1.506109834 1.488 42.40847395 4131.426206 1.353 -1.11 -2.517 -3.532 -4.234 -4.401
thin4 3 thin_disk 9.4008632 -0.25 0.0084736 1.506170273 1.487 45.08713555 4100.152405 1.299 -1.176 -2.61 -3.64 -4.352 -4.524
thin4 3 thin_disk 9.4008632 -0.25 0.0084736 1.506225109 1.486 47.93499041 4069.115338 1.246 -1.24 -2.7 -3.745 -4.468 -4.645
thin4 3 thin_disk 9.4008632 -0.25 0.0084736 1.506279588 1.485 50.9275337 4037.383465 1.193 -1.299 -2.79 -3.851 -4.584 -4.766
thin4 3 thin_disk 9.4008632 -0.25 0.0084736 1.506334662 1.483 54.16922783 4005.899043 1.139 -1.358 -2.879 -3.957 -4.701 -4.889
thin4 3 thin_disk 9.4008632 -0.25 0.0084736 1.506389737 1.482 57.73679135 3972.830167 1.083 -1.416 -2.97 -4.065 -4.82 -5.013
thin4 3 thin_disk 9.4008632 -0.25 0.0084736 1.506441236 1.48 61.66697496 3938.220241 1.025 -1.472 -3.065 -4.18 -4.946 -5.145
thin4 3 thin_disk 9.4008632 -0.25 0.0084736 1.506479502 1.478 66.18394415 3901.21603 0.963 -1.53 -3.165 -4.3 -5.079 -5.285
thin4 3 thin_disk 9.4008632 -0.25 0.0084736 1.506503224 1.476 70.54279205 3869.011317 0.908 -1.576 -3.254 -4.409 -5.198 -5.41
thin4 3 thin_disk 9.4008632 -0.25 0.0084736 1.506523848 1.475 75.17140107 3835.305825 0.852 -1.617 -3.343 -4.519 -5.318 -5.537
thin4 3 thin_disk 9.4008632 -0.25 0.0084736 1.506542683 1.473 80.26988575 3800.143529 0.795 -1.656 -3.432 -4.629 -5.439 -5.665
thin4 3 thin_disk 9.4008632 -0.25 0.0084736 1.506560445 1.471 86.07016685 3761.837228 0.733 -1.679 -3.523 -4.748 -5.569 -5.802
thin4 3 thin_disk 9.4008632 -0.25 0.0084736 1.506576061 1.469 91.54879764 3728.206849 0.679 -1.698 -3.603 -4.852 -5.684 -5.924
thin4 3 thin_disk 9.4008632 -0.25 0.0084736 1.506593347 1.466 97.73556881 3692.325673 0.622 -1.704 -3.684 -4.961 -5.803 -6.05
thin4 3 thin_disk 9.4008632 -0.25 0.0084736 1.506607294 1.464 102.5067926 3666.063642 0.579 -1.702 -3.744 -5.043 -5.893 -6.145
thin4 3 thin_disk 9.4008632 -0.25 0.0084736 1.506611943 1.463 103.0036572 3663.53209 0.575 -1.701 -3.748 -5.049 -5.9 -6.153
thin4 3 thin_disk 9.4008632 -0.25 0.0084736 1.50661242 1.463 100.3350439 3677.900704 0.598 -1.702 -3.716 -5.006 -5.852 -6.102
thin4 3 thin_disk 9.4008632 -0.25 0.0084736 1.506612539 1.463 93.72439482 3714.496898 0.657 -1.7 -3.63 -4.889 -5.725 -5.968
thin4 3 thin_disk 9.4008632 -0.25 0.0084736 1.506612658 1.463 88.23738824 3745.41547 0.709 -1.677 -3.551 -4.787 -5.614 -5.85
thin4 3 thin_disk 9.4008632 -0.25 0.0084736 1.506612778 1.463 97.78058807 3691.475582 0.619 -1.702 -3.685 -4.963 -5.806 -6.053
thin4 3 thin_disk 9.4008632 -0.25 0.0084736 1.506612897 1.463 102.2239468 3666.907882 0.581 -1.7 -3.739 -5.037 -5.887 -6.139
thin4 3 thin_disk 9.4008632 -0.25 0.0084736 1.506613016 1.463 101.0305332 3673.668801 0.592 -1.7 -3.724 -5.017 -5.864 -6.115
thin4 3 thin_disk 9.4008632 -0.25 0.0084736 1.506613135 1.462 95.13769932 3705.953792 0.644 -1.701 -3.65 -4.916 -5.754 -5.998
thin4 3 thin_disk 9.4008632 -0.25 0.0084736 1.506613851 1.462 94.98447898 3706.807218 0.645 -1.7 -3.647 -4.912 -5.75 -5.994
thin4 3 thin_disk 9.4008632 -0.25 0.0084736 1.506615162 1.462 98.09630404 3689.775986 0.617 -1.701 -3.688 -4.967 -5.811 -6.058
thin4 3 thin_disk 9.4008632 -0.25 0.0084736 1.506616354 1.462 102.8851381 3663.53209 0.575 -1.699 -3.747 -5.048 -5.899 -6.152
thin4 3 thin_disk 9.4008632 -0.25 0.0084736 1.506617784 1.462 109.9392183 3626.602862 0.518 -1.693 -3.826 -5.159 -6.02 -6.28
thin4 3 thin_disk 9.4008632 -0.25 0.0084736 1.506619215 1.461 116.7757445 3592.526662 0.466 -1.658 -3.891 -5.26 -6.13 -6.397
thin4 3 thin_disk 9.4008632 -0.25 0.0084736 1.506621122 1.461 123.6951424 3559.59018 0.415 -1.622 -3.954 -5.359 -6.236 -6.51
thin4 3 thin_disk 9.4008632 -0.25 0.0084736 1.506624222 1.459 132.145581 3522.086356 0.358 -1.557 -4.016 -5.468 -6.354 -6.636
thin4 3 thin_disk 9.4008632 -0.25 0.0084736 1.50662601 1.459 135.1925142 3508.326469 0.337 -1.528 -4.037 -5.508 -6.397 -6.681
thin4 3 thin_disk 9.4008632 -0.25 0.0084736 1.506626129 1.459 135.1925142 3508.326469 0.337 -1.528 -4.037 -5.508 -6.397 -6.681
thin4 3 thin_disk 9.4008632 -0.25 0.0084736 1.506626487 1.459 92.65154054 3714.496898 0.665 -1.678 -3.607 -4.865 -5.702 -5.944
thin4 3 thin_disk 9.4008632 -0.25 0.0084736 1.506626725 1.458 80.75188053 3793.14985 0.785 -1.646 -3.433 -4.636 -5.448 -5.675
thin4 3 thin_disk 9.4008632 -0.25 0.0084736 1.50662744 1.458 56.94461287 4000.36851 1.088 -1.453 -2.98 -4.062 -4.806 -4.995
thin4 3 thin_disk 9.4008632 -0.25 0.0084736 1.506628633 1.458 57.92321309 3989.330341 1.074 -1.463 -3.001 -4.088 -4.835 -5.027
thin4 3 thin_disk 9.4008632 -0.25 0.0084736 1.506630182 1.457 68.65191322 3885.97498 0.926 -1.566 -3.221 -4.366 -5.148 -5.358
thin4 3 thin_disk 9.4008632 -0.25 0.0084736 1.50663209 1.456 89.01283738 3733.361117 0.7 -1.656 -3.55 -4.795 -5.626 -5.864
thin4 3 thin_disk 9.4008632 -0.25 0.0084736 1.506634355 1.455 112.3188491 3602.466907 0.497 -1.623 -3.826 -5.184 -6.052 -6.317
thin4 3 thin_disk 9.4008632 -0.25 0.0084736 1.506637096 1.454 131.4778655 3514.795001 0.36 -1.505 -3.99 -5.453 -6.341 -6.623
thin4 3 thin_disk 9.4008632 -0.25 0.0084736 1.506640196 1.453 143.5663453 3465.77209 0.283 -1.405 -4.071 -5.6 -6.499 -6.793
thin4 3 thin_disk 9.4008632 -0.25 0.0084736 1.506643772 1.451 150.1248702 3440.329188 0.244 -1.328 -4.1 -5.677 -6.58 -6.88
thin4 3 thin_disk 9.4008632 -0.25 0.0084736 1.506647706 1.45 154.7222046 3422.157552 0.218 -1.271 -4.116 -5.726 -6.632 -6.936
thin4 3 thin_disk 9.4008632 -0.25 0.0084736 1.506647825 1.45 118.9193823 3562.049907 0.446 -1.552 -3.873 -5.274 -6.152 -6.424
thin4 3 thin_disk 9.4008632 -0.25 0.0084736 1.506648421 1.449 93.07920062 3697.430335 0.658 -1.621 -3.588 -4.86 -5.703 -5.948
thin4 3 thin_disk 9.4008632 -0.25 0.0084736 1.506649256 1.449 65.60737246 3900.317845 0.962 -1.507 -3.144 -4.28 -5.059 -5.265
thin4 3 thin_disk 9.4008632 -0.25 0.0084736 1.506650686 1.448 66.52006193 3891.347363 0.95 -1.514 -3.161 -4.302 -5.083 -5.292
thin4 3 thin_disk 9.4008632 -0.25 0.0084736 1.506652355 1.447 78.38855248 3794.897062 0.807 -1.587 -3.372 -4.573 -5.386 -5.612
thin4 3 thin_disk 9.4008632 -0.25 0.0084736 1.50665462 1.446 100.8910507 3650.900525 0.588 -1.607 -3.681 -4.993 -5.848 -6.102
thin4 3 thin_disk 9.4008632 -0.25 0.0084736 1.506657362 1.445 126.1399472 3526.955661 0.393 -1.489 -3.927 -5.372 -6.258 -6.538
thin4 3 thin_disk 9.4008632 -0.25 0.0084736 1.506660461 1.443 146.3364937 3446.672349 0.263 -1.318 -4.062 -5.627 -6.529 -6.827
thin4 3 thin_disk 9.4008632 -0.25 0.0084736 1.506664157 1.441 158.3626078 3404.081897 0.195 -1.199 -4.119 -5.762 -6.671 -6.979
thin4 3 thin_disk 9.4008632 -0.25 0.0084736 1.50666821 1.439 164.1166505 3384.542719 0.163 -1.136 -4.14 -5.822 -6.735 -7.048
thin4 3 thin_disk 9.4008632 -0.25 0.0084736 1.506672859 1.437 167.2833222 3373.649809 0.146 -1.087 -4.143 -5.854 -6.769 -7.084
thin4 3 thin_disk 9.4008632 -0.25 0.0084736 1.506672978 1.437 130.3324757 3505.903839 0.363 -1.435 -3.95 -5.424 -6.315 -6.599
thin4 3 thin_disk 9.4008632 -0.25 0.0084736 1.506673574 1.436 102.0828167 3639.988403 0.574 -1.59 -3.69 -5.01 -5.869 -6.125
thin4 3 thin_disk 9.4008632 -0.25 0.0084736 1.506674647 1.436 71.88737821 3841.492592 0.879 -1.541 -3.256 -4.427 -5.225 -5.442
thin4 3 thin_disk 9.4008632 -0.25 0.0084736 1.506676197 1.435 72.85387308 3833.540008 0.867 -1.546 -3.273 -4.449 -5.25 -5.469
thin4 3 thin_disk 9.4008632 -0.25 0.0084736 1.506678224 1.434 85.75365603 3738.522511 0.725 -1.591 -3.476 -4.717 -5.547 -5.784
thin4 3 thin_disk 9.4008632 -0.25 0.0084736 1.506680727 1.432 109.812719 3597.493352 0.51 -1.553 -3.768 -5.13 -6 -6.265
thin4 3 thin_disk 9.4008632 -0.25 0.0084736 1.506683826 1.43 136.7579698 3476.161938 0.319 -1.365 -3.989 -5.503 -6.401 -6.692
thin4 3 thin_disk 9.4008632 -0.25 0.0084736 1.506687403 1.428 158.2168176 3397.817118 0.192 -1.155 -4.099 -5.753 -6.665 -6.973
thin4 3 thin_disk 9.4008632 -0.25 0.0084736 1.506691575 1.425 170.6682144 3357.376142 0.125 -0.997 -4.13 -5.884 -6.801 -7.12
thin4 3 thin_disk 9.4008632 -0.25 0.0084736 1.506696343 1.422 176.6658653 3338.105052 0.095 -0.915 -4.138 -5.941 -6.861 -7.185
thin4 3 thin_disk 9.4008632 -0.25 0.0084736 1.506701589 1.419 179.7846649 3328.12784 0.078 -0.868 -4.141 -5.97 -6.892 -7.219
thin4 3 thin_disk 9.4008632 -0.25 0.0084736 1.506701827 1.419 142.4467827 3451.437393 0.28 -1.292 -4.015 -5.571 -6.474 -6.77
thin4 3 thin_disk 9.4008632 -0.25 0.0084736 1.506702423 1.419 111.7255869 3585.089483 0.49 -1.53 -3.782 -5.158 -6.032 -6.299
thin4 3 thin_disk 9.4008632 -0.25 0.0084736 1.506703496 1.418 78.58735008 3787.913038 0.796 -1.57 -3.367 -4.573 -5.388 -5.615
thin4 3 thin_disk 9.4008632 -0.25 0.0084736 1.506705165 1.417 79.68060902 3779.20108 0.784 -1.571 -3.383 -4.595 -5.413 -5.642
thin4 3 thin_disk 9.4008632 -0.25 0.0084736 1.506707311 1.415 93.61655271 3684.681891 0.644 -1.582 -3.577 -4.859 -5.705 -5.952
thin4 3 thin_disk 9.4008632 -0.25 0.0084736 1.506710052 1.413 119.2758842 3546.500292 0.433 -1.48 -3.847 -5.265 -6.148 -6.423
thin4 3 thin_disk 9.4008632 -0.25 0.0084736 1.50671339 1.41 147.7925848 3427.677865 0.246 -1.212 -4.031 -5.631 -6.537 -6.838
thin4 3 thin_disk 9.4008632 -0.25 0.0084736 1.506717324 1.408 170.3933514 3350.425767 0.121 -0.94 -4.103 -5.873 -6.791 -7.112
thin4 3 thin_disk 9.4008632 -0.25 0.0084736 1.506721735 1.404 183.4647548 3309.786651 0.056 -0.76 -4.12 -5.999 -6.923 -7.255
thin4 3 thin_disk 9.4008632 -0.25 0.0084736 1.506726742 1.4 189.6062482 3291.546539 0.026 -0.651 -4.109 -6.055 -6.981 -7.318
thin4 3 thin_disk 9.4008632 -0.25 0.0084736 1.506732464 1.396 192.953493 3281.708485 0.01 -0.59 -4.101 -6.083 -7.01 -7.35
thin4 3 thin_disk 9.4008632 -0.25 0.0084736 1.506732702 1.396 156.2257596 3393.907488 0.193 -1.099 -4.061 -5.723 -6.635 -6.945
thin4 3 thin_disk 9.4008632 -0.25 0.0084736 1.506733298 1.395 122.7022834 3526.955661 0.402 -1.429 -3.867 -5.312 -6.199 -6.478
thin4 3 thin_disk 9.4008632 -0.25 0.0084736 1.50673449 1.394 86.16931585 3731.642237 0.709 -1.58 -3.477 -4.723 -5.555 -5.793
thin4 3 thin_disk 9.4008632 -0.25 0.0084736 1.506736159 1.393 87.36805044 3723.059698 0.696 -1.581 -3.494 -4.745 -5.58 -5.82
thin4 3 thin_disk 9.4008632 -0.25 0.0084736 1.506738424 1.391 102.294585 3629.944626 0.559 -1.554 -3.677 -5.005 -5.867 -6.125
thin4 3 thin_disk 9.4008632 -0.25 0.0084736 1.506741166 1.388 129.7336524 3493.815764 0.352 -1.355 -3.913 -5.403 -6.297 -6.583
thin4 3 thin_disk 9.4008632 -0.25 0.0084736 1.506744623 1.385 159.7543325 3377.536103 0.169 -1.025 -4.059 -5.758 -6.673 -6.986
thin4 3 thin_disk 9.4008632 -0.25 0.0084736 1.506748557 1.381 183.4647548 3302.174353 0.048 -0.684 -4.085 -5.993 -6.918 -7.252
thin4 3 thin_disk 9.4008632 -0.25 0.0084736 1.506753206 1.377 197.3116121 3262.120504 -0.016 -0.453 -4.065 -6.117 -7.045 -7.39
thin4 3 thin_disk 9.4008632 -0.25 0.0084736 1.506758332 1.372 203.9166298 3244.143079 -0.046 -0.338 -4.051 -6.172 -7.102 -7.451
thin4 3 thin_disk 9.4008632 -0.25 0.0084736 1.506764173 1.367 207.3732074 3233.702035 -0.063 -0.272 -4.041 -6.201 -7.131 -7.484
thin4 3 thin_disk 9.4008632 -0.25 0.0084736 1.506764412 1.367 172.049195 3334.264128 0.1 -0.825 -4.067 -5.881 -6.801 -7.127
thin4 3 thin_disk 9.4008632 -0.25 0.0084736 1.506765008 1.366 135.3170885 3466.570205 0.308 -1.285 -3.945 -5.473 -6.373 -6.665
thin4 3 thin_disk 9.4008632 -0.25 0.0084736 1.506766081 1.365 94.89703532 3674.514792 0.616 -1.568 -3.589 -4.881 -5.729 -5.979
thin4 3 thin_disk 9.4008632 -0.25 0.0084736 1.506767631 1.363 96.26150444 3665.219597 0.603 -1.564 -3.605 -4.904 -5.755 -6.007
thin4 3 thin_disk 9.4008632 -0.25 0.0084736 1.506769776 1.36 112.3705858 3572.728382 0.467 -1.483 -3.771 -5.16 -6.036 -6.305
thin4 3 thin_disk 9.4008632 -0.25 0.0084736 1.506772399 1.357 141.466186 3439.537114 0.266 -1.197 -3.968 -5.546 -6.451 -6.75
thin4 3 thin_disk 9.4008632 -0.25 0.0084736 1.506775498 1.353 173.4014181 3325.063932 0.088 -0.768 -4.053 -5.89 -6.812 -7.14
thin4 3 thin_disk 9.4008632 -0.25 0.0084736 1.506779194 1.348 198.5421154 3250.124519 -0.03 -0.348 -4.023 -6.119 -7.049 -7.396
thin4 3 thin_disk 9.4008632 -0.25 0.0084736 1.506783605 1.343 213.0358262 3210.702011 -0.093 -0.109 -3.988 -6.239 -7.171 -7.529
thin4 3 thin_disk 9.4008632 -0.25 0.0084736 1.506788373 1.337 220.1165234 3191.537855 -0.124 0.014 -3.963 -6.293 -7.227 -7.59
thin4 3 thin_disk 9.4008632 -0.25 0.0084736 1.506793857 1.331 224.2087951 3180.533688 -0.142 0.093 -3.944 -6.323 -7.257 -7.624
thin4 3 thin_disk 9.4008632 -0.25 0.0084736 1.506793976 1.33 190.3498964 3268.13509 0 -0.437 -4.014 -6.043 -6.972 -7.314
thin4 3 thin_disk 9.4008632 -0.25 0.0084736 1.506794572 1.329 149.952132 3400.948065 0.207 -1.063 -3.992 -5.64 -6.551 -6.859
thin4 3 thin_disk 9.4008632 -0.25 0.0084736 1.506795645 1.327 104.822049 3610.771451 0.517 -1.516 -3.693 -5.042 -5.908 -6.17
thin4 3 thin_disk 9.4008632 -0.25 0.0084736 1.506797075 1.325 106.3292241 3601.637504 0.504 -1.503 -3.706 -5.065 -5.933 -6.197
thin4 3 thin_disk 9.4008632 -0.25 0.0084736 1.506798983 1.321 123.6951424 3510.750772 0.371 -1.35 -3.848 -5.316 -6.206 -6.489
thin4 3 thin_disk 9.4008632 -0.25 0.0084736 1.506801486 1.317 154.8291198 3379.870029 0.175 -0.972 -3.996 -5.69 -6.605 -6.918
thin4 3 thin_disk 9.4008632 -0.25 0.0084736 1.506804347 1.311 188.3877438 3268.13509 0.003 -0.411 -3.99 -6.021 -6.949 -7.292
thin4 3 thin_disk 9.4008632 -0.25 0.0084736 1.506807804 1.305 214.3643912 3195.214365 -0.112 0.033 -3.924 -6.239 -7.173 -7.536
thin4 3 thin_disk 9.4008632 -0.25 0.0084736 1.506811857 1.298 229.4841235 3156.457891 -0.173 0.274 -3.876 -6.352 -7.288 -7.662
thin4 3 thin_disk 9.4008632 -0.25 0.0084736 1.506816387 1.29 236.5661733 3137.61751 -0.202 0.378 -3.848 -6.402 -7.339 -7.717
thin4 3 thin_disk 9.4008632 -0.25 0.0084736 1.506821394 1.281 240.7978721 3126.079367 -0.22 0.448 -3.826 -6.428 -7.366 -7.747
thin4 3 thin_disk 9.4008632 -0.25 0.0084736 1.506821513 1.28 209.0993317 3201.842758 -0.098 0.016 -3.905 -6.191 -7.124 -7.484
thin4 3 thin_disk 9.4008632 -0.25 0.0084736 1.506822109 1.279 165.0641063 3334.264128 0.107 -0.74 -3.977 -5.79 -6.71 -7.035
thin4 3 thin_disk 9.4008632 -0.25 0.0084736 1.506823063 1.276 115.0939897 3546.500292 0.419 -1.4 -3.77 -5.189 -6.071 -6.346
thin4 3 thin_disk 9.4008632 -0.25 0.0084736 1.506824493 1.272 116.8026362 3536.714476 0.405 -1.376 -3.78 -5.212 -6.096 -6.374
thin4 3 thin_disk 9.4008632 -0.25 0.0084736 1.506826281 1.267 135.5978005 3445.085463 0.274 -1.145 -3.891 -5.458 -6.362 -6.66
thin4 3 thin_disk 9.4008632 -0.25 0.0084736 1.506828666 1.26 168.5592712 3316.652722 0.082 -0.639 -3.962 -5.821 -6.744 -7.074
thin4 3 thin_disk 9.4008632 -0.25 0.0084736 1.506831407 1.252 203.9166298 3207.00768 -0.086 0.017 -3.876 -6.141 -7.074 -7.433
thin4 3 thin_disk 9.4008632 -0.25 0.0084736 1.506834745 1.243 231.2345074 3135.450869 -0.198 0.443 -3.789 -6.35 -7.288 -7.665
thin4 3 thin_disk 9.4008632 -0.25 0.0084736 1.50683856 1.233 246.8042561 3096.706174 -0.259 0.659 -3.732 -6.457 -7.398 -7.786
thin4 3 thin_disk 9.4008632 -0.25 0.0084736 1.506842852 1.221 254.6552563 3076.805194 -0.29 0.741 -3.705 -6.503 -7.445 -7.839
thin4 3 thin_disk 9.4008632 -0.25 0.0084736 1.50684762 1.208 258.8526675 3064.079294 -0.309 0.789 -3.684 -6.528 -7.471 -7.867
thin4 3 thin_disk 9.4008632 -0.25 0.0084736 1.506847739 1.207 230.2781039 3127.519311 -0.207 0.521 -3.74 -6.332 -7.271 -7.65
thin4 3 thin_disk 9.4008632 -0.25 0.0084736 1.506848216 1.205 181.7408876 3259.117363 -0.003 -0.251 -3.874 -5.935 -6.865 -7.209
thin4 3 thin_disk 9.4008632 -0.25 0.0084736 1.506849051 1.2 126.5472304 3472.961749 0.31 -1.173 -3.811 -5.331 -6.229 -6.521
thin4 3 thin_disk 9.4008632 -0.25 0.0084736 1.506850362 1.194 128.3963402 3461.784268 0.295 -1.137 -3.817 -5.354 -6.255 -6.549
thin4 3 thin_disk 9.4008632 -0.25 0.0084736 1.506852031 1.186 148.8513044 3370.543993 0.164 -0.816 -3.88 -5.597 -6.513 -6.829
thin4 3 thin_disk 9.4008632 -0.25 0.0084736 1.506854177 1.176 184.1419106 3243.396173 -0.024 -0.12 -3.829 -5.949 -6.88 -7.229
thin4 3 thin_disk 9.4008632 -0.25 0.0084736 1.50685668 1.164 221.6933392 3134.728988 -0.19 0.537 -3.694 -6.258 -7.196 -7.573
thin4 3 thin_disk 9.4008632 -0.25 0.0084736 1.50685966 1.15 250.5836004 3062.668558 -0.302 0.858 -3.612 -6.457 -7.399 -7.795
thin4 3 thin_disk 9.4008632 -0.25 0.0084736 1.506862998 1.134 267.5177757 3022.73448 -0.364 0.992 -3.567 -6.556 -7.502 -7.909
thin4 3 thin_disk 9.4008632 -0.25 0.0084736 1.506866932 1.117 275.9005999 3000.544002 -0.398 1.063 -3.54 -6.599 -7.546 -7.959
thin4 3 thin_disk 9.4008632 -0.25 0.0084736 1.506871223 1.097 280.6419859 2985.382619 -0.421 1.126 -3.51 -6.619 -7.568 -7.986
thin4 3 thin_disk 9.4008632 -0.25 0.0084736 1.506871343 1.096 254.6552563 3038.085556 -0.337 0.984 -3.537 -6.468 -7.412 -7.814
thin4 3 thin_disk 9.4008632 -0.25 0.0084736 1.506871819 1.092 201.2114287 3169.567463 -0.134 0.426 -3.657 -6.078 -7.014 -7.384
thin4 3 thin_disk 9.4008632 -0.25 0.0084736 1.506872654 1.085 139.5573277 3386.101717 0.182 -0.799 -3.793 -5.47 -6.383 -6.695
thin4 3 thin_disk 9.4008632 -0.25 0.0084736 1.506873846 1.075 141.6617638 3374.42671 0.164 -0.739 -3.787 -5.493 -6.408 -6.723
thin4 3 thin_disk 9.4008632 -0.25 0.0084736 1.506875396 1.062 164.1544441 3282.464214 0.031 -0.253 -3.754 -5.732 -6.66 -6.999
thin4 3 thin_disk 9.4008632 -0.25 0.0084736 1.506877303 1.046 202.373035 3155.004623 -0.157 0.556 -3.594 -6.076 -7.014 -7.387
thin4 3 thin_disk 9.4008632 -0.25 0.0084736 1.506879687 1.027 242.9140556 3045.089067 -0.324 1.034 -3.47 -6.374 -7.317 -7.716
thin4 3 thin_disk 9.4008632 -0.25 0.0084736 1.506882429 1.005 274.1275249 2972.350362 -0.439 1.251 -3.406 -6.554 -7.504 -7.924
thin4 3 thin_disk 9.4008632 -0.25 0.0084736 1.506885648 0.98 292.5180333 2930.893245 -0.505 1.397 -3.355 -6.637 -7.594 -8.03
thin4 3 thin_disk 9.4008632 -0.25 0.0084736 1.506889224 0.953 301.4759309 2908.70716 -0.544 1.521 -3.303 -6.662 -7.627 -8.077
thin4 3 thin_disk 9.4008632 -0.25 0.0084736 1.506893277 0.923 306.6568321 2894.009817 -0.573 1.615 -3.259 -6.672 -7.643 -8.103
thin4 3 thin_disk 9.4008632 -0.25 0.0084736 1.506913185 0.595 3.335436253e-06 10000 1.444 30.047 30.03 30.028 30.05 30.059
