# component component_index family logAge MH Zini Mini Mass radius_rsun Teff_K logg Jmag_2mass Hmag_2mass Ksmag_2mass F087mag F146mag F213mag
thin4 3 thin_disk 9.4008632 0 0.01471 0.0900000036 0.09 0.1216893706 2307.80973 5.219 11.177 10.573 10.312 12.977 11.198 10.389
thin4 3 thin_disk 9.4008632 0 0.01471 0.1000000015 0.1 0.1332148515 2450.755579 5.186 10.72 10.117 9.852 12.52 10.741 9.93
thin4 3 thin_disk 9.4008632 0 0.01471 0.1074565947 0.107 0.1410108871 2530.463049 5.168 10.458 9.856 9.589 12.259 10.479 9.667
thin4 3 thin_disk 9.4008632 0 0.01471 0.1200000048 0.12 0.1538695362 2657.66355 5.14 10.074 9.472 9.201 11.804 10.084 9.275
thin4 3 thin_disk 9.4008632 0 0.01471 0.1400000006 0.14 0.1733215822 2782.274658 5.104 9.665 9.063 8.791 11.213 9.647 8.857
thin4 3 thin_disk 9.4008632 0 0.01471 0.1599999964 0.16 0.1915810922 2870.119636 5.075 9.346 8.744 8.474 10.781 9.312 8.534
thin4 3 thin_disk 9.4008632 0 0.01471 0.200000003 0.2 0.2251399912 2996.40146 5.031 8.853 8.25 7.987 10.15 8.799 8.04
thin4 3 thin_disk 9.4008632 0 0.01471 0.25 0.25 0.2640296165 3111.716337 4.99 8.386 7.783 7.527 9.58 8.318 7.575
thin4 3 thin_disk 9.4008632 0 0.01471 0.3132364154 0.313 0.3135109 3207.746206 4.939 7.913 7.307 7.06 9.038 7.834 7.104
thin4 3 thin_disk 9.4008632 0 0.01471 0.3440052569 0.344 0.3424148924 3245.637406 4.903 7.681 7.072 6.829 8.781 7.597 6.871
thin4 3 thin_disk 9.4008632 0 0.01471 0.3500000238 0.35 0.3474182632 3253.868518 4.898 7.642 7.033 6.791 8.738 7.557 6.832
thin4 3 thin_disk 9.4008632 0 0.01471 0.356731832 0.357 0.3533073276 3265.878322 4.892 7.594 6.984 6.742 8.682 7.508 6.784
thin4 3 thin_disk 9.4008632 0 0.01471 0.3702920973 0.37 0.3647141766 3289.273605 4.88 7.501 6.89 6.65 8.575 7.412 6.691
thin4 3 thin_disk 9.4008632 0 0.01471 0.4000000358 0.4 0.3891819097 3338.105052 4.858 7.313 6.697 6.462 8.359 7.218 6.5
thin4 3 thin_disk 9.4008632 0 0.01471 0.4500000179 0.45 0.4367698432 3433.207084 4.808 6.97 6.346 6.116 7.967 6.863 6.151
thin4 3 thin_disk 9.4008632 0 0.01471 0.5 0.5 0.4882616842 3552.221185 4.757 6.619 5.985 5.762 7.562 6.499 5.792
thin4 3 thin_disk 9.4008632 0 0.01471 0.5476362109 0.547 0.5378394385 3702.542054 4.712 6.278 5.632 5.42 7.16 6.144 5.444
thin4 3 thin_disk 9.4008632 0 0.01471 0.5500000119 0.55 0.5401975931 3709.368674 4.71 6.262 5.615 5.404 7.141 6.127 5.427
thin4 3 thin_disk 9.4008632 0 0.01471 0.6000000238 0.6 0.5863442152 3912.911271 4.677 5.915 5.249 5.065 6.728 5.764 5.082
thin4 3 thin_disk 9.4008632 0 0.01471 0.6499999762 0.65 0.6236668276 4169.653822 4.658 5.568 4.897 4.753 6.322 5.411 4.764
thin4 3 thin_disk 9.4008632 0 0.01471 0.7000000477 0.7 0.655771661 4453.485063 4.647 5.248 4.613 4.504 5.938 5.105 4.511
thin4 3 thin_disk 9.4008632 0 0.01471 0.713318944 0.713 0.6632124111 4534.192978 4.645 5.168 4.554 4.452 5.837 5.033 4.458
thin4 3 thin_disk 9.4008632 0 0.01471 0.75 0.75 0.6838370781 4754.446885 4.64 4.957 4.41 4.321 5.567 4.848 4.326
thin4 3 thin_disk 9.4008632 0 0.01471 0.8000000119 0.8 0.7265284825 4991.142852 4.616 4.685 4.203 4.125 5.237 4.599 4.129
thin4 3 thin_disk 9.4008632 0 0.01471 0.8451088071 0.845 0.7667479877 5199.959965 4.593 4.452 4.023 3.953 4.957 4.384 3.956
thin4 3 thin_disk 9.4008632 0 0.01471 0.8500000238 0.85 0.7709969231 5221.55672 4.59 4.428 4.004 3.934 4.928 4.362 3.938
thin4 3 thin_disk 9.4008632 0 0.01471 0.8574460745 0.857 0.7779517191 5255.330096 4.586 4.391 3.974 3.906 4.884 4.327 3.909
thin4 3 thin_disk 9.4008632 0 0.01471 0.8999999762 0.899 0.8212070041 5440.013782 4.561 4.183 3.806 3.744 4.637 4.131 3.747
thin4 3 thin_disk 9.4008632 0 0.01471 0.9268757701 0.926 0.8512412188 5550.089672 4.542 4.055 3.701 3.643 4.488 4.01 3.646
thin4 3 thin_disk 9.4008632 0 0.01471 0.9499999881 0.949 0.8773091216 5642.869413 4.526 3.949 3.611 3.557 4.365 3.908 3.56
thin4 3 thin_disk 9.4008632 0 0.01471 0.9614350796 0.961 0.8923857874 5685.910247 4.517 3.895 3.564 3.512 4.303 3.857 3.515
thin4 3 thin_disk 9.4008632 0 0.01471 0.9912643433 0.991 0.9316496923 5796.955947 4.493 3.756 3.445 3.397 4.147 3.724 3.399
thin4 3 thin_disk 9.4008632 0 0.01471 1 1 0.9428717958 5829.079789 4.486 3.717 3.411 3.364 4.102 3.686 3.366
thin4 3 thin_disk 9.4008632 0 0.01471 1.01758337 1.017 0.9686182442 5888.436554 4.47 3.635 3.339 3.294 4.01 3.607 3.297
thin4 3 thin_disk 9.4008632 0 0.01471 1.047176361 1.046 1.014501386 5986.872372 4.443 3.501 3.22 3.179 3.86 3.477 3.181
thin4 3 thin_disk 9.4008632 0 0.01471 1.049999952 1.049 1.019418815 5996.529852 4.44 3.488 3.209 3.168 3.846 3.464 3.17
thin4 3 thin_disk 9.4008632 0 0.01471 1.073659301 1.073 1.058650592 6070.158063 4.416 3.379 3.111 3.072 3.726 3.358 3.074
thin4 3 thin_disk 9.4008632 0 0.01471 1.099186301 1.098 1.103958239 6146.105347 4.39 3.262 3.005 2.968 3.598 3.244 2.97
thin4 3 thin_disk 9.4008632 0 0.01471 1.100000024 1.099 1.105993679 6147.520703 4.389 3.258 3.001 2.965 3.594 3.24 2.967
thin4 3 thin_disk 9.4008632 0 0.01471 1.119755983 1.119 1.142753723 6202.97456 4.368 3.167 2.919 2.884 3.496 3.152 2.886
thin4 3 thin_disk 9.4008632 0 0.01471 1.142294526 1.141 1.187278613 6263.253648 4.344 3.064 2.824 2.791 3.385 3.051 2.793
thin4 3 thin_disk 9.4008632 0 0.01471 1.149999976 1.149 1.202964039 6283.47657 4.335 3.029 2.792 2.759 3.347 3.016 2.761
thin4 3 thin_disk 9.4008632 0 0.01471 1.174056292 1.173 1.253870385 6341.616863 4.309 2.921 2.692 2.66 3.231 2.91 2.662
thin4 3 thin_disk 9.4008632 0 0.01471 1.200000048 1.199 1.311150802 6397.348355 4.279 2.805 2.584 2.553 3.108 2.796 2.555
thin4 3 thin_disk 9.4008632 0 0.01471 1.25 1.249 1.431042872 6471.426157 4.221 2.592 2.381 2.352 2.885 2.585 2.354
thin4 3 thin_disk 9.4008632 0 0.01471 1.266209364 1.266 1.473508498 6484.850971 4.201 2.523 2.315 2.286 2.815 2.517 2.288
thin4 3 thin_disk 9.4008632 0 0.01471 1.299999952 1.3 1.569468649 6504.291551 4.158 2.382 2.176 2.147 2.671 2.376 2.149
thin4 3 thin_disk 9.4008632 0 0.01471 1.331914186 1.332 1.672063031 6504.291551 4.114 2.244 2.039 2.01 2.533 2.239 2.012
thin4 3 thin_disk 9.4008632 0 0.01471 1.349999905 1.35 1.735212409 6499.800097 4.087 2.165 1.96 1.931 2.455 2.16 1.932
thin4 3 thin_disk 9.4008632 0 0.01471 1.358653307 1.358 1.767065488 6496.807517 4.074 2.126 1.921 1.891 2.416 2.121 1.893
thin4 3 thin_disk 9.4008632 0 0.01471 1.392465949 1.392 1.903060718 6472.91643 4.02 1.971 1.763 1.733 2.264 1.965 1.735
thin4 3 thin_disk 9.4008632 0 0.01471 1.399999976 1.4 1.936210829 6465.468498 4.007 1.936 1.727 1.697 2.23 1.93 1.698
thin4 3 thin_disk 9.4008632 0 0.01471 1.40854013 1.408 1.975389063 6456.54229 3.993 1.895 1.686 1.655 2.191 1.889 1.657
thin4 3 thin_disk 9.4008632 0 0.01471 1.443800926 1.444 2.15254701 6406.192726 3.929 1.726 1.51 1.478 2.027 1.718 1.48
thin4 3 thin_disk 9.4008632 0 0.01471 1.450000048 1.45 2.184502997 6395.875481 3.917 1.695 1.478 1.446 1.998 1.687 1.448
thin4 3 thin_disk 9.4008632 0 0.01471 1.454493999 1.454 2.211325351 6382.634862 3.908 1.674 1.455 1.422 1.978 1.665 1.424
thin4 3 thin_disk 9.4008632 0 0.01471 1.471557379 1.471 2.31767558 6328.488569 3.873 1.589 1.364 1.33 1.901 1.579 1.331
thin4 3 thin_disk 9.4008632 0 0.01471 1.4886024 1.488 2.431938818 6267.581645 3.836 1.505 1.271 1.236 1.825 1.493 1.237
thin4 3 thin_disk 9.4008632 0 0.01471 1.5 1.5 2.513926898 6221.570117 3.81 1.448 1.208 1.171 1.775 1.434 1.173
thin4 3 thin_disk 9.4008632 0 0.01471 1.506231427 1.506 2.562433744 6194.410751 3.796 1.417 1.173 1.135 1.747 1.402 1.137
thin4 3 thin_disk 9.4008632 0 0.01471 1.521786213 1.521 2.696203355 6133.381798 3.756 1.328 1.075 1.036 1.667 1.311 1.038
thin4 3 thin_disk 9.4008632 0 0.01471 1.526596546 1.526 2.740013136 6119.275411 3.744 1.298 1.043 1.004 1.639 1.281 1.005
thin4 3 thin_disk 9.4008632 0 0.01471 1.532896042 1.532 2.819373704 6208.690342 3.72 1.203 0.962 0.924 1.531 1.189 0.926
thin4 3 thin_disk 9.4008632 0 0.01471 1.534237623 1.534 2.857936959 6284.92356 3.709 1.15 0.92 0.884 1.467 1.139 0.886
thin4 3 thin_disk 9.4008632 0 0.01471 1.534721136 1.534 2.892361985 6363.5579 3.698 1.096 0.878 0.844 1.403 1.088 0.846
thin4 3 thin_disk 9.4008632 0 0.01471 1.534942031 1.534 2.935976971 6437.244428 3.686 1.042 0.835 0.802 1.338 1.036 0.803
thin4 3 thin_disk 9.4008632 0 0.01471 1.53504324 1.535 2.95564755 6478.880953 3.68 1.013 0.811 0.779 1.304 1.008 0.781
thin4 3 thin_disk 9.4008632 0 0.01471 1.535110593 1.535 2.907050959 6428.357187 3.695 1.065 0.857 0.824 1.363 1.059 0.825
thin4 3 thin_disk 9.4008632 0 0.01471 1.535182357 1.535 2.899029568 6356.235799 3.697 1.094 0.874 0.84 1.401 1.085 0.842
thin4 3 thin_disk 9.4008632 0 0.01471 1.53535974 1.535 3.030069883 6210.120111 3.658 1.046 0.806 0.769 1.374 1.033 0.77
thin4 3 thin_disk 9.4008632 0 0.01471 1.535664558 1.535 3.186784123 6065.966395 3.615 0.988 0.726 0.685 1.337 0.969 0.687
thin4 3 thin_disk 9.4008632 0 0.01471 1.536169052 1.536 3.307140493 5923.794716 3.582 0.959 0.673 0.628 1.331 0.934 0.63
thin4 3 thin_disk 9.4008632 0 0.01471 1.536763907 1.536 3.374058785 5800.961725 3.565 0.963 0.656 0.607 1.355 0.932 0.609
thin4 3 thin_disk 9.4008632 0 0.01471 1.537356734 1.537 3.406847116 5693.771051 3.557 0.988 0.661 0.608 1.399 0.951 0.611
thin4 3 thin_disk 9.4008632 0 0.01471 1.537947655 1.537 3.420208995 5588.561056 3.554 1.026 0.678 0.622 1.456 0.983 0.625
thin4 3 thin_disk 9.4008632 0 0.01471 1.538536549 1.538 3.42888283 5482.769649 3.552 1.068 0.698 0.639 1.52 1.019 0.641
thin4 3 thin_disk 9.4008632 0 0.01471 1.539123535 1.539 3.459016589 5377.74246 3.544 1.099 0.706 0.643 1.572 1.043 0.646
thin4 3 thin_disk 9.4008632 0 0.01471 1.539825439 1.539 3.578101408 5266.232149 3.516 1.083 0.666 0.598 1.581 1.02 0.601
thin4 3 thin_disk 9.4008632 0 0.01471 1.540640831 1.54 3.820785393 5158.221651 3.459 0.997 0.553 0.482 1.52 0.925 0.485
thin4 3 thin_disk 9.4008632 0 0.01471 1.540873051 1.54 3.903486169 5129.794883 3.44 0.965 0.514 0.442 1.494 0.891 0.445
thin4 3 thin_disk 9.4008632 0 0.01471 1.541216731 1.541 4.065862101 5099.175976 3.404 0.892 0.434 0.361 1.429 0.816 0.363
thin4 3 thin_disk 9.4008632 0 0.01471 1.54178822 1.541 4.375751445 5055.917748 3.341 0.758 0.29 0.215 1.305 0.678 0.217
thin4 3 thin_disk 9.4008632 0 0.01471 1.542229414 1.542 4.635031018 5026.897154 3.291 0.648 0.173 0.096 1.202 0.566 0.099
thin4 3 thin_disk 9.4008632 0 0.01471 1.54265213 1.542 4.910804497 5000.34535 3.241 0.538 0.057 -0.021 1.099 0.454 -0.018
thin4 3 thin_disk 9.4008632 0 0.01471 1.543060064 1.543 5.192214729 4976.2249 3.193 0.43 -0.057 -0.136 0.998 0.344 -0.134
thin4 3 thin_disk 9.4008632 0 0.01471 1.543463945 1.543 5.489750979 4952.220801 3.144 0.322 -0.171 -0.252 0.896 0.234 -0.249
thin4 3 thin_disk 9.4008632 0 0.01471 1.543864369 1.543 5.804337337 4928.332492 3.096 0.214 -0.285 -0.367 0.795 0.124 -0.364
thin4 3 thin_disk 9.4008632 0 0.01471 1.54425776 1.544 6.134125327 4905.688861 3.048 0.108 -0.397 -0.48 0.694 0.016 -0.477
thin4 3 thin_disk 9.4008632 0 0.01471 1.544746876 1.544 6.565270808 4877.53057 2.989 -0.023 -0.535 -0.62 0.571 -0.117 -0.617
thin4 3 thin_disk 9.4008632 0 0.01471 1.54530561 1.545 7.088472272 4845.069375 2.923 -0.17 -0.691 -0.778 0.432 -0.268 -0.775
thin4 3 thin_disk 9.4008632 0 0.01471 1.54570961 1.545 7.49467224 4821.697939 2.874 -0.277 -0.805 -0.893 0.332 -0.377 -0.89
thin4 3 thin_disk 9.4008632 0 0.01471 1.546193957 1.546 8.02883707 4791.814529 2.815 -0.407 -0.942 -1.032 0.21 -0.51 -1.029
thin4 3 thin_disk 9.4008632 0 0.01471 1.546607375 1.546 8.516333201 4766.504419 2.764 -0.519 -1.061 -1.153 0.106 -0.624 -1.15
thin4 3 thin_disk 9.4008632 0 0.01471 1.547061682 1.547 9.102331431 4736.963082 2.707 -0.644 -1.195 -1.288 -0.011 -0.753 -1.285
thin4 3 thin_disk 9.4008632 0 0.01471 1.54746604 1.547 9.668356258 4708.688923 2.654 -0.759 -1.318 -1.413 -0.118 -0.871 -1.41
thin4 3 thin_disk 9.4008632 0 0.01471 1.547819138 1.547 10.2365272 4682.739514 2.605 -0.865 -1.43 -1.527 -0.216 -0.979 -1.524
thin4 3 thin_disk 9.4008632 0 0.01471 1.548197985 1.548 10.88560684 4654.789007 2.551 -0.98 -1.553 -1.652 -0.323 -1.097 -1.65
thin4 3 thin_disk 9.4008632 0 0.01471 1.548582792 1.548 11.58117555 4625.940048 2.497 -1.096 -1.678 -1.78 -0.43 -1.216 -1.777
thin4 3 thin_disk 9.4008632 0 0.01471 1.548983932 1.548 12.32686514 4596.211447 2.443 -1.212 -1.803 -1.906 -0.538 -1.336 -1.903
thin4 3 thin_disk 9.4008632 0 0.01471 1.549533963 1.549 13.07231923 4569.829533 2.393 -1.321 -1.919 -2.025 -0.639 -1.448 -2.022
thin4 3 thin_disk 9.4008632 0 0.01471 1.549918294 1.549 13.47884393 4555.121862 2.366 -1.38 -1.981 -2.088 -0.693 -1.507 -2.085
thin4 3 thin_disk 9.4008632 0 0.01471 1.549999952 1.549 13.37681266 4559.319217 2.372 -1.366 -1.966 -2.073 -0.68 -1.493 -2.07
thin4 3 thin_disk 9.4008632 0 0.01471 1.550119877 1.549 13.23892265 4564.57135 2.382 -1.346 -1.945 -2.051 -0.662 -1.472 -2.048
thin4 3 thin_disk 9.4008632 0 0.01471 1.55044353 1.55 12.66638384 4586.696458 2.42 -1.266 -1.859 -1.963 -0.588 -1.39 -1.96
thin4 3 thin_disk 9.4008632 0 0.01471 1.550614357 1.55 12.14374516 4606.806808 2.457 -1.187 -1.774 -1.877 -0.516 -1.309 -1.874
thin4 3 thin_disk 9.4008632 0 0.01471 1.550755382 1.55 11.5678499 4631.268925 2.499 -1.096 -1.676 -1.777 -0.432 -1.216 -1.774
thin4 3 thin_disk 9.4008632 0 0.01471 1.550884485 1.55 11.01165623 4654.789007 2.542 -1.005 -1.579 -1.678 -0.348 -1.122 -1.675
thin4 3 thin_disk 9.4008632 0 0.01471 1.551023483 1.55 10.43164129 4681.661397 2.589 -0.906 -1.472 -1.569 -0.257 -1.02 -1.566
thin4 3 thin_disk 9.4008632 0 0.01471 1.551202536 1.551 9.773556881 4713.027784 2.645 -0.785 -1.342 -1.437 -0.145 -0.896 -1.434
thin4 3 thin_disk 9.4008632 0 0.01471 1.551368713 1.551 9.303634593 4736.963082 2.688 -0.694 -1.244 -1.337 -0.06 -0.802 -1.335
thin4 3 thin_disk 9.4008632 0 0.01471 1.551458001 1.551 9.102331431 4747.882909 2.708 -0.651 -1.199 -1.291 -0.021 -0.759 -1.289
thin4 3 thin_disk 9.4008632 0 0.01471 1.551605225 1.551 9.273691507 4739.145036 2.692 -0.686 -1.235 -1.329 -0.053 -0.794 -1.326
thin4 3 thin_disk 9.4008632 0 0.01471 1.552047968 1.551 9.936939481 4706.520991 2.631 -0.817 -1.375 -1.471 -0.175 -0.928 -1.468
thin4 3 thin_disk 9.4008632 0 0.01471 1.55255723 1.552 10.57919555 4678.428537 2.578 -0.933 -1.5 -1.597 -0.283 -1.047 -1.594
thin4 3 thin_disk 9.4008632 0 0.01471 1.553071499 1.552 11.24223463 4649.433067 2.524 -1.048 -1.623 -1.722 -0.389 -1.165 -1.719
thin4 3 thin_disk 9.4008632 0 0.01471 1.553600192 1.553 11.97988488 4619.553488 2.469 -1.166 -1.75 -1.852 -0.499 -1.287 -1.849
thin4 3 thin_disk 9.4008632 0 0.01471 1.554091811 1.553 12.73071058 4590.922908 2.417 -1.279 -1.87 -1.975 -0.603 -1.403 -1.972
thin4 3 thin_disk 9.4008632 0 0.01471 1.55459559 1.554 13.56602599 4561.419344 2.361 -1.398 -1.998 -2.104 -0.713 -1.525 -2.101
thin4 3 thin_disk 9.4008632 0 0.01471 1.555057287 1.554 14.42290174 4532.105385 2.309 -1.511 -2.119 -2.228 -0.817 -1.641 -2.225
thin4 3 thin_disk 9.4008632 0 0.01471 1.555512071 1.555 15.35156461 4502.979813 2.255 -1.626 -2.242 -2.353 -0.922 -1.759 -2.35
thin4 3 thin_disk 9.4008632 0 0.01471 1.555936813 1.555 16.32122098 4474.041416 2.202 -1.739 -2.363 -2.478 -1.026 -1.876 -2.475
thin4 3 thin_disk 9.4008632 0 0.01471 1.55634141 1.555 17.36011688 4444.265543 2.148 -1.852 -2.486 -2.603 -1.13 -1.993 -2.6
thin4 3 thin_disk 9.4008632 0 0.01471 1.556726575 1.556 18.48641273 4414.687837 2.094 -1.967 -2.609 -2.729 -1.235 -2.111 -2.726
thin4 3 thin_disk 9.4008632 0 0.01471 1.557073712 1.556 19.6179058 4385.306978 2.042 -2.076 -2.727 -2.85 -1.335 -2.224 -2.847
thin4 3 thin_disk 9.4008632 0 0.01471 1.557412267 1.556 20.86664583 4356.121655 1.988 -2.189 -2.848 -2.975 -1.437 -2.34 -2.972
thin4 3 thin_disk 9.4008632 0 0.01471 1.557724714 1.557 22.20509547 4326.134325 1.935 -2.298 -2.962 -3.094 -1.536 -2.451 -3.091
thin4 3 thin_disk 9.4008632 0 0.01471 1.558015466 1.557 23.59134191 4297.342812 1.882 -2.406 -3.074 -3.212 -1.634 -2.561 -3.208
thin4 3 thin_disk 9.4008632 0 0.01471 1.558288097 1.557 25.04682289 4267.760112 1.83 -2.514 -3.186 -3.33 -1.731 -2.67 -3.326
thin4 3 thin_disk 9.4008632 0 0.01471 1.558541059 1.557 26.6227335 4238.381058 1.777 -2.621 -3.297 -3.447 -1.826 -2.779 -3.443
thin4 3 thin_disk 9.4008632 0 0.01471 1.55877912 1.557 28.28476956 4210.173564 1.725 -2.728 -3.408 -3.564 -1.922 -2.887 -3.56
thin4 3 thin_disk 9.4008632 0 0.01471 1.558997631 1.558 29.99526097 4181.190933 1.673 -2.833 -3.518 -3.68 -2.015 -2.994 -3.675
thin4 3 thin_disk 9.4008632 0 0.01471 1.559205294 1.558 31.8825203 4152.407818 1.621 -2.938 -3.628 -3.797 -2.11 -3.102 -3.792
thin4 3 thin_disk 9.4008632 0 0.01471 1.559393883 1.558 33.81058186 4123.822843 1.57 -3.041 -3.735 -3.91 -2.2 -3.206 -3.905
thin4 3 thin_disk 9.4008632 0 0.01471 1.559574127 1.558 35.91307933 4094.491746 1.518 -3.144 -3.844 -4.026 -2.292 -3.312 -4.021
thin4 3 thin_disk 9.4008632 0 0.01471 1.559743524 1.558 38.14631975 4065.36927 1.466 -3.25 -3.957 -4.145 -2.386 -3.422 -4.139
thin4 3 thin_disk 9.4008632 0 0.01471 1.559895039 1.558 40.36013822 4037.383465 1.416 -3.352 -4.067 -4.26 -2.476 -3.527 -4.254
thin4 3 thin_disk 9.4008632 0 0.01471 1.560041547 1.558 42.86991721 4008.667176 1.364 -3.457 -4.181 -4.378 -2.569 -3.636 -4.372
thin4 3 thin_disk 9.4008632 0 0.01471 1.560176492 1.558 45.41011951 3981.071706 1.314 -3.559 -4.291 -4.494 -2.66 -3.742 -4.488
thin4 3 thin_disk 9.4008632 0 0.01471 1.560301304 1.558 48.0897639 3951.845889 1.263 -3.661 -4.402 -4.609 -2.749 -3.848 -4.603
thin4 3 thin_disk 9.4008632 0 0.01471 1.56042099 1.558 51.02143214 3923.737995 1.213 -3.764 -4.513 -4.726 -2.84 -3.955 -4.72
thin4 3 thin_disk 9.4008632 0 0.01471 1.560531378 1.558 54.00732224 3895.830022 1.163 -3.864 -4.622 -4.84 -2.928 -4.06 -4.834
thin4 3 thin_disk 9.4008632 0 0.01471 1.560633421 1.558 57.19428628 3867.229981 1.113 -3.963 -4.729 -4.953 -3.014 -4.163 -4.947
thin4 3 thin_disk 9.4008632 0 0.01471 1.560729861 1.558 60.49961972 3838.839899 1.064 -4.062 -4.837 -5.065 -3.1 -4.266 -5.059
thin4 3 thin_disk 9.4008632 0 0.01471 1.560821414 1.558 64.06969327 3810.658234 1.015 -4.161 -4.944 -5.178 -3.186 -4.37 -5.172
thin4 3 thin_disk 9.4008632 0 0.01471 1.560922265 1.558 68.57292027 3775.721909 0.956 -4.279 -5.072 -5.313 -3.284 -4.493 -5.306
thin4 3 thin_disk 9.4008632 0 0.01471 1.561018109 1.557 73.42646915 3740.24456 0.896 -4.399 -5.201 -5.449 -3.385 -4.617 -5.442
thin4 3 thin_disk 9.4008632 0 0.01471 1.561107516 1.557 78.62354922 3705.100563 0.836 -4.518 -5.329 -5.584 -3.483 -4.741 -5.577
thin4 3 thin_disk 9.4008632 0 0.01471 1.561190486 1.557 84.22725456 3669.441767 0.777 -4.637 -5.456 -5.718 -3.578 -4.864 -5.711
thin4 3 thin_disk 9.4008632 0 0.01471 1.561267495 1.556 90.0850336 3634.963045 0.718 -4.755 -5.582 -5.851 -3.671 -4.986 -5.844
thin4 3 thin_disk 9.4008632 0 0.01471 1.561339378 1.556 96.39458653 3599.97927 0.66 -4.871 -5.707 -5.984 -3.758 -5.106 -5.976
thin4 3 thin_disk 9.4008632 0 0.01471 1.561405063 1.556 102.908831 3565.332188 0.603 -4.984 -5.828 -6.112 -3.842 -5.223 -6.105
thin4 3 thin_disk 9.4008632 0 0.01471 1.561468363 1.555 109.9645357 3529.392837 0.544 -5.1 -5.951 -6.243 -3.921 -5.342 -6.235
thin4 3 thin_disk 9.4008632 0 0.01471 1.561526895 1.555 117.4498982 3494.620337 0.487 -5.212 -6.071 -6.37 -3.992 -5.458 -6.362
thin4 3 thin_disk 9.4008632 0 0.01471 1.561582923 1.554 125.3004541 3460.190425 0.431 -5.324 -6.189 -6.497 -4.061 -5.573 -6.488
thin4 3 thin_disk 9.4008632 0 0.01471 1.561629772 1.553 131.9631412 3432.41665 0.386 -5.414 -6.284 -6.599 -4.107 -5.665 -6.59
thin4 3 thin_disk 9.4008632 0 0.01471 1.561629772 1.553 10.69676968 4788.505604 2.568 -1.029 -1.563 -1.654 -4.107 -5.665 -6.59
thin4 3 thin_disk 9.4008632 0 0.01471 1.562250495 1.554 10.94845014 4774.193311 2.548 -1.071 -1.609 -1.701 -0.447 -1.175 -1.699
thin4 3 thin_disk 9.4008632 0 0.01471 1.562935591 1.555 11.05229949 4770.896554 2.54 -1.088 -1.627 -1.719 -0.463 -1.192 -1.717
thin4 3 thin_disk 9.4008632 0 0.01471 1.563631654 1.556 11.04212464 4773.094139 2.541 -1.087 -1.625 -1.718 -0.463 -1.191 -1.715
thin4 3 thin_disk 9.4008632 0 0.01471 1.564323187 1.556 11.01419205 4776.392415 2.544 -1.084 -1.621 -1.713 -0.46 -1.187 -1.71
thin4 3 thin_disk 9.4008632 0 0.01471 1.564958572 1.557 10.98633012 4779.69297 2.546 -1.081 -1.617 -1.709 -0.458 -1.184 -1.706
thin4 3 thin_disk 9.4008632 0 0.01471 1.565641642 1.558 10.95853868 4782.995805 2.548 -1.078 -1.613 -1.705 -0.457 -1.181 -1.702
thin4 3 thin_disk 9.4008632 0 0.01471 1.566352606 1.558 10.94340935 4786.300923 2.55 -1.076 -1.61 -1.701 -0.455 -1.178 -1.699
thin4 3 thin_disk 9.4008632 0 0.01471 1.567040086 1.559 10.91572648 4789.608325 2.552 -1.074 -1.607 -1.698 -0.454 -1.175 -1.696
thin4 3 thin_disk 9.4008632 0 0.01471 1.567719817 1.56 10.90065626 4792.918012 2.554 -1.072 -1.605 -1.696 -0.453 -1.173 -1.693
thin4 3 thin_disk 9.4008632 0 0.01471 1.568440676 1.561 10.89062101 4795.125741 2.555 -1.071 -1.603 -1.693 -0.453 -1.172 -1.691
thin4 3 thin_disk 9.4008632 0 0.01471 1.569128394 1.561 10.88059499 4797.334486 2.556 -1.07 -1.601 -1.692 -0.453 -1.171 -1.69
thin4 3 thin_disk 9.4008632 0 0.01471 1.569788694 1.562 10.87057821 4799.544249 2.557 -1.07 -1.601 -1.691 -0.453 -1.171 -1.689
thin4 3 thin_disk 9.4008632 0 0.01471 1.570452213 1.563 10.86057064 4801.75503 2.557 -1.07 -1.6 -1.691 -0.454 -1.171 -1.688
thin4 3 thin_disk 9.4008632 0 0.01471 1.571178317 1.564 10.86307167 4803.966829 2.558 -1.071 -1.6 -1.691 -0.455 -1.171 -1.688
thin4 3 thin_disk 9.4008632 0 0.01471 1.571331978 1.564 10.86307167 4803.966829 2.558 -1.071 -1.6 -1.691 -0.455 -1.172 -1.688
thin4 3 thin_disk 9.4008632 0 0.01471 1.571418166 1.564 10.85807019 4805.073111 2.558 -1.071 -1.601 -1.691 -0.456 -1.172 -1.688
thin4 3 thin_disk 9.4008632 0 0.01471 1.572104335 1.565 10.86557327 4806.179647 2.558 -1.073 -1.601 -1.692 -0.457 -1.173 -1.689
thin4 3 thin_disk 9.4008632 0 0.01471 1.572775125 1.565 10.86057064 4807.286438 2.558 -1.074 -1.602 -1.693 -0.459 -1.174 -1.69
thin4 3 thin_disk 9.4008632 0 0.01471 1.573471904 1.566 10.86307167 4809.500785 2.558 -1.076 -1.604 -1.694 -0.461 -1.176 -1.691
thin4 3 thin_disk 9.4008632 0 0.01471 1.574169278 1.567 10.87558545 4809.500785 2.557 -1.078 -1.606 -1.696 -0.464 -1.178 -1.693
thin4 3 thin_disk 9.4008632 0 0.01471 1.574854016 1.568 10.89563748 4810.608341 2.556 -1.082 -1.609 -1.699 -0.467 -1.181 -1.696
thin4 3 thin_disk 9.4008632 0 0.01471 1.575538039 1.568 10.90818877 4810.608341 2.555 -1.085 -1.613 -1.703 -0.471 -1.185 -1.7
thin4 3 thin_disk 9.4008632 0 0.01471 1.576234937 1.569 10.93333474 4810.608341 2.553 -1.09 -1.617 -1.707 -0.476 -1.19 -1.705
thin4 3 thin_disk 9.4008632 0 0.01471 1.576406479 1.569 10.94592945 4810.608341 2.553 -1.091 -1.619 -1.709 -0.477 -1.191 -1.706
thin4 3 thin_disk 9.4008632 0 0.01471 1.576546073 1.569 10.94592945 4810.608341 2.553 -1.092 -1.62 -1.71 -0.478 -1.192 -1.707
thin4 3 thin_disk 9.4008632 0 0.01471 1.577269912 1.57 10.976216 4809.500785 2.55 -1.099 -1.626 -1.716 -0.484 -1.198 -1.714
thin4 3 thin_disk 9.4008632 0 0.01471 1.577960491 1.571 11.01926544 4808.393484 2.547 -1.106 -1.634 -1.724 -0.491 -1.205 -1.721
thin4 3 thin_disk 9.4008632 0 0.01471 1.578649998 1.572 11.06757936 4806.179647 2.544 -1.114 -1.642 -1.733 -0.499 -1.214 -1.73
thin4 3 thin_disk 9.4008632 0 0.01471 1.579342604 1.572 11.12891037 4803.966829 2.539 -1.124 -1.653 -1.744 -0.508 -1.224 -1.741
thin4 3 thin_disk 9.4008632 0 0.01471 1.580030918 1.573 11.19573589 4800.649512 2.534 -1.135 -1.665 -1.756 -0.518 -1.236 -1.754
thin4 3 thin_disk 9.4008632 0 0.01471 1.580730557 1.574 11.28113106 4796.229986 2.528 -1.148 -1.679 -1.77 -0.53 -1.249 -1.768
thin4 3 thin_disk 9.4008632 0 0.01471 1.581423402 1.575 11.36717758 4791.814529 2.521 -1.164 -1.696 -1.787 -0.544 -1.265 -1.785
thin4 3 thin_disk 9.4008632 0 0.01471 1.582118273 1.575 11.46707478 4787.403137 2.514 -1.178 -1.712 -1.804 -0.558 -1.28 -1.801
thin4 3 thin_disk 9.4008632 0 0.01471 1.582847476 1.576 11.59184712 4780.793661 2.505 -1.199 -1.734 -1.826 -0.576 -1.301 -1.823
thin4 3 thin_disk 9.4008632 0 0.01471 1.583551764 1.577 11.88920033 4764.309868 2.482 -1.244 -1.784 -1.877 -0.617 -1.349 -1.875
thin4 3 thin_disk 9.4008632 0 0.01471 1.584258676 1.578 12.52716059 4730.423244 2.437 -1.337 -1.885 -1.981 -0.7 -1.444 -1.978
thin4 3 thin_disk 9.4008632 0 0.01471 1.584648848 1.578 13.25112177 4695.696293 2.388 -1.437 -1.996 -2.093 -0.791 -1.548 -2.091
thin4 3 thin_disk 9.4008632 0 0.01471 1.584854603 1.578 14.05570536 4660.151117 2.338 -1.542 -2.109 -2.21 -0.885 -1.656 -2.207
thin4 3 thin_disk 9.4008632 0 0.01471 1.584954858 1.578 14.83722371 4628.070862 2.291 -1.638 -2.214 -2.317 -0.971 -1.755 -2.315
thin4 3 thin_disk 9.4008632 0 0.01471 1.585006118 1.578 15.5938246 4598.328568 2.248 -1.727 -2.312 -2.418 -1.052 -1.848 -2.415
thin4 3 thin_disk 9.4008632 0 0.01471 1.585036993 1.578 16.47982687 4566.673896 2.199 -1.827 -2.42 -2.528 -1.141 -1.951 -2.525
thin4 3 thin_disk 9.4008632 0 0.01471 1.585056543 1.578 17.47240327 4533.149061 2.149 -1.929 -2.533 -2.643 -1.234 -2.057 -2.64
thin4 3 thin_disk 9.4008632 0 0.01471 1.58506918 1.578 18.43540339 4502.979813 2.103 -2.025 -2.638 -2.751 -1.32 -2.157 -2.748
thin4 3 thin_disk 9.4008632 0 0.01471 1.585069299 1.578 18.43540339 4502.979813 2.102 -2.027 -2.639 -2.753 -1.322 -2.158 -2.75
thin4 3 thin_disk 9.4008632 0 0.01471 1.58507061 1.578 18.5546448 4498.834325 2.096 -2.039 -2.652 -2.766 -1.332 -2.17 -2.763
thin4 3 thin_disk 9.4008632 0 0.01471 1.58508122 1.578 19.69484852 4465.807513 2.045 -2.145 -2.768 -2.885 -1.428 -2.281 -2.882
thin4 3 thin_disk 9.4008632 0 0.01471 1.585092068 1.578 20.92920081 4433.023158 1.992 -2.253 -2.885 -3.005 -1.525 -2.392 -3.002
thin4 3 thin_disk 9.4008632 0 0.01471 1.585107446 1.578 22.00151794 4406.563167 1.949 -2.34 -2.977 -3.102 -1.603 -2.481 -3.098
thin4 3 thin_disk 9.4008632 0 0.01471 1.585134983 1.578 21.43643912 4420.791169 1.971 -2.295 -2.93 -3.052 -1.563 -2.436 -3.049
thin4 3 thin_disk 9.4008632 0 0.01471 1.585185766 1.579 20.04253473 4457.588764 2.03 -2.176 -2.802 -2.919 -1.457 -2.313 -2.917
thin4 3 thin_disk 9.4008632 0 0.01471 1.585705757 1.579 19.77209301 4464.779341 2.041 -2.153 -2.776 -2.893 -1.435 -2.289 -2.89
thin4 3 thin_disk 9.4008632 0 0.01471 1.586049795 1.579 21.02096479 4430.982145 1.989 -2.26 -2.893 -3.013 -1.532 -2.4 -3.01
thin4 3 thin_disk 9.4008632 0 0.01471 1.58631742 1.579 22.37446424 4397.440784 1.934 -2.37 -3.008 -3.134 -1.63 -2.512 -3.131
thin4 3 thin_disk 9.4008632 0 0.01471 1.586533308 1.579 23.78771052 4364.153323 1.881 -2.478 -3.122 -3.254 -1.727 -2.622 -3.25
thin4 3 thin_disk 9.4008632 0 0.01471 1.586715698 1.579 25.33101808 4330.120677 1.827 -2.587 -3.236 -3.374 -1.823 -2.733 -3.37
thin4 3 thin_disk 9.4008632 0 0.01471 1.586873889 1.579 26.97445289 4296.353426 1.772 -2.695 -3.35 -3.494 -1.919 -2.843 -3.49
thin4 3 thin_disk 9.4008632 0 0.01471 1.587011337 1.579 28.6782499 4263.831169 1.718 -2.804 -3.463 -3.615 -2.015 -2.954 -3.61
thin4 3 thin_disk 9.4008632 0 0.01471 1.58713162 1.578 30.52478719 4231.555097 1.664 -2.911 -3.576 -3.734 -2.11 -3.064 -3.73
thin4 3 thin_disk 9.4008632 0 0.01471 1.587239146 1.578 32.46778376 4198.556482 1.61 -3.018 -3.689 -3.853 -2.205 -3.173 -3.849
thin4 3 thin_disk 9.4008632 0 0.01471 1.587336898 1.578 34.55832184 4166.774522 1.556 -3.124 -3.801 -3.972 -2.298 -3.282 -3.967
thin4 3 thin_disk 9.4008632 0 0.01471 1.587427139 1.577 36.75806529 4134.28108 1.502 -3.23 -3.913 -4.091 -2.391 -3.39 -4.086
thin4 3 thin_disk 9.4008632 0 0.01471 1.587491751 1.577 38.81974201 4095.434646 1.455 -3.315 -4.01 -4.194 -2.461 -3.481 -4.189
thin4 3 thin_disk 9.4008632 0 0.01471 1.587571144 1.577 41.65360985 4045.758917 1.394 -3.428 -4.139 -4.331 -2.555 -3.601 -4.325
thin4 3 thin_disk 9.4008632 0 0.01471 1.587643147 1.576 44.3049902 4014.209182 1.34 -3.535 -4.256 -4.453 -2.65 -3.713 -4.448
thin4 3 thin_disk 9.4008632 0 0.01471 1.587714672 1.575 47.12513907 3982.905479 1.286 -3.643 -4.373 -4.576 -2.744 -3.825 -4.57
thin4 3 thin_disk 9.4008632 0 0.01471 1.587786317 1.574 50.14788772 3950.936048 1.231 -3.752 -4.492 -4.7 -2.839 -3.939 -4.695
thin4 3 thin_disk 9.4008632 0 0.01471 1.587856293 1.573 53.53682907 3917.418771 1.175 -3.864 -4.614 -4.829 -2.937 -4.056 -4.823
thin4 3 thin_disk 9.4008632 0 0.01471 1.587917685 1.572 57.36574589 3881.50366 1.114 -3.984 -4.744 -4.966 -3.041 -4.181 -4.96
thin4 3 thin_disk 9.4008632 0 0.01471 1.587959528 1.571 61.5676596 3845.032367 1.053 -4.105 -4.877 -5.105 -3.145 -4.308 -5.099
thin4 3 thin_disk 9.4008632 0 0.01471 1.587987304 1.571 65.78890301 3810.658234 0.996 -4.219 -5.001 -5.235 -3.242 -4.427 -5.229
thin4 3 thin_disk 9.4008632 0 0.01471 1.588011265 1.57 70.25102171 3775.721909 0.938 -4.333 -5.124 -5.366 -3.338 -4.546 -5.36
thin4 3 thin_disk 9.4008632 0 0.01471 1.588032961 1.569 75.08490659 3739.383436 0.88 -4.447 -5.248 -5.497 -3.432 -4.665 -5.49
thin4 3 thin_disk 9.4008632 0 0.01471 1.588053227 1.568 80.12215926 3704.24753 0.823 -4.559 -5.369 -5.625 -3.522 -4.781 -5.618
thin4 3 thin_disk 9.4008632 0 0.01471 1.588073015 1.567 85.81291302 3666.907882 0.763 -4.676 -5.495 -5.758 -3.614 -4.903 -5.751
thin4 3 thin_disk 9.4008632 0 0.01471 1.588091016 1.565 91.21213993 3633.289469 0.709 -4.781 -5.609 -5.879 -3.696 -5.012 -5.871
thin4 3 thin_disk 9.4008632 0 0.01471 1.588113785 1.563 97.78058807 3595.009149 0.649 -4.898 -5.735 -6.013 -3.781 -5.134 -6.006
thin4 3 thin_disk 9.4008632 0 0.01471 1.588137269 1.561 104.292396 3557.951306 0.592 -5.008 -5.854 -6.139 -3.859 -5.248 -6.131
thin4 3 thin_disk 9.4008632 0 0.01471 1.588162065 1.558 110.7777767 3524.520168 0.539 -5.11 -5.963 -6.255 -3.925 -5.353 -6.248
thin4 3 thin_disk 9.4008632 0 0.01471 1.58816731 1.557 101.7542704 3571.083458 0.613 -4.965 -5.808 -6.09 -3.827 -5.203 -6.083
thin4 3 thin_disk 9.4008632 0 0.01471 1.588167429 1.557 99.96607598 3580.139918 0.629 -4.933 -5.774 -6.054 -3.804 -5.171 -6.047
thin4 3 thin_disk 9.4008632 0 0.01471 1.588167667 1.557 102.4595974 3566.974462 0.607 -4.976 -5.82 -6.103 -3.836 -5.215 -6.096
thin4 3 thin_disk 9.4008632 0 0.01471 1.588168263 1.557 103.2886604 3562.870194 0.6 -4.99 -5.835 -6.119 -3.846 -5.23 -6.111
thin4 3 thin_disk 9.4008632 0 0.01471 1.588168979 1.557 102.908831 3565.332188 0.603 -4.984 -5.828 -6.112 -3.842 -5.223 -6.105
thin4 3 thin_disk 9.4008632 0 0.01471 1.588169694 1.557 101.9184112 3570.26128 0.611 -4.969 -5.812 -6.094 -3.831 -5.207 -6.087
thin4 3 thin_disk 9.4008632 0 0.01471 1.588170767 1.557 102.4124238 3567.795883 0.607 -4.977 -5.82 -6.104 -3.837 -5.216 -6.096
thin4 3 thin_disk 9.4008632 0 0.01471 1.588171959 1.557 107.9077519 3538.343568 0.562 -5.064 -5.914 -6.204 -3.896 -5.306 -6.196
thin4 3 thin_disk 9.4008632 0 0.01471 1.588173389 1.556 114.8557243 3503.482883 0.507 -5.171 -6.028 -6.326 -3.962 -5.416 -6.318
thin4 3 thin_disk 9.4008632 0 0.01471 1.588175297 1.556 123.1551691 3464.17641 0.446 -5.29 -6.155 -6.462 -4.033 -5.539 -6.453
thin4 3 thin_disk 9.4008632 0 0.01471 1.588177681 1.556 133.5219434 3418.219914 0.377 -5.427 -6.299 -6.616 -4.098 -5.678 -6.608
thin4 3 thin_disk 9.4008632 0 0.01471 1.5881809 1.555 144.2954526 3374.42671 0.309 -5.559 -6.438 -6.767 -4.151 -5.813 -6.757
thin4 3 thin_disk 9.4008632 0 0.01471 1.588186264 1.553 154.5085955 3335.031959 0.248 -5.676 -6.559 -6.899 -4.178 -5.93 -6.889
thin4 3 thin_disk 9.4008632 0 0.01471 1.588186502 1.553 154.5085955 3335.031959 0.248 -5.676 -6.559 -6.899 -4.178 -5.93 -6.889
thin4 3 thin_disk 9.4008632 0 0.01471 1.58818686 1.553 99.18651811 3581.789013 0.634 -4.918 -5.759 -6.039 -3.79 -5.156 -6.031
thin4 3 thin_disk 9.4008632 0 0.01471 1.588186979 1.553 86.84656483 3657.63193 0.749 -4.694 -5.516 -5.78 -3.626 -4.922 -5.773
thin4 3 thin_disk 9.4008632 0 0.01471 1.588187694 1.553 60.94704374 3869.011317 1.057 -4.104 -4.867 -5.092 -3.155 -4.303 -5.085
thin4 3 thin_disk 9.4008632 0 0.01471 1.588188767 1.553 62.02298229 3857.447287 1.041 -4.133 -4.899 -5.126 -3.178 -4.333 -5.12
thin4 3 thin_disk 9.4008632 0 0.01471 1.588190198 1.552 74.22541678 3748.003606 0.885 -4.43 -5.229 -5.476 -3.42 -4.647 -5.469
thin4 3 thin_disk 9.4008632 0 0.01471 1.588191986 1.552 97.4658882 3588.392993 0.649 -4.886 -5.725 -6.003 -3.763 -5.122 -5.996
thin4 3 thin_disk 9.4008632 0 0.01471 1.588194132 1.551 124.0088399 3452.232208 0.439 -5.295 -6.162 -6.471 -4.019 -5.545 -6.463
thin4 3 thin_disk 9.4008632 0 0.01471 1.588196754 1.55 145.798362 3362.791957 0.299 -5.572 -6.452 -6.784 -4.138 -5.826 -6.774
thin4 3 thin_disk 9.4008632 0 0.01471 1.588199615 1.549 158.8373544 3315.889122 0.224 -5.718 -6.604 -6.949 -4.176 -5.973 -6.939
thin4 3 thin_disk 9.4008632 0 0.01471 1.588203073 1.549 165.1781679 3293.062702 0.189 -5.784 -6.673 -7.025 -4.173 -6.039 -7.014
thin4 3 thin_disk 9.4008632 0 0.01471 1.588206768 1.548 168.9478404 3278.687312 0.169 -5.82 -6.711 -7.067 -4.165 -6.075 -7.056
thin4 3 thin_disk 9.4008632 0 0.01471 1.588206887 1.547 123.2118972 3447.466066 0.444 -5.276 -6.145 -6.454 -3.994 -5.526 -6.446
thin4 3 thin_disk 9.4008632 0 0.01471 1.588207364 1.547 96.15074306 3585.915075 0.659 -4.855 -5.695 -5.974 -3.731 -5.092 -5.967
thin4 3 thin_disk 9.4008632 0 0.01471 1.588208079 1.547 67.44544817 3794.023355 0.967 -4.259 -5.046 -5.284 -3.274 -4.47 -5.278
thin4 3 thin_disk 9.4008632 0 0.01471 1.588209271 1.547 68.60450653 3783.554551 0.952 -4.287 -5.077 -5.317 -3.296 -4.499 -5.31
thin4 3 thin_disk 9.4008632 0 0.01471 1.588210821 1.546 81.83755482 3677.900704 0.798 -4.583 -5.4 -5.66 -3.529 -4.809 -5.653
thin4 3 thin_disk 9.4008632 0 0.01471 1.588212729 1.546 106.8938317 3524.520168 0.567 -5.031 -5.885 -6.177 -3.847 -5.275 -6.169
thin4 3 thin_disk 9.4008632 0 0.01471 1.588215113 1.545 135.2859342 3393.907488 0.362 -5.435 -6.312 -6.635 -4.068 -5.688 -6.626
thin4 3 thin_disk 9.4008632 0 0.01471 1.588217855 1.544 158.1439729 3309.786651 0.226 -5.704 -6.591 -6.937 -4.147 -5.959 -6.927
thin4 3 thin_disk 9.4008632 0 0.01471 1.588221073 1.543 171.6534928 3265.878322 0.155 -5.842 -6.735 -7.094 -4.147 -6.097 -7.083
thin4 3 thin_disk 9.4008632 0 0.01471 1.588224649 1.542 177.7676146 3246.384828 0.124 -5.901 -6.797 -7.162 -4.143 -6.156 -7.151
thin4 3 thin_disk 9.4008632 0 0.01471 1.588228702 1.541 180.9058641 3236.681757 0.108 -5.93 -6.827 -7.196 -4.139 -6.185 -7.184
thin4 3 thin_disk 9.4008632 0 0.01471 1.588228822 1.54 133.4297416 3397.817118 0.372 -5.409 -6.286 -6.608 -4.047 -5.663 -6.599
thin4 3 thin_disk 9.4008632 0 0.01471 1.588229299 1.54 104.4125362 3533.458541 0.586 -4.988 -5.84 -6.13 -3.814 -5.231 -6.122
thin4 3 thin_disk 9.4008632 0 0.01471 1.588230133 1.54 73.17330057 3740.24456 0.895 -4.39 -5.192 -5.44 -3.375 -4.608 -5.433
thin4 3 thin_disk 9.4008632 0 0.01471 1.588231444 1.54 74.34515048 3729.924148 0.88 -4.417 -5.222 -5.471 -3.397 -4.636 -5.465
thin4 3 thin_disk 9.4008632 0 0.01471 1.588233113 1.539 88.50191027 3627.438015 0.729 -4.709 -5.54 -5.81 -3.62 -4.942 -5.802
thin4 3 thin_disk 9.4008632 0 0.01471 1.588235259 1.538 114.961559 3477.763139 0.501 -5.151 -6.015 -6.317 -3.912 -5.4 -6.309
thin4 3 thin_disk 9.4008632 0 0.01471 1.588237882 1.537 145.0282628 3350.425767 0.3 -5.549 -6.431 -6.766 -4.088 -5.803 -6.756
thin4 3 thin_disk 9.4008632 0 0.01471 1.588240862 1.536 168.7923054 3268.887692 0.167 -5.81 -6.703 -7.061 -4.123 -6.065 -7.05
thin4 3 thin_disk 9.4008632 0 0.01471 1.588244319 1.535 182.832183 3227.007688 0.098 -5.943 -6.842 -7.212 -4.123 -6.198 -7.2
thin4 3 thin_disk 9.4008632 0 0.01471 1.588248372 1.534 189.039537 3208.484902 0.068 -6 -6.9 -7.275 -4.121 -6.252 -7.262
thin4 3 thin_disk 9.4008632 0 0.01471 1.588252783 1.532 192.0669522 3199.631767 0.054 -6.026 -6.927 -7.305 -4.117 -6.278 -7.291
thin4 3 thin_disk 9.4008632 0 0.01471 1.588252902 1.532 143.6655517 3352.740958 0.305 -5.532 -6.415 -6.749 -4.075 -5.787 -6.739
thin4 3 thin_disk 9.4008632 0 0.01471 1.588253498 1.532 112.4482355 3488.188934 0.518 -5.112 -5.974 -6.273 -3.884 -5.359 -6.265
thin4 3 thin_disk 9.4008632 0 0.01471 1.588254333 1.531 78.73224674 3694.026444 0.828 -4.512 -5.326 -5.583 -3.47 -4.736 -5.576
thin4 3 thin_disk 9.4008632 0 0.01471 1.588255763 1.531 80.048398 3684.681891 0.813 -4.54 -5.356 -5.615 -3.49 -4.765 -5.608
thin4 3 thin_disk 9.4008632 0 0.01471 1.588257551 1.53 95.07200322 3583.438868 0.664 -4.827 -5.669 -5.947 -3.701 -5.065 -5.94
thin4 3 thin_disk 9.4008632 0 0.01471 1.588259816 1.529 122.9568263 3437.161986 0.44 -5.263 -6.134 -6.445 -3.963 -5.514 -6.437
thin4 3 thin_disk 9.4008632 0 0.01471 1.588262558 1.528 154.3308133 3312.07376 0.243 -5.652 -6.539 -6.885 -4.102 -5.907 -6.874
thin4 3 thin_disk 9.4008632 0 0.01471 1.588265896 1.527 179.4124781 3231.469044 0.112 -5.906 -6.804 -7.173 -4.101 -6.161 -7.161
thin4 3 thin_disk 9.4008632 0 0.01471 1.588269591 1.525 193.5765052 3190.803061 0.045 -6.036 -6.939 -7.318 -4.098 -6.288 -7.305
thin4 3 thin_disk 9.4008632 0 0.01471 1.588273883 1.523 200.05649 3173.218664 0.016 -6.09 -6.995 -7.38 -4.091 -6.341 -7.365
thin4 3 thin_disk 9.4008632 0 0.01471 1.588278651 1.521 202.9329856 3165.191567 0.003 -6.114 -7.021 -7.408 -4.085 -6.365 -7.393
thin4 3 thin_disk 9.4008632 0 0.01471 1.58827877 1.521 154.6153632 3309.024632 0.239 -5.654 -6.542 -6.888 -4.095 -5.91 -6.878
thin4 3 thin_disk 9.4008632 0 0.01471 1.588279366 1.521 121.1023707 3443.499308 0.451 -5.237 -6.107 -6.417 -3.948 -5.488 -6.408
thin4 3 thin_disk 9.4008632 0 0.01471 1.58828032 1.52 84.83062072 3650.059971 0.761 -4.636 -5.46 -5.726 -3.563 -4.865 -5.719
thin4 3 thin_disk 9.4008632 0 0.01471 1.588281751 1.52 86.18915935 3639.988403 0.746 -4.664 -5.491 -5.758 -3.584 -4.894 -5.751
thin4 3 thin_disk 9.4008632 0 0.01471 1.588283658 1.519 102.0828167 3540.788614 0.599 -4.947 -5.798 -6.086 -3.781 -5.189 -6.078
thin4 3 thin_disk 9.4008632 0 0.01471 1.588286161 1.518 131.3568257 3397.034832 0.379 -5.375 -6.252 -6.574 -4.011 -5.628 -6.564
thin4 3 thin_disk 9.4008632 0 0.01471 1.588289022 1.516 164.2300575 3274.160765 0.185 -5.754 -6.647 -7.003 -4.084 -6.01 -6.992
thin4 3 thin_disk 9.4008632 0 0.01471 1.588292479 1.515 190.3937312 3195.214365 0.056 -6.003 -6.905 -7.284 -4.08 -6.255 -7.27
thin4 3 thin_disk 9.4008632 0 0.01471 1.588296413 1.513 205.2828388 3154.27824 -0.01 -6.13 -7.038 -7.428 -4.064 -6.38 -7.412
thin4 3 thin_disk 9.4008632 0 0.01471 1.588300943 1.511 212.1546939 3136.89513 -0.039 -6.184 -7.094 -7.488 -4.057 -6.432 -7.472
thin4 3 thin_disk 9.4008632 0 0.01471 1.588306069 1.508 215.3042709 3128.239532 -0.053 -6.21 -7.12 -7.517 -4.052 -6.457 -7.5
thin4 3 thin_disk 9.4008632 0 0.01471 1.588306189 1.508 167.4374668 3261.369459 0.166 -5.785 -6.679 -7.039 -4.075 -6.04 -7.028
thin4 3 thin_disk 9.4008632 0 0.01471 1.588306785 1.508 131.3265831 3395.4708 0.376 -5.373 -6.251 -6.573 -4.007 -5.627 -6.563
thin4 3 thin_disk 9.4008632 0 0.01471 1.588307738 1.507 91.92902306 3602.466907 0.687 -4.77 -5.606 -5.881 -3.66 -5.005 -5.874
thin4 3 thin_disk 9.4008632 0 0.01471 1.588309288 1.506 93.50883469 3592.526662 0.672 -4.799 -5.638 -5.915 -3.68 -5.035 -5.907
thin4 3 thin_disk 9.4008632 0 0.01471 1.588311195 1.505 110.4212464 3493.815764 0.526 -5.078 -5.939 -6.237 -3.857 -5.325 -6.229
thin4 3 thin_disk 9.4008632 0 0.01471 1.588313699 1.504 141.4336159 3351.96905 0.311 -5.497 -6.38 -6.714 -4.04 -5.752 -6.704
thin4 3 thin_disk 9.4008632 0 0.01471 1.588316679 1.502 176.1378313 3231.469044 0.121 -5.866 -6.765 -7.133 -4.061 -6.121 -7.121
thin4 3 thin_disk 9.4008632 0 0.01471 1.588320255 1.5 203.4944855 3153.552025 -0.006 -6.109 -7.017 -7.407 -4.041 -6.359 -7.392
thin4 3 thin_disk 9.4008632 0 0.01471 1.588324308 1.497 219.4080941 3113.149665 -0.072 -6.235 -7.148 -7.548 -4.025 -6.481 -7.53
thin4 3 thin_disk 9.4008632 0 0.01471 1.588328958 1.495 226.7005871 3094.567784 -0.101 -6.289 -7.204 -7.61 -4.014 -6.534 -7.591
thin4 3 thin_disk 9.4008632 0 0.01471 1.588334084 1.492 230.543374 3084.608138 -0.117 -6.317 -7.233 -7.641 -4.01 -6.56 -7.621
thin4 3 thin_disk 9.4008632 0 0.01471 1.588334203 1.492 183.2958553 3206.269325 0.083 -5.931 -6.832 -7.206 -4.047 -6.183 -7.193
thin4 3 thin_disk 9.4008632 0 0.01471 1.588334799 1.491 143.9635823 3339.64266 0.292 -5.524 -6.409 -6.746 -4.037 -5.779 -6.736
thin4 3 thin_disk 9.4008632 0 0.01471 1.588335752 1.491 100.4968952 3548.133892 0.604 -4.918 -5.768 -6.054 -3.761 -5.16 -6.046
thin4 3 thin_disk 9.4008632 0 0.01471 1.588337064 1.489 102.1533574 3537.528928 0.59 -4.946 -5.797 -6.086 -3.777 -5.188 -6.078
thin4 3 thin_disk 9.4008632 0 0.01471 1.588338971 1.488 120.2964039 3441.121444 0.448 -5.219 -6.089 -6.4 -3.927 -5.47 -6.391
thin4 3 thin_disk 9.4008632 0 0.01471 1.588341355 1.486 152.9863365 3303.69541 0.239 -5.625 -6.514 -6.861 -4.051 -5.88 -6.851
thin4 3 thin_disk 9.4008632 0 0.01471 1.588344097 1.484 188.9525011 3187.131627 0.054 -5.98 -6.883 -7.263 -4.03 -6.231 -7.249
thin4 3 thin_disk 9.4008632 0 0.01471 1.588347554 1.482 217.0964115 3111.716337 -0.068 -6.212 -7.125 -7.526 -3.998 -6.458 -7.508
thin4 3 thin_disk 9.4008632 0 0.01471 1.588351369 1.479 233.4278365 3072.557365 -0.131 -6.33 -7.248 -7.658 -3.993 -6.571 -7.637
thin4 3 thin_disk 9.4008632 0 0.01471 1.58835578 1.476 240.5761912 3056.32828 -0.158 -6.379 -7.299 -7.712 -3.995 -6.618 -7.69
thin4 3 thin_disk 9.4008632 0 0.01471 1.588360667 1.472 243.9791112 3047.193267 -0.172 -6.402 -7.323 -7.739 -3.994 -6.64 -7.715
thin4 3 thin_disk 9.4008632 0 0.01471 1.588360786 1.472 197.9942805 3158.639048 0.01 -6.054 -6.962 -7.35 -4.005 -6.305 -7.335
thin4 3 thin_disk 9.4008632 0 0.01471 1.588361383 1.471 155.7946877 3290.78872 0.218 -5.653 -6.544 -6.895 -4.038 -5.909 -6.884
thin4 3 thin_disk 9.4008632 0 0.01471 1.588362336 1.47 108.5807019 3501.063598 0.531 -5.047 -5.906 -6.203 -3.834 -5.293 -6.195
thin4 3 thin_disk 9.4008632 0 0.01471 1.588363648 1.469 110.3704072 3490.599322 0.517 -5.074 -5.935 -6.234 -3.85 -5.321 -6.226
thin4 3 thin_disk 9.4008632 0 0.01471 1.588365555 1.467 129.4650802 3396.252726 0.377 -5.342 -6.219 -6.541 -3.977 -5.595 -6.532
thin4 3 thin_disk 9.4008632 0 0.01471 1.58836782 1.465 163.5507895 3262.120504 0.174 -5.733 -6.628 -6.987 -4.025 -5.988 -6.976
thin4 3 thin_disk 9.4008632 0 0.01471 1.588370681 1.462 200.7486553 3147.748314 -0.005 -6.075 -6.984 -7.375 -3.988 -6.324 -7.359
thin4 3 thin_disk 9.4008632 0 0.01471 1.588374019 1.458 229.748479 3073.972656 -0.123 -6.298 -7.216 -7.625 -3.965 -6.54 -7.604
thin4 3 thin_disk 9.4008632 0 0.01471 1.588377833 1.454 245.8400552 3037.386092 -0.184 -6.409 -7.331 -7.749 -3.973 -6.645 -7.725
thin4 3 thin_disk 9.4008632 0 0.01471 1.588382125 1.45 253.0769809 3021.34278 -0.21 -6.454 -7.378 -7.8 -3.972 -6.688 -7.775
thin4 3 thin_disk 9.4008632 0 0.01471 1.588387012 1.445 256.4204422 3013.699874 -0.223 -6.475 -7.399 -7.823 -3.974 -6.707 -7.796
thin4 3 thin_disk 9.4008632 0 0.01471 1.588387132 1.445 212.5948035 3113.866577 -0.06 -6.167 -7.08 -7.479 -3.962 -6.413 -7.462
thin4 3 thin_disk 9.4008632 0 0.01471 1.588387728 1.444 167.4374668 3246.384828 0.147 -5.771 -6.667 -7.032 -4.012 -6.026 -7.02
thin4 3 thin_disk 9.4008632 0 0.01471 1.588388562 1.443 116.5608336 3457.801035 0.461 -5.166 -6.033 -6.34 -3.9 -5.415 -6.331
thin4 3 thin_disk 9.4008632 0 0.01471 1.588389993 1.441 118.6185593 3447.466066 0.446 -5.193 -6.062 -6.372 -3.911 -5.444 -6.363
thin4 3 thin_disk 9.4008632 0 0.01471 1.588391781 1.438 138.7243328 3353.513045 0.308 -5.457 -6.339 -6.673 -4.001 -5.711 -6.663
thin4 3 thin_disk 9.4008632 0 0.01471 1.588394046 1.435 174.3221786 3220.327198 0.109 -5.836 -6.735 -7.107 -3.996 -6.09 -7.094
thin4 3 thin_disk 9.4008632 0 0.01471 1.588396788 1.43 213.2321298 3107.42031 -0.067 -6.167 -7.081 -7.482 -3.94 -6.413 -7.464
thin4 3 thin_disk 9.4008632 0 0.01471 1.588400006 1.426 243.1938818 3034.589844 -0.183 -6.382 -7.304 -7.722 -3.94 -6.618 -7.698
thin4 3 thin_disk 9.4008632 0 0.01471 1.588403702 1.42 260.167261 2997.091486 -0.243 -6.49 -7.416 -7.842 -3.951 -6.719 -7.813
thin4 3 thin_disk 9.4008632 0 0.01471 1.588407993 1.414 268.1962152 2979.202337 -0.271 -6.536 -7.463 -7.893 -3.955 -6.76 -7.862
thin4 3 thin_disk 9.4008632 0 0.01471 1.588412762 1.407 272.1151018 2969.613986 -0.286 -6.557 -7.486 -7.918 -3.953 -6.78 -7.885
thin4 3 thin_disk 9.4008632 0 0.01471 1.588412881 1.406 230.4902956 3058.440247 -0.142 -6.29 -7.209 -7.622 -3.916 -6.529 -7.599
thin4 3 thin_disk 9.4008632 0 0.01471 1.588413358 1.405 181.9083543 3190.803061 0.064 -5.899 -6.803 -7.181 -3.964 -6.151 -7.167
thin4 3 thin_disk 9.4008632 0 0.01471 1.588414192 1.404 126.3725197 3404.081897 0.379 -5.296 -6.172 -6.492 -3.945 -5.549 -6.483
thin4 3 thin_disk 9.4008632 0 0.01471 1.588415504 1.401 128.5146521 3393.126102 0.364 -5.324 -6.201 -6.524 -3.955 -5.578 -6.515
thin4 3 thin_disk 9.4008632 0 0.01471 1.588417172 1.397 150.0212034 3299.894079 0.228 -5.581 -6.47 -6.819 -3.993 -5.836 -6.808
thin4 3 thin_disk 9.4008632 0 0.01471 1.588419318 1.393 187.5653643 3169.567463 0.033 -5.946 -6.852 -7.237 -3.937 -6.197 -7.222
thin4 3 thin_disk 9.4008632 0 0.01471 1.588421941 1.387 227.851895 3058.440247 -0.138 -6.265 -7.185 -7.597 -3.891 -6.504 -7.574
thin4 3 thin_disk 9.4008632 0 0.01471 1.588424921 1.381 258.971901 2986.757755 -0.251 -6.47 -7.397 -7.824 -3.909 -6.696 -7.794
thin4 3 thin_disk 9.4008632 0 0.01471 1.588428378 1.373 276.8551744 2949.171308 -0.311 -6.572 -7.504 -7.939 -3.919 -6.791 -7.904
thin4 3 thin_disk 9.4008632 0 0.01471 1.588432431 1.365 284.8738893 2930.893245 -0.339 -6.615 -7.548 -7.987 -3.924 -6.829 -7.949
thin4 3 thin_disk 9.4008632 0 0.01471 1.588436842 1.355 289.3028053 2920.115301 -0.355 -6.635 -7.57 -8.011 -3.92 -6.847 -7.971
thin4 3 thin_disk 9.4008632 0 0.01471 1.588436961 1.355 250.2376454 2998.472016 -0.23 -6.407 -7.333 -7.758 -3.875 -6.636 -7.729
thin4 3 thin_disk 9.4008632 0 0.01471 1.588437438 1.354 197.7664623 3129.680472 -0.025 -6.023 -6.935 -7.33 -3.876 -6.271 -7.313
thin4 3 thin_disk 9.4008632 0 0.01471 1.588438153 1.351 137.0416708 3345.029868 0.292 -5.423 -6.306 -6.642 -3.949 -5.678 -6.632
thin4 3 thin_disk 9.4008632 0 0.01471 1.588439345 1.348 139.3646553 3334.264128 0.276 -5.45 -6.335 -6.674 -3.951 -5.705 -6.664
thin4 3 thin_disk 9.4008632 0 0.01471 1.588440895 1.343 162.2753838 3241.156488 0.142 -5.699 -6.596 -6.962 -3.923 -5.954 -6.951
thin4 3 thin_disk 9.4008632 0 0.01471 1.588442922 1.336 201.8146294 3112.432919 -0.049 -6.052 -6.966 -7.365 -3.846 -6.299 -7.347
thin4 3 thin_disk 9.4008632 0 0.01471 1.588445306 1.329 243.9229394 3004.000496 -0.216 -6.358 -7.284 -7.707 -3.84 -6.588 -7.679
thin4 3 thin_disk 9.4008632 0 0.01471 1.588448048 1.32 276.409296 2932.918534 -0.327 -6.552 -7.485 -7.922 -3.868 -6.766 -7.884
thin4 3 thin_disk 9.4008632 0 0.01471 1.588451385 1.31 294.6135009 2895.342865 -0.386 -6.646 -7.584 -8.031 -3.878 -6.852 -7.988
thin4 3 thin_disk 9.4008632 0 0.01471 1.588454962 1.299 303.2861966 2876.735946 -0.415 -6.685 -7.626 -8.077 -3.877 -6.887 -8.031
thin4 3 thin_disk 9.4008632 0 0.01471 1.588459134 1.287 307.7886812 2865.497276 -0.432 -6.702 -7.644 -8.098 -3.871 -6.9 -8.05
thin4 3 thin_disk 9.4008632 0 0.01471 1.588459253 1.286 271.6768573 2932.918534 -0.324 -6.515 -7.447 -7.884 -3.832 -6.729 -7.846
thin4 3 thin_disk 9.4008632 0 0.01471 1.58845973 1.284 214.561919 3064.079294 -0.12 -6.14 -7.059 -7.47 -3.782 -6.38 -7.448
thin4 3 thin_disk 9.4008632 0 0.01471 1.588460445 1.28 148.4747644 3280.952931 0.199 -5.541 -6.433 -6.787 -3.894 -5.796 -6.776
thin4 3 thin_disk 9.4008632 0 0.01471 1.588461518 1.275 151.1306829 3268.887692 0.182 -5.568 -6.462 -6.819 -3.883 -5.824 -6.808
thin4 3 thin_disk 9.4008632 0 0.01471 1.588463068 1.268 175.8136721 3175.411403 0.048 -5.812 -6.718 -7.1 -3.826 -6.063 -7.086
thin4 3 thin_disk 9.4008632 0 0.01471 1.588464856 1.259 217.8475323 3047.89499 -0.14 -6.154 -7.076 -7.49 -3.755 -6.392 -7.466
thin4 3 thin_disk 9.4008632 0 0.01471 1.588467121 1.248 262.4536668 2939.679609 -0.306 -6.448 -7.379 -7.813 -3.781 -6.663 -7.777
thin4 3 thin_disk 9.4008632 0 0.01471 1.588469863 1.236 296.6556641 2868.798202 -0.417 -6.629 -7.569 -8.019 -3.809 -6.827 -7.972
thin4 3 thin_disk 9.4008632 0 0.01471 1.588472962 1.221 315.9021959 2830.088392 -0.477 -6.711 -7.658 -8.12 -3.813 -6.898 -8.065
thin4 3 thin_disk 9.4008632 0 0.01471 1.588476419 1.205 325.4262973 2809.312166 -0.509 -6.745 -7.695 -8.162 -3.808 -6.925 -8.105
thin4 3 thin_disk 9.4008632 0 0.01471 1.588480353 1.188 331.1712634 2794.473529 -0.53 -6.758 -7.711 -8.183 -3.797 -6.935 -8.123
thin4 3 thin_disk 9.4008632 0 0.01471 1.588480473 1.187 297.8191672 2851.674814 -0.438 -6.618 -7.559 -8.012 -3.769 -6.81 -7.961
thin4 3 thin_disk 9.4008632 0 0.01471 1.58848083 1.184 235.4792505 2982.634246 -0.235 -6.257 -7.185 -7.611 -3.693 -6.483 -7.58
thin4 3 thin_disk 9.4008632 0 0.01471 1.588481545 1.179 162.3127533 3201.842758 0.087 -5.662 -6.564 -6.939 -3.764 -5.914 -6.926
thin4 3 thin_disk 9.4008632 0 0.01471 1.588482618 1.171 165.1781679 3188.599693 0.068 -5.689 -6.593 -6.972 -3.747 -5.941 -6.958
thin4 3 thin_disk 9.4008632 0 0.01471 1.58848393 1.161 192.0669522 3094.567784 -0.067 -5.928 -6.844 -7.248 -3.659 -6.172 -7.229
thin4 3 thin_disk 9.4008632 0 0.01471 1.588485718 1.149 237.3300031 2967.563358 -0.254 -6.259 -7.188 -7.616 -3.659 -6.48 -7.583
thin4 3 thin_disk 9.4008632 0 0.01471 1.588487744 1.134 285.1363887 2859.565179 -0.42 -6.534 -7.474 -7.923 -3.703 -6.728 -7.874
thin4 3 thin_disk 9.4008632 0 0.01471 1.588490248 1.117 321.7752563 2788.046418 -0.531 -6.693 -7.643 -8.112 -3.727 -6.865 -8.051
thin4 3 thin_disk 9.4008632 0 0.01471 1.588493109 1.098 342.888283 2747.894153 -0.594 -6.753 -7.717 -8.205 -3.708 -6.916 -8.137
thin4 3 thin_disk 9.4008632 0 0.01471 1.588496327 1.076 353.4700691 2725.210164 -0.63 -6.767 -7.742 -8.245 -3.677 -6.926 -8.173
thin4 3 thin_disk 9.4008632 0 0.01471 1.588499904 1.053 359.9586753 2708.320144 -0.655 -6.765 -7.75 -8.265 -3.64 -6.922 -8.19
thin4 3 thin_disk 9.4008632 0 0.01471 1.588521242 0.597 3.335436253e-06 10000 1.428 30.019 30.042 30.052 29.986 30.033 30.051
