# component component_index family logAge MH Zini Mini Mass radius_rsun Teff_K logg Vmag Imag Jmag_2mass Hmag_2mass Ksmag_2mass
NSD 9 NSD 9.903089987 -0.25 0.0084736 0.0900000036 0.09 0.1164267152 2425.492857 5.257 17.925 13.42 11.033 10.493 10.261
NSD 9 NSD 9.903089987 -0.25 0.0084736 0.1000000015 0.1 0.1281600431 2592.387985 5.219 17.408 12.924 10.538 9.998 9.761
NSD 9 NSD 9.903089987 -0.25 0.0084736 0.1200000048 0.12 0.1494351091 2796.404549 5.165 15.789 11.946 9.956 9.398 9.147
NSD 9 NSD 9.903089987 -0.25 0.0084736 0.1400000006 0.14 0.1687145915 2924.152378 5.127 14.755 11.319 9.55 8.984 8.731
NSD 9 NSD 9.903089987 -0.25 0.0084736 0.1570493728 0.157 0.1841843157 3004.000496 5.1 14.131 10.927 9.274 8.705 8.453
NSD 9 NSD 9.903089987 -0.25 0.0084736 0.1599999964 0.16 0.1868325945 3017.171523 5.096 14.031 10.864 9.229 8.659 8.408
NSD 9 NSD 9.903089987 -0.25 0.0084736 0.200000003 0.2 0.2210816233 3146.299056 5.047 13.039 10.211 8.733 8.158 7.913
NSD 9 NSD 9.903089987 -0.25 0.0084736 0.2071201652 0.207 0.2272231859 3163.005885 5.039 12.907 10.118 8.657 8.082 7.838
NSD 9 NSD 9.903089987 -0.25 0.0084736 0.25 0.25 0.2623932416 3255.367325 4.995 12.228 9.628 8.251 7.673 7.435
NSD 9 NSD 9.903089987 -0.25 0.0084736 0.3000000119 0.3 0.3027977508 3334.264128 4.95 11.639 9.178 7.865 7.281 7.048
NSD 9 NSD 9.903089987 -0.25 0.0084736 0.3430311978 0.343 0.3393537439 3392.344895 4.91 11.207 8.835 7.562 6.974 6.745
NSD 9 NSD 9.903089987 -0.25 0.0084736 0.3500000536 0.35 0.3451061072 3400.948065 4.903 11.143 8.783 7.516 6.927 6.699
NSD 9 NSD 9.903089987 -0.25 0.0084736 0.4000000358 0.4 0.3892715325 3488.992212 4.856 10.625 8.385 7.172 6.575 6.352
NSD 9 NSD 9.903089987 -0.25 0.0084736 0.4086630344 0.409 0.3978804907 3509.134384 4.847 10.522 8.307 7.106 6.508 6.285
NSD 9 NSD 9.903089987 -0.25 0.0084736 0.4500000179 0.45 0.4393925052 3600.808292 4.802 10.062 7.959 6.81 6.203 5.985
NSD 9 NSD 9.903089987 -0.25 0.0084736 0.5 0.5 0.4931200316 3750.593529 4.749 9.439 7.508 6.436 5.815 5.607
NSD 9 NSD 9.903089987 -0.25 0.0084736 0.5120785832 0.512 0.5065853717 3801.893963 4.735 9.262 7.384 6.334 5.709 5.505
NSD 9 NSD 9.903089987 -0.25 0.0084736 0.5500000119 0.55 0.5496074928 3956.39824 4.696 8.759 7.022 6.031 5.389 5.206
NSD 9 NSD 9.903089987 -0.25 0.0084736 0.6000000238 0.6 0.595460071 4220.850792 4.664 8.084 6.554 5.642 4.985 4.847
NSD 9 NSD 9.903089987 -0.25 0.0084736 0.6205233335 0.62 0.6107347688 4354.116049 4.656 7.783 6.357 5.485 4.837 4.717
NSD 9 NSD 9.903089987 -0.25 0.0084736 0.6499999762 0.65 0.6327798553 4546.738741 4.646 7.363 6.084 5.273 4.663 4.562
NSD 9 NSD 9.903089987 -0.25 0.0084736 0.6600875258 0.66 0.6409920525 4612.113645 4.641 7.226 5.992 5.202 4.609 4.513
NSD 9 NSD 9.903089987 -0.25 0.0084736 0.7000001073 0.7 0.6735233317 4868.554097 4.623 6.722 5.64 4.932 4.413 4.331
NSD 9 NSD 9.903089987 -0.25 0.0084736 0.7058308125 0.706 0.6788168981 4905.688861 4.62 6.654 5.59 4.893 4.384 4.303
NSD 9 NSD 9.903089987 -0.25 0.0084736 0.7259421349 0.726 0.6978348346 5031.52923 4.608 6.424 5.422 4.762 4.286 4.21
NSD 9 NSD 9.903089987 -0.25 0.0084736 0.743793726 0.744 0.7157356424 5142.804319 4.597 6.23 5.276 4.647 4.198 4.127
NSD 9 NSD 9.903089987 -0.25 0.0084736 0.75 0.75 0.7221919527 5182.03092 4.593 6.164 5.226 4.607 4.168 4.098
NSD 9 NSD 9.903089987 -0.25 0.0084736 0.7524289489 0.752 0.7251913994 5195.17283 4.591 6.139 5.207 4.591 4.155 4.086
NSD 9 NSD 9.903089987 -0.25 0.0084736 0.7724128962 0.772 0.749639815 5307.622176 4.573 5.938 5.048 4.462 4.051 3.986
NSD 9 NSD 9.903089987 -0.25 0.0084736 0.7911345959 0.791 0.7745556832 5411.279918 4.556 5.755 4.902 4.341 3.953 3.891
NSD 9 NSD 9.903089987 -0.25 0.0084736 0.7983130813 0.798 0.7846078426 5451.298957 4.548 5.685 4.846 4.294 3.915 3.854
NSD 9 NSD 9.903089987 -0.25 0.0084736 0.8097644448 0.809 0.8012215926 5510.614111 4.535 5.576 4.757 4.22 3.851 3.793
NSD 9 NSD 9.903089987 -0.25 0.0084736 0.8249137402 0.824 0.8265186256 5587.27439 4.517 5.435 4.642 4.121 3.767 3.712
NSD 9 NSD 9.903089987 -0.25 0.0084736 0.8390335441 0.838 0.8510452358 5657.180035 4.499 5.304 4.534 4.027 3.686 3.633
NSD 9 NSD 9.903089987 -0.25 0.0084736 0.8466261625 0.846 0.8646744869 5693.771051 4.489 5.235 4.475 3.976 3.641 3.59
NSD 9 NSD 9.903089987 -0.25 0.0084736 0.8546741009 0.854 0.8809528093 5729.279373 4.477 5.161 4.412 3.921 3.592 3.542
NSD 9 NSD 9.903089987 -0.25 0.0084736 0.8700158 0.869 0.9150664757 5795.621302 4.452 5.02 4.291 3.813 3.495 3.448
NSD 9 NSD 9.903089987 -0.25 0.0084736 0.8844921589 0.883 0.9494074709 5855.985598 4.426 4.887 4.175 3.708 3.4 3.355
NSD 9 NSD 9.903089987 -0.25 0.0084736 0.8949391842 0.894 0.9766807878 5897.935245 4.406 4.788 4.089 3.63 3.329 3.285
NSD 9 NSD 9.903089987 -0.25 0.0084736 0.9064947367 0.905 1.011003467 5938.817779 4.382 4.68 3.992 3.541 3.247 3.204
NSD 9 NSD 9.903089987 -0.25 0.0084736 0.9235387444 0.922 1.067954241 5995.149258 4.343 4.515 3.844 3.403 3.118 3.077
NSD 9 NSD 9.903089987 -0.25 0.0084736 0.9397274256 0.938 1.128632741 6036.705648 4.303 4.359 3.701 3.268 2.99 2.95
NSD 9 NSD 9.903089987 -0.25 0.0084736 0.9432522058 0.942 1.143016882 6043.659664 4.293 4.326 3.669 3.238 2.96 2.921
NSD 9 NSD 9.903089987 -0.25 0.0084736 0.9531061053 0.952 1.187552026 6060.382005 4.265 4.231 3.579 3.151 2.876 2.837
NSD 9 NSD 9.903089987 -0.25 0.0084736 0.9637361169 0.963 1.240945318 6077.150616 4.231 4.12 3.473 3.047 2.775 2.737
NSD 9 NSD 9.903089987 -0.25 0.0084736 0.9671285748 0.966 1.26081871 6081.350013 4.219 4.084 3.438 3.013 2.742 2.703
NSD 9 NSD 9.903089987 -0.25 0.0084736 0.9727362394 0.972 1.295545424 6082.750457 4.198 4.022 3.377 2.952 2.682 2.643
NSD 9 NSD 9.903089987 -0.25 0.0084736 0.9837220907 0.983 1.374208545 6078.550092 4.151 3.897 3.252 2.826 2.555 2.517
NSD 9 NSD 9.903089987 -0.25 0.0084736 0.9915652275 0.99 1.442290174 6064.569815 4.113 3.804 3.156 2.727 2.454 2.415
NSD 9 NSD 9.903089987 -0.25 0.0084736 0.9915938377 0.99 1.442290174 6064.569815 4.113 3.804 3.155 2.727 2.454 2.415
NSD 9 NSD 9.903089987 -0.25 0.0084736 0.997794807 0.997 1.505055949 6043.659664 4.079 3.727 3.074 2.642 2.366 2.326
NSD 9 NSD 9.903089987 -0.25 0.0084736 0.9996361136 0.998 1.526344777 6032.537079 4.067 3.704 3.049 2.614 2.336 2.296
NSD 9 NSD 9.903089987 -0.25 0.0084736 1.007068276 1.006 1.631370651 5967.60405 4.013 3.615 2.942 2.495 2.206 2.165
NSD 9 NSD 9.903089987 -0.25 0.0084736 1.013811588 1.012 1.756113756 5858.683001 3.952 3.547 2.846 2.377 2.07 2.025
NSD 9 NSD 9.903089987 -0.25 0.0084736 1.017998099 1.016 1.863170695 5724.004941 3.902 3.538 2.798 2.303 1.973 1.924
NSD 9 NSD 9.903089987 -0.25 0.0084736 1.020515084 1.019 1.947388697 5592.42283 3.865 3.565 2.787 2.263 1.909 1.854
NSD 9 NSD 9.903089987 -0.25 0.0084736 1.022248745 1.02 2.022332889 5475.200153 3.833 3.599 2.785 2.235 1.857 1.799
NSD 9 NSD 9.903089987 -0.25 0.0084736 1.023866653 1.022 2.113258599 5359.200435 3.795 3.625 2.774 2.195 1.793 1.731
NSD 9 NSD 9.903089987 -0.25 0.0084736 1.02580142 1.024 2.260230051 5236.004366 3.737 3.612 2.721 2.111 1.68 1.613
NSD 9 NSD 9.903089987 -0.25 0.0084736 1.027483463 1.026 2.426345514 5153.47294 3.677 3.554 2.634 2.001 1.55 1.481
NSD 9 NSD 9.903089987 -0.25 0.0084736 1.02793169 1.026 2.475441371 5134.521775 3.659 3.531 2.606 1.967 1.512 1.442
NSD 9 NSD 9.903089987 -0.25 0.0084736 1.028576851 1.027 2.554774925 5115.6403 3.632 3.486 2.553 1.908 1.448 1.377
NSD 9 NSD 9.903089987 -0.25 0.0084736 1.029820561 1.028 2.724285663 5083.935125 3.577 3.384 2.44 1.787 1.319 1.246
NSD 9 NSD 9.903089987 -0.25 0.0084736 1.031121373 1.029 2.931248547 5055.917748 3.514 3.259 2.306 1.644 1.169 1.096
NSD 9 NSD 9.903089987 -0.25 0.0084736 1.032294869 1.03 3.145231705 5035.006088 3.453 3.131 2.17 1.502 1.022 0.948
NSD 9 NSD 9.903089987 -0.25 0.0084736 1.033150434 1.031 3.324701389 5019.957034 3.405 3.028 2.062 1.39 0.905 0.831
NSD 9 NSD 9.903089987 -0.25 0.0084736 1.03389132 1.032 3.504714496 5006.105525 3.36 2.931 1.96 1.284 0.796 0.721
NSD 9 NSD 9.903089987 -0.25 0.0084736 1.034606695 1.032 3.696176018 4991.142852 3.314 2.833 1.857 1.176 0.684 0.608
NSD 9 NSD 9.903089987 -0.25 0.0084736 1.035448909 1.033 3.962348267 4972.788632 3.253 2.705 1.722 1.035 0.538 0.462
NSD 9 NSD 9.903089987 -0.25 0.0084736 1.036060095 1.034 4.183623991 4957.925539 3.206 2.606 1.617 0.925 0.424 0.347
NSD 9 NSD 9.903089987 -0.25 0.0084736 1.036749482 1.034 4.483866202 4937.419182 3.147 2.483 1.486 0.788 0.281 0.203
NSD 9 NSD 9.903089987 -0.25 0.0084736 1.037234068 1.035 4.720115707 4921.52845 3.102 2.39 1.387 0.683 0.172 0.094
NSD 9 NSD 9.903089987 -0.25 0.0084736 1.037703633 1.035 4.990598651 4903.430228 3.054 2.292 1.283 0.573 0.058 -0.022
NSD 9 NSD 9.903089987 -0.25 0.0084736 1.038241386 1.036 5.347522799 4880.901012 2.994 2.171 1.152 0.436 -0.086 -0.167
NSD 9 NSD 9.903089987 -0.25 0.0084736 1.038718462 1.036 5.732613272 4857.356733 2.934 2.053 1.024 0.3 -0.228 -0.31
NSD 9 NSD 9.903089987 -0.25 0.0084736 1.039141059 1.036 6.134125327 4832.813101 2.875 1.939 0.9 0.168 -0.367 -0.451
NSD 9 NSD 9.903089987 -0.25 0.0084736 1.039532304 1.037 6.57737563 4806.179647 2.815 1.822 0.772 0.032 -0.51 -0.595
NSD 9 NSD 9.903089987 -0.25 0.0084736 1.03987515 1.037 7.041296704 4780.793661 2.756 1.71 0.65 -0.099 -0.648 -0.734
NSD 9 NSD 9.903089987 -0.25 0.0084736 1.039878368 1.037 7.041296704 4780.793661 2.755 1.709 0.649 -0.101 -0.65 -0.736
NSD 9 NSD 9.903089987 -0.25 0.0084736 1.040169597 1.037 7.499851164 4756.636893 2.701 1.607 0.536 -0.221 -0.778 -0.865
NSD 9 NSD 9.903089987 -0.25 0.0084736 1.040451288 1.037 8.017752481 4729.334149 2.644 1.501 0.418 -0.348 -0.913 -1.001
NSD 9 NSD 9.903089987 -0.25 0.0084736 1.04070282 1.038 8.543830913 4704.354057 2.588 1.399 0.305 -0.47 -1.042 -1.133
NSD 9 NSD 9.903089987 -0.25 0.0084736 1.04094696 1.038 9.127516881 4676.274537 2.53 1.294 0.188 -0.597 -1.177 -1.269
NSD 9 NSD 9.903089987 -0.25 0.0084736 1.041176558 1.038 9.735374102 4649.433067 2.474 1.194 0.074 -0.72 -1.308 -1.402
NSD 9 NSD 9.903089987 -0.25 0.0084736 1.04143095 1.038 10.33838366 4624.875008 2.423 1.103 -0.03 -0.832 -1.427 -1.523
NSD 9 NSD 9.903089987 -0.25 0.0084736 1.041573882 1.038 10.56945624 4616.363515 2.403 1.067 -0.071 -0.877 -1.474 -1.57
NSD 9 NSD 9.903089987 -0.25 0.0084736 1.041675329 1.038 10.30748342 4629.136638 2.425 1.102 -0.029 -0.83 -1.424 -1.519
NSD 9 NSD 9.903089987 -0.25 0.0084736 1.041820884 1.038 9.861719483 4651.574703 2.463 1.164 0.045 -0.749 -1.336 -1.429
NSD 9 NSD 9.903089987 -0.25 0.0084736 1.041891575 1.038 9.553283037 4666.593803 2.491 1.21 0.1 -0.689 -1.271 -1.364
NSD 9 NSD 9.903089987 -0.25 0.0084736 1.041964412 1.038 9.798343148 4655.860935 2.469 1.171 0.054 -0.738 -1.324 -1.417
NSD 9 NSD 9.903089987 -0.25 0.0084736 1.042143345 1.038 10.46050484 4627.005332 2.412 1.072 -0.06 -0.861 -1.455 -1.551
NSD 9 NSD 9.903089987 -0.25 0.0084736 1.042319179 1.038 11.18027909 4598.328568 2.355 0.973 -0.174 -0.986 -1.588 -1.685
NSD 9 NSD 9.903089987 -0.25 0.0084736 1.042478681 1.038 11.90837891 4569.829533 2.3 0.878 -0.284 -1.106 -1.716 -1.816
NSD 9 NSD 9.903089987 -0.25 0.0084736 1.042627335 1.038 12.69850648 4541.507126 2.244 0.784 -0.394 -1.226 -1.845 -1.947
NSD 9 NSD 9.903089987 -0.25 0.0084736 1.042762399 1.038 13.5254787 4513.360253 2.189 0.693 -0.501 -1.344 -1.972 -2.075
NSD 9 NSD 9.903089987 -0.25 0.0084736 1.04288733 1.038 14.4129422 4484.355146 2.134 0.603 -0.608 -1.462 -2.099 -2.204
NSD 9 NSD 9.903089987 -0.25 0.0084736 1.043004513 1.037 15.37632836 4455.536441 2.078 0.512 -0.716 -1.581 -2.227 -2.335
NSD 9 NSD 9.903089987 -0.25 0.0084736 1.043110847 1.037 16.36638054 4426.902938 2.023 0.425 -0.821 -1.697 -2.352 -2.462
NSD 9 NSD 9.903089987 -0.25 0.0084736 1.043207765 1.037 17.4282044 4397.440784 1.969 0.339 -0.923 -1.811 -2.473 -2.587
NSD 9 NSD 9.903089987 -0.25 0.0084736 1.043297648 1.037 18.55037293 4369.180634 1.914 0.25 -1.026 -1.926 -2.592 -2.711
NSD 9 NSD 9.903089987 -0.25 0.0084736 1.04338038 1.037 19.76298972 4339.103406 1.86 0.165 -1.127 -2.04 -2.71 -2.834
NSD 9 NSD 9.903089987 -0.25 0.0084736 1.043456793 1.036 21.04518001 4310.22558 1.805 0.079 -1.228 -2.154 -2.829 -2.958
NSD 9 NSD 9.903089987 -0.25 0.0084736 1.043526292 1.036 22.38477043 4281.539943 1.751 -0.005 -1.326 -2.265 -2.944 -3.079
NSD 9 NSD 9.903089987 -0.25 0.0084736 1.043590665 1.036 23.82059717 4252.06603 1.697 -0.087 -1.424 -2.376 -3.06 -3.201
NSD 9 NSD 9.903089987 -0.25 0.0084736 1.043649674 1.035 25.30769809 4223.767459 1.643 -0.168 -1.519 -2.485 -3.174 -3.32
NSD 9 NSD 9.903089987 -0.25 0.0084736 1.043704748 1.035 26.94341527 4193.725497 1.589 -0.248 -1.615 -2.595 -3.29 -3.441
NSD 9 NSD 9.903089987 -0.25 0.0084736 1.043755651 1.034 28.67164725 4164.856093 1.535 -0.328 -1.709 -2.705 -3.404 -3.562
NSD 9 NSD 9.903089987 -0.25 0.0084736 1.043801904 1.034 30.4405605 4136.185426 1.482 -0.402 -1.802 -2.812 -3.518 -3.682
NSD 9 NSD 9.903089987 -0.25 0.0084736 1.043845773 1.033 32.42295883 4105.82089 1.428 -0.473 -1.899 -2.923 -3.638 -3.807
NSD 9 NSD 9.903089987 -0.25 0.0084736 1.043884993 1.032 34.40746247 4078.495618 1.376 -0.542 -1.991 -3.029 -3.754 -3.927
NSD 9 NSD 9.903089987 -0.25 0.0084736 1.043921709 1.032 36.56391114 4048.554594 1.323 -0.607 -2.084 -3.137 -3.871 -4.049
NSD 9 NSD 9.903089987 -0.25 0.0084736 1.043956399 1.031 38.8823625 4019.75885 1.269 -0.672 -2.177 -3.246 -3.989 -4.172
NSD 9 NSD 9.903089987 -0.25 0.0084736 1.043986916 1.03 41.23373209 3992.087024 1.218 -0.733 -2.265 -3.348 -4.101 -4.288
NSD 9 NSD 9.903089987 -0.25 0.0084736 1.04401648 1.029 43.83819305 3961.867984 1.164 -0.793 -2.356 -3.455 -4.217 -4.41
NSD 9 NSD 9.903089987 -0.25 0.0084736 1.044043541 1.028 46.51067526 3933.688807 1.112 -0.848 -2.444 -3.56 -4.331 -4.529
NSD 9 NSD 9.903089987 -0.25 0.0084736 1.044068456 1.027 49.31200316 3904.810837 1.061 -0.903 -2.531 -3.662 -4.443 -4.646
NSD 9 NSD 9.903089987 -0.25 0.0084736 1.044092178 1.026 52.36639109 3875.252454 1.008 -0.953 -2.617 -3.766 -4.557 -4.765
NSD 9 NSD 9.903089987 -0.25 0.0084736 1.044113755 1.024 55.52040748 3846.803478 0.957 -0.997 -2.701 -3.867 -4.667 -4.881
NSD 9 NSD 9.903089987 -0.25 0.0084736 1.044138789 1.023 59.6283298 3811.535771 0.894 -1.049 -2.804 -3.993 -4.803 -5.024
NSD 9 NSD 9.903089987 -0.25 0.0084736 1.044161797 1.021 64.06969327 3775.721909 0.83 -1.088 -2.904 -4.118 -4.939 -5.167
NSD 9 NSD 9.903089987 -0.25 0.0084736 1.044182777 1.018 68.87357793 3739.383436 0.767 -1.119 -3.001 -4.24 -5.072 -5.308
NSD 9 NSD 9.903089987 -0.25 0.0084736 1.044202089 1.016 73.86737142 3703.394694 0.705 -1.143 -3.096 -4.362 -5.204 -5.447
NSD 9 NSD 9.903089987 -0.25 0.0084736 1.044220209 1.013 79.35104397 3666.907882 0.642 -1.152 -3.188 -4.485 -5.337 -5.587
NSD 9 NSD 9.903089987 -0.25 0.0084736 1.04423666 1.011 85.04575576 3630.780548 0.581 -1.157 -3.276 -4.603 -5.465 -5.722
NSD 9 NSD 9.903089987 -0.25 0.0084736 1.0442518 1.007 91.04427562 3595.009149 0.52 -1.135 -3.356 -4.72 -5.592 -5.856
NSD 9 NSD 9.903089987 -0.25 0.0084736 1.044265986 1.004 97.4658882 3559.59018 0.46 -1.107 -3.434 -4.838 -5.718 -5.99
NSD 9 NSD 9.903089987 -0.25 0.0084736 1.044279098 1 104.3164129 3522.89744 0.399 -1.054 -3.504 -4.954 -5.842 -6.121
NSD 9 NSD 9.903089987 -0.25 0.0084736 1.044291258 0.996 111.4686252 3487.385841 0.339 -0.985 -3.569 -5.069 -5.964 -6.252
NSD 9 NSD 9.903089987 -0.25 0.0084736 1.044302583 0.991 119.0289616 3451.437393 0.28 -0.903 -3.625 -5.181 -6.083 -6.379
NSD 9 NSD 9.903089987 -0.25 0.0084736 1.044313312 0.986 127.1020762 3415.859507 0.22 -0.803 -3.673 -5.295 -6.203 -6.508
NSD 9 NSD 9.903089987 -0.25 0.0084736 1.044323325 0.98 135.7852652 3379.870029 0.161 -0.687 -3.712 -5.406 -6.32 -6.633
NSD 9 NSD 9.903089987 -0.25 0.0084736 1.044332862 0.974 144.3619185 3346.570666 0.105 -0.548 -3.731 -5.511 -6.429 -6.751
NSD 9 NSD 9.903089987 -0.25 0.0084736 1.04433763 0.97 148.5773626 3331.194571 0.078 -0.479 -3.739 -5.562 -6.482 -6.808
NSD 9 NSD 9.903089987 -0.25 0.0084736 1.04433763 0.97 148.5773626 3331.194571 0.078 0.804 -0.234 -5.562 -6.482 -6.808
NSD 9 NSD 9.903089987 -0.25 0.0084736 1.044447541 0.971 10.55486407 4809.500785 2.375 0.784 -0.258 -0.999 -1.537 -1.622
NSD 9 NSD 9.903089987 -0.25 0.0084736 1.04456687 0.971 10.61335387 4807.286438 2.37 0.774 -0.268 -1.01 -1.548 -1.633
NSD 9 NSD 9.903089987 -0.25 0.0084736 1.044685006 0.971 10.60358311 4809.500785 2.371 0.772 -0.269 -1.01 -1.548 -1.633
NSD 9 NSD 9.903089987 -0.25 0.0084736 1.044796228 0.971 10.57189022 4813.93254 2.374 0.774 -0.266 -1.005 -1.542 -1.626
NSD 9 NSD 9.903089987 -0.25 0.0084736 1.044916153 0.971 10.5233168 4819.477976 2.378 0.776 -0.26 -0.998 -1.533 -1.617
NSD 9 NSD 9.903089987 -0.25 0.0084736 1.045026541 0.971 10.47014376 4826.140933 2.383 0.779 -0.255 -0.991 -1.524 -1.609
NSD 9 NSD 9.903089987 -0.25 0.0084736 1.045137525 0.971 10.42683845 4830.58802 2.387 0.782 -0.25 -0.984 -1.516 -1.6
NSD 9 NSD 9.903089987 -0.25 0.0084736 1.045255899 0.971 10.37415291 4837.266337 2.391 0.784 -0.245 -0.977 -1.507 -1.591
NSD 9 NSD 9.903089987 -0.25 0.0084736 1.045368791 0.972 10.33124462 4841.723676 2.394 0.786 -0.241 -0.971 -1.501 -1.584
NSD 9 NSD 9.903089987 -0.25 0.0084736 1.045487165 0.972 10.30036572 4846.185122 2.398 0.788 -0.237 -0.966 -1.494 -1.577
NSD 9 NSD 9.903089987 -0.25 0.0084736 1.045603752 0.972 10.25776263 4850.65068 2.4 0.789 -0.234 -0.962 -1.489 -1.572
NSD 9 NSD 9.903089987 -0.25 0.0084736 1.045719266 0.972 10.23181419 4854.002548 2.403 0.79 -0.232 -0.959 -1.484 -1.567
NSD 9 NSD 9.903089987 -0.25 0.0084736 1.045830607 0.972 10.21768818 4857.356733 2.405 0.79 -0.23 -0.956 -1.481 -1.563
NSD 9 NSD 9.903089987 -0.25 0.0084736 1.045854569 0.972 10.20123248 4858.475309 2.405 0.79 -0.23 -0.955 -1.48 -1.562
NSD 9 NSD 9.903089987 -0.25 0.0084736 1.04593873 0.972 10.19184112 4860.713235 2.406 0.79 -0.229 -0.954 -1.478 -1.56
NSD 9 NSD 9.903089987 -0.25 0.0084736 1.046056867 0.972 10.18245841 4862.952192 2.408 0.79 -0.228 -0.952 -1.475 -1.557
NSD 9 NSD 9.903089987 -0.25 0.0084736 1.046169877 0.973 10.17308434 4865.19218 2.409 0.789 -0.228 -0.951 -1.474 -1.556
NSD 9 NSD 9.903089987 -0.25 0.0084736 1.046282172 0.973 10.16840054 4866.312561 2.409 0.788 -0.229 -0.951 -1.474 -1.556
NSD 9 NSD 9.903089987 -0.25 0.0084736 1.046392322 0.973 10.16371889 4867.4332 2.409 0.786 -0.23 -0.953 -1.475 -1.556
NSD 9 NSD 9.903089987 -0.25 0.0084736 1.046506047 0.973 10.17542704 4867.4332 2.408 0.783 -0.232 -0.955 -1.477 -1.559
NSD 9 NSD 9.903089987 -0.25 0.0084736 1.046615958 0.973 10.19888383 4867.4332 2.407 0.78 -0.236 -0.958 -1.48 -1.562
NSD 9 NSD 9.903089987 -0.25 0.0084736 1.046638489 0.973 10.19888383 4867.4332 2.406 0.78 -0.236 -0.959 -1.481 -1.563
NSD 9 NSD 9.903089987 -0.25 0.0084736 1.046716213 0.973 10.21533574 4866.312561 2.405 0.777 -0.24 -0.962 -1.485 -1.567
NSD 9 NSD 9.903089987 -0.25 0.0084736 1.046811461 0.973 10.24360079 4865.19218 2.402 0.773 -0.244 -0.968 -1.49 -1.573
NSD 9 NSD 9.903089987 -0.25 0.0084736 1.046908259 0.973 10.28851381 4862.952192 2.399 0.768 -0.25 -0.974 -1.498 -1.58
NSD 9 NSD 9.903089987 -0.25 0.0084736 1.047008634 0.974 10.33838366 4859.594143 2.395 0.762 -0.258 -0.983 -1.507 -1.589
NSD 9 NSD 9.903089987 -0.25 0.0084736 1.047104001 0.974 10.38849523 4856.238414 2.391 0.755 -0.266 -0.992 -1.517 -1.6
NSD 9 NSD 9.903089987 -0.25 0.0084736 1.047201991 0.974 10.45568871 4851.767712 2.385 0.747 -0.276 -1.004 -1.53 -1.613
NSD 9 NSD 9.903089987 -0.25 0.0084736 1.047299743 0.974 10.54029206 4846.185122 2.378 0.737 -0.288 -1.017 -1.545 -1.628
NSD 9 NSD 9.903089987 -0.25 0.0084736 1.047395349 0.974 10.62557999 4840.608956 2.372 0.727 -0.3 -1.031 -1.56 -1.644
NSD 9 NSD 9.903089987 -0.25 0.0084736 1.047498703 0.974 10.72883694 4833.926025 2.362 0.714 -0.317 -1.05 -1.581 -1.665
NSD 9 NSD 9.903089987 -0.25 0.0084736 1.047596931 0.974 10.86807545 4825.029801 2.351 0.698 -0.337 -1.073 -1.606 -1.69
NSD 9 NSD 9.903089987 -0.25 0.0084736 1.047648549 0.974 10.86807545 4825.029801 2.352 0.698 -0.336 -1.072 -1.605 -1.69
NSD 9 NSD 9.903089987 -0.25 0.0084736 1.047744989 0.974 10.99645357 4816.149948 2.341 0.684 -0.354 -1.093 -1.628 -1.713
NSD 9 NSD 9.903089987 -0.25 0.0084736 1.047840714 0.975 11.24741306 4800.649512 2.322 0.656 -0.389 -1.132 -1.672 -1.757
NSD 9 NSD 9.903089987 -0.25 0.0084736 1.047937393 0.975 11.82367939 4766.504419 2.278 0.595 -0.466 -1.221 -1.77 -1.857
NSD 9 NSD 9.903089987 -0.25 0.0084736 1.047990799 0.975 12.54447946 4727.156712 2.228 0.525 -0.555 -1.323 -1.883 -1.973
NSD 9 NSD 9.903089987 -0.25 0.0084736 1.048020244 0.975 13.41691427 4682.739514 2.169 0.443 -0.658 -1.442 -2.014 -2.107
NSD 9 NSD 9.903089987 -0.25 0.0084736 1.04803431 0.975 14.30384004 4640.876378 2.113 0.365 -0.757 -1.555 -2.139 -2.235
NSD 9 NSD 9.903089987 -0.25 0.0084736 1.048041344 0.975 15.21082062 4602.565736 2.06 0.292 -0.85 -1.662 -2.258 -2.356
NSD 9 NSD 9.903089987 -0.25 0.0084736 1.048045278 0.975 16.10470021 4566.673896 2.01 0.222 -0.939 -1.764 -2.37 -2.471
NSD 9 NSD 9.903089987 -0.25 0.0084736 1.048047662 0.975 16.98058487 4535.237135 1.965 0.159 -1.019 -1.855 -2.469 -2.573
NSD 9 NSD 9.903089987 -0.25 0.0084736 1.048049331 0.975 17.80543732 4506.091436 1.923 0.1 -1.092 -1.939 -2.558 -2.666
NSD 9 NSD 9.903089987 -0.25 0.0084736 1.048050284 0.975 18.37183959 4487.453899 1.896 0.061 -1.14 -1.994 -2.616 -2.727
NSD 9 NSD 9.903089987 -0.25 0.0084736 1.048052192 0.975 19.55026483 4451.434629 1.842 -0.015 -1.233 -2.102 -2.731 -2.847
NSD 9 NSD 9.903089987 -0.25 0.0084736 1.048054099 0.975 20.39166298 4426.902938 1.805 -0.067 -1.298 -2.177 -2.811 -2.93
NSD 9 NSD 9.903089987 -0.25 0.0084736 1.048059344 0.975 20.64679496 4419.773361 1.794 -0.083 -1.317 -2.199 -2.834 -2.954
NSD 9 NSD 9.903089987 -0.25 0.0084736 1.048065066 0.975 20.09799088 4436.086439 1.818 -0.05 -1.277 -2.152 -2.784 -2.902
NSD 9 NSD 9.903089987 -0.25 0.0084736 1.048117638 0.974 19.67671725 4447.336594 1.836 -0.024 -1.245 -2.115 -2.745 -2.861
NSD 9 NSD 9.903089987 -0.25 0.0084736 1.04817462 0.973 20.32603387 4428.942072 1.807 -0.062 -1.292 -2.171 -2.804 -2.923
NSD 9 NSD 9.903089987 -0.25 0.0084736 1.048210502 0.972 21.33794763 4400.479478 1.765 -0.12 -1.364 -2.255 -2.893 -3.016
NSD 9 NSD 9.903089987 -0.25 0.0084736 1.048245788 0.971 22.60750548 4367.169015 1.715 -0.19 -1.45 -2.354 -2.999 -3.127
NSD 9 NSD 9.903089987 -0.25 0.0084736 1.048279643 0.97 24.13529685 4330.120677 1.657 -0.268 -1.547 -2.467 -3.119 -3.253
NSD 9 NSD 9.903089987 -0.25 0.0084736 1.048308968 0.969 25.68340764 4295.364268 1.602 -0.343 -1.64 -2.576 -3.234 -3.375
NSD 9 NSD 9.903089987 -0.25 0.0084736 1.048335314 0.968 27.37490652 4259.905843 1.546 -0.419 -1.733 -2.686 -3.351 -3.498
NSD 9 NSD 9.903089987 -0.25 0.0084736 1.048358798 0.966 29.21141837 4224.74013 1.489 -0.492 -1.827 -2.797 -3.469 -3.623
NSD 9 NSD 9.903089987 -0.25 0.0084736 1.04837954 0.964 31.13527062 4189.864711 1.433 -0.561 -1.922 -2.909 -3.592 -3.751
NSD 9 NSD 9.903089987 -0.25 0.0084736 1.048398137 0.962 33.20111316 4154.320512 1.376 -0.629 -2.017 -3.02 -3.715 -3.879
NSD 9 NSD 9.903089987 -0.25 0.0084736 1.048414946 0.96 35.42849018 4120.026411 1.319 -0.695 -2.112 -3.132 -3.837 -4.006
NSD 9 NSD 9.903089987 -0.25 0.0084736 1.048430562 0.957 37.83142018 4082.253781 1.26 -0.756 -2.205 -3.243 -3.961 -4.137
NSD 9 NSD 9.903089987 -0.25 0.0084736 1.048445344 0.955 40.7242078 4030.881213 1.195 -0.798 -2.295 -3.359 -4.095 -4.278
NSD 9 NSD 9.903089987 -0.25 0.0084736 1.048459053 0.951 43.99999679 3972.830167 1.127 -0.828 -2.381 -3.475 -4.231 -4.424
NSD 9 NSD 9.903089987 -0.25 0.0084736 1.048472405 0.947 47.0492435 3938.220241 1.067 -0.883 -2.475 -3.589 -4.357 -4.556
NSD 9 NSD 9.903089987 -0.25 0.0084736 1.04848516 0.942 50.29822333 3902.114421 1.006 -0.937 -2.569 -3.704 -4.483 -4.689
NSD 9 NSD 9.903089987 -0.25 0.0084736 1.048497081 0.936 53.77156106 3866.339621 0.946 -0.981 -2.66 -3.816 -4.608 -4.82
NSD 9 NSD 9.903089987 -0.25 0.0084736 1.048508406 0.93 57.56422272 3828.247433 0.884 -1.019 -2.752 -3.931 -4.734 -4.953
NSD 9 NSD 9.903089987 -0.25 0.0084736 1.048516989 0.923 61.42605791 3792.276545 0.825 -1.05 -2.837 -4.039 -4.854 -5.08
NSD 9 NSD 9.903089987 -0.25 0.0084736 1.048522711 0.918 64.91613352 3761.837228 0.774 -1.066 -2.909 -4.133 -4.956 -5.188
NSD 9 NSD 9.903089987 -0.25 0.0084736 1.04852736 0.914 68.77849126 3729.0654 0.721 -1.083 -2.984 -4.231 -5.064 -5.303
NSD 9 NSD 9.903089987 -0.25 0.0084736 1.048531652 0.908 73.46029108 3692.325673 0.662 -1.086 -3.063 -4.339 -5.183 -5.429
NSD 9 NSD 9.903089987 -0.25 0.0084736 1.048535466 0.902 78.44272008 3654.264678 0.602 -1.077 -3.142 -4.45 -5.305 -5.558
NSD 9 NSD 9.903089987 -0.25 0.0084736 1.048538804 0.896 83.39742565 3618.261907 0.545 -1.057 -3.211 -4.552 -5.417 -5.677
NSD 9 NSD 9.903089987 -0.25 0.0084736 1.048542499 0.888 89.93995063 3573.551127 0.475 -1.004 -3.289 -4.677 -5.553 -5.823
NSD 9 NSD 9.903089987 -0.25 0.0084736 1.048546314 0.877 96.92875731 3528.580258 0.406 -0.927 -3.358 -4.8 -5.686 -5.965
NSD 9 NSD 9.903089987 -0.25 0.0084736 1.048550367 0.862 104.3164129 3482.571166 0.334 -0.813 -3.413 -4.92 -5.816 -6.106
NSD 9 NSD 9.903089987 -0.25 0.0084736 1.048554301 0.844 112.1121406 3435.579479 0.262 -0.667 -3.453 -5.037 -5.943 -6.244
NSD 9 NSD 9.903089987 -0.25 0.0084736 1.048555136 0.84 107.659571 3457.801035 0.296 -0.727 -3.423 -4.967 -5.868 -6.164
NSD 9 NSD 9.903089987 -0.25 0.0084736 1.048555732 0.837 96.50562881 3522.086356 0.389 -0.876 -3.333 -4.785 -5.672 -5.953
NSD 9 NSD 9.903089987 -0.25 0.0084736 1.048555851 0.836 99.41516665 3504.289683 0.363 -0.836 -3.357 -4.834 -5.726 -6.01
NSD 9 NSD 9.903089987 -0.25 0.0084736 1.04855597 0.836 98.25454409 3510.750772 0.372 -0.85 -3.348 -4.816 -5.706 -5.989
NSD 9 NSD 9.903089987 -0.25 0.0084736 1.048556209 0.835 106.4026991 3464.17641 0.302 -0.743 -3.415 -4.948 -5.849 -6.143
NSD 9 NSD 9.903089987 -0.25 0.0084736 1.048556566 0.833 115.0939897 3418.219914 0.234 -0.6 -3.461 -5.078 -5.986 -6.291
NSD 9 NSD 9.903089987 -0.25 0.0084736 1.048556685 0.832 120.8238429 3388.441561 0.191 -0.505 -3.488 -5.16 -6.073 -6.385
NSD 9 NSD 9.903089987 -0.25 0.0084736 1.048556924 0.83 126.5763724 3360.469825 0.15 -0.379 -3.493 -5.237 -6.154 -6.473
NSD 9 NSD 9.903089987 -0.25 0.0084736 1.048557162 0.828 134.0147637 3326.595533 0.1 -0.223 -3.498 -5.33 -6.252 -6.579
NSD 9 NSD 9.903089987 -0.25 0.0084736 1.04855752 0.825 142.9396271 3288.516309 0.041 -0.008 -3.48 -5.437 -6.364 -6.702
NSD 9 NSD 9.903089987 -0.25 0.0084736 1.048557997 0.82 152.1782708 3250.124519 -0.016 0.233 -3.443 -5.541 -6.471 -6.82
NSD 9 NSD 9.903089987 -0.25 0.0084736 1.048558593 0.813 160.6396114 3216.621793 -0.067 0.448 -3.401 -5.629 -6.562 -6.92
NSD 9 NSD 9.903089987 -0.25 0.0084736 1.048559308 0.801 169.1814118 3183.464418 -0.118 0.668 -3.347 -5.712 -6.648 -7.015
NSD 9 NSD 9.903089987 -0.25 0.0084736 1.048560023 0.79 174.8447695 3162.27766 -0.152 0.819 -3.308 -5.763 -6.701 -7.073
NSD 9 NSD 9.903089987 -0.25 0.0084736 1.048560023 0.79 174.8447695 3162.27766 -0.152 -0.314 -3.337 -5.763 -6.701 -7.073
NSD 9 NSD 9.903089987 -0.25 0.0084736 1.048560142 0.788 90.85579751 3522.89744 0.415 -0.754 -3.204 -4.654 -5.543 -5.823
NSD 9 NSD 9.903089987 -0.25 0.0084736 1.048560262 0.786 66.7502113 3724.774625 0.683 -1 -2.91 -4.161 -4.994 -5.235
NSD 9 NSD 9.903089987 -0.25 0.0084736 1.048560381 0.784 69.08005026 3701.68961 0.651 -0.989 -2.947 -4.216 -5.056 -5.301
NSD 9 NSD 9.903089987 -0.25 0.0084736 1.0485605 0.781 86.05035074 3557.951306 0.459 -0.829 -3.161 -4.566 -5.446 -5.719
NSD 9 NSD 9.903089987 -0.25 0.0084736 1.048560739 0.777 114.065063 3380.648362 0.211 -0.322 -3.337 -5.028 -5.944 -6.256
NSD 9 NSD 9.903089987 -0.25 0.0084736 1.048560977 0.772 143.8972999 3241.902878 0.006 0.425 -3.285 -5.411 -6.344 -6.693
NSD 9 NSD 9.903089987 -0.25 0.0084736 1.048561335 0.767 166.553071 3157.184776 -0.123 0.944 -3.185 -5.653 -6.592 -6.964
NSD 9 NSD 9.903089987 -0.25 0.0084736 1.048561692 0.761 178.9586294 3116.735875 -0.189 1.157 -3.138 -5.771 -6.713 -7.095
NSD 9 NSD 9.903089987 -0.25 0.0084736 1.04856205 0.754 183.8453479 3101.701499 -0.216 1.242 -3.117 -5.817 -6.76 -7.146
NSD 9 NSD 9.903089987 -0.25 0.0084736 1.048562527 0.746 185.802967 3095.993213 -0.23 1.276 -3.108 -5.834 -6.777 -7.165
NSD 9 NSD 9.903089987 -0.25 0.0084736 1.048562527 0.746 185.802967 3095.993213 -0.23 0.069 -3.335 -5.834 -6.777 -7.165
NSD 9 NSD 9.903089987 -0.25 0.0084736 1.048562646 0.744 94.28717958 3500.257542 0.358 -0.697 -3.234 -4.716 -5.608 -5.894
NSD 9 NSD 9.903089987 -0.25 0.0084736 1.048562765 0.742 69.20741768 3702.542054 0.626 -0.994 -2.952 -4.221 -5.06 -5.305
NSD 9 NSD 9.903089987 -0.25 0.0084736 1.048562884 0.738 71.59004656 3680.442186 0.593 -0.981 -2.989 -4.276 -5.121 -5.371
NSD 9 NSD 9.903089987 -0.25 0.0084736 1.048563123 0.733 88.99234377 3539.158396 0.402 -0.798 -3.196 -4.625 -5.508 -5.786
NSD 9 NSD 9.903089987 -0.25 0.0084736 1.048563361 0.727 117.9105445 3363.566357 0.154 -0.246 -3.347 -5.084 -6.001 -6.319
NSD 9 NSD 9.903089987 -0.25 0.0084736 1.048563719 0.721 148.5773626 3225.521938 -0.05 0.532 -3.272 -5.465 -6.397 -6.753
NSD 9 NSD 9.903089987 -0.25 0.0084736 1.048564076 0.713 171.693022 3141.955285 -0.181 1.043 -3.166 -5.704 -6.644 -7.022
NSD 9 NSD 9.903089987 -0.25 0.0084736 1.048564434 0.704 184.3115897 3103.130215 -0.248 1.261 -3.115 -5.82 -6.763 -7.153
NSD 9 NSD 9.903089987 -0.25 0.0084736 1.048564911 0.695 189.170166 3089.583948 -0.277 1.334 -3.1 -5.864 -6.809 -7.204
NSD 9 NSD 9.903089987 -0.25 0.0084736 1.048565388 0.684 190.7447726 3087.450476 -0.291 1.342 -3.105 -5.879 -6.825 -7.221
NSD 9 NSD 9.903089987 -0.25 0.0084736 1.048565388 0.684 190.7447726 3087.450476 -0.291 0.071 -3.374 -5.879 -6.825 -7.221
NSD 9 NSD 9.903089987 -0.25 0.0084736 1.048565507 0.681 96.616799 3505.903839 0.298 -0.775 -3.3 -4.777 -5.665 -5.953
NSD 9 NSD 9.903089987 -0.25 0.0084736 1.048565626 0.678 70.44540087 3723.059698 0.571 -1.104 -3.024 -4.279 -5.108 -5.353
NSD 9 NSD 9.903089987 -0.25 0.0084736 1.048565865 0.673 72.66957911 3705.953792 0.54 -1.109 -3.065 -4.333 -5.167 -5.416
NSD 9 NSD 9.903089987 -0.25 0.0084736 1.048566103 0.666 90.18880755 3564.511334 0.349 -0.949 -3.276 -4.678 -5.551 -5.827
NSD 9 NSD 9.903089987 -0.25 0.0084736 1.048566341 0.659 119.1660777 3388.441561 0.102 -0.448 -3.453 -5.129 -6.04 -6.357
NSD 9 NSD 9.903089987 -0.25 0.0084736 1.048566699 0.65 149.7795926 3251.621601 -0.102 0.311 -3.398 -5.502 -6.432 -6.788
NSD 9 NSD 9.903089987 -0.25 0.0084736 1.048567176 0.64 172.1680834 3173.949409 -0.231 0.835 -3.299 -5.733 -6.671 -7.052
NSD 9 NSD 9.903089987 -0.25 0.0084736 1.048567653 0.628 183.6338099 3144.850465 -0.294 1.015 -3.273 -5.839 -6.782 -7.176
NSD 9 NSD 9.903089987 -0.25 0.0084736 1.04856813 0.616 186.6605946 3146.299056 -0.318 0.999 -3.304 -5.873 -6.818 -7.215
NSD 9 NSD 9.903089987 -0.25 0.0084736 1.048568726 0.602 186.1884107 3163.005885 -0.325 0.889 -3.369 -5.878 -6.822 -7.22
NSD 9 NSD 9.903089987 -0.25 0.0084736 1.048571229 0.532 3.335436253e-06 10000 1.84 30.047 30.03 30.028 30.05 30.059
