# component component_index family logAge MH Zini Mini Mass radius_rsun Teff_K logg Jmag_2mass Hmag_2mass Ksmag_2mass F087mag F146mag F213mag
NSD 9 NSD 9.903089987 -0.5 0.0048313 0.0900000036 0.09 0.1118285374 2545.657664 5.293 10.887 10.433 10.234 12.476 10.981 10.305
NSD 9 NSD 9.903089987 -0.5 0.0048313 0.1000000015 0.1 0.1240088399 2726.465459 5.249 10.421 9.939 9.721 11.876 10.476 9.788
NSD 9 NSD 9.903089987 -0.5 0.0048313 0.1199999973 0.12 0.145496533 2936.973311 5.189 9.845 9.325 9.094 11.091 9.845 9.152
NSD 9 NSD 9.903089987 -0.5 0.0048313 0.1308952272 0.131 0.1559741562 3011.618803 5.166 9.616 9.087 8.854 10.799 9.6 8.909
NSD 9 NSD 9.903089987 -0.5 0.0048313 0.1400000006 0.14 0.1646465538 3071.142726 5.148 9.44 8.904 8.672 10.578 9.413 8.723
NSD 9 NSD 9.903089987 -0.5 0.0048313 0.1464448571 0.146 0.1705110956 3102.415775 5.137 9.333 8.795 8.562 10.448 9.301 8.613
NSD 9 NSD 9.903089987 -0.5 0.0048313 0.1599999964 0.16 0.1827480051 3165.191567 5.116 9.121 8.578 8.347 10.197 9.08 8.395
NSD 9 NSD 9.903089987 -0.5 0.0048313 0.1999999881 0.2 0.2167966888 3298.374772 5.064 8.623 8.071 7.844 9.624 8.564 7.886
NSD 9 NSD 9.903089987 -0.5 0.0048313 0.25 0.25 0.2584357824 3407.218617 5.008 8.14 7.58 7.358 9.091 8.068 7.396
NSD 9 NSD 9.903089987 -0.5 0.0048313 0.3000000119 0.3 0.2984369857 3482.571166 4.962 7.758 7.192 6.974 8.679 7.678 7.009
NSD 9 NSD 9.903089987 -0.5 0.0048313 0.3499999642 0.35 0.3395882421 3548.950974 4.918 7.42 6.848 6.632 8.317 7.332 6.665
NSD 9 NSD 9.903089987 -0.5 0.0048313 0.3999999762 0.4 0.3838421338 3643.342501 4.868 7.072 6.49 6.278 7.936 6.973 6.306
NSD 9 NSD 9.903089987 -0.5 0.0048313 0.4499999881 0.45 0.43496333 3767.905482 4.811 6.699 6.105 5.898 7.523 6.587 5.922
NSD 9 NSD 9.903089987 -0.5 0.0048313 0.4729029536 0.473 0.4595710306 3849.461673 4.785 6.514 5.913 5.712 7.314 6.394 5.733
NSD 9 NSD 9.903089987 -0.5 0.0048313 0.4999999404 0.5 0.4884865888 3943.664854 4.756 6.304 5.693 5.504 7.081 6.177 5.521
NSD 9 NSD 9.903089987 -0.5 0.0048313 0.5082684755 0.508 0.497682815 3986.57556 4.748 6.23 5.614 5.432 6.998 6.1 5.447
NSD 9 NSD 9.903089987 -0.5 0.0048313 0.5500000119 0.55 0.5421914251 4197.58984 4.707 5.875 5.237 5.091 6.601 5.731 5.102
NSD 9 NSD 9.903089987 -0.5 0.0048313 0.5633693933 0.563 0.5537996091 4279.568675 4.699 5.765 5.127 4.993 6.476 5.62 5.003
NSD 9 NSD 9.903089987 -0.5 0.0048313 0.5999999642 0.6 0.5853999013 4504.016782 4.678 5.482 4.871 4.765 6.148 5.348 4.771
NSD 9 NSD 9.903089987 -0.5 0.0048313 0.6499999166 0.65 0.6246728703 4852.885002 4.656 5.119 4.596 4.513 5.7 5.017 4.517
NSD 9 NSD 9.903089987 -0.5 0.0048313 0.653347075 0.653 0.6275562293 4875.284901 4.654 5.096 4.58 4.497 5.671 4.996 4.501
NSD 9 NSD 9.903089987 -0.5 0.0048313 0.6755775809 0.676 0.6487130653 5021.113055 4.641 4.943 4.466 4.389 5.483 4.857 4.393
NSD 9 NSD 9.903089987 -0.5 0.0048313 0.6950054765 0.695 0.6671947877 5148.728601 4.629 4.812 4.367 4.295 5.324 4.738 4.299
NSD 9 NSD 9.903089987 -0.5 0.0048313 0.6999999881 0.7 0.6727483555 5180.837851 4.625 4.779 4.341 4.271 5.284 4.707 4.274
NSD 9 NSD 9.903089987 -0.5 0.0048313 0.7036765218 0.704 0.6758536208 5204.751512 4.623 4.755 4.322 4.253 5.255 4.684 4.256
NSD 9 NSD 9.903089987 -0.5 0.0048313 0.7215073109 0.721 0.6952686461 5321.082593 4.609 4.637 4.23 4.164 5.112 4.574 4.168
NSD 9 NSD 9.903089987 -0.5 0.0048313 0.7379380465 0.738 0.7135963908 5427.502098 4.596 4.528 4.144 4.081 4.983 4.473 4.085
NSD 9 NSD 9.903089987 -0.5 0.0048313 0.7487857342 0.749 0.7265284825 5497.940051 4.587 4.457 4.086 4.026 4.898 4.406 4.029
NSD 9 NSD 9.903089987 -0.5 0.0048313 0.7619225383 0.762 0.7458519763 5571.857489 4.572 4.368 4.011 3.953 4.797 4.321 3.957
NSD 9 NSD 9.903089987 -0.5 0.0048313 0.7758606672 0.775 0.7667479877 5649.369748 4.555 4.273 3.929 3.875 4.689 4.23 3.878
NSD 9 NSD 9.903089987 -0.5 0.0048313 0.7893157005 0.789 0.7896827383 5722.687092 4.538 4.18 3.849 3.797 4.584 4.141 3.8
NSD 9 NSD 9.903089987 -0.5 0.0048313 0.7975714207 0.797 0.8038085934 5767.664634 4.527 4.123 3.798 3.748 4.52 4.085 3.751
NSD 9 NSD 9.903089987 -0.5 0.0048313 0.8036959767 0.803 0.8151783649 5796.955947 4.517 4.079 3.759 3.71 4.472 4.043 3.713
NSD 9 NSD 9.903089987 -0.5 0.0048313 0.817388773 0.817 0.8436312233 5861.381645 4.495 3.98 3.669 3.623 4.363 3.946 3.625
NSD 9 NSD 9.903089987 -0.5 0.0048313 0.8299610615 0.829 0.8714704085 5918.341211 4.473 3.888 3.585 3.541 4.262 3.856 3.544
NSD 9 NSD 9.903089987 -0.5 0.0048313 0.842566371 0.842 0.903134941 5973.102948 4.449 3.792 3.497 3.456 4.158 3.763 3.458
NSD 9 NSD 9.903089987 -0.5 0.0048313 0.8463571072 0.845 0.9127516881 5989.630064 4.442 3.763 3.471 3.43 4.127 3.734 3.432
NSD 9 NSD 9.903089987 -0.5 0.0048313 0.8507367373 0.85 0.9241716562 6007.586048 4.433 3.728 3.439 3.398 4.09 3.701 3.401
NSD 9 NSD 9.903089987 -0.5 0.0048313 0.8681151271 0.867 0.9769057028 6072.954118 4.393 3.585 3.306 3.267 3.937 3.56 3.269
NSD 9 NSD 9.903089987 -0.5 0.0048313 0.8833576441 0.882 1.030985708 6126.324544 4.355 3.451 3.18 3.143 3.796 3.428 3.145
NSD 9 NSD 9.903089987 -0.5 0.0048313 0.8951427937 0.894 1.0778359 6163.111147 4.322 3.341 3.076 3.04 3.681 3.32 3.042
NSD 9 NSD 9.903089987 -0.5 0.0048313 0.89745754 0.896 1.087057821 6168.790197 4.315 3.32 3.055 3.02 3.658 3.299 3.022
NSD 9 NSD 9.903089987 -0.5 0.0048313 0.9103488922 0.909 1.145651808 6198.691176 4.276 3.195 2.935 2.901 3.531 3.176 2.902
NSD 9 NSD 9.903089987 -0.5 0.0048313 0.9208764434 0.919 1.202133348 6217.273893 4.239 3.086 2.829 2.795 3.419 3.067 2.796
NSD 9 NSD 9.903089987 -0.5 0.0048313 0.9297656417 0.928 1.255603868 6228.737089 4.205 2.986 2.73 2.697 3.318 2.968 2.698
NSD 9 NSD 9.903089987 -0.5 0.0048313 0.9314087629 0.93 1.266638384 6230.171474 4.199 2.967 2.712 2.678 3.298 2.949 2.68
NSD 9 NSD 9.903089987 -0.5 0.0048313 0.9330967069 0.932 1.277769875 6231.606189 4.191 2.946 2.691 2.657 3.277 2.928 2.659
NSD 9 NSD 9.903089987 -0.5 0.0048313 0.9431424737 0.941 1.361923284 6223.002852 4.141 2.813 2.557 2.523 3.145 2.795 2.525
NSD 9 NSD 9.903089987 -0.5 0.0048313 0.9439284801 0.942 1.368839865 6221.570117 4.137 2.802 2.546 2.512 3.134 2.784 2.513
NSD 9 NSD 9.903089987 -0.5 0.0048313 0.9479514956 0.946 1.405570536 6214.411392 4.115 2.746 2.489 2.454 3.079 2.727 2.456
NSD 9 NSD 9.903089987 -0.5 0.0048313 0.955653131 0.954 1.491600928 6187.283276 4.067 2.626 2.366 2.331 2.963 2.607 2.332
NSD 9 NSD 9.903089987 -0.5 0.0048313 0.9573242664 0.956 1.513047788 6178.74113 4.056 2.599 2.338 2.302 2.937 2.579 2.304
NSD 9 NSD 9.903089987 -0.5 0.0048313 0.9629593492 0.961 1.606396114 6122.094091 4.007 2.491 2.221 2.184 2.836 2.469 2.186
NSD 9 NSD 9.903089987 -0.5 0.0048313 0.9695697427 0.968 1.746033793 6008.969505 3.937 2.349 2.061 2.021 2.712 2.322 2.023
NSD 9 NSD 9.903089987 -0.5 0.0048313 0.973659873 0.972 1.869616985 5877.599637 3.88 2.252 1.943 1.899 2.635 2.219 1.901
NSD 9 NSD 9.903089987 -0.5 0.0048313 0.9760906696 0.974 1.964502767 5750.425748 3.838 2.196 1.867 1.818 2.599 2.157 1.82
NSD 9 NSD 9.903089987 -0.5 0.0048313 0.9777371287 0.976 2.046221506 5631.187654 3.803 2.158 1.808 1.755 2.581 2.113 1.757
NSD 9 NSD 9.903089987 -0.5 0.0048313 0.9792487025 0.977 2.143150376 5505.540985 3.763 2.114 1.741 1.683 2.559 2.063 1.686
NSD 9 NSD 9.903089987 -0.5 0.0048313 0.9807473421 0.979 2.273278502 5388.898454 3.713 2.041 1.644 1.582 2.51 1.982 1.585
NSD 9 NSD 9.903089987 -0.5 0.0048313 0.9823312163 0.981 2.450488365 5292.976917 3.648 1.924 1.505 1.441 2.412 1.858 1.444
NSD 9 NSD 9.903089987 -0.5 0.0048313 0.9831827879 0.981 2.56361406 5252.910485 3.609 1.847 1.419 1.353 2.344 1.778 1.356
NSD 9 NSD 9.903089987 -0.5 0.0048313 0.9835521579 0.982 2.618500402 5239.622519 3.591 1.807 1.376 1.309 2.307 1.737 1.313
NSD 9 NSD 9.903089987 -0.5 0.0048313 0.9848313332 0.983 2.827174694 5198.762768 3.525 1.663 1.221 1.154 2.171 1.589 1.157
NSD 9 NSD 9.903089987 -0.5 0.0048313 0.9858593941 0.984 3.023100916 5171.303179 3.468 1.533 1.085 1.016 2.048 1.458 1.019
NSD 9 NSD 9.903089987 -0.5 0.0048313 0.9867042899 0.985 3.200019648 5152.286446 3.418 1.418 0.965 0.896 1.938 1.341 0.899
NSD 9 NSD 9.903089987 -0.5 0.0048313 0.9875942469 0.986 3.4162736 5132.157785 3.362 1.286 0.828 0.758 1.81 1.207 0.762
NSD 9 NSD 9.903089987 -0.5 0.0048313 0.988263607 0.986 3.607054007 5116.818355 3.315 1.177 0.715 0.645 1.705 1.097 0.648
NSD 9 NSD 9.903089987 -0.5 0.0048313 0.9889091253 0.987 3.810242745 5100.35024 3.267 1.066 0.6 0.529 1.598 0.985 0.532
NSD 9 NSD 9.903089987 -0.5 0.0048313 0.9896181822 0.988 4.070545793 5081.594426 3.211 0.934 0.463 0.391 1.47 0.851 0.394
NSD 9 NSD 9.903089987 -0.5 0.0048313 0.9903047085 0.988 4.367698432 5060.576565 3.15 0.793 0.317 0.245 1.335 0.708 0.248
NSD 9 NSD 9.903089987 -0.5 0.0048313 0.9909156561 0.989 4.677918432 5038.485348 3.09 0.656 0.174 0.101 1.202 0.569 0.104
NSD 9 NSD 9.903089987 -0.5 0.0048313 0.991463244 0.989 5.010172108 5016.490568 3.031 0.519 0.032 -0.042 1.071 0.431 -0.039
NSD 9 NSD 9.903089987 -0.5 0.0048313 0.9918552637 0.99 5.291181326 4998.043136 2.984 0.412 -0.08 -0.155 0.969 0.322 -0.152
NSD 9 NSD 9.903089987 -0.5 0.0048313 0.9922905564 0.99 5.650054602 4975.079214 2.927 0.281 -0.218 -0.293 0.844 0.189 -0.29
NSD 9 NSD 9.903089987 -0.5 0.0048313 0.9926957488 0.99 6.043000704 4951.080641 2.869 0.148 -0.358 -0.434 0.717 0.053 -0.431
NSD 9 NSD 9.903089987 -0.5 0.0048313 0.9927142262 0.99 6.059721222 4949.940744 2.866 0.141 -0.365 -0.441 0.71 0.046 -0.438
NSD 9 NSD 9.903089987 -0.5 0.0048313 0.9929304719 0.99 6.300175462 4936.282431 2.833 0.066 -0.445 -0.521 0.638 -0.031 -0.518
NSD 9 NSD 9.903089987 -0.5 0.0048313 0.9932691455 0.991 6.733682651 4911.339996 2.775 -0.065 -0.582 -0.66 0.514 -0.164 -0.657
NSD 9 NSD 9.903089987 -0.5 0.0048313 0.9935732484 0.991 7.19204912 4885.398559 2.718 -0.193 -0.718 -0.796 0.393 -0.294 -0.793
NSD 9 NSD 9.903089987 -0.5 0.0048313 0.9938571453 0.991 7.6940082 4858.475309 2.66 -0.323 -0.856 -0.936 0.271 -0.427 -0.933
NSD 9 NSD 9.903089987 -0.5 0.0048313 0.9941186309 0.991 8.221529981 4831.700432 2.601 -0.453 -0.994 -1.075 0.148 -0.561 -1.072
NSD 9 NSD 9.903089987 -0.5 0.0048313 0.9943488836 0.991 8.775111527 4805.073111 2.545 -0.577 -1.127 -1.209 0.031 -0.688 -1.206
NSD 9 NSD 9.903089987 -0.5 0.0048313 0.9945694208 0.991 9.385396934 4776.392415 2.487 -0.706 -1.264 -1.347 -0.09 -0.819 -1.344
NSD 9 NSD 9.903089987 -0.5 0.0048313 0.9947649837 0.991 9.994306059 4750.069894 2.432 -0.827 -1.393 -1.478 -0.204 -0.944 -1.475
NSD 9 NSD 9.903089987 -0.5 0.0048313 0.9949641824 0.991 10.67708364 4721.717503 2.375 -0.952 -1.526 -1.612 -0.321 -1.071 -1.609
NSD 9 NSD 9.903089987 -0.5 0.0048313 0.9952338934 0.991 11.37503247 4694.615194 2.319 -1.074 -1.655 -1.743 -0.436 -1.196 -1.74
NSD 9 NSD 9.903089987 -0.5 0.0048313 0.9952580929 0.991 11.42490624 4692.453741 2.316 -1.083 -1.665 -1.752 -0.445 -1.205 -1.749
NSD 9 NSD 9.903089987 -0.5 0.0048313 0.9953688979 0.991 11.18027909 4705.4374 2.335 -1.042 -1.62 -1.707 -0.407 -1.163 -1.704
NSD 9 NSD 9.903089987 -0.5 0.0048313 0.9954790473 0.991 10.57432477 4733.692033 2.383 -0.94 -1.51 -1.596 -0.312 -1.058 -1.592
NSD 9 NSD 9.903089987 -0.5 0.0048313 0.995508194 0.991 10.43644635 4740.23639 2.394 -0.916 -1.484 -1.57 -0.29 -1.034 -1.567
NSD 9 NSD 9.903089987 -0.5 0.0048313 0.995623529 0.991 10.98380072 4717.370643 2.35 -1.011 -1.585 -1.672 -0.379 -1.131 -1.669
NSD 9 NSD 9.903089987 -0.5 0.0048313 0.9957705736 0.991 11.70718941 4689.213428 2.295 -1.132 -1.715 -1.803 -0.493 -1.255 -1.8
NSD 9 NSD 9.903089987 -0.5 0.0048313 0.9959084392 0.991 12.46960352 4660.151117 2.24 -1.252 -1.843 -1.932 -0.605 -1.378 -1.929
NSD 9 NSD 9.903089987 -0.5 0.0048313 0.9960364103 0.991 13.28166876 4631.268925 2.185 -1.371 -1.97 -2.061 -0.716 -1.5 -2.058
NSD 9 NSD 9.903089987 -0.5 0.0048313 0.9961534739 0.991 14.1466186 4602.565736 2.13 -1.488 -2.096 -2.188 -0.825 -1.62 -2.185
NSD 9 NSD 9.903089987 -0.5 0.0048313 0.9962617755 0.99 15.04363005 4575.093773 2.076 -1.604 -2.22 -2.315 -0.934 -1.74 -2.311
NSD 9 NSD 9.903089987 -0.5 0.0048313 0.9963600039 0.99 15.99383623 4545.691936 2.023 -1.717 -2.343 -2.439 -1.038 -1.857 -2.436
NSD 9 NSD 9.903089987 -0.5 0.0048313 0.9964556098 0.99 17.04325904 4516.479049 1.968 -1.836 -2.468 -2.567 -1.147 -1.978 -2.564
NSD 9 NSD 9.903089987 -0.5 0.0048313 0.9965385199 0.99 18.09891935 4487.453899 1.915 -1.948 -2.586 -2.688 -1.249 -2.092 -2.685
NSD 9 NSD 9.903089987 -0.5 0.0048313 0.9966169596 0.989 19.26427392 4458.615279 1.862 -2.061 -2.705 -2.811 -1.353 -2.207 -2.807
NSD 9 NSD 9.903089987 -0.5 0.0048313 0.9966884851 0.989 20.4669272 4428.942072 1.808 -2.173 -2.823 -2.932 -1.454 -2.321 -2.929
NSD 9 NSD 9.903089987 -0.5 0.0048313 0.9967544675 0.988 21.75968704 4400.479478 1.755 -2.284 -2.939 -3.052 -1.554 -2.434 -3.049
NSD 9 NSD 9.903089987 -0.5 0.0048313 0.9968156815 0.988 23.11812698 4371.193179 1.702 -2.395 -3.055 -3.173 -1.654 -2.547 -3.169
NSD 9 NSD 9.903089987 -0.5 0.0048313 0.996871829 0.988 24.56137324 4342.101788 1.65 -2.503 -3.169 -3.291 -1.751 -2.657 -3.288
NSD 9 NSD 9.903089987 -0.5 0.0048313 0.9969242811 0.987 26.06469485 4313.204007 1.597 -2.612 -3.284 -3.411 -1.849 -2.769 -3.407
NSD 9 NSD 9.903089987 -0.5 0.0048313 0.996970892 0.986 27.66002987 4284.498548 1.546 -2.717 -3.394 -3.526 -1.941 -2.875 -3.522
NSD 9 NSD 9.903089987 -0.5 0.0048313 0.9970158339 0.986 29.35301016 4255.984131 1.493 -2.825 -3.509 -3.645 -2.037 -2.986 -3.641
NSD 9 NSD 9.903089987 -0.5 0.0048313 0.997056663 0.985 31.16396047 4226.686143 1.441 -2.932 -3.624 -3.765 -2.132 -3.096 -3.761
NSD 9 NSD 9.903089987 -0.5 0.0048313 0.997094512 0.984 33.08663838 4197.58984 1.389 -3.038 -3.74 -3.884 -2.227 -3.207 -3.88
NSD 9 NSD 9.903089987 -0.5 0.0048313 0.9971295595 0.984 35.07136303 4169.653822 1.338 -3.143 -3.854 -4.002 -2.322 -3.316 -3.998
NSD 9 NSD 9.903089987 -0.5 0.0048313 0.9971613884 0.983 37.14947194 4140.950127 1.288 -3.245 -3.966 -4.118 -2.413 -3.422 -4.114
NSD 9 NSD 9.903089987 -0.5 0.0048313 0.9971921444 0.982 39.42327004 4113.391062 1.236 -3.349 -4.08 -4.236 -2.506 -3.531 -4.232
NSD 9 NSD 9.903089987 -0.5 0.0048313 0.9972193837 0.981 41.69199191 4086.015408 1.187 -3.448 -4.189 -4.349 -2.595 -3.635 -4.345
NSD 9 NSD 9.903089987 -0.5 0.0048313 0.997245729 0.98 44.23363651 4056.95322 1.135 -3.551 -4.301 -4.466 -2.686 -3.742 -4.461
NSD 9 NSD 9.903089987 -0.5 0.0048313 0.9972701073 0.978 46.77918432 4029.953175 1.085 -3.651 -4.411 -4.58 -2.775 -3.846 -4.576
NSD 9 NSD 9.903089987 -0.5 0.0048313 0.9972978234 0.977 50.170987 3995.765566 1.024 -3.773 -4.545 -4.72 -2.883 -3.974 -4.715
NSD 9 NSD 9.903089987 -0.5 0.0048313 0.997323215 0.975 53.80871797 3961.867984 0.963 -3.894 -4.677 -4.858 -2.989 -4.1 -4.854
NSD 9 NSD 9.903089987 -0.5 0.0048313 0.9973424077 0.974 56.8659953 3934.594676 0.913 -3.991 -4.784 -4.97 -3.075 -4.202 -4.965
NSD 9 NSD 9.903089987 -0.5 0.0048313 0.9973644614 0.971 60.94704374 3900.317845 0.853 -4.11 -4.915 -5.107 -3.179 -4.327 -5.103
NSD 9 NSD 9.903089987 -0.5 0.0048313 0.9973841906 0.969 65.14073355 3867.229981 0.794 -4.225 -5.04 -5.239 -3.279 -4.448 -5.235
NSD 9 NSD 9.903089987 -0.5 0.0048313 0.9974027276 0.967 69.67109638 3835.305825 0.735 -4.34 -5.167 -5.372 -3.379 -4.568 -5.367
NSD 9 NSD 9.903089987 -0.5 0.0048313 0.9974198937 0.964 74.37939557 3802.769482 0.676 -4.453 -5.291 -5.503 -3.477 -4.687 -5.498
NSD 9 NSD 9.903089987 -0.5 0.0048313 0.9974355698 0.961 79.31450987 3770.509158 0.619 -4.564 -5.412 -5.631 -3.572 -4.804 -5.625
NSD 9 NSD 9.903089987 -0.5 0.0048313 0.9974501133 0.958 84.61602991 3737.661783 0.562 -4.673 -5.533 -5.757 -3.666 -4.918 -5.752
NSD 9 NSD 9.903089987 -0.5 0.0048313 0.9974634051 0.954 90.12652884 3705.953792 0.506 -4.78 -5.65 -5.881 -3.756 -5.03 -5.875
NSD 9 NSD 9.903089987 -0.5 0.0048313 0.9974759817 0.951 95.92960249 3673.668801 0.449 -4.888 -5.767 -6.005 -3.846 -5.143 -5.999
NSD 9 NSD 9.903089987 -0.5 0.0048313 0.9974874854 0.947 101.9418815 3642.503687 0.394 -4.992 -5.88 -6.125 -3.932 -5.252 -6.119
NSD 9 NSD 9.903089987 -0.5 0.0048313 0.997498095 0.942 108.2561667 3610.771451 0.34 -5.094 -5.991 -6.242 -4.014 -5.359 -6.236
NSD 9 NSD 9.903089987 -0.5 0.0048313 0.997508049 0.937 114.8292808 3579.315656 0.287 -5.195 -6.1 -6.357 -4.093 -5.464 -6.35
NSD 9 NSD 9.903089987 -0.5 0.0048313 0.9975175261 0.932 121.8015023 3548.133892 0.234 -5.295 -6.207 -6.471 -4.172 -5.567 -6.464
NSD 9 NSD 9.903089987 -0.5 0.0048313 0.9975265861 0.926 128.9296028 3518.843888 0.182 -5.392 -6.312 -6.582 -4.243 -5.668 -6.575
NSD 9 NSD 9.903089987 -0.5 0.0048313 0.9975304008 0.924 131.6293222 3506.711196 0.162 -5.428 -6.35 -6.623 -4.269 -5.705 -6.616
NSD 9 NSD 9.903089987 -0.5 0.0048313 0.9975304008 0.924 9.975912813 4984.252094 2.403 -0.963 -1.46 -1.534 -4.269 -5.705 -6.616
NSD 9 NSD 9.903089987 -0.5 0.0048313 0.9976303577 0.924 10.14034299 4975.079214 2.389 -0.993 -1.492 -1.567 -0.427 -1.085 -1.564
NSD 9 NSD 9.903089987 -0.5 0.0048313 0.9977279305 0.924 10.19653572 4972.788632 2.384 -1.004 -1.504 -1.579 -0.438 -1.096 -1.576
NSD 9 NSD 9.903089987 -0.5 0.0048313 0.997825563 0.924 10.20358167 4973.933791 2.383 -1.007 -1.507 -1.582 -0.442 -1.1 -1.579
NSD 9 NSD 9.903089987 -0.5 0.0048313 0.9979248643 0.924 10.18949463 4977.37085 2.385 -1.005 -1.505 -1.579 -0.441 -1.098 -1.576
NSD 9 NSD 9.903089987 -0.5 0.0048313 0.9980282784 0.924 10.15436207 4983.10456 2.388 -1.001 -1.499 -1.573 -0.438 -1.093 -1.57
NSD 9 NSD 9.903089987 -0.5 0.0048313 0.9981293082 0.925 10.10770702 4988.844875 2.391 -0.996 -1.492 -1.566 -0.434 -1.087 -1.563
NSD 9 NSD 9.903089987 -0.5 0.0048313 0.9982293844 0.925 10.07285645 4994.591802 2.395 -0.99 -1.484 -1.558 -0.429 -1.081 -1.555
NSD 9 NSD 9.903089987 -0.5 0.0048313 0.9983311296 0.925 10.02657588 5000.34535 2.399 -0.984 -1.477 -1.551 -0.425 -1.074 -1.548
NSD 9 NSD 9.903089987 -0.5 0.0048313 0.9984366298 0.925 9.99200505 5006.105525 2.402 -0.98 -1.471 -1.544 -0.422 -1.069 -1.541
NSD 9 NSD 9.903089987 -0.5 0.0048313 0.9985309243 0.925 9.962140096 5010.718443 2.404 -0.976 -1.466 -1.539 -0.419 -1.065 -1.536
NSD 9 NSD 9.903089987 -0.5 0.0048313 0.9986288548 0.925 9.943806047 5015.335611 2.407 -0.973 -1.462 -1.535 -0.417 -1.061 -1.532
NSD 9 NSD 9.903089987 -0.5 0.0048313 0.9987245798 0.925 9.918651811 5018.801279 2.409 -0.97 -1.458 -1.531 -0.415 -1.058 -1.528
NSD 9 NSD 9.903089987 -0.5 0.0048313 0.9988184571 0.925 9.893561206 5022.269342 2.411 -0.968 -1.455 -1.527 -0.414 -1.056 -1.525
NSD 9 NSD 9.903089987 -0.5 0.0048313 0.9989190102 0.925 9.879902183 5025.739801 2.412 -0.966 -1.452 -1.524 -0.413 -1.053 -1.522
NSD 9 NSD 9.903089987 -0.5 0.0048313 0.9989439845 0.925 9.875353368 5026.897154 2.412 -0.965 -1.451 -1.524 -0.413 -1.053 -1.521
NSD 9 NSD 9.903089987 -0.5 0.0048313 0.9989964366 0.926 9.870806646 5028.054773 2.413 -0.965 -1.45 -1.522 -0.412 -1.052 -1.52
NSD 9 NSD 9.903089987 -0.5 0.0048313 0.99909091 0.926 9.857179039 5031.52923 2.414 -0.964 -1.448 -1.521 -0.412 -1.051 -1.518
NSD 9 NSD 9.903089987 -0.5 0.0048313 0.9991844296 0.926 9.848104421 5033.846868 2.415 -0.963 -1.448 -1.52 -0.412 -1.05 -1.517
NSD 9 NSD 9.903089987 -0.5 0.0048313 0.9992812872 0.926 9.854909601 5035.006088 2.415 -0.964 -1.447 -1.52 -0.413 -1.051 -1.517
NSD 9 NSD 9.903089987 -0.5 0.0048313 0.9993773699 0.926 9.850372292 5036.165574 2.415 -0.965 -1.448 -1.52 -0.414 -1.052 -1.518
NSD 9 NSD 9.903089987 -0.5 0.0048313 0.9994705915 0.926 9.857179039 5037.325328 2.414 -0.967 -1.45 -1.522 -0.416 -1.053 -1.519
NSD 9 NSD 9.903089987 -0.5 0.0048313 0.9995735884 0.926 9.868534071 5037.325328 2.413 -0.969 -1.453 -1.525 -0.419 -1.056 -1.522
NSD 9 NSD 9.903089987 -0.5 0.0048313 0.9996672869 0.926 9.895839545 5036.165574 2.412 -0.973 -1.457 -1.529 -0.423 -1.06 -1.526
NSD 9 NSD 9.903089987 -0.5 0.0048313 0.9996742606 0.926 9.895839545 5036.165574 2.412 -0.974 -1.457 -1.529 -0.423 -1.06 -1.526
NSD 9 NSD 9.903089987 -0.5 0.0048313 0.9996822476 0.926 9.895839545 5036.165574 2.411 -0.974 -1.457 -1.53 -0.423 -1.061 -1.527
NSD 9 NSD 9.903089987 -0.5 0.0048313 0.9997762442 0.926 9.923220571 5035.006088 2.409 -0.979 -1.463 -1.535 -0.428 -1.066 -1.533
NSD 9 NSD 9.903089987 -0.5 0.0048313 0.9998670816 0.927 9.955260869 5032.687916 2.406 -0.986 -1.47 -1.542 -0.434 -1.073 -1.54
NSD 9 NSD 9.903089987 -0.5 0.0048313 0.9999589324 0.927 10.0035154 5029.212659 2.402 -0.994 -1.479 -1.551 -0.441 -1.081 -1.548
NSD 9 NSD 9.903089987 -0.5 0.0048313 1.000048637 0.927 10.056634 5024.582715 2.397 -1.004 -1.49 -1.562 -0.45 -1.091 -1.56
NSD 9 NSD 9.903089987 -0.5 0.0048313 1.000141144 0.927 10.12168098 5019.957034 2.392 -1.015 -1.503 -1.575 -0.461 -1.103 -1.573
NSD 9 NSD 9.903089987 -0.5 0.0048313 1.000233531 0.927 10.19184112 5014.18092 2.385 -1.028 -1.517 -1.59 -0.472 -1.117 -1.587
NSD 9 NSD 9.903089987 -0.5 0.0048313 1.000323772 0.927 10.27430952 5008.411453 2.379 -1.042 -1.533 -1.606 -0.485 -1.131 -1.603
NSD 9 NSD 9.903089987 -0.5 0.0048313 1.000413775 0.927 10.39567383 4999.19411 2.369 -1.061 -1.554 -1.627 -0.502 -1.151 -1.624
NSD 9 NSD 9.903089987 -0.5 0.0048313 1.000504971 0.927 10.53543919 4988.844875 2.357 -1.085 -1.581 -1.655 -0.523 -1.176 -1.652
NSD 9 NSD 9.903089987 -0.5 0.0048313 1.000596046 0.927 10.60358311 4984.252094 2.351 -1.097 -1.593 -1.668 -0.534 -1.188 -1.665
NSD 9 NSD 9.903089987 -0.5 0.0048313 1.000685692 0.927 10.87808993 4963.636849 2.33 -1.14 -1.642 -1.717 -0.573 -1.234 -1.715
NSD 9 NSD 9.903089987 -0.5 0.0048313 1.000777602 0.928 11.39600536 4928.332492 2.289 -1.222 -1.733 -1.81 -0.646 -1.318 -1.807
NSD 9 NSD 9.903089987 -0.5 0.0048313 1.00083673 0.928 12.08794972 4885.398559 2.238 -1.326 -1.849 -1.927 -0.739 -1.426 -1.924
NSD 9 NSD 9.903089987 -0.5 0.0048313 1.000867963 0.928 12.88405722 4839.494493 2.182 -1.438 -1.975 -2.055 -0.839 -1.544 -2.052
NSD 9 NSD 9.903089987 -0.5 0.0048313 1.000882149 0.928 13.7262734 4795.125741 2.128 -1.549 -2.098 -2.18 -0.938 -1.659 -2.177
NSD 9 NSD 9.903089987 -0.5 0.0048313 1.000888705 0.928 14.5630602 4755.541763 2.076 -1.653 -2.214 -2.298 -1.031 -1.767 -2.295
NSD 9 NSD 9.903089987 -0.5 0.0048313 1.000892282 0.928 15.40822618 4717.370643 2.027 -1.753 -2.324 -2.411 -1.121 -1.871 -2.408
NSD 9 NSD 9.903089987 -0.5 0.0048313 1.000894427 0.928 16.261202 4682.739514 1.98 -1.848 -2.429 -2.517 -1.207 -1.97 -2.514
NSD 9 NSD 9.903089987 -0.5 0.0048313 1.000895262 0.928 16.7321845 4664.445252 1.956 -1.898 -2.482 -2.572 -1.251 -2.021 -2.569
NSD 9 NSD 9.903089987 -0.5 0.0048313 1.000896096 0.928 17.26444592 4645.152752 1.929 -1.953 -2.54 -2.632 -1.301 -2.077 -2.629
NSD 9 NSD 9.903089987 -0.5 0.0048313 1.000897765 0.928 18.44814251 4603.625638 1.871 -2.072 -2.667 -2.763 -1.407 -2.199 -2.76
NSD 9 NSD 9.903089987 -0.5 0.0048313 1.000899315 0.928 19.54576374 4568.777412 1.82 -2.175 -2.777 -2.877 -1.499 -2.304 -2.873
NSD 9 NSD 9.903089987 -0.5 0.0048313 1.000900865 0.927 20.52828388 4538.371048 1.778 -2.26 -2.869 -2.972 -1.575 -2.392 -2.968
NSD 9 NSD 9.903089987 -0.5 0.0048313 1.000902533 0.927 21.12772059 4522.723108 1.753 -2.311 -2.923 -3.028 -1.62 -2.444 -3.024
NSD 9 NSD 9.903089987 -0.5 0.0048313 1.000906467 0.927 20.67533927 4535.237135 1.772 -2.273 -2.883 -2.986 -1.587 -2.405 -2.982
NSD 9 NSD 9.903089987 -0.5 0.0048313 1.00090909 0.927 19.87708271 4559.319217 1.806 -2.203 -2.807 -2.908 -1.525 -2.333 -2.904
NSD 9 NSD 9.903089987 -0.5 0.0048313 1.000915885 0.927 18.99558377 4586.696458 1.845 -2.124 -2.722 -2.82 -1.454 -2.251 -2.817
NSD 9 NSD 9.903089987 -0.5 0.0048313 1.000957012 0.926 18.79111909 4593.037593 1.854 -2.103 -2.701 -2.797 -1.436 -2.231 -2.794
NSD 9 NSD 9.903089987 -0.5 0.0048313 1.000995636 0.925 19.79031217 4561.419344 1.809 -2.195 -2.799 -2.899 -1.517 -2.325 -2.896
NSD 9 NSD 9.903089987 -0.5 0.0048313 1.001033783 0.924 21.24969226 4517.519127 1.746 -2.321 -2.934 -3.039 -1.628 -2.454 -3.036
NSD 9 NSD 9.903089987 -0.5 0.0048313 1.001067758 0.922 22.8061851 4475.07172 1.684 -2.446 -3.068 -3.178 -1.738 -2.582 -3.174
NSD 9 NSD 9.903089987 -0.5 0.0048313 1.001097441 0.92 24.38667805 4436.086439 1.625 -2.563 -3.194 -3.308 -1.841 -2.702 -3.305
NSD 9 NSD 9.903089987 -0.5 0.0048313 1.001123071 0.918 26.04669621 4397.440784 1.567 -2.678 -3.316 -3.437 -1.941 -2.82 -3.433
NSD 9 NSD 9.903089987 -0.5 0.0048313 1.001145244 0.916 27.80690447 4360.13564 1.509 -2.791 -3.436 -3.562 -2.039 -2.935 -3.559
NSD 9 NSD 9.903089987 -0.5 0.0048313 1.001164555 0.914 29.63825599 4324.142525 1.453 -2.902 -3.558 -3.688 -2.136 -3.05 -3.685
NSD 9 NSD 9.903089987 -0.5 0.0048313 1.001181841 0.912 31.53934319 4289.4341 1.397 -3.012 -3.679 -3.814 -2.233 -3.165 -3.81
NSD 9 NSD 9.903089987 -0.5 0.0048313 1.001197577 0.909 33.61651163 4254.024629 1.341 -3.122 -3.801 -3.94 -2.33 -3.28 -3.936
NSD 9 NSD 9.903089987 -0.5 0.0048313 1.001211762 0.906 35.78925391 4218.907466 1.285 -3.231 -3.921 -4.065 -2.426 -3.394 -4.061
NSD 9 NSD 9.903089987 -0.5 0.0048313 1.001222014 0.903 38.14631975 4160.063885 1.228 -3.319 -4.031 -4.182 -2.493 -3.492 -4.178
NSD 9 NSD 9.903089987 -0.5 0.0048313 1.001234412 0.899 40.9121822 4110.550613 1.166 -3.429 -4.158 -4.316 -2.584 -3.61 -4.312
NSD 9 NSD 9.903089987 -0.5 0.0048313 1.001246333 0.894 43.55646693 4076.617833 1.109 -3.536 -4.278 -4.441 -2.678 -3.723 -4.436
NSD 9 NSD 9.903089987 -0.5 0.0048313 1.001257658 0.888 46.31830358 4042.965171 1.052 -3.642 -4.396 -4.564 -2.771 -3.835 -4.56
NSD 9 NSD 9.903089987 -0.5 0.0048313 1.001268387 0.882 49.3347174 4008.667176 0.994 -3.749 -4.514 -4.689 -2.863 -3.947 -4.684
NSD 9 NSD 9.903089987 -0.5 0.0048313 1.001278639 0.874 52.57177552 3973.745051 0.936 -3.855 -4.632 -4.812 -2.955 -4.059 -4.808
NSD 9 NSD 9.903089987 -0.5 0.0048313 1.001288652 0.864 56.111599 3938.220241 0.874 -3.965 -4.754 -4.941 -3.049 -4.175 -4.937
NSD 9 NSD 9.903089987 -0.5 0.0048313 1.001297474 0.854 60.16620856 3898.522096 0.808 -4.082 -4.886 -5.08 -3.149 -4.299 -5.075
NSD 9 NSD 9.903089987 -0.5 0.0048313 1.001303792 0.844 64.5881202 3859.224116 0.741 -4.201 -5.017 -5.219 -3.25 -4.424 -5.214
NSD 9 NSD 9.903089987 -0.5 0.0048313 1.001308441 0.836 69.03234792 3822.081997 0.679 -4.31 -5.14 -5.349 -3.343 -4.54 -5.344
NSD 9 NSD 9.903089987 -0.5 0.0048313 1.001312613 0.825 73.93543712 3783.554551 0.615 -4.422 -5.265 -5.481 -3.437 -4.659 -5.476
NSD 9 NSD 9.903089987 -0.5 0.0048313 1.001316547 0.814 79.16854163 3743.69104 0.549 -4.534 -5.39 -5.614 -3.529 -4.778 -5.609
NSD 9 NSD 9.903089987 -0.5 0.0048313 1.001319647 0.802 84.40198193 3705.953792 0.487 -4.638 -5.507 -5.739 -3.614 -4.888 -5.733
NSD 9 NSD 9.903089987 -0.5 0.0048313 1.001323223 0.785 90.43835303 3663.53209 0.417 -4.751 -5.633 -5.874 -3.703 -5.008 -5.868
NSD 9 NSD 9.903089987 -0.5 0.0048313 1.00132525 0.773 94.72238943 3635.800123 0.37 -4.825 -5.716 -5.962 -3.76 -5.087 -5.956
NSD 9 NSD 9.903089987 -0.5 0.0048313 1.001325965 0.768 94.00536604 3639.150361 0.375 -4.812 -5.701 -5.947 -3.749 -5.072 -5.941
NSD 9 NSD 9.903089987 -0.5 0.0048313 1.001326084 0.767 92.20461204 3649.21961 0.391 -4.78 -5.666 -5.91 -3.723 -5.039 -5.904
NSD 9 NSD 9.903089987 -0.5 0.0048313 1.001326323 0.766 92.39588823 3647.539469 0.388 -4.783 -5.669 -5.913 -3.725 -5.042 -5.907
NSD 9 NSD 9.903089987 -0.5 0.0048313 1.001326561 0.765 94.24376873 3636.637393 0.37 -4.816 -5.706 -5.953 -3.752 -5.077 -5.946
NSD 9 NSD 9.903089987 -0.5 0.0048313 1.001326799 0.763 96.59455472 3623.264176 0.348 -4.856 -5.749 -5.999 -3.783 -5.119 -5.993
NSD 9 NSD 9.903089987 -0.5 0.0048313 1.001327038 0.761 98.41303941 3612.434656 0.331 -4.887 -5.783 -6.035 -3.807 -5.151 -6.028
NSD 9 NSD 9.903089987 -0.5 0.0048313 1.001327395 0.759 100.8445993 3597.493352 0.308 -4.929 -5.829 -6.084 -3.839 -5.195 -6.077
NSD 9 NSD 9.903089987 -0.5 0.0048313 1.001327991 0.753 104.677332 3576.020502 0.272 -4.992 -5.897 -6.156 -3.886 -5.26 -6.149
NSD 9 NSD 9.903089987 -0.5 0.0048313 1.001328587 0.747 103.8371226 3580.139918 0.276 -4.976 -5.88 -6.138 -3.873 -5.244 -6.131
NSD 9 NSD 9.903089987 -0.5 0.0048313 1.001328707 0.746 106.5252703 3565.332188 0.253 -5.019 -5.927 -6.189 -3.906 -5.289 -6.181
NSD 9 NSD 9.903089987 -0.5 0.0048313 1.001328826 0.745 104.9427994 3573.551127 0.265 -4.994 -5.9 -6.16 -3.887 -5.263 -6.152
NSD 9 NSD 9.903089987 -0.5 0.0048313 1.001328945 0.744 93.40124061 3638.312512 0.366 -4.798 -5.687 -5.933 -3.734 -5.058 -5.927
NSD 9 NSD 9.903089987 -0.5 0.0048313 1.001329064 0.744 91.90785806 3646.699689 0.38 -4.771 -5.657 -5.902 -3.712 -5.03 -5.896
NSD 9 NSD 9.903089987 -0.5 0.0048313 1.001329422 0.741 94.24376873 3632.452969 0.357 -4.811 -5.702 -5.95 -3.744 -5.073 -5.944
NSD 9 NSD 9.903089987 -0.5 0.0048313 1.00132966 0.739 94.52629695 3629.108896 0.353 -4.816 -5.708 -5.956 -3.747 -5.078 -5.95
NSD 9 NSD 9.903089987 -0.5 0.0048313 1.001330018 0.737 100.2426744 3595.837026 0.301 -4.913 -5.813 -6.068 -3.821 -5.179 -6.061
NSD 9 NSD 9.903089987 -0.5 0.0048313 1.001330256 0.735 106.0114183 3563.69067 0.251 -5.007 -5.916 -6.178 -3.893 -5.277 -6.17
NSD 9 NSD 9.903089987 -0.5 0.0048313 1.001330495 0.732 112.163782 3531.018557 0.2 -5.1 -6.017 -6.287 -3.961 -5.374 -6.278
NSD 9 NSD 9.903089987 -0.5 0.0048313 1.001330852 0.728 118.7278613 3497.840484 0.148 -5.194 -6.12 -6.397 -4.026 -5.473 -6.388
NSD 9 NSD 9.903089987 -0.5 0.0048313 1.00133121 0.722 125.2716059 3466.570205 0.098 -5.279 -6.213 -6.498 -4.085 -5.563 -6.489
NSD 9 NSD 9.903089987 -0.5 0.0048313 1.001331806 0.71 132.5112177 3433.207084 0.042 -5.373 -6.313 -6.606 -4.142 -5.659 -6.597
NSD 9 NSD 9.903089987 -0.5 0.0048313 1.001332164 0.703 133.8605623 3427.677865 0.029 -5.389 -6.331 -6.625 -4.151 -5.676 -6.617
NSD 9 NSD 9.903089987 -0.5 0.0048313 1.020151854 0.531 4.466348887e-08 86417.16206 6.774 36.545 36.701 36.8 33.896 34.206 34.415
