# downloaded from PARSEC/CMD via ezpadova
# component=bar family=bar component_index=8 logAge=9.95424 MH=-0.25 photometric_system=roman2021
# Zini MH logAge Mini int_IMF Mass logL logTe logg label McoreTP C_O period0 period1 period2 period3 period4 pmode Mloss tau1m X Y Xc Xn Xo Cexcess Z mbolmag F062mag F087mag F106mag F129mag F158mag F184mag F146mag F213mag SNprismmag Grism_1stOrdermag Grism_0thOrdermag
0.0084736 -0.25 9.95424 0.0900000036 1.081689593 0.09 -3.373 3.3848 5.257 1 0 0.545 0 0 0 0 0 -1 -4.18e-17 0 0.7262 0.2652 0.001532 0.0004131 0.003747 -1 0.008515 13.203 16.061 12.728 11.68 11.06 10.674 10.574 11.087 10.336 11.452 10.982 10.68
0.0084736 -0.25 9.95424 0.1000000015 1.171106412 0.1 -3.174 3.4138 5.219 1 0 0.545 0 0 0 0 0 -1 -6.54e-17 0 0.7258 0.2657 0.001532 0.0004131 0.003747 -1 0.008516 12.706 15.555 12.233 11.183 10.565 10.179 10.075 10.591 9.836 10.957 10.486 10.182
0.0084736 -0.25 9.95424 0.1200000048 1.319315474 0.12 -2.91 3.4466 5.165 1 0 0.545 0 0 0 0 0 -1 -1.17e-16 0 0.7248 0.2666 0.001532 0.0004131 0.003747 -1 0.008515 12.045 14.23 11.409 10.534 9.953 9.553 9.423 9.96 9.211 10.311 9.865 9.53
0.0084736 -0.25 9.95424 0.1400000006 1.438452672 0.14 -2.726 3.4661 5.126 1 0 0.545 0 0 0 0 0 -1 -1.73e-16 0 0.7241 0.2674 0.001532 0.0004131 0.003747 -1 0.008515 11.586 13.385 10.863 10.09 9.531 9.124 8.982 9.527 8.789 9.867 9.439 9.089
0.0084736 -0.25 9.95424 0.1528674662 1.503982258 0.153 -2.632 3.475 5.106 1 0 0.545 0 0 0 0 0 -1 -2.1e-16 0 0.7236 0.2679 0.001532 0.0004131 0.003747 -1 0.008515 11.35 12.987 10.593 9.863 9.313 8.904 8.758 9.305 8.573 9.639 9.219 8.864
0.0084736 -0.25 9.95424 0.1599999964 1.537293155 0.16 -2.583 3.4796 5.096 1 0 0.545 0 0 0 0 0 -1 -2.32e-16 0 0.7233 0.2681 0.001532 0.0004131 0.003747 -1 0.008515 11.228 12.783 10.454 9.745 9.201 8.79 8.642 9.19 8.461 9.521 9.105 8.747
0.0084736 -0.25 9.95424 0.1991589218 1.691017888 0.199 -2.368 3.4976 5.047 1 0 0.545 0 0 0 0 0 -1 -3.62e-16 0 0.7222 0.2693 0.001532 0.0004131 0.003747 -1 0.008515 10.689 11.945 9.864 9.228 8.701 8.286 8.131 8.683 7.967 9.004 8.602 8.235
0.0084736 -0.25 9.95424 0.200000003 1.693879086 0.2 -2.364 3.4979 5.046 1 0 0.545 0 0 0 0 0 -1 -3.65e-16 0 0.7222 0.2693 0.001532 0.0004131 0.003747 -1 0.008515 10.679 11.93 9.853 9.218 8.691 8.276 8.121 8.673 7.958 8.994 8.592 8.225
0.0084736 -0.25 9.95424 0.25 1.8403258 0.25 -2.154 3.5126 4.993 1 0 0.545 0 0 0 0 0 -1 -5.61e-16 0 0.7214 0.2701 0.001532 0.0004131 0.003747 -1 0.008515 10.156 11.206 9.3 8.714 8.2 7.782 7.621 8.176 7.471 8.489 8.098 7.724
0.0084736 -0.25 9.95424 0.3000000119 1.952913977 0.3 -1.988 3.523 4.947 1 0 0.545 0 0 0 0 0 -1 -7.91e-16 0 0.7211 0.2704 0.001531 0.0004131 0.003747 -1 0.008515 9.741 10.668 8.87 8.314 7.808 7.386 7.221 7.779 7.081 8.088 7.703 7.323
0.0084736 -0.25 9.95424 0.3500000536 2.043417562 0.35 -1.841 3.5316 4.902 1 0 0.545 0 0 0 0 0 -1 -1.08e-15 0 0.7272 0.2643 0.001532 0.0004131 0.003747 -1 0.008515 9.373 10.211 8.492 7.959 7.46 7.033 6.865 7.426 6.732 7.731 7.352 6.966
0.0084736 -0.25 9.95424 0.4000000358 2.118502481 0.4 -1.692 3.5428 4.855 1 0 0.545 0 0 0 0 0 -1 -1.51e-15 0 0.7274 0.2641 0.001532 0.0004131 0.003747 -1 0.008516 9 9.733 8.11 7.604 7.112 6.679 6.504 7.071 6.381 7.374 7 6.605
0.0084736 -0.25 9.95424 0.4500000179 2.182280936 0.45 -1.532 3.5565 4.801 1 0 0.545 0 0 0 0 0 -1 -2.19e-15 0 0.7274 0.2641 0.001532 0.0004131 0.003747 -1 0.008515 8.599 9.21 7.703 7.228 6.744 6.304 6.12 6.696 6.009 6.994 6.627 6.219
0.0084736 -0.25 9.95424 0.5 2.237454153 0.5 -1.36 3.5744 4.747 1 0 0.545 0 0 0 0 0 -1 -3.28e-15 0 0.7274 0.2641 0.001532 0.0004131 0.003747 -1 0.008515 8.17 8.63 7.272 6.836 6.363 5.912 5.717 6.304 5.622 6.598 6.239 5.815
0.0084736 -0.25 9.95424 0.5093017817 2.246841938 0.509 -1.323 3.579 4.736 1 0 0.545 0 0 0 0 0 -1 -3.58e-15 0 0.7318 0.2598 0.001508 0.0004069 0.00369 -1 0.008383 8.078 8.503 7.18 6.753 6.283 5.829 5.631 6.221 5.542 6.514 6.157 5.73
0.0084736 -0.25 9.95424 0.5500000119 2.283658263 0.55 -1.171 3.5979 4.692 1 0 0.545 0 0 0 0 0 -1 -5.15e-15 0 0.7497 0.2425 0.001415 0.0003819 0.003465 -1 0.007859 7.697 7.994 6.805 6.41 5.949 5.481 5.279 5.876 5.21 6.165 5.815 5.377
0.0084736 -0.25 9.95424 0.6000000238 2.321121326 0.6 -0.987 3.6264 4.66 1 0 0.544 0 0 0 0 0 -1 -7.82e-15 0 0.753 0.2392 0.001399 0.0003776 0.003426 -1 0.007794 7.237 7.379 6.357 6.004 5.551 5.074 4.882 5.474 4.841 5.751 5.413 4.979
0.0084736 -0.25 9.95424 0.6208153367 2.334687157 0.621 -0.908 3.6403 4.652 1 0 0.544 0 0 0 0 0 -1 -9.3e-15 0 0.7543 0.238 0.001392 0.000376 0.003411 -1 0.007757 7.04 7.108 6.167 5.835 5.388 4.918 4.738 5.315 4.707 5.585 5.254 4.833
0.0084736 -0.25 9.95424 0.6499999762 2.352035311 0.65 -0.801 3.6593 4.641 1 0 0.544 0 0 0 0 0 -1 -1.18e-14 0 0.756 0.2362 0.001384 0.0003737 0.003391 -1 0.00771 6.774 6.747 5.909 5.606 5.18 4.738 4.575 5.118 4.551 5.371 5.058 4.667
0.0084736 -0.25 9.95424 0.660527885 2.357862376 0.66 -0.764 3.6657 4.636 1 0 0.544 0 0 0 0 0 -1 -1.28e-14 0 0.7568 0.2355 0.00138 0.0003728 0.003383 -1 0.00769 6.679 6.625 5.816 5.523 5.106 4.677 4.521 5.05 4.499 5.296 4.991 4.611
0.0084736 -0.25 9.95424 0.7000001073 2.377926754 0.7 -0.625 3.6892 4.617 1 0 0.544 0 0 0 0 0 -1 -1.75e-14 0 0.7595 0.2329 0.001367 0.0003692 0.003351 -1 0.007662 6.332 6.195 5.478 5.221 4.843 4.466 4.332 4.805 4.312 5.025 4.748 4.415
0.0084736 -0.25 9.95424 0.7034510374 2.379558244 0.703 -0.613 3.6911 4.614 1 0 0.543 0 0 0 0 0 -1 -1.8e-14 0 0.7598 0.2326 0.001364 0.0003688 0.003348 -1 0.007657 6.302 6.159 5.449 5.195 4.82 4.447 4.315 4.784 4.295 5.002 4.727 4.397
0.0084736 -0.25 9.95424 0.7207102776 2.387448933 0.721 -0.553 3.7008 4.603 1 0 0.541 0 0 0 0 0 -1 -2.07e-14 0 0.7613 0.2312 0.001351 0.0003667 0.003332 -1 0.007545 6.152 5.985 5.307 5.067 4.708 4.354 4.231 4.677 4.212 4.885 4.622 4.31
0.0084736 -0.25 9.95424 0.7372355461 2.394607279 0.737 -0.495 3.7098 4.592 1 0 0.538 0 0 0 0 0 -1 -2.36e-14 0 0.7626 0.2299 0.001338 0.0003649 0.003316 -1 0.007537 6.009 5.822 5.173 4.946 4.601 4.265 4.15 4.576 4.132 4.774 4.521 4.227
0.0084736 -0.25 9.95424 0.75 2.399888909 0.75 -0.451 3.7166 4.583 1 0 0.536 0 0 0 0 0 -1 -2.62e-14 0 0.7636 0.2289 0.001329 0.0003634 0.003304 -1 0.007528 5.898 5.699 5.071 4.854 4.519 4.196 4.087 4.498 4.069 4.689 4.444 4.161
0.0084736 -0.25 9.95424 0.7660844922 2.406256924 0.766 -0.396 3.7242 4.567 1 0 0.536 0 0 0 0 0 -1 -3e-14 0 0.7653 0.2272 0.001321 0.0003612 0.003284 -1 0.007481 5.761 5.549 4.943 4.736 4.413 4.105 4.002 4.396 3.985 4.579 4.343 4.074
0.0084736 -0.25 9.95424 0.7821454406 2.412316014 0.782 -0.341 3.7315 4.55 1 0 0.536 0 0 0 0 0 -1 -3.43e-14 0 0.7671 0.2255 0.001312 0.0003589 0.003264 -1 0.007432 5.623 5.401 4.815 4.619 4.307 4.012 3.915 4.293 3.899 4.469 4.242 3.985
0.0084736 -0.25 9.95424 0.7975394726 2.417860882 0.797 -0.288 3.7384 4.533 1 0 0.536 0 0 0 0 0 -1 -3.91e-14 0 0.7688 0.2239 0.001304 0.0003568 0.003245 -1 0.007364 5.49 5.261 4.695 4.507 4.205 3.923 3.831 4.195 3.815 4.364 4.144 3.899
0.0084736 -0.25 9.95424 0.7983130813 2.41813305 0.798 -0.285 3.7387 4.532 1 0 0.536 0 0 0 0 0 -1 -3.94e-14 0 0.7688 0.2238 0.001304 0.0003567 0.003244 -1 0.00736 5.484 5.254 4.688 4.501 4.2 3.918 3.827 4.19 3.811 4.358 4.139 3.895
0.0084736 -0.25 9.95424 0.7995474935 2.418566082 0.799 -0.281 3.7393 4.531 1 0 0.536 0 0 0 0 0 -1 -3.98e-14 0 0.769 0.2236 0.001303 0.0003565 0.003242 -1 0.007353 5.473 5.243 4.679 4.492 4.192 3.911 3.82 4.182 3.804 4.35 4.131 3.887
0.0084736 -0.25 9.95424 0.8132262826 2.423263584 0.813 -0.234 3.7448 4.513 1 0 0.536 0 0 0 0 0 -1 -4.49e-14 0 0.7708 0.2218 0.001294 0.0003541 0.003221 -1 0.007349 5.355 5.121 4.572 4.392 4.1 3.827 3.741 4.092 3.725 4.254 4.042 3.807
0.0084736 -0.25 9.95424 0.8264698982 2.42764168 0.826 -0.188 3.75 4.494 1 0 0.536 0 0 0 0 0 -1 -5.07e-14 0 0.7726 0.2201 0.001286 0.0003518 0.0032 -1 0.007292 5.239 5.002 4.467 4.294 4.009 3.745 3.663 4.003 3.648 4.161 3.954 3.727
0.0084736 -0.25 9.95424 0.8385922909 2.431510033 0.838 -0.145 3.7545 4.476 1 0 0.536 0 0 0 0 0 -1 -5.66e-14 0 0.7743 0.2185 0.001278 0.0003496 0.003181 -1 0.007239 5.132 4.894 4.371 4.203 3.924 3.667 3.588 3.919 3.574 4.073 3.871 3.651
0.0084736 -0.25 9.95424 0.8466261625 2.434003634 0.846 -0.116 3.7574 4.463 1 0 0.536 0 0 0 0 0 -1 -6.11e-14 0 0.7754 0.2174 0.001273 0.0003482 0.003168 -1 0.007206 5.06 4.822 4.306 4.141 3.866 3.614 3.537 3.863 3.523 4.014 3.815 3.599
0.0084736 -0.25 9.95424 0.8571068645 2.437176022 0.856 -0.078 3.7609 4.444 1 0 0.535 0 0 0 0 0 -1 -6.77e-14 0 0.7773 0.2156 0.001263 0.0003458 0.003146 -1 0.007141 4.965 4.726 4.219 4.059 3.788 3.541 3.467 3.786 3.453 3.934 3.739 3.528
0.0084736 -0.25 9.95424 0.8699380159 2.440940427 0.869 -0.03 3.7649 4.419 1 0 0.535 0 0 0 0 0 -1 -7.72e-14 0 0.7796 0.2134 0.001252 0.0003428 0.003119 -1 0.007061 4.846 4.607 4.111 3.955 3.689 3.448 3.377 3.688 3.364 3.833 3.642 3.437
0.0084736 -0.25 9.95424 0.8822615743 2.444437621 0.881 0.016 3.7685 4.393 1 0 0.535 0 0 0 0 0 -1 -8.8e-14 0 0.7818 0.2112 0.001241 0.0003398 0.003093 -1 0.007012 4.729 4.49 4.004 3.851 3.591 3.355 3.287 3.591 3.274 3.732 3.545 3.345
0.0084736 -0.25 9.95424 0.8934133649 2.447506848 0.892 0.06 3.7716 4.367 1 0 0.535 0 0 0 0 0 -1 -9.95e-14 0 0.7839 0.2091 0.001231 0.0003371 0.003068 -1 0.00699 4.62 4.382 3.904 3.755 3.498 3.267 3.201 3.499 3.188 3.638 3.454 3.259
0.0084736 -0.25 9.95424 0.8949391842 2.447919953 0.894 0.066 3.772 4.363 1 0 0.535 0 0 0 0 0 -1 -1.01e-13 0 0.7842 0.2088 0.00123 0.0003367 0.003065 -1 0.006987 4.605 4.367 3.89 3.742 3.486 3.255 3.189 3.487 3.177 3.625 3.441 3.247
0.0084736 -0.25 9.95424 0.8964137435 2.448317643 0.895 0.072 3.7724 4.36 1 0 0.535 0 0 0 0 0 -1 -1.03e-13 0 0.7846 0.2085 0.001228 0.0003362 0.003061 -1 0.006979 4.591 4.353 3.877 3.729 3.473 3.243 3.178 3.474 3.165 3.612 3.429 3.235
0.0084736 -0.25 9.95424 0.9121235609 2.452462963 0.911 0.134 3.7757 4.318 1 0 0.535 0 0 0 0 0 -1 -1.24e-13 0 0.7885 0.2046 0.001208 0.000331 0.003014 -1 0.006869 4.434 4.197 3.73 3.586 3.335 3.11 3.047 3.337 3.035 3.472 3.292 3.103
0.0084736 -0.25 9.95424 0.9253220558 2.455820789 0.924 0.187 3.7777 4.28 1 0 0.534 0 0 0 0 0 -1 -1.45e-13 0 0.7918 0.2014 0.001193 0.0003268 0.002977 -1 0.006768 4.303 4.066 3.605 3.463 3.214 2.992 2.931 3.217 2.919 3.35 3.172 2.986
0.0084736 -0.25 9.95424 0.9359033108 2.45843425 0.934 0.233 3.7791 4.244 1 0 0.534 0 0 0 0 0 -1 -1.67e-13 0 0.7926 0.2007 0.00119 0.0003259 0.002969 -1 0.00676 4.188 3.952 3.495 3.354 3.107 2.888 2.827 3.11 2.815 3.243 3.066 2.882
0.0084736 -0.25 9.95424 0.9392871857 2.459255756 0.938 0.248 3.7794 4.232 1 0 0.534 0 0 0 0 0 -1 -1.75e-13 0 0.7926 0.2007 0.001189 0.000326 0.002969 -1 0.006738 4.15 3.914 3.458 3.317 3.071 2.852 2.792 3.075 2.78 3.207 3.03 2.847
0.0084736 -0.25 9.95424 0.9432522058 2.460209727 0.942 0.266 3.7796 4.216 1 0 0.534 0 0 0 0 0 -1 -1.86e-13 0 0.7926 0.2007 0.00119 0.000326 0.00297 -1 0.006757 4.105 3.869 3.413 3.273 3.027 2.808 2.748 3.03 2.736 3.162 2.986 2.803
0.0084736 -0.25 9.95424 0.9444771409 2.46050258 0.943 0.272 3.7797 4.212 1 0 0.534 0 0 0 0 0 -1 -1.89e-13 0 0.7927 0.2006 0.001189 0.0003259 0.002969 -1 0.00676 4.091 3.855 3.399 3.259 3.013 2.794 2.734 3.016 2.723 3.148 2.972 2.789
0.0084736 -0.25 9.95424 0.9544767737 2.462860966 0.953 0.32 3.7794 4.166 1 0 0.534 0 0 0 0 0 -1 -2.21e-13 0 0.7929 0.2004 0.00119 0.0003261 0.00297 -1 0.006742 3.969 3.733 3.277 3.136 2.89 2.671 2.611 2.894 2.599 3.026 2.849 2.666
0.0084736 -0.25 9.95424 0.9617382884 2.464538271 0.96 0.357 3.7783 4.128 1 0 0.534 0 0 0 0 0 -1 -2.5e-13 0 0.7922 0.201 0.001196 0.0003277 0.002985 -1 0.006797 3.876 3.64 3.182 3.04 2.792 2.572 2.511 2.795 2.499 2.928 2.751 2.566
0.0084736 -0.25 9.95424 0.9674229622 2.46583116 0.966 0.387 3.7769 4.095 1 0 0.534 0 0 0 0 0 -1 -2.79e-13 0 0.7904 0.2027 0.001207 0.0003308 0.003014 -1 0.006854 3.801 3.565 3.103 2.959 2.71 2.487 2.424 2.712 2.412 2.846 2.667 2.48
0.0084736 -0.25 9.95424 0.9691222906 2.466214261 0.968 0.397 3.7761 4.083 1 0 0.534 0 0 0 0 0 -1 -2.89e-13 0 0.7891 0.204 0.001215 0.000333 0.003034 -1 0.006889 3.778 3.542 3.078 2.933 2.682 2.458 2.395 2.685 2.383 2.82 2.64 2.452
0.0084736 -0.25 9.95424 0.9770776629 2.467987378 0.976 0.44 3.7702 4.02 2 0 0.534 0 0 0 0 0 -1 -3.4e-13 0 0.7785 0.2143 0.001272 0.0003486 0.003175 -1 0.00722 3.67 3.433 2.954 2.802 2.543 2.31 2.243 2.544 2.23 2.684 2.498 2.301
0.0084736 -0.25 9.95424 0.9829242229 2.469269454 0.981 0.468 3.7619 3.962 2 0 0.535 0 0 0 0 0 -1 -3.87e-13 0 0.7665 0.226 0.001332 0.0003648 0.003321 -1 0.007568 3.6 3.364 2.864 2.703 2.433 2.187 2.114 2.431 2.1 2.579 2.384 2.174
0.0084736 -0.25 9.95424 0.986664772 2.47008055 0.985 0.478 3.7517 3.912 2 0 0.535 0 0 0 0 0 -1 -4.2e-13 0 0.7565 0.2357 0.001379 0.0003774 0.003433 -1 0.007821 3.575 3.343 2.815 2.642 2.358 2.095 2.014 2.352 2 2.51 2.303 2.078
0.0084736 -0.25 9.95424 0.9890158772 2.470586751 0.987 0.478 3.7413 3.871 2 0 0.536 0 0 0 0 0 -1 -4.41e-13 0 0.75 0.242 0.001408 0.0003852 0.003503 -1 0.007969 3.574 3.349 2.795 2.609 2.309 2.03 1.94 2.3 1.925 2.467 2.249 2.008
0.0084736 -0.25 9.95424 0.991032362 2.471018708 0.989 0.48 3.7301 3.825 2 0 0.537 0 0 0 0 0 -1 -4.66e-13 0 0.7449 0.247 0.001431 0.0003911 0.003556 -1 0.008092 3.569 3.357 2.773 2.572 2.255 1.955 1.857 2.241 1.841 2.419 2.188 1.928
0.0084736 -0.25 9.95424 0.9915652275 2.471132517 0.99 0.482 3.7269 3.812 2 0 0.537 0 0 0 0 0 -1 -4.74e-13 0 0.7436 0.2483 0.001436 0.0003926 0.003568 -1 0.008123 3.566 3.358 2.765 2.56 2.238 1.933 1.832 2.222 1.815 2.404 2.17 1.904
0.0084736 -0.25 9.95424 0.9916145205 2.471143038 0.99 0.482 3.7266 3.81 2 0 0.537 0 0 0 0 0 -1 -4.75e-13 0 0.7435 0.2484 0.001437 0.0003927 0.003569 -1 0.008126 3.565 3.358 2.764 2.559 2.237 1.93 1.829 2.221 1.813 2.403 2.168 1.901
0.0084736 -0.25 9.95424 0.9933809638 2.471519266 0.992 0.503 3.7172 3.752 2 0 0.537 0 0 0 0 0 -1 -5.3e-13 0 0.7398 0.252 0.001452 0.0003966 0.003605 -1 0.008185 3.513 3.321 2.701 2.482 2.145 1.82 1.711 2.123 1.694 2.316 2.069 1.786
0.0084736 -0.25 9.95424 0.9949169755 2.471845168 0.993 0.538 3.7108 3.692 2 0 0.537 0 0 0 0 0 -1 -6.14e-13 0 0.7367 0.2551 0.001462 0.0003994 0.00363 -1 0.008229 3.424 3.244 2.606 2.378 2.03 1.693 1.577 2.005 1.56 2.204 1.95 1.655
0.0084736 -0.25 9.95424 0.9953264594 2.471931854 0.994 0.55 3.7094 3.674 2 0 0.537 0 0 0 0 0 -1 -6.45e-13 0 0.7359 0.2559 0.001464 0.0004001 0.003635 -1 0.008242 3.394 3.217 2.575 2.345 1.994 1.654 1.538 1.969 1.521 2.169 1.913 1.615
0.0084736 -0.25 9.95424 0.9959234595 2.47205809 0.994 0.571 3.7077 3.647 3 0 0.537 0 0 0 0 0 -1 -6.98e-13 0 0.7346 0.2571 0.001467 0.0004009 0.003643 -1 0.008294 3.342 3.169 2.522 2.289 1.936 1.592 1.474 1.909 1.457 2.111 1.854 1.552
0.0084736 -0.25 9.95424 0.9970744252 2.472300972 0.995 0.616 3.7051 3.592 3 0 0.537 0 0 0 0 0 -1 -8.19e-13 0 0.732 0.2597 0.001472 0.0004026 0.003656 -1 0.008321 3.229 3.062 2.407 2.171 1.813 1.464 1.343 1.784 1.326 1.99 1.729 1.422
0.0084736 -0.25 9.95424 0.9982782602 2.472554322 0.997 0.67 3.7029 3.529 3 0 0.534 0 0 0 0 0 -1 -9.94e-13 0 0.7288 0.2629 0.001469 0.0004061 0.003667 -1 0.008353 3.094 2.932 2.271 2.031 1.669 1.316 1.193 1.639 1.176 1.847 1.583 1.273
0.0084736 -0.25 9.95424 0.9993646145 2.472782346 0.998 0.725 3.7011 3.468 3 0 0.526 0 0 0 0 0 -1 -1.21e-12 0 0.7255 0.2662 0.00145 0.000421 0.003676 -1 0.008376 2.958 2.8 2.133 1.891 1.526 1.169 1.045 1.496 1.027 1.705 1.439 1.126
0.0084736 -0.25 9.95424 1.000156641 2.472948231 0.998 0.768 3.6998 3.42 3 0 0.515 0 0 0 0 0 -1 -1.41e-12 0 0.7229 0.2687 0.001422 0.0004504 0.003681 -1 0.008379 2.849 2.694 2.024 1.78 1.413 1.053 0.928 1.381 0.91 1.592 1.325 1.009
0.0084736 -0.25 9.95424 1.000842571 2.473091652 0.999 0.809 3.6987 3.375 3 0 0.503 0 0 0 0 0 -1 -1.63e-12 0 0.7207 0.2709 0.00139 0.0004878 0.003685 -1 0.008409 2.748 2.596 1.922 1.676 1.307 0.945 0.818 1.274 0.8 1.487 1.218 0.899
0.0084736 -0.25 9.95424 1.001505017 2.473229947 1 0.851 3.6975 3.329 3 0 0.491 0 0 0 0 0 -1 -1.89e-12 0 0.7185 0.273 0.001357 0.0005282 0.003688 -1 0.008421 2.643 2.494 1.817 1.568 1.197 0.833 0.705 1.164 0.687 1.378 1.107 0.787
0.0084736 -0.25 9.95424 1.002284885 2.473392487 1 0.905 3.6959 3.269 3 0 0.48 0 0 0 0 0 -1 -2.29e-12 0 0.7164 0.2752 0.001327 0.0005668 0.003692 -1 0.0084 2.507 2.363 1.68 1.429 1.056 0.688 0.558 1.021 0.54 1.237 0.964 0.64
0.0084736 -0.25 9.95424 1.00285089 2.473510272 1.001 0.947 3.6946 3.221 3 0 0.472 0 0 0 0 0 -1 -2.66e-12 0 0.7149 0.2767 0.001308 0.0005913 0.003694 -1 0.008415 2.402 2.26 1.574 1.321 0.945 0.574 0.443 0.91 0.425 1.127 0.852 0.526
0.0084736 -0.25 9.95424 1.003489375 2.473642956 1.001 1 3.6929 3.162 3 0 0.466 0 0 0 0 0 -1 -3.21e-12 0 0.7134 0.2782 0.001291 0.0006134 0.003696 -1 0.008419 2.27 2.133 1.441 1.186 0.806 0.432 0.299 0.77 0.281 0.989 0.712 0.382
0.0084736 -0.25 9.95424 1.003938198 2.47373611 1.002 1.04 3.6915 3.117 3 0 0.462 0 0 0 0 0 -1 -3.71e-12 0 0.7125 0.2791 0.001281 0.0006259 0.003697 -1 0.008417 2.17 2.037 1.341 1.083 0.701 0.324 0.189 0.664 0.172 0.884 0.606 0.273
0.0084736 -0.25 9.95424 1.004373193 2.473826303 1.002 1.082 3.69 3.069 3 0 0.46 0 0 0 0 0 -1 -4.31e-12 0 0.7119 0.2797 0.001274 0.0006349 0.003697 -1 0.008426 2.065 1.936 1.235 0.974 0.59 0.21 0.074 0.552 0.056 0.774 0.494 0.158
0.0084736 -0.25 9.95424 1.004871249 2.47392946 1.003 1.135 3.688 3.009 3 0 0.457 0 0 0 0 0 -1 -5.21e-12 0 0.7112 0.2804 0.001268 0.0006435 0.003698 -1 0.008475 1.934 1.81 1.102 0.839 0.451 0.066 -0.072 0.411 -0.09 0.636 0.353 0.013
0.0084736 -0.25 9.95424 1.005313158 2.47402089 1.003 1.186 3.686 2.949 3 0 0.456 0 0 0 0 0 -1 -6.29e-12 0 0.7108 0.2807 0.001264 0.000648 0.003699 -1 0.008476 1.804 1.686 0.972 0.705 0.314 -0.075 -0.215 0.273 -0.233 0.5 0.214 -0.129
0.0084736 -0.25 9.95424 1.005704641 2.47410181 1.003 1.237 3.6838 2.89 3 0 0.455 0 0 0 0 0 -1 -7.55e-12 0 0.7106 0.281 0.001262 0.000651 0.003699 -1 0.008421 1.678 1.566 0.846 0.575 0.18 -0.214 -0.356 0.137 -0.374 0.367 0.079 -0.27
0.0084736 -0.25 9.95424 1.006067157 2.474176678 1.004 1.289 3.6815 2.829 3 0 0.455 0 0 0 0 0 -1 -9.12e-12 0 0.7106 0.281 0.001262 0.0006515 0.003699 -1 0.008415 1.549 1.444 0.716 0.442 0.042 -0.356 -0.501 -0.002 -0.52 0.23 -0.061 -0.414
0.0084736 -0.25 9.95424 1.00638473 2.474242213 1.004 1.338 3.6792 2.77 3 0 0.455 0 0 0 0 0 -1 -1.09e-11 0 0.7106 0.281 0.001262 0.0006518 0.003699 -1 0.008415 1.424 1.326 0.591 0.313 -0.09 -0.493 -0.641 -0.136 -0.66 0.099 -0.195 -0.553
0.0084736 -0.25 9.95424 1.006674051 2.474301877 1.004 1.388 3.6769 2.711 3 0 0.455 0 0 0 0 0 -1 -1.31e-11 0 0.7106 0.281 0.001261 0.0006521 0.003699 -1 0.008415 1.3 1.211 0.467 0.185 -0.222 -0.63 -0.781 -0.27 -0.8 -0.032 -0.329 -0.692
0.0084736 -0.25 9.95424 1.006937623 2.474356196 1.004 1.437 3.6745 2.653 3 0 0.455 0 0 0 0 0 -1 -1.57e-11 0 0.7105 0.281 0.001261 0.0006523 0.003699 -1 0.008415 1.178 1.096 0.345 0.059 -0.353 -0.767 -0.919 -0.403 -0.939 -0.162 -0.462 -0.83
0.0084736 -0.25 9.95424 1.00717926 2.474405966 1.004 1.485 3.672 2.594 3 0 0.455 0 0 0 0 0 -1 -1.88e-11 0 0.7105 0.281 0.001261 0.0006525 0.003699 -1 0.008415 1.057 0.983 0.223 -0.067 -0.483 -0.902 -1.058 -0.535 -1.077 -0.291 -0.594 -0.967
0.0084736 -0.25 9.95424 1.007403851 2.4744522 1.004 1.533 3.6695 2.536 3 0 0.455 0 0 0 0 0 -1 -2.24e-11 0 0.7105 0.2811 0.001261 0.0006527 0.0037 -1 0.008415 0.937 0.872 0.104 -0.191 -0.611 -1.036 -1.195 -0.665 -1.214 -0.419 -0.725 -1.103
0.0084736 -0.25 9.95424 1.007615805 2.474495811 1.004 1.58 3.667 2.48 3 0 0.454 0 0 0 0 0 -1 -2.66e-11 0 0.7105 0.2811 0.001261 0.0006529 0.0037 -1 0.008415 0.821 0.765 -0.012 -0.31 -0.735 -1.165 -1.327 -0.791 -1.347 -0.542 -0.851 -1.235
0.0084736 -0.25 9.95424 1.007879257 2.474549989 1.004 1.626 3.6645 2.424 3 0 0.454 0 0 0 0 0 -1 -3.17e-11 0 0.7105 0.2811 0.001261 0.0006532 0.0037 -1 0.008415 0.704 0.657 -0.129 -0.431 -0.861 -1.296 -1.46 -0.918 -1.481 -0.666 -0.979 -1.368
0.0084736 -0.25 9.95424 1.007962108 2.47456702 1.004 1.635 3.6641 2.414 3 0 0.454 0 0 0 0 0 -1 -3.28e-11 0 0.7105 0.2811 0.001261 0.0006533 0.0037 -1 0.008415 0.683 0.638 -0.15 -0.453 -0.883 -1.319 -1.484 -0.941 -1.504 -0.689 -1.002 -1.391
0.0084736 -0.25 9.95424 1.008123755 2.47460024 1.004 1.605 3.6662 2.451 3 0 0.454 0 0 0 0 0 -1 -2.97e-11 0 0.7105 0.2811 0.00126 0.0006534 0.0037 -1 0.008415 0.756 0.703 -0.076 -0.376 -0.803 -1.234 -1.397 -0.859 -1.417 -0.609 -0.92 -1.305
0.0084736 -0.25 9.95424 1.008237004 2.474623506 1.004 1.573 3.6683 2.492 3 0 0.454 0 0 0 0 0 -1 -2.63e-11 0 0.7105 0.2811 0.00126 0.0006535 0.0037 -1 0.008415 0.837 0.777 0.005 -0.291 -0.714 -1.141 -1.301 -0.769 -1.321 -0.521 -0.829 -1.21
0.0084736 -0.25 9.95424 1.00825119 2.47462642 1.004 1.568 3.6686 2.498 3 0 0.454 0 0 0 0 0 -1 -2.59e-11 0 0.7105 0.2811 0.00126 0.0006535 0.0037 -1 0.008415 0.849 0.788 0.017 -0.279 -0.701 -1.128 -1.287 -0.756 -1.307 -0.508 -0.816 -1.196
0.0084736 -0.25 9.95424 1.008295059 2.474635431 1.004 1.58 3.668 2.483 3 0 0.454 0 0 0 0 0 -1 -2.68e-11 0 0.7105 0.2811 0.00126 0.0006536 0.0037 -1 0.008415 0.819 0.759 -0.014 -0.311 -0.734 -1.162 -1.322 -0.789 -1.342 -0.541 -0.849 -1.231
0.0084736 -0.25 9.95424 1.008464575 2.474670241 1.004 1.628 3.6653 2.424 3 0 0.454 0 0 0 0 0 -1 -3.18e-11 0 0.7105 0.2811 0.00126 0.0006537 0.0037 -1 0.008415 0.699 0.649 -0.134 -0.435 -0.864 -1.297 -1.461 -0.921 -1.481 -0.67 -0.981 -1.368
0.0084736 -0.25 9.95424 1.008626819 2.474703545 1.004 1.676 3.6625 2.366 3 0 0.454 0 0 0 0 0 -1 -3.78e-11 0 0.7105 0.2811 0.00126 0.0006539 0.0037 -1 0.008415 0.581 0.541 -0.252 -0.558 -0.991 -1.43 -1.597 -1.05 -1.618 -0.796 -1.111 -1.504
0.0084736 -0.25 9.95424 1.008774519 2.474733853 1.004 1.721 3.6598 2.31 3 0 0.454 0 0 0 0 0 -1 -4.48e-11 0 0.7105 0.2811 0.00126 0.000654 0.0037 -1 0.008415 0.467 0.436 -0.366 -0.677 -1.115 -1.559 -1.729 -1.176 -1.75 -0.919 -1.237 -1.635
0.0084736 -0.25 9.95424 1.008912087 2.474762073 1.004 1.767 3.6571 2.253 3 0 0.454 0 0 0 0 0 -1 -5.32e-11 0 0.7105 0.2811 0.00126 0.0006541 0.0037 -1 0.008415 0.352 0.333 -0.48 -0.795 -1.238 -1.689 -1.863 -1.302 -1.884 -1.041 -1.363 -1.767
0.0084736 -0.25 9.95424 1.009041548 2.474788622 1.004 1.814 3.6542 2.195 3 0 0.454 0 0 0 0 0 -1 -6.33e-11 0 0.7105 0.2811 0.00126 0.0006543 0.0037 -1 0.008415 0.236 0.228 -0.596 -0.916 -1.364 -1.821 -1.999 -1.431 -2.02 -1.167 -1.492 -1.903
0.0084736 -0.25 9.95424 1.009153009 2.474811473 1.004 1.857 3.6515 2.14 3 0 0.454 0 0 0 0 0 -1 -7.45e-11 0 0.7105 0.2811 0.00126 0.0006544 0.0037 -1 0.008415 0.127 0.13 -0.704 -1.029 -1.482 -1.945 -2.126 -1.551 -2.148 -1.283 -1.612 -2.029
0.0084736 -0.25 9.95424 1.009260535 2.474833512 1.004 1.903 3.6486 2.084 3 0 0.454 0 0 0 0 0 -1 -8.84e-11 0 0.7105 0.2811 0.00126 0.0006545 0.0037 -1 0.008415 0.014 0.029 -0.816 -1.146 -1.605 -2.074 -2.258 -1.676 -2.281 -1.405 -1.738 -2.161
0.0084736 -0.25 9.95424 1.009357452 2.474853372 1.003 1.947 3.6458 2.028 3 0 0.454 0 0 0 0 0 -1 -1.04e-10 0 0.7105 0.2811 0.00126 0.0006546 0.0037 -1 0.008415 -0.097 -0.068 -0.925 -1.26 -1.724 -2.2 -2.388 -1.798 -2.41 -1.524 -1.86 -2.289
0.0084736 -0.25 9.95424 1.009447217 2.474871762 1.003 1.991 3.6429 1.972 3 0 0.454 0 0 0 0 0 -1 -1.23e-10 0 0.7105 0.2811 0.00126 0.0006546 0.0037 -1 0.008415 -0.207 -0.165 -1.033 -1.373 -1.842 -2.323 -2.514 -1.918 -2.538 -1.641 -1.98 -2.414
0.0084736 -0.25 9.95424 1.009528756 2.474888464 1.003 2.034 3.64 1.917 3 0 0.454 0 0 0 0 0 -1 -1.45e-10 0 0.7105 0.2811 0.001259 0.0006547 0.0037 -1 0.008415 -0.316 -0.262 -1.138 -1.484 -1.959 -2.443 -2.638 -2.036 -2.663 -1.755 -2.098 -2.536
0.0084736 -0.25 9.95424 1.0096035 2.474903771 1.003 2.078 3.6371 1.862 3 0 0.454 0 0 0 0 0 -1 -1.71e-10 0 0.7105 0.2811 0.001259 0.0006548 0.0037 -1 0.008415 -0.424 -0.355 -1.242 -1.594 -2.075 -2.561 -2.76 -2.152 -2.788 -1.869 -2.215 -2.657
0.0084736 -0.25 9.95424 1.009673476 2.474918099 1.002 2.121 3.634 1.806 3 0 0.454 0 0 0 0 0 -1 -2.02e-10 0 0.7104 0.2811 0.001259 0.0006548 0.0037 -1 0.008415 -0.534 -0.45 -1.347 -1.706 -2.192 -2.682 -2.884 -2.27 -2.914 -1.984 -2.333 -2.78
0.0084736 -0.25 9.95424 1.009735704 2.474930839 1.002 2.164 3.6311 1.751 3 0 0.454 0 0 0 0 0 -1 -2.37e-10 0 0.7104 0.2811 0.001259 0.0006549 0.0037 -1 0.008415 -0.639 -0.54 -1.447 -1.813 -2.305 -2.798 -3.003 -2.384 -3.036 -2.094 -2.447 -2.898
0.0084736 -0.25 9.95424 1.009793282 2.474942625 1.002 2.206 3.6281 1.697 3 0 0.454 0 0 0 0 0 -1 -2.78e-10 0 0.7104 0.2811 0.001259 0.000655 0.0037 -1 0.008415 -0.745 -0.629 -1.547 -1.919 -2.417 -2.913 -3.122 -2.497 -3.157 -2.204 -2.561 -3.016
0.0084736 -0.25 9.95424 1.00984621 2.474953459 1.001 2.248 3.6252 1.643 3 0 0.454 0 0 0 0 0 -1 -3.26e-10 0 0.7104 0.2811 0.001259 0.000655 0.0037 -1 0.008415 -0.849 -0.717 -1.646 -2.025 -2.529 -3.028 -3.24 -2.609 -3.278 -2.313 -2.673 -3.133
0.0084736 -0.25 9.95424 1.009895563 2.474963559 1.001 2.29 3.6221 1.589 3 0 0.454 0 0 0 0 0 -1 -3.82e-10 0 0.7104 0.2811 0.001259 0.0006551 0.0037 -1 0.008415 -0.954 -0.804 -1.744 -2.13 -2.64 -3.143 -3.359 -2.722 -3.4 -2.423 -2.786 -3.25
0.0084736 -0.25 9.95424 1.009941459 2.47497295 1 2.332 3.6191 1.534 3 0 0.454 0 0 0 0 0 -1 -4.48e-10 0 0.7104 0.2811 0.001259 0.0006551 0.0037 -1 0.008415 -1.06 -0.891 -1.842 -2.236 -2.752 -3.258 -3.479 -2.835 -3.522 -2.532 -2.899 -3.368
0.0084736 -0.25 9.95424 1.009982348 2.474981317 0.999 2.372 3.6161 1.482 3 0 0.454 0 0 0 0 0 -1 -5.23e-10 0 0.7104 0.2811 0.001259 0.0006551 0.0037 -1 0.008415 -1.161 -0.971 -1.937 -2.337 -2.86 -3.371 -3.595 -2.944 -3.64 -2.638 -3.009 -3.483
0.0084736 -0.25 9.95424 1.01002109 2.474989243 0.999 2.414 3.613 1.428 3 0 0.454 0 0 0 0 0 -1 -6.13e-10 0 0.7104 0.2811 0.001259 0.0006552 0.0037 -1 0.008415 -1.264 -1.053 -2.035 -2.443 -2.971 -3.488 -3.718 -3.058 -3.764 -2.748 -3.123 -3.605
0.0084736 -0.25 9.95424 1.010056496 2.474996486 0.998 2.454 3.61 1.375 3 0 0.454 0 0 0 0 0 -1 -7.16e-10 0 0.7104 0.2811 0.001259 0.0006552 0.0037 -1 0.008415 -1.366 -1.134 -2.133 -2.546 -3.081 -3.604 -3.838 -3.171 -3.886 -2.857 -3.236 -3.724
0.0084736 -0.25 9.95424 1.010088921 2.475003119 0.997 2.494 3.6069 1.322 3 0 0.454 0 0 0 0 0 -1 -8.34e-10 0 0.7104 0.2811 0.001259 0.0006552 0.0037 -1 0.008415 -1.466 -1.209 -2.228 -2.648 -3.189 -3.719 -3.958 -3.282 -4.007 -2.964 -3.347 -3.843
0.0084736 -0.25 9.95424 1.010119319 2.475009337 0.996 2.535 3.6038 1.269 3 0 0.454 11.74 8.58 6 4.63 3.76 3 -9.74e-10 0 0.7104 0.2812 0.001259 0.0006553 0.0037 -1 0.008415 -1.567 -1.285 -2.323 -2.751 -3.297 -3.834 -4.078 -3.394 -4.128 -3.072 -3.459 -3.962
0.0084736 -0.25 9.95424 1.010146737 2.475014945 0.996 2.574 3.6007 1.217 3 0 0.454 13.07 9.41 6.56 5.07 4.11 3 -1.13e-09 0 0.7104 0.2812 0.001259 0.0006553 0.0037 -1 0.008415 -1.664 -1.359 -2.415 -2.85 -3.402 -3.945 -4.194 -3.502 -4.246 -3.176 -3.567 -4.077
0.0084736 -0.25 9.95424 1.010172486 2.475020211 0.995 2.613 3.5976 1.165 3 0 0.454 14.56 10.34 7.17 5.55 4.5 3 -1.32e-09 0 0.7104 0.2812 0.001259 0.0006553 0.0037 -1 0.008415 -1.762 -1.428 -2.507 -2.949 -3.508 -4.057 -4.311 -3.611 -4.364 -3.28 -3.675 -4.193
0.0084736 -0.25 9.95424 1.010196567 2.475025136 0.993 2.652 3.5945 1.113 3 0 0.454 16.24 11.36 7.85 6.08 4.94 3 -1.53e-09 0 0.7104 0.2812 0.001259 0.0006553 0.0037 -1 0.008415 -1.86 -1.497 -2.6 -3.049 -3.613 -4.169 -4.429 -3.72 -4.483 -3.385 -3.784 -4.31
0.0084736 -0.25 9.95424 1.010217905 2.475029499 0.992 2.689 3.5914 1.063 3 0 0.454 18 12.43 8.55 6.63 5.39 3 -1.77e-09 0 0.7104 0.2812 0.001259 0.0006554 0.0037 -1 0.008415 -1.952 -1.561 -2.686 -3.143 -3.713 -4.275 -4.54 -3.823 -4.596 -3.484 -3.887 -4.42
0.0084736 -0.25 9.95424 1.010238528 2.475033716 0.991 2.727 3.5882 1.012 3 0 0.454 20.04 13.63 9.34 7.26 5.89 3 -2.05e-09 0 0.7104 0.2812 0.001259 0.0006554 0.0037 -1 0.008415 -2.048 -1.624 -2.776 -3.24 -3.816 -4.385 -4.655 -3.93 -4.713 -3.587 -3.994 -4.534
0.0084736 -0.25 9.95424 1.010257959 2.47503769 0.99 2.765 3.585 0.96 3 0 0.454 22.31 14.96 10.21 7.94 6.45 3 -2.38e-09 0 0.7104 0.2812 0.001259 0.0006554 0.0037 -1 0.008415 -2.143 -1.683 -2.865 -3.337 -3.919 -4.494 -4.77 -4.036 -4.829 -3.689 -4.1 -4.648
0.0084736 -0.25 9.95424 1.010279298 2.475042053 0.988 2.81 3.5811 0.9 3 0 0.454 25.31 16.69 11.33 8.83 7.17 3 -2.83e-09 0 0.7104 0.2812 0.001259 0.0006554 0.0037 -1 0.008415 -2.254 -1.75 -2.968 -3.451 -4.041 -4.623 -4.905 -4.162 -4.966 -3.809 -4.225 -4.782
0.0084736 -0.25 9.95424 1.010298848 2.47504605 0.986 2.853 3.5772 0.839 3 0 0.454 28.69 18.6 12.56 9.81 7.97 2 -3.35e-09 0 0.7104 0.2812 0.001259 0.0006554 0.0037 -1 0.008415 -2.363 -1.807 -3.069 -3.564 -4.16 -4.75 -5.039 -4.285 -5.102 -3.928 -4.349 -4.914
0.0084736 -0.25 9.95424 1.010316968 2.475049754 0.984 2.897 3.5732 0.779 3 0 0.454 32.54 20.74 13.94 10.9 8.86 2 -3.98e-09 0 0.7104 0.2812 0.001259 0.0006554 0.0037 -1 0.008415 -2.472 -1.859 -3.17 -3.676 -4.28 -4.877 -5.172 -4.409 -5.237 -4.046 -4.472 -5.047
0.0084736 -0.25 9.95424 1.010333896 2.475053215 0.982 2.94 3.5691 0.718 3 0 0.454 36.9 23.13 15.47 12.12 9.85 2 -4.73e-09 0 0.7104 0.2812 0.001259 0.0006555 0.0037 -1 0.008415 -2.581 -1.907 -3.269 -3.788 -4.4 -5.003 -5.305 -4.533 -5.372 -4.164 -4.595 -5.178
0.0084736 -0.25 9.95424 1.010349393 2.475056383 0.979 2.982 3.5651 0.659 3 0 0.454 41.75 25.73 17.13 13.44 10.93 2 -5.6e-09 0 0.7104 0.2812 0.001259 0.0006555 0.0037 -1 0.008415 -2.686 -1.942 -3.364 -3.898 -4.517 -5.127 -5.434 -4.653 -5.504 -4.28 -4.716 -5.307
0.0084736 -0.25 9.95424 1.010363579 2.475059283 0.976 3.024 3.5611 0.6 3 0 0.454 47.15 28.58 18.93 14.88 12.1 2 -6.6e-09 0 0.7104 0.2812 0.001259 0.0006555 0.0037 -1 0.008415 -2.789 -1.974 -3.457 -4.005 -4.631 -5.248 -5.562 -4.772 -5.634 -4.392 -4.834 -5.433
0.0084736 -0.25 9.95424 1.010376573 2.475061939 0.973 3.064 3.557 0.542 3 0 0.454 53.19 31.72 20.91 16.46 13.39 2 -7.76e-09 0 0.7104 0.2812 0.001259 0.0006555 0.0037 -1 0.008415 -2.89 -1.99 -3.544 -4.11 -4.744 -5.367 -5.687 -4.888 -5.761 -4.503 -4.95 -5.558
0.0084736 -0.25 9.95424 1.010388732 2.475064425 0.97 3.103 3.5529 0.485 3 0 0.454 59.92 35.15 23.06 18.19 14.8 2 -9.11e-09 0 0.7104 0.2812 0.001259 0.0006555 0.0037 -1 0.008415 -2.988 -2 -3.628 -4.214 -4.855 -5.485 -5.81 -5.002 -5.887 -4.612 -5.065 -5.68
0.0084736 -0.25 9.95424 1.010399818 2.475066691 0.966 3.142 3.5488 0.429 3 0 0.454 67.34 38.88 25.39 20.06 16.33 1 -1.07e-08 0 0.7104 0.2812 0.001259 0.0006555 0.0037 -1 0.008415 -3.084 -2.001 -3.708 -4.315 -4.965 -5.599 -5.93 -5.115 -6.009 -4.718 -5.177 -5.799
0.0084736 -0.25 9.95424 1.01041019 2.475068811 0.963 3.179 3.5447 0.373 3 0 0.454 75.64 42.98 27.94 22.1 18 1 -1.24e-08 0 0.7104 0.2812 0.001259 0.0006555 0.0037 -1 0.008415 -3.179 -1.987 -3.783 -4.415 -5.073 -5.712 -6.049 -5.225 -6.131 -4.822 -5.288 -5.917
0.0084736 -0.25 9.95424 1.010419726 2.47507076 0.959 3.216 3.5406 0.318 3 0 0.454 84.66 47.35 30.65 24.28 19.78 1 -1.44e-08 0 0.7104 0.2812 0.001259 0.0006555 0.0037 -1 0.008415 -3.269 -1.968 -3.852 -4.51 -5.176 -5.821 -6.163 -5.332 -6.248 -4.922 -5.394 -6.03
0.0084736 -0.25 9.95424 1.010428905 2.475072637 0.954 3.253 3.5364 0.263 3 0 0.454 95.07 52.32 33.71 26.76 21.79 1 -1.68e-08 0 0.7104 0.2812 0.001259 0.0006555 0.0037 -1 0.008415 -3.361 -1.937 -3.917 -4.607 -5.284 -5.932 -6.28 -5.44 -6.367 -5.024 -5.504 -6.146
0.0084736 -0.25 9.95424 1.01043725 2.475074342 0.949 3.288 3.5323 0.209 3 0 0.454 106.34 57.61 36.95 29.37 23.93 1 -1.95e-08 0 0.7104 0.2812 0.001259 0.0006556 0.0037 -1 0.008415 -3.449 -1.902 -3.976 -4.7 -5.386 -6.038 -6.391 -5.545 -6.482 -5.121 -5.608 -6.256
0.0084736 -0.25 9.95424 1.010445356 2.475075999 0.943 3.323 3.5281 0.154 3 0 0.454 119.06 63.48 40.53 32.27 26.3 1 -2.26e-08 0 0.7104 0.2812 0.001259 0.0006556 0.0037 -1 0.008415 -3.538 -1.855 -4.027 -4.792 -5.489 -6.145 -6.503 -5.648 -6.596 -5.218 -5.713 -6.366
0.0084736 -0.25 9.95424 1.010452986 2.475077558 0.938 3.357 3.5241 0.102 3 0 0.454 132.69 69.65 44.28 35.32 28.78 1 -2.6e-08 0 0.7104 0.2812 0.001259 0.0006556 0.0037 -1 0.008415 -3.621 -1.798 -4.065 -4.877 -5.587 -6.245 -6.609 -5.747 -6.706 -5.308 -5.812 -6.471
0.0084736 -0.25 9.95424 1.010460854 2.475079166 0.931 3.39 3.5201 0.049 3 0 0.454 148.19 76.55 48.45 38.71 31.55 1 -3e-08 0 0.7104 0.2812 0.001259 0.0006556 0.0037 -1 0.008415 -3.706 -1.739 -4.104 -4.963 -5.687 -6.347 -6.717 -5.847 -6.817 -5.4 -5.913 -6.578
0.0084736 -0.25 9.95424 1.010460854 2.475079166 0.931 1.711 3.6829 2.379 4 0 0.477 0 0 0 0 0 -1 -1e-30 0 0.7138 0.2778 0.001318 0.0005759 0.003684 -1 0.008379 0.492 0.382 -0.341 -0.613 -1.011 -1.403 -1.548 -1.053 -1.566 -0.822 -1.112 -1.461
0.0084736 -0.25 9.95424 1.010555983 2.475098607 0.931 1.72 3.6822 2.367 4 0 0.477 0 0 0 0 0 -1 -1e-30 0 0.7138 0.2778 0.001318 0.000576 0.003684 -1 0.008379 0.469 0.36 -0.364 -0.638 -1.037 -1.431 -1.576 -1.079 -1.594 -0.848 -1.138 -1.489
0.0084736 -0.25 9.95424 1.010647655 2.475117336 0.931 1.724 3.682 2.363 4 0 0.477 0 0 0 0 0 -1 -1e-30 0 0.7138 0.2778 0.001318 0.0005761 0.003684 -1 0.008379 0.46 0.352 -0.373 -0.647 -1.046 -1.44 -1.586 -1.089 -1.604 -0.857 -1.148 -1.499
0.0084736 -0.25 9.95424 1.010739446 2.475136086 0.931 1.725 3.6822 2.363 4 0 0.477 0 0 0 0 0 -1 -1e-30 0 0.7138 0.2778 0.001318 0.0005762 0.003684 -1 0.008379 0.459 0.35 -0.375 -0.648 -1.047 -1.441 -1.586 -1.089 -1.605 -0.858 -1.148 -1.499
0.0084736 -0.25 9.95424 1.010833621 2.47515532 0.931 1.723 3.6826 2.366 4 0 0.477 0 0 0 0 0 -1 -1e-30 0 0.7138 0.2778 0.001318 0.0005763 0.003684 -1 0.008379 0.461 0.351 -0.372 -0.645 -1.043 -1.436 -1.581 -1.085 -1.599 -0.854 -1.144 -1.494
0.0084736 -0.25 9.95424 1.010928512 2.475174695 0.931 1.722 3.6831 2.37 4 0 0.477 0 0 0 0 0 -1 -1e-30 0 0.7138 0.2778 0.001318 0.0005764 0.003684 -1 0.00838 0.466 0.355 -0.367 -0.639 -1.036 -1.428 -1.573 -1.078 -1.591 -0.848 -1.137 -1.486
0.0084736 -0.25 9.95424 1.011020303 2.475193433 0.931 1.719 3.6836 2.374 4 0 0.477 0 0 0 0 0 -1 -1e-30 0 0.7138 0.2778 0.001318 0.0005765 0.003684 -1 0.00838 0.472 0.359 -0.361 -0.633 -1.029 -1.42 -1.564 -1.07 -1.582 -0.841 -1.129 -1.477
0.0084736 -0.25 9.95424 1.011117935 2.475213359 0.931 1.717 3.6841 2.379 4 0 0.477 0 0 0 0 0 -1 -1e-30 0 0.7138 0.2778 0.001318 0.0005765 0.003684 -1 0.00838 0.478 0.363 -0.355 -0.625 -1.021 -1.411 -1.554 -1.062 -1.572 -0.833 -1.121 -1.468
0.0084736 -0.25 9.95424 1.011213303 2.475232819 0.932 1.715 3.6846 2.383 4 0 0.477 0 0 0 0 0 -1 -1e-30 0 0.7138 0.2779 0.001317 0.0005766 0.003684 -1 0.00838 0.483 0.368 -0.349 -0.619 -1.013 -1.402 -1.545 -1.054 -1.563 -0.826 -1.113 -1.459
0.0084736 -0.25 9.95424 1.011309743 2.475252493 0.932 1.713 3.6851 2.387 4 0 0.477 0 0 0 0 0 -1 -1e-30 0 0.7138 0.2779 0.001317 0.0005767 0.003684 -1 0.008381 0.488 0.371 -0.344 -0.613 -1.007 -1.395 -1.537 -1.047 -1.555 -0.819 -1.106 -1.451
0.0084736 -0.25 9.95424 1.011411071 2.47527316 0.932 1.711 3.6855 2.39 4 0 0.477 0 0 0 0 0 -1 -1e-30 0 0.7138 0.2779 0.001317 0.0005768 0.003684 -1 0.008381 0.493 0.374 -0.339 -0.608 -1.001 -1.388 -1.529 -1.041 -1.548 -0.813 -1.099 -1.443
0.0084736 -0.25 9.95424 1.011511922 2.475293725 0.932 1.709 3.6859 2.394 4 0 0.477 0 0 0 0 0 -1 -1e-30 0 0.7138 0.2779 0.001317 0.0005769 0.003684 -1 0.008381 0.496 0.377 -0.335 -0.603 -0.995 -1.382 -1.523 -1.035 -1.541 -0.808 -1.094 -1.437
0.0084736 -0.25 9.95424 1.011605263 2.475312754 0.932 1.708 3.6863 2.396 4 0 0.477 0 0 0 0 0 -1 -1e-30 0 0.7137 0.2779 0.001317 0.000577 0.003684 -1 0.008381 0.499 0.379 -0.332 -0.6 -0.991 -1.377 -1.518 -1.031 -1.536 -0.804 -1.089 -1.432
0.0084736 -0.25 9.95424 1.011704802 2.475333043 0.932 1.707 3.6866 2.399 4 0 0.477 0 0 0 0 0 -1 -1e-30 0 0.7137 0.2779 0.001317 0.0005771 0.003685 -1 0.008381 0.502 0.38 -0.33 -0.596 -0.987 -1.372 -1.513 -1.027 -1.531 -0.801 -1.085 -1.427
0.0084736 -0.25 9.95424 1.011768341 2.475345991 0.932 1.707 3.6868 2.4 4 0 0.477 0 0 0 0 0 -1 -1e-30 0 0.7137 0.2779 0.001317 0.0005771 0.003685 -1 0.008382 0.503 0.381 -0.328 -0.595 -0.985 -1.37 -1.51 -1.024 -1.528 -0.798 -1.083 -1.424
0.0084736 -0.25 9.95424 1.011802435 2.475352938 0.932 1.706 3.6869 2.401 4 0 0.477 0 0 0 0 0 -1 -1e-30 0 0.7137 0.2779 0.001317 0.0005772 0.003685 -1 0.008382 0.504 0.382 -0.328 -0.594 -0.984 -1.368 -1.508 -1.023 -1.527 -0.797 -1.082 -1.423
0.0084736 -0.25 9.95424 1.011897922 2.475372392 0.932 1.706 3.6872 2.402 4 0 0.477 0 0 0 0 0 -1 -1e-30 0 0.7137 0.2779 0.001317 0.0005773 0.003685 -1 0.008382 0.505 0.382 -0.326 -0.592 -0.982 -1.366 -1.505 -1.021 -1.524 -0.795 -1.079 -1.42
0.0084736 -0.25 9.95424 1.011992812 2.47539172 0.932 1.706 3.6874 2.403 4 0 0.477 0 0 0 0 0 -1 -1e-30 0 0.7137 0.2779 0.001317 0.0005774 0.003685 -1 0.008382 0.506 0.382 -0.325 -0.591 -0.98 -1.364 -1.503 -1.019 -1.521 -0.794 -1.078 -1.418
0.0084736 -0.25 9.95424 1.012086272 2.475410753 0.933 1.706 3.6875 2.404 4 0 0.477 0 0 0 0 0 -1 -1e-30 0 0.7137 0.2779 0.001317 0.0005774 0.003685 -1 0.008382 0.506 0.382 -0.325 -0.59 -0.98 -1.363 -1.502 -1.019 -1.52 -0.793 -1.077 -1.417
0.0084736 -0.25 9.95424 1.012181163 2.475430073 0.933 1.706 3.6877 2.404 4 0 0.477 0 0 0 0 0 -1 -1e-30 0 0.7137 0.2779 0.001317 0.0005775 0.003685 -1 0.008383 0.505 0.381 -0.326 -0.591 -0.98 -1.363 -1.502 -1.019 -1.52 -0.794 -1.077 -1.417
0.0084736 -0.25 9.95424 1.012275934 2.475449365 0.933 1.707 3.6877 2.404 4 0 0.477 0 0 0 0 0 -1 -1e-30 0 0.7137 0.2779 0.001317 0.0005776 0.003685 -1 0.008383 0.503 0.379 -0.328 -0.593 -0.982 -1.364 -1.504 -1.02 -1.522 -0.795 -1.079 -1.418
0.0084736 -0.25 9.95424 1.012372732 2.475469064 0.933 1.708 3.6877 2.403 4 0 0.477 0 0 0 0 0 -1 -1e-30 0 0.7137 0.2779 0.001317 0.0005777 0.003685 -1 0.008383 0.501 0.376 -0.33 -0.595 -0.984 -1.367 -1.506 -1.023 -1.524 -0.798 -1.081 -1.421
0.0084736 -0.25 9.95424 1.012448311 2.475484443 0.933 1.709 3.6876 2.402 4 0 0.476 0 0 0 0 0 -1 -1e-30 0 0.7137 0.2779 0.001317 0.0005778 0.003685 -1 0.008383 0.498 0.374 -0.333 -0.598 -0.987 -1.37 -1.509 -1.026 -1.527 -0.801 -1.084 -1.424
0.0084736 -0.25 9.95424 1.012489438 2.47549281 0.933 1.71 3.6876 2.401 4 0 0.476 0 0 0 0 0 -1 -1e-30 0 0.7137 0.2779 0.001317 0.0005778 0.003685 -1 0.008383 0.496 0.372 -0.335 -0.6 -0.989 -1.372 -1.512 -1.028 -1.53 -0.803 -1.087 -1.426
0.0084736 -0.25 9.95424 1.012574911 2.475510197 0.933 1.711 3.6874 2.398 4 0 0.476 0 0 0 0 0 -1 -1e-30 0 0.7137 0.2779 0.001317 0.0005779 0.003685 -1 0.008383 0.491 0.368 -0.34 -0.605 -0.995 -1.378 -1.517 -1.033 -1.535 -0.808 -1.092 -1.432
0.0084736 -0.25 9.95424 1.012660027 2.475527507 0.933 1.714 3.6872 2.395 4 0 0.476 0 0 0 0 0 -1 -1e-30 0 0.7137 0.2779 0.001317 0.000578 0.003685 -1 0.008384 0.486 0.363 -0.346 -0.611 -1.001 -1.385 -1.524 -1.04 -1.543 -0.815 -1.099 -1.439
0.0084736 -0.25 9.95424 1.012750506 2.475545905 0.933 1.717 3.6869 2.391 4 0 0.476 0 0 0 0 0 -1 -1e-30 0 0.7137 0.2779 0.001316 0.0005781 0.003685 -1 0.008384 0.478 0.356 -0.353 -0.619 -1.01 -1.394 -1.534 -1.049 -1.552 -0.823 -1.107 -1.449
0.0084736 -0.25 9.95424 1.012842059 2.475564518 0.933 1.72 3.6866 2.386 4 0 0.476 0 0 0 0 0 -1 -1e-30 0 0.7137 0.2779 0.001316 0.0005781 0.003685 -1 0.008384 0.469 0.348 -0.363 -0.629 -1.02 -1.405 -1.546 -1.06 -1.564 -0.833 -1.118 -1.46
0.0084736 -0.25 9.95424 1.012927532 2.47558189 0.934 1.725 3.6861 2.38 4 0 0.476 0 0 0 0 0 -1 -1e-30 0 0.7137 0.2779 0.001316 0.0005782 0.003685 -1 0.008384 0.459 0.339 -0.373 -0.641 -1.032 -1.418 -1.559 -1.072 -1.577 -0.845 -1.131 -1.473
0.0084736 -0.25 9.95424 1.013014555 2.475599575 0.934 1.729 3.6857 2.374 4 0 0.476 0 0 0 0 0 -1 -1e-30 0 0.7137 0.2779 0.001316 0.0005783 0.003685 -1 0.008384 0.447 0.328 -0.385 -0.653 -1.046 -1.432 -1.574 -1.086 -1.592 -0.858 -1.144 -1.488
0.0084736 -0.25 9.95424 1.013099909 2.475616917 0.934 1.734 3.6852 2.367 4 0 0.476 0 0 0 0 0 -1 -1e-30 0 0.7137 0.2779 0.001316 0.0005784 0.003685 -1 0.008385 0.435 0.317 -0.398 -0.667 -1.06 -1.448 -1.59 -1.1 -1.608 -0.873 -1.159 -1.504
0.0084736 -0.25 9.95424 1.013187051 2.475634618 0.934 1.741 3.6844 2.357 4 0 0.476 0 0 0 0 0 -1 -1e-30 0 0.7137 0.2779 0.001316 0.0005785 0.003685 -1 0.008385 0.417 0.302 -0.416 -0.686 -1.08 -1.469 -1.612 -1.121 -1.63 -0.892 -1.18 -1.526
0.0084736 -0.25 9.95424 1.013280153 2.475653527 0.934 1.751 3.6835 2.344 4 0 0.476 0 0 0 0 0 -1 -1e-30 0 0.7137 0.2779 0.001316 0.0005785 0.003685 -1 0.008385 0.394 0.281 -0.44 -0.711 -1.108 -1.499 -1.642 -1.149 -1.661 -0.919 -1.208 -1.556
0.0084736 -0.25 9.95424 1.013355613 2.475668849 0.934 1.756 3.6829 2.336 4 0 0.476 0 0 0 0 0 -1 -1e-30 0 0.7137 0.278 0.001316 0.0005786 0.003685 -1 0.008385 0.38 0.269 -0.454 -0.726 -1.123 -1.516 -1.66 -1.165 -1.678 -0.935 -1.224 -1.573
0.0084736 -0.25 9.95424 1.013444662 2.475686928 0.934 1.771 3.6814 2.315 4 0 0.476 0 0 0 0 0 -1 -1e-30 0 0.7137 0.278 0.001316 0.0005787 0.003685 -1 0.008385 0.343 0.236 -0.491 -0.766 -1.166 -1.561 -1.707 -1.209 -1.726 -0.977 -1.268 -1.62
0.0084736 -0.25 9.95424 1.013531327 2.475704519 0.934 1.801 3.6783 2.272 4 0 0.476 0 0 0 0 0 -1 -1e-30 0 0.7137 0.278 0.001316 0.0005788 0.003685 -1 0.008386 0.266 0.168 -0.569 -0.849 -1.254 -1.656 -1.805 -1.299 -1.824 -1.064 -1.359 -1.717
0.0084736 -0.25 9.95424 1.013581395 2.47571468 0.934 1.837 3.6747 2.222 4 0 0.476 0 0 0 0 0 -1 -1e-30 0 0.7137 0.278 0.001316 0.0005788 0.003685 -1 0.008386 0.176 0.09 -0.66 -0.945 -1.357 -1.766 -1.92 -1.405 -1.939 -1.165 -1.465 -1.831
0.0084736 -0.25 9.95424 1.013606787 2.475719833 0.934 1.876 3.6709 2.168 4 0 0.476 0 0 0 0 0 -1 -1e-30 0 0.7136 0.278 0.001316 0.0005789 0.003685 -1 0.008386 0.08 0.005 -0.757 -1.049 -1.468 -1.885 -2.043 -1.518 -2.062 -1.274 -1.578 -1.952
0.0084736 -0.25 9.95424 1.013620257 2.475722566 0.934 1.915 3.6671 2.114 4 0 0.476 0 0 0 0 0 -1 -1e-30 0 0.7136 0.278 0.001316 0.0005789 0.003685 -1 0.008386 -0.018 -0.079 -0.855 -1.153 -1.579 -2.003 -2.166 -1.632 -2.186 -1.384 -1.693 -2.074
0.0084736 -0.25 9.95424 1.013627052 2.475723945 0.934 1.953 3.6635 2.061 4 0 0.476 0 0 0 0 0 -1 -1e-30 0 0.7136 0.278 0.001316 0.0005789 0.003685 -1 0.008386 -0.112 -0.161 -0.949 -1.254 -1.686 -2.118 -2.285 -1.742 -2.305 -1.489 -1.803 -2.192
0.0084736 -0.25 9.95424 1.013630986 2.475724743 0.934 1.99 3.6599 2.01 4 0 0.476 0 0 0 0 0 -1 -1e-30 0 0.7136 0.278 0.001316 0.0005789 0.003685 -1 0.008386 -0.206 -0.242 -1.043 -1.353 -1.791 -2.231 -2.403 -1.851 -2.423 -1.594 -1.912 -2.309
0.0084736 -0.25 9.95424 1.013633251 2.475725203 0.934 2.026 3.6567 1.962 4 0 0.476 0 0 0 0 0 -1 -1e-30 0 0.7136 0.278 0.001316 0.0005789 0.003685 -1 0.008386 -0.294 -0.317 -1.129 -1.445 -1.89 -2.335 -2.51 -1.95 -2.532 -1.69 -2.012 -2.414
0.0084736 -0.25 9.95424 1.013634801 2.475725517 0.934 2.057 3.6538 1.919 4 0 0.476 0 0 0 0 0 -1 -1e-30 0 0.7136 0.278 0.001316 0.0005789 0.003685 -1 0.008386 -0.372 -0.384 -1.205 -1.527 -1.976 -2.425 -2.603 -2.038 -2.627 -1.775 -2.1 -2.507
0.0084736 -0.25 9.95424 1.01363492 2.475725542 0.934 2.059 3.6536 1.916 7 0 0.476 0 0 0 0 0 -1 -1.25e-20 0 0.7136 0.2773 0.001316 0.0005789 0.003685 -1 0.009096 -0.377 -0.389 -1.21 -1.532 -1.982 -2.431 -2.609 -2.044 -2.633 -1.781 -2.106 -2.513
0.0084736 -0.25 9.95424 1.013635755 2.475725711 0.934 2.08 3.6517 1.887 7 0 0.476 0 0 0 0 0 -1 -1.32e-20 0 0.7136 0.2773 0.001316 0.0005789 0.003685 -1 0.009096 -0.431 -0.435 -1.262 -1.588 -2.042 -2.494 -2.674 -2.105 -2.699 -1.839 -2.167 -2.576
0.0084736 -0.25 9.95424 1.013637543 2.475726074 0.934 2.124 3.6478 1.828 7 0 0.476 0 0 0 0 0 -1 -1.48e-20 0 0.7136 0.2773 0.001316 0.0005789 0.003685 -1 0.009096 -0.54 -0.528 -1.367 -1.701 -2.162 -2.619 -2.803 -2.226 -2.83 -1.957 -2.289 -2.704
0.0084736 -0.25 9.95424 1.013639212 2.475726412 0.934 2.158 3.6448 1.781 7 0 0.476 0 0 0 0 0 -1 -1.63e-20 0 0.7136 0.2773 0.001316 0.0005789 0.003685 -1 0.009096 -0.625 -0.599 -1.449 -1.789 -2.256 -2.717 -2.904 -2.321 -2.934 -2.048 -2.384 -2.804
0.0084736 -0.25 9.95424 1.013643622 2.475727307 0.934 2.167 3.644 1.769 7 0 0.476 0 0 0 0 0 -1 -1.66e-20 0 0.7136 0.2773 0.001316 0.0005789 0.003685 -1 0.009096 -0.648 -0.619 -1.471 -1.813 -2.281 -2.743 -2.931 -2.347 -2.961 -2.073 -2.41 -2.831
0.0084736 -0.25 9.95424 1.013648629 2.475728323 0.934 2.145 3.646 1.799 7 0 0.476 0 0 0 0 0 -1 -1.55e-20 0 0.7136 0.2773 0.001316 0.0005789 0.003685 -1 0.009096 -0.593 -0.573 -1.418 -1.756 -2.22 -2.679 -2.866 -2.285 -2.894 -2.014 -2.348 -2.766
0.0084736 -0.25 9.95424 1.013694763 2.475737683 0.933 2.131 3.6472 1.818 7 0 0.476 0 0 0 0 0 -1 -9.54e-14 0 0.7136 0.2768 0.001316 0.0005789 0.003685 -1 0.009519 -0.557 -0.542 -1.383 -1.719 -2.181 -2.638 -2.823 -2.245 -2.851 -1.975 -2.308 -2.724
0.0084736 -0.25 9.95424 1.013744474 2.475747768 0.932 2.151 3.6453 1.79 7 0 0.476 0 0 0 0 0 -1 -9.59e-10 0 0.7136 0.2766 0.001316 0.000579 0.003685 -1 0.009764 -0.607 -0.584 -1.432 -1.771 -2.236 -2.696 -2.883 -2.301 -2.912 -2.029 -2.364 -2.783
0.0084736 -0.25 9.95424 1.013775826 2.475754128 0.931 2.186 3.6422 1.742 7 0 0.476 0 0 0 0 0 -1 -1.15e-09 0 0.7136 0.2766 0.001316 0.000579 0.003685 -1 0.009764 -0.694 -0.656 -1.514 -1.86 -2.331 -2.795 -2.986 -2.398 -3.017 -2.122 -2.461 -2.885
0.0084736 -0.25 9.95424 1.013806581 2.475760366 0.93 2.222 3.639 1.693 7 0 0.476 0 0 0 0 0 -1 -1.39e-09 0 0.7136 0.2766 0.001316 0.000579 0.003685 -1 0.009764 -0.784 -0.731 -1.6 -1.952 -2.43 -2.898 -3.093 -2.498 -3.126 -2.219 -2.561 -2.99
0.0084736 -0.25 9.95424 1.013836145 2.475766363 0.929 2.261 3.6355 1.638 7 0 0.476 0 0 0 0 0 -1 -1.72e-09 0 0.7136 0.2766 0.001316 0.0005791 0.003685 -1 0.009764 -0.884 -0.813 -1.693 -2.054 -2.538 -3.011 -3.209 -2.607 -3.245 -2.324 -2.671 -3.105
0.0084736 -0.25 9.95424 1.013861895 2.475771585 0.927 2.301 3.632 1.584 7 0 0.476 0 0 0 0 0 -1 -2.12e-09 0 0.7136 0.2766 0.001316 0.0005791 0.003685 -1 0.009764 -0.983 -0.894 -1.787 -2.155 -2.647 -3.124 -3.327 -2.717 -3.365 -2.43 -2.781 -3.221
0.0084736 -0.25 9.95424 1.013884902 2.475776251 0.926 2.342 3.6284 1.528 7 0 0.476 0 0 0 0 0 -1 -2.64e-09 0 0.7136 0.2766 0.001316 0.0005791 0.003685 -1 0.009764 -1.085 -0.975 -1.881 -2.257 -2.756 -3.238 -3.445 -2.828 -3.486 -2.537 -2.892 -3.338
0.0084736 -0.25 9.95424 1.013905406 2.475780409 0.924 2.383 3.6248 1.472 7 0 0.476 0 0 0 0 0 -1 -3.25e-09 0 0.7136 0.2766 0.001316 0.0005791 0.003685 -1 0.009764 -1.187 -1.056 -1.977 -2.361 -2.868 -3.355 -3.568 -2.941 -3.611 -2.646 -3.006 -3.459
0.0084736 -0.25 9.95424 1.013923645 2.475784107 0.922 2.424 3.6212 1.415 7 0 0.476 0 0 0 0 0 -1 -4.06e-09 0 0.7136 0.2766 0.001316 0.0005792 0.003685 -1 0.009764 -1.29 -1.136 -2.076 -2.467 -2.98 -3.476 -3.694 -3.058 -3.738 -2.758 -3.122 -3.583
0.0084736 -0.25 9.95424 1.013939858 2.475787395 0.92 2.465 3.6176 1.359 7 0 0.476 0 0 0 0 0 -1 -5.02e-09 0 0.7136 0.2766 0.001316 0.0005792 0.003685 -1 0.00976 -1.393 -1.215 -2.173 -2.573 -3.093 -3.596 -3.819 -3.173 -3.865 -2.869 -3.238 -3.708
0.0084736 -0.25 9.95424 1.013954639 2.475790392 0.917 2.506 3.614 1.302 7 0 0.476 10.65 7.91 5.54 4.28 3.47 3 -6.19e-09 0 0.7136 0.2766 0.001316 0.0005792 0.003685 -1 0.009757 -1.495 -1.292 -2.27 -2.677 -3.204 -3.715 -3.944 -3.288 -3.991 -2.979 -3.353 -3.831
0.0084736 -0.25 9.95424 1.013968229 2.475793148 0.914 2.547 3.6104 1.246 7 0 0.476 11.98 8.75 6.1 4.73 3.83 3 -7.62e-09 0 0.7136 0.2766 0.001315 0.0005794 0.003685 -1 0.009757 -1.597 -1.369 -2.366 -2.781 -3.315 -3.834 -4.068 -3.403 -4.117 -3.09 -3.468 -3.954
0.0084736 -0.25 9.95424 1.013981223 2.475795782 0.911 2.588 3.6048 1.181 7 0 0.475 13.72 9.84 6.83 5.29 4.29 3 -9.44e-09 0 0.7136 0.2766 0.001313 0.0005804 0.003685 -1 0.009738 -1.701 -1.428 -2.46 -2.887 -3.432 -3.963 -4.206 -3.526 -4.257 -3.205 -3.591 -4.091
0.0084736 -0.25 9.95424 1.013993144 2.475798199 0.907 2.629 3.5979 1.11 7 0 0.474 15.88 11.16 7.7 5.98 4.85 3 -1.17e-08 0 0.7136 0.2766 0.00131 0.0005834 0.003685 -1 0.00973 -1.803 -1.473 -2.55 -2.992 -3.55 -4.097 -4.351 -3.652 -4.405 -3.322 -3.716 -4.233
0.0084736 -0.25 9.95424 1.014004946 2.475800592 0.903 2.671 3.5941 1.051 7 0 0.472 17.96 12.41 8.52 6.63 5.38 3 -1.45e-08 0 0.7136 0.2767 0.001304 0.0005894 0.003685 -1 0.009716 -1.908 -1.542 -2.648 -3.098 -3.664 -4.218 -4.479 -3.77 -4.534 -3.435 -3.834 -4.36
0.0084736 -0.25 9.95424 1.014016032 2.475802839 0.897 2.713 3.5902 0.991 7 0 0.47 20.34 13.81 9.43 7.36 5.97 3 -1.79e-08 0 0.7136 0.2767 0.001298 0.0005968 0.003685 -1 0.009724 -2.012 -1.61 -2.744 -3.204 -3.777 -4.34 -4.608 -3.888 -4.665 -3.547 -3.952 -4.487
0.0084736 -0.25 9.95424 1.014026403 2.475804942 0.891 2.754 3.5861 0.93 7 0 0.467 23.05 15.37 10.45 8.17 6.63 2 -2.23e-08 0 0.7136 0.2767 0.001292 0.0006043 0.003685 -1 0.009736 -2.115 -1.668 -2.839 -3.31 -3.89 -4.461 -4.736 -4.005 -4.794 -3.659 -4.069 -4.614
0.0084736 -0.25 9.95424 1.014036298 2.475806948 0.883 2.796 3.5819 0.868 7 0 0.465 26.25 17.18 11.62 9.1 7.39 2 -2.79e-08 0 0.7136 0.2767 0.001287 0.000611 0.003685 -1 0.009741 -2.22 -1.725 -2.936 -3.418 -4.006 -4.585 -4.867 -4.125 -4.928 -3.774 -4.189 -4.744
0.0084736 -0.25 9.95424 1.014043927 2.475808494 0.876 2.836 3.5777 0.808 7 0 0.464 29.71 19.11 12.86 10.09 8.19 2 -3.43e-08 0 0.7136 0.2767 0.001282 0.0006162 0.003685 -1 0.009718 -2.32 -1.771 -3.027 -3.521 -4.117 -4.704 -4.992 -4.24 -5.055 -3.883 -4.304 -4.868
0.0084736 -0.25 9.95424 1.014048934 2.475809509 0.871 2.871 3.5741 0.756 7 0 0.463 33.1 20.96 14.04 11.03 8.96 2 -4.09e-08 0 0.7136 0.2767 0.001279 0.0006203 0.003685 -1 0.009691 -2.406 -1.806 -3.106 -3.611 -4.213 -4.807 -5.101 -4.341 -5.166 -3.979 -4.404 -4.976
0.0084736 -0.25 9.95424 1.014052987 2.475810331 0.865 2.907 3.5701 0.7 7 0 0.461 37.13 23.13 15.43 12.14 9.86 2 -4.89e-08 0 0.7136 0.2767 0.001275 0.0006244 0.003685 -1 0.009686 -2.499 -1.843 -3.19 -3.706 -4.316 -4.917 -5.217 -4.447 -5.284 -4.08 -4.51 -5.091
0.0084736 -0.25 9.95424 1.014056683 2.47581108 0.859 2.947 3.5658 0.641 7 0 0.46 42.03 25.72 17.07 13.46 10.93 2 -5.94e-08 0 0.7136 0.2767 0.001272 0.0006281 0.003685 -1 0.009691 -2.596 -1.864 -3.276 -3.808 -4.426 -5.034 -5.341 -4.561 -5.411 -4.189 -4.624 -5.214
0.0084736 -0.25 9.95424 1.01406002 2.475811757 0.853 2.986 3.5612 0.579 7 0 0.46 47.73 28.67 18.93 14.95 12.15 1 -7.27e-08 0 0.7135 0.2767 0.00127 0.0006312 0.003685 -1 0.009737 -2.695 -1.882 -3.363 -3.912 -4.538 -5.154 -5.467 -4.677 -5.539 -4.298 -4.74 -5.339
0.0084736 -0.25 9.95424 1.014063001 2.475812361 0.846 3.022 3.5568 0.523 7 0 0.459 53.71 31.7 20.83 16.48 13.4 1 -8.75e-08 0 0.7135 0.2767 0.001268 0.0006335 0.003685 -1 0.009735 -2.785 -1.882 -3.438 -4.006 -4.64 -5.263 -5.583 -4.783 -5.657 -4.398 -4.846 -5.453
0.0084736 -0.25 9.95424 1.014066219 2.475813013 0.836 3.065 3.5514 0.453 7 0 0.458 62.09 35.86 23.43 18.58 15.11 1 -1.1e-07 0 0.7135 0.2767 0.001267 0.0006351 0.003685 -1 0.009717 -2.892 -1.87 -3.527 -4.12 -4.764 -5.395 -5.723 -4.912 -5.801 -4.519 -4.975 -5.592
0.0084736 -0.25 9.95424 1.014069438 2.475813666 0.824 3.105 3.546 0.384 7 0 0.458 71.53 40.42 26.26 20.88 16.97 1 -1.37e-07 0 0.7135 0.2767 0.001266 0.0006359 0.003685 -1 0.009715 -2.993 -1.836 -3.604 -4.228 -4.883 -5.521 -5.856 -5.035 -5.937 -4.633 -5.097 -5.724
0.0084736 -0.25 9.95424 1.014073014 2.475814391 0.807 3.146 3.5403 0.312 7 0 0.458 83.04 45.83 29.59 23.58 19.18 1 -1.73e-07 0 0.7135 0.2767 0.001266 0.000636 0.003685 -1 0.009715 -3.094 -1.783 -3.675 -4.335 -5.003 -5.648 -5.991 -5.158 -6.075 -4.747 -5.221 -5.857
0.0084736 -0.25 9.95424 1.014076471 2.475815091 0.786 3.186 3.5342 0.237 7 0 0.458 97 52.19 33.48 26.76 21.76 1 -2.22e-07 0 0.7135 0.2767 0.001266 0.0006361 0.003685 -1 0.009715 -3.195 -1.704 -3.734 -4.443 -5.125 -5.775 -6.126 -5.282 -6.215 -4.861 -5.345 -5.991
0.0084736 -0.25 9.95424 1.014077187 2.475815236 0.781 3.169 3.536 0.257 7 0 0.458 92.71 50.17 32.24 25.76 20.95 1 -2.11e-07 0 0.7135 0.2767 0.001266 0.0006361 0.003685 -1 0.009715 -3.153 -1.715 -3.705 -4.399 -5.077 -5.725 -6.074 -5.234 -6.162 -4.816 -5.297 -5.94
0.0084736 -0.25 9.95424 1.014077783 2.475815357 0.777 3.151 3.5382 0.282 7 0 0.458 87.88 47.91 30.85 24.63 20.03 1 -1.97e-07 0 0.7135 0.2768 0.001265 0.0006367 0.003685 -1 0.009696 -3.108 -1.735 -3.674 -4.351 -5.024 -5.67 -6.016 -5.18 -6.102 -4.765 -5.243 -5.882
0.0084736 -0.25 9.95424 1.014077902 2.475815381 0.777 3.128 3.5414 0.318 7 0 0.458 81.42 44.89 28.98 23.13 18.8 1 -1.81e-07 0 0.7135 0.2768 0.001265 0.0006367 0.003685 -1 0.009696 -3.049 -1.768 -3.636 -4.289 -4.954 -5.597 -5.939 -5.109 -6.023 -4.7 -5.172 -5.806
0.0084736 -0.25 9.95424 1.014078259 2.475815454 0.775 3.175 3.5353 0.246 7 0 0.458 94.87 51.12 32.81 26.23 21.33 1 -2.21e-07 0 0.7135 0.2768 0.001265 0.0006367 0.003685 -1 0.009696 -3.166 -1.707 -3.713 -4.413 -5.092 -5.741 -6.091 -5.249 -6.179 -4.83 -5.312 -5.956
0.0084736 -0.25 9.95424 1.014078498 2.475815502 0.773 3.208 3.5308 0.194 7 0 0.458 105.97 56.16 35.9 28.74 23.38 1 -2.56e-07 0 0.7135 0.2768 0.001265 0.0006367 0.003685 -1 0.009696 -3.249 -1.654 -3.764 -4.501 -5.191 -5.844 -6.2 -5.349 -6.291 -4.923 -5.413 -6.064
0.0084736 -0.25 9.95424 1.014078617 2.475815526 0.772 3.225 3.5285 0.167 7 0 0.458 112.11 58.91 37.57 30.1 24.49 1 -2.77e-07 0 0.7135 0.2768 0.001265 0.0006367 0.003685 -1 0.009696 -3.291 -1.619 -3.783 -4.544 -5.241 -5.896 -6.255 -5.4 -6.348 -4.969 -5.464 -6.118
0.0084736 -0.25 9.95424 1.014078855 2.475815575 0.77 3.249 3.525 0.127 7 0 0.458 121.96 63.27 40.22 32.26 26.25 1 -3.09e-07 0 0.7135 0.2768 0.001265 0.0006367 0.003685 -1 0.009696 -3.353 -1.558 -3.805 -4.606 -5.315 -5.972 -6.336 -5.474 -6.431 -5.037 -5.539 -6.198
0.0084736 -0.25 9.95424 1.014079094 2.475815623 0.767 3.279 3.5209 0.08 7 0 0.458 134.48 68.86 43.6 35.03 28.5 1 -3.51e-07 0 0.7135 0.2768 0.001265 0.000637 0.003685 -1 0.009696 -3.426 -1.484 -3.83 -4.68 -5.402 -6.063 -6.432 -5.562 -6.531 -5.116 -5.628 -6.293
0.0084736 -0.25 9.95424 1.014079332 2.475815671 0.764 3.299 3.518 0.046 7 0 0.458 141.39 73.07 46.14 37.11 30.2 1 -3.84e-07 0 0.7135 0.2768 0.001265 0.0006374 0.003685 -1 0.009696 -3.477 -1.423 -3.838 -4.73 -5.462 -6.125 -6.498 -5.622 -6.599 -5.17 -5.69 -6.358
0.0084736 -0.25 9.95424 1.014079809 2.475815768 0.759 3.33 3.5132 -0.007 7 0 0.458 153.21 80.38 50.53 40.7 33.13 1 -4.52e-07 0 0.7135 0.2768 0.001265 0.0006378 0.003685 -1 0.009696 -3.556 -1.309 -3.837 -4.804 -5.558 -6.223 -6.601 -5.716 -6.707 -5.254 -5.785 -6.459
0.0084736 -0.25 9.95424 1.014080167 2.475815841 0.751 3.362 3.5083 -0.063 7 0 0.458 166.32 88.64 55.47 44.76 36.44 0 -5.28e-07 0.01 0.7135 0.2768 0.001265 0.0006379 0.003685 -1 0.009696 -3.635 -1.188 -3.831 -4.879 -5.654 -6.322 -6.704 -5.811 -6.815 -5.339 -5.882 -6.561
0.0084736 -0.25 9.95424 1.014080882 2.475815986 0.739 3.393 3.5035 -0.12 7 0.524 0.457 180.65 97.92 60.98 49.31 40.15 0 -6.25e-07 0.01 0.7135 0.2768 0.001264 0.0006382 0.003685 -1 0.009696 -3.712 -1.07 -3.817 -4.948 -5.747 -6.417 -6.802 -5.902 -6.92 -5.42 -5.975 -6.658
0.0084736 -0.25 9.95424 1.014081478 2.475816106 0.726 3.412 3.5004 -0.159 8 0.524 0.479 190.62 104.56 64.89 52.56 42.79 0 -7.13e-07 0.01 0.7135 0.278 0.001326 0.0006395 0.003694 -1 0.008404 -3.759 -0.991 -3.804 -4.989 -5.805 -6.476 -6.863 -5.958 -6.985 -5.471 -6.032 -6.718
0.0084736 -0.25 9.95424 1.014081478 2.475816106 0.725 3.153 3.5348 0.237 8 0.524 0.479 95.7 51.1 32.75 26.25 21.33 1 -2.46e-07 0 0.7135 0.278 0.001326 0.0006395 0.003694 -1 0.008404 -3.112 -1.637 -3.655 -4.359 -5.039 -5.689 -6.04 -5.197 -6.128 -4.777 -5.26 -5.905
0.0084736 -0.25 9.95424 1.014081597 2.475816131 0.724 3.02 3.5546 0.447 8 0.524 0.479 61.06 34.9 22.75 18.13 14.73 1 -1.41e-07 0 0.7135 0.278 0.001326 0.0006395 0.003694 -1 0.008404 -2.781 -1.827 -3.427 -4.006 -4.644 -5.269 -5.593 -4.789 -5.669 -4.4 -4.852 -5.463
0.0084736 -0.25 9.95424 1.014081597 2.475816131 0.721 2.853 3.5796 0.714 8 0.524 0.479 34.59 21.54 14.35 11.36 9.21 1 -6.85e-08 0 0.7135 0.278 0.001326 0.0006395 0.003694 -1 0.008404 -2.362 -1.841 -3.075 -3.564 -4.158 -4.737 -5.023 -4.277 -5.087 -3.923 -4.34 -4.899
0.0084736 -0.25 9.95424 1.014081717 2.475816155 0.718 2.874 3.5769 0.68 8 0.524 0.479 37.15 22.88 15.2 12.05 9.77 1 -7.64e-08 0 0.7135 0.278 0.001326 0.0006395 0.003694 -1 0.008404 -2.414 -1.854 -3.121 -3.619 -4.217 -4.801 -5.092 -4.339 -5.157 -3.981 -4.403 -4.968
0.0084736 -0.25 9.95424 1.014081955 2.475816203 0.713 2.998 3.5589 0.48 8 0.525 0.479 56.78 32.76 21.42 17.06 13.85 1 -1.35e-07 0 0.7135 0.2781 0.001326 0.0006395 0.003694 -1 0.008404 -2.726 -1.866 -3.387 -3.945 -4.576 -5.194 -5.512 -4.717 -5.587 -4.334 -4.78 -5.383
0.0084736 -0.25 9.95424 1.014082074 2.475816227 0.707 3.157 3.5359 0.226 8 0.525 0.479 97.55 51.77 33.15 26.6 21.61 1 -2.72e-07 0 0.7135 0.2781 0.001326 0.0006395 0.003694 -1 0.008404 -3.123 -1.678 -3.673 -4.369 -5.047 -5.695 -6.045 -5.203 -6.133 -4.786 -5.267 -5.91
0.0084736 -0.25 9.95424 1.014082313 2.475816276 0.701 3.287 3.5173 0.018 8 0.525 0.479 143.14 75.23 47.35 38.21 31.08 1 -4.78e-07 0 0.7135 0.2781 0.001326 0.0006395 0.003694 -1 0.008404 -3.447 -1.359 -3.794 -4.698 -5.434 -6.097 -6.472 -5.594 -6.574 -5.14 -5.662 -6.331
0.0084736 -0.25 9.95424 1.01408267 2.475816348 0.693 3.368 3.5059 -0.113 8 0.525 0.479 174.76 95.13 59.23 47.99 39.05 0 -6.89e-07 0.01 0.7135 0.2781 0.001326 0.0006395 0.003694 -1 0.008404 -3.65 -1.097 -3.796 -4.888 -5.677 -6.345 -6.729 -5.832 -6.845 -5.355 -5.904 -6.586
0.0084736 -0.25 9.95424 1.014082909 2.475816396 0.685 3.408 3.5008 -0.179 8 0.525 0.479 192.74 106.83 66.15 53.71 43.71 0 -8.42e-07 0.01 0.7135 0.2781 0.001326 0.0006395 0.003694 -1 0.008404 -3.75 -0.984 -3.796 -4.978 -5.793 -6.464 -6.852 -5.946 -6.975 -5.459 -6.021 -6.708
0.0084736 -0.25 9.95424 1.014083266 2.475816469 0.676 3.424 3.4994 -0.207 8 0.525 0.479 191.05 -1 -1 -1 -1 0 -9.39e-07 0.02 0.7135 0.2781 0.001326 0.0006395 0.003694 -1 0.008404 -3.79 -0.96 -3.803 -5.012 -5.836 -6.508 -6.898 -5.988 -7.023 -5.498 -6.063 -6.752
0.0084736 -0.25 9.95424 1.014083624 2.475816541 0.666 3.43 3.4994 -0.219 8 0.526 0.479 185.92 -1 -1 -1 -1 0 -1.01e-06 0.02 0.7135 0.2781 0.001326 0.0006395 0.003694 -1 0.008404 -3.805 -0.97 -3.816 -5.026 -5.85 -6.522 -6.913 -6.003 -7.039 -5.512 -6.078 -6.767
0.0084736 -0.25 9.95424 1.014083624 2.475816541 0.665 3.226 3.5297 0.105 8 0.526 0.479 122.64 63.37 40.15 32.38 26.31 1 -4.43e-07 0 0.7135 0.2781 0.001326 0.0006395 0.003694 -1 0.008404 -3.296 -1.656 -3.798 -4.546 -5.24 -5.894 -6.253 -5.399 -6.347 -4.969 -5.463 -6.116
0.0084736 -0.25 9.95424 1.014083743 2.475816566 0.663 3.044 3.5569 0.396 8 0.526 0.479 67.1 37.45 24.29 19.44 15.78 1 -2.07e-07 0 0.7135 0.2781 0.001326 0.0006395 0.003694 -1 0.008404 -2.839 -1.935 -3.493 -4.062 -4.697 -5.315 -5.637 -4.838 -5.714 -4.453 -4.901 -5.507
0.0084736 -0.25 9.95424 1.014083862 2.47581659 0.661 2.876 3.582 0.662 8 0.526 0.479 37.92 23.13 15.33 12.19 9.88 1 -1.01e-07 0 0.7135 0.2781 0.001326 0.0006395 0.003694 -1 0.008404 -2.42 -1.926 -3.139 -3.623 -4.213 -4.784 -5.067 -4.328 -5.131 -3.977 -4.392 -4.944
0.0084736 -0.25 9.95424 1.014083982 2.475816614 0.657 2.897 3.5793 0.627 8 0.526 0.479 40.8 24.59 16.25 12.93 10.49 1 -1.13e-07 0 0.7135 0.2781 0.001326 0.0006395 0.003694 -1 0.008404 -2.473 -1.945 -3.186 -3.677 -4.272 -4.848 -5.137 -4.39 -5.201 -4.035 -4.454 -5.013
0.0084736 -0.25 9.95424 1.014084101 2.475816638 0.652 3.021 3.5614 0.429 8 0.526 0.479 62.4 35.15 22.86 18.29 14.84 1 -1.99e-07 0 0.7135 0.2781 0.001326 0.0006395 0.003694 -1 0.008404 -2.783 -1.971 -3.451 -4.001 -4.628 -5.239 -5.554 -4.766 -5.629 -4.386 -4.828 -5.426
0.0084736 -0.25 9.95424 1.014084339 2.475816686 0.646 3.179 3.5386 0.175 8 0.526 0.479 107.28 55.41 35.3 28.44 23.1 1 -4.01e-07 0 0.7135 0.2781 0.001326 0.0006395 0.003694 -1 0.008404 -3.177 -1.807 -3.745 -4.419 -5.093 -5.736 -6.084 -5.247 -6.173 -4.833 -5.31 -5.95
0.0084736 -0.25 9.95424 1.014084578 2.475816735 0.639 3.308 3.5202 -0.032 8 0.526 0.479 149.68 80.4 50.35 40.81 33.18 0 -7.09e-07 0.01 0.7135 0.2781 0.001326 0.0006395 0.003694 -1 0.008404 -3.5 -1.507 -3.886 -4.748 -5.475 -6.136 -6.51 -5.636 -6.613 -5.185 -5.702 -6.372
0.0084736 -0.25 9.95424 1.014084935 2.475816807 0.63 3.389 3.5089 -0.164 8 0.526 0.479 168.47 -1 -1 -1 -1 0 -1.03e-06 0.02 0.7135 0.2781 0.001326 0.0006395 0.003694 -1 0.008404 -3.702 -1.23 -3.886 -4.936 -5.715 -6.382 -6.769 -5.871 -6.884 -5.397 -5.942 -6.626
0.0084736 -0.25 9.95424 1.014085293 2.47581688 0.621 3.429 3.5039 -0.23 8 0.527 0.479 164.1 -1 -1 -1 -1 0 -1.27e-06 0.03 0.7135 0.2781 0.001326 0.0006395 0.003694 -1 0.008404 -3.803 -1.107 -3.88 -5.022 -5.828 -6.5 -6.891 -5.983 -7.014 -5.497 -6.056 -6.747
0.0084736 -0.25 9.95424 1.01408565 2.475816952 0.611 3.445 3.5024 -0.259 8 0.527 0.479 159.35 -1 -1 -1 -1 0 -1.43e-06 0.03 0.7135 0.2781 0.001326 0.0006395 0.003694 -1 0.008404 -3.843 -1.074 -3.884 -5.054 -5.87 -6.544 -6.938 -6.024 -7.064 -5.535 -6.098 -6.792
0.0084736 -0.25 9.95424 1.014086127 2.475817049 0.6 3.452 3.5025 -0.274 8 0.527 0.479 154.26 -1 -1 -1 -1 0 -1.56e-06 0.04 0.7135 0.2781 0.001326 0.0006395 0.003694 -1 0.008404 -3.86 -1.081 -3.895 -5.067 -5.884 -6.559 -6.954 -6.039 -7.081 -5.548 -6.113 -6.809
0.0084736 -0.25 9.95424 1.01408875 2.47581758 0.528 -9.999 4 1.869 9 0.528 0 0 0 0 0 0 -1 -1e-30 0 0.7135 0.2781 0.001326 0.0006395 0.003694 -1 0.008404 29.767 30.006 29.997 30.035 30.05 30.047 30.047 30.042 30.058 30.026 30.046 30.045
