# downloaded from PARSEC/CMD via ezpadova
# component=bar family=bar component_index=8 logAge=9.95424 MH=-0.25 photometric_system=ubvrijhk
# Zini MH logAge Mini int_IMF Mass logL logTe logg label McoreTP C_O period0 period1 period2 period3 period4 pmode Mloss tau1m X Y Xc Xn Xo Cexcess Z mbolmag Umag Bmag Vmag Rmag Imag Jmag Hmag Kmag
0.0084736 -0.25 9.95424 0.0900000036 1.081689593 0.09 -3.373 3.3848 5.257 1 0 0.545 0 0 0 0 0 -1 -4.18e-17 0 0.7262 0.2652 0.001532 0.0004131 0.003747 -1 0.008515 13.203 22.545 19.832 17.924 15.692 13.419 11.091 10.539 10.279
0.0084736 -0.25 9.95424 0.1000000015 1.171106412 0.1 -3.174 3.4138 5.219 1 0 0.545 0 0 0 0 0 -1 -6.54e-17 0 0.7258 0.2657 0.001532 0.0004131 0.003747 -1 0.008516 12.706 21.98 19.306 17.407 15.189 12.923 10.596 10.044 9.778
0.0084736 -0.25 9.95424 0.1200000048 1.319315474 0.12 -2.91 3.4466 5.165 1 0 0.545 0 0 0 0 0 -1 -1.17e-16 0 0.7248 0.2666 0.001532 0.0004131 0.003747 -1 0.008515 12.045 19.753 17.56 15.786 13.95 11.945 10.013 9.44 9.16
0.0084736 -0.25 9.95424 0.1400000006 1.438452672 0.14 -2.726 3.4661 5.126 1 0 0.545 0 0 0 0 0 -1 -1.73e-16 0 0.7241 0.2674 0.001532 0.0004131 0.003747 -1 0.008515 11.586 18.396 16.46 14.752 13.137 11.318 9.606 9.023 8.743
0.0084736 -0.25 9.95424 0.1528674662 1.503982258 0.153 -2.632 3.475 5.106 1 0 0.545 0 0 0 0 0 -1 -2.1e-16 0 0.7236 0.2679 0.001532 0.0004131 0.003747 -1 0.008515 11.35 17.784 15.953 14.273 12.75 11.017 9.394 8.807 8.53
0.0084736 -0.25 9.95424 0.1599999964 1.537293155 0.16 -2.583 3.4796 5.096 1 0 0.545 0 0 0 0 0 -1 -2.32e-16 0 0.7233 0.2681 0.001532 0.0004131 0.003747 -1 0.008515 11.228 17.473 15.693 14.027 12.551 10.862 9.284 8.696 8.42
0.0084736 -0.25 9.95424 0.1991589218 1.691017888 0.199 -2.368 3.4976 5.047 1 0 0.545 0 0 0 0 0 -1 -3.62e-16 0 0.7222 0.2693 0.001532 0.0004131 0.003747 -1 0.008515 10.689 16.273 14.669 13.051 11.728 10.22 8.794 8.2 7.932
0.0084736 -0.25 9.95424 0.200000003 1.693879086 0.2 -2.364 3.4979 5.046 1 0 0.545 0 0 0 0 0 -1 -3.65e-16 0 0.7222 0.2693 0.001532 0.0004131 0.003747 -1 0.008515 10.679 16.251 14.65 13.034 11.712 10.208 8.785 8.191 7.923
0.0084736 -0.25 9.95424 0.25 1.8403258 0.25 -2.154 3.5126 4.993 1 0 0.545 0 0 0 0 0 -1 -5.61e-16 0 0.7214 0.2701 0.001532 0.0004131 0.003747 -1 0.008515 10.156 15.279 13.791 12.22 10.997 9.621 8.3 7.701 7.442
0.0084736 -0.25 9.95424 0.3000000119 1.952913977 0.3 -1.988 3.523 4.947 1 0 0.545 0 0 0 0 0 -1 -7.91e-16 0 0.7211 0.2704 0.001531 0.0004131 0.003747 -1 0.008515 9.741 14.598 13.171 11.632 10.464 9.171 7.911 7.307 7.056
0.0084736 -0.25 9.95424 0.3500000536 2.043417562 0.35 -1.841 3.5316 4.902 1 0 0.545 0 0 0 0 0 -1 -1.08e-15 0 0.7272 0.2643 0.001532 0.0004131 0.003747 -1 0.008515 9.373 14.036 12.649 11.139 10.011 8.78 7.566 6.956 6.711
0.0084736 -0.25 9.95424 0.4000000358 2.118502481 0.4 -1.692 3.5428 4.855 1 0 0.545 0 0 0 0 0 -1 -1.51e-15 0 0.7274 0.2641 0.001532 0.0004131 0.003747 -1 0.008516 9 13.45 12.098 10.62 9.536 8.38 7.221 6.603 6.366
0.0084736 -0.25 9.95424 0.4500000179 2.182280936 0.45 -1.532 3.5565 4.801 1 0 0.545 0 0 0 0 0 -1 -2.19e-15 0 0.7274 0.2641 0.001532 0.0004131 0.003747 -1 0.008515 8.599 12.823 11.499 10.054 9.017 7.954 6.858 6.229 6.001
0.0084736 -0.25 9.95424 0.5 2.237454153 0.5 -1.36 3.5744 4.747 1 0 0.545 0 0 0 0 0 -1 -3.28e-15 0 0.7274 0.2641 0.001532 0.0004131 0.003747 -1 0.008515 8.17 12.142 10.837 9.428 8.442 7.5 6.481 5.838 5.625
0.0084736 -0.25 9.95424 0.5093017817 2.246841938 0.509 -1.323 3.579 4.736 1 0 0.545 0 0 0 0 0 -1 -3.58e-15 0 0.7318 0.2598 0.001508 0.0004069 0.00369 -1 0.008383 8.078 11.991 10.689 9.29 8.316 7.403 6.401 5.755 5.546
0.0084736 -0.25 9.95424 0.5500000119 2.283658263 0.55 -1.171 3.5979 4.692 1 0 0.545 0 0 0 0 0 -1 -5.15e-15 0 0.7497 0.2425 0.001415 0.0003819 0.003465 -1 0.007859 7.697 11.377 10.09 8.74 7.813 7.007 6.07 5.405 5.223
0.0084736 -0.25 9.95424 0.6000000238 2.321121326 0.6 -0.987 3.6264 4.66 1 0 0.544 0 0 0 0 0 -1 -7.82e-15 0 0.753 0.2392 0.001399 0.0003776 0.003426 -1 0.007794 7.237 10.57 9.299 8.057 7.208 6.534 5.676 4.998 4.864
0.0084736 -0.25 9.95424 0.6208153367 2.334687157 0.621 -0.908 3.6403 4.652 1 0 0.544 0 0 0 0 0 -1 -9.3e-15 0 0.7543 0.238 0.001392 0.000376 0.003411 -1 0.007757 7.04 10.157 8.92 7.746 6.944 6.331 5.514 4.847 4.733
0.0084736 -0.25 9.95424 0.6499999762 2.352035311 0.65 -0.801 3.6593 4.641 1 0 0.544 0 0 0 0 0 -1 -1.18e-14 0 0.756 0.2362 0.001384 0.0003737 0.003391 -1 0.00771 6.774 9.49 8.395 7.324 6.595 6.057 5.302 4.674 4.58
0.0084736 -0.25 9.95424 0.660527885 2.357862376 0.66 -0.764 3.6657 4.636 1 0 0.544 0 0 0 0 0 -1 -1.28e-14 0 0.7568 0.2355 0.00138 0.0003728 0.003383 -1 0.00769 6.679 9.25 8.218 7.18 6.478 5.96 5.226 4.617 4.528
0.0084736 -0.25 9.95424 0.7000001073 2.377926754 0.7 -0.625 3.6892 4.617 1 0 0.544 0 0 0 0 0 -1 -1.75e-14 0 0.7595 0.2329 0.001367 0.0003692 0.003351 -1 0.007662 6.332 8.393 7.605 6.677 6.067 5.605 4.953 4.418 4.341
0.0084736 -0.25 9.95424 0.7034510374 2.379558244 0.703 -0.613 3.6911 4.614 1 0 0.543 0 0 0 0 0 -1 -1.8e-14 0 0.7598 0.2326 0.001364 0.0003688 0.003348 -1 0.007657 6.302 8.324 7.556 6.636 6.033 5.575 4.93 4.4 4.325
0.0084736 -0.25 9.95424 0.7207102776 2.387448933 0.721 -0.553 3.7008 4.603 1 0 0.541 0 0 0 0 0 -1 -2.07e-14 0 0.7613 0.2312 0.001351 0.0003667 0.003332 -1 0.007545 6.152 7.98 7.313 6.433 5.865 5.426 4.814 4.312 4.241
0.0084736 -0.25 9.95424 0.7372355461 2.394607279 0.737 -0.495 3.7098 4.592 1 0 0.538 0 0 0 0 0 -1 -2.36e-14 0 0.7626 0.2299 0.001338 0.0003649 0.003316 -1 0.007537 6.009 7.669 7.092 6.247 5.709 5.287 4.703 4.227 4.161
0.0084736 -0.25 9.95424 0.75 2.399888909 0.75 -0.451 3.7166 4.583 1 0 0.536 0 0 0 0 0 -1 -2.62e-14 0 0.7636 0.2289 0.001329 0.0003634 0.003304 -1 0.007528 5.898 7.438 6.927 6.108 5.591 5.181 4.619 4.162 4.098
0.0084736 -0.25 9.95424 0.7660844922 2.406256924 0.766 -0.396 3.7242 4.567 1 0 0.536 0 0 0 0 0 -1 -3e-14 0 0.7653 0.2272 0.001321 0.0003612 0.003284 -1 0.007481 5.761 7.171 6.731 5.941 5.446 5.048 4.51 4.074 4.013
0.0084736 -0.25 9.95424 0.7821454406 2.412316014 0.782 -0.341 3.7315 4.55 1 0 0.536 0 0 0 0 0 -1 -3.43e-14 0 0.7671 0.2255 0.001312 0.0003589 0.003264 -1 0.007432 5.623 6.912 6.54 5.777 5.302 4.917 4.401 3.984 3.926
0.0084736 -0.25 9.95424 0.7975394726 2.417860882 0.797 -0.288 3.7384 4.533 1 0 0.536 0 0 0 0 0 -1 -3.91e-14 0 0.7688 0.2239 0.001304 0.0003568 0.003245 -1 0.007364 5.49 6.672 6.359 5.623 5.166 4.793 4.297 3.898 3.842
0.0084736 -0.25 9.95424 0.7983130813 2.41813305 0.798 -0.285 3.7387 4.532 1 0 0.536 0 0 0 0 0 -1 -3.94e-14 0 0.7688 0.2238 0.001304 0.0003567 0.003244 -1 0.00736 5.484 6.66 6.35 5.615 5.159 4.786 4.292 3.893 3.838
0.0084736 -0.25 9.95424 0.7995474935 2.418566082 0.799 -0.281 3.7393 4.531 1 0 0.536 0 0 0 0 0 -1 -3.98e-14 0 0.769 0.2236 0.001303 0.0003565 0.003242 -1 0.007353 5.473 6.642 6.336 5.603 5.149 4.776 4.284 3.886 3.831
0.0084736 -0.25 9.95424 0.8132262826 2.423263584 0.813 -0.234 3.7448 4.513 1 0 0.536 0 0 0 0 0 -1 -4.49e-14 0 0.7708 0.2218 0.001294 0.0003541 0.003221 -1 0.007349 5.355 6.436 6.181 5.47 5.03 4.667 4.19 3.805 3.753
0.0084736 -0.25 9.95424 0.8264698982 2.42764168 0.826 -0.188 3.75 4.494 1 0 0.536 0 0 0 0 0 -1 -5.07e-14 0 0.7726 0.2201 0.001286 0.0003518 0.0032 -1 0.007292 5.239 6.24 6.032 5.341 4.915 4.56 4.097 3.724 3.675
0.0084736 -0.25 9.95424 0.8385922909 2.431510033 0.838 -0.145 3.7545 4.476 1 0 0.536 0 0 0 0 0 -1 -5.66e-14 0 0.7743 0.2185 0.001278 0.0003496 0.003181 -1 0.007239 5.132 6.071 5.899 5.224 4.809 4.461 4.01 3.648 3.6
0.0084736 -0.25 9.95424 0.8466261625 2.434003634 0.846 -0.116 3.7574 4.463 1 0 0.536 0 0 0 0 0 -1 -6.11e-14 0 0.7754 0.2174 0.001273 0.0003482 0.003168 -1 0.007206 5.06 5.959 5.81 5.146 4.739 4.394 3.952 3.596 3.55
0.0084736 -0.25 9.95424 0.8571068645 2.437176022 0.856 -0.078 3.7609 4.444 1 0 0.535 0 0 0 0 0 -1 -6.77e-14 0 0.7773 0.2156 0.001263 0.0003458 0.003146 -1 0.007141 4.965 5.818 5.694 5.044 4.645 4.306 3.873 3.525 3.48
0.0084736 -0.25 9.95424 0.8699380159 2.440940427 0.869 -0.03 3.7649 4.419 1 0 0.535 0 0 0 0 0 -1 -7.72e-14 0 0.7796 0.2134 0.001252 0.0003428 0.003119 -1 0.007061 4.846 5.649 5.552 4.918 4.528 4.196 3.773 3.433 3.391
0.0084736 -0.25 9.95424 0.8822615743 2.444437621 0.881 0.016 3.7685 4.393 1 0 0.535 0 0 0 0 0 -1 -8.8e-14 0 0.7818 0.2112 0.001241 0.0003398 0.003093 -1 0.007012 4.729 5.488 5.413 4.794 4.414 4.087 3.673 3.341 3.301
0.0084736 -0.25 9.95424 0.8934133649 2.447506848 0.892 0.06 3.7716 4.367 1 0 0.535 0 0 0 0 0 -1 -9.95e-14 0 0.7839 0.2091 0.001231 0.0003371 0.003068 -1 0.00699 4.62 5.344 5.287 4.681 4.307 3.986 3.58 3.254 3.215
0.0084736 -0.25 9.95424 0.8949391842 2.447919953 0.894 0.066 3.772 4.363 1 0 0.535 0 0 0 0 0 -1 -1.01e-13 0 0.7842 0.2088 0.00123 0.0003367 0.003065 -1 0.006987 4.605 5.324 5.269 4.665 4.293 3.972 3.567 3.243 3.204
0.0084736 -0.25 9.95424 0.8964137435 2.448317643 0.895 0.072 3.7724 4.36 1 0 0.535 0 0 0 0 0 -1 -1.03e-13 0 0.7846 0.2085 0.001228 0.0003362 0.003061 -1 0.006979 4.591 5.306 5.253 4.65 4.279 3.958 3.555 3.231 3.192
0.0084736 -0.25 9.95424 0.9121235609 2.452462963 0.911 0.134 3.7757 4.318 1 0 0.535 0 0 0 0 0 -1 -1.24e-13 0 0.7885 0.2046 0.001208 0.000331 0.003014 -1 0.006869 4.434 5.111 5.076 4.488 4.125 3.81 3.415 3.099 3.062
0.0084736 -0.25 9.95424 0.9253220558 2.455820789 0.924 0.187 3.7777 4.28 1 0 0.534 0 0 0 0 0 -1 -1.45e-13 0 0.7918 0.2014 0.001193 0.0003268 0.002977 -1 0.006768 4.303 4.957 4.932 4.354 3.995 3.684 3.294 2.982 2.946
0.0084736 -0.25 9.95424 0.9359033108 2.45843425 0.934 0.233 3.7791 4.244 1 0 0.534 0 0 0 0 0 -1 -1.67e-13 0 0.7926 0.2007 0.00119 0.0003259 0.002969 -1 0.00676 4.188 4.828 4.809 4.237 3.882 3.573 3.186 2.878 2.842
0.0084736 -0.25 9.95424 0.9392871857 2.459255756 0.938 0.248 3.7794 4.232 1 0 0.534 0 0 0 0 0 -1 -1.75e-13 0 0.7926 0.2007 0.001189 0.000326 0.002969 -1 0.006738 4.15 4.787 4.769 4.199 3.844 3.536 3.15 2.842 2.807
0.0084736 -0.25 9.95424 0.9432522058 2.460209727 0.942 0.266 3.7796 4.216 1 0 0.534 0 0 0 0 0 -1 -1.86e-13 0 0.7926 0.2007 0.00119 0.000326 0.00297 -1 0.006757 4.105 4.739 4.721 4.153 3.799 3.491 3.106 2.799 2.763
0.0084736 -0.25 9.95424 0.9444771409 2.46050258 0.943 0.272 3.7797 4.212 1 0 0.534 0 0 0 0 0 -1 -1.89e-13 0 0.7927 0.2006 0.001189 0.0003259 0.002969 -1 0.00676 4.091 4.724 4.707 4.138 3.785 3.477 3.092 2.785 2.75
0.0084736 -0.25 9.95424 0.9544767737 2.462860966 0.953 0.32 3.7794 4.166 1 0 0.534 0 0 0 0 0 -1 -2.21e-13 0 0.7929 0.2004 0.00119 0.0003261 0.00297 -1 0.006742 3.969 4.605 4.585 4.017 3.663 3.355 2.969 2.662 2.626
0.0084736 -0.25 9.95424 0.9617382884 2.464538271 0.96 0.357 3.7783 4.128 1 0 0.534 0 0 0 0 0 -1 -2.5e-13 0 0.7922 0.201 0.001196 0.0003277 0.002985 -1 0.006797 3.876 4.523 4.497 3.925 3.57 3.261 2.872 2.562 2.526
0.0084736 -0.25 9.95424 0.9674229622 2.46583116 0.966 0.387 3.7769 4.095 1 0 0.534 0 0 0 0 0 -1 -2.79e-13 0 0.7904 0.2027 0.001207 0.0003308 0.003014 -1 0.006854 3.801 4.463 4.429 3.852 3.494 3.182 2.789 2.476 2.44
0.0084736 -0.25 9.95424 0.9691222906 2.466214261 0.968 0.397 3.7761 4.083 1 0 0.534 0 0 0 0 0 -1 -2.89e-13 0 0.7891 0.204 0.001215 0.000333 0.003034 -1 0.006889 3.778 4.447 4.41 3.83 3.47 3.157 2.762 2.447 2.411
0.0084736 -0.25 9.95424 0.9770776629 2.467987378 0.976 0.44 3.7702 4.02 2 0 0.534 0 0 0 0 0 -1 -3.4e-13 0 0.7785 0.2143 0.001272 0.0003486 0.003175 -1 0.00722 3.67 4.399 4.334 3.73 3.359 3.037 2.625 2.297 2.257
0.0084736 -0.25 9.95424 0.9829242229 2.469269454 0.981 0.468 3.7619 3.962 2 0 0.535 0 0 0 0 0 -1 -3.87e-13 0 0.7665 0.226 0.001332 0.0003648 0.003321 -1 0.007568 3.6 4.416 4.309 3.674 3.285 2.95 2.517 2.171 2.128
0.0084736 -0.25 9.95424 0.986664772 2.47008055 0.985 0.478 3.7517 3.912 2 0 0.535 0 0 0 0 0 -1 -4.2e-13 0 0.7565 0.2357 0.001379 0.0003774 0.003433 -1 0.007821 3.575 4.511 4.344 3.67 3.259 2.907 2.445 2.076 2.028
0.0084736 -0.25 9.95424 0.9890158772 2.470586751 0.987 0.478 3.7413 3.871 2 0 0.536 0 0 0 0 0 -1 -4.41e-13 0 0.75 0.242 0.001408 0.0003852 0.003503 -1 0.007969 3.574 4.641 4.406 3.695 3.26 2.891 2.401 2.006 1.953
0.0084736 -0.25 9.95424 0.991032362 2.471018708 0.989 0.48 3.7301 3.825 2 0 0.537 0 0 0 0 0 -1 -4.66e-13 0 0.7449 0.247 0.001431 0.0003911 0.003556 -1 0.008092 3.569 4.786 4.475 3.722 3.262 2.875 2.35 1.926 1.87
0.0084736 -0.25 9.95424 0.9915652275 2.471132517 0.99 0.482 3.7269 3.812 2 0 0.537 0 0 0 0 0 -1 -4.74e-13 0 0.7436 0.2483 0.001436 0.0003926 0.003568 -1 0.008123 3.566 4.828 4.493 3.729 3.261 2.869 2.335 1.902 1.845
0.0084736 -0.25 9.95424 0.9916145205 2.471143038 0.99 0.482 3.7266 3.81 2 0 0.537 0 0 0 0 0 -1 -4.75e-13 0 0.7435 0.2484 0.001437 0.0003927 0.003569 -1 0.008126 3.565 4.832 4.495 3.729 3.261 2.869 2.333 1.9 1.843
0.0084736 -0.25 9.95424 0.9933809638 2.471519266 0.992 0.503 3.7172 3.752 2 0 0.537 0 0 0 0 0 -1 -5.3e-13 0 0.7398 0.252 0.001452 0.0003966 0.003605 -1 0.008185 3.513 4.916 4.509 3.709 3.219 2.811 2.245 1.785 1.725
0.0084736 -0.25 9.95424 0.9949169755 2.471845168 0.993 0.538 3.7108 3.692 2 0 0.537 0 0 0 0 0 -1 -6.14e-13 0 0.7367 0.2551 0.001462 0.0003994 0.00363 -1 0.008229 3.424 4.923 4.468 3.645 3.139 2.719 2.133 1.654 1.592
0.0084736 -0.25 9.95424 0.9953264594 2.471931854 0.994 0.55 3.7094 3.674 2 0 0.537 0 0 0 0 0 -1 -6.45e-13 0 0.7359 0.2559 0.001464 0.0004001 0.003635 -1 0.008242 3.394 4.913 4.448 3.62 3.111 2.689 2.098 1.615 1.552
0.0084736 -0.25 9.95424 0.9959234595 2.47205809 0.994 0.571 3.7077 3.647 3 0 0.537 0 0 0 0 0 -1 -6.98e-13 0 0.7346 0.2571 0.001467 0.0004009 0.003643 -1 0.008294 3.342 4.886 4.409 3.575 3.062 2.637 2.04 1.553 1.489
0.0084736 -0.25 9.95424 0.9970744252 2.472300972 0.995 0.616 3.7051 3.592 3 0 0.537 0 0 0 0 0 -1 -8.19e-13 0 0.732 0.2597 0.001472 0.0004026 0.003656 -1 0.008321 3.229 4.81 4.316 3.473 2.954 2.524 1.918 1.423 1.358
0.0084736 -0.25 9.95424 0.9982782602 2.472554322 0.997 0.67 3.7029 3.529 3 0 0.534 0 0 0 0 0 -1 -9.94e-13 0 0.7288 0.2629 0.001469 0.0004061 0.003667 -1 0.008353 3.094 4.704 4.198 3.347 2.823 2.388 1.775 1.274 1.208
0.0084736 -0.25 9.95424 0.9993646145 2.472782346 0.998 0.725 3.7011 3.468 3 0 0.526 0 0 0 0 0 -1 -1.21e-12 0 0.7255 0.2662 0.00145 0.000421 0.003676 -1 0.008376 2.958 4.591 4.076 3.217 2.69 2.252 1.633 1.126 1.06
0.0084736 -0.25 9.95424 1.000156641 2.472948231 0.998 0.768 3.6998 3.42 3 0 0.515 0 0 0 0 0 -1 -1.41e-12 0 0.7229 0.2687 0.001422 0.0004504 0.003681 -1 0.008379 2.849 4.501 3.977 3.114 2.584 2.144 1.52 1.01 0.943
0.0084736 -0.25 9.95424 1.000842571 2.473091652 0.999 0.809 3.6987 3.375 3 0 0.503 0 0 0 0 0 -1 -1.63e-12 0 0.7207 0.2709 0.00139 0.0004878 0.003685 -1 0.008409 2.748 4.419 3.886 3.017 2.485 2.042 1.414 0.9 0.833
0.0084736 -0.25 9.95424 1.001505017 2.473229947 1 0.851 3.6975 3.329 3 0 0.491 0 0 0 0 0 -1 -1.89e-12 0 0.7185 0.273 0.001357 0.0005282 0.003688 -1 0.008421 2.643 4.334 3.792 2.918 2.382 1.938 1.305 0.788 0.721
0.0084736 -0.25 9.95424 1.002284885 2.473392487 1 0.905 3.6959 3.269 3 0 0.48 0 0 0 0 0 -1 -2.29e-12 0 0.7164 0.2752 0.001327 0.0005668 0.003692 -1 0.0084 2.507 4.224 3.671 2.789 2.25 1.802 1.164 0.642 0.574
0.0084736 -0.25 9.95424 1.00285089 2.473510272 1.001 0.947 3.6946 3.221 3 0 0.472 0 0 0 0 0 -1 -2.66e-12 0 0.7149 0.2767 0.001308 0.0005913 0.003694 -1 0.008415 2.402 4.14 3.577 2.689 2.147 1.697 1.054 0.527 0.459
0.0084736 -0.25 9.95424 1.003489375 2.473642956 1.001 1 3.6929 3.162 3 0 0.466 0 0 0 0 0 -1 -3.21e-12 0 0.7134 0.2782 0.001291 0.0006134 0.003696 -1 0.008419 2.27 4.039 3.461 2.565 2.019 1.565 0.916 0.384 0.316
0.0084736 -0.25 9.95424 1.003938198 2.47373611 1.002 1.04 3.6915 3.117 3 0 0.462 0 0 0 0 0 -1 -3.71e-12 0 0.7125 0.2791 0.001281 0.0006259 0.003697 -1 0.008417 2.17 3.962 3.374 2.471 1.922 1.465 0.811 0.275 0.206
0.0084736 -0.25 9.95424 1.004373193 2.473826303 1.002 1.082 3.69 3.069 3 0 0.46 0 0 0 0 0 -1 -4.31e-12 0 0.7119 0.2797 0.001274 0.0006349 0.003697 -1 0.008426 2.065 3.884 3.283 2.373 1.82 1.361 0.701 0.161 0.091
0.0084736 -0.25 9.95424 1.004871249 2.47392946 1.003 1.135 3.688 3.009 3 0 0.457 0 0 0 0 0 -1 -5.21e-12 0 0.7112 0.2804 0.001268 0.0006435 0.003698 -1 0.008475 1.934 3.788 3.171 2.251 1.693 1.23 0.563 0.016 -0.054
0.0084736 -0.25 9.95424 1.005313158 2.47402089 1.003 1.186 3.686 2.949 3 0 0.456 0 0 0 0 0 -1 -6.29e-12 0 0.7108 0.2807 0.001264 0.000648 0.003699 -1 0.008476 1.804 3.695 3.06 2.132 1.569 1.101 0.427 -0.126 -0.197
0.0084736 -0.25 9.95424 1.005704641 2.47410181 1.003 1.237 3.6838 2.89 3 0 0.455 0 0 0 0 0 -1 -7.55e-12 0 0.7106 0.281 0.001262 0.000651 0.003699 -1 0.008421 1.678 3.607 2.954 2.016 1.448 0.975 0.293 -0.266 -0.338
0.0084736 -0.25 9.95424 1.006067157 2.474176678 1.004 1.289 3.6815 2.829 3 0 0.455 0 0 0 0 0 -1 -9.12e-12 0 0.7106 0.281 0.001262 0.0006515 0.003699 -1 0.008415 1.549 3.518 2.846 1.898 1.324 0.847 0.157 -0.41 -0.483
0.0084736 -0.25 9.95424 1.00638473 2.474242213 1.004 1.338 3.6792 2.77 3 0 0.455 0 0 0 0 0 -1 -1.09e-11 0 0.7106 0.281 0.001262 0.0006518 0.003699 -1 0.008415 1.424 3.435 2.744 1.786 1.205 0.723 0.025 -0.548 -0.623
0.0084736 -0.25 9.95424 1.006674051 2.474301877 1.004 1.388 3.6769 2.711 3 0 0.455 0 0 0 0 0 -1 -1.31e-11 0 0.7106 0.281 0.001261 0.0006521 0.003699 -1 0.008415 1.3 3.356 2.644 1.675 1.088 0.601 -0.106 -0.687 -0.762
0.0084736 -0.25 9.95424 1.006937623 2.474356196 1.004 1.437 3.6745 2.653 3 0 0.455 0 0 0 0 0 -1 -1.57e-11 0 0.7105 0.281 0.001261 0.0006523 0.003699 -1 0.008415 1.178 3.279 2.545 1.566 0.972 0.481 -0.236 -0.824 -0.901
0.0084736 -0.25 9.95424 1.00717926 2.474405966 1.004 1.485 3.672 2.594 3 0 0.455 0 0 0 0 0 -1 -1.88e-11 0 0.7105 0.281 0.001261 0.0006525 0.003699 -1 0.008415 1.057 3.205 2.449 1.458 0.858 0.361 -0.365 -0.961 -1.039
0.0084736 -0.25 9.95424 1.007403851 2.4744522 1.004 1.533 3.6695 2.536 3 0 0.455 0 0 0 0 0 -1 -2.24e-11 0 0.7105 0.2811 0.001261 0.0006527 0.0037 -1 0.008415 0.937 3.133 2.354 1.352 0.745 0.243 -0.492 -1.096 -1.176
0.0084736 -0.25 9.95424 1.007615805 2.474495811 1.004 1.58 3.667 2.48 3 0 0.454 0 0 0 0 0 -1 -2.66e-11 0 0.7105 0.2811 0.001261 0.0006529 0.0037 -1 0.008415 0.821 3.072 2.267 1.252 0.637 0.129 -0.615 -1.227 -1.308
0.0084736 -0.25 9.95424 1.007879257 2.474549989 1.004 1.626 3.6645 2.424 3 0 0.454 0 0 0 0 0 -1 -3.17e-11 0 0.7105 0.2811 0.001261 0.0006532 0.0037 -1 0.008415 0.704 3.02 2.181 1.15 0.527 0.014 -0.74 -1.359 -1.441
0.0084736 -0.25 9.95424 1.007962108 2.47456702 1.004 1.635 3.6641 2.414 3 0 0.454 0 0 0 0 0 -1 -3.28e-11 0 0.7105 0.2811 0.001261 0.0006533 0.0037 -1 0.008415 0.683 3.01 2.165 1.132 0.508 -0.007 -0.762 -1.382 -1.465
0.0084736 -0.25 9.95424 1.008123755 2.47460024 1.004 1.605 3.6662 2.451 3 0 0.454 0 0 0 0 0 -1 -2.97e-11 0 0.7105 0.2811 0.00126 0.0006534 0.0037 -1 0.008415 0.756 3.031 2.213 1.192 0.575 0.065 -0.682 -1.297 -1.378
0.0084736 -0.25 9.95424 1.008237004 2.474623506 1.004 1.573 3.6683 2.492 3 0 0.454 0 0 0 0 0 -1 -2.63e-11 0 0.7105 0.2811 0.00126 0.0006535 0.0037 -1 0.008415 0.837 3.057 2.267 1.259 0.65 0.145 -0.595 -1.202 -1.283
0.0084736 -0.25 9.95424 1.00825119 2.47462642 1.004 1.568 3.6686 2.498 3 0 0.454 0 0 0 0 0 -1 -2.59e-11 0 0.7105 0.2811 0.00126 0.0006535 0.0037 -1 0.008415 0.849 3.061 2.276 1.269 0.661 0.157 -0.582 -1.188 -1.268
0.0084736 -0.25 9.95424 1.008295059 2.474635431 1.004 1.58 3.668 2.483 3 0 0.454 0 0 0 0 0 -1 -2.68e-11 0 0.7105 0.2811 0.00126 0.0006536 0.0037 -1 0.008415 0.819 3.048 2.253 1.243 0.632 0.126 -0.614 -1.223 -1.304
0.0084736 -0.25 9.95424 1.008464575 2.474670241 1.004 1.628 3.6653 2.424 3 0 0.454 0 0 0 0 0 -1 -3.18e-11 0 0.7105 0.2811 0.00126 0.0006537 0.0037 -1 0.008415 0.699 2.998 2.167 1.14 0.52 0.008 -0.743 -1.36 -1.441
0.0084736 -0.25 9.95424 1.008626819 2.474703545 1.004 1.676 3.6625 2.366 3 0 0.454 0 0 0 0 0 -1 -3.78e-11 0 0.7105 0.2811 0.00126 0.0006539 0.0037 -1 0.008415 0.581 2.95 2.083 1.039 0.409 -0.108 -0.869 -1.495 -1.578
0.0084736 -0.25 9.95424 1.008774519 2.474733853 1.004 1.721 3.6598 2.31 3 0 0.454 0 0 0 0 0 -1 -4.48e-11 0 0.7105 0.2811 0.00126 0.000654 0.0037 -1 0.008415 0.467 2.906 2.002 0.942 0.303 -0.221 -0.992 -1.625 -1.709
0.0084736 -0.25 9.95424 1.008912087 2.474762073 1.004 1.767 3.6571 2.253 3 0 0.454 0 0 0 0 0 -1 -5.32e-11 0 0.7105 0.2811 0.00126 0.0006541 0.0037 -1 0.008415 0.352 2.866 1.924 0.846 0.198 -0.333 -1.114 -1.756 -1.842
0.0084736 -0.25 9.95424 1.009041548 2.474788622 1.004 1.814 3.6542 2.195 3 0 0.454 0 0 0 0 0 -1 -6.33e-11 0 0.7105 0.2811 0.00126 0.0006543 0.0037 -1 0.008415 0.236 2.827 1.845 0.75 0.091 -0.446 -1.239 -1.89 -1.978
0.0084736 -0.25 9.95424 1.009153009 2.474811473 1.004 1.857 3.6515 2.14 3 0 0.454 0 0 0 0 0 -1 -7.45e-11 0 0.7105 0.2811 0.00126 0.0006544 0.0037 -1 0.008415 0.127 2.793 1.773 0.66 -0.009 -0.553 -1.356 -2.016 -2.104
0.0084736 -0.25 9.95424 1.009260535 2.474833512 1.004 1.903 3.6486 2.084 3 0 0.454 0 0 0 0 0 -1 -8.84e-11 0 0.7105 0.2811 0.00126 0.0006545 0.0037 -1 0.008415 0.014 2.76 1.698 0.567 -0.112 -0.663 -1.477 -2.146 -2.237
0.0084736 -0.25 9.95424 1.009357452 2.474853372 1.003 1.947 3.6458 2.028 3 0 0.454 0 0 0 0 0 -1 -1.04e-10 0 0.7105 0.2811 0.00126 0.0006546 0.0037 -1 0.008415 -0.097 2.731 1.629 0.479 -0.211 -0.769 -1.595 -2.273 -2.365
0.0084736 -0.25 9.95424 1.009447217 2.474871762 1.003 1.991 3.6429 1.972 3 0 0.454 0 0 0 0 0 -1 -1.23e-10 0 0.7105 0.2811 0.00126 0.0006546 0.0037 -1 0.008415 -0.207 2.701 1.562 0.39 -0.31 -0.875 -1.713 -2.398 -2.492
0.0084736 -0.25 9.95424 1.009528756 2.474888464 1.003 2.034 3.64 1.917 3 0 0.454 0 0 0 0 0 -1 -1.45e-10 0 0.7105 0.2811 0.001259 0.0006547 0.0037 -1 0.008415 -0.316 2.666 1.498 0.3 -0.408 -0.979 -1.829 -2.518 -2.617
0.0084736 -0.25 9.95424 1.0096035 2.474903771 1.003 2.078 3.6371 1.862 3 0 0.454 0 0 0 0 0 -1 -1.71e-10 0 0.7105 0.2811 0.001259 0.0006548 0.0037 -1 0.008415 -0.424 2.635 1.437 0.214 -0.503 -1.081 -1.943 -2.638 -2.741
0.0084736 -0.25 9.95424 1.009673476 2.474918099 1.002 2.121 3.634 1.806 3 0 0.454 0 0 0 0 0 -1 -2.02e-10 0 0.7104 0.2811 0.001259 0.0006548 0.0037 -1 0.008415 -0.534 2.603 1.375 0.126 -0.599 -1.184 -2.06 -2.759 -2.866
0.0084736 -0.25 9.95424 1.009735704 2.474930839 1.002 2.164 3.6311 1.751 3 0 0.454 0 0 0 0 0 -1 -2.37e-10 0 0.7104 0.2811 0.001259 0.0006549 0.0037 -1 0.008415 -0.639 2.572 1.315 0.042 -0.691 -1.283 -2.171 -2.875 -2.988
0.0084736 -0.25 9.95424 1.009793282 2.474942625 1.002 2.206 3.6281 1.697 3 0 0.454 0 0 0 0 0 -1 -2.78e-10 0 0.7104 0.2811 0.001259 0.000655 0.0037 -1 0.008415 -0.745 2.539 1.256 -0.041 -0.781 -1.381 -2.283 -2.991 -3.109
0.0084736 -0.25 9.95424 1.00984621 2.474953459 1.001 2.248 3.6252 1.643 3 0 0.454 0 0 0 0 0 -1 -3.26e-10 0 0.7104 0.2811 0.001259 0.000655 0.0037 -1 0.008415 -0.849 2.505 1.197 -0.123 -0.87 -1.477 -2.393 -3.106 -3.229
0.0084736 -0.25 9.95424 1.009895563 2.474963559 1.001 2.29 3.6221 1.589 3 0 0.454 0 0 0 0 0 -1 -3.82e-10 0 0.7104 0.2811 0.001259 0.0006551 0.0037 -1 0.008415 -0.954 2.473 1.139 -0.204 -0.958 -1.573 -2.503 -3.222 -3.351
0.0084736 -0.25 9.95424 1.009941459 2.47497295 1 2.332 3.6191 1.534 3 0 0.454 0 0 0 0 0 -1 -4.48e-10 0 0.7104 0.2811 0.001259 0.0006551 0.0037 -1 0.008415 -1.06 2.44 1.081 -0.284 -1.046 -1.669 -2.614 -3.338 -3.473
0.0084736 -0.25 9.95424 1.009982348 2.474981317 0.999 2.372 3.6161 1.482 3 0 0.454 0 0 0 0 0 -1 -5.23e-10 0 0.7104 0.2811 0.001259 0.0006551 0.0037 -1 0.008415 -1.161 2.421 1.028 -0.358 -1.128 -1.761 -2.72 -3.451 -3.591
0.0084736 -0.25 9.95424 1.01002109 2.474989243 0.999 2.414 3.613 1.428 3 0 0.454 0 0 0 0 0 -1 -6.13e-10 0 0.7104 0.2811 0.001259 0.0006552 0.0037 -1 0.008415 -1.264 2.423 0.978 -0.428 -1.212 -1.857 -2.83 -3.571 -3.714
0.0084736 -0.25 9.95424 1.010056496 2.474996486 0.998 2.454 3.61 1.375 3 0 0.454 0 0 0 0 0 -1 -7.16e-10 0 0.7104 0.2811 0.001259 0.0006552 0.0037 -1 0.008415 -1.366 2.425 0.929 -0.498 -1.294 -1.951 -2.939 -3.688 -3.836
0.0084736 -0.25 9.95424 1.010088921 2.475003119 0.997 2.494 3.6069 1.322 3 0 0.454 0 0 0 0 0 -1 -8.34e-10 0 0.7104 0.2811 0.001259 0.0006552 0.0037 -1 0.008415 -1.466 2.431 0.885 -0.562 -1.372 -2.043 -3.046 -3.804 -3.956
0.0084736 -0.25 9.95424 1.010119319 2.475009337 0.996 2.535 3.6038 1.269 3 0 0.454 11.74 8.58 6 4.63 3.76 3 -9.74e-10 0 0.7104 0.2812 0.001259 0.0006553 0.0037 -1 0.008415 -1.567 2.437 0.841 -0.627 -1.45 -2.135 -3.153 -3.921 -4.077
0.0084736 -0.25 9.95424 1.010146737 2.475014945 0.996 2.574 3.6007 1.217 3 0 0.454 13.07 9.41 6.56 5.07 4.11 3 -1.13e-09 0 0.7104 0.2812 0.001259 0.0006553 0.0037 -1 0.008415 -1.664 2.446 0.8 -0.688 -1.525 -2.224 -3.256 -4.033 -4.195
0.0084736 -0.25 9.95424 1.010172486 2.475020211 0.995 2.613 3.5976 1.165 3 0 0.454 14.56 10.34 7.17 5.55 4.5 3 -1.32e-09 0 0.7104 0.2812 0.001259 0.0006553 0.0037 -1 0.008415 -1.762 2.452 0.761 -0.746 -1.597 -2.312 -3.361 -4.147 -4.313
0.0084736 -0.25 9.95424 1.010196567 2.475025136 0.993 2.652 3.5945 1.113 3 0 0.454 16.24 11.36 7.85 6.08 4.94 3 -1.53e-09 0 0.7104 0.2812 0.001259 0.0006553 0.0037 -1 0.008415 -1.86 2.459 0.724 -0.802 -1.667 -2.401 -3.465 -4.261 -4.431
0.0084736 -0.25 9.95424 1.010217905 2.475029499 0.992 2.689 3.5914 1.063 3 0 0.454 18 12.43 8.55 6.63 5.39 3 -1.77e-09 0 0.7104 0.2812 0.001259 0.0006554 0.0037 -1 0.008415 -1.952 2.469 0.69 -0.854 -1.733 -2.484 -3.564 -4.369 -4.544
0.0084736 -0.25 9.95424 1.010238528 2.475033716 0.991 2.727 3.5882 1.012 3 0 0.454 20.04 13.63 9.34 7.26 5.89 3 -2.05e-09 0 0.7104 0.2812 0.001259 0.0006554 0.0037 -1 0.008415 -2.048 2.478 0.658 -0.903 -1.798 -2.569 -3.666 -4.48 -4.66
0.0084736 -0.25 9.95424 1.010257959 2.47503769 0.99 2.765 3.585 0.96 3 0 0.454 22.31 14.96 10.21 7.94 6.45 3 -2.38e-09 0 0.7104 0.2812 0.001259 0.0006554 0.0037 -1 0.008415 -2.143 2.492 0.632 -0.948 -1.859 -2.653 -3.768 -4.591 -4.776
0.0084736 -0.25 9.95424 1.010279298 2.475042053 0.988 2.81 3.5811 0.9 3 0 0.454 25.31 16.69 11.33 8.83 7.17 3 -2.83e-09 0 0.7104 0.2812 0.001259 0.0006554 0.0037 -1 0.008415 -2.254 2.513 0.605 -0.997 -1.929 -2.752 -3.888 -4.721 -4.913
0.0084736 -0.25 9.95424 1.010298848 2.47504605 0.986 2.853 3.5772 0.839 3 0 0.454 28.69 18.6 12.56 9.81 7.97 2 -3.35e-09 0 0.7104 0.2812 0.001259 0.0006554 0.0037 -1 0.008415 -2.363 2.529 0.585 -1.034 -1.988 -2.847 -4.006 -4.85 -5.048
0.0084736 -0.25 9.95424 1.010316968 2.475049754 0.984 2.897 3.5732 0.779 3 0 0.454 32.54 20.74 13.94 10.9 8.86 2 -3.98e-09 0 0.7104 0.2812 0.001259 0.0006554 0.0037 -1 0.008415 -2.472 2.545 0.57 -1.065 -2.042 -2.941 -4.125 -4.979 -5.183
0.0084736 -0.25 9.95424 1.010333896 2.475053215 0.982 2.94 3.5691 0.718 3 0 0.454 36.9 23.13 15.47 12.12 9.85 2 -4.73e-09 0 0.7104 0.2812 0.001259 0.0006555 0.0037 -1 0.008415 -2.581 2.56 0.558 -1.092 -2.092 -3.033 -4.243 -5.107 -5.318
0.0084736 -0.25 9.95424 1.010349393 2.475056383 0.979 2.982 3.5651 0.659 3 0 0.454 41.75 25.73 17.13 13.44 10.93 2 -5.6e-09 0 0.7104 0.2812 0.001259 0.0006555 0.0037 -1 0.008415 -2.686 2.57 0.557 -1.101 -2.128 -3.121 -4.359 -5.233 -5.45
0.0084736 -0.25 9.95424 1.010363579 2.475059283 0.976 3.024 3.5611 0.6 3 0 0.454 47.15 28.58 18.93 14.88 12.1 2 -6.6e-09 0 0.7104 0.2812 0.001259 0.0006555 0.0037 -1 0.008415 -2.789 2.582 0.559 -1.107 -2.162 -3.205 -4.472 -5.356 -5.579
0.0084736 -0.25 9.95424 1.010376573 2.475061939 0.973 3.064 3.557 0.542 3 0 0.454 53.19 31.72 20.91 16.46 13.39 2 -7.76e-09 0 0.7104 0.2812 0.001259 0.0006555 0.0037 -1 0.008415 -2.89 2.593 0.575 -1.092 -2.179 -3.283 -4.584 -5.476 -5.707
0.0084736 -0.25 9.95424 1.010388732 2.475064425 0.97 3.103 3.5529 0.485 3 0 0.454 59.92 35.15 23.06 18.19 14.8 2 -9.11e-09 0 0.7104 0.2812 0.001259 0.0006555 0.0037 -1 0.008415 -2.988 2.604 0.599 -1.068 -2.19 -3.357 -4.694 -5.595 -5.832
0.0084736 -0.25 9.95424 1.010399818 2.475066691 0.966 3.142 3.5488 0.429 3 0 0.454 67.34 38.88 25.39 20.06 16.33 1 -1.07e-08 0 0.7104 0.2812 0.001259 0.0006555 0.0037 -1 0.008415 -3.084 2.616 0.633 -1.031 -2.193 -3.427 -4.803 -5.711 -5.955
0.0084736 -0.25 9.95424 1.01041019 2.475068811 0.963 3.179 3.5447 0.373 3 0 0.454 75.64 42.98 27.94 22.1 18 1 -1.24e-08 0 0.7104 0.2812 0.001259 0.0006555 0.0037 -1 0.008415 -3.179 2.626 0.684 -0.971 -2.179 -3.488 -4.91 -5.825 -6.076
0.0084736 -0.25 9.95424 1.010419726 2.47507076 0.959 3.216 3.5406 0.318 3 0 0.454 84.66 47.35 30.65 24.28 19.78 1 -1.44e-08 0 0.7104 0.2812 0.001259 0.0006555 0.0037 -1 0.008415 -3.269 2.637 0.739 -0.906 -2.161 -3.545 -5.013 -5.935 -6.193
0.0084736 -0.25 9.95424 1.010428905 2.475072637 0.954 3.253 3.5364 0.263 3 0 0.454 95.07 52.32 33.71 26.76 21.79 1 -1.68e-08 0 0.7104 0.2812 0.001259 0.0006555 0.0037 -1 0.008415 -3.361 2.646 0.808 -0.819 -2.131 -3.593 -5.12 -6.048 -6.313
0.0084736 -0.25 9.95424 1.01043725 2.475074342 0.949 3.288 3.5323 0.209 3 0 0.454 106.34 57.61 36.95 29.37 23.93 1 -1.95e-08 0 0.7104 0.2812 0.001259 0.0006556 0.0037 -1 0.008415 -3.449 2.655 0.882 -0.727 -2.096 -3.636 -5.222 -6.155 -6.428
0.0084736 -0.25 9.95424 1.010445356 2.475075999 0.943 3.323 3.5281 0.154 3 0 0.454 119.06 63.48 40.53 32.27 26.3 1 -2.26e-08 0 0.7104 0.2812 0.001259 0.0006556 0.0037 -1 0.008415 -3.538 2.665 0.972 -0.613 -2.049 -3.667 -5.324 -6.262 -6.543
0.0084736 -0.25 9.95424 1.010452986 2.475077558 0.938 3.357 3.5241 0.102 3 0 0.454 132.69 69.65 44.28 35.32 28.78 1 -2.6e-08 0 0.7104 0.2812 0.001259 0.0006556 0.0037 -1 0.008415 -3.621 2.674 1.076 -0.482 -1.992 -3.684 -5.421 -6.364 -6.652
0.0084736 -0.25 9.95424 1.010460854 2.475079166 0.931 3.39 3.5201 0.049 3 0 0.454 148.19 76.55 48.45 38.71 31.55 1 -3e-08 0 0.7104 0.2812 0.001259 0.0006556 0.0037 -1 0.008415 -3.706 2.685 1.185 -0.346 -1.931 -3.699 -5.519 -6.466 -6.763
0.0084736 -0.25 9.95424 1.010460854 2.475079166 0.931 1.711 3.6829 2.379 4 0 0.477 0 0 0 0 0 -1 -1e-30 0 0.7138 0.2778 0.001318 0.0005759 0.003684 -1 0.008379 0.492 2.441 1.784 0.827 0.264 -0.21 -0.897 -1.456 -1.528
0.0084736 -0.25 9.95424 1.010555983 2.475098607 0.931 1.72 3.6822 2.367 4 0 0.477 0 0 0 0 0 -1 -1e-30 0 0.7138 0.2778 0.001318 0.000576 0.003684 -1 0.008379 0.469 2.433 1.768 0.807 0.242 -0.234 -0.923 -1.484 -1.556
0.0084736 -0.25 9.95424 1.010647655 2.475117336 0.931 1.724 3.682 2.363 4 0 0.477 0 0 0 0 0 -1 -1e-30 0 0.7138 0.2778 0.001318 0.0005761 0.003684 -1 0.008379 0.46 2.428 1.761 0.799 0.234 -0.243 -0.932 -1.494 -1.566
0.0084736 -0.25 9.95424 1.010739446 2.475136086 0.931 1.725 3.6822 2.363 4 0 0.477 0 0 0 0 0 -1 -1e-30 0 0.7138 0.2778 0.001318 0.0005762 0.003684 -1 0.008379 0.459 2.424 1.758 0.797 0.232 -0.244 -0.933 -1.494 -1.566
0.0084736 -0.25 9.95424 1.010833621 2.47515532 0.931 1.723 3.6826 2.366 4 0 0.477 0 0 0 0 0 -1 -1e-30 0 0.7138 0.2778 0.001318 0.0005763 0.003684 -1 0.008379 0.461 2.419 1.756 0.797 0.234 -0.242 -0.93 -1.489 -1.561
0.0084736 -0.25 9.95424 1.010928512 2.475174695 0.931 1.722 3.6831 2.37 4 0 0.477 0 0 0 0 0 -1 -1e-30 0 0.7138 0.2778 0.001318 0.0005764 0.003684 -1 0.00838 0.466 2.413 1.756 0.8 0.237 -0.237 -0.923 -1.481 -1.553
0.0084736 -0.25 9.95424 1.011020303 2.475193433 0.931 1.719 3.6836 2.374 4 0 0.477 0 0 0 0 0 -1 -1e-30 0 0.7138 0.2778 0.001318 0.0005765 0.003684 -1 0.00838 0.472 2.408 1.757 0.803 0.242 -0.231 -0.916 -1.472 -1.544
0.0084736 -0.25 9.95424 1.011117935 2.475213359 0.931 1.717 3.6841 2.379 4 0 0.477 0 0 0 0 0 -1 -1e-30 0 0.7138 0.2778 0.001318 0.0005765 0.003684 -1 0.00838 0.478 2.404 1.757 0.806 0.247 -0.226 -0.908 -1.463 -1.534
0.0084736 -0.25 9.95424 1.011213303 2.475232819 0.932 1.715 3.6846 2.383 4 0 0.477 0 0 0 0 0 -1 -1e-30 0 0.7138 0.2779 0.001317 0.0005766 0.003684 -1 0.00838 0.483 2.399 1.758 0.809 0.251 -0.22 -0.901 -1.454 -1.525
0.0084736 -0.25 9.95424 1.011309743 2.475252493 0.932 1.713 3.6851 2.387 4 0 0.477 0 0 0 0 0 -1 -1e-30 0 0.7138 0.2779 0.001317 0.0005767 0.003684 -1 0.008381 0.488 2.394 1.758 0.812 0.255 -0.215 -0.894 -1.446 -1.517
0.0084736 -0.25 9.95424 1.011411071 2.47527316 0.932 1.711 3.6855 2.39 4 0 0.477 0 0 0 0 0 -1 -1e-30 0 0.7138 0.2779 0.001317 0.0005768 0.003684 -1 0.008381 0.493 2.39 1.758 0.814 0.258 -0.211 -0.888 -1.439 -1.509
0.0084736 -0.25 9.95424 1.011511922 2.475293725 0.932 1.709 3.6859 2.394 4 0 0.477 0 0 0 0 0 -1 -1e-30 0 0.7138 0.2779 0.001317 0.0005769 0.003684 -1 0.008381 0.496 2.385 1.758 0.815 0.261 -0.207 -0.883 -1.433 -1.503
0.0084736 -0.25 9.95424 1.011605263 2.475312754 0.932 1.708 3.6863 2.396 4 0 0.477 0 0 0 0 0 -1 -1e-30 0 0.7137 0.2779 0.001317 0.000577 0.003684 -1 0.008381 0.499 2.381 1.757 0.816 0.263 -0.205 -0.879 -1.428 -1.498
0.0084736 -0.25 9.95424 1.011704802 2.475333043 0.932 1.707 3.6866 2.399 4 0 0.477 0 0 0 0 0 -1 -1e-30 0 0.7137 0.2779 0.001317 0.0005771 0.003685 -1 0.008381 0.502 2.376 1.756 0.817 0.265 -0.202 -0.876 -1.423 -1.493
0.0084736 -0.25 9.95424 1.011768341 2.475345991 0.932 1.707 3.6868 2.4 4 0 0.477 0 0 0 0 0 -1 -1e-30 0 0.7137 0.2779 0.001317 0.0005771 0.003685 -1 0.008382 0.503 2.374 1.756 0.818 0.266 -0.201 -0.873 -1.42 -1.49
0.0084736 -0.25 9.95424 1.011802435 2.475352938 0.932 1.706 3.6869 2.401 4 0 0.477 0 0 0 0 0 -1 -1e-30 0 0.7137 0.2779 0.001317 0.0005772 0.003685 -1 0.008382 0.504 2.372 1.755 0.818 0.266 -0.2 -0.873 -1.419 -1.489
0.0084736 -0.25 9.95424 1.011897922 2.475372392 0.932 1.706 3.6872 2.402 4 0 0.477 0 0 0 0 0 -1 -1e-30 0 0.7137 0.2779 0.001317 0.0005773 0.003685 -1 0.008382 0.505 2.369 1.754 0.818 0.267 -0.199 -0.87 -1.416 -1.486
0.0084736 -0.25 9.95424 1.011992812 2.47539172 0.932 1.706 3.6874 2.403 4 0 0.477 0 0 0 0 0 -1 -1e-30 0 0.7137 0.2779 0.001317 0.0005774 0.003685 -1 0.008382 0.506 2.365 1.753 0.817 0.267 -0.198 -0.869 -1.414 -1.483
0.0084736 -0.25 9.95424 1.012086272 2.475410753 0.933 1.706 3.6875 2.404 4 0 0.477 0 0 0 0 0 -1 -1e-30 0 0.7137 0.2779 0.001317 0.0005774 0.003685 -1 0.008382 0.506 2.362 1.751 0.817 0.267 -0.198 -0.868 -1.413 -1.482
0.0084736 -0.25 9.95424 1.012181163 2.475430073 0.933 1.706 3.6877 2.404 4 0 0.477 0 0 0 0 0 -1 -1e-30 0 0.7137 0.2779 0.001317 0.0005775 0.003685 -1 0.008383 0.505 2.359 1.75 0.815 0.266 -0.199 -0.869 -1.413 -1.482
0.0084736 -0.25 9.95424 1.012275934 2.475449365 0.933 1.707 3.6877 2.404 4 0 0.477 0 0 0 0 0 -1 -1e-30 0 0.7137 0.2779 0.001317 0.0005776 0.003685 -1 0.008383 0.503 2.357 1.748 0.813 0.264 -0.201 -0.87 -1.414 -1.484
0.0084736 -0.25 9.95424 1.012372732 2.475469064 0.933 1.708 3.6877 2.403 4 0 0.477 0 0 0 0 0 -1 -1e-30 0 0.7137 0.2779 0.001317 0.0005777 0.003685 -1 0.008383 0.501 2.354 1.745 0.811 0.262 -0.203 -0.873 -1.417 -1.486
0.0084736 -0.25 9.95424 1.012448311 2.475484443 0.933 1.709 3.6876 2.402 4 0 0.476 0 0 0 0 0 -1 -1e-30 0 0.7137 0.2779 0.001317 0.0005778 0.003685 -1 0.008383 0.498 2.353 1.743 0.808 0.259 -0.206 -0.876 -1.42 -1.489
0.0084736 -0.25 9.95424 1.012489438 2.47549281 0.933 1.71 3.6876 2.401 4 0 0.476 0 0 0 0 0 -1 -1e-30 0 0.7137 0.2779 0.001317 0.0005778 0.003685 -1 0.008383 0.496 2.352 1.741 0.806 0.257 -0.208 -0.878 -1.422 -1.492
0.0084736 -0.25 9.95424 1.012574911 2.475510197 0.933 1.711 3.6874 2.398 4 0 0.476 0 0 0 0 0 -1 -1e-30 0 0.7137 0.2779 0.001317 0.0005779 0.003685 -1 0.008383 0.491 2.351 1.738 0.802 0.253 -0.213 -0.883 -1.428 -1.497
0.0084736 -0.25 9.95424 1.012660027 2.475527507 0.933 1.714 3.6872 2.395 4 0 0.476 0 0 0 0 0 -1 -1e-30 0 0.7137 0.2779 0.001317 0.000578 0.003685 -1 0.008384 0.486 2.349 1.735 0.798 0.248 -0.218 -0.89 -1.435 -1.505
0.0084736 -0.25 9.95424 1.012750506 2.475545905 0.933 1.717 3.6869 2.391 4 0 0.476 0 0 0 0 0 -1 -1e-30 0 0.7137 0.2779 0.001316 0.0005781 0.003685 -1 0.008384 0.478 2.348 1.73 0.792 0.241 -0.226 -0.898 -1.444 -1.514
0.0084736 -0.25 9.95424 1.012842059 2.475564518 0.933 1.72 3.6866 2.386 4 0 0.476 0 0 0 0 0 -1 -1e-30 0 0.7137 0.2779 0.001316 0.0005781 0.003685 -1 0.008384 0.469 2.347 1.725 0.785 0.232 -0.235 -0.909 -1.456 -1.526
0.0084736 -0.25 9.95424 1.012927532 2.47558189 0.934 1.725 3.6861 2.38 4 0 0.476 0 0 0 0 0 -1 -1e-30 0 0.7137 0.2779 0.001316 0.0005782 0.003685 -1 0.008384 0.459 2.346 1.719 0.776 0.223 -0.245 -0.92 -1.469 -1.539
0.0084736 -0.25 9.95424 1.013014555 2.475599575 0.934 1.729 3.6857 2.374 4 0 0.476 0 0 0 0 0 -1 -1e-30 0 0.7137 0.2779 0.001316 0.0005783 0.003685 -1 0.008384 0.447 2.345 1.713 0.767 0.212 -0.257 -0.933 -1.483 -1.554
0.0084736 -0.25 9.95424 1.013099909 2.475616917 0.934 1.734 3.6852 2.367 4 0 0.476 0 0 0 0 0 -1 -1e-30 0 0.7137 0.2779 0.001316 0.0005784 0.003685 -1 0.008385 0.435 2.343 1.705 0.757 0.201 -0.269 -0.948 -1.499 -1.57
0.0084736 -0.25 9.95424 1.013187051 2.475634618 0.934 1.741 3.6844 2.357 4 0 0.476 0 0 0 0 0 -1 -1e-30 0 0.7137 0.2779 0.001316 0.0005785 0.003685 -1 0.008385 0.417 2.341 1.695 0.743 0.185 -0.286 -0.968 -1.521 -1.592
0.0084736 -0.25 9.95424 1.013280153 2.475653527 0.934 1.751 3.6835 2.344 4 0 0.476 0 0 0 0 0 -1 -1e-30 0 0.7137 0.2779 0.001316 0.0005785 0.003685 -1 0.008385 0.394 2.338 1.681 0.724 0.163 -0.31 -0.995 -1.551 -1.622
0.0084736 -0.25 9.95424 1.013355613 2.475668849 0.934 1.756 3.6829 2.336 4 0 0.476 0 0 0 0 0 -1 -1e-30 0 0.7137 0.278 0.001316 0.0005786 0.003685 -1 0.008385 0.38 2.336 1.674 0.714 0.151 -0.324 -1.01 -1.568 -1.64
0.0084736 -0.25 9.95424 1.013444662 2.475686928 0.934 1.771 3.6814 2.315 4 0 0.476 0 0 0 0 0 -1 -1e-30 0 0.7137 0.278 0.001316 0.0005787 0.003685 -1 0.008385 0.343 2.332 1.652 0.684 0.117 -0.36 -1.052 -1.615 -1.687
0.0084736 -0.25 9.95424 1.013531327 2.475704519 0.934 1.801 3.6783 2.272 4 0 0.476 0 0 0 0 0 -1 -1e-30 0 0.7137 0.278 0.001316 0.0005788 0.003685 -1 0.008386 0.266 2.324 1.609 0.624 0.048 -0.436 -1.139 -1.711 -1.785
0.0084736 -0.25 9.95424 1.013581395 2.47571468 0.934 1.837 3.6747 2.222 4 0 0.476 0 0 0 0 0 -1 -1e-30 0 0.7137 0.278 0.001316 0.0005788 0.003685 -1 0.008386 0.176 2.317 1.559 0.555 -0.033 -0.525 -1.241 -1.824 -1.899
0.0084736 -0.25 9.95424 1.013606787 2.475719833 0.934 1.876 3.6709 2.168 4 0 0.476 0 0 0 0 0 -1 -1e-30 0 0.7136 0.278 0.001316 0.0005789 0.003685 -1 0.008386 0.08 2.309 1.505 0.48 -0.12 -0.619 -1.35 -1.944 -2.021
0.0084736 -0.25 9.95424 1.013620257 2.475722566 0.934 1.915 3.6671 2.114 4 0 0.476 0 0 0 0 0 -1 -1e-30 0 0.7136 0.278 0.001316 0.0005789 0.003685 -1 0.008386 -0.018 2.302 1.452 0.405 -0.207 -0.715 -1.459 -2.065 -2.144
0.0084736 -0.25 9.95424 1.013627052 2.475723945 0.934 1.953 3.6635 2.061 4 0 0.476 0 0 0 0 0 -1 -1e-30 0 0.7136 0.278 0.001316 0.0005789 0.003685 -1 0.008386 -0.112 2.296 1.401 0.333 -0.291 -0.807 -1.565 -2.182 -2.263
0.0084736 -0.25 9.95424 1.013630986 2.475724743 0.934 1.99 3.6599 2.01 4 0 0.476 0 0 0 0 0 -1 -1e-30 0 0.7136 0.278 0.001316 0.0005789 0.003685 -1 0.008386 -0.206 2.29 1.349 0.261 -0.375 -0.898 -1.669 -2.297 -2.38
0.0084736 -0.25 9.95424 1.013633251 2.475725203 0.934 2.026 3.6567 1.962 4 0 0.476 0 0 0 0 0 -1 -1e-30 0 0.7136 0.278 0.001316 0.0005789 0.003685 -1 0.008386 -0.294 2.285 1.307 0.195 -0.452 -0.982 -1.766 -2.401 -2.487
0.0084736 -0.25 9.95424 1.013634801 2.475725517 0.934 2.057 3.6538 1.919 4 0 0.476 0 0 0 0 0 -1 -1e-30 0 0.7136 0.278 0.001316 0.0005789 0.003685 -1 0.008386 -0.372 2.278 1.27 0.135 -0.521 -1.057 -1.852 -2.493 -2.582
0.0084736 -0.25 9.95424 1.01363492 2.475725542 0.934 2.059 3.6536 1.916 7 0 0.476 0 0 0 0 0 -1 -1.25e-20 0 0.7136 0.2773 0.001316 0.0005789 0.003685 -1 0.009096 -0.377 2.278 1.267 0.131 -0.526 -1.061 -1.857 -2.499 -2.588
0.0084736 -0.25 9.95424 1.013635755 2.475725711 0.934 2.08 3.6517 1.887 7 0 0.476 0 0 0 0 0 -1 -1.32e-20 0 0.7136 0.2773 0.001316 0.0005789 0.003685 -1 0.009096 -0.431 2.272 1.241 0.089 -0.573 -1.113 -1.917 -2.562 -2.653
0.0084736 -0.25 9.95424 1.013637543 2.475726074 0.934 2.124 3.6478 1.828 7 0 0.476 0 0 0 0 0 -1 -1.48e-20 0 0.7136 0.2773 0.001316 0.0005789 0.003685 -1 0.009096 -0.54 2.26 1.188 0.006 -0.668 -1.215 -2.035 -2.688 -2.784
0.0084736 -0.25 9.95424 1.013639212 2.475726412 0.934 2.158 3.6448 1.781 7 0 0.476 0 0 0 0 0 -1 -1.63e-20 0 0.7136 0.2773 0.001316 0.0005789 0.003685 -1 0.009096 -0.625 2.251 1.147 -0.058 -0.741 -1.295 -2.128 -2.787 -2.887
0.0084736 -0.25 9.95424 1.013643622 2.475727307 0.934 2.167 3.644 1.769 7 0 0.476 0 0 0 0 0 -1 -1.66e-20 0 0.7136 0.2773 0.001316 0.0005789 0.003685 -1 0.009096 -0.648 2.248 1.136 -0.075 -0.761 -1.317 -2.153 -2.813 -2.914
0.0084736 -0.25 9.95424 1.013648629 2.475728323 0.934 2.145 3.646 1.799 7 0 0.476 0 0 0 0 0 -1 -1.55e-20 0 0.7136 0.2773 0.001316 0.0005789 0.003685 -1 0.009096 -0.593 2.253 1.162 -0.034 -0.714 -1.265 -2.093 -2.749 -2.848
0.0084736 -0.25 9.95424 1.013694763 2.475737683 0.933 2.131 3.6472 1.818 7 0 0.476 0 0 0 0 0 -1 -9.54e-14 0 0.7136 0.2768 0.001316 0.0005789 0.003685 -1 0.009519 -0.557 2.259 1.18 -0.006 -0.682 -1.231 -2.054 -2.708 -2.804
0.0084736 -0.25 9.95424 1.013744474 2.475747768 0.932 2.151 3.6453 1.79 7 0 0.476 0 0 0 0 0 -1 -9.59e-10 0 0.7136 0.2766 0.001316 0.000579 0.003685 -1 0.009764 -0.607 2.255 1.157 -0.044 -0.726 -1.279 -2.109 -2.766 -2.866
0.0084736 -0.25 9.95424 1.013775826 2.475754128 0.931 2.186 3.6422 1.742 7 0 0.476 0 0 0 0 0 -1 -1.15e-09 0 0.7136 0.2766 0.001316 0.000579 0.003685 -1 0.009764 -0.694 2.246 1.116 -0.109 -0.799 -1.359 -2.203 -2.866 -2.97
0.0084736 -0.25 9.95424 1.013806581 2.475760366 0.93 2.222 3.639 1.693 7 0 0.476 0 0 0 0 0 -1 -1.39e-09 0 0.7136 0.2766 0.001316 0.000579 0.003685 -1 0.009764 -0.784 2.234 1.072 -0.177 -0.876 -1.443 -2.3 -2.97 -3.078
0.0084736 -0.25 9.95424 1.013836145 2.475766363 0.929 2.261 3.6355 1.638 7 0 0.476 0 0 0 0 0 -1 -1.72e-09 0 0.7136 0.2766 0.001316 0.0005791 0.003685 -1 0.009764 -0.884 2.223 1.026 -0.25 -0.959 -1.534 -2.407 -3.083 -3.197
0.0084736 -0.25 9.95424 1.013861895 2.475771585 0.927 2.301 3.632 1.584 7 0 0.476 0 0 0 0 0 -1 -2.12e-09 0 0.7136 0.2766 0.001316 0.0005791 0.003685 -1 0.009764 -0.983 2.21 0.978 -0.324 -1.042 -1.625 -2.514 -3.197 -3.317
0.0084736 -0.25 9.95424 1.013884902 2.475776251 0.926 2.342 3.6284 1.528 7 0 0.476 0 0 0 0 0 -1 -2.64e-09 0 0.7136 0.2766 0.001316 0.0005791 0.003685 -1 0.009764 -1.085 2.195 0.93 -0.398 -1.125 -1.717 -2.622 -3.312 -3.438
0.0084736 -0.25 9.95424 1.013905406 2.475780409 0.924 2.383 3.6248 1.472 7 0 0.476 0 0 0 0 0 -1 -3.25e-09 0 0.7136 0.2766 0.001316 0.0005791 0.003685 -1 0.009764 -1.187 2.194 0.883 -0.469 -1.207 -1.81 -2.732 -3.431 -3.562
0.0084736 -0.25 9.95424 1.013923645 2.475784107 0.922 2.424 3.6212 1.415 7 0 0.476 0 0 0 0 0 -1 -4.06e-09 0 0.7136 0.2766 0.001316 0.0005792 0.003685 -1 0.009764 -1.29 2.209 0.838 -0.537 -1.29 -1.905 -2.843 -3.553 -3.689
0.0084736 -0.25 9.95424 1.013939858 2.475787395 0.92 2.465 3.6176 1.359 7 0 0.476 0 0 0 0 0 -1 -5.02e-09 0 0.7136 0.2766 0.001316 0.0005792 0.003685 -1 0.00976 -1.393 2.226 0.796 -0.603 -1.371 -1.999 -2.954 -3.675 -3.815
0.0084736 -0.25 9.95424 1.013954639 2.475790392 0.917 2.506 3.614 1.302 7 0 0.476 10.65 7.91 5.54 4.28 3.47 3 -6.19e-09 0 0.7136 0.2766 0.001316 0.0005792 0.003685 -1 0.009757 -1.495 2.244 0.755 -0.667 -1.45 -2.092 -3.064 -3.796 -3.941
0.0084736 -0.25 9.95424 1.013968229 2.475793148 0.914 2.547 3.6104 1.246 7 0 0.476 11.98 8.75 6.1 4.73 3.83 3 -7.62e-09 0 0.7136 0.2766 0.001315 0.0005794 0.003685 -1 0.009757 -1.597 2.264 0.715 -0.732 -1.53 -2.185 -3.174 -3.917 -4.066
0.0084736 -0.25 9.95424 1.013981223 2.475795782 0.911 2.588 3.6048 1.181 7 0 0.475 13.72 9.84 6.83 5.29 4.29 3 -9.44e-09 0 0.7136 0.2766 0.001313 0.0005804 0.003685 -1 0.009738 -1.701 2.334 0.708 -0.771 -1.593 -2.273 -3.288 -4.049 -4.206
0.0084736 -0.25 9.95424 1.013993144 2.475798199 0.907 2.629 3.5979 1.11 7 0 0.474 15.88 11.16 7.7 5.98 4.85 3 -1.17e-08 0 0.7136 0.2766 0.00131 0.0005834 0.003685 -1 0.00973 -1.803 2.44 0.725 -0.79 -1.642 -2.355 -3.403 -4.186 -4.353
0.0084736 -0.25 9.95424 1.014004946 2.475800592 0.903 2.671 3.5941 1.051 7 0 0.472 17.96 12.41 8.52 6.63 5.38 3 -1.45e-08 0 0.7136 0.2767 0.001304 0.0005894 0.003685 -1 0.009716 -1.908 2.46 0.693 -0.845 -1.714 -2.448 -3.515 -4.31 -4.482
0.0084736 -0.25 9.95424 1.014016032 2.475802839 0.897 2.713 3.5902 0.991 7 0 0.47 20.34 13.81 9.43 7.36 5.97 3 -1.79e-08 0 0.7136 0.2767 0.001298 0.0005968 0.003685 -1 0.009724 -2.012 2.488 0.665 -0.897 -1.784 -2.54 -3.627 -4.434 -4.612
0.0084736 -0.25 9.95424 1.014026403 2.475804942 0.891 2.754 3.5861 0.93 7 0 0.467 23.05 15.37 10.45 8.17 6.63 2 -2.23e-08 0 0.7136 0.2767 0.001292 0.0006043 0.003685 -1 0.009736 -2.115 2.521 0.648 -0.936 -1.844 -2.63 -3.739 -4.557 -4.741
0.0084736 -0.25 9.95424 1.014036298 2.475806948 0.883 2.796 3.5819 0.868 7 0 0.465 26.25 17.18 11.62 9.1 7.39 2 -2.79e-08 0 0.7136 0.2767 0.001287 0.000611 0.003685 -1 0.009741 -2.22 2.557 0.634 -0.974 -1.904 -2.721 -3.854 -4.683 -4.874
0.0084736 -0.25 9.95424 1.014043927 2.475808494 0.876 2.836 3.5777 0.808 7 0 0.464 29.71 19.11 12.86 10.09 8.19 2 -3.43e-08 0 0.7136 0.2767 0.001282 0.0006162 0.003685 -1 0.009718 -2.32 2.589 0.627 -0.999 -1.952 -2.806 -3.963 -4.803 -5.001
0.0084736 -0.25 9.95424 1.014048934 2.475809509 0.871 2.871 3.5741 0.756 7 0 0.463 33.1 20.96 14.04 11.03 8.96 2 -4.09e-08 0 0.7136 0.2767 0.001279 0.0006203 0.003685 -1 0.009691 -2.406 2.614 0.625 -1.015 -1.989 -2.879 -4.058 -4.908 -5.112
0.0084736 -0.25 9.95424 1.014052987 2.475810331 0.865 2.907 3.5701 0.7 7 0 0.461 37.13 23.13 15.43 12.14 9.86 2 -4.89e-08 0 0.7136 0.2767 0.001275 0.0006244 0.003685 -1 0.009686 -2.499 2.641 0.625 -1.031 -2.028 -2.956 -4.159 -5.02 -5.23
0.0084736 -0.25 9.95424 1.014056683 2.47581108 0.859 2.947 3.5658 0.641 7 0 0.46 42.03 25.72 17.07 13.46 10.93 2 -5.94e-08 0 0.7136 0.2767 0.001272 0.0006281 0.003685 -1 0.009691 -2.596 2.665 0.638 -1.025 -2.051 -3.034 -4.269 -5.139 -5.356
0.0084736 -0.25 9.95424 1.01406002 2.475811757 0.853 2.986 3.5612 0.579 7 0 0.46 47.73 28.67 18.93 14.95 12.15 1 -7.27e-08 0 0.7135 0.2767 0.00127 0.0006312 0.003685 -1 0.009737 -2.695 2.692 0.656 -1.015 -2.071 -3.112 -4.379 -5.261 -5.485
0.0084736 -0.25 9.95424 1.014063001 2.475812361 0.846 3.022 3.5568 0.523 7 0 0.459 53.71 31.7 20.83 16.48 13.4 1 -8.75e-08 0 0.7135 0.2767 0.001268 0.0006335 0.003685 -1 0.009735 -2.785 2.717 0.69 -0.982 -2.072 -3.177 -4.48 -5.372 -5.603
0.0084736 -0.25 9.95424 1.014066219 2.475813013 0.836 3.065 3.5514 0.453 7 0 0.458 62.09 35.86 23.43 18.58 15.11 1 -1.1e-07 0 0.7135 0.2767 0.001267 0.0006351 0.003685 -1 0.009717 -2.892 2.751 0.746 -0.925 -2.061 -3.253 -4.603 -5.506 -5.746
0.0084736 -0.25 9.95424 1.014069438 2.475813666 0.824 3.105 3.546 0.384 7 0 0.458 71.53 40.42 26.26 20.88 16.97 1 -1.37e-07 0 0.7135 0.2767 0.001266 0.0006359 0.003685 -1 0.009715 -2.993 2.784 0.825 -0.835 -2.029 -3.314 -4.721 -5.634 -5.882
0.0084736 -0.25 9.95424 1.014073014 2.475814391 0.807 3.146 3.5403 0.312 7 0 0.458 83.04 45.83 29.59 23.58 19.18 1 -1.73e-07 0 0.7135 0.2767 0.001266 0.000636 0.003685 -1 0.009715 -3.094 2.826 0.928 -0.717 -1.976 -3.367 -4.839 -5.762 -6.021
0.0084736 -0.25 9.95424 1.014076471 2.475815091 0.786 3.186 3.5342 0.237 7 0 0.458 97 52.19 33.48 26.76 21.76 1 -2.22e-07 0 0.7135 0.2767 0.001266 0.0006361 0.003685 -1 0.009715 -3.195 2.867 1.062 -0.556 -1.899 -3.402 -4.959 -5.891 -6.161
0.0084736 -0.25 9.95424 1.014077187 2.475815236 0.781 3.169 3.536 0.257 7 0 0.458 92.71 50.17 32.24 25.76 20.95 1 -2.11e-07 0 0.7135 0.2767 0.001266 0.0006361 0.003685 -1 0.009715 -3.153 2.868 1.035 -0.591 -1.91 -3.38 -4.912 -5.841 -6.108
0.0084736 -0.25 9.95424 1.014077783 2.475815357 0.777 3.151 3.5382 0.282 7 0 0.458 87.88 47.91 30.85 24.63 20.03 1 -1.97e-07 0 0.7135 0.2768 0.001265 0.0006367 0.003685 -1 0.009696 -3.108 2.865 0.997 -0.641 -1.929 -3.358 -4.859 -5.786 -6.048
0.0084736 -0.25 9.95424 1.014077902 2.475815381 0.777 3.128 3.5414 0.318 7 0 0.458 81.42 44.89 28.98 23.13 18.8 1 -1.81e-07 0 0.7135 0.2768 0.001265 0.0006367 0.003685 -1 0.009696 -3.049 2.85 0.936 -0.714 -1.962 -3.332 -4.79 -5.712 -5.969
0.0084736 -0.25 9.95424 1.014078259 2.475815454 0.775 3.175 3.5353 0.246 7 0 0.458 94.87 51.12 32.81 26.23 21.33 1 -2.21e-07 0 0.7135 0.2768 0.001265 0.0006367 0.003685 -1 0.009696 -3.166 2.874 1.051 -0.574 -1.902 -3.385 -4.927 -5.858 -6.125
0.0084736 -0.25 9.95424 1.014078498 2.475815502 0.773 3.208 3.5308 0.194 7 0 0.458 105.97 56.16 35.9 28.74 23.38 1 -2.56e-07 0 0.7135 0.2768 0.001265 0.0006367 0.003685 -1 0.009696 -3.249 2.894 1.144 -0.458 -1.849 -3.417 -5.025 -5.962 -6.237
0.0084736 -0.25 9.95424 1.014078617 2.475815526 0.772 3.225 3.5285 0.167 7 0 0.458 112.11 58.91 37.57 30.1 24.49 1 -2.77e-07 0 0.7135 0.2768 0.001265 0.0006367 0.003685 -1 0.009696 -3.291 2.903 1.203 -0.385 -1.814 -3.425 -5.075 -6.014 -6.294
0.0084736 -0.25 9.95424 1.014078855 2.475815575 0.77 3.249 3.525 0.127 7 0 0.458 121.96 63.27 40.22 32.26 26.25 1 -3.09e-07 0 0.7135 0.2768 0.001265 0.0006367 0.003685 -1 0.009696 -3.353 2.92 1.304 -0.259 -1.752 -3.428 -5.149 -6.091 -6.378
0.0084736 -0.25 9.95424 1.014079094 2.475815623 0.767 3.279 3.5209 0.08 7 0 0.458 134.48 68.86 43.6 35.03 28.5 1 -3.51e-07 0 0.7135 0.2768 0.001265 0.000637 0.003685 -1 0.009696 -3.426 2.941 1.426 -0.108 -1.677 -3.43 -5.235 -6.182 -6.478
0.0084736 -0.25 9.95424 1.014079332 2.475815671 0.764 3.299 3.518 0.046 7 0 0.458 141.39 73.07 46.14 37.11 30.2 1 -3.84e-07 0 0.7135 0.2768 0.001265 0.0006374 0.003685 -1 0.009696 -3.477 2.954 1.523 0.017 -1.615 -3.418 -5.295 -6.245 -6.547
0.0084736 -0.25 9.95424 1.014079809 2.475815768 0.759 3.33 3.5132 -0.007 7 0 0.458 153.21 80.38 50.53 40.7 33.13 1 -4.52e-07 0 0.7135 0.2768 0.001265 0.0006378 0.003685 -1 0.009696 -3.556 2.977 1.697 0.243 -1.499 -3.381 -5.389 -6.344 -6.656
0.0084736 -0.25 9.95424 1.014080167 2.475815841 0.751 3.362 3.5083 -0.063 7 0 0.458 166.32 88.64 55.47 44.76 36.44 0 -5.28e-07 0.01 0.7135 0.2768 0.001265 0.0006379 0.003685 -1 0.009696 -3.635 3.002 1.878 0.479 -1.378 -3.339 -5.485 -6.443 -6.765
0.0084736 -0.25 9.95424 1.014080882 2.475815986 0.739 3.393 3.5035 -0.12 7 0.524 0.457 180.65 97.92 60.98 49.31 40.15 0 -6.25e-07 0.01 0.7135 0.2768 0.001264 0.0006382 0.003685 -1 0.009696 -3.712 3.033 2.064 0.718 -1.257 -3.283 -5.578 -6.539 -6.872
0.0084736 -0.25 9.95424 1.014081478 2.475816106 0.726 3.412 3.5004 -0.159 8 0.524 0.479 190.62 104.56 64.89 52.56 42.79 0 -7.13e-07 0.01 0.7135 0.278 0.001326 0.0006395 0.003694 -1 0.008404 -3.759 3.058 2.188 0.875 -1.175 -3.244 -5.635 -6.599 -6.938
0.0084736 -0.25 9.95424 1.014081478 2.475816106 0.725 3.153 3.5348 0.237 8 0.524 0.479 95.7 51.1 32.75 26.25 21.33 1 -2.46e-07 0 0.7135 0.278 0.001326 0.0006395 0.003694 -1 0.008404 -3.112 2.944 1.127 -0.496 -1.832 -3.324 -4.875 -5.806 -6.074
0.0084736 -0.25 9.95424 1.014081597 2.475816131 0.724 3.02 3.5546 0.447 8 0.524 0.479 61.06 34.9 22.75 18.13 14.73 1 -1.41e-07 0 0.7135 0.278 0.001326 0.0006395 0.003694 -1 0.008404 -2.781 2.822 0.78 -0.904 -2.018 -3.16 -4.484 -5.378 -5.615
0.0084736 -0.25 9.95424 1.014081597 2.475816131 0.721 2.853 3.5796 0.714 8 0.524 0.479 34.59 21.54 14.35 11.36 9.21 1 -6.85e-08 0 0.7135 0.278 0.001326 0.0006395 0.003694 -1 0.008404 -2.362 2.59 0.574 -1.073 -2.022 -2.856 -4.004 -4.834 -5.032
0.0084736 -0.25 9.95424 1.014081717 2.475816155 0.718 2.874 3.5769 0.68 8 0.524 0.479 37.15 22.88 15.2 12.05 9.77 1 -7.64e-08 0 0.7135 0.278 0.001326 0.0006395 0.003694 -1 0.008404 -2.414 2.617 0.585 -1.072 -2.036 -2.898 -4.063 -4.9 -5.102
0.0084736 -0.25 9.95424 1.014081955 2.475816203 0.713 2.998 3.5589 0.48 8 0.525 0.479 56.78 32.76 21.42 17.06 13.85 1 -1.35e-07 0 0.7135 0.2781 0.001326 0.0006395 0.003694 -1 0.008404 -2.726 2.784 0.713 -0.978 -2.056 -3.13 -4.417 -5.302 -5.532
0.0084736 -0.25 9.95424 1.014082074 2.475816227 0.707 3.157 3.5359 0.226 8 0.525 0.479 97.55 51.77 33.15 26.6 21.61 1 -2.72e-07 0 0.7135 0.2781 0.001326 0.0006395 0.003694 -1 0.008404 -3.123 2.932 1.086 -0.548 -1.873 -3.346 -4.883 -5.811 -6.079
0.0084736 -0.25 9.95424 1.014082313 2.475816276 0.701 3.287 3.5173 0.018 8 0.525 0.479 143.14 75.23 47.35 38.21 31.08 1 -4.78e-07 0 0.7135 0.2781 0.001326 0.0006395 0.003694 -1 0.008404 -3.447 3.024 1.607 0.102 -1.551 -3.368 -5.267 -6.217 -6.522
0.0084736 -0.25 9.95424 1.01408267 2.475816348 0.693 3.368 3.5059 -0.113 8 0.525 0.479 174.76 95.13 59.23 47.99 39.05 0 -6.89e-07 0.01 0.7135 0.2781 0.001326 0.0006395 0.003694 -1 0.008404 -3.65 3.073 2.017 0.637 -1.287 -3.283 -5.507 -6.467 -6.796
0.0084736 -0.25 9.95424 1.014082909 2.475816396 0.685 3.408 3.5008 -0.179 8 0.525 0.479 192.74 106.83 66.15 53.71 43.71 0 -8.42e-07 0.01 0.7135 0.2781 0.001326 0.0006395 0.003694 -1 0.008404 -3.75 3.102 2.21 0.883 -1.169 -3.238 -5.623 -6.587 -6.928
0.0084736 -0.25 9.95424 1.014083266 2.475816469 0.676 3.424 3.4994 -0.207 8 0.525 0.479 191.05 -1 -1 -1 -1 0 -9.39e-07 0.02 0.7135 0.2781 0.001326 0.0006395 0.003694 -1 0.008404 -3.79 3.114 2.261 0.944 -1.146 -3.234 -5.666 -6.631 -6.976
0.0084736 -0.25 9.95424 1.014083624 2.475816541 0.666 3.43 3.4994 -0.219 8 0.526 0.479 185.92 -1 -1 -1 -1 0 -1.01e-06 0.02 0.7135 0.2781 0.001326 0.0006395 0.003694 -1 0.008404 -3.805 3.12 2.26 0.939 -1.156 -3.247 -5.68 -6.646 -6.992
0.0084736 -0.25 9.95424 1.014083624 2.475816541 0.665 3.226 3.5297 0.105 8 0.526 0.479 122.64 63.37 40.15 32.38 26.31 1 -4.43e-07 0 0.7135 0.2781 0.001326 0.0006395 0.003694 -1 0.008404 -3.296 2.954 1.187 -0.433 -1.852 -3.446 -5.075 -6.011 -6.293
0.0084736 -0.25 9.95424 1.014083743 2.475816566 0.663 3.044 3.5569 0.396 8 0.526 0.479 67.1 37.45 24.29 19.44 15.78 1 -2.07e-07 0 0.7135 0.2781 0.001326 0.0006395 0.003694 -1 0.008404 -2.839 2.778 0.684 -1.025 -2.126 -3.231 -4.537 -5.423 -5.659
0.0084736 -0.25 9.95424 1.014083862 2.47581659 0.661 2.876 3.582 0.662 8 0.526 0.479 37.92 23.13 15.33 12.19 9.88 1 -1.01e-07 0 0.7135 0.2781 0.001326 0.0006395 0.003694 -1 0.008404 -2.42 2.526 0.489 -1.165 -2.106 -2.923 -4.061 -4.88 -5.076
0.0084736 -0.25 9.95424 1.014083982 2.475816614 0.657 2.897 3.5793 0.627 8 0.526 0.479 40.8 24.59 16.25 12.93 10.49 1 -1.13e-07 0 0.7135 0.2781 0.001326 0.0006395 0.003694 -1 0.008404 -2.473 2.559 0.496 -1.172 -2.128 -2.966 -4.119 -4.946 -5.147
0.0084736 -0.25 9.95424 1.014084101 2.475816638 0.652 3.021 3.5614 0.429 8 0.526 0.479 62.4 35.15 22.86 18.29 14.84 1 -1.99e-07 0 0.7135 0.2781 0.001326 0.0006395 0.003694 -1 0.008404 -2.783 2.738 0.62 -1.094 -2.161 -3.2 -4.469 -5.345 -5.574
0.0084736 -0.25 9.95424 1.014084339 2.475816686 0.646 3.179 3.5386 0.175 8 0.526 0.479 107.28 55.41 35.3 28.44 23.1 1 -4.01e-07 0 0.7135 0.2781 0.001326 0.0006395 0.003694 -1 0.008404 -3.177 2.9 0.968 -0.706 -2.003 -3.429 -4.929 -5.851 -6.118
0.0084736 -0.25 9.95424 1.014084578 2.475816735 0.639 3.308 3.5202 -0.032 8 0.526 0.479 149.68 80.4 50.35 40.81 33.18 0 -7.09e-07 0.01 0.7135 0.2781 0.001326 0.0006395 0.003694 -1 0.008404 -3.5 3.013 1.468 -0.095 -1.702 -3.479 -5.307 -6.255 -6.56
0.0084736 -0.25 9.95424 1.014084935 2.475816807 0.63 3.389 3.5089 -0.164 8 0.526 0.479 168.47 -1 -1 -1 -1 0 -1.03e-06 0.02 0.7135 0.2781 0.001326 0.0006395 0.003694 -1 0.008404 -3.702 3.09 1.905 0.464 -1.422 -3.393 -5.545 -6.503 -6.834
0.0084736 -0.25 9.95424 1.014085293 2.47581688 0.621 3.429 3.5039 -0.23 8 0.527 0.479 164.1 -1 -1 -1 -1 0 -1.27e-06 0.03 0.7135 0.2781 0.001326 0.0006395 0.003694 -1 0.008404 -3.803 3.147 2.116 0.723 -1.296 -3.342 -5.657 -6.621 -6.966
0.0084736 -0.25 9.95424 1.01408565 2.475816952 0.611 3.445 3.5024 -0.259 8 0.527 0.479 159.35 -1 -1 -1 -1 0 -1.43e-06 0.03 0.7135 0.2781 0.001326 0.0006395 0.003694 -1 0.008404 -3.843 3.18 2.186 0.8 -1.263 -3.333 -5.699 -6.665 -7.017
0.0084736 -0.25 9.95424 1.014086127 2.475817049 0.6 3.452 3.5025 -0.274 8 0.527 0.479 154.26 -1 -1 -1 -1 0 -1.56e-06 0.04 0.7135 0.2781 0.001326 0.0006395 0.003694 -1 0.008404 -3.86 3.2 2.195 0.802 -1.27 -3.343 -5.713 -6.68 -7.034
0.0084736 -0.25 9.95424 1.01408875 2.47581758 0.528 -9.999 4 1.869 9 0.528 0 0 0 0 0 0 -1 -1e-30 0 0.7135 0.2781 0.001326 0.0006395 0.003694 -1 0.008404 29.767 29.741 30 30.047 30.035 30.03 30.076 30.073 30.089
