# downloaded from PARSEC/CMD via ezpadova
# component=bar family=bar component_index=8 logAge=9.95424 MH=0.0 photometric_system=twomass
# Zini MH logAge Mini int_IMF Mass logL logTe logg label McoreTP C_O period0 period1 period2 period3 period4 pmode Mloss tau1m X Y Xc Xn Xo Cexcess Z mbolmag Jmag Hmag Ksmag
0.01471 0 9.95424 0.0900000036 1.081689593 0.09 -3.421 3.3634 5.219 1 0 0.545 0 0 0 0 0 -1 -3.91e-17 0 0.7096 0.2756 0.002655 0.0007163 0.006496 -1 0.01476 13.324 11.175 10.571 10.31
0.01471 0 9.95424 0.1000000015 1.171106412 0.1 -3.238 3.3896 5.186 1 0 0.545 0 0 0 0 0 -1 -5.87e-17 0 0.7093 0.2759 0.002655 0.0007163 0.006496 -1 0.01476 12.864 10.717 10.114 9.849
0.01471 0 9.95424 0.1111498475 1.258023235 0.111 -3.083 3.41 5.159 1 0 0.545 0 0 0 0 0 -1 -8.2e-17 0 0.7088 0.2764 0.002655 0.0007163 0.006496 -1 0.01476 12.478 10.331 9.729 9.462
0.01471 0 9.95424 0.1200000048 1.319315474 0.12 -2.971 3.4249 5.139 1 0 0.545 0 0 0 0 0 -1 -1.05e-16 0 0.7085 0.2768 0.002655 0.0007163 0.006496 -1 0.01476 12.197 10.07 9.468 9.198
0.01471 0 9.95424 0.1400000006 1.438452672 0.14 -2.788 3.4447 5.103 1 0 0.545 0 0 0 0 0 -1 -1.54e-16 0 0.7078 0.2774 0.002655 0.0007163 0.006496 -1 0.01476 11.741 9.661 9.059 8.787
0.01471 0 9.95424 0.1496943682 1.488506653 0.15 -2.717 3.4516 5.089 1 0 0.545 0 0 0 0 0 -1 -1.78e-16 0 0.7075 0.2778 0.002655 0.0007163 0.006496 -1 0.01476 11.564 9.5 8.898 8.627
0.01471 0 9.95424 0.1599999964 1.537293155 0.16 -2.647 3.4583 5.074 1 0 0.545 0 0 0 0 0 -1 -2.06e-16 0 0.7071 0.2781 0.002655 0.0007163 0.006496 -1 0.01476 11.387 9.341 8.739 8.469
0.01471 0 9.95424 0.200000003 1.693879086 0.2 -2.428 3.4771 5.027 1 0 0.545 0 0 0 0 0 -1 -3.22e-16 0 0.7061 0.2791 0.002655 0.0007163 0.006496 -1 0.01476 10.839 8.84 8.237 7.974
0.01471 0 9.95424 0.25 1.8403258 0.25 -2.216 3.4933 4.977 1 0 0.545 0 0 0 0 0 -1 -2.54e-16 0 0.7053 0.2799 0.002655 0.0007163 0.006496 -1 0.01476 10.309 8.351 7.748 7.493
0.01471 0 9.95424 0.3000000119 1.952913977 0.3 -2.051 3.5038 4.934 1 0 0.545 0 0 0 0 0 -1 -2.85e-17 0 0.705 0.2802 0.002655 0.0007163 0.006496 -1 0.01476 9.899 7.965 7.359 7.111
0.01471 0 9.95424 0.3224172294 1.995744683 0.322 -1.982 3.5079 4.912 1 0 0.545 0 0 0 0 0 -1 -2.45e-16 0 0.7077 0.2775 0.002655 0.0007163 0.006496 -1 0.01476 9.726 7.802 7.194 6.949
0.01471 0 9.95424 0.3500000238 2.043417513 0.35 -1.903 3.5125 4.887 1 0 0.545 0 0 0 0 0 -1 -4.91e-16 0 0.7104 0.2748 0.002655 0.0007163 0.006496 -1 0.01476 9.527 7.614 7.004 6.762
0.01471 0 9.95424 0.4000000358 2.118502481 0.4 -1.758 3.5235 4.844 1 0 0.545 0 0 0 0 0 -1 -1.31e-15 0 0.7106 0.2746 0.002655 0.0007163 0.006496 -1 0.01476 9.166 7.28 6.664 6.428
0.01471 0 9.95424 0.4495986402 2.18180616 0.449 -1.609 3.5358 4.795 1 0 0.545 0 0 0 0 0 -1 -1.85e-15 0 0.7107 0.2745 0.002655 0.0007163 0.006496 -1 0.01476 8.793 6.938 6.313 6.084
0.01471 0 9.95424 0.4500000179 2.182280936 0.45 -1.608 3.5359 4.795 1 0 0.545 0 0 0 0 0 -1 -1.85e-15 0 0.7107 0.2745 0.002655 0.0007163 0.006496 -1 0.01476 8.79 6.935 6.311 6.081
0.01471 0 9.95424 0.4501869678 2.182501885 0.45 -1.607 3.536 4.794 1 0 0.545 0 0 0 0 0 -1 -1.85e-15 0 0.7107 0.2745 0.002655 0.0007163 0.006496 -1 0.01476 8.788 6.934 6.309 6.08
0.01471 0 9.95424 0.5 2.237454153 0.5 -1.449 3.5514 4.743 1 0 0.545 0 0 0 0 0 -1 -2.69e-15 0 0.7107 0.2745 0.002655 0.0007163 0.006496 -1 0.01476 8.392 6.578 5.942 5.72
0.01471 0 9.95424 0.5500000119 2.283658263 0.55 -1.272 3.5717 4.689 1 0 0.545 0 0 0 0 0 -1 -4.1e-15 0 0.7313 0.2549 0.002478 0.0006686 0.006066 -1 0.01379 7.95 6.192 5.541 5.332
0.01471 0 9.95424 0.6000000238 2.321121326 0.6 -1.098 3.5967 4.653 1 0 0.544 0 0 0 0 0 -1 -6.1e-15 0 0.7343 0.252 0.002453 0.0006622 0.006008 -1 0.01367 7.516 5.824 5.152 4.975
0.01471 0 9.95424 0.6499999762 2.352035311 0.65 -0.921 3.6272 4.632 1 0 0.544 0 0 0 0 0 -1 -9.03e-15 0 0.7371 0.2493 0.002431 0.0006563 0.005955 -1 0.01355 7.072 5.45 4.783 4.649
0.01471 0 9.95424 0.6587808728 2.35691024 0.659 -0.89 3.6328 4.629 1 0 0.544 0 0 0 0 0 -1 -9.67e-15 0 0.7376 0.2488 0.002427 0.0006553 0.005946 -1 0.01352 6.994 5.386 4.724 4.597
0.01471 0 9.95424 0.7000000477 2.377926726 0.7 -0.748 3.6581 4.616 1 0 0.544 0 0 0 0 0 -1 -1.32e-14 0 0.7399 0.2467 0.002409 0.0006507 0.005905 -1 0.01343 6.64 5.103 4.493 4.393
0.01471 0 9.95424 0.7213446498 2.387730697 0.721 -0.675 3.6709 4.607 1 0 0.541 0 0 0 0 0 -1 -1.55e-14 0 0.7411 0.2455 0.002385 0.0006475 0.00588 -1 0.01339 6.459 4.959 4.389 4.297
0.01471 0 9.95424 0.7457822561 2.398166699 0.746 -0.594 3.6849 4.596 1 0 0.537 0 0 0 0 0 -1 -1.87e-14 0 0.7426 0.2441 0.002358 0.0006439 0.005853 -1 0.01329 6.254 4.799 4.277 4.192
0.01471 0 9.95424 0.75 2.399888909 0.75 -0.579 3.6873 4.594 1 0 0.537 0 0 0 0 0 -1 -1.93e-14 0 0.7428 0.2439 0.002354 0.0006433 0.005848 -1 0.01331 6.219 4.771 4.256 4.172
0.01471 0 9.95424 0.7562907338 2.402416573 0.756 -0.559 3.6903 4.589 1 0 0.537 0 0 0 0 0 -1 -2.02e-14 0 0.7434 0.2433 0.00235 0.0006422 0.005838 -1 0.0133 6.168 4.73 4.224 4.141
0.01471 0 9.95424 0.7789114714 2.41111907 0.779 -0.486 3.7009 4.571 1 0 0.536 0 0 0 0 0 -1 -2.4e-14 0 0.7453 0.2416 0.002334 0.0006382 0.005802 -1 0.01316 5.985 4.584 4.11 4.033
0.01471 0 9.95424 0.7987108231 2.418272746 0.798 -0.423 3.7099 4.554 1 0 0.536 0 0 0 0 0 -1 -2.8e-14 0 0.7469 0.24 0.002321 0.0006348 0.005771 -1 0.01309 5.826 4.456 4.01 3.937
0.01471 0 9.95424 0.8000000119 2.418724441 0.8 -0.418 3.7105 4.553 1 0 0.536 0 0 0 0 0 -1 -2.83e-14 0 0.747 0.2399 0.00232 0.0006345 0.005769 -1 0.01308 5.816 4.448 4.004 3.93
0.01471 0 9.95424 0.8142478466 2.423607127 0.814 -0.372 3.7166 4.54 1 0 0.536 0 0 0 0 0 -1 -3.17e-14 0 0.7484 0.2386 0.00231 0.0006315 0.005742 -1 0.01304 5.701 4.356 3.928 3.858
0.01471 0 9.95424 0.8326369524 2.429625823 0.832 -0.313 3.7244 4.521 1 0 0.536 0 0 0 0 0 -1 -3.67e-14 0 0.7501 0.2369 0.002296 0.0006278 0.005709 -1 0.01299 5.552 4.236 3.83 3.763
0.01471 0 9.95424 0.8500000238 2.435034684 0.849 -0.257 3.7314 4.501 1 0 0.536 0 0 0 0 0 -1 -4.23e-14 0 0.7518 0.2353 0.002282 0.0006242 0.005677 -1 0.01291 5.411 4.122 3.734 3.67
0.01471 0 9.95424 0.8541485071 2.436289628 0.853 -0.243 3.733 4.496 1 0 0.536 0 0 0 0 0 -1 -4.38e-14 0 0.7523 0.2348 0.002278 0.0006231 0.005667 -1 0.01289 5.377 4.094 3.711 3.648
0.01471 0 9.95424 0.8719784021 2.441527306 0.871 -0.184 3.7395 4.472 1 0 0.536 0 0 0 0 0 -1 -5.1e-14 0 0.7544 0.2328 0.002261 0.0006186 0.005627 -1 0.0128 5.23 3.974 3.608 3.548
0.01471 0 9.95424 0.8886424303 2.44620462 0.888 -0.128 3.7453 4.448 1 0 0.536 0 0 0 0 0 -1 -5.9e-14 0 0.7564 0.2309 0.002246 0.0006143 0.005589 -1 0.0127 5.091 3.861 3.508 3.451
0.01471 0 9.95424 0.8999999762 2.449278602 0.899 -0.09 3.7491 4.43 1 0 0.536 0 0 0 0 0 -1 -6.54e-14 0 0.7578 0.2296 0.002235 0.0006114 0.005563 -1 0.0126 4.995 3.782 3.438 3.383
0.01471 0 9.95424 0.9058072567 2.450816165 0.905 -0.07 3.7509 4.42 1 0 0.536 0 0 0 0 0 -1 -6.89e-14 0 0.7587 0.2287 0.002228 0.0006096 0.005546 -1 0.01256 4.945 3.741 3.401 3.347
0.01471 0 9.95424 0.9160279036 2.453467859 0.915 -0.035 3.7539 4.402 1 0 0.536 0 0 0 0 0 -1 -7.61e-14 0 0.7602 0.2273 0.002216 0.0006063 0.005517 -1 0.01252 4.856 3.665 3.332 3.28
0.01471 0 9.95424 0.9344292879 2.458074261 0.933 0.031 3.7589 4.365 1 0 0.535 0 0 0 0 0 -1 -9.11e-14 0 0.7629 0.2247 0.002194 0.0006005 0.005465 -1 0.01244 4.694 3.525 3.204 3.154
0.01471 0 9.95424 0.9499999881 2.461812187 0.949 0.086 3.7624 4.331 1 0 0.535 0 0 0 0 0 -1 -1.07e-13 0 0.7652 0.2225 0.002176 0.0005957 0.005422 -1 0.01234 4.556 3.404 3.091 3.043
0.01471 0 9.95424 0.9518913031 2.46225665 0.951 0.092 3.7628 4.327 1 0 0.535 0 0 0 0 0 -1 -1.09e-13 0 0.7655 0.2221 0.002173 0.0005949 0.005415 -1 0.01233 4.539 3.389 3.077 3.029
0.01471 0 9.95424 0.9672345519 2.465788589 0.966 0.147 3.7652 4.289 1 0 0.535 0 0 0 0 0 -1 -1.28e-13 0 0.7679 0.2199 0.002155 0.0005899 0.00537 -1 0.01219 4.402 3.264 2.957 2.91
0.01471 0 9.95424 0.9793247581 2.46848222 0.978 0.194 3.7669 4.254 1 0 0.535 0 0 0 0 0 -1 -1.48e-13 0 0.7683 0.2195 0.002153 0.0005894 0.005366 -1 0.01222 4.285 3.155 2.853 2.806
0.01471 0 9.95424 0.9810681343 2.468864341 0.98 0.201 3.7671 4.249 1 0 0.535 0 0 0 0 0 -1 -1.51e-13 0 0.7682 0.2195 0.002153 0.0005895 0.005366 -1 0.01222 4.268 3.139 2.837 2.791
0.01471 0 9.95424 0.9912267327 2.471060238 0.99 0.243 3.7678 4.215 1 0 0.535 0 0 0 0 0 -1 -1.72e-13 0 0.7677 0.22 0.002159 0.000591 0.00538 -1 0.01228 4.164 3.039 2.738 2.693
0.01471 0 9.95424 0.9991424084 2.472735752 0.998 0.276 3.7679 4.185 1 0 0.535 0 0 0 0 0 -1 -1.91e-13 0 0.7668 0.2208 0.002168 0.0005934 0.005402 -1 0.01231 4.08 2.956 2.656 2.61
0.01471 0 9.95424 1 2.472915448 0.999 0.28 3.7678 4.181 1 0 0.535 0 0 0 0 0 -1 -1.93e-13 0 0.7667 0.221 0.002169 0.0005939 0.005407 -1 0.01232 4.071 2.946 2.646 2.6
0.01471 0 9.95424 1.007463217 2.474464417 1.007 0.313 3.7673 4.149 1 0 0.535 0 0 0 0 0 -1 -2.13e-13 0 0.7654 0.2222 0.002182 0.0005975 0.00544 -1 0.01239 3.989 2.862 2.56 2.514
0.01471 0 9.95424 1.013979077 2.475795347 1.013 0.342 3.7661 4.118 1 0 0.535 0 0 0 0 0 -1 -2.34e-13 0 0.7638 0.2237 0.002199 0.0006022 0.005483 -1 0.01247 3.915 2.782 2.478 2.431
0.01471 0 9.95424 1.016028166 2.476209838 1.015 0.352 3.7654 4.106 2 0 0.535 0 0 0 0 0 -1 -2.42e-13 0 0.7625 0.2249 0.002211 0.0006055 0.005512 -1 0.01258 3.891 2.755 2.45 2.403
0.01471 0 9.95424 1.024339557 2.477871536 1.023 0.39 3.7614 4.055 2 0 0.535 0 0 0 0 0 -1 -2.74e-13 0 0.7562 0.2309 0.002267 0.000621 0.005654 -1 0.01288 3.795 2.641 2.326 2.277
0.01471 0 9.95424 1.03188467 2.479353405 1.03 0.421 3.7533 3.996 2 0 0.535 0 0 0 0 0 -1 -3.11e-13 0 0.7466 0.2401 0.002347 0.0006425 0.005847 -1 0.01329 3.719 2.528 2.194 2.141
0.01471 0 9.95424 1.036531687 2.480253749 1.035 0.431 3.7437 3.949 2 0 0.536 0 0 0 0 0 -1 -3.34e-13 0 0.7387 0.2476 0.002409 0.000659 0.005995 -1 0.01365 3.693 2.461 2.103 2.046
0.01471 0 9.95424 1.039677381 2.480857966 1.038 0.43 3.7329 3.908 2 0 0.536 0 0 0 0 0 -1 -3.48e-13 0 0.7326 0.2535 0.002455 0.0006714 0.006106 -1 0.01391 3.696 2.421 2.035 1.973
0.01471 0 9.95424 1.041833401 2.481269666 1.04 0.427 3.7225 3.871 2 0 0.536 0 0 0 0 0 -1 -3.59e-13 0 0.7283 0.2577 0.002487 0.0006799 0.006181 -1 0.01405 3.703 2.388 1.974 1.907
0.01471 0 9.95424 1.04385674 2.481654252 1.042 0.434 3.7121 3.822 2 0 0.537 0 0 0 0 0 -1 -3.84e-13 0 0.7245 0.2613 0.002513 0.0006869 0.006243 -1 0.01421 3.685 2.33 1.886 1.815
0.01471 0 9.95424 1.045849085 2.482031275 1.044 0.464 3.7036 3.759 2 0 0.537 0 0 0 0 0 -1 -4.38e-13 0 0.7208 0.2649 0.002535 0.0006926 0.006294 -1 0.01433 3.611 2.227 1.758 1.683
0.01471 0 9.95424 1.046932101 2.482235529 1.045 0.487 3.6998 3.721 2 0 0.537 0 0 0 0 0 -1 -4.81e-13 0 0.7188 0.2669 0.002545 0.0006955 0.006319 -1 0.01436 3.552 2.155 1.675 1.597
0.01471 0 9.95424 1.048474789 2.482525637 1.047 0.538 3.6963 3.657 3 0 0.537 0 0 0 0 0 -1 -5.81e-13 0 0.7156 0.27 0.002554 0.000699 0.006346 -1 0.01441 3.424 2.015 1.525 1.445
0.01471 0 9.95424 1.049815536 2.482776973 1.048 0.589 3.694 3.597 3 0 0.533 0 0 0 0 0 -1 -6.98e-13 0 0.7124 0.2731 0.002547 0.0007072 0.006366 -1 0.01448 3.297 1.88 1.382 1.302
0.01471 0 9.95424 1.049999952 2.482811486 1.048 0.597 3.6937 3.588 3 0 0.532 0 0 0 0 0 -1 -7.18e-13 0 0.7119 0.2736 0.002542 0.0007117 0.006368 -1 0.01449 3.277 1.859 1.361 1.28
0.01471 0 9.95424 1.05100739 2.482999779 1.049 0.641 3.6922 3.539 3 0 0.525 0 0 0 0 0 -1 -8.37e-13 0 0.709 0.2765 0.002512 0.0007368 0.006381 -1 0.01455 3.168 1.746 1.242 1.161
0.01471 0 9.95424 1.051910758 2.483168268 1.05 0.684 3.691 3.491 3 0 0.512 0 0 0 0 0 -1 -9.75e-13 0 0.7063 0.2792 0.002455 0.0007971 0.006391 -1 0.01457 3.061 1.635 1.127 1.045
0.01471 0 9.95424 1.052922606 2.483356595 1.051 0.736 3.6896 3.434 3 0 0.494 0 0 0 0 0 -1 -1.17e-12 0 0.7031 0.2823 0.002372 0.0008963 0.006401 -1 0.01457 2.93 1.499 0.988 0.905
0.01471 0 9.95424 1.053694248 2.483499935 1.052 0.779 3.6884 3.386 3 0 0.481 0 0 0 0 0 -1 -1.37e-12 0 0.7009 0.2845 0.002312 0.0009714 0.006406 -1 0.01459 2.822 1.387 0.872 0.789
0.01471 0 9.95424 1.054414749 2.483633558 1.052 0.823 3.6873 3.338 3 0 0.471 0 0 0 0 0 -1 -1.6e-12 0 0.6989 0.2865 0.002266 0.001031 0.006411 -1 0.01461 2.712 1.273 0.755 0.671
0.01471 0 9.95424 1.055040955 2.483749522 1.053 0.865 3.6861 3.292 3 0 0.464 0 0 0 0 0 -1 -1.85e-12 0 0.6974 0.288 0.002234 0.001071 0.006414 -1 0.01462 2.608 1.165 0.644 0.559
0.01471 0 9.95424 1.055793047 2.483888589 1.054 0.919 3.6845 3.232 3 0 0.458 0 0 0 0 0 -1 -2.24e-12 0 0.6957 0.2896 0.002203 0.001111 0.006418 -1 0.01463 2.473 1.025 0.499 0.413
0.01471 0 9.95424 1.056316495 2.483985244 1.054 0.96 3.6832 3.186 3 0 0.454 0 0 0 0 0 -1 -2.6e-12 0 0.6947 0.2906 0.002186 0.001134 0.006419 -1 0.01466 2.371 0.918 0.389 0.302
0.01471 0 9.95424 1.056922197 2.484096951 1.055 1.011 3.6814 3.128 3 0 0.451 0 0 0 0 0 -1 -3.12e-12 0 0.6938 0.2915 0.002171 0.001153 0.006421 -1 0.01465 2.242 0.783 0.249 0.161
0.01471 0 9.95424 1.057373285 2.484180046 1.055 1.053 3.6799 3.079 3 0 0.449 0 0 0 0 0 -1 -3.63e-12 0 0.6934 0.292 0.002163 0.001164 0.006422 -1 0.01466 2.136 0.673 0.134 0.044
0.01471 0 9.95424 1.05787921 2.484273147 1.056 1.105 3.6779 3.02 3 0 0.447 0 0 0 0 0 -1 -4.37e-12 0 0.6929 0.2924 0.002156 0.001173 0.006423 -1 0.01468 2.007 0.537 -0.008 -0.099
0.01471 0 9.95424 1.058345199 2.484358807 1.056 1.158 3.6758 2.959 3 0 0.447 0 0 0 0 0 -1 -5.3e-12 0 0.6927 0.2926 0.002153 0.001177 0.006424 -1 0.01468 1.876 0.399 -0.153 -0.245
0.01471 0 9.95424 1.05874908 2.484432981 1.056 1.208 3.6736 2.9 3 0 0.446 0 0 0 0 0 -1 -6.37e-12 0 0.6927 0.2927 0.002151 0.001179 0.006424 -1 0.01468 1.749 0.266 -0.293 -0.386
0.01471 0 9.95424 1.059118509 2.484500771 1.057 1.259 3.6713 2.84 3 0 0.446 0 0 0 0 0 -1 -7.65e-12 0 0.6926 0.2927 0.00215 0.00118 0.006424 -1 0.01468 1.622 0.132 -0.433 -0.529
0.01471 0 9.95424 1.059460521 2.484563481 1.057 1.311 3.6689 2.779 3 0 0.446 0 0 0 0 0 -1 -9.25e-12 0 0.6926 0.2927 0.00215 0.00118 0.006424 -1 0.01468 1.493 -0.004 -0.577 -0.674
0.01471 0 9.95424 1.059758305 2.484618043 1.057 1.36 3.6665 2.72 3 0 0.446 0 0 0 0 0 -1 -1.11e-11 0 0.6926 0.2927 0.00215 0.001181 0.006425 -1 0.01468 1.371 -0.133 -0.714 -0.813
0.01471 0 9.95424 1.060043812 2.484670324 1.057 1.411 3.664 2.659 3 0 0.446 0 0 0 0 0 -1 -1.33e-11 0 0.6926 0.2927 0.00215 0.001181 0.006425 -1 0.01468 1.243 -0.268 -0.856 -0.957
0.01471 0 9.95424 1.060303092 2.484717773 1.057 1.46 3.6614 2.6 3 0 0.446 0 0 0 0 0 -1 -1.6e-11 0 0.6926 0.2927 0.002149 0.001181 0.006425 -1 0.01468 1.121 -0.397 -0.993 -1.096
0.01471 0 9.95424 1.060557485 2.484764302 1.058 1.506 3.659 2.544 3 0 0.446 0 0 0 0 0 -1 -1.9e-11 0 0.6926 0.2927 0.002149 0.001182 0.006425 -1 0.01469 1.004 -0.52 -1.124 -1.23
0.01471 0 9.95424 1.060888767 2.484824856 1.058 1.551 3.6566 2.49 3 0 0.446 0 0 0 0 0 -1 -2.25e-11 0 0.6926 0.2927 0.002149 0.001182 0.006425 -1 0.01469 0.893 -0.638 -1.249 -1.356
0.01471 0 9.95424 1.061089873 2.484861595 1.058 1.521 3.6587 2.528 3 0 0.446 0 0 0 0 0 -1 -2.04e-11 0 0.6926 0.2927 0.002148 0.001183 0.006425 -1 0.01469 0.967 -0.559 -1.163 -1.269
0.01471 0 9.95424 1.061224222 2.484886129 1.058 1.479 3.6614 2.581 3 0 0.446 0 0 0 0 0 -1 -1.74e-11 0 0.6926 0.2927 0.002148 0.001183 0.006425 -1 0.01469 1.072 -0.446 -1.042 -1.145
0.01471 0 9.95424 1.061235666 2.484888218 1.058 1.476 3.6616 2.585 3 0 0.446 0 0 0 0 0 -1 -1.72e-11 0 0.6926 0.2927 0.002148 0.001183 0.006425 -1 0.01469 1.079 -0.439 -1.034 -1.137
0.01471 0 9.95424 1.06142509 2.484922797 1.058 1.522 3.6591 2.528 3 0 0.446 0 0 0 0 0 -1 -2.01e-11 0 0.6926 0.2927 0.002148 0.001183 0.006425 -1 0.01469 0.964 -0.56 -1.164 -1.269
0.01471 0 9.95424 1.06161952 2.484958275 1.058 1.57 3.6564 2.47 3 0 0.446 0 0 0 0 0 -1 -2.39e-11 0 0.6926 0.2927 0.002148 0.001183 0.006425 -1 0.01469 0.845 -0.687 -1.299 -1.406
0.01471 0 9.95424 1.061805487 2.484992194 1.058 1.618 3.6536 2.411 3 0 0.446 0 0 0 0 0 -1 -2.86e-11 0 0.6926 0.2927 0.002148 0.001184 0.006425 -1 0.01469 0.725 -0.815 -1.435 -1.545
0.01471 0 9.95424 1.061972618 2.485022666 1.058 1.664 3.6509 2.354 3 0 0.446 0 0 0 0 0 -1 -3.4e-11 0 0.6926 0.2927 0.002148 0.001184 0.006425 -1 0.01469 0.609 -0.94 -1.567 -1.68
0.01471 0 9.95424 1.062131166 2.485051564 1.058 1.712 3.648 2.295 3 0 0.446 0 0 0 0 0 -1 -4.06e-11 0 0.6926 0.2927 0.002147 0.001184 0.006425 -1 0.01469 0.49 -1.067 -1.703 -1.818
0.01471 0 9.95424 1.062270641 2.485076976 1.058 1.758 3.6452 2.238 3 0 0.446 0 0 0 0 0 -1 -4.82e-11 0 0.6926 0.2928 0.002147 0.001184 0.006425 -1 0.01469 0.376 -1.189 -1.833 -1.952
0.01471 0 9.95424 1.062401891 2.485100883 1.058 1.804 3.6423 2.179 3 0 0.445 0 0 0 0 0 -1 -5.74e-11 0 0.6926 0.2928 0.002147 0.001184 0.006425 -1 0.01469 0.259 -1.313 -1.967 -2.088
0.01471 0 9.95424 1.062520146 2.485122418 1.058 1.85 3.6395 2.122 3 0 0.445 0 0 0 0 0 -1 -6.8e-11 0 0.6926 0.2928 0.002147 0.001185 0.006425 -1 0.01469 0.145 -1.435 -2.097 -2.221
0.01471 0 9.95424 1.062628388 2.485142124 1.058 1.895 3.6366 2.066 3 0 0.445 0 0 0 0 0 -1 -8.07e-11 0 0.6926 0.2928 0.002147 0.001185 0.006425 -1 0.01469 0.033 -1.555 -2.226 -2.354
0.01471 0 9.95424 1.062729836 2.485160589 1.057 1.941 3.6336 2.008 3 0 0.445 0 0 0 0 0 -1 -9.58e-11 0 0.6925 0.2928 0.002147 0.001185 0.006425 -1 0.01469 -0.082 -1.677 -2.358 -2.488
0.01471 0 9.95424 1.062819839 2.485176967 1.057 1.985 3.6306 1.952 3 0 0.445 0 0 0 0 0 -1 -1.13e-10 0 0.6925 0.2928 0.002147 0.001185 0.006425 -1 0.01469 -0.193 -1.794 -2.479 -2.615
0.01471 0 9.95424 1.062901974 2.485191911 1.057 2.029 3.6276 1.896 3 0 0.445 0 0 0 0 0 -1 -1.34e-10 0 0.6925 0.2928 0.002147 0.001185 0.006425 -1 0.01469 -0.302 -1.909 -2.599 -2.741
0.01471 0 9.95424 1.062979341 2.485205985 1.057 2.074 3.6246 1.838 3 0 0.445 0 0 0 0 0 -1 -1.59e-10 0 0.6925 0.2928 0.002146 0.001185 0.006426 -1 0.01469 -0.415 -2.027 -2.721 -2.869
0.01471 0 9.95424 1.063047767 2.48521843 1.056 2.117 3.6215 1.783 3 0 0.445 0 0 0 0 0 -1 -1.87e-10 0 0.6925 0.2928 0.002146 0.001185 0.006426 -1 0.01469 -0.523 -2.14 -2.838 -2.993
0.01471 0 9.95424 1.063112497 2.485230202 1.056 2.161 3.6184 1.726 3 0 0.445 0 0 0 0 0 -1 -2.21e-10 0 0.6925 0.2928 0.002146 0.001185 0.006426 -1 0.01469 -0.634 -2.256 -2.958 -3.12
0.01471 0 9.95424 1.063169003 2.485240476 1.056 2.203 3.6155 1.672 3 0 0.445 0 0 0 0 0 -1 -2.59e-10 0 0.6925 0.2928 0.002146 0.001185 0.006426 -1 0.01469 -0.738 -2.365 -3.071 -3.239
0.01471 0 9.95424 1.063223004 2.485250295 1.055 2.246 3.6123 1.617 3 0 0.445 0 0 0 0 0 -1 -3.05e-10 0 0.6925 0.2928 0.002146 0.001186 0.006426 -1 0.01469 -0.845 -2.477 -3.188 -3.363
0.01471 0 9.95424 1.063272715 2.485259331 1.055 2.289 3.6092 1.561 3 0 0.445 0 0 0 0 0 -1 -3.59e-10 0 0.6925 0.2928 0.002146 0.001186 0.006426 -1 0.01469 -0.952 -2.589 -3.304 -3.486
0.01471 0 9.95424 1.06331718 2.485267414 1.054 2.33 3.6061 1.507 3 0 0.445 0 0 0 0 0 -1 -4.21e-10 0 0.6925 0.2928 0.002146 0.001186 0.006426 -1 0.01469 -1.055 -2.696 -3.416 -3.606
0.01471 0 9.95424 1.063359022 2.485275019 1.054 2.372 3.6029 1.452 3 0 0.445 0 0 0 0 0 -1 -4.94e-10 0 0.6925 0.2928 0.002146 0.001186 0.006426 -1 0.01469 -1.16 -2.808 -3.536 -3.731
0.01471 0 9.95424 1.063397169 2.485281952 1.053 2.413 3.5997 1.399 3 0 0.445 0 0 0 0 0 -1 -5.78e-10 0 0.6925 0.2928 0.002146 0.001186 0.006426 -1 0.01469 -1.262 -2.917 -3.654 -3.855
0.01471 0 9.95424 1.063432097 2.485288299 1.053 2.453 3.5965 1.345 3 0 0.445 0 0 0 0 0 -1 -6.76e-10 0 0.6925 0.2928 0.002146 0.001186 0.006426 -1 0.01469 -1.363 -3.026 -3.771 -3.977
0.01471 0 9.95424 1.06346488 2.485294256 1.052 2.494 3.5932 1.291 3 0 0.445 0 0 0 0 0 -1 -7.91e-10 0 0.6925 0.2928 0.002146 0.001186 0.006426 -1 0.01469 -1.465 -3.136 -3.89 -4.101
0.01471 0 9.95424 1.063494325 2.485299606 1.051 2.533 3.5901 1.239 3 0 0.445 12.73 9.19 6.42 4.95 4.01 4 -9.22e-10 0 0.6925 0.2928 0.002146 0.001186 0.006426 -1 0.01469 -1.563 -3.242 -4.005 -4.221
0.01471 0 9.95424 1.063521147 2.485304479 1.05 2.572 3.5868 1.187 3 0 0.445 14.18 10.09 7.01 5.41 4.4 3 -1.07e-09 0 0.6925 0.2928 0.002146 0.001186 0.006426 -1 0.01469 -1.659 -3.346 -4.117 -4.339
0.01471 0 9.95424 1.063546777 2.485309136 1.049 2.611 3.5834 1.134 3 0 0.445 15.83 11.1 7.68 5.94 4.82 3 -1.25e-09 0 0.6925 0.2928 0.002146 0.001186 0.006426 -1 0.01469 -1.757 -3.452 -4.232 -4.459
0.01471 0 9.95424 1.063569903 2.485313337 1.049 2.649 3.5802 1.083 3 0 0.445 17.6 12.17 8.39 6.5 5.28 3 -1.45e-09 0 0.6925 0.2928 0.002146 0.001186 0.006426 -1 0.01469 -1.852 -3.554 -4.343 -4.575
0.01471 0 9.95424 1.063591242 2.485317213 1.048 2.686 3.5769 1.032 3 0 0.445 19.56 13.34 9.16 7.1 5.77 3 -1.67e-09 0 0.6925 0.2928 0.002146 0.001186 0.006426 -1 0.01469 -1.945 -3.656 -4.452 -4.691
0.01471 0 9.95424 1.063611388 2.485320873 1.046 2.723 3.5734 0.98 3 0 0.445 21.77 14.65 10.01 7.77 6.32 3 -1.94e-09 0 0.6925 0.2928 0.002146 0.001186 0.006426 -1 0.01469 -2.038 -3.759 -4.563 -4.807
0.01471 0 9.95424 1.063630223 2.485324294 1.045 2.76 3.57 0.929 3 0 0.445 24.21 16.06 10.94 8.5 6.91 3 -2.24e-09 0 0.6925 0.2928 0.002146 0.001186 0.006426 -1 0.01469 -2.131 -3.86 -4.673 -4.923
0.01471 0 9.95424 1.063651562 2.48532817 1.044 2.805 3.5657 0.867 3 0 0.445 27.54 17.97 12.17 9.48 7.7 3 -2.68e-09 0 0.6925 0.2928 0.002146 0.001186 0.006426 -1 0.01469 -2.242 -3.985 -4.805 -5.063
0.01471 0 9.95424 1.063670874 2.485331678 1.042 2.848 3.5615 0.806 3 0 0.445 31.25 20.05 13.51 10.54 8.57 2 -3.18e-09 0 0.6925 0.2928 0.002146 0.001186 0.006426 -1 0.01469 -2.35 -4.106 -4.935 -5.199
0.01471 0 9.95424 1.063688517 2.485334882 1.04 2.891 3.5573 0.746 3 0 0.445 35.39 22.34 14.98 11.71 9.52 2 -3.78e-09 0 0.6925 0.2928 0.002146 0.001186 0.006426 -1 0.01469 -2.457 -4.225 -5.062 -5.334
0.01471 0 9.95424 1.063705087 2.485337891 1.038 2.933 3.553 0.685 3 0 0.445 40.09 24.9 16.62 13 10.58 2 -4.48e-09 0 0.6925 0.2928 0.002146 0.001186 0.006426 -1 0.01469 -2.562 -4.343 -5.188 -5.468
0.01471 0 9.95424 1.063720226 2.485340641 1.036 2.974 3.5487 0.626 3 0 0.445 45.35 27.7 18.4 14.42 11.74 2 -5.3e-09 0 0.6925 0.2928 0.002146 0.001186 0.006426 -1 0.01469 -2.665 -4.459 -5.313 -5.6
0.01471 0 9.95424 1.063734293 2.485343195 1.033 3.014 3.5443 0.567 3 0 0.445 51.26 30.81 20.37 15.99 13.02 2 -6.26e-09 0 0.6925 0.2928 0.002146 0.001186 0.006426 -1 0.01469 -2.766 -4.575 -5.435 -5.731
0.01471 0 9.95424 1.063747525 2.485345598 1.031 3.055 3.5398 0.508 3 0 0.445 57.92 34.26 22.53 17.72 14.43 2 -7.39e-09 0 0.6925 0.2928 0.002146 0.001186 0.006426 -1 0.01469 -2.867 -4.689 -5.557 -5.861
0.01471 0 9.95424 1.063759565 2.485347785 1.028 3.094 3.5354 0.45 3 0 0.445 65.28 38 24.88 19.6 15.96 2 -8.69e-09 0 0.6925 0.2928 0.002146 0.001186 0.006426 -1 0.01469 -2.964 -4.802 -5.675 -5.987
0.01471 0 9.95424 1.063770771 2.485349819 1.024 3.132 3.531 0.393 3 0 0.445 73.54 42.13 27.45 21.66 17.65 2 -1.02e-08 0 0.6925 0.2928 0.002146 0.001186 0.006426 -1 0.01469 -3.06 -4.914 -5.792 -6.113
0.01471 0 9.95424 1.063781142 2.485351703 1.021 3.17 3.5266 0.336 3 0 0.445 82.7 46.64 30.25 23.91 19.48 1 -1.2e-08 0 0.6925 0.2928 0.002146 0.001186 0.006426 -1 0.01469 -3.154 -5.023 -5.905 -6.236
0.01471 0 9.95424 1.063790798 2.485353456 1.017 3.206 3.5221 0.28 3 0 0.445 92.85 51.55 33.28 26.35 21.47 1 -1.4e-08 0 0.6925 0.2928 0.002146 0.001186 0.006426 -1 0.01469 -3.245 -5.13 -6.016 -6.357
0.01471 0 9.95424 1.063799858 2.485355101 1.013 3.242 3.5177 0.224 3 0 0.445 104.14 56.92 36.58 29.01 23.64 1 -1.63e-08 0 0.6925 0.2928 0.002146 0.001186 0.006426 -1 0.01469 -3.335 -5.235 -6.125 -6.475
0.01471 0 9.95424 1.063808441 2.485356659 1.008 3.277 3.5132 0.169 3 0 0.445 116.85 62.88 40.22 31.95 26.04 1 -1.89e-08 0 0.6925 0.2928 0.002146 0.001186 0.006426 -1 0.01469 -3.424 -5.339 -6.233 -6.594
0.01471 0 9.95424 1.063816309 2.485358088 1.003 3.312 3.5087 0.115 3 0 0.445 130.73 69.27 44.12 35.09 28.62 1 -2.19e-08 0 0.6925 0.2928 0.002146 0.001186 0.006426 -1 0.01469 -3.509 -5.439 -6.338 -6.708
0.01471 0 9.95424 1.0638237 2.48535943 0.998 3.345 3.5044 0.062 3 0 0.445 145.77 76.08 48.24 38.44 31.35 1 -2.52e-08 0 0.6925 0.2928 0.002146 0.001186 0.006426 -1 0.01469 -3.592 -5.536 -6.438 -6.816
0.01471 0 9.95424 1.063830972 2.48536075 0.992 3.378 3.5001 0.009 3 0 0.445 162.69 83.61 52.79 42.13 34.36 1 -2.91e-08 0 0.6925 0.2928 0.002146 0.001186 0.006426 -1 0.01469 -3.675 -5.632 -6.539 -6.927
0.01471 0 9.95424 1.063836694 2.485361789 0.986 3.402 3.4969 -0.031 3 0 0.445 174.96 89.65 56.42 45.08 36.78 1 -3.25e-08 0 0.6925 0.2928 0.002146 0.001186 0.006426 -1 0.01469 -3.735 -5.703 -6.613 -7.006
0.01471 0 9.95424 1.063836694 2.485361789 0.987 1.688 3.6683 2.37 4 0 0.466 0 0 0 0 0 -1 -1e-30 0 0.6951 0.2903 0.002236 0.001066 0.006402 -1 0.01462 0.55 -0.951 -1.52 -1.62
0.01471 0 9.95424 1.063935757 2.485379773 0.987 1.696 3.6678 2.36 4 0 0.466 0 0 0 0 0 -1 -1e-30 0 0.6951 0.2903 0.002236 0.001066 0.006402 -1 0.01462 0.531 -0.973 -1.543 -1.644
0.01471 0 9.95424 1.064037204 2.485398186 0.987 1.7 3.6676 2.355 4 0 0.466 0 0 0 0 0 -1 -1e-30 0 0.6951 0.2903 0.002236 0.001066 0.006402 -1 0.01462 0.521 -0.983 -1.554 -1.654
0.01471 0 9.95424 1.064138651 2.485416594 0.987 1.699 3.6678 2.356 4 0 0.466 0 0 0 0 0 -1 -1e-30 0 0.6951 0.2903 0.002236 0.001066 0.006402 -1 0.01462 0.521 -0.982 -1.552 -1.653
0.01471 0 9.95424 1.064240813 2.485435128 0.987 1.697 3.6682 2.36 4 0 0.466 0 0 0 0 0 -1 -1e-30 0 0.6951 0.2903 0.002236 0.001066 0.006402 -1 0.01462 0.527 -0.975 -1.544 -1.645
0.01471 0 9.95424 1.06434679 2.485454351 0.987 1.695 3.6687 2.365 4 0 0.466 0 0 0 0 0 -1 -1e-30 0 0.6951 0.2903 0.002235 0.001066 0.006402 -1 0.01462 0.533 -0.967 -1.534 -1.634
0.01471 0 9.95424 1.064448595 2.485472812 0.988 1.692 3.6693 2.37 4 0 0.466 0 0 0 0 0 -1 -1e-30 0 0.6951 0.2903 0.002235 0.001067 0.006402 -1 0.01462 0.54 -0.959 -1.524 -1.624
0.01471 0 9.95424 1.064555883 2.485492263 0.988 1.689 3.6698 2.375 4 0 0.465 0 0 0 0 0 -1 -1e-30 0 0.6951 0.2903 0.002235 0.001067 0.006402 -1 0.01462 0.547 -0.95 -1.514 -1.613
0.01471 0 9.95424 1.064658999 2.485510953 0.988 1.686 3.6703 2.379 4 0 0.465 0 0 0 0 0 -1 -1e-30 0 0.6951 0.2903 0.002235 0.001067 0.006403 -1 0.01462 0.554 -0.942 -1.504 -1.603
0.01471 0 9.95424 1.06475997 2.485529251 0.988 1.684 3.6707 2.384 4 0 0.465 0 0 0 0 0 -1 -1e-30 0 0.6951 0.2903 0.002235 0.001067 0.006403 -1 0.01462 0.56 -0.935 -1.496 -1.594
0.01471 0 9.95424 1.06487 2.485549186 0.988 1.682 3.6711 2.387 4 0 0.465 0 0 0 0 0 -1 -1e-30 0 0.695 0.2903 0.002235 0.001067 0.006403 -1 0.01462 0.565 -0.928 -1.488 -1.586
0.01471 0 9.95424 1.06498003 2.485569116 0.988 1.68 3.6715 2.391 4 0 0.465 0 0 0 0 0 -1 -1e-30 0 0.695 0.2903 0.002235 0.001067 0.006403 -1 0.01462 0.57 -0.922 -1.481 -1.579
0.01471 0 9.95424 1.065090537 2.485589127 0.988 1.678 3.6719 2.394 4 0 0.465 0 0 0 0 0 -1 -1e-30 0 0.695 0.2903 0.002235 0.001068 0.006403 -1 0.01462 0.574 -0.917 -1.474 -1.572
0.01471 0 9.95424 1.065198064 2.485608595 0.989 1.677 3.6722 2.397 4 0 0.465 0 0 0 0 0 -1 -1e-30 0 0.695 0.2903 0.002235 0.001068 0.006403 -1 0.01462 0.577 -0.913 -1.469 -1.567
0.01471 0 9.95424 1.065246344 2.485617334 0.989 1.677 3.6723 2.398 4 0 0.465 0 0 0 0 0 -1 -1e-30 0 0.695 0.2903 0.002234 0.001068 0.006403 -1 0.01462 0.579 -0.911 -1.467 -1.564
0.01471 0 9.95424 1.065279603 2.485623354 0.989 1.676 3.6724 2.398 4 0 0.465 0 0 0 0 0 -1 -1e-30 0 0.695 0.2903 0.002234 0.001068 0.006403 -1 0.01462 0.58 -0.91 -1.466 -1.563
0.01471 0 9.95424 1.065382719 2.485642015 0.989 1.675 3.6727 2.4 4 0 0.465 0 0 0 0 0 -1 -1e-30 0 0.695 0.2904 0.002234 0.001068 0.006403 -1 0.01462 0.582 -0.907 -1.462 -1.559
0.01471 0 9.95424 1.065482855 2.485660133 0.989 1.675 3.6729 2.402 4 0 0.465 0 0 0 0 0 -1 -1e-30 0 0.695 0.2904 0.002234 0.001068 0.006403 -1 0.01462 0.583 -0.904 -1.459 -1.556
0.01471 0 9.95424 1.065578818 2.485677493 0.989 1.674 3.673 2.403 4 0 0.465 0 0 0 0 0 -1 -1e-30 0 0.695 0.2904 0.002234 0.001068 0.006403 -1 0.01462 0.584 -0.903 -1.457 -1.554
0.01471 0 9.95424 1.065682054 2.485696163 0.989 1.674 3.6731 2.403 4 0 0.465 0 0 0 0 0 -1 -1e-30 0 0.695 0.2904 0.002234 0.001068 0.006403 -1 0.01462 0.584 -0.903 -1.457 -1.553
0.01471 0 9.95424 1.065779686 2.485713817 0.989 1.675 3.6732 2.404 4 0 0.465 0 0 0 0 0 -1 -1e-30 0 0.695 0.2904 0.002234 0.001069 0.006403 -1 0.01462 0.584 -0.903 -1.457 -1.553
0.01471 0 9.95424 1.065879822 2.48573192 0.989 1.675 3.6732 2.403 4 0 0.465 0 0 0 0 0 -1 -1e-30 0 0.695 0.2904 0.002234 0.001069 0.006403 -1 0.01462 0.582 -0.905 -1.458 -1.555
0.01471 0 9.95424 1.065977931 2.485749652 0.989 1.676 3.6732 2.402 4 0 0.465 0 0 0 0 0 -1 -1e-30 0 0.695 0.2904 0.002234 0.001069 0.006403 -1 0.01462 0.579 -0.908 -1.461 -1.558
0.01471 0 9.95424 1.065984964 2.485750923 0.989 1.676 3.6732 2.402 4 0 0.465 0 0 0 0 0 -1 -1e-30 0 0.695 0.2904 0.002234 0.001069 0.006403 -1 0.01462 0.579 -0.908 -1.461 -1.558
0.01471 0 9.95424 1.066027522 2.485758613 0.99 1.677 3.6732 2.401 4 0 0.465 0 0 0 0 0 -1 -1e-30 0 0.695 0.2904 0.002234 0.001069 0.006403 -1 0.01462 0.577 -0.91 -1.463 -1.56
0.01471 0 9.95424 1.066132426 2.485777568 0.99 1.679 3.6731 2.399 4 0 0.465 0 0 0 0 0 -1 -1e-30 0 0.695 0.2904 0.002234 0.001069 0.006403 -1 0.01462 0.573 -0.915 -1.469 -1.565
0.01471 0 9.95424 1.0662359 2.485796259 0.99 1.682 3.6729 2.396 4 0 0.465 0 0 0 0 0 -1 -1e-30 0 0.695 0.2904 0.002233 0.001069 0.006403 -1 0.01462 0.566 -0.922 -1.476 -1.573
0.01471 0 9.95424 1.066339016 2.485814882 0.99 1.685 3.6726 2.392 4 0 0.465 0 0 0 0 0 -1 -1e-30 0 0.695 0.2904 0.002233 0.001069 0.006403 -1 0.01462 0.559 -0.93 -1.485 -1.582
0.01471 0 9.95424 1.066444874 2.485833996 0.99 1.688 3.6723 2.387 4 0 0.465 0 0 0 0 0 -1 -1e-30 0 0.695 0.2904 0.002233 0.00107 0.006403 -1 0.01462 0.549 -0.94 -1.496 -1.594
0.01471 0 9.95424 1.066549063 2.485852804 0.99 1.693 3.6719 2.38 4 0 0.465 0 0 0 0 0 -1 -1e-30 0 0.695 0.2904 0.002233 0.00107 0.006403 -1 0.01462 0.538 -0.953 -1.51 -1.608
0.01471 0 9.95424 1.066653371 2.485871629 0.99 1.698 3.6714 2.373 4 0 0.465 0 0 0 0 0 -1 -1e-30 0 0.695 0.2904 0.002233 0.00107 0.006403 -1 0.01462 0.524 -0.968 -1.527 -1.625
0.01471 0 9.95424 1.066757321 2.485890386 0.99 1.705 3.6708 2.365 4 0 0.465 0 0 0 0 0 -1 -1e-30 0 0.695 0.2904 0.002233 0.00107 0.006403 -1 0.01462 0.509 -0.986 -1.546 -1.645
0.01471 0 9.95424 1.066860318 2.485908966 0.991 1.712 3.6701 2.355 4 0 0.465 0 0 0 0 0 -1 -1e-30 0 0.695 0.2904 0.002233 0.00107 0.006403 -1 0.01462 0.491 -1.006 -1.568 -1.668
0.01471 0 9.95424 1.066966176 2.485928058 0.991 1.721 3.6692 2.342 4 0 0.465 0 0 0 0 0 -1 -1e-30 0 0.695 0.2904 0.002233 0.00107 0.006403 -1 0.01462 0.468 -1.032 -1.597 -1.697
0.01471 0 9.95424 1.067073345 2.485947383 0.991 1.723 3.6691 2.339 4 0 0.465 0 0 0 0 0 -1 -1e-30 0 0.695 0.2904 0.002233 0.00107 0.006404 -1 0.01462 0.463 -1.037 -1.603 -1.703
0.01471 0 9.95424 1.067179918 2.485966595 0.991 1.751 3.6665 2.301 4 0 0.465 0 0 0 0 0 -1 -1e-30 0 0.695 0.2904 0.002232 0.001071 0.006404 -1 0.01463 0.394 -1.114 -1.688 -1.79
0.01471 0 9.95424 1.067262649 2.485981506 0.991 1.789 3.663 2.249 4 0 0.465 0 0 0 0 0 -1 -1e-30 0 0.6949 0.2904 0.002232 0.001071 0.006404 -1 0.01463 0.298 -1.221 -1.804 -1.909
0.01471 0 9.95424 1.067303777 2.485988918 0.991 1.826 3.6594 2.197 4 0 0.465 0 0 0 0 0 -1 -1e-30 0 0.6949 0.2904 0.002232 0.001071 0.006404 -1 0.01463 0.204 -1.325 -1.92 -2.028
0.01471 0 9.95424 1.067326903 2.485993085 0.991 1.867 3.6558 2.142 4 0 0.465 0 0 0 0 0 -1 -1e-30 0 0.6949 0.2904 0.002232 0.001071 0.006404 -1 0.01463 0.103 -1.437 -2.043 -2.154
0.01471 0 9.95424 1.067338347 2.485995147 0.991 1.905 3.6523 2.09 4 0 0.465 0 0 0 0 0 -1 -1e-30 0 0.6949 0.2904 0.002232 0.001071 0.006404 -1 0.01463 0.008 -1.542 -2.158 -2.272
0.01471 0 9.95424 1.067344427 2.485996243 0.991 1.943 3.6489 2.038 4 0 0.465 0 0 0 0 0 -1 -1e-30 0 0.6949 0.2904 0.002232 0.001071 0.006404 -1 0.01463 -0.088 -1.648 -2.274 -2.392
0.01471 0 9.95424 1.067348003 2.485996887 0.991 1.982 3.6454 1.985 4 0 0.465 0 0 0 0 0 -1 -1e-30 0 0.6949 0.2904 0.002232 0.001071 0.006404 -1 0.01463 -0.186 -1.754 -2.39 -2.512
0.01471 0 9.95424 1.067350388 2.485997317 0.991 2.021 3.642 1.933 4 0 0.465 0 0 0 0 0 -1 -1e-30 0 0.6949 0.2904 0.002232 0.001071 0.006404 -1 0.01463 -0.283 -1.859 -2.501 -2.628
0.01471 0 9.95424 1.067351699 2.485997553 0.991 2.049 3.6396 1.896 7 0 0.465 0 0 0 0 0 -1 -1e-30 0 0.6949 0.2904 0.002232 0.001071 0.006404 -1 0.01463 -0.352 -1.933 -2.579 -2.711
0.01471 0 9.95424 1.067352057 2.485997618 0.991 2.058 3.6387 1.883 7 0 0.465 0 0 0 0 0 -1 -1e-30 0 0.6949 0.2904 0.002232 0.001071 0.006404 -1 0.01463 -0.376 -1.959 -2.606 -2.739
0.01471 0 9.95424 1.067353845 2.48599794 0.991 2.104 3.6348 1.822 7 0 0.465 0 0 0 0 0 -1 -1e-30 0 0.6949 0.2904 0.002232 0.001071 0.006404 -1 0.01463 -0.489 -2.08 -2.734 -2.874
0.01471 0 9.95424 1.067355514 2.48599824 0.991 2.14 3.6317 1.773 7 0 0.465 0 0 0 0 0 -1 -1e-30 0 0.6949 0.2904 0.002232 0.001071 0.006404 -1 0.01463 -0.579 -2.176 -2.836 -2.981
0.01471 0 9.95424 1.067359924 2.485999035 0.991 2.148 3.6311 1.763 7 0 0.465 0 0 0 0 0 -1 -1e-30 0 0.6949 0.2904 0.002232 0.001071 0.006404 -1 0.01463 -0.599 -2.197 -2.858 -3.005
0.01471 0 9.95424 1.067364335 2.48599983 0.991 2.125 3.6331 1.793 7 0 0.465 0 0 0 0 0 -1 -1e-30 0 0.6949 0.2904 0.002232 0.001071 0.006404 -1 0.01463 -0.543 -2.137 -2.795 -2.938
0.01471 0 9.95424 1.067403913 2.486006961 0.991 2.105 3.6348 1.82 7 0 0.465 0 0 0 0 0 -1 -2.99e-21 0 0.6949 0.2898 0.002232 0.001071 0.006404 -1 0.01522 -0.492 -2.083 -2.738 -2.878
0.01471 0 9.95424 1.067470193 2.486018901 0.99 2.136 3.632 1.778 7 0 0.465 0 0 0 0 0 -1 -7.07e-10 0 0.6949 0.2891 0.002232 0.001071 0.006404 -1 0.01594 -0.569 -2.166 -2.825 -2.97
0.01471 0 9.95424 1.067508817 2.486025859 0.989 2.174 3.6287 1.726 7 0 0.465 0 0 0 0 0 -1 -8.67e-10 0 0.6949 0.2891 0.002232 0.001071 0.006404 -1 0.01594 -0.665 -2.267 -2.932 -3.083
0.01471 0 9.95424 1.067544818 2.486032343 0.988 2.214 3.6252 1.672 7 0 0.465 0 0 0 0 0 -1 -1.07e-09 0 0.6949 0.2891 0.002232 0.001071 0.006404 -1 0.01594 -0.765 -2.373 -3.044 -3.202
0.01471 0 9.95424 1.067576885 2.486038119 0.987 2.255 3.6217 1.616 7 0 0.465 0 0 0 0 0 -1 -1.33e-09 0 0.6949 0.2891 0.002232 0.001071 0.006404 -1 0.01594 -0.868 -2.482 -3.159 -3.325
0.01471 0 9.95424 1.067604423 2.486043078 0.986 2.296 3.6181 1.56 7 0 0.465 0 0 0 0 0 -1 -1.63e-09 0 0.6949 0.2891 0.002232 0.001071 0.006404 -1 0.01594 -0.971 -2.591 -3.274 -3.447
0.01471 0 9.95424 1.067628622 2.486047436 0.984 2.337 3.6146 1.504 7 0 0.465 0 0 0 0 0 -1 -2.01e-09 0 0.6949 0.2891 0.002232 0.001071 0.006404 -1 0.01594 -1.073 -2.699 -3.388 -3.569
0.01471 0 9.95424 1.06765008 2.4860513 0.983 2.379 3.611 1.448 7 0 0.465 0 0 0 0 0 -1 -2.47e-09 0 0.6949 0.2891 0.002232 0.001071 0.006404 -1 0.01594 -1.176 -2.81 -3.51 -3.696
0.01471 0 9.95424 1.067669034 2.486054713 0.982 2.42 3.6073 1.391 7 0 0.465 0 0 0 0 0 -1 -3.04e-09 0 0.6949 0.2891 0.002232 0.001071 0.006404 -1 0.01594 -1.28 -2.922 -3.631 -3.823
0.01471 0 9.95424 1.067685962 2.486057761 0.98 2.461 3.6037 1.335 7 0 0.465 0 0 0 0 0 -1 -3.74e-09 0 0.6949 0.2891 0.002232 0.001071 0.006404 -1 0.01594 -1.382 -3.032 -3.752 -3.95
0.01471 0 9.95424 1.06770134 2.48606053 0.978 2.502 3.6001 1.279 7 0 0.465 11.42 8.38 5.87 4.53 3.67 3 -4.6e-09 0 0.6949 0.2891 0.002232 0.001071 0.006404 -1 0.01594 -1.484 -3.142 -3.872 -4.075
0.01471 0 9.95424 1.067715526 2.486063084 0.976 2.542 3.5964 1.223 7 0 0.465 12.84 9.28 6.46 5 4.05 3 -5.66e-09 0 0.6949 0.2892 0.002231 0.001072 0.006404 -1 0.0159 -1.585 -3.252 -3.993 -4.202
0.01471 0 9.95424 1.067728996 2.486065509 0.973 2.583 3.5905 1.158 7 0 0.464 14.69 10.43 7.23 5.6 4.54 3 -6.88e-09 0 0.6949 0.2892 0.00223 0.001073 0.006404 -1 0.01588 -1.686 -3.366 -4.124 -4.342
0.01471 0 9.95424 1.067741871 2.486067827 0.97 2.624 3.5845 1.091 7 0 0.463 16.87 11.75 8.1 6.28 5.1 3 -8.38e-09 0 0.6949 0.2892 0.002226 0.001076 0.006404 -1 0.01587 -1.789 -3.482 -4.257 -4.484
0.01471 0 9.95424 1.06775403 2.486070016 0.967 2.664 3.5797 1.03 7 0 0.462 19.15 13.11 8.99 6.99 5.67 3 -1.03e-08 0 0.6949 0.2892 0.002221 0.001081 0.006404 -1 0.01586 -1.891 -3.595 -4.383 -4.618
0.01471 0 9.95424 1.067765355 2.486072055 0.963 2.705 3.5756 0.971 7 0 0.461 21.63 14.56 9.94 7.74 6.28 3 -1.25e-08 0 0.6949 0.2892 0.002214 0.001089 0.006404 -1 0.01586 -1.992 -3.707 -4.504 -4.746
0.01471 0 9.95424 1.067775965 2.486073965 0.959 2.745 3.5714 0.912 7 0 0.459 24.45 16.19 11 8.58 6.97 3 -1.53e-08 0 0.6949 0.2892 0.002206 0.001097 0.006404 -1 0.01586 -2.093 -3.82 -4.627 -4.876
0.01471 0 9.95424 1.067785144 2.486075618 0.954 2.785 3.5671 0.853 7 0 0.458 27.65 18.01 12.17 9.51 7.73 2 -1.86e-08 0 0.6949 0.2892 0.0022 0.001105 0.006404 -1 0.01585 -2.194 -3.933 -4.749 -5.005
0.01471 0 9.95424 1.067791581 2.486076777 0.95 2.823 3.563 0.797 7 0 0.457 31.05 19.9 13.39 10.48 8.52 2 -2.24e-08 0 0.6949 0.2892 0.002195 0.001111 0.006404 -1 0.01584 -2.288 -4.04 -4.864 -5.127
0.01471 0 9.95424 1.067796111 2.486077592 0.947 2.859 3.5589 0.743 7 0 0.456 34.73 21.92 14.68 11.51 9.35 2 -2.67e-08 0 0.6949 0.2892 0.00219 0.001117 0.006404 -1 0.01584 -2.378 -4.142 -4.975 -5.245
0.01471 0 9.95424 1.067799926 2.486078279 0.944 2.896 3.5547 0.688 7 0 0.455 38.96 24.2 16.14 12.67 10.3 2 -3.16e-08 0 0.6949 0.2892 0.002186 0.001122 0.006404 -1 0.01584 -2.47 -4.247 -5.088 -5.365
0.01471 0 9.95424 1.067803383 2.486078901 0.94 2.933 3.5502 0.631 7 0 0.454 43.83 26.79 17.78 13.98 11.37 2 -3.74e-08 0 0.6949 0.2892 0.002183 0.001127 0.006404 -1 0.01584 -2.563 -4.353 -5.203 -5.488
0.01471 0 9.95424 1.067806602 2.48607948 0.936 2.97 3.5458 0.574 7 0 0.454 49.28 29.63 19.58 15.42 12.54 2 -4.46e-08 0 0.6949 0.2892 0.00218 0.00113 0.006404 -1 0.01584 -2.656 -4.459 -5.317 -5.61
0.01471 0 9.95424 1.067809463 2.486079995 0.932 3.005 3.5414 0.52 7 0 0.453 55.21 32.67 21.49 16.95 13.79 2 -5.27e-08 0 0.6949 0.2892 0.002178 0.001133 0.006404 -1 0.01584 -2.743 -4.561 -5.426 -5.727
0.01471 0 9.95424 1.067812443 2.486080532 0.927 3.041 3.5367 0.463 7 0 0.453 62.14 36.17 23.68 18.71 15.22 2 -6.22e-08 0 0.6949 0.2892 0.002176 0.001135 0.006404 -1 0.01584 -2.833 -4.667 -5.538 -5.848
0.01471 0 9.95424 1.067815542 2.48608109 0.921 3.08 3.5316 0.401 7 0 0.453 70.64 40.37 26.3 20.82 16.94 1 -7.48e-08 0 0.6949 0.2892 0.002176 0.001135 0.006404 -1 0.01584 -2.929 -4.781 -5.658 -5.978
0.01471 0 9.95424 1.067818761 2.486081669 0.913 3.116 3.5265 0.34 7 0 0.453 80.13 44.97 29.14 23.12 18.81 1 -8.97e-08 0 0.6949 0.2892 0.002176 0.001135 0.006404 -1 0.01584 -3.02 -4.89 -5.773 -6.103
0.01471 0 9.95424 1.067822218 2.486082291 0.902 3.151 3.5212 0.279 7 0 0.453 90.89 50.08 32.28 25.66 20.89 1 -1.07e-07 0 0.6949 0.2892 0.002176 0.001135 0.006404 -1 0.01584 -3.108 -4.995 -5.884 -6.226
0.01471 0 9.95424 1.067825913 2.486082957 0.889 3.191 3.5152 0.209 7 0 0.453 105.06 56.64 36.3 28.92 23.55 1 -1.32e-07 0 0.6949 0.2892 0.002176 0.001135 0.006404 -1 0.01584 -3.207 -5.115 -6.009 -6.364
0.01471 0 9.95424 1.067828059 2.486083343 0.879 3.17 3.5171 0.232 7 0 0.453 99.76 54.11 34.74 27.67 22.53 1 -1.25e-07 0 0.6949 0.2892 0.002176 0.001135 0.006404 -1 0.01584 -3.155 -5.056 -5.948 -6.299
0.01471 0 9.95424 1.067828774 2.486083472 0.876 3.245 3.5064 0.113 7 0 0.453 128.24 67.11 42.67 34.1 27.77 1 -1.72e-07 0 0.6949 0.2892 0.002176 0.001135 0.006404 -1 0.01584 -3.343 -5.28 -6.181 -6.555
0.01471 0 9.95424 1.067828894 2.486083493 0.875 3.261 3.5042 0.088 7 0 0.453 135.03 70.14 44.51 35.59 28.99 1 -1.84e-07 0 0.6949 0.2892 0.002176 0.001135 0.006404 -1 0.01584 -3.382 -5.326 -6.229 -6.606
0.01471 0 9.95424 1.067829013 2.486083515 0.875 3.265 3.5036 0.081 7 0 0.453 136.97 71 45.03 36.02 29.34 1 -1.87e-07 0 0.6949 0.2892 0.002176 0.001135 0.006404 -1 0.01584 -3.392 -5.338 -6.242 -6.621
0.01471 0 9.95424 1.067829132 2.486083536 0.874 3.285 3.5006 0.049 7 0 0.453 146.65 75.28 47.62 38.12 31.06 1 -2.04e-07 0 0.6949 0.2892 0.002176 0.001135 0.006404 -1 0.01584 -3.443 -5.398 -6.305 -6.689
0.01471 0 9.95424 1.067829251 2.486083557 0.873 3.3 3.4983 0.024 7 0 0.453 153.64 78.67 49.66 39.78 32.41 1 -2.17e-07 0 0.6949 0.2892 0.002176 0.001135 0.006404 -1 0.01584 -3.48 -5.442 -6.351 -6.741
0.01471 0 9.95424 1.06782937 2.486083579 0.872 3.315 3.496 -0 7 0 0.453 159.55 82.26 51.82 41.54 33.85 1 -2.32e-07 0 0.6949 0.2892 0.002176 0.001135 0.006404 -1 0.01584 -3.518 -5.487 -6.399 -6.792
0.01471 0 9.95424 1.067829609 2.486083622 0.87 3.337 3.4927 -0.036 7 0 0.453 168.36 87.67 55.07 44.19 36.01 1 -2.54e-07 0 0.6949 0.2892 0.002176 0.001135 0.006404 -1 0.01584 -3.571 -5.551 -6.466 -6.866
0.01471 0 9.95424 1.067829847 2.486083665 0.868 3.358 3.4893 -0.073 7 0 0.453 177.98 93.63 58.64 47.11 38.4 1 -2.79e-07 0 0.6949 0.2892 0.002176 0.001135 0.006404 -1 0.01584 -3.626 -5.616 -6.534 -6.94
0.01471 0 9.95424 1.067830205 2.486083729 0.865 3.378 3.486 -0.107 7 0.521 0.453 187.37 99.54 62.16 49.99 40.75 1 -3.05e-07 0 0.6949 0.2892 0.002176 0.001135 0.006404 -1 0.01584 -3.675 -5.675 -6.596 -7.007
0.01471 0 9.95424 1.067830563 2.486083793 0.86 3.399 3.4824 -0.145 7 0.521 0.453 198.23 106.45 66.27 53.35 43.5 1 -3.36e-07 0 0.6949 0.2892 0.002176 0.001135 0.006404 -1 0.01584 -3.728 -5.739 -6.663 -7.079
0.01471 0 9.95424 1.067831039 2.486083879 0.855 3.415 3.4796 -0.174 8 0.521 0.474 206.78 111.99 69.55 56.05 45.7 1 -3.62e-07 0 0.6949 0.2905 0.002283 0.001137 0.006419 -1 0.01459 -3.766 -5.786 -6.712 -7.132
0.01471 0 9.95424 1.067831039 2.486083879 0.855 3.139 3.5174 0.252 8 0.521 0.474 95.19 51.82 33.32 26.55 21.61 1 -1.19e-07 0 0.6949 0.2905 0.002283 0.001137 0.006419 -1 0.01459 -3.078 -4.978 -5.871 -6.22
0.01471 0 9.95424 1.067831159 2.486083901 0.854 3.012 3.5357 0.453 8 0.521 0.474 62.35 36.05 23.56 18.67 15.18 1 -7.04e-08 0 0.6949 0.2905 0.002283 0.001137 0.006419 -1 0.01459 -2.759 -4.596 -5.469 -5.781
0.01471 0 9.95424 1.067831159 2.486083901 0.854 2.848 3.5591 0.709 8 0.521 0.474 36.3 22.67 15.13 11.91 9.67 2 -3.51e-08 0 0.6949 0.2905 0.002283 0.001137 0.006419 -1 0.01459 -2.35 -4.114 -4.945 -5.216
0.01471 0 9.95424 1.067831278 2.486083922 0.852 2.874 3.5552 0.668 8 0.522 0.474 39.64 24.45 16.26 12.81 10.41 2 -3.94e-08 0 0.6949 0.2905 0.002283 0.001137 0.006419 -1 0.01459 -2.415 -4.19 -5.029 -5.306
0.01471 0 9.95424 1.067831516 2.486083965 0.851 3.002 3.5365 0.464 8 0.522 0.474 60.9 35.32 23.1 18.31 14.88 1 -6.85e-08 0 0.6949 0.2905 0.002283 0.001137 0.006419 -1 0.01459 -2.736 -4.57 -5.441 -5.752
0.01471 0 9.95424 1.067831635 2.486083987 0.849 3.162 3.5133 0.21 8 0.522 0.474 104.03 55.88 35.8 28.56 23.25 1 -1.34e-07 0 0.6949 0.2905 0.002283 0.001137 0.006419 -1 0.01459 -3.136 -5.049 -5.946 -6.304
0.01471 0 9.95424 1.067831874 2.48608403 0.847 3.293 3.4942 0.002 8 0.522 0.474 157.25 81.3 51.21 41.09 33.47 1 -2.28e-07 0 0.6949 0.2905 0.002283 0.001137 0.006419 -1 0.01459 -3.462 -5.436 -6.351 -6.746
0.01471 0 9.95424 1.067832112 2.486084072 0.844 3.375 3.4821 -0.13 8 0.522 0.474 192.46 103.16 64.28 51.76 42.19 1 -3.19e-07 0 0.6949 0.2905 0.002283 0.001137 0.006419 -1 0.01459 -3.667 -5.679 -6.604 -7.019
0.01471 0 9.95424 1.06783247 2.486084137 0.841 3.416 3.4758 -0.198 8 0.522 0.474 213.27 116.47 72.17 58.23 47.48 1 -3.78e-07 0 0.6949 0.2905 0.002283 0.001137 0.006419 -1 0.01459 -3.769 -5.8 -6.728 -7.152
0.01471 0 9.95424 1.067832828 2.486084201 0.838 3.432 3.4729 -0.228 8 0.522 0.474 222.95 122.79 75.9 61.3 49.98 1 -4.08e-07 0.01 0.6949 0.2905 0.002283 0.001137 0.006419 -1 0.01459 -3.811 -5.85 -6.78 -7.208
0.01471 0 9.95424 1.067833185 2.486084266 0.834 3.44 3.4713 -0.243 8 0.523 0.474 227.94 126.12 77.86 62.91 51.3 0 -4.24e-07 0.01 0.6949 0.2905 0.002283 0.001137 0.006419 -1 0.01459 -3.829 -5.872 -6.803 -7.233
0.01471 0 9.95424 1.067833185 2.486084266 0.834 3.222 3.5026 0.1 8 0.523 0.474 130.83 67.86 43.08 34.49 28.09 1 -1.79e-07 0 0.6949 0.2905 0.002283 0.001137 0.006419 -1 0.01459 -3.284 -5.233 -6.139 -6.518
0.01471 0 9.95424 1.067833304 2.486084287 0.833 3.041 3.5284 0.383 8 0.523 0.474 71.87 40.63 26.39 20.98 17.06 1 -8.56e-08 0 0.6949 0.2905 0.002283 0.001137 0.006419 -1 0.01459 -2.833 -4.695 -5.577 -5.903
0.01471 0 9.95424 1.067833304 2.486084287 0.832 2.878 3.5519 0.64 8 0.523 0.474 41.78 25.54 16.94 13.37 10.86 2 -4.3e-08 0 0.6949 0.2905 0.002283 0.001137 0.006419 -1 0.01459 -2.424 -4.209 -5.055 -5.338
0.01471 0 9.95424 1.067833543 2.48608433 0.831 2.903 3.5481 0.598 8 0.523 0.474 45.59 27.52 18.19 14.37 11.68 2 -4.83e-08 0 0.6949 0.2905 0.002283 0.001137 0.006419 -1 0.01459 -2.488 -4.285 -5.138 -5.427
0.01471 0 9.95424 1.067833662 2.486084351 0.829 3.03 3.5296 0.396 8 0.523 0.474 69.84 39.63 25.77 20.48 16.65 1 -8.32e-08 0 0.6949 0.2905 0.002283 0.001137 0.006419 -1 0.01459 -2.806 -4.664 -5.545 -5.869
0.01471 0 9.95424 1.0678339 2.486084394 0.826 3.189 3.5065 0.144 8 0.523 0.474 118.88 62.45 39.79 31.83 25.91 1 -1.61e-07 0 0.6949 0.2905 0.002283 0.001137 0.006419 -1 0.01459 -3.202 -5.138 -6.041 -6.412
0.01471 0 9.95424 1.067834139 2.486084437 0.824 3.318 3.4876 -0.062 8 0.523 0.474 171.65 90.56 56.73 45.64 37.18 1 -2.72e-07 0 0.6949 0.2905 0.002283 0.001137 0.006419 -1 0.01459 -3.525 -5.52 -6.44 -6.847
0.01471 0 9.95424 1.067834496 2.486084502 0.82 3.399 3.4756 -0.193 8 0.523 0.474 209.66 114.63 71.05 57.36 46.76 1 -3.79e-07 0 0.6949 0.2905 0.002283 0.001137 0.006419 -1 0.01459 -3.728 -5.758 -6.687 -7.111
0.01471 0 9.95424 1.067834735 2.486084545 0.817 3.439 3.4694 -0.26 8 0.524 0.474 231.99 129.21 79.64 64.43 52.53 0 -4.49e-07 0.01 0.6949 0.2905 0.002283 0.001137 0.006419 -1 0.01459 -3.828 -5.876 -6.808 -7.24
0.01471 0 9.95424 1.067835212 2.48608463 0.813 3.455 3.4667 -0.289 8 0.524 0.474 242.23 136.04 83.65 67.73 55.23 0 -4.85e-07 0.01 0.6949 0.2905 0.002283 0.001137 0.006419 -1 0.01459 -3.868 -5.923 -6.857 -7.291
0.01471 0 9.95424 1.067835569 2.486084695 0.808 3.462 3.4652 -0.304 8 0.524 0.474 247.33 139.53 85.69 69.42 56.61 0 -5.05e-07 0.01 0.6949 0.2905 0.002283 0.001137 0.006419 -1 0.01459 -3.885 -5.944 -6.878 -7.314
0.01471 0 9.95424 1.067835569 2.486084695 0.808 3.249 3.4961 0.033 8 0.524 0.474 147.41 75.99 47.96 38.51 31.36 1 -2.19e-07 0 0.6949 0.2905 0.002283 0.001137 0.006419 -1 0.01459 -3.353 -5.321 -6.234 -6.625
0.01471 0 9.95424 1.067835689 2.486084716 0.807 3.069 3.5221 0.316 8 0.524 0.474 82.35 45.51 29.39 23.42 19.05 1 -1.06e-07 0 0.6949 0.2905 0.002283 0.001137 0.006419 -1 0.01459 -2.903 -4.787 -5.675 -6.014
0.01471 0 9.95424 1.067835808 2.486084738 0.805 2.906 3.5458 0.574 8 0.524 0.474 47.72 28.55 18.83 14.9 12.11 2 -5.35e-08 0 0.6949 0.2905 0.002283 0.001137 0.006419 -1 0.01459 -2.494 -4.298 -5.155 -5.448
0.01471 0 9.95424 1.067835927 2.486084759 0.803 2.931 3.542 0.532 8 0.524 0.474 52.07 30.75 20.21 16.02 13.01 1 -6e-08 0 0.6949 0.2905 0.002283 0.001137 0.006419 -1 0.01459 -2.557 -4.373 -5.237 -5.537
0.01471 0 9.95424 1.067836046 2.486084781 0.801 3.057 3.5236 0.331 8 0.525 0.474 79.62 44.18 28.57 22.76 18.51 1 -1.03e-07 0 0.6949 0.2905 0.002283 0.001137 0.006419 -1 0.01459 -2.871 -4.75 -5.637 -5.973
0.01471 0 9.95424 1.067836285 2.486084823 0.798 3.213 3.5006 0.081 8 0.525 0.474 135.21 69.4 43.97 35.28 28.71 1 -1.96e-07 0 0.6949 0.2905 0.002283 0.001137 0.006419 -1 0.01459 -3.263 -5.218 -6.126 -6.509
0.01471 0 9.95424 1.067836642 2.486084888 0.794 3.34 3.4817 -0.124 8 0.525 0.474 186.4 100.39 62.55 50.46 41.11 1 -3.3e-07 0 0.6949 0.2905 0.002283 0.001137 0.006419 -1 0.01459 -3.581 -5.594 -6.519 -6.935
0.01471 0 9.95424 1.067837 2.486084952 0.79 3.42 3.4697 -0.254 8 0.525 0.474 227.34 126.84 78.19 63.31 51.61 0 -4.59e-07 0.01 0.6949 0.2905 0.002283 0.001137 0.006419 -1 0.01459 -3.781 -5.828 -6.76 -7.192
0.01471 0 9.95424 1.067837357 2.486085017 0.785 3.46 3.4636 -0.32 8 0.525 0.474 250.36 -1 -1 -1 -1 0 -5.44e-07 0.01 0.6949 0.2905 0.002283 0.001137 0.006419 -1 0.01459 -3.879 -5.942 -6.877 -7.315
0.01471 0 9.95424 1.067837715 2.486085081 0.779 3.475 3.461 -0.349 8 0.526 0.474 247.27 -1 -1 -1 -1 0 -5.89e-07 0.01 0.6949 0.2905 0.002283 0.001137 0.006419 -1 0.01459 -3.917 -5.987 -6.925 -7.366
0.01471 0 9.95424 1.067838192 2.486085167 0.774 3.481 3.4597 -0.364 8 0.526 0.474 243.89 -1 -1 -1 -1 0 -6.17e-07 0.01 0.6949 0.2905 0.002283 0.001137 0.006419 -1 0.01459 -3.933 -6.005 -6.944 -7.387
0.01471 0 9.95424 1.067838192 2.486085167 0.773 3.274 3.4903 -0.035 8 0.526 0.474 160.91 84.87 53.24 42.89 34.92 1 -2.75e-07 0 0.6949 0.2905 0.002283 0.001137 0.006419 -1 0.01459 -3.416 -5.402 -6.32 -6.724
0.01471 0 9.95424 1.067838311 2.486085188 0.772 3.095 3.5167 0.249 8 0.526 0.474 94.16 50.77 32.6 26.06 21.19 1 -1.35e-07 0 0.6949 0.2905 0.002283 0.001137 0.006419 -1 0.01459 -2.969 -4.87 -5.764 -6.114
0.01471 0 9.95424 1.06783843 2.48608521 0.77 2.932 3.5409 0.509 8 0.526 0.474 54.27 31.75 20.82 16.53 13.43 1 -6.87e-08 0 0.6949 0.2905 0.002283 0.001137 0.006419 -1 0.01459 -2.559 -4.379 -5.244 -5.546
0.01471 0 9.95424 1.06783855 2.486085231 0.767 2.957 3.5371 0.467 8 0.526 0.474 59.28 34.22 22.36 17.78 14.44 1 -7.73e-08 0 0.6949 0.2905 0.002283 0.001137 0.006419 -1 0.01459 -2.622 -4.455 -5.325 -5.635
0.01471 0 9.95424 1.067838788 2.486085274 0.764 3.081 3.5186 0.266 8 0.527 0.474 90.66 49.1 31.57 25.24 20.52 1 -1.31e-07 0 0.6949 0.2905 0.002283 0.001137 0.006419 -1 0.01459 -2.933 -4.829 -5.72 -6.067
0.01471 0 9.95424 1.067839026 2.486085317 0.76 3.236 3.4954 0.017 8 0.527 0.474 147.74 77.01 48.51 39.04 31.78 1 -2.49e-07 0 0.6949 0.2905 0.002283 0.001137 0.006419 -1 0.01459 -3.319 -5.29 -6.203 -6.597
0.01471 0 9.95424 1.067839265 2.48608536 0.755 3.361 3.4764 -0.188 8 0.527 0.474 202.08 111.27 68.93 55.8 45.45 0 -4.17e-07 0.01 0.6949 0.2905 0.002283 0.001137 0.006419 -1 0.01459 -3.634 -5.661 -6.59 -7.013
0.01471 0 9.95424 1.067839622 2.486085424 0.749 3.44 3.4643 -0.318 8 0.527 0.474 230.26 -1 -1 -1 -1 0 -5.79e-07 0.01 0.6949 0.2905 0.002283 0.001137 0.006419 -1 0.01459 -3.83 -5.891 -6.826 -7.264
0.01471 0 9.95424 1.06783998 2.486085489 0.743 3.479 3.4583 -0.385 8 0.528 0.474 226.74 -1 -1 -1 -1 0 -6.9e-07 0.01 0.6949 0.2905 0.002283 0.001137 0.006419 -1 0.01459 -3.927 -6.002 -6.941 -7.387
0.01471 0 9.95424 1.067840457 2.486085574 0.736 3.494 3.4559 -0.414 8 0.528 0.474 222.86 -1 -1 -1 -1 0 -7.53e-07 0.02 0.6949 0.2905 0.002283 0.001137 0.006419 -1 0.01459 -3.965 -6.046 -6.985 -7.435
0.01471 0 9.95424 1.067840934 2.48608566 0.728 3.5 3.4549 -0.428 8 0.528 0.474 218.64 -1 -1 -1 -1 0 -7.96e-07 0.02 0.6949 0.2905 0.002283 0.001137 0.006419 -1 0.01459 -3.98 -6.063 -7.003 -7.454
0.01471 0 9.95424 1.067840934 2.48608566 0.728 3.3 3.4854 -0.107 8 0.528 0.474 175.95 95.17 59.32 47.97 39.05 1 -3.68e-07 0.01 0.6949 0.2905 0.002283 0.001137 0.006419 -1 0.01459 -3.481 -5.482 -6.404 -6.816
0.01471 0 9.95424 1.067841053 2.486085682 0.726 3.123 3.5126 0.179 8 0.529 0.474 108.31 56.77 36.22 29.07 23.63 1 -1.82e-07 0 0.6949 0.2905 0.002283 0.001137 0.006419 -1 0.01459 -3.037 -4.952 -5.848 -6.21
0.01471 0 9.95424 1.067841172 2.486085703 0.724 2.959 3.5376 0.441 8 0.529 0.474 61.89 35.3 23 18.34 14.89 1 -9.39e-08 0 0.6949 0.2905 0.002283 0.001137 0.006419 -1 0.01459 -2.628 -4.459 -5.327 -5.638
0.01471 0 9.95424 1.067841291 2.486085725 0.721 2.984 3.5339 0.399 8 0.529 0.474 67.61 38.03 24.7 19.71 16.01 1 -1.06e-07 0 0.6949 0.2905 0.002283 0.001137 0.006419 -1 0.01459 -2.69 -4.534 -5.407 -5.725
0.01471 0 9.95424 1.06784153 2.486085768 0.716 3.107 3.5153 0.199 8 0.529 0.474 103.43 54.49 34.82 27.94 22.71 1 -1.79e-07 0 0.6949 0.2905 0.002283 0.001137 0.006419 -1 0.01459 -2.997 -4.904 -5.797 -6.153
0.01471 0 9.95424 1.067841768 2.48608581 0.711 3.259 3.492 -0.049 8 0.529 0.474 159.68 85.27 53.39 43.14 35.1 1 -3.36e-07 0 0.6949 0.2905 0.002283 0.001137 0.006419 -1 0.01459 -3.378 -5.358 -6.275 -6.677
0.01471 0 9.95424 1.067842126 2.486085875 0.705 3.383 3.473 -0.253 8 0.529 0.474 206.32 -1 -1 -1 -1 0 -5.62e-07 0.01 0.6949 0.2905 0.002283 0.001137 0.006419 -1 0.01459 -3.688 -5.723 -6.654 -7.086
0.01471 0 9.95424 1.067842483 2.486085939 0.698 3.461 3.4612 -0.382 8 0.53 0.474 202.65 -1 -1 -1 -1 0 -7.83e-07 0.02 0.6949 0.2905 0.002283 0.001137 0.006419 -1 0.01459 -3.883 -5.947 -6.886 -7.334
0.01471 0 9.95424 1.067842841 2.486086004 0.69 3.499 3.4557 -0.448 8 0.53 0.474 198.56 -1 -1 -1 -1 0 -9.42e-07 0.03 0.6949 0.2905 0.002283 0.001137 0.006419 -1 0.01459 -3.978 -6.054 -6.996 -7.452
0.01471 0 9.95424 1.067843318 2.486086089 0.682 3.515 3.454 -0.475 8 0.531 0.474 194.08 -1 -1 -1 -1 0 -1.04e-06 0.03 0.6949 0.2905 0.002283 0.001137 0.006419 -1 0.01459 -4.017 -6.093 -7.037 -7.497
0.01471 0 9.95424 1.067843795 2.486086175 0.672 3.521 3.454 -0.488 8 0.531 0.474 189.24 -1 -1 -1 -1 0 -1.12e-06 0.04 0.6949 0.2905 0.002283 0.001137 0.006419 -1 0.01459 -4.033 -6.106 -7.052 -7.514
0.01471 0 9.95424 1.06784761 2.486086862 0.534 -9.999 4 1.83 9 0.534 0 0 0 0 0 0 -1 -1e-30 0 0.6949 0.2905 0.002283 0.001137 0.006419 -1 0.01459 29.767 30.019 30.042 30.052
