# downloaded from PARSEC/CMD via ezpadova
# component=bar family=bar component_index=8 logAge=9.95424 MH=0.25 photometric_system=roman2021
# Zini MH logAge Mini int_IMF Mass logL logTe logg label McoreTP C_O period0 period1 period2 period3 period4 pmode Mloss tau1m X Y Xc Xn Xo Cexcess Z mbolmag F062mag F087mag F106mag F129mag F158mag F184mag F146mag F213mag SNprismmag Grism_1stOrdermag Grism_0thOrdermag
0.025095 0.25 9.95424 0.0955969095 1.133236387 0.095 -3.348 3.3623 5.167 1 0 0.545 0 0 0 0 0 -1 -2.89e-17 0 0.6792 0.2953 0.004602 0.001242 0.01126 -1 0.0256 13.141 16.225 12.85 11.656 11.004 10.584 10.439 11.015 10.182 11.406 10.91 10.557
0.025095 0.25 9.95424 0.1055120975 1.21556776 0.105 -3.208 3.3802 5.141 1 0 0.545 0 0 0 0 0 -1 -4.75e-17 0 0.6788 0.2956 0.004602 0.001242 0.01126 -1 0.0256 12.79 15.869 12.5 11.305 10.654 10.235 10.088 10.665 9.831 11.057 10.56 10.206
0.025095 0.25 9.95424 0.1253425032 1.353540291 0.125 -2.984 3.4069 5.099 1 0 0.545 0 0 0 0 0 -1 -1.04e-16 0 0.6783 0.2962 0.004602 0.001242 0.01126 -1 0.0256 12.231 15.301 11.942 10.745 10.096 9.679 9.528 10.107 9.271 10.499 10.003 9.647
0.025095 0.25 9.95424 0.145172894 1.465702437 0.145 -2.815 3.4255 5.068 1 0 0.545 0 0 0 0 0 -1 -1.48e-16 0 0.6777 0.2967 0.004602 0.001242 0.01126 -1 0.0256 11.806 14.651 11.453 10.317 9.682 9.267 9.11 9.689 8.864 10.077 9.588 9.228
0.025095 0.25 9.95424 0.1650032997 1.559528955 0.165 -2.68 3.4391 5.043 1 0 0.545 0 0 0 0 0 -1 -1.5e-16 0 0.6772 0.2972 0.004602 0.001242 0.01126 -1 0.0256 11.47 13.982 11.016 9.977 9.363 8.948 8.787 9.365 8.559 9.744 9.268 8.903
0.025095 0.25 9.95424 0.2046640813 1.709466363 0.204 -2.465 3.4586 5 1 0 0.545 0 0 0 0 0 -1 -2.46e-16 0 0.6762 0.2982 0.004602 0.001242 0.01126 -1 0.0256 10.933 13.016 10.355 9.442 8.854 8.439 8.274 8.849 8.069 9.214 8.759 8.387
0.025095 0.25 9.95424 0.2542400956 1.850971178 0.254 -2.26 3.4743 4.952 1 0 0.545 0 0 0 0 0 -1 -4.57e-16 0 0.6755 0.2989 0.004602 0.001242 0.01126 -1 0.0256 10.421 12.215 9.762 8.936 8.367 7.949 7.783 8.356 7.595 8.71 8.269 7.894
0.025095 0.25 9.95424 0.3106895983 1.973838678 0.31 -2.071 3.4877 4.904 1 0 0.545 0 0 0 0 0 -1 -6.62e-16 0 0.6763 0.2981 0.004602 0.001242 0.01126 -1 0.0256 9.948 11.509 9.233 8.473 7.918 7.497 7.329 7.901 7.157 8.247 7.818 7.438
0.025095 0.25 9.95424 0.3392335474 2.025410206 0.339 -1.986 3.4933 4.879 1 0 0.545 0 0 0 0 0 -1 -7.5e-16 0 0.6789 0.2955 0.004602 0.001242 0.01126 -1 0.0256 9.735 11.213 9 8.265 7.715 7.291 7.122 7.696 6.956 8.037 7.613 7.231
0.025095 0.25 9.95424 0.3533920944 2.048942254 0.353 -1.946 3.4959 4.867 0 0 0.545 0 0 0 0 0 -1 -8.11e-16 0 0.68 0.2944 0.004602 0.001242 0.01126 -1 0.0256 9.634 11.079 8.891 8.166 7.619 7.193 7.024 7.598 6.861 7.938 7.516 7.132
0.025095 0.25 9.95424 0.4029681087 2.122572238 0.403 -1.805 3.5073 4.829 1 0 0.545 0 0 0 0 0 -1 -1.19e-15 0 0.6802 0.2942 0.004602 0.001242 0.01126 -1 0.0256 9.283 10.584 8.506 7.826 7.288 6.855 6.684 7.261 6.533 7.595 7.181 6.79
0.025095 0.25 9.95424 0.4525440931 2.185277485 0.452 -1.66 3.5201 4.786 1 0 0.545 0 0 0 0 0 -1 -1.65e-15 0 0.6802 0.2942 0.004602 0.001242 0.01126 -1 0.0256 8.921 10.069 8.115 7.482 6.952 6.508 6.331 6.916 6.195 7.245 6.839 6.436
0.025095 0.25 9.95424 0.502120018 2.239628983 0.502 -1.512 3.5342 4.739 1 0 0.545 0 0 0 0 0 -1 -2.33e-15 0 0.6811 0.2933 0.00459 0.001238 0.01123 -1 0.02553 8.549 9.565 7.717 7.129 6.609 6.152 5.967 6.562 5.845 6.887 6.488 6.07
0.025095 0.25 9.95424 0.5178117752 2.255091733 0.518 -1.458 3.5398 4.722 1 0 0.545 0 0 0 0 0 -1 -2.65e-15 0 0.6872 0.2877 0.004507 0.001216 0.01103 -1 0.02508 8.416 9.381 7.575 7.004 6.487 6.026 5.836 6.436 5.72 6.759 6.363 5.939
0.025095 0.25 9.95424 0.5516960621 2.285057517 0.551 -1.348 3.5514 4.685 1 0 0.545 0 0 0 0 0 -1 -3.45e-15 0 0.7006 0.2753 0.004327 0.001168 0.01059 -1 0.02408 8.14 8.999 7.283 6.747 6.238 5.767 5.568 6.177 5.464 6.497 6.107 5.67
0.025095 0.25 9.95424 0.601271987 2.321981326 0.601 -1.184 3.574 4.649 1 0 0.545 0 0 0 0 0 -1 -5.02e-15 0 0.7036 0.2725 0.004288 0.001157 0.0105 -1 0.02387 7.731 8.362 6.852 6.384 5.888 5.4 5.19 5.813 5.11 6.124 5.747 5.291
0.025095 0.25 9.95424 0.650848031 2.352512732 0.651 -1.015 3.6023 4.628 1 0 0.544 0 0 0 0 0 -1 -7.3e-15 0 0.7064 0.27 0.004253 0.001148 0.01042 -1 0.02368 7.309 7.689 6.419 6.017 5.535 5.039 4.831 5.452 4.778 5.75 5.389 4.93
0.025095 0.25 9.95424 0.7004240751 2.378128189 0.7 -0.849 3.6321 4.612 1 0 0.544 0 0 0 0 0 -1 -1.05e-14 0 0.7088 0.2676 0.004222 0.00114 0.01034 -1 0.02352 6.891 7.041 6.006 5.658 5.192 4.712 4.522 5.117 4.49 5.395 5.055 4.619
0.025095 0.25 9.95424 0.7157068253 2.385206447 0.716 -0.795 3.6425 4.61 1 0 0.542 0 0 0 0 0 -1 -1.18e-14 0 0.7095 0.267 0.004195 0.001137 0.01032 -1 0.02347 6.759 6.834 5.876 5.545 5.091 4.624 4.442 5.021 4.415 5.291 4.959 4.537
0.025095 0.25 9.95424 0.75 2.399888909 0.75 -0.679 3.6653 4.605 1 0 0.537 0 0 0 0 0 -1 -1.51e-14 0 0.7111 0.2656 0.004137 0.001131 0.01028 -1 0.02337 6.467 6.409 5.587 5.294 4.874 4.454 4.294 4.822 4.272 5.068 4.762 4.384
0.025095 0.25 9.95424 0.7680455446 2.407012374 0.768 -0.624 3.6731 4.592 1 0 0.537 0 0 0 0 0 -1 -1.72e-14 0 0.7125 0.2643 0.00412 0.001126 0.01023 -1 0.02326 6.33 6.236 5.451 5.17 4.763 4.362 4.209 4.719 4.188 4.955 4.659 4.297
0.025095 0.25 9.95424 0.7965128422 2.417498758 0.796 -0.538 3.6853 4.57 1 0 0.537 0 0 0 0 0 -1 -2.11e-14 0 0.7146 0.2623 0.004092 0.001119 0.01017 -1 0.02311 6.114 5.974 5.239 4.978 4.591 4.218 4.077 4.556 4.057 4.779 4.498 4.161
0.025095 0.25 9.95424 0.8000000119 2.418724441 0.8 -0.527 3.6868 4.567 1 0 0.537 0 0 0 0 0 -1 -2.17e-14 0 0.7149 0.262 0.004089 0.001118 0.01016 -1 0.02308 6.088 5.943 5.214 4.954 4.57 4.2 4.06 4.537 4.04 4.757 4.479 4.145
0.025095 0.25 9.95424 0.8038143516 2.420051122 0.803 -0.516 3.6884 4.564 1 0 0.537 0 0 0 0 0 -1 -2.23e-14 0 0.7152 0.2617 0.004085 0.001117 0.01015 -1 0.02306 6.059 5.908 5.185 4.928 4.547 4.18 4.042 4.514 4.022 4.733 4.457 4.126
0.025095 0.25 9.95424 0.8264219165 2.427626109 0.826 -0.446 3.698 4.545 1 0 0.536 0 0 0 0 0 -1 -2.64e-14 0 0.7171 0.2599 0.00406 0.00111 0.01009 -1 0.02294 5.886 5.707 5.018 4.775 4.409 4.063 3.933 4.383 3.914 4.592 4.327 4.014
0.025095 0.25 9.95424 0.8475940228 2.434300377 0.847 -0.382 3.7066 4.526 1 0 0.536 0 0 0 0 0 -1 -3.09e-14 0 0.7189 0.2583 0.004039 0.001104 0.01004 -1 0.02285 5.724 5.522 4.863 4.633 4.281 3.953 3.831 4.261 3.813 4.46 4.205 3.909
0.025095 0.25 9.95424 0.8500000238 2.435034684 0.849 -0.374 3.7076 4.524 1 0 0.536 0 0 0 0 0 -1 -3.14e-14 0 0.7191 0.2581 0.004036 0.001104 0.01003 -1 0.02284 5.705 5.502 4.846 4.617 4.267 3.94 3.82 4.247 3.801 4.445 4.191 3.897
0.025095 0.25 9.95424 0.863725543 2.439133872 0.863 -0.332 3.7129 4.509 1 0 0.536 0 0 0 0 0 -1 -3.49e-14 0 0.7204 0.2568 0.004019 0.001099 0.009992 -1 0.02272 5.599 5.384 4.744 4.524 4.182 3.866 3.75 4.165 3.731 4.357 4.11 3.826
0.025095 0.25 9.95424 0.8837135434 2.444842283 0.883 -0.27 3.7204 4.487 1 0 0.536 0 0 0 0 0 -1 -4.09e-14 0 0.7224 0.255 0.003994 0.001092 0.009933 -1 0.02255 5.444 5.213 4.597 4.387 4.057 3.755 3.646 4.044 3.627 4.228 3.99 3.719
0.025095 0.25 9.95424 0.8999999762 2.449278602 0.899 -0.219 3.7263 4.468 1 0 0.536 0 0 0 0 0 -1 -4.65e-14 0 0.724 0.2536 0.003975 0.001087 0.009885 -1 0.02244 5.318 5.076 4.477 4.276 3.954 3.663 3.559 3.944 3.541 4.123 3.891 3.631
0.025095 0.25 9.95424 0.9036376476 2.450244388 0.903 -0.208 3.7275 4.463 1 0 0.536 0 0 0 0 0 -1 -4.79e-14 0 0.7244 0.2532 0.003969 0.001086 0.009872 -1 0.0224 5.289 5.046 4.45 4.25 3.931 3.642 3.539 3.921 3.521 4.098 3.869 3.61
0.025095 0.25 9.95424 0.9159993529 2.453460547 0.915 -0.169 3.7316 4.446 1 0 0.536 0 0 0 0 0 -1 -5.31e-14 0 0.7259 0.2518 0.003951 0.001081 0.009827 -1 0.02231 5.192 4.942 4.358 4.164 3.851 3.569 3.47 3.843 3.452 4.016 3.791 3.54
0.025095 0.25 9.95424 0.9274864197 2.456360946 0.927 -0.132 3.7352 4.43 1 0 0.536 0 0 0 0 0 -1 -5.85e-14 0 0.7272 0.2506 0.003935 0.001076 0.009787 -1 0.02223 5.101 4.846 4.272 4.083 3.775 3.499 3.403 3.769 3.386 3.938 3.718 3.472
0.025095 0.25 9.95424 0.9388350844 2.459146393 0.938 -0.096 3.7386 4.413 1 0 0.536 0 0 0 0 0 -1 -6.44e-14 0 0.7285 0.2493 0.003918 0.001072 0.009748 -1 0.02217 5.01 4.751 4.187 4.003 3.7 3.429 3.337 3.695 3.32 3.861 3.644 3.405
0.025095 0.25 9.95424 0.949631989 2.46172547 0.949 -0.062 3.7417 4.395 1 0 0.536 0 0 0 0 0 -1 -7.08e-14 0 0.7297 0.2482 0.003903 0.001067 0.009711 -1 0.02212 4.924 4.661 4.106 3.925 3.627 3.362 3.272 3.623 3.255 3.786 3.573 3.339
0.025095 0.25 9.95424 0.9500000477 2.461812201 0.949 -0.06 3.7418 4.395 1 0 0.536 0 0 0 0 0 -1 -7.1e-14 0 0.7297 0.2482 0.003902 0.001067 0.00971 -1 0.02211 4.921 4.658 4.103 3.923 3.625 3.359 3.27 3.621 3.253 3.784 3.571 3.336
0.025095 0.25 9.95424 0.9596266747 2.464053528 0.959 -0.029 3.7442 4.378 1 0 0.536 0 0 0 0 0 -1 -7.74e-14 0 0.7311 0.2469 0.003886 0.001063 0.00967 -1 0.022 4.843 4.578 4.03 3.852 3.558 3.297 3.209 3.555 3.193 3.716 3.505 3.275
0.025095 0.25 9.95424 0.9692092538 2.466233825 0.968 0.002 3.7465 4.36 1 0 0.536 0 0 0 0 0 -1 -8.45e-14 0 0.7323 0.2457 0.003871 0.001059 0.009634 -1 0.02193 4.765 4.498 3.957 3.782 3.491 3.233 3.148 3.489 3.132 3.648 3.44 3.213
0.025095 0.25 9.95424 0.9790862799 2.468429828 0.978 0.033 3.7485 4.341 1 0 0.536 0 0 0 0 0 -1 -9.23e-14 0 0.7336 0.2446 0.003855 0.001055 0.009599 -1 0.02183 4.687 4.418 3.883 3.71 3.423 3.168 3.084 3.421 3.068 3.577 3.372 3.148
0.025095 0.25 9.95424 0.9885703325 2.470491037 0.988 0.064 3.7502 4.322 1 0 0.536 0 0 0 0 0 -1 -1.01e-13 0 0.7346 0.2437 0.003844 0.001052 0.00957 -1 0.02176 4.611 4.341 3.81 3.64 3.354 3.102 3.02 3.353 3.004 3.508 3.304 3.084
0.025095 0.25 9.95424 1 2.472915448 1 0.101 3.7521 4.297 1 0 0.536 0 0 0 0 0 -1 -1.12e-13 0 0.7355 0.2428 0.003834 0.001049 0.009545 -1 0.02169 4.516 4.246 3.72 3.552 3.269 3.02 2.94 3.269 2.924 3.422 3.22 3.003
0.025095 0.25 9.95424 1.011312962 2.47525315 1.011 0.142 3.7539 4.268 1 0 0.536 0 0 0 0 0 -1 -1.25e-13 0 0.7352 0.243 0.003838 0.00105 0.009552 -1 0.02175 4.416 4.144 3.623 3.457 3.178 2.931 2.852 3.178 2.837 3.329 3.129 2.915
0.025095 0.25 9.95424 1.019621491 2.476932076 1.019 0.172 3.7548 4.245 1 0 0.535 0 0 0 0 0 -1 -1.35e-13 0 0.7346 0.2436 0.003846 0.001053 0.009577 -1 0.0218 4.339 4.067 3.549 3.384 3.106 2.86 2.782 3.106 2.767 3.257 3.058 2.845
0.025095 0.25 9.95424 1.030982017 2.479177437 1.03 0.215 3.7556 4.21 1 0 0.536 0 0 0 0 0 -1 -1.52e-13 0 0.7335 0.2446 0.003864 0.001057 0.00962 -1 0.02189 4.232 3.96 3.444 3.28 3.003 2.759 2.681 3.003 2.666 3.153 2.955 2.743
0.025095 0.25 9.95424 1.039803743 2.48088215 1.039 0.25 3.7556 4.18 1 0 0.535 0 0 0 0 0 -1 -1.67e-13 0 0.7323 0.2457 0.003881 0.001062 0.009662 -1 0.02198 4.146 3.874 3.358 3.194 2.917 2.673 2.596 2.918 2.58 3.068 2.87 2.658
0.025095 0.25 9.95424 1.047962546 2.482429417 1.047 0.282 3.7551 4.148 1 0 0.535 0 0 0 0 0 -1 -1.84e-13 0 0.7308 0.2471 0.003904 0.001068 0.009723 -1 0.02213 4.065 3.794 3.276 3.112 2.833 2.589 2.511 2.834 2.495 2.984 2.786 2.573
0.025095 0.25 9.95424 1.049999952 2.482811486 1.049 0.29 3.7549 4.14 1 0 0.535 0 0 0 0 0 -1 -1.89e-13 0 0.73 0.2478 0.003917 0.001072 0.009755 -1 0.02218 4.045 3.773 3.255 3.09 2.812 2.567 2.489 2.812 2.473 2.963 2.764 2.551
0.025095 0.25 9.95424 1.050545573 2.482913515 1.049 0.292 3.7548 4.138 1 0 0.535 0 0 0 0 0 -1 -1.9e-13 0 0.7298 0.248 0.003921 0.001073 0.009763 -1 0.02219 4.039 3.768 3.25 3.085 2.806 2.561 2.483 2.806 2.467 2.957 2.758 2.545
0.025095 0.25 9.95424 1.057495952 2.484202629 1.056 0.322 3.753 4.104 2 0 0.535 0 0 0 0 0 -1 -2.08e-13 0 0.7263 0.2512 0.00397 0.001086 0.009887 -1 0.02248 3.966 3.696 3.173 3.006 2.724 2.476 2.396 2.724 2.381 2.877 2.676 2.459
0.025095 0.25 9.95424 1.064698338 2.485518083 1.063 0.351 3.7497 4.064 2 0 0.535 0 0 0 0 0 -1 -2.29e-13 0 0.7215 0.2556 0.004034 0.001104 0.01005 -1 0.02282 3.892 3.625 3.093 2.921 2.635 2.381 2.299 2.634 2.283 2.789 2.584 2.363
0.025095 0.25 9.95424 1.072139621 2.486855844 1.071 0.378 3.743 4.014 2 0 0.536 0 0 0 0 0 -1 -2.54e-13 0 0.7145 0.2621 0.004126 0.001129 0.01027 -1 0.02335 3.826 3.565 3.016 2.835 2.538 2.273 2.184 2.534 2.168 2.697 2.484 2.251
0.025095 0.25 9.95424 1.07808888 2.487910112 1.076 0.39 3.7331 3.964 2 0 0.536 0 0 0 0 0 -1 -2.74e-13 0 0.707 0.2692 0.00422 0.001154 0.0105 -1 0.02389 3.795 3.548 2.971 2.777 2.464 2.182 2.084 2.456 2.067 2.629 2.404 2.154
0.025095 0.25 9.95424 1.081313133 2.488475911 1.08 0.387 3.7231 3.929 2 0 0.536 0 0 0 0 0 -1 -2.83e-13 0 0.7017 0.2741 0.004283 0.001171 0.01065 -1 0.02421 3.803 3.572 2.967 2.759 2.429 2.13 2.023 2.417 2.005 2.601 2.364 2.096
0.025095 0.25 9.95424 1.083408833 2.488841593 1.082 0.383 3.714 3.897 2 0 0.537 0 0 0 0 0 -1 -2.89e-13 0 0.698 0.2776 0.004327 0.001183 0.01075 -1 0.02443 3.814 3.601 2.97 2.748 2.404 2.087 1.971 2.387 1.953 2.58 2.332 2.048
0.025095 0.25 9.95424 1.085277915 2.489166362 1.084 0.386 3.705 3.859 2 0 0.537 0 0 0 0 0 -1 -3.03e-13 0 0.6947 0.2807 0.004364 0.001193 0.01084 -1 0.02462 3.805 3.613 2.954 2.719 2.36 2.026 1.902 2.338 1.883 2.541 2.282 1.981
0.025095 0.25 9.95424 1.087127209 2.489486429 1.085 0.406 3.697 3.808 2 0 0.537 0 0 0 0 0 -1 -3.34e-13 0 0.6914 0.2838 0.004397 0.001201 0.01092 -1 0.02479 3.755 3.583 2.9 2.652 2.28 1.93 1.798 2.254 1.779 2.465 2.196 1.88
0.025095 0.25 9.95424 1.088737011 2.489764028 1.087 0.438 3.6915 3.754 2 0 0.537 0 0 0 0 0 -1 -3.8e-13 0 0.6885 0.2866 0.004422 0.001208 0.01098 -1 0.02494 3.675 3.52 2.818 2.561 2.18 1.819 1.681 2.15 1.662 2.368 2.092 1.765
0.025095 0.25 9.95424 1.08945632 2.489887763 1.088 0.46 3.6898 3.726 2 0 0.537 0 0 0 0 0 -1 -4.13e-13 0 0.6871 0.2879 0.004429 0.001211 0.011 -1 0.025 3.621 3.47 2.763 2.504 2.12 1.755 1.616 2.089 1.596 2.308 2.031 1.7
0.025095 0.25 9.95424 1.090848327 2.490126682 1.089 0.507 3.6871 3.669 3 0 0.535 0 0 0 0 0 -1 -4.88e-13 0 0.6841 0.2909 0.00443 0.00122 0.01104 -1 0.02508 3.504 3.362 2.646 2.382 1.993 1.623 1.481 1.96 1.46 2.183 1.902 1.566
0.025095 0.25 9.95424 1.091952801 2.490315752 1.09 0.549 3.6855 3.62 3 0 0.529 0 0 0 0 0 -1 -5.68e-13 0 0.6812 0.2937 0.00439 0.001253 0.01106 -1 0.02514 3.396 3.26 2.539 2.273 1.881 1.507 1.362 1.846 1.342 2.071 1.788 1.448
0.025095 0.25 9.95424 1.092968464 2.490489231 1.091 0.592 3.6842 3.572 3 0 0.518 0 0 0 0 0 -1 -6.61e-13 0 0.6783 0.2965 0.004302 0.001338 0.01108 -1 0.02521 3.29 3.158 2.432 2.164 1.769 1.393 1.247 1.734 1.227 1.96 1.675 1.333
0.025095 0.25 9.95424 1.093936205 2.49065418 1.092 0.636 3.683 3.524 3 0 0.502 0 0 0 0 0 -1 -7.72e-13 0 0.6755 0.2992 0.004181 0.001473 0.0111 -1 0.02527 3.18 3.052 2.323 2.052 1.656 1.276 1.129 1.62 1.109 1.847 1.561 1.216
0.025095 0.25 9.95424 1.094830751 2.490806355 1.093 0.68 3.6819 3.476 3 0 0.486 0 0 0 0 0 -1 -9.02e-13 0 0.6729 0.3017 0.00405 0.001635 0.01111 -1 0.02533 3.07 2.946 2.213 1.94 1.542 1.16 1.012 1.505 0.991 1.734 1.446 1.099
0.025095 0.25 9.95424 1.095603585 2.490937594 1.094 0.72 3.6809 3.432 3 0 0.473 0 0 0 0 0 -1 -1.04e-12 0 0.6706 0.304 0.003941 0.001773 0.01112 -1 0.02537 2.969 2.849 2.112 1.838 1.438 1.054 0.905 1.4 0.884 1.63 1.341 0.992
0.025095 0.25 9.95424 1.096383572 2.491069833 1.094 0.764 3.6797 3.384 3 0 0.462 0 0 0 0 0 -1 -1.21e-12 0 0.6686 0.3061 0.003857 0.00188 0.01113 -1 0.02536 2.859 2.742 2.002 1.726 1.323 0.938 0.787 1.285 0.766 1.517 1.226 0.874
0.025095 0.25 9.95424 1.097063184 2.491184878 1.095 0.806 3.6786 3.338 3 0 0.456 0 0 0 0 0 -1 -1.41e-12 0 0.6671 0.3075 0.003805 0.001948 0.01114 -1 0.02542 2.755 2.642 1.898 1.62 1.215 0.827 0.674 1.176 0.654 1.409 1.116 0.762
0.025095 0.25 9.95424 1.097692847 2.491291321 1.096 0.847 3.6773 3.291 3 0 0.451 0 0 0 0 0 -1 -1.63e-12 0 0.6658 0.3088 0.003764 0.002001 0.01114 -1 0.02544 2.651 2.543 1.795 1.514 1.107 0.717 0.562 1.067 0.542 1.302 1.007 0.651
0.025095 0.25 9.95424 1.098317504 2.49139678 1.096 0.892 3.6759 3.241 3 0 0.446 0 0 0 0 0 -1 -1.91e-12 0 0.6647 0.3098 0.003731 0.002044 0.01114 -1 0.02545 2.54 2.437 1.683 1.4 0.99 0.597 0.441 0.949 0.42 1.185 0.889 0.53
0.025095 0.25 9.95424 1.098844528 2.491485648 1.097 0.933 3.6746 3.196 3 0 0.444 0 0 0 0 0 -1 -2.21e-12 0 0.6639 0.3106 0.003708 0.002073 0.01114 -1 0.02549 2.438 2.34 1.582 1.296 0.884 0.488 0.331 0.842 0.309 1.08 0.782 0.42
0.025095 0.25 9.95424 1.099489331 2.491594243 1.097 0.987 3.6726 3.134 3 0 0.441 0 0 0 0 0 -1 -2.68e-12 0 0.6631 0.3114 0.003687 0.002101 0.01115 -1 0.02544 2.303 2.212 1.447 1.158 0.742 0.342 0.182 0.698 0.16 0.939 0.638 0.272
0.025095 0.25 9.95424 1.100000024 2.491680148 1.098 1.035 3.6707 3.078 3 0 0.44 0 0 0 0 0 -1 -3.2e-12 0 0.6628 0.3118 0.003677 0.002114 0.01115 -1 0.02544 2.182 2.098 1.326 1.034 0.615 0.211 0.049 0.57 0.027 0.813 0.51 0.139
0.025095 0.25 9.95424 1.100452662 2.491756211 1.098 1.082 3.6689 3.024 3 0 0.439 0 0 0 0 0 -1 -3.78e-12 0 0.6625 0.312 0.00367 0.002123 0.01115 -1 0.02544 2.065 1.989 1.21 0.915 0.492 0.084 -0.081 0.446 -0.102 0.69 0.385 0.011
0.025095 0.25 9.95424 1.100892425 2.491830041 1.099 1.132 3.6668 2.966 3 0 0.438 0 0 0 0 0 -1 -4.53e-12 0 0.6624 0.3122 0.003666 0.002128 0.01115 -1 0.02544 1.94 1.872 1.086 0.786 0.36 -0.052 -0.22 0.312 -0.242 0.559 0.251 -0.128
0.025095 0.25 9.95424 1.101310611 2.491900186 1.099 1.184 3.6645 2.905 3 0 0.438 0 0 0 0 0 -1 -5.47e-12 0 0.6624 0.3122 0.003665 0.002129 0.01115 -1 0.02545 1.81 1.752 0.956 0.653 0.222 -0.195 -0.365 0.173 -0.387 0.423 0.112 -0.272
0.025095 0.25 9.95424 1.10167706 2.491961602 1.099 1.234 3.6621 2.845 3 0 0.438 0 0 0 0 0 -1 -6.58e-12 0 0.6624 0.3122 0.003664 0.00213 0.01115 -1 0.02545 1.684 1.635 0.831 0.524 0.089 -0.333 -0.506 0.038 -0.529 0.29 -0.023 -0.412
0.025095 0.25 9.95424 1.102000475 2.492015767 1.1 1.283 3.6598 2.788 3 0 0.438 0 0 0 0 0 -1 -7.85e-12 0 0.6624 0.3122 0.003664 0.002131 0.01115 -1 0.02545 1.563 1.524 0.711 0.399 -0.04 -0.466 -0.642 -0.093 -0.666 0.163 -0.154 -0.548
0.025095 0.25 9.95424 1.102310896 2.492067722 1.1 1.333 3.6573 2.728 3 0 0.438 0 0 0 0 0 -1 -9.45e-12 0 0.6624 0.3122 0.003663 0.002132 0.01115 -1 0.02545 1.438 1.41 0.587 0.27 -0.173 -0.605 -0.784 -0.228 -0.808 0.03 -0.29 -0.689
0.025095 0.25 9.95424 1.102588773 2.492114201 1.1 1.381 3.6548 2.67 3 0 0.438 0 0 0 0 0 -1 -1.13e-11 0 0.6624 0.3122 0.003663 0.002132 0.01115 -1 0.02545 1.317 1.301 0.468 0.147 -0.301 -0.738 -0.92 -0.358 -0.945 -0.097 -0.42 -0.824
0.025095 0.25 9.95424 1.102857709 2.492159159 1.1 1.428 3.6523 2.613 3 0 0.438 0 0 0 0 0 -1 -1.34e-11 0 0.6623 0.3122 0.003662 0.002133 0.01115 -1 0.02545 1.2 1.195 0.352 0.027 -0.426 -0.868 -1.054 -0.485 -1.078 -0.221 -0.547 -0.957
0.025095 0.25 9.95424 1.103216648 2.492219123 1.1 1.475 3.6499 2.557 3 0 0.438 0 0 0 0 0 -1 -1.59e-11 0 0.6623 0.3122 0.003662 0.002134 0.01115 -1 0.02545 1.083 1.089 0.237 -0.093 -0.549 -0.997 -1.186 -0.611 -1.211 -0.344 -0.673 -1.088
0.025095 0.25 9.95424 1.103266001 2.492227364 1.1 1.479 3.6497 2.552 3 0 0.438 0 0 0 0 0 -1 -1.62e-11 0 0.6623 0.3122 0.003662 0.002134 0.01115 -1 0.02545 1.073 1.08 0.227 -0.103 -0.56 -1.008 -1.197 -0.622 -1.222 -0.354 -0.684 -1.1
0.025095 0.25 9.95424 1.103527784 2.492271065 1.101 1.436 3.6526 2.606 3 0 0.438 0 0 0 0 0 -1 -1.4e-11 0 0.6623 0.3122 0.003661 0.002134 0.01115 -1 0.02545 1.181 1.175 0.333 0.008 -0.444 -0.885 -1.071 -0.503 -1.095 -0.239 -0.565 -0.974
0.025095 0.25 9.95424 1.103642702 2.492290241 1.101 1.404 3.6546 2.646 3 0 0.438 0 0 0 0 0 -1 -1.25e-11 0 0.6623 0.3122 0.003661 0.002134 0.01115 -1 0.02545 1.259 1.243 0.41 0.088 -0.36 -0.797 -0.98 -0.417 -1.005 -0.156 -0.479 -0.884
0.025095 0.25 9.95424 1.103722692 2.492303586 1.101 1.424 3.6535 2.622 3 0 0.438 0 0 0 0 0 -1 -1.32e-11 0 0.6623 0.3122 0.003661 0.002135 0.01115 -1 0.02545 1.21 1.2 0.362 0.038 -0.412 -0.851 -1.036 -0.47 -1.06 -0.207 -0.532 -0.939
0.025095 0.25 9.95424 1.103943348 2.492340388 1.101 1.473 3.6508 2.562 3 0 0.438 0 0 0 0 0 -1 -1.57e-11 0 0.6623 0.3122 0.003661 0.002135 0.01115 -1 0.02545 1.088 1.09 0.241 -0.087 -0.542 -0.987 -1.175 -0.603 -1.2 -0.336 -0.664 -1.078
0.025095 0.25 9.95424 1.104158402 2.492376239 1.101 1.522 3.648 2.502 3 0 0.438 0 0 0 0 0 -1 -1.89e-11 0 0.6623 0.3122 0.00366 0.002136 0.01115 -1 0.02545 0.966 0.981 0.121 -0.213 -0.672 -1.124 -1.315 -0.736 -1.341 -0.466 -0.798 -1.217
0.025095 0.25 9.95424 1.104356527 2.492409254 1.101 1.57 3.6452 2.443 3 0 0.438 0 0 0 0 0 -1 -2.26e-11 0 0.6623 0.3122 0.00366 0.002136 0.01115 -1 0.02545 0.845 0.875 0 -0.338 -0.803 -1.259 -1.455 -0.868 -1.481 -0.595 -0.93 -1.356
0.025095 0.25 9.95424 1.104533791 2.492438781 1.101 1.617 3.6425 2.385 3 0 0.437 0 0 0 0 0 -1 -2.69e-11 0 0.6623 0.3122 0.00366 0.002136 0.01115 -1 0.02546 0.727 0.771 -0.115 -0.459 -0.928 -1.39 -1.589 -0.996 -1.616 -0.72 -1.058 -1.49
0.025095 0.25 9.95424 1.104700685 2.49246657 1.101 1.665 3.6396 2.325 3 0 0.437 0 0 0 0 0 -1 -3.22e-11 0 0.6623 0.3122 0.003659 0.002137 0.01115 -1 0.02546 0.608 0.666 -0.234 -0.582 -1.057 -1.524 -1.728 -1.127 -1.756 -0.847 -1.189 -1.627
0.025095 0.25 9.95424 1.104850054 2.492491434 1.101 1.712 3.6367 2.267 3 0 0.437 0 0 0 0 0 -1 -3.83e-11 0 0.6623 0.3122 0.003659 0.002137 0.01115 -1 0.02546 0.491 0.567 -0.349 -0.703 -1.183 -1.655 -1.863 -1.255 -1.891 -0.972 -1.317 -1.761
0.025095 0.25 9.95424 1.104987502 2.492514306 1.101 1.758 3.6338 2.208 3 0 0.437 0 0 0 0 0 -1 -4.57e-11 0 0.6623 0.3122 0.003659 0.002137 0.01115 -1 0.02546 0.374 0.467 -0.464 -0.823 -1.309 -1.787 -1.998 -1.383 -2.028 -1.097 -1.446 -1.896
0.025095 0.25 9.95424 1.105111718 2.492534971 1.101 1.804 3.6308 2.151 3 0 0.437 0 0 0 0 0 -1 -5.42e-11 0 0.6623 0.3122 0.003659 0.002138 0.01115 -1 0.02546 0.259 0.37 -0.576 -0.941 -1.432 -1.916 -2.131 -1.509 -2.162 -1.219 -1.571 -2.028
0.025095 0.25 9.95424 1.105226159 2.492554005 1.101 1.85 3.6279 2.093 3 0 0.437 0 0 0 0 0 -1 -6.44e-11 0 0.6623 0.3122 0.003659 0.002138 0.01115 -1 0.02546 0.145 0.276 -0.689 -1.059 -1.555 -2.044 -2.264 -1.634 -2.295 -1.341 -1.697 -2.16
0.025095 0.25 9.95424 1.105331421 2.492571508 1.101 1.896 3.6248 2.035 3 0 0.437 0 0 0 0 0 -1 -7.66e-11 0 0.6623 0.3122 0.003658 0.002138 0.01115 -1 0.02546 0.03 0.182 -0.801 -1.177 -1.678 -2.173 -2.398 -1.761 -2.43 -1.463 -1.823 -2.293
0.025095 0.25 9.95424 1.105425 2.492587065 1.101 1.94 3.6218 1.978 3 0 0.437 0 0 0 0 0 -1 -9.06e-11 0 0.6623 0.3122 0.003658 0.002138 0.01115 -1 0.02546 -0.081 0.091 -0.909 -1.291 -1.798 -2.297 -2.525 -1.881 -2.559 -1.581 -1.944 -2.419
0.025095 0.25 9.95424 1.105511785 2.49260149 1.1 1.985 3.6187 1.921 3 0 0.437 0 0 0 0 0 -1 -1.07e-10 0 0.6623 0.3122 0.003658 0.002138 0.01115 -1 0.02546 -0.193 0.002 -1.016 -1.405 -1.917 -2.417 -2.649 -2.001 -2.687 -1.697 -2.064 -2.542
0.025095 0.25 9.95424 1.105590105 2.492614506 1.1 2.029 3.6156 1.865 3 0 0.437 0 0 0 0 0 -1 -1.27e-10 0 0.6623 0.3122 0.003658 0.002139 0.01115 -1 0.02546 -0.303 -0.083 -1.12 -1.517 -2.034 -2.536 -2.772 -2.118 -2.813 -1.812 -2.181 -2.663
0.025095 0.25 9.95424 1.105662823 2.492626589 1.1 2.074 3.6125 1.808 3 0 0.437 0 0 0 0 0 -1 -1.5e-10 0 0.6623 0.3122 0.003658 0.002139 0.01115 -1 0.02546 -0.414 -0.17 -1.224 -1.629 -2.152 -2.656 -2.895 -2.237 -2.94 -1.927 -2.3 -2.785
0.025095 0.25 9.95424 1.105728745 2.492637541 1.1 2.117 3.6093 1.751 3 0 0.437 0 0 0 0 0 -1 -1.77e-10 0 0.6623 0.3122 0.003658 0.002139 0.01115 -1 0.02546 -0.523 -0.254 -1.326 -1.739 -2.268 -2.775 -3.017 -2.353 -3.066 -2.04 -2.417 -2.905
0.025095 0.25 9.95424 1.105788589 2.492647482 1.099 2.16 3.6061 1.696 3 0 0.437 0 0 0 0 0 -1 -2.08e-10 0 0.6623 0.3123 0.003658 0.002139 0.01115 -1 0.02546 -0.63 -0.332 -1.426 -1.848 -2.382 -2.891 -3.137 -2.468 -3.19 -2.152 -2.532 -3.024
0.025095 0.25 9.95424 1.105843782 2.492656649 1.099 2.203 3.6029 1.64 3 0 0.437 0 0 0 0 0 -1 -2.45e-10 0 0.6623 0.3123 0.003658 0.002139 0.01115 -1 0.02546 -0.737 -0.41 -1.525 -1.955 -2.496 -3.007 -3.257 -2.582 -3.314 -2.262 -2.646 -3.142
0.025095 0.25 9.95424 1.105895162 2.492665182 1.099 2.246 3.5997 1.584 3 0 0.437 0 0 0 0 0 -1 -2.89e-10 0 0.6623 0.3123 0.003658 0.002139 0.01115 -1 0.02546 -0.844 -0.49 -1.624 -2.064 -2.61 -3.124 -3.378 -2.697 -3.438 -2.374 -2.762 -3.261
0.025095 0.25 9.95424 1.105941057 2.492672804 1.098 2.287 3.5964 1.53 3 0 0.437 0 0 0 0 0 -1 -3.39e-10 0 0.6623 0.3123 0.003657 0.002139 0.01115 -1 0.02546 -0.947 -0.56 -1.718 -2.168 -2.721 -3.238 -3.495 -2.809 -3.56 -2.482 -2.873 -3.377
0.025095 0.25 9.95424 1.105983615 2.49267987 1.098 2.328 3.5931 1.475 3 0 0.437 0 0 0 0 0 -1 -3.97e-10 0 0.6623 0.3123 0.003657 0.002139 0.01115 -1 0.02546 -1.051 -0.629 -1.814 -2.274 -2.833 -3.354 -3.615 -2.922 -3.683 -2.591 -2.987 -3.496
0.025095 0.25 9.95424 1.106023431 2.492686481 1.097 2.37 3.5898 1.42 3 0 0.437 0 0 0 0 0 -1 -4.67e-10 0 0.6623 0.3123 0.003657 0.00214 0.01115 -1 0.02546 -1.155 -0.696 -1.913 -2.383 -2.948 -3.474 -3.74 -3.039 -3.809 -2.704 -3.104 -3.62
0.025095 0.25 9.95424 1.10605824 2.49269226 1.097 2.409 3.5865 1.367 3 0 0.437 0 0 0 0 0 -1 -5.43e-10 0 0.6623 0.3123 0.003657 0.00214 0.01115 -1 0.02546 -1.252 -0.748 -2.005 -2.485 -3.056 -3.587 -3.858 -3.15 -3.929 -2.81 -3.215 -3.737
0.025095 0.25 9.95424 1.10609138 2.492697761 1.096 2.449 3.5831 1.314 3 0 0.437 0 0 0 0 0 -1 -6.34e-10 0 0.6623 0.3123 0.003657 0.00214 0.01115 -1 0.02546 -1.352 -0.8 -2.099 -2.589 -3.166 -3.703 -3.978 -3.263 -4.052 -2.919 -3.328 -3.857
0.025095 0.25 9.95424 1.106122971 2.492703005 1.096 2.49 3.5797 1.259 3 0 0.437 0 0 0 0 0 -1 -7.42e-10 0 0.6623 0.3123 0.003657 0.00214 0.01115 -1 0.02546 -1.454 -0.854 -2.195 -2.696 -3.279 -3.821 -4.101 -3.378 -4.176 -3.03 -3.443 -3.979
0.025095 0.25 9.95424 1.106150389 2.492707556 1.095 2.528 3.5763 1.207 3 0 0.437 13.79 9.83 6.85 5.28 4.29 4 -8.62e-10 0 0.6623 0.3123 0.003657 0.00214 0.01115 -1 0.02546 -1.549 -0.89 -2.282 -2.796 -3.385 -3.932 -4.218 -3.487 -4.294 -3.134 -3.552 -4.094
0.025095 0.25 9.95424 1.10617578 2.492711771 1.094 2.565 3.5728 1.155 3 0 0.437 15.36 10.8 7.49 5.78 4.7 4 -1e-09 0 0.6623 0.3123 0.003657 0.00214 0.01115 -1 0.02546 -1.644 -0.923 -2.368 -2.896 -3.491 -4.043 -4.334 -3.596 -4.412 -3.238 -3.661 -4.209
0.025095 0.25 9.95424 1.106200099 2.492715807 1.094 2.604 3.5693 1.102 3 0 0.437 17.13 11.88 8.21 6.34 5.15 3 -1.16e-09 0 0.6623 0.3123 0.003657 0.00214 0.01115 -1 0.02546 -1.74 -0.955 -2.455 -2.997 -3.599 -4.156 -4.452 -3.706 -4.532 -3.343 -3.771 -4.327
0.025095 0.25 9.95424 1.106222391 2.492719506 1.093 2.642 3.5658 1.05 3 0 0.437 19.08 13.05 8.98 6.95 5.64 3 -1.35e-09 0 0.6623 0.3123 0.003657 0.00214 0.01115 -1 0.02546 -1.834 -0.975 -2.537 -3.096 -3.705 -4.267 -4.568 -3.815 -4.65 -3.447 -3.88 -4.442
0.025095 0.25 9.95424 1.106247544 2.492723681 1.092 2.687 3.5613 0.986 3 0 0.437 21.78 14.64 10.02 7.77 6.31 3 -1.61e-09 0 0.6623 0.3123 0.003657 0.00214 0.01115 -1 0.02546 -1.949 -0.994 -2.635 -3.217 -3.834 -4.402 -4.709 -3.947 -4.794 -3.572 -4.012 -4.582
0.025095 0.25 9.95424 1.106270432 2.492727479 1.091 2.732 3.5569 0.923 3 0 0.437 24.81 16.41 11.17 8.67 7.05 3 -1.93e-09 0 0.6623 0.3123 0.003657 0.00214 0.01115 -1 0.02546 -2.06 -0.996 -2.725 -3.335 -3.962 -4.535 -4.848 -4.077 -4.936 -3.695 -4.142 -4.72
0.025095 0.25 9.95424 1.106291652 2.492731 1.089 2.776 3.5523 0.86 3 0 0.437 28.26 18.38 12.45 9.68 7.87 3 -2.3e-09 0 0.6623 0.3123 0.003657 0.00214 0.01115 -1 0.02546 -2.171 -0.99 -2.811 -3.451 -4.089 -4.668 -4.987 -4.206 -5.077 -3.816 -4.272 -4.857
0.025095 0.25 9.95424 1.106310964 2.492734204 1.088 2.82 3.5478 0.798 3 0 0.437 32.11 20.55 13.85 10.79 8.77 3 -2.74e-09 0 0.6623 0.3123 0.003657 0.00214 0.01115 -1 0.02546 -2.279 -0.975 -2.889 -3.564 -4.213 -4.797 -5.122 -4.332 -5.215 -3.934 -4.399 -4.992
0.025095 0.25 9.95424 1.106328845 2.492737171 1.086 2.862 3.5432 0.736 3 0 0.437 36.51 22.97 15.4 12.02 9.78 3 -3.26e-09 0 0.6623 0.3123 0.003657 0.00214 0.01115 -1 0.02546 -2.386 -0.947 -2.96 -3.675 -4.337 -4.925 -5.258 -4.458 -5.354 -4.051 -4.525 -5.126
0.025095 0.25 9.95424 1.106345058 2.492739861 1.085 2.904 3.5386 0.676 3 0 0.437 41.39 25.63 17.1 13.37 10.88 2 -3.86e-09 0 0.6623 0.3123 0.003657 0.00214 0.01115 -1 0.02546 -2.49 -0.912 -3.023 -3.782 -4.458 -5.051 -5.39 -4.58 -5.488 -4.164 -4.648 -5.257
0.025095 0.25 9.95424 1.106360436 2.492742412 1.083 2.946 3.534 0.614 3 0 0.437 46.97 28.61 18.99 14.87 12.11 2 -4.58e-09 0 0.6623 0.3123 0.003657 0.00214 0.01115 -1 0.02546 -2.595 -0.867 -3.074 -3.888 -4.58 -5.176 -5.522 -4.702 -5.624 -4.277 -4.771 -5.387
0.025095 0.25 9.95424 1.106374264 2.492744707 1.081 2.986 3.5294 0.555 3 0 0.437 53.09 31.83 21.03 16.49 13.43 2 -5.4e-09 0 0.6623 0.3123 0.003657 0.00214 0.01115 -1 0.02546 -2.696 -0.813 -3.118 -3.987 -4.697 -5.297 -5.65 -4.82 -5.754 -4.384 -4.89 -5.514
0.025095 0.25 9.95424 1.106387496 2.492746902 1.078 3.027 3.5248 0.495 3 0 0.437 60.1 35.46 23.31 18.31 14.92 2 -6.38e-09 0 0.6623 0.3123 0.003657 0.00214 0.01115 -1 0.02546 -2.797 -0.738 -3.139 -4.081 -4.814 -5.418 -5.778 -4.937 -5.886 -4.489 -5.008 -5.64
0.025095 0.25 9.95424 1.106399655 2.492748919 1.076 3.066 3.5202 0.437 3 0 0.437 67.82 39.39 25.77 20.28 16.52 2 -7.51e-09 0 0.6623 0.3123 0.003657 0.00214 0.01115 -1 0.02546 -2.894 -0.66 -3.158 -4.174 -4.929 -5.536 -5.903 -5.05 -6.014 -4.592 -5.124 -5.764
0.025095 0.25 9.95424 1.106410742 2.492750758 1.073 3.104 3.5155 0.379 3 0 0.437 76.44 43.7 28.46 22.43 18.28 2 -8.81e-09 0 0.6623 0.3123 0.003657 0.00214 0.01115 -1 0.02546 -2.99 -0.551 -3.148 -4.254 -5.041 -5.651 -6.024 -5.16 -6.139 -4.69 -5.236 -5.883
0.025095 0.25 9.95424 1.106421113 2.492752479 1.07 3.141 3.5108 0.321 3 0 0.437 86.08 48.45 31.41 24.79 20.21 2 -1.03e-08 0 0.6623 0.3123 0.003657 0.00214 0.01115 -1 0.02546 -3.084 -0.431 -3.13 -4.332 -5.151 -5.765 -6.144 -5.267 -6.263 -4.787 -5.346 -6.001
0.025095 0.25 9.95424 1.106430888 2.4927541 1.067 3.179 3.5061 0.264 3 0 0.437 96.92 53.71 34.65 27.4 22.34 2 -1.21e-08 0 0.6623 0.3123 0.003657 0.00214 0.01115 -1 0.02546 -3.176 -0.328 -3.114 -4.407 -5.259 -5.877 -6.259 -5.373 -6.384 -4.882 -5.454 -6.114
0.025095 0.25 9.95424 1.106439829 2.492755583 1.063 3.215 3.5014 0.208 3 0 0.437 108.88 59.42 38.16 30.22 24.64 1 -1.41e-08 0 0.6623 0.3123 0.003657 0.00214 0.01115 -1 0.02546 -3.266 -0.226 -3.097 -4.479 -5.364 -5.985 -6.371 -5.475 -6.501 -4.976 -5.559 -6.224
0.025095 0.25 9.95424 1.106448412 2.492757007 1.059 3.25 3.4966 0.151 3 0 0.437 122.26 65.7 42 33.32 27.17 1 -1.65e-08 0 0.6623 0.3123 0.003657 0.00214 0.01115 -1 0.02546 -3.355 -0.121 -3.068 -4.543 -5.467 -6.093 -6.482 -5.575 -6.617 -5.067 -5.661 -6.333
0.025095 0.25 9.95424 1.106456161 2.492758292 1.055 3.284 3.4918 0.097 3 0 0.437 136.95 72.49 46.13 36.65 29.9 1 -1.92e-08 0 0.6623 0.3123 0.003657 0.002141 0.01115 -1 0.02546 -3.441 -0.017 -3.034 -4.603 -5.566 -6.197 -6.59 -5.671 -6.731 -5.155 -5.76 -6.439
0.025095 0.25 9.95424 1.106463671 2.492759538 1.051 3.318 3.4872 0.042 3 0 0.437 153.24 79.9 50.61 40.28 32.86 1 -2.23e-08 0 0.6623 0.3123 0.003657 0.002141 0.01115 -1 0.02546 -3.525 0.044 -3.023 -4.664 -5.662 -6.298 -6.692 -5.765 -6.84 -5.244 -5.857 -6.539
0.025095 0.25 9.95424 1.106470704 2.492760705 1.046 3.351 3.4824 -0.013 3 0 0.437 171.56 88.09 55.55 44.28 36.14 1 -2.59e-08 0 0.6623 0.3123 0.003657 0.002141 0.01115 -1 0.02546 -3.609 0.078 -3.025 -4.727 -5.757 -6.398 -6.791 -5.858 -6.948 -5.333 -5.951 -6.637
0.025095 0.25 9.95424 1.106477618 2.492761852 1.04 3.384 3.4777 -0.067 3 0 0.437 188.51 96.97 60.88 48.61 39.68 1 -3.01e-08 0 0.6623 0.3123 0.003657 0.002141 0.01115 -1 0.02546 -3.691 0.101 -3.037 -4.79 -5.849 -6.495 -6.885 -5.948 -7.051 -5.42 -6.043 -6.729
0.025095 0.25 9.95424 1.106482506 2.492762662 1.035 3.406 3.4747 -0.102 3 0 0.437 198.62 103.25 64.63 51.66 42.17 1 -3.33e-08 0 0.6623 0.3123 0.003657 0.002141 0.01115 -1 0.02546 -3.744 0.109 -3.051 -4.832 -5.908 -6.557 -6.943 -6.005 -7.116 -5.477 -6.102 -6.787
0.025095 0.25 9.95424 1.106482506 2.492762662 1.035 1.669 3.6555 2.358 4 0 0.454 0 0 0 0 0 -1 -1e-30 0 0.6641 0.3105 0.003785 0.001968 0.01112 -1 0.02537 0.597 0.576 -0.252 -0.574 -1.022 -1.452 -1.637 -1.076 -1.662 -0.816 -1.138 -1.541
0.025095 0.25 9.95424 1.106599927 2.492782136 1.035 1.679 3.6548 2.345 4 0 0.454 0 0 0 0 0 -1 -1e-30 0 0.6641 0.3105 0.003785 0.001969 0.01112 -1 0.02537 0.572 0.554 -0.277 -0.6 -1.05 -1.481 -1.667 -1.105 -1.692 -0.843 -1.166 -1.571
0.025095 0.25 9.95424 1.106712699 2.492800834 1.035 1.682 3.6547 2.342 4 0 0.454 0 0 0 0 0 -1 -1e-30 0 0.6641 0.3105 0.003784 0.001969 0.01112 -1 0.02537 0.565 0.548 -0.284 -0.607 -1.056 -1.488 -1.674 -1.111 -1.699 -0.85 -1.173 -1.578
0.025095 0.25 9.95424 1.10682714 2.492819805 1.035 1.68 3.6551 2.345 4 0 0.454 0 0 0 0 0 -1 -1e-30 0 0.6641 0.3105 0.003784 0.001969 0.01112 -1 0.02537 0.569 0.55 -0.28 -0.602 -1.051 -1.482 -1.667 -1.106 -1.692 -0.845 -1.168 -1.571
0.025095 0.25 9.95424 1.106944203 2.492839205 1.035 1.677 3.6556 2.35 4 0 0.454 0 0 0 0 0 -1 -1e-30 0 0.6641 0.3105 0.003784 0.001969 0.01112 -1 0.02537 0.577 0.555 -0.273 -0.594 -1.042 -1.472 -1.657 -1.096 -1.681 -0.836 -1.158 -1.561
0.025095 0.25 9.95424 1.107058644 2.492858167 1.036 1.674 3.6561 2.355 4 0 0.454 0 0 0 0 0 -1 -1e-30 0 0.6641 0.3105 0.003784 0.00197 0.01112 -1 0.02537 0.585 0.561 -0.265 -0.586 -1.033 -1.461 -1.645 -1.086 -1.67 -0.826 -1.148 -1.55
0.025095 0.25 9.95424 1.107173443 2.492877183 1.036 1.671 3.6565 2.36 4 0 0.454 0 0 0 0 0 -1 -1e-30 0 0.6641 0.3105 0.003784 0.00197 0.01112 -1 0.02537 0.593 0.567 -0.257 -0.577 -1.023 -1.451 -1.635 -1.077 -1.659 -0.817 -1.138 -1.539
0.025095 0.25 9.95424 1.107287169 2.492896017 1.036 1.668 3.657 2.365 4 0 0.454 0 0 0 0 0 -1 -1e-30 0 0.6641 0.3105 0.003783 0.00197 0.01112 -1 0.02537 0.6 0.572 -0.25 -0.569 -1.014 -1.441 -1.624 -1.067 -1.648 -0.808 -1.129 -1.528
0.025095 0.25 9.95424 1.107403278 2.492915241 1.036 1.665 3.6575 2.37 4 0 0.454 0 0 0 0 0 -1 -1e-30 0 0.6641 0.3105 0.003783 0.001971 0.01112 -1 0.02537 0.607 0.577 -0.243 -0.561 -1.005 -1.431 -1.614 -1.058 -1.638 -0.8 -1.12 -1.518
0.025095 0.25 9.95424 1.107514977 2.492933731 1.036 1.662 3.6579 2.375 4 0 0.454 0 0 0 0 0 -1 -1e-30 0 0.6641 0.3105 0.003783 0.001971 0.01112 -1 0.02537 0.614 0.582 -0.236 -0.554 -0.998 -1.422 -1.604 -1.05 -1.629 -0.792 -1.111 -1.509
0.025095 0.25 9.95424 1.10763073 2.492952886 1.036 1.66 3.6583 2.379 4 0 0.454 0 0 0 0 0 -1 -1e-30 0 0.6641 0.3105 0.003783 0.001971 0.01112 -1 0.02537 0.62 0.586 -0.23 -0.547 -0.99 -1.414 -1.596 -1.042 -1.62 -0.785 -1.104 -1.501
0.025095 0.25 9.95424 1.107752085 2.492972965 1.036 1.658 3.6587 2.383 4 0 0.454 0 0 0 0 0 -1 -1e-30 0 0.6641 0.3105 0.003783 0.001971 0.01112 -1 0.02537 0.625 0.59 -0.225 -0.541 -0.984 -1.407 -1.588 -1.035 -1.612 -0.778 -1.097 -1.493
0.025095 0.25 9.95424 1.107874036 2.492993136 1.037 1.656 3.6591 2.386 4 0 0.454 0 0 0 0 0 -1 -1e-30 0 0.6641 0.3105 0.003782 0.001972 0.01112 -1 0.02537 0.63 0.593 -0.221 -0.536 -0.978 -1.4 -1.581 -1.029 -1.605 -0.773 -1.091 -1.486
0.025095 0.25 9.95424 1.107995033 2.493013145 1.037 1.654 3.6594 2.389 4 0 0.454 0 0 0 0 0 -1 -1e-30 0 0.6641 0.3105 0.003782 0.001972 0.01112 -1 0.02537 0.634 0.595 -0.217 -0.532 -0.973 -1.394 -1.574 -1.024 -1.599 -0.768 -1.085 -1.48
0.025095 0.25 9.95424 1.108021498 2.493017521 1.037 1.654 3.6595 2.39 4 0 0.454 0 0 0 0 0 -1 -1e-30 0 0.6641 0.3105 0.003782 0.001972 0.01112 -1 0.02537 0.635 0.596 -0.216 -0.531 -0.972 -1.393 -1.573 -1.023 -1.597 -0.767 -1.084 -1.479
0.025095 0.25 9.95424 1.108108997 2.493031987 1.037 1.653 3.6597 2.391 4 0 0.454 0 0 0 0 0 -1 -1e-30 0 0.6641 0.3105 0.003782 0.001972 0.01112 -1 0.02537 0.637 0.597 -0.214 -0.528 -0.969 -1.39 -1.569 -1.02 -1.593 -0.764 -1.081 -1.475
0.025095 0.25 9.95424 1.108220816 2.493050469 1.037 1.652 3.6599 2.393 4 0 0.454 0 0 0 0 0 -1 -1e-30 0 0.6641 0.3105 0.003782 0.001973 0.01112 -1 0.02537 0.64 0.599 -0.211 -0.525 -0.965 -1.386 -1.565 -1.016 -1.589 -0.76 -1.077 -1.471
0.025095 0.25 9.95424 1.10833025 2.493068553 1.037 1.651 3.6601 2.395 4 0 0.454 0 0 0 0 0 -1 -1e-30 0 0.6641 0.3105 0.003782 0.001973 0.01112 -1 0.02537 0.642 0.6 -0.209 -0.523 -0.963 -1.383 -1.562 -1.013 -1.586 -0.758 -1.074 -1.467
0.025095 0.25 9.95424 1.108447552 2.493087932 1.037 1.651 3.6603 2.397 4 0 0.453 0 0 0 0 0 -1 -1e-30 0 0.6641 0.3105 0.003781 0.001973 0.01112 -1 0.02538 0.643 0.6 -0.208 -0.521 -0.961 -1.38 -1.559 -1.011 -1.583 -0.756 -1.072 -1.465
0.025095 0.25 9.95424 1.108560443 2.493106578 1.037 1.651 3.6605 2.397 4 0 0.453 0 0 0 0 0 -1 -1e-30 0 0.6641 0.3105 0.003781 0.001974 0.01112 -1 0.02538 0.644 0.6 -0.207 -0.521 -0.96 -1.379 -1.558 -1.01 -1.582 -0.755 -1.071 -1.464
0.025095 0.25 9.95424 1.108670354 2.493124728 1.037 1.651 3.6605 2.397 4 0 0.453 0 0 0 0 0 -1 -1e-30 0 0.6641 0.3106 0.003781 0.001974 0.01112 -1 0.02538 0.643 0.599 -0.208 -0.521 -0.96 -1.379 -1.558 -1.01 -1.582 -0.755 -1.072 -1.464
0.025095 0.25 9.95424 1.108780503 2.493142913 1.038 1.651 3.6606 2.397 4 0 0.453 0 0 0 0 0 -1 -1e-30 0 0.6641 0.3106 0.003781 0.001974 0.01112 -1 0.02538 0.641 0.597 -0.21 -0.523 -0.962 -1.381 -1.56 -1.012 -1.583 -0.757 -1.073 -1.465
0.025095 0.25 9.95424 1.108834505 2.493151828 1.038 1.652 3.6606 2.397 4 0 0.453 0 0 0 0 0 -1 -1e-30 0 0.6641 0.3106 0.003781 0.001974 0.01112 -1 0.02538 0.64 0.596 -0.211 -0.524 -0.963 -1.382 -1.561 -1.013 -1.584 -0.758 -1.074 -1.466
0.025095 0.25 9.95424 1.108950615 2.49317099 1.038 1.653 3.6605 2.395 4 0 0.453 0 0 0 0 0 -1 -1e-30 0 0.6641 0.3106 0.003781 0.001975 0.01112 -1 0.02538 0.636 0.593 -0.215 -0.528 -0.967 -1.386 -1.565 -1.017 -1.589 -0.762 -1.078 -1.47
0.025095 0.25 9.95424 1.109060526 2.493189125 1.038 1.655 3.6604 2.393 4 0 0.453 0 0 0 0 0 -1 -1e-30 0 0.6641 0.3106 0.00378 0.001975 0.01112 -1 0.02538 0.632 0.588 -0.22 -0.533 -0.972 -1.391 -1.57 -1.022 -1.594 -0.767 -1.084 -1.476
0.025095 0.25 9.95424 1.109173417 2.493207748 1.038 1.658 3.6603 2.389 4 0 0.453 0 0 0 0 0 -1 -1e-30 0 0.6641 0.3106 0.00378 0.001975 0.01112 -1 0.02538 0.625 0.582 -0.226 -0.54 -0.979 -1.399 -1.578 -1.03 -1.602 -0.774 -1.091 -1.484
0.025095 0.25 9.95424 1.109282255 2.493225698 1.038 1.661 3.66 2.385 4 0 0.453 0 0 0 0 0 -1 -1e-30 0 0.6641 0.3106 0.00378 0.001975 0.01112 -1 0.02538 0.617 0.575 -0.234 -0.548 -0.988 -1.408 -1.587 -1.039 -1.611 -0.783 -1.1 -1.493
0.025095 0.25 9.95424 1.109391809 2.493243762 1.038 1.665 3.6597 2.38 4 0 0.453 0 0 0 0 0 -1 -1e-30 0 0.664 0.3106 0.00378 0.001976 0.01112 -1 0.02538 0.607 0.567 -0.244 -0.559 -0.999 -1.42 -1.6 -1.05 -1.624 -0.794 -1.111 -1.505
0.025095 0.25 9.95424 1.109501123 2.493261782 1.038 1.67 3.6593 2.373 4 0 0.453 0 0 0 0 0 -1 -1e-30 0 0.664 0.3106 0.00378 0.001976 0.01112 -1 0.02538 0.594 0.556 -0.257 -0.572 -1.013 -1.435 -1.615 -1.064 -1.639 -0.808 -1.126 -1.52
0.025095 0.25 9.95424 1.109610558 2.493279818 1.039 1.676 3.6588 2.365 4 0 0.453 0 0 0 0 0 -1 -1e-30 0 0.664 0.3106 0.003779 0.001976 0.01112 -1 0.02538 0.58 0.543 -0.271 -0.587 -1.03 -1.452 -1.633 -1.081 -1.657 -0.824 -1.142 -1.538
0.025095 0.25 9.95424 1.109722018 2.493298184 1.039 1.683 3.6583 2.357 4 0 0.453 0 0 0 0 0 -1 -1e-30 0 0.664 0.3106 0.003779 0.001976 0.01112 -1 0.02538 0.564 0.53 -0.287 -0.604 -1.047 -1.471 -1.652 -1.099 -1.677 -0.841 -1.161 -1.557
0.025095 0.25 9.95424 1.109832644 2.493316408 1.039 1.691 3.6576 2.346 4 0 0.453 0 0 0 0 0 -1 -1e-30 0 0.664 0.3106 0.003779 0.001977 0.01112 -1 0.02538 0.543 0.512 -0.308 -0.626 -1.07 -1.495 -1.678 -1.123 -1.702 -0.864 -1.184 -1.583
0.025095 0.25 9.95424 1.109941006 2.493334255 1.039 1.703 3.6565 2.33 4 0 0.453 0 0 0 0 0 -1 -1e-30 0 0.664 0.3106 0.003779 0.001977 0.01112 -1 0.02538 0.513 0.486 -0.338 -0.658 -1.104 -1.531 -1.715 -1.157 -1.74 -0.898 -1.219 -1.62
0.025095 0.25 9.95424 1.110025644 2.493348192 1.039 1.692 3.6577 2.346 4 0 0.453 0 0 0 0 0 -1 -1e-30 0 0.664 0.3106 0.003779 0.001977 0.01112 -1 0.02538 0.54 0.509 -0.31 -0.628 -1.072 -1.497 -1.679 -1.125 -1.704 -0.866 -1.186 -1.584
0.025095 0.25 9.95424 1.110131144 2.493365561 1.039 1.708 3.6561 2.323 4 0 0.453 0 0 0 0 0 -1 -1e-30 0 0.664 0.3106 0.003778 0.001977 0.01112 -1 0.02538 0.5 0.476 -0.35 -0.671 -1.118 -1.545 -1.73 -1.171 -1.755 -0.911 -1.233 -1.634
0.025095 0.25 9.95424 1.110242248 2.493383848 1.039 1.744 3.653 2.275 4 0 0.453 0 0 0 0 0 -1 -1e-30 0 0.664 0.3106 0.003778 0.001978 0.01112 -1 0.02538 0.41 0.4 -0.439 -0.765 -1.218 -1.652 -1.841 -1.274 -1.866 -1.01 -1.336 -1.744
0.025095 0.25 9.95424 1.110304117 2.493394029 1.039 1.78 3.6498 2.226 4 0 0.453 0 0 0 0 0 -1 -1e-30 0 0.664 0.3106 0.003778 0.001978 0.01112 -1 0.02538 0.32 0.324 -0.528 -0.86 -1.319 -1.759 -1.952 -1.377 -1.978 -1.109 -1.439 -1.854
0.025095 0.25 9.95424 1.110339284 2.493399816 1.039 1.816 3.6466 2.177 4 0 0.453 0 0 0 0 0 -1 -1e-30 0 0.664 0.3106 0.003778 0.001978 0.01112 -1 0.02538 0.229 0.249 -0.617 -0.955 -1.419 -1.865 -2.063 -1.48 -2.089 -1.208 -1.542 -1.964
0.025095 0.25 9.95424 1.110359669 2.49340317 1.04 1.853 3.6434 2.128 4 0 0.453 0 0 0 0 0 -1 -1e-30 0 0.664 0.3106 0.003778 0.001978 0.01112 -1 0.02538 0.138 0.174 -0.706 -1.05 -1.52 -1.973 -2.174 -1.584 -2.202 -1.308 -1.646 -2.075
0.025095 0.25 9.95424 1.110371947 2.49340519 1.04 1.892 3.64 2.075 4 0 0.453 0 0 0 0 0 -1 -1e-30 0 0.664 0.3106 0.003778 0.001978 0.01112 -1 0.02538 0.041 0.094 -0.801 -1.151 -1.627 -2.086 -2.293 -1.693 -2.321 -1.414 -1.756 -2.192
0.025095 0.25 9.95424 1.110378981 2.493406348 1.04 1.929 3.6367 2.024 4 0 0.453 0 0 0 0 0 -1 -1e-30 0 0.664 0.3106 0.003778 0.001978 0.01112 -1 0.02538 -0.053 0.019 -0.893 -1.249 -1.731 -2.197 -2.408 -1.8 -2.437 -1.517 -1.862 -2.306
0.025095 0.25 9.95424 1.110383391 2.493407073 1.04 1.968 3.6334 1.973 4 0 0.453 0 0 0 0 0 -1 -1e-30 0 0.664 0.3106 0.003778 0.001978 0.01112 -1 0.02538 -0.149 -0.058 -0.986 -1.348 -1.835 -2.306 -2.521 -1.906 -2.552 -1.619 -1.969 -2.418
0.025095 0.25 9.95424 1.110386252 2.493407544 1.04 2.007 3.63 1.919 4 0 0.453 0 0 0 0 0 -1 -1e-30 0 0.664 0.3106 0.003778 0.001978 0.01112 -1 0.02538 -0.249 -0.139 -1.08 -1.449 -1.943 -2.416 -2.635 -2.014 -2.67 -1.724 -2.077 -2.53
0.025095 0.25 9.95424 1.11038816 2.493407858 1.04 2.042 3.6271 1.874 4 0 0.453 0 0 0 0 0 -1 -1e-30 0 0.664 0.3106 0.003778 0.001978 0.01112 -1 0.02538 -0.334 -0.205 -1.161 -1.537 -2.035 -2.511 -2.733 -2.107 -2.77 -1.814 -2.17 -2.627
0.025095 0.25 9.95424 1.110388637 2.493407936 1.04 2.053 3.6261 1.858 7 0 0.453 0 0 0 0 0 -1 -1e-30 0 0.664 0.3106 0.003778 0.001978 0.01112 -1 0.02538 -0.363 -0.227 -1.188 -1.566 -2.066 -2.543 -2.766 -2.139 -2.804 -1.845 -2.202 -2.659
0.025095 0.25 9.95424 1.110388994 2.493407995 1.04 2.06 3.6255 1.849 7 0 0.453 0 0 0 0 0 -1 -1e-30 0 0.664 0.3106 0.003778 0.001978 0.01112 -1 0.02538 -0.379 -0.24 -1.204 -1.583 -2.084 -2.561 -2.785 -2.157 -2.824 -1.862 -2.22 -2.678
0.025095 0.25 9.95424 1.110390663 2.49340827 1.04 2.098 3.6223 1.798 7 0 0.453 0 0 0 0 0 -1 -1e-30 0 0.664 0.3106 0.003778 0.001978 0.01112 -1 0.02538 -0.475 -0.314 -1.294 -1.681 -2.187 -2.667 -2.894 -2.26 -2.937 -1.963 -2.324 -2.786
0.025095 0.25 9.95424 1.110392213 2.493408525 1.04 2.129 3.6196 1.757 7 0 0.453 0 0 0 0 0 -1 -1e-30 0 0.664 0.3106 0.003778 0.001978 0.01112 -1 0.02538 -0.552 -0.373 -1.366 -1.759 -2.27 -2.753 -2.983 -2.344 -3.028 -2.044 -2.408 -2.874
0.025095 0.25 9.95424 1.110393763 2.49340878 1.04 2.144 3.6184 1.737 7 0 0.453 0 0 0 0 0 -1 -1e-30 0 0.664 0.3106 0.003778 0.001978 0.01112 -1 0.02538 -0.589 -0.4 -1.401 -1.797 -2.31 -2.793 -3.025 -2.384 -3.072 -2.083 -2.448 -2.915
0.025095 0.25 9.95424 1.110396028 2.493409152 1.04 2.158 3.6172 1.717 7 0 0.453 0 0 0 0 0 -1 -1e-30 0 0.664 0.3106 0.003778 0.001978 0.01112 -1 0.02538 -0.625 -0.427 -1.434 -1.833 -2.349 -2.833 -3.066 -2.423 -3.114 -2.121 -2.488 -2.956
0.025095 0.25 9.95424 1.110400081 2.493409819 1.04 2.141 3.6187 1.741 7 0 0.453 0 0 0 0 0 -1 -1e-30 0 0.664 0.3106 0.003778 0.001978 0.01112 -1 0.02538 -0.582 -0.396 -1.395 -1.79 -2.303 -2.786 -3.017 -2.377 -3.064 -2.076 -2.441 -2.907
0.025095 0.25 9.95424 1.110403538 2.493410388 1.04 2.12 3.6205 1.769 7 0 0.453 0 0 0 0 0 -1 -1e-30 0 0.664 0.3106 0.003778 0.001978 0.01112 -1 0.02538 -0.53 -0.357 -1.346 -1.736 -2.246 -2.728 -2.957 -2.32 -3.002 -2.021 -2.384 -2.848
0.025095 0.25 9.95424 1.110412121 2.4934118 1.04 2.102 3.622 1.793 7 0 0.453 0 0 0 0 0 -1 -1e-30 0 0.664 0.3106 0.003778 0.001978 0.01112 -1 0.02538 -0.486 -0.323 -1.304 -1.691 -2.198 -2.678 -2.906 -2.272 -2.949 -1.974 -2.335 -2.798
0.025095 0.25 9.95424 1.110474229 2.493422017 1.04 2.102 3.622 1.793 7 0 0.453 0 0 0 0 0 -1 -1e-30 0 0.664 0.3106 0.003778 0.001978 0.01112 -1 0.02538 -0.485 -0.323 -1.304 -1.691 -2.198 -2.678 -2.906 -2.271 -2.949 -1.974 -2.335 -2.798
0.025095 0.25 9.95424 1.110530615 2.493431292 1.04 2.124 3.6201 1.763 7 0 0.453 0 0 0 0 0 -1 -1e-30 0 0.664 0.3106 0.003778 0.001978 0.01112 -1 0.02538 -0.54 -0.365 -1.355 -1.747 -2.257 -2.739 -2.968 -2.331 -3.013 -2.031 -2.395 -2.86
0.025095 0.25 9.95424 1.110579252 2.493439292 1.04 2.164 3.6166 1.71 7 0 0.453 0 0 0 0 0 -1 -1e-30 0 0.664 0.3106 0.003778 0.001979 0.01112 -1 0.02538 -0.639 -0.437 -1.447 -1.848 -2.364 -2.849 -3.083 -2.439 -3.131 -2.136 -2.503 -2.972
0.025095 0.25 9.95424 1.110620141 2.493446016 1.04 2.206 3.6129 1.653 7 0 0.453 0 0 0 0 0 -1 -1e-30 0 0.664 0.3106 0.003778 0.001979 0.01112 -1 0.02538 -0.745 -0.514 -1.546 -1.955 -2.479 -2.967 -3.204 -2.554 -3.257 -2.247 -2.618 -3.092
0.025095 0.25 9.95424 1.11065495 2.49345174 1.04 2.249 3.6092 1.595 7 0 0.453 0 0 0 0 0 -1 -1e-30 0 0.664 0.3106 0.003777 0.001979 0.01112 -1 0.02538 -0.852 -0.593 -1.645 -2.064 -2.594 -3.086 -3.328 -2.671 -3.385 -2.359 -2.735 -3.214
0.025095 0.25 9.95424 1.110684156 2.493456542 1.04 2.291 3.6055 1.538 7 0 0.453 0 0 0 0 0 -1 -1e-30 0 0.664 0.3106 0.003777 0.001979 0.01112 -1 0.02538 -0.958 -0.666 -1.742 -2.171 -2.708 -3.204 -3.449 -2.786 -3.511 -2.47 -2.851 -3.334
0.025095 0.25 9.95424 1.11070919 2.493460659 1.04 2.333 3.6018 1.482 7 0 0.453 0 0 0 0 0 -1 -1e-30 0 0.664 0.3106 0.003777 0.001979 0.01112 -1 0.02538 -1.062 -0.737 -1.838 -2.277 -2.821 -3.322 -3.571 -2.9 -3.637 -2.581 -2.965 -3.455
0.025095 0.25 9.95424 1.110731125 2.493464265 1.04 2.374 3.5981 1.425 7 0 0.453 0 0 0 0 0 -1 -1e-30 0 0.664 0.3106 0.003777 0.001979 0.01112 -1 0.02538 -1.166 -0.803 -1.937 -2.385 -2.936 -3.444 -3.699 -3.019 -3.766 -2.694 -3.084 -3.581
0.025095 0.25 9.95424 1.110750556 2.49346746 1.04 2.416 3.5942 1.368 7 0 0.453 0 0 0 0 0 -1 -1e-30 0 0.664 0.3106 0.003777 0.001979 0.01112 -1 0.02538 -1.27 -0.865 -2.036 -2.494 -3.052 -3.566 -3.827 -3.138 -3.896 -2.808 -3.203 -3.708
0.025095 0.25 9.95424 1.110768199 2.49347036 1.04 2.458 3.5904 1.311 7 0 0.453 0 0 0 0 0 -1 -1e-30 0 0.664 0.3106 0.003777 0.001979 0.01112 -1 0.02538 -1.375 -0.926 -2.135 -2.604 -3.168 -3.689 -3.955 -3.257 -4.026 -2.923 -3.322 -3.836
0.025095 0.25 9.95424 1.110784411 2.493473025 1.04 2.5 3.5864 1.253 7 0 0.453 0 0 0 0 0 -1 -1e-30 0 0.664 0.3106 0.003777 0.001979 0.01112 -1 0.02538 -1.48 -0.978 -2.233 -2.714 -3.285 -3.813 -4.085 -3.378 -4.158 -3.038 -3.443 -3.964
0.025095 0.25 9.95424 1.11079967 2.493475534 1.04 2.542 3.5823 1.195 7 0 0.453 13.91 9.92 6.9 5.33 4.33 4 -1e-30 0 0.664 0.3106 0.003777 0.00198 0.01112 -1 0.02539 -1.585 -1.027 -2.331 -2.824 -3.403 -3.937 -4.215 -3.498 -4.29 -3.154 -3.563 -4.093
0.025095 0.25 9.95424 1.110813975 2.493477885 1.04 2.583 3.5782 1.137 7 0 0.453 15.69 11.02 7.63 5.9 4.79 3 -1e-30 0 0.664 0.3106 0.003775 0.00198 0.01112 -1 0.02539 -1.689 -1.068 -2.426 -2.933 -3.519 -4.06 -4.344 -3.618 -4.421 -3.268 -3.683 -4.221
0.025095 0.25 9.95424 1.110827684 2.493480139 1.04 2.626 3.574 1.077 7 0 0.452 17.76 12.27 8.46 6.55 5.32 3 -1e-30 0 0.664 0.3106 0.003772 0.001982 0.01112 -1 0.02539 -1.795 -1.1 -2.522 -3.046 -3.639 -4.187 -4.477 -3.742 -4.556 -3.385 -3.807 -4.353
0.025095 0.25 9.95424 1.11084044 2.493482235 1.04 2.669 3.5696 1.017 7 0 0.451 20.13 13.68 9.38 7.28 5.91 3 -1e-30 0 0.664 0.3106 0.003766 0.001987 0.01112 -1 0.02539 -1.902 -1.13 -2.618 -3.158 -3.76 -4.314 -4.61 -3.866 -4.692 -3.503 -3.931 -4.485
0.025095 0.25 9.95424 1.110852003 2.493484136 1.04 2.709 3.5653 0.959 7 0 0.451 22.7 15.19 10.36 8.05 6.54 3 -1e-30 0 0.664 0.3106 0.003759 0.001995 0.01112 -1 0.02538 -2.003 -1.139 -2.705 -3.267 -3.877 -4.436 -4.738 -3.985 -4.822 -3.616 -4.05 -4.612
0.025095 0.25 9.95424 1.11086309 2.493485958 1.04 2.755 3.5604 0.894 7 0 0.45 26.01 17.09 11.6 9.03 7.34 3 -1e-30 0 0.664 0.3106 0.003751 0.002004 0.01112 -1 0.02538 -2.118 -1.147 -2.802 -3.389 -4.008 -4.574 -4.883 -4.12 -4.97 -3.744 -4.185 -4.756
0.025095 0.25 9.95424 1.110871673 2.493487369 1.04 2.805 3.5549 0.822 7 0 0.449 30.2 19.47 13.14 10.24 8.33 3 -1e-30 0 0.664 0.3106 0.003742 0.002015 0.01112 -1 0.02538 -2.242 -1.132 -2.898 -3.52 -4.152 -4.725 -5.042 -4.267 -5.132 -3.882 -4.332 -4.913
0.025095 0.25 9.95424 1.110877514 2.493488329 1.04 2.852 3.5495 0.753 7 0 0.448 34.83 22.03 14.78 11.55 9.39 2 -1e-30 0 0.664 0.3106 0.003734 0.002025 0.01112 -1 0.02538 -2.36 -1.11 -2.986 -3.644 -4.289 -4.868 -5.192 -4.406 -5.285 -4.012 -4.472 -5.062
0.025095 0.25 9.95424 1.110881925 2.493489054 1.04 2.897 3.5442 0.687 7 0 0.447 40.02 24.86 16.59 12.98 10.56 2 -1e-30 0 0.664 0.3106 0.003727 0.002033 0.01112 -1 0.02538 -2.474 -1.067 -3.057 -3.762 -4.422 -5.006 -5.338 -4.541 -5.435 -4.136 -4.608 -5.207
0.025095 0.25 9.95424 1.110885859 2.493489701 1.04 2.942 3.5389 0.621 7 0 0.446 45.86 27.98 18.58 14.56 11.85 2 -1e-30 0 0.664 0.3106 0.003722 0.002039 0.01112 -1 0.02539 -2.584 -1.018 -3.122 -3.877 -4.552 -5.142 -5.481 -4.673 -5.581 -4.258 -4.74 -5.348
0.025095 0.25 9.95424 1.110889435 2.493490288 1.04 2.985 3.5336 0.556 7 0 0.446 52.51 31.47 20.79 16.32 13.29 2 -1e-30 0 0.664 0.3106 0.003719 0.002043 0.01112 -1 0.02539 -2.694 -0.951 -3.169 -3.986 -4.68 -5.275 -5.622 -4.802 -5.725 -4.375 -4.871 -5.488
0.025095 0.25 9.95424 1.110892892 2.493490857 1.04 3.028 3.5283 0.493 7 0 0.446 59.92 35.3 23.19 18.24 14.85 2 -1e-30 0 0.664 0.3106 0.003718 0.002045 0.01112 -1 0.02539 -2.799 -0.871 -3.202 -4.089 -4.805 -5.404 -5.76 -4.927 -5.866 -4.488 -4.997 -5.623
0.025095 0.25 9.95424 1.110896349 2.493491425 1.04 3.07 3.5228 0.428 7 0 0.445 68.5 39.65 25.91 20.42 16.63 2 -1e-30 0 0.664 0.3106 0.003717 0.002046 0.01112 -1 0.02539 -2.905 -0.77 -3.215 -4.189 -4.931 -5.535 -5.898 -5.052 -6.008 -4.6 -5.125 -5.76
0.025095 0.25 9.95424 1.110899687 2.493491973 1.04 3.108 3.5178 0.371 7 0 0.445 77.22 44 28.62 22.59 18.4 2 -1e-30 0 0.664 0.3106 0.003717 0.002046 0.01112 -1 0.02539 -2.999 -0.661 -3.211 -4.272 -5.043 -5.65 -6.021 -5.163 -6.135 -4.699 -5.238 -5.88
0.025095 0.25 9.95424 1.110903144 2.493492542 1.04 3.143 3.513 0.316 7 0 0.445 86.58 48.6 31.47 24.88 20.27 2 -1e-30 0 0.664 0.3106 0.003717 0.002046 0.01112 -1 0.02539 -3.089 -0.533 -3.187 -4.345 -5.149 -5.76 -6.137 -5.266 -6.255 -4.791 -5.344 -5.995
0.025095 0.25 9.95424 1.110906839 2.493493149 1.04 3.18 3.5081 0.26 7 0 0.445 97.27 53.77 34.67 27.44 22.37 2 -1e-30 0 0.664 0.3106 0.003717 0.002046 0.01112 -1 0.02539 -3.179 -0.407 -3.161 -4.418 -5.256 -5.871 -6.253 -5.371 -6.376 -4.884 -5.451 -6.109
0.025095 0.25 9.95424 1.110910773 2.493493795 1.04 3.214 3.5034 0.206 7 0 0.445 108.68 59.22 38.01 30.13 24.56 1 -1e-30 0 0.664 0.3106 0.003717 0.002046 0.01112 -1 0.02539 -3.265 -0.303 -3.14 -4.486 -5.357 -5.976 -6.361 -5.469 -6.489 -4.973 -5.552 -6.215
0.025095 0.25 9.95424 1.110914707 2.493494442 1.04 3.233 3.5007 0.177 7 0 0.445 115.61 62.48 40.01 31.74 25.88 1 -1e-30 0 0.664 0.3106 0.003717 0.002046 0.01112 -1 0.02539 -3.313 -0.239 -3.125 -4.523 -5.413 -6.034 -6.422 -5.523 -6.552 -5.023 -5.608 -6.274
0.025095 0.25 9.95424 1.110915542 2.493494579 1.04 3.246 3.4989 0.157 7 0 0.445 120.51 64.77 41.41 32.87 26.8 1 -1e-30 0 0.664 0.3106 0.003717 0.002046 0.01112 -1 0.02539 -3.345 -0.197 -3.112 -4.546 -5.451 -6.073 -6.462 -5.56 -6.595 -5.055 -5.645 -6.314
0.025095 0.25 9.95424 1.110916018 2.493494657 1.04 3.28 3.4939 0.102 7 0 0.445 134.94 71.46 45.49 36.15 29.49 1 -1e-30 0 0.664 0.3106 0.003717 0.002046 0.01112 -1 0.02539 -3.431 -0.083 -3.073 -4.604 -5.55 -6.179 -6.571 -5.657 -6.71 -5.144 -5.745 -6.421
0.025095 0.25 9.95424 1.110916257 2.493494697 1.04 3.297 3.4914 0.076 7 0 0.445 142.69 75.02 47.64 37.9 30.91 1 -1e-30 0 0.664 0.3106 0.003717 0.002046 0.01112 -1 0.02539 -3.473 -0.023 -3.05 -4.632 -5.599 -6.231 -6.625 -5.704 -6.766 -5.187 -5.794 -6.474
0.025095 0.25 9.95424 1.110916615 2.493494755 1.04 3.316 3.4885 0.045 7 0 0.445 152.02 79.26 50.21 39.97 32.61 1 -1e-30 0 0.664 0.3106 0.003717 0.002046 0.01112 -1 0.02539 -3.52 0.021 -3.037 -4.664 -5.654 -6.288 -6.683 -5.757 -6.829 -5.237 -5.848 -6.531
0.025095 0.25 9.95424 1.110917211 2.493494853 1.04 3.344 3.4842 0 7 0.522 0.445 166.83 85.93 54.24 43.23 35.28 1 -1e-30 0 0.664 0.3106 0.003717 0.002046 0.01112 -1 0.02539 -3.589 0.056 -3.035 -4.715 -5.733 -6.372 -6.766 -5.835 -6.919 -5.311 -5.927 -6.612
0.025095 0.25 9.95424 1.110917449 2.493494893 0.995 3.351 3.4748 -0.064 8 0.521 0.467 184.83 95.51 59.94 47.93 39.11 1 -1.22e-07 0 0.664 0.3107 0.003902 0.002049 0.01115 -1 0.02535 -3.608 0.23 -2.923 -4.697 -5.77 -6.42 -6.805 -5.868 -6.977 -5.339 -5.965 -6.648
0.025095 0.25 9.95424 1.110917449 2.493494893 0.994 3.07 3.503 0.33 8 0.521 0.467 83.32 46.85 30.36 24.02 19.57 2 -3.64e-08 0 0.664 0.3107 0.003902 0.002049 0.01115 -1 0.02535 -2.905 0.053 -2.777 -4.123 -4.995 -5.619 -6.002 -5.109 -6.128 -4.613 -5.192 -5.855
0.025095 0.25 9.95424 1.110917568 2.493494912 0.994 2.947 3.5208 0.524 8 0.521 0.467 55.58 32.99 21.72 17.09 13.91 2 -2.25e-08 0 0.664 0.3107 0.003902 0.002049 0.01115 -1 0.02535 -2.598 -0.389 -2.87 -3.876 -4.629 -5.238 -5.603 -4.752 -5.713 -4.295 -4.825 -5.464
0.025095 0.25 9.95424 1.110917568 2.493494912 0.994 2.79 3.5435 0.772 8 0.521 0.467 33.12 21.06 14.15 11.07 9 3 -1.24e-08 0 0.664 0.3107 0.003902 0.002049 0.01115 -1 0.02535 -2.204 -0.774 -2.78 -3.493 -4.154 -4.743 -5.074 -4.275 -5.169 -3.869 -4.342 -4.943
0.025095 0.25 9.95424 1.110917687 2.493494932 0.993 2.822 3.5384 0.718 8 0.522 0.467 37 23.19 15.51 12.15 9.88 2 -1.4e-08 0 0.664 0.3107 0.003902 0.002049 0.01115 -1 0.02535 -2.286 -0.699 -2.814 -3.577 -4.254 -4.848 -5.186 -4.376 -5.285 -3.96 -4.444 -5.053
0.025095 0.25 9.95424 1.110917926 2.493494971 0.992 2.954 3.5187 0.507 8 0.522 0.467 57.5 33.97 22.33 17.59 14.32 2 -2.31e-08 0 0.664 0.3107 0.003902 0.002049 0.01115 -1 0.02535 -2.615 -0.318 -2.843 -3.888 -4.654 -5.265 -5.633 -4.776 -5.744 -4.314 -4.85 -5.493
0.025095 0.25 9.95424 1.110918164 2.49349501 0.991 3.115 3.4946 0.249 8 0.522 0.467 98.45 54.11 34.84 27.63 22.51 2 -4.35e-08 0 0.664 0.3107 0.003902 0.002049 0.01115 -1 0.02535 -3.017 0.259 -2.699 -4.198 -5.133 -5.764 -6.15 -5.241 -6.287 -4.732 -5.329 -6.001
0.025095 0.25 9.95424 1.110918403 2.493495049 0.99 3.247 3.4746 0.037 8 0.522 0.467 153.26 79.38 50.23 40.06 32.67 1 -7.4e-08 0 0.664 0.3107 0.003902 0.002049 0.01115 -1 0.02535 -3.347 0.452 -2.684 -4.441 -5.506 -6.158 -6.536 -5.604 -6.709 -5.079 -5.701 -6.38
0.025095 0.25 9.95424 1.110918641 2.493495089 0.988 3.331 3.4614 -0.101 8 0.522 0.467 195.06 101.9 63.76 51.04 41.65 1 -1.04e-07 0 0.664 0.3107 0.003902 0.002049 0.01115 -1 0.02535 -3.559 0.476 -2.747 -4.607 -5.738 -6.403 -6.765 -5.829 -6.968 -5.303 -5.932 -6.604
0.025095 0.25 9.95424 1.110918999 2.493495147 0.986 3.376 3.4539 -0.177 8 0.522 0.467 218.9 116.8 72.63 58.26 47.56 1 -1.25e-07 0 0.664 0.3107 0.003902 0.002049 0.01115 -1 0.02535 -3.671 0.477 -2.801 -4.699 -5.856 -6.528 -6.878 -5.944 -7.1 -5.421 -6.051 -6.714
0.025095 0.25 9.95424 1.110919356 2.493495206 0.984 3.398 3.4496 -0.217 8 0.522 0.467 232.42 125.42 77.74 62.43 50.97 1 -1.37e-07 0 0.664 0.3107 0.003902 0.002049 0.01115 -1 0.02535 -3.725 0.481 -2.828 -4.743 -5.913 -6.588 -6.93 -5.999 -7.164 -5.478 -6.107 -6.765
0.025095 0.25 9.95424 1.110919714 2.493495265 0.982 3.411 3.4465 -0.243 8 0.523 0.467 241.93 131.55 81.36 65.39 53.39 1 -1.45e-07 0 0.664 0.3107 0.003902 0.002049 0.01115 -1 0.02535 -3.759 0.483 -2.85 -4.773 -5.947 -6.623 -6.959 -6.031 -7.2 -5.512 -6.141 -6.793
0.025095 0.25 9.95424 1.110919714 2.493495265 0.982 3.189 3.479 0.109 8 0.523 0.467 131.78 69.59 44.29 35.26 28.75 1 -5.84e-08 0 0.664 0.3107 0.003902 0.002049 0.01115 -1 0.02535 -3.203 0.499 -2.603 -4.315 -5.355 -6.003 -6.385 -5.455 -6.547 -4.932 -5.55 -6.23
0.025095 0.25 9.95424 1.110919833 2.493495284 0.981 3.012 3.5048 0.389 8 0.523 0.467 73.4 41.93 27.3 21.58 17.57 2 -2.88e-08 0 0.664 0.3107 0.003902 0.002049 0.01115 -1 0.02535 -2.76 0.122 -2.673 -3.984 -4.844 -5.468 -5.848 -4.959 -5.972 -4.467 -5.041 -5.703
0.025095 0.25 9.95424 1.110919952 2.493495304 0.981 2.854 3.5278 0.639 8 0.523 0.467 43.57 26.7 17.74 13.93 11.33 2 -1.57e-08 0 0.664 0.3107 0.003902 0.002049 0.01115 -1 0.02535 -2.365 -0.419 -2.757 -3.654 -4.372 -4.976 -5.329 -4.495 -5.434 -4.055 -4.566 -5.193
0.025095 0.25 9.95424 1.110920072 2.493495324 0.98 2.885 3.523 0.588 8 0.523 0.467 48.46 29.28 19.37 15.23 12.39 2 -1.77e-08 0 0.664 0.3107 0.003902 0.002049 0.01115 -1 0.02535 -2.444 -0.317 -2.753 -3.725 -4.467 -5.076 -5.436 -4.59 -5.544 -4.139 -4.663 -5.298
0.025095 0.25 9.95424 1.110920191 2.493495343 0.978 3.015 3.5037 0.38 8 0.523 0.467 74.71 42.57 27.7 21.9 17.83 2 -2.93e-08 0 0.664 0.3107 0.003902 0.002049 0.01115 -1 0.02535 -2.768 0.156 -2.657 -3.988 -4.855 -5.48 -5.861 -4.97 -5.986 -4.476 -5.052 -5.715
0.025095 0.25 9.95424 1.110920429 2.493495382 0.977 3.173 3.4802 0.127 8 0.523 0.467 126.68 67.22 42.84 34.1 27.8 1 -5.51e-08 0 0.664 0.3107 0.003902 0.002049 0.01115 -1 0.02535 -3.163 0.512 -2.581 -4.28 -5.313 -5.96 -6.342 -5.414 -6.502 -4.891 -5.509 -6.188
0.025095 0.25 9.95424 1.110920668 2.493495422 0.975 3.302 3.4608 -0.08 8 0.523 0.467 187.85 97.71 61.24 49.01 39.99 1 -9.32e-08 0 0.664 0.3107 0.003902 0.002049 0.01115 -1 0.02535 -3.485 0.547 -2.675 -4.533 -5.664 -6.33 -6.689 -5.755 -6.894 -5.23 -5.858 -6.528
0.025095 0.25 9.95424 1.110921025 2.49349548 0.973 3.384 3.4483 -0.213 8 0.524 0.467 230.23 124.28 77.04 61.89 50.53 1 -1.31e-07 0 0.664 0.3107 0.003902 0.002049 0.01115 -1 0.02535 -3.691 0.529 -2.79 -4.708 -5.878 -6.554 -6.892 -5.964 -7.129 -5.443 -6.072 -6.727
0.025095 0.25 9.95424 1.110921383 2.493495539 0.97 3.427 3.4415 -0.284 8 0.524 0.467 256.19 141.06 86.94 69.98 57.14 1 -1.56e-07 0 0.664 0.3107 0.003902 0.002049 0.01115 -1 0.02535 -3.796 0.5 -2.87 -4.806 -5.985 -6.664 -6.988 -6.067 -7.242 -5.552 -6.178 -6.821
0.025095 0.25 9.95424 1.110921741 2.493495598 0.967 3.446 3.4382 -0.317 8 0.524 0.467 269.46 149.79 92.07 74.18 60.58 1 -2.09e-07 0 0.664 0.3107 0.003902 0.002049 0.01115 -1 0.02535 -3.845 0.5 -2.9 -4.847 -6.033 -6.714 -7.033 -6.114 -7.295 -5.6 -6.226 -6.864
0.025095 0.25 9.95424 1.110922217 2.493495676 0.964 3.456 3.4362 -0.337 8 0.524 0.467 277.49 155.16 95.21 76.76 62.69 1 -2.55e-07 0 0.664 0.3107 0.003902 0.002049 0.01115 -1 0.02535 -3.871 0.508 -2.913 -4.868 -6.059 -6.742 -7.059 -6.14 -7.327 -5.627 -6.253 -6.89
0.025095 0.25 9.95424 1.110922217 2.493495676 0.964 3.239 3.4685 0.009 8 0.524 0.467 161.92 82.99 52.38 41.84 34.12 1 -7.37e-08 0 0.664 0.3107 0.003902 0.002049 0.01115 -1 0.02535 -3.328 0.571 -2.599 -4.402 -5.496 -6.154 -6.524 -5.59 -6.71 -5.066 -5.691 -6.365
0.025095 0.25 9.95424 1.110922337 2.493495696 0.963 3.063 3.4948 0.29 8 0.524 0.467 89.93 49.91 32.23 25.55 20.81 2 -3.64e-08 0 0.664 0.3107 0.003902 0.002049 0.01115 -1 0.02535 -2.887 0.373 -2.577 -4.069 -5.001 -5.633 -6.018 -5.11 -6.154 -4.602 -5.197 -5.869
0.025095 0.25 9.95424 1.110922456 2.493495715 0.962 2.904 3.5183 0.542 8 0.525 0.467 53.08 31.64 20.85 16.42 13.36 2 -1.97e-08 0 0.664 0.3107 0.003902 0.002049 0.01115 -1 0.02535 -2.491 -0.179 -2.71 -3.762 -4.53 -5.143 -5.51 -4.652 -5.621 -4.19 -4.727 -5.37
0.025095 0.25 9.95424 1.110922575 2.493495735 0.96 2.935 3.5137 0.492 8 0.525 0.467 58.93 34.63 22.73 17.93 14.59 2 -2.23e-08 0 0.664 0.3107 0.003902 0.002049 0.01115 -1 0.02535 -2.568 -0.053 -2.681 -3.823 -4.623 -5.239 -5.612 -4.743 -5.727 -4.269 -4.82 -5.47
0.025095 0.25 9.95424 1.110922694 2.493495755 0.957 3.063 3.4945 0.286 8 0.525 0.467 90.52 50.17 32.39 25.69 20.92 2 -3.69e-08 0 0.664 0.3107 0.003902 0.002049 0.01115 -1 0.02535 -2.887 0.384 -2.57 -4.067 -5.001 -5.634 -6.019 -5.11 -6.155 -4.602 -5.198 -5.87
0.025095 0.25 9.95424 1.110922933 2.493495794 0.954 3.218 3.4711 0.036 8 0.525 0.467 152.78 78.83 49.86 39.81 32.46 1 -6.92e-08 0 0.664 0.3107 0.003902 0.002049 0.01115 -1 0.02535 -3.275 0.577 -2.576 -4.359 -5.439 -6.096 -6.468 -5.535 -6.648 -5.011 -5.635 -6.31
0.025095 0.25 9.95424 1.11092329 2.493495853 0.951 3.344 3.4519 -0.169 8 0.525 0.467 213.2 113.97 70.89 56.92 46.45 1 -1.16e-07 0 0.664 0.3107 0.003902 0.002049 0.01115 -1 0.02535 -3.591 0.573 -2.715 -4.617 -5.777 -6.45 -6.794 -5.864 -7.022 -5.342 -5.971 -6.631
0.025095 0.25 9.95424 1.110923648 2.493495911 0.947 3.424 3.4399 -0.299 8 0.526 0.467 259.86 144.04 88.65 71.44 58.33 1 -1.77e-07 0 0.664 0.3107 0.003902 0.002049 0.01115 -1 0.02535 -3.791 0.524 -2.859 -4.798 -5.979 -6.659 -6.98 -6.061 -7.238 -5.547 -6.173 -6.811
0.025095 0.25 9.95424 1.110924006 2.49349597 0.942 3.465 3.4339 -0.365 8 0.526 0.467 287.23 162.24 99.3 80.18 65.48 1 -3.47e-07 0.01 0.664 0.3107 0.003902 0.002049 0.01115 -1 0.02535 -3.892 0.535 -2.913 -4.881 -6.08 -6.765 -7.08 -6.16 -7.355 -5.647 -6.274 -6.91
0.025095 0.25 9.95424 1.110924363 2.493496029 0.937 3.482 3.4316 -0.394 8 0.526 0.467 299.63 170.69 104.22 84.23 68.8 1 -4.84e-07 0.01 0.664 0.3107 0.003902 0.002049 0.01115 -1 0.02535 -3.936 0.544 -2.932 -4.912 -6.12 -6.81 -7.124 -6.201 -7.406 -5.687 -6.316 -6.953
0.025095 0.25 9.95424 1.11092484 2.493496107 0.932 3.491 3.431 -0.408 8 0.527 0.467 305.41 174.75 106.58 86.18 70.39 1 -5.71e-07 0.02 0.664 0.3107 0.003902 0.002049 0.01115 -1 0.02535 -3.958 0.543 -2.942 -4.928 -6.14 -6.831 -7.146 -6.221 -7.431 -5.706 -6.336 -6.974
0.025095 0.25 9.95424 1.11092484 2.493496107 0.931 3.28 3.4632 -0.069 8 0.527 0.467 181.48 94.61 59.32 47.53 38.77 1 -9.59e-08 0 0.664 0.3107 0.003902 0.002049 0.01115 -1 0.02535 -3.431 0.566 -2.642 -4.486 -5.607 -6.27 -6.633 -5.699 -6.832 -5.173 -5.802 -6.473
0.025095 0.25 9.95424 1.110924959 2.493496127 0.929 3.105 3.4901 0.214 8 0.527 0.467 104.8 56.77 36.42 28.97 23.59 1 -4.77e-08 0 0.664 0.3107 0.003902 0.002049 0.01115 -1 0.02535 -2.992 0.455 -2.567 -4.149 -5.119 -5.756 -6.145 -5.226 -6.287 -4.71 -5.316 -5.993
0.025095 0.25 9.95424 1.110925078 2.493496146 0.927 2.946 3.5142 0.468 8 0.527 0.467 61.51 35.85 23.48 18.55 15.09 2 -2.58e-08 0 0.664 0.3107 0.003902 0.002049 0.01115 -1 0.02535 -2.596 -0.104 -2.722 -3.853 -4.649 -5.264 -5.637 -4.769 -5.752 -4.297 -4.846 -5.495
0.025095 0.25 9.95424 1.110925198 2.493496166 0.923 2.976 3.5092 0.416 8 0.527 0.467 68.52 39.33 25.65 20.3 16.52 2 -2.92e-08 0 0.664 0.3107 0.003902 0.002049 0.01115 -1 0.02535 -2.671 0.039 -2.681 -3.911 -4.741 -5.361 -5.739 -4.859 -5.858 -4.375 -4.938 -5.595
0.025095 0.25 9.95424 1.110925436 2.493496205 0.918 3.102 3.4894 0.209 8 0.527 0.467 105.68 57.11 36.62 29.14 23.73 1 -4.83e-08 0 0.664 0.3107 0.003902 0.002049 0.01115 -1 0.02535 -2.984 0.479 -2.547 -4.139 -5.113 -5.751 -6.139 -5.219 -6.282 -4.703 -5.31 -5.987
0.025095 0.25 9.95424 1.110925674 2.493496244 0.912 3.254 3.4652 -0.043 8 0.527 0.467 173.31 89.94 56.49 45.27 36.91 1 -8.99e-08 0 0.664 0.3107 0.003902 0.002049 0.01115 -1 0.02535 -3.365 0.598 -2.598 -4.427 -5.538 -6.2 -6.565 -5.631 -6.76 -5.106 -5.733 -6.406
0.025095 0.25 9.95424 1.110926032 2.493496303 0.905 3.378 3.4453 -0.25 8 0.528 0.467 237.24 130.39 80.52 64.9 52.96 1 -1.5e-07 0 0.664 0.3107 0.003902 0.002049 0.01115 -1 0.02535 -3.675 0.58 -2.762 -4.688 -5.863 -6.54 -6.873 -5.947 -7.117 -5.429 -6.057 -6.706
0.025095 0.25 9.95424 1.11092639 2.493496362 0.897 3.456 3.4327 -0.382 8 0.528 0.467 289.74 165.26 100.96 81.68 66.69 1 -4.24e-07 0.01 0.664 0.3107 0.003902 0.002049 0.01115 -1 0.02535 -3.87 0.586 -2.877 -4.851 -6.056 -6.743 -7.058 -6.136 -7.337 -5.623 -6.251 -6.887
0.025095 0.25 9.95424 1.110926747 2.493496421 0.888 3.495 3.4263 -0.451 8 0.528 0.467 313.21 -1 -1 -1 -1 0 -9.53e-07 0.05 0.664 0.3107 0.003902 0.002049 0.01115 -1 0.02535 -3.967 0.646 -2.901 -4.907 -6.129 -6.83 -7.141 -6.211 -7.444 -5.694 -6.328 -6.968
0.025095 0.25 9.95424 1.110927224 2.493496499 0.878 3.511 3.4238 -0.482 8 0.529 0.467 306.87 -1 -1 -1 -1 0 -1.39e-06 0.09 0.664 0.3107 0.003902 0.002049 0.01115 -1 0.02535 -4.007 0.713 -2.881 -4.905 -6.14 -6.854 -7.169 -6.226 -7.486 -5.702 -6.343 -6.993
0.025095 0.25 9.95424 1.110927701 2.493496577 0.867 3.518 3.4231 -0.498 8 0.529 0.467 300.01 -1 -1 -1 -1 0 -1.68e-06 0.12 0.664 0.3107 0.003902 0.002049 0.01115 -1 0.02535 -4.025 0.764 -2.856 -4.891 -6.136 -6.86 -7.179 -6.225 -7.504 -5.695 -6.343 -7.002
0.025095 0.25 9.95424 1.110927701 2.493496577 0.866 3.315 3.4553 -0.166 8 0.529 0.467 205.41 110.87 68.91 55.49 45.25 1 -1.31e-07 0 0.664 0.3107 0.003902 0.002049 0.01115 -1 0.02535 -3.518 0.611 -2.658 -4.549 -5.703 -6.373 -6.726 -5.791 -6.944 -5.267 -5.897 -6.563
0.025095 0.25 9.95424 1.11092782 2.493496597 0.864 3.141 3.4826 0.116 8 0.529 0.467 127.15 66.51 42.29 33.81 27.53 1 -6.6e-08 0 0.664 0.3107 0.003902 0.002049 0.01115 -1 0.02535 -3.082 0.55 -2.531 -4.208 -5.227 -5.871 -6.257 -5.329 -6.413 -4.808 -5.423 -6.103
0.025095 0.25 9.95424 1.110927939 2.493496617 0.859 2.983 3.507 0.37 8 0.529 0.467 74.42 41.98 27.25 21.64 17.6 2 -3.58e-08 0 0.664 0.3107 0.003902 0.002049 0.01115 -1 0.02535 -2.687 0.112 -2.648 -3.92 -4.765 -5.385 -5.765 -4.88 -5.887 -4.392 -4.961 -5.62
0.025095 0.25 9.95424 1.110928059 2.493496636 0.853 3.013 3.5009 0.312 8 0.53 0.467 83.91 46.5 30.04 23.9 19.45 1 -4.07e-08 0 0.664 0.3107 0.003902 0.002049 0.01115 -1 0.02535 -2.762 0.28 -2.587 -3.972 -4.859 -5.484 -5.868 -4.971 -5.996 -4.472 -5.055 -5.721
0.025095 0.25 9.95424 1.110928297 2.493496675 0.845 3.136 3.4794 0.098 8 0.53 0.467 131.48 68.27 43.34 34.69 28.25 1 -6.72e-08 0 0.664 0.3107 0.003902 0.002049 0.01115 -1 0.02535 -3.071 0.629 -2.472 -4.184 -5.222 -5.87 -6.253 -5.323 -6.415 -4.8 -5.418 -6.099
0.025095 0.25 9.95424 1.110928536 2.493496715 0.836 3.287 3.4533 -0.161 8 0.53 0.467 201.13 108.83 67.64 54.53 44.45 1 -1.24e-07 0 0.664 0.3107 0.003902 0.002049 0.01115 -1 0.02535 -3.447 0.7 -2.579 -4.475 -5.632 -6.303 -6.651 -5.719 -6.875 -5.197 -5.826 -6.487
0.025095 0.25 9.95424 1.110928893 2.493496773 0.824 3.409 3.4317 -0.376 8 0.53 0.467 273.54 -1 -1 -1 -1 1 -3.97e-07 0.01 0.664 0.3107 0.003902 0.002049 0.01115 -1 0.02535 -3.752 0.708 -2.761 -4.735 -5.938 -6.625 -6.937 -6.018 -7.218 -5.506 -6.133 -6.766
0.025095 0.25 9.95424 1.110929251 2.493496832 0.811 3.486 3.4174 -0.517 8 0.531 0.467 265.82 -1 -1 -1 -1 0 -2.07e-06 0.18 0.664 0.3107 0.003902 0.002049 0.01115 -1 0.02535 -3.944 0.989 -2.697 -4.756 -6.014 -6.757 -7.076 -6.106 -7.422 -5.57 -6.227 -6.896
0.025095 0.25 9.95424 1.110929728 2.493496911 0.797 3.524 3.4098 -0.594 8 0.531 0.467 257.31 -1 -1 -1 -1 0 -2.8e-06 0.46 0.664 0.3107 0.003902 0.002049 0.01115 -1 0.02535 -4.041 1.405 -2.45 -4.585 -5.921 -6.75 -7.113 -6.039 -7.51 -5.453 -6.164 -6.925
0.025095 0.25 9.95424 1.110930204 2.493496989 0.781 3.541 3.4065 -0.632 8 0.532 0.467 248.11 -1 -1 -1 -1 0 -2.97e-06 0.48 0.664 0.3107 0.003902 0.002049 0.01115 -1 0.02535 -4.082 1.408 -2.463 -4.608 -5.953 -6.787 -7.155 -6.073 -7.556 -5.482 -6.198 -6.967
0.025095 0.25 9.95424 1.110930681 2.493497067 0.764 3.549 3.4055 -0.654 8 0.532 0.467 238.27 -1 -1 -1 -1 0 -3.07e-06 0.49 0.664 0.3107 0.003902 0.002049 0.01115 -1 0.02535 -4.102 1.415 -2.467 -4.616 -5.966 -6.805 -7.176 -6.088 -7.579 -5.494 -6.213 -6.988
0.025095 0.25 9.95424 1.110930681 2.493497067 0.762 3.355 3.4379 -0.331 8 0.532 0.467 237.48 -1 -1 -1 -1 1 -2.65e-07 0 0.664 0.3107 0.003902 0.002049 0.01115 -1 0.02535 -3.617 0.743 -2.664 -4.615 -5.805 -6.487 -6.807 -5.887 -7.071 -5.372 -5.999 -6.639
0.025095 0.25 9.95424 1.1109308 2.493497087 0.758 3.182 3.4664 -0.047 8 0.532 0.467 162.68 86.25 54.05 43.58 35.48 1 -1.05e-07 0 0.664 0.3107 0.003902 0.002049 0.01115 -1 0.02535 -3.184 0.766 -2.425 -4.248 -5.356 -6.016 -6.384 -5.449 -6.576 -4.923 -5.551 -6.225
0.025095 0.25 9.95424 1.11093092 2.493497106 0.751 3.023 3.4922 0.211 8 0.532 0.467 101.65 54.01 34.56 27.68 22.51 1 -5.75e-08 0 0.664 0.3107 0.003902 0.002049 0.01115 -1 0.02535 -2.788 0.585 -2.409 -3.955 -4.91 -5.544 -5.932 -5.017 -6.071 -4.504 -5.106 -5.781
0.025095 0.25 9.95424 1.110931039 2.493497126 0.741 3.052 3.4862 0.152 8 0.533 0.467 114.96 59.86 38.12 30.6 24.88 1 -6.64e-08 0 0.664 0.3107 0.003902 0.002049 0.01115 -1 0.02535 -2.86 0.686 -2.369 -4.001 -4.997 -5.637 -6.024 -5.101 -6.174 -4.582 -5.193 -5.872
0.025095 0.25 9.95424 1.110931277 2.493497165 0.728 3.173 3.4649 -0.061 8 0.533 0.467 163.95 87.62 54.82 44.28 36.04 1 -1.11e-07 0 0.664 0.3107 0.003902 0.002049 0.01115 -1 0.02535 -3.162 0.811 -2.388 -4.222 -5.336 -5.997 -6.364 -5.429 -6.558 -4.903 -5.531 -6.204
0.025095 0.25 9.95424 1.110931516 2.493497204 0.712 3.319 3.44 -0.316 8 0.533 0.467 210.03 -1 -1 -1 -1 0 -2.44e-07 0 0.664 0.3107 0.003902 0.002049 0.01115 -1 0.02535 -3.528 0.802 -2.586 -4.53 -5.716 -6.396 -6.72 -5.798 -6.978 -5.282 -5.91 -6.552
0.025095 0.25 9.95424 1.110931873 2.493497263 0.694 3.438 3.4213 -0.521 8 0.534 0.467 200.53 -1 -1 -1 -1 0 -2.11e-06 0.19 0.664 0.3107 0.003902 0.002049 0.01115 -1 0.02535 -3.824 1.108 -2.567 -4.624 -5.888 -6.634 -6.961 -5.982 -7.303 -5.441 -6.102 -6.782
0.025095 0.25 9.95424 1.110932231 2.493497322 0.674 3.512 3.4127 -0.642 8 0.534 0.467 190.05 -1 -1 -1 -1 0 -2.85e-06 0.47 0.664 0.3107 0.003902 0.002049 0.01115 -1 0.02535 -4.01 1.481 -2.391 -4.536 -5.882 -6.717 -7.085 -6.002 -7.486 -5.411 -6.127 -6.897
0.025095 0.25 9.95424 1.110932708 2.4934974 0.651 3.548 3.4141 -0.688 8 0.534 0.467 178.79 -1 -1 -1 -1 0 -3.28e-06 0.55 0.664 0.3107 0.003902 0.002049 0.01115 -1 0.02535 -4.101 1.539 -2.383 -4.551 -5.922 -6.78 -7.162 -6.05 -7.577 -5.443 -6.175 -6.972
0.025095 0.25 9.95424 1.110933185 2.493497479 0.627 3.563 3.4238 -0.68 8 0.535 0.467 166.96 -1 -1 -1 -1 0 -3.51e-06 0.59 0.664 0.3107 0.003902 0.002049 0.01115 -1 0.02535 -4.136 1.502 -2.394 -4.56 -5.941 -6.801 -7.203 -6.072 -7.61 -5.457 -6.197 -7.015
0.025095 0.25 9.95424 1.110933662 2.493497557 0.601 3.569 3.4403 -0.638 8 0.536 0.467 154.76 -1 -1 -1 -1 0 -3.64e-06 0.59 0.664 0.3107 0.003902 0.002049 0.01115 -1 0.02535 -4.151 1.303 -2.46 -4.594 -5.966 -6.809 -7.246 -6.098 -7.612 -5.473 -6.217 -7.063
0.025095 0.25 9.95424 1.11093545 2.493497851 0.537 -9.999 4 1.813 9 0.537 0 0 0 0 0 0 -1 -1e-30 0 0.664 0.3107 0.003902 0.002049 0.01115 -1 0.02535 29.767 29.975 29.973 30.014 30.031 30.03 30.031 30.023 30.043 30.005 30.027 30.029
