# component component_index family logAge MH Zini Mini Mass radius_rsun Teff_K logg Vmag Imag Jmag_2mass Hmag_2mass Ksmag_2mass
thin7 6 thin_disk 9.937016107 -0.25 0.0084736 0.0900000036 0.09 0.1165608336 2425.492857 5.257 17.924 13.42 11.032 10.493 10.26
thin7 6 thin_disk 9.937016107 -0.25 0.0084736 0.0919947401 0.092 0.1188646305 2459.234824 5.249 17.817 13.316 10.929 10.389 10.156
thin7 6 thin_disk 9.937016107 -0.25 0.0084736 0.1000000015 0.1 0.1281600431 2592.387985 5.219 17.407 12.924 10.537 9.997 9.76
thin7 6 thin_disk 9.937016107 -0.25 0.0084736 0.1200000048 0.12 0.1494351091 2796.404549 5.165 15.787 11.945 9.955 9.398 9.146
thin7 6 thin_disk 9.937016107 -0.25 0.0084736 0.1400000006 0.14 0.1689089433 2924.152378 5.126 14.753 11.318 9.55 8.984 8.731
thin7 6 thin_disk 9.937016107 -0.25 0.0084736 0.1599999964 0.16 0.1868325945 3017.171523 5.096 14.028 10.863 9.229 8.658 8.408
thin7 6 thin_disk 9.937016107 -0.25 0.0084736 0.200000003 0.2 0.2212343939 3147.023602 5.047 13.035 10.209 8.731 8.156 7.911
thin7 6 thin_disk 9.937016107 -0.25 0.0084736 0.25 0.25 0.2629981205 3255.367325 4.993 12.223 9.624 8.247 7.668 7.43
thin7 6 thin_disk 9.937016107 -0.25 0.0084736 0.3000000119 0.3 0.3034957717 3334.264128 4.948 11.634 9.174 7.86 7.276 7.043
thin7 6 thin_disk 9.937016107 -0.25 0.0084736 0.3500000536 0.35 0.3455036541 3400.948065 4.902 11.14 8.781 7.513 6.924 6.696
thin7 6 thin_disk 9.937016107 -0.25 0.0084736 0.4000000358 0.4 0.3901688961 3488.992212 4.855 10.622 8.382 7.169 6.572 6.349
thin7 6 thin_disk 9.937016107 -0.25 0.0084736 0.4290967882 0.429 0.4191337614 3555.494409 4.823 10.283 8.127 6.953 6.35 6.13
thin7 6 thin_disk 9.937016107 -0.25 0.0084736 0.4500000179 0.45 0.4402026421 3601.637504 4.801 10.057 7.956 6.807 6.2 5.982
thin7 6 thin_disk 9.937016107 -0.25 0.0084736 0.5 0.5 0.4938017729 3752.321139 4.748 9.431 7.503 6.431 5.81 5.602
thin7 6 thin_disk 9.937016107 -0.25 0.0084736 0.5500000119 0.55 0.5504940697 3960.043896 4.693 8.746 7.013 6.023 5.38 5.198
thin7 6 thin_disk 9.937016107 -0.25 0.0084736 0.6000000238 0.6 0.5972451681 4226.686143 4.661 8.066 6.541 5.631 4.974 4.836
thin7 6 thin_disk 9.937016107 -0.25 0.0084736 0.6499999762 0.65 0.6349691781 4557.220056 4.643 7.337 6.067 5.259 4.651 4.551
thin7 6 thin_disk 9.937016107 -0.25 0.0084736 0.6783061624 0.678 0.6581920689 4741.327996 4.63 6.961 5.808 5.06 4.504 4.416
thin7 6 thin_disk 9.937016107 -0.25 0.0084736 0.7000001073 0.7 0.6767879924 4882.025011 4.619 6.693 5.617 4.913 4.398 4.316
thin7 6 thin_disk 9.937016107 -0.25 0.0084736 0.7109453082 0.711 0.6874682489 4951.080641 4.612 6.564 5.523 4.84 4.343 4.264
thin7 6 thin_disk 9.937016107 -0.25 0.0084736 0.7284018397 0.728 0.7047784965 5061.74194 4.601 6.365 5.376 4.724 4.255 4.181
thin7 6 thin_disk 9.937016107 -0.25 0.0084736 0.7451151609 0.745 0.7223582627 5166.542426 4.59 6.181 5.237 4.614 4.171 4.101
thin7 6 thin_disk 9.937016107 -0.25 0.0084736 0.75 0.75 0.7278680308 5197.565847 4.586 6.128 5.197 4.582 4.146 4.077
thin7 6 thin_disk 9.937016107 -0.25 0.0084736 0.7560994029 0.756 0.7357879055 5232.388711 4.581 6.064 5.147 4.541 4.114 4.046
thin7 6 thin_disk 9.937016107 -0.25 0.0084736 0.7744295001 0.774 0.7598933516 5335.805618 4.563 5.878 4.999 4.419 4.015 3.951
thin7 6 thin_disk 9.937016107 -0.25 0.0084736 0.7906638384 0.79 0.7824428834 5427.502098 4.546 5.716 4.869 4.311 3.926 3.865
thin7 6 thin_disk 9.937016107 -0.25 0.0084736 0.7983130813 0.798 0.7936931732 5470.159629 4.538 5.64 4.808 4.26 3.884 3.824
thin7 6 thin_disk 9.937016107 -0.25 0.0084736 0.808000505 0.807 0.8097531476 5519.503334 4.526 5.546 4.731 4.195 3.828 3.77
thin7 6 thin_disk 9.937016107 -0.25 0.0084736 0.8218262792 0.821 0.8333983664 5589.848017 4.508 5.413 4.622 4.101 3.748 3.693
thin7 6 thin_disk 9.937016107 -0.25 0.0084736 0.8352119923 0.834 0.8583267445 5655.877571 4.489 5.286 4.515 4.009 3.667 3.615
thin7 6 thin_disk 9.937016107 -0.25 0.0084736 0.8466261625 0.846 0.8815615602 5710.840095 4.472 5.178 4.423 3.928 3.596 3.546
thin7 6 thin_disk 9.937016107 -0.25 0.0084736 0.8519435525 0.851 0.8925912904 5734.558665 4.464 5.128 4.38 3.89 3.562 3.512
thin7 6 thin_disk 9.937016107 -0.25 0.0084736 0.8662320375 0.865 0.926728768 5795.621302 4.438 4.991 4.262 3.784 3.466 3.419
thin7 6 thin_disk 9.937016107 -0.25 0.0084736 0.8791509867 0.878 0.9615074306 5849.247525 4.413 4.866 4.152 3.684 3.375 3.329
thin7 6 thin_disk 9.937016107 -0.25 0.0084736 0.8915607333 0.89 0.9971319793 5897.935245 4.387 4.744 4.045 3.586 3.284 3.24
thin7 6 thin_disk 9.937016107 -0.25 0.0084736 0.8949391842 0.894 1.007981694 5910.170366 4.379 4.71 4.014 3.558 3.258 3.215
thin7 6 thin_disk 9.937016107 -0.25 0.0084736 0.905457139 0.904 1.044125362 5945.659033 4.354 4.605 3.92 3.47 3.176 3.134
thin7 6 thin_disk 9.937016107 -0.25 0.0084736 0.9213265777 0.92 1.104466747 5991.009386 4.313 4.445 3.773 3.332 3.046 3.005
thin7 6 thin_disk 9.937016107 -0.25 0.0084736 0.934659183 0.933 1.162392087 6017.27694 4.275 4.312 3.648 3.212 2.93 2.89
thin7 6 thin_disk 9.937016107 -0.25 0.0084736 0.9432522058 0.942 1.206014821 6031.148196 4.247 4.219 3.56 3.126 2.847 2.807
thin7 6 thin_disk 9.937016107 -0.25 0.0084736 0.9452989101 0.944 1.216893706 6035.315805 4.24 4.197 3.539 3.106 2.827 2.787
thin7 6 thin_disk 9.937016107 -0.25 0.0084736 0.9486344457 0.947 1.236381918 6039.486294 4.228 4.16 3.503 3.07 2.792 2.753
thin7 6 thin_disk 9.937016107 -0.25 0.0084736 0.9538996816 0.953 1.269850648 6042.26822 4.207 4.099 3.443 3.011 2.734 2.695
thin7 6 thin_disk 9.937016107 -0.25 0.0084736 0.9642258883 0.963 1.345403784 6038.095811 4.161 3.976 3.32 2.887 2.609 2.57
thin7 6 thin_disk 9.937016107 -0.25 0.0084736 0.9717200398 0.97 1.411083277 6022.82161 4.123 3.884 3.225 2.789 2.508 2.469
thin7 6 thin_disk 9.937016107 -0.25 0.0084736 0.9775844216 0.976 1.471813035 6003.437587 4.089 3.81 3.146 2.706 2.422 2.382
thin7 6 thin_disk 9.937016107 -0.25 0.0084736 0.9793355465 0.978 1.492631645 5992.389026 4.078 3.787 3.12 2.678 2.393 2.352
thin7 6 thin_disk 9.937016107 -0.25 0.0084736 0.9875314236 0.986 1.613067885 5908.809656 4.014 3.687 2.999 2.54 2.241 2.198
thin7 6 thin_disk 9.937016107 -0.25 0.0084736 0.9915652275 0.99 1.689089433 5841.172071 3.976 3.647 2.94 2.468 2.157 2.112
thin7 6 thin_disk 9.937016107 -0.25 0.0084736 0.9928956628 0.991 1.714165085 5818.35211 3.963 3.633 2.92 2.444 2.13 2.083
thin7 6 thin_disk 9.937016107 -0.25 0.0084736 0.9968346953 0.995 1.818246017 5688.529308 3.914 3.623 2.873 2.37 2.033 1.982
thin7 6 thin_disk 9.937016107 -0.25 0.0084736 0.9992038608 0.998 1.903060718 5560.322737 3.876 3.647 2.858 2.328 1.967 1.911
thin7 6 thin_disk 9.937016107 -0.25 0.0084736 1.000835896 0.999 1.976298972 5450.043893 3.843 3.674 2.852 2.296 1.913 1.854
thin7 6 thin_disk 9.937016107 -0.25 0.0084736 1.00235939 1.001 2.066106219 5339.492736 3.805 3.694 2.837 2.253 1.846 1.783
thin7 6 thin_disk 9.937016107 -0.25 0.0084736 1.004181504 1.003 2.210816233 5221.55672 3.747 3.677 2.781 2.166 1.732 1.665
thin7 6 thin_disk 9.937016107 -0.25 0.0084736 1.005765915 1.004 2.372753621 5142.804319 3.687 3.614 2.691 2.054 1.601 1.532
thin7 6 thin_disk 9.937016107 -0.25 0.0084736 1.006188154 1.004 2.42132254 5126.25257 3.669 3.59 2.661 2.02 1.562 1.492
thin7 6 thin_disk 9.937016107 -0.25 0.0084736 1.006801128 1.005 2.500072741 5106.225616 3.642 3.545 2.608 1.962 1.499 1.428
thin7 6 thin_disk 9.937016107 -0.25 0.0084736 1.007982731 1.006 2.664726524 5075.74739 3.587 3.443 2.495 1.84 1.37 1.297
thin7 6 thin_disk 9.937016107 -0.25 0.0084736 1.009218693 1.007 2.865844651 5048.937562 3.524 3.317 2.361 1.697 1.22 1.147
thin7 6 thin_disk 9.937016107 -0.25 0.0084736 1.010333896 1.008 3.075053279 5028.054773 3.463 3.188 2.225 1.555 1.073 0.999
thin7 6 thin_disk 9.937016107 -0.25 0.0084736 1.011146903 1.009 3.25051852 5013.026495 3.415 3.085 2.116 1.442 0.956 0.882
thin7 6 thin_disk 9.937016107 -0.25 0.0084736 1.011851072 1.01 3.426515059 4999.19411 3.37 2.988 2.015 1.336 0.847 0.772
thin7 6 thin_disk 9.937016107 -0.25 0.0084736 1.012531042 1.011 3.61620169 4985.399893 3.324 2.889 1.911 1.228 0.735 0.659
thin7 6 thin_disk 9.937016107 -0.25 0.0084736 1.013331652 1.011 3.876614759 4967.066792 3.264 2.761 1.775 1.087 0.589 0.512
thin7 6 thin_disk 9.937016107 -0.25 0.0084736 1.013912559 1.012 4.09310273 4952.220801 3.216 2.661 1.67 0.977 0.474 0.397
thin7 6 thin_disk 9.937016107 -0.25 0.0084736 1.014567852 1.012 4.384828833 4932.873745 3.157 2.538 1.539 0.839 0.331 0.253
thin7 6 thin_disk 9.937016107 -0.25 0.0084736 1.015028477 1.013 4.615860178 4916.997642 3.112 2.444 1.439 0.734 0.222 0.143
thin7 6 thin_disk 9.937016107 -0.25 0.0084736 1.015474916 1.013 4.878121856 4900.044228 3.064 2.346 1.334 0.624 0.107 0.028
thin7 6 thin_disk 9.937016107 -0.25 0.0084736 1.015986085 1.014 5.233023016 4877.53057 3.004 2.224 1.203 0.486 -0.037 -0.118
thin7 6 thin_disk 9.937016107 -0.25 0.0084736 1.016439676 1.014 5.609868031 4854.002548 2.944 2.106 1.075 0.35 -0.179 -0.261
thin7 6 thin_disk 9.937016107 -0.25 0.0084736 1.016841531 1.014 6.002783013 4829.475864 2.885 1.99 0.95 0.217 -0.319 -0.402
thin7 6 thin_disk 9.937016107 -0.25 0.0084736 1.017213464 1.015 6.440990296 4803.966829 2.824 1.873 0.822 0.08 -0.462 -0.547
thin7 6 thin_disk 9.937016107 -0.25 0.0084736 1.017539382 1.015 6.887357793 4778.592532 2.765 1.76 0.699 -0.051 -0.601 -0.687
thin7 6 thin_disk 9.937016107 -0.25 0.0084736 1.017836332 1.015 7.373142794 4753.352259 2.707 1.65 0.577 -0.181 -0.739 -0.826
thin7 6 thin_disk 9.937016107 -0.25 0.0084736 1.018106818 1.015 7.882294279 4726.068369 2.648 1.541 0.457 -0.311 -0.876 -0.965
thin7 6 thin_disk 9.937016107 -0.25 0.0084736 1.018354774 1.015 8.436312233 4698.941086 2.59 1.434 0.338 -0.439 -1.013 -1.103
thin7 6 thin_disk 9.937016107 -0.25 0.0084736 1.018585324 1.015 9.018880755 4671.969512 2.532 1.329 0.22 -0.566 -1.148 -1.24
thin7 6 thin_disk 9.937016107 -0.25 0.0084736 1.018802881 1.015 9.608434741 4645.152752 2.476 1.229 0.107 -0.688 -1.277 -1.371
thin7 6 thin_disk 9.937016107 -0.25 0.0084736 1.019073248 1.015 10.24360079 4619.553488 2.421 1.13 -0.006 -0.811 -1.407 -1.503
thin7 6 thin_disk 9.937016107 -0.25 0.0084736 1.019158244 1.015 10.36937653 4615.300681 2.41 1.11 -0.028 -0.835 -1.433 -1.529
thin7 6 thin_disk 9.937016107 -0.25 0.0084736 1.019325256 1.015 9.920935928 4637.671681 2.449 1.173 0.047 -0.752 -1.343 -1.437
thin7 6 thin_disk 9.937016107 -0.25 0.0084736 1.019442201 1.015 9.465698011 4661.22428 2.49 1.239 0.125 -0.665 -1.25 -1.343
thin7 6 thin_disk 9.937016107 -0.25 0.0084736 1.019456983 1.015 9.3983723 4664.445252 2.496 1.249 0.137 -0.652 -1.236 -1.328
thin7 6 thin_disk 9.937016107 -0.25 0.0084736 1.019502282 1.015 9.55988449 4656.93311 2.481 1.223 0.107 -0.685 -1.27 -1.364
thin7 6 thin_disk 9.937016107 -0.25 0.0084736 1.019677877 1.015 10.2294585 4628.070862 2.422 1.12 -0.011 -0.813 -1.407 -1.502
thin7 6 thin_disk 9.937016107 -0.25 0.0084736 1.019845963 1.015 10.93837089 4598.328568 2.364 1.019 -0.128 -0.94 -1.542 -1.64
thin7 6 thin_disk 9.937016107 -0.25 0.0084736 1.019998908 1.015 11.67757445 4569.829533 2.307 0.922 -0.24 -1.063 -1.673 -1.772
thin7 6 thin_disk 9.937016107 -0.25 0.0084736 1.020141482 1.015 12.47247508 4540.461526 2.25 0.826 -0.352 -1.185 -1.805 -1.906
thin7 6 thin_disk 9.937016107 -0.25 0.0084736 1.020275474 1.015 13.32148515 4511.282253 2.192 0.73 -0.466 -1.31 -1.939 -2.042
thin7 6 thin_disk 9.937016107 -0.25 0.0084736 1.020390987 1.015 14.19556376 4482.2905 2.138 0.64 -0.572 -1.427 -2.064 -2.17
thin7 6 thin_disk 9.937016107 -0.25 0.0084736 1.020502329 1.015 15.14441998 4453.485063 2.081 0.547 -0.682 -1.548 -2.195 -2.303
thin7 6 thin_disk 9.937016107 -0.25 0.0084736 1.020602703 1.015 16.1455426 4423.845998 2.025 0.459 -0.789 -1.666 -2.322 -2.432
thin7 6 thin_disk 9.937016107 -0.25 0.0084736 1.020695567 1.014 17.21284448 4394.404189 1.97 0.37 -0.894 -1.784 -2.446 -2.56
thin7 6 thin_disk 9.937016107 -0.25 0.0084736 1.020780087 1.014 18.3507004 4365.158322 1.914 0.28 -0.998 -1.9 -2.567 -2.686
thin7 6 thin_disk 9.937016107 -0.25 0.0084736 1.020857453 1.014 19.54126368 4336.107094 1.859 0.194 -1.1 -2.014 -2.686 -2.81
thin7 6 thin_disk 9.937016107 -0.25 0.0084736 1.020929933 1.014 20.85223664 4305.266105 1.803 0.107 -1.203 -2.131 -2.807 -2.937
thin7 6 thin_disk 9.937016107 -0.25 0.0084736 1.020994425 1.013 22.17954562 4276.613475 1.749 0.022 -1.302 -2.243 -2.923 -3.058
thin7 6 thin_disk 9.937016107 -0.25 0.0084736 1.021054029 1.013 23.59134191 4248.151535 1.695 -0.06 -1.399 -2.354 -3.039 -3.18
thin7 6 thin_disk 9.937016107 -0.25 0.0084736 1.021108866 1.012 25.10456178 4218.907466 1.641 -0.142 -1.496 -2.464 -3.154 -3.301
thin7 6 thin_disk 9.937016107 -0.25 0.0084736 1.021160006 1.012 26.71484415 4189.864711 1.587 -0.223 -1.592 -2.574 -3.27 -3.422
thin7 6 thin_disk 9.937016107 -0.25 0.0084736 1.021207571 1.011 28.44150966 4160.063885 1.532 -0.303 -1.687 -2.685 -3.385 -3.544
thin7 6 thin_disk 9.937016107 -0.25 0.0084736 1.021249771 1.011 30.23100916 4131.426206 1.48 -0.376 -1.779 -2.791 -3.499 -3.663
thin7 6 thin_disk 9.937016107 -0.25 0.0084736 1.021289945 1.01 32.14790267 4102.04103 1.426 -0.446 -1.875 -2.901 -3.618 -3.787
thin7 6 thin_disk 9.937016107 -0.25 0.0084736 1.021326661 1.009 34.13128544 4073.802778 1.373 -0.516 -1.969 -3.009 -3.735 -3.909
thin7 6 thin_disk 9.937016107 -0.25 0.0084736 1.021360278 1.009 36.25372573 4044.827454 1.32 -0.58 -2.06 -3.116 -3.851 -4.029
thin7 6 thin_disk 9.937016107 -0.25 0.0084736 1.021391749 1.008 38.55250879 4016.058219 1.267 -0.644 -2.152 -3.223 -3.967 -4.15
thin7 6 thin_disk 9.937016107 -0.25 0.0084736 1.021420121 1.007 40.83688855 3988.411869 1.216 -0.706 -2.241 -3.326 -4.08 -4.268
thin7 6 thin_disk 9.937016107 -0.25 0.0084736 1.021446705 1.006 43.34636113 3959.132167 1.164 -0.763 -2.329 -3.43 -4.193 -4.386
thin7 6 thin_disk 9.937016107 -0.25 0.0084736 1.021471739 1.005 45.98886007 3930.972449 1.112 -0.819 -2.417 -3.534 -4.306 -4.505
thin7 6 thin_disk 9.937016107 -0.25 0.0084736 1.021493793 1.004 48.6578197 3903.911825 1.062 -0.871 -2.5 -3.632 -4.414 -4.617
thin7 6 thin_disk 9.937016107 -0.25 0.0084736 1.021515131 1.003 51.58846964 3875.252454 1.011 -0.92 -2.584 -3.733 -4.524 -4.733
thin7 6 thin_disk 9.937016107 -0.25 0.0084736 1.021535277 1.001 54.69563199 3846.803478 0.96 -0.964 -2.668 -3.835 -4.635 -4.849
thin7 6 thin_disk 9.937016107 -0.25 0.0084736 1.021557331 1 58.58044209 3812.413511 0.899 -1.013 -2.766 -3.954 -4.765 -4.985
thin7 6 thin_disk 9.937016107 -0.25 0.0084736 1.021577597 0.998 62.74117457 3778.330987 0.839 -1.05 -2.861 -4.072 -4.893 -5.12
thin7 6 thin_disk 9.937016107 -0.25 0.0084736 1.021596432 0.996 67.15102479 3743.69104 0.779 -1.081 -2.954 -4.19 -5.021 -5.255
thin7 6 thin_disk 9.937016107 -0.25 0.0084736 1.021613955 0.993 71.87082744 3709.368674 0.719 -1.108 -3.046 -4.307 -5.148 -5.39
thin7 6 thin_disk 9.937016107 -0.25 0.0084736 1.021629929 0.991 76.83385874 3675.360978 0.66 -1.117 -3.133 -4.423 -5.273 -5.521
thin7 6 thin_disk 9.937016107 -0.25 0.0084736 1.021644592 0.988 82.04509927 3641.665066 0.602 -1.123 -3.217 -4.535 -5.394 -5.649
thin7 6 thin_disk 9.937016107 -0.25 0.0084736 1.021658182 0.985 87.50898465 3608.27808 0.545 -1.11 -3.294 -4.646 -5.514 -5.776
thin7 6 thin_disk 9.937016107 -0.25 0.0084736 1.021670699 0.982 93.27229113 3574.374063 0.488 -1.087 -3.368 -4.755 -5.632 -5.9
thin7 6 thin_disk 9.937016107 -0.25 0.0084736 1.021682143 0.979 99.2550574 3541.604004 0.433 -1.053 -3.438 -4.862 -5.746 -6.022
thin7 6 thin_disk 9.937016107 -0.25 0.0084736 1.021692991 0.975 105.5486407 3508.326469 0.377 -0.994 -3.498 -4.968 -5.859 -6.142
thin7 6 thin_disk 9.937016107 -0.25 0.0084736 1.021702766 0.971 112.0605229 3476.161938 0.324 -0.931 -3.555 -5.069 -5.968 -6.258
thin7 6 thin_disk 9.937016107 -0.25 0.0084736 1.021712303 0.966 119.0289616 3443.499308 0.269 -0.848 -3.604 -5.175 -6.078 -6.376
thin7 6 thin_disk 9.937016107 -0.25 0.0084736 1.021721005 0.961 126.2852548 3411.143581 0.216 -0.758 -3.646 -5.275 -6.184 -6.49
thin7 6 thin_disk 9.937016107 -0.25 0.0084736 1.02172935 0.956 133.9839092 3379.091874 0.162 -0.652 -3.681 -5.376 -6.29 -6.603
thin7 6 thin_disk 9.937016107 -0.25 0.0084736 1.021737218 0.95 141.6943864 3348.883194 0.111 -0.524 -3.697 -5.472 -6.39 -6.711
thin7 6 thin_disk 9.937016107 -0.25 0.0084736 1.021745443 0.944 149.9176082 3318.180448 0.058 -0.391 -3.713 -5.569 -6.491 -6.821
thin7 6 thin_disk 9.937016107 -0.25 0.0084736 1.021745443 0.944 149.9176082 3318.180448 0.058 0.819 -0.219 -5.569 -6.491 -6.821
thin7 6 thin_disk 9.937016107 -0.25 0.0084736 1.02184546 0.944 10.4822049 4809.500785 2.369 0.799 -0.242 -0.983 -1.521 -1.606
thin7 6 thin_disk 9.937016107 -0.25 0.0084736 1.021941781 0.944 10.52816408 4807.286438 2.365 0.791 -0.251 -0.992 -1.531 -1.616
thin7 6 thin_disk 9.937016107 -0.25 0.0084736 1.022038102 0.944 10.53058856 4809.500785 2.365 0.789 -0.252 -0.994 -1.531 -1.616
thin7 6 thin_disk 9.937016107 -0.25 0.0084736 1.022137165 0.944 10.49911384 4813.93254 2.368 0.789 -0.25 -0.99 -1.526 -1.611
thin7 6 thin_disk 9.937016107 -0.25 0.0084736 1.022236824 0.944 10.45568871 4818.368378 2.372 0.792 -0.245 -0.983 -1.519 -1.603
thin7 6 thin_disk 9.937016107 -0.25 0.0084736 1.022333145 0.944 10.40764918 4823.918924 2.376 0.794 -0.24 -0.976 -1.51 -1.594
thin7 6 thin_disk 9.937016107 -0.25 0.0084736 1.022435784 0.944 10.34314576 4830.58802 2.381 0.798 -0.234 -0.969 -1.501 -1.585
thin7 6 thin_disk 9.937016107 -0.25 0.0084736 1.022536039 0.945 10.29562332 4836.152643 2.385 0.801 -0.229 -0.962 -1.492 -1.576
thin7 6 thin_disk 9.937016107 -0.25 0.0084736 1.022637248 0.945 10.25303984 4840.608956 2.389 0.803 -0.224 -0.955 -1.484 -1.568
thin7 6 thin_disk 9.937016107 -0.25 0.0084736 1.022743702 0.945 10.21768818 4846.185122 2.392 0.805 -0.22 -0.949 -1.477 -1.56
thin7 6 thin_disk 9.937016107 -0.25 0.0084736 1.022849679 0.945 10.17542704 4850.65068 2.395 0.807 -0.217 -0.945 -1.471 -1.554
thin7 6 thin_disk 9.937016107 -0.25 0.0084736 1.022947788 0.945 10.14968689 4854.002548 2.398 0.808 -0.214 -0.941 -1.466 -1.549
thin7 6 thin_disk 9.937016107 -0.25 0.0084736 1.023052335 0.945 10.11935064 4858.475309 2.4 0.808 -0.211 -0.937 -1.462 -1.544
thin7 6 thin_disk 9.937016107 -0.25 0.0084736 1.023119092 0.945 10.11003467 4860.713235 2.402 0.809 -0.21 -0.935 -1.459 -1.541
thin7 6 thin_disk 9.937016107 -0.25 0.0084736 1.023154736 0.945 10.09375234 4861.832585 2.402 0.809 -0.21 -0.934 -1.458 -1.54
thin7 6 thin_disk 9.937016107 -0.25 0.0084736 1.023254514 0.945 10.08445993 4864.072057 2.404 0.809 -0.208 -0.932 -1.455 -1.537
thin7 6 thin_disk 9.937016107 -0.25 0.0084736 1.023353696 0.946 10.07517608 4866.312561 2.405 0.808 -0.208 -0.931 -1.453 -1.535
thin7 6 thin_disk 9.937016107 -0.25 0.0084736 1.023451328 0.946 10.06590077 4868.554097 2.406 0.808 -0.208 -0.93 -1.452 -1.534
thin7 6 thin_disk 9.937016107 -0.25 0.0084736 1.02355051 0.946 10.06126632 4869.675252 2.406 0.806 -0.209 -0.931 -1.452 -1.534
thin7 6 thin_disk 9.937016107 -0.25 0.0084736 1.023649573 0.946 10.07285645 4869.675252 2.405 0.804 -0.21 -0.932 -1.453 -1.535
thin7 6 thin_disk 9.937016107 -0.25 0.0084736 1.023750782 0.946 10.08445993 4869.675252 2.404 0.802 -0.213 -0.935 -1.456 -1.538
thin7 6 thin_disk 9.937016107 -0.25 0.0084736 1.023829699 0.946 10.09607678 4869.675252 2.403 0.799 -0.216 -0.937 -1.459 -1.541
thin7 6 thin_disk 9.937016107 -0.25 0.0084736 1.023873687 0.946 10.10072727 4868.554097 2.402 0.798 -0.218 -0.94 -1.461 -1.543
thin7 6 thin_disk 9.937016107 -0.25 0.0084736 1.023964763 0.946 10.1286752 4867.4332 2.4 0.793 -0.222 -0.945 -1.467 -1.549
thin7 6 thin_disk 9.937016107 -0.25 0.0084736 1.024055362 0.946 10.17308434 4865.19218 2.397 0.789 -0.228 -0.951 -1.474 -1.556
thin7 6 thin_disk 9.937016107 -0.25 0.0084736 1.024151921 0.946 10.22239468 4861.832585 2.393 0.783 -0.236 -0.96 -1.483 -1.566
thin7 6 thin_disk 9.937016107 -0.25 0.0084736 1.024249434 0.947 10.27667554 4857.356733 2.387 0.775 -0.245 -0.971 -1.495 -1.577
thin7 6 thin_disk 9.937016107 -0.25 0.0084736 1.02434063 0.947 10.3550606 4852.885002 2.381 0.767 -0.256 -0.983 -1.509 -1.591
thin7 6 thin_disk 9.937016107 -0.25 0.0084736 1.024433374 0.947 10.43884971 4847.301126 2.375 0.757 -0.268 -0.997 -1.524 -1.607
thin7 6 thin_disk 9.937016107 -0.25 0.0084736 1.024524331 0.947 10.5233168 4841.723676 2.367 0.746 -0.281 -1.012 -1.54 -1.624
thin7 6 thin_disk 9.937016107 -0.25 0.0084736 1.024617195 0.947 10.64272021 4833.926025 2.358 0.733 -0.298 -1.031 -1.562 -1.645
thin7 6 thin_disk 9.937016107 -0.25 0.0084736 1.024716377 0.947 10.785807 4823.918924 2.346 0.715 -0.319 -1.056 -1.589 -1.673
thin7 6 thin_disk 9.937016107 -0.25 0.0084736 1.024796009 0.947 10.89062101 4817.259036 2.338 0.705 -0.333 -1.071 -1.606 -1.691
thin7 6 thin_disk 9.937016107 -0.25 0.0084736 1.02482152 0.947 10.90818877 4816.149948 2.336 0.702 -0.337 -1.076 -1.612 -1.696
thin7 6 thin_disk 9.937016107 -0.25 0.0084736 1.024906874 0.947 11.16227312 4799.544249 2.316 0.674 -0.372 -1.116 -1.656 -1.741
thin7 6 thin_disk 9.937016107 -0.25 0.0084736 1.024993181 0.947 11.73417727 4765.407017 2.273 0.613 -0.449 -1.204 -1.753 -1.841
thin7 6 thin_disk 9.937016107 -0.25 0.0084736 1.025040746 0.948 12.43519629 4726.068369 2.222 0.543 -0.537 -1.306 -1.866 -1.956
thin7 6 thin_disk 9.937016107 -0.25 0.0084736 1.025066972 0.948 13.31535179 4681.661397 2.164 0.461 -0.64 -1.424 -1.997 -2.09
thin7 6 thin_disk 9.937016107 -0.25 0.0084736 1.025079608 0.948 14.19556376 4639.8079 2.107 0.384 -0.739 -1.538 -2.123 -2.218
thin7 6 thin_disk 9.937016107 -0.25 0.0084736 1.025085807 0.948 15.10263216 4600.446664 2.054 0.31 -0.833 -1.646 -2.242 -2.34
thin7 6 thin_disk 9.937016107 -0.25 0.0084736 1.025089383 0.948 15.99015394 4564.57135 2.004 0.241 -0.922 -1.747 -2.354 -2.455
thin7 6 thin_disk 9.937016107 -0.25 0.0084736 1.025091529 0.948 16.8675748 4532.105385 1.958 0.177 -1.002 -1.839 -2.452 -2.557
thin7 6 thin_disk 9.937016107 -0.25 0.0084736 1.025092959 0.948 17.65845264 4504.016782 1.918 0.12 -1.072 -1.92 -2.539 -2.647
thin7 6 thin_disk 9.937016107 -0.25 0.0084736 1.025093913 0.948 18.24116807 4485.387826 1.889 0.08 -1.122 -1.978 -2.6 -2.711
thin7 6 thin_disk 9.937016107 -0.25 0.0084736 1.025095701 0.948 19.51428506 4445.288991 1.831 -0.002 -1.223 -2.095 -2.724 -2.841
thin7 6 thin_disk 9.937016107 -0.25 0.0084736 1.02509737 0.948 20.54246922 4415.704474 1.786 -0.065 -1.301 -2.185 -2.82 -2.941
thin7 6 thin_disk 9.937016107 -0.25 0.0084736 1.025102139 0.948 20.76599021 4409.608165 1.777 -0.079 -1.318 -2.204 -2.841 -2.962
thin7 6 thin_disk 9.937016107 -0.25 0.0084736 1.025107384 0.948 20.05176678 4430.982145 1.808 -0.036 -1.264 -2.142 -2.774 -2.893
thin7 6 thin_disk 9.937016107 -0.25 0.0084736 1.025155902 0.947 19.56827959 4444.265543 1.829 -0.005 -1.227 -2.099 -2.729 -2.845
thin7 6 thin_disk 9.937016107 -0.25 0.0084736 1.025208235 0.946 20.19075899 4425.883724 1.801 -0.043 -1.274 -2.154 -2.787 -2.907
thin7 6 thin_disk 9.937016107 -0.25 0.0084736 1.025241375 0.945 21.30848852 4393.392456 1.753 -0.108 -1.355 -2.248 -2.888 -3.012
thin7 6 thin_disk 9.937016107 -0.25 0.0084736 1.0252738 0.944 22.56589925 4361.139714 1.704 -0.176 -1.439 -2.346 -2.991 -3.121
thin7 6 thin_disk 9.937016107 -0.25 0.0084736 1.025304914 0.943 24.01334414 4326.134325 1.649 -0.25 -1.531 -2.453 -3.105 -3.241
thin7 6 thin_disk 9.937016107 -0.25 0.0084736 1.025331974 0.941 25.55363251 4291.409912 1.594 -0.324 -1.622 -2.561 -3.219 -3.361
thin7 6 thin_disk 9.937016107 -0.25 0.0084736 1.025356293 0.94 27.20524522 4255.984131 1.539 -0.399 -1.715 -2.67 -3.335 -3.483
thin7 6 thin_disk 9.937016107 -0.25 0.0084736 1.02537787 0.938 29.03037493 4220.850792 1.482 -0.471 -1.808 -2.78 -3.453 -3.608
thin7 6 thin_disk 9.937016107 -0.25 0.0084736 1.025396943 0.936 30.95655647 4185.043727 1.425 -0.54 -1.904 -2.892 -3.577 -3.736
thin7 6 thin_disk 9.937016107 -0.25 0.0084736 1.02541399 0.934 33.03335197 4150.496003 1.368 -0.608 -1.999 -3.004 -3.7 -3.865
thin7 6 thin_disk 9.937016107 -0.25 0.0084736 1.025429606 0.932 35.22513327 4115.285784 1.311 -0.673 -2.094 -3.116 -3.823 -3.993
thin7 6 thin_disk 9.937016107 -0.25 0.0084736 1.025443912 0.929 37.58829658 4081.313916 1.253 -0.738 -2.188 -3.227 -3.946 -4.121
thin7 6 thin_disk 9.937016107 -0.25 0.0084736 1.025457501 0.926 40.44386433 4030.881213 1.188 -0.781 -2.278 -3.343 -4.079 -4.262
thin7 6 thin_disk 9.937016107 -0.25 0.0084736 1.025470138 0.922 43.78775151 3966.431879 1.117 -0.802 -2.362 -3.46 -4.219 -4.412
thin7 6 thin_disk 9.937016107 -0.25 0.0084736 1.025482535 0.917 46.84385682 3930.972449 1.057 -0.857 -2.457 -3.574 -4.344 -4.544
thin7 6 thin_disk 9.937016107 -0.25 0.0084736 1.025494218 0.912 50.13634207 3894.933077 0.996 -0.911 -2.551 -3.688 -4.471 -4.677
thin7 6 thin_disk 9.937016107 -0.25 0.0084736 1.025505185 0.906 53.56148937 3858.335599 0.934 -0.951 -2.642 -3.802 -4.596 -4.809
thin7 6 thin_disk 9.937016107 -0.25 0.0084736 1.025515556 0.899 57.40538644 3820.322269 0.872 -0.989 -2.733 -3.917 -4.723 -4.943
thin7 6 thin_disk 9.937016107 -0.25 0.0084736 1.025523543 0.892 61.2847819 3783.554551 0.811 -1.017 -2.819 -4.027 -4.844 -5.072
thin7 6 thin_disk 9.937016107 -0.25 0.0084736 1.025528789 0.886 64.90118775 3751.457235 0.758 -1.033 -2.894 -4.125 -4.952 -5.186
thin7 6 thin_disk 9.937016107 -0.25 0.0084736 1.02553308 0.881 69.06414582 3717.063668 0.701 -1.05 -2.973 -4.229 -5.066 -5.307
thin7 6 thin_disk 9.937016107 -0.25 0.0084736 1.025536895 0.875 73.91841482 3678.74767 0.64 -1.044 -3.054 -4.342 -5.19 -5.438
thin7 6 thin_disk 9.937016107 -0.25 0.0084736 1.025540471 0.868 79.09565828 3639.150361 0.578 -1.034 -3.133 -4.454 -5.313 -5.569
thin7 6 thin_disk 9.937016107 -0.25 0.0084736 1.025543571 0.861 84.26605158 3601.637504 0.52 -0.999 -3.201 -4.558 -5.428 -5.691
thin7 6 thin_disk 9.937016107 -0.25 0.0084736 1.025547028 0.852 90.96045934 3555.494409 0.448 -0.939 -3.278 -4.686 -5.566 -5.839
thin7 6 thin_disk 9.937016107 -0.25 0.0084736 1.025550485 0.839 97.75807585 3511.559245 0.379 -0.844 -3.339 -4.805 -5.695 -5.978
thin7 6 thin_disk 9.937016107 -0.25 0.0084736 1.02555418 0.822 105.3058856 3464.17641 0.306 -0.72 -3.391 -4.924 -5.825 -6.119
thin7 6 thin_disk 9.937016107 -0.25 0.0084736 1.025557756 0.802 113.9600536 3413.500729 0.226 -0.548 -3.427 -5.053 -5.961 -6.268
thin7 6 thin_disk 9.937016107 -0.25 0.0084736 1.025558591 0.797 109.3585252 3434.788499 0.259 -0.605 -3.396 -4.982 -5.887 -6.189
thin7 6 thin_disk 9.937016107 -0.25 0.0084736 1.025559187 0.793 93.27229113 3529.392837 0.395 -0.845 -3.276 -4.718 -5.603 -5.883
thin7 6 thin_disk 9.937016107 -0.25 0.0084736 1.025559306 0.792 99.30077657 3492.207173 0.34 -0.762 -3.329 -4.822 -5.716 -6.004
thin7 6 thin_disk 9.937016107 -0.25 0.0084736 1.025559664 0.791 109.5349325 3433.9977 0.254 -0.603 -3.398 -4.986 -5.891 -6.193
thin7 6 thin_disk 9.937016107 -0.25 0.0084736 1.025559902 0.789 119.0289616 3384.542719 0.182 -0.44 -3.441 -5.122 -6.036 -6.349
thin7 6 thin_disk 9.937016107 -0.25 0.0084736 1.025560021 0.788 125.3581704 3353.513045 0.135 -0.298 -3.447 -5.209 -6.127 -6.448
thin7 6 thin_disk 9.937016107 -0.25 0.0084736 1.02556026 0.785 132.145581 3321.238013 0.088 -0.144 -3.448 -5.296 -6.219 -6.549
thin7 6 thin_disk 9.937016107 -0.25 0.0084736 1.025560498 0.783 139.1081724 3291.546539 0.043 0.026 -3.432 -5.38 -6.306 -6.644
thin7 6 thin_disk 9.937016107 -0.25 0.0084736 1.025560856 0.779 147.1813035 3257.61683 -0.009 0.234 -3.404 -5.474 -6.404 -6.751
thin7 6 thin_disk 9.937016107 -0.25 0.0084736 1.025561333 0.773 156.4417426 3220.327198 -0.065 0.475 -3.359 -5.574 -6.506 -6.863
thin7 6 thin_disk 9.937016107 -0.25 0.0084736 1.02556181 0.765 165.0261033 3186.397847 -0.117 0.7 -3.305 -5.66 -6.596 -6.963
thin7 6 thin_disk 9.937016107 -0.25 0.0084736 1.025562406 0.751 173.7211297 3154.27824 -0.169 0.913 -3.251 -5.741 -6.68 -7.056
thin7 6 thin_disk 9.937016107 -0.25 0.0084736 1.025563121 0.737 178.9586294 3134.728988 -0.203 1.027 -3.218 -5.789 -6.729 -7.11
thin7 6 thin_disk 9.937016107 -0.25 0.0084736 1.025563121 0.737 178.9586294 3134.728988 -0.203 -0.345 -3.354 -5.789 -6.729 -7.11
thin7 6 thin_disk 9.937016107 -0.25 0.0084736 1.025563121 0.737 178.9586294 3134.728988 -0.203 -0.831 -3.224 -5.789 -6.729 -7.11
thin7 6 thin_disk 9.937016107 -0.25 0.0084736 1.02556324 0.734 65.87985655 3755.778747 0.664 -1.073 -2.931 -4.162 -4.983 -5.219
thin7 6 thin_disk 9.937016107 -0.25 0.0084736 1.025563359 0.731 68.17931677 3732.501578 0.632 -1.07 -2.97 -4.217 -5.046 -5.287
thin7 6 thin_disk 9.937016107 -0.25 0.0084736 1.025563359 0.731 68.17931677 3732.501578 0.632 -0.913 -3.186 -4.217 -5.046 -5.287
thin7 6 thin_disk 9.937016107 -0.25 0.0084736 1.025563598 0.724 113.7503247 3393.126102 0.183 -0.403 -3.369 -5.033 -5.945 -6.256
thin7 6 thin_disk 9.937016107 -0.25 0.0084736 1.025563717 0.72 143.7317273 3249.376236 -0.022 0.368 -3.314 -5.415 -6.345 -6.695
thin7 6 thin_disk 9.937016107 -0.25 0.0084736 1.025563836 0.715 166.1700096 3164.462839 -0.151 0.913 -3.206 -5.653 -6.591 -6.965
thin7 6 thin_disk 9.937016107 -0.25 0.0084736 1.025564075 0.709 177.8085518 3126.799256 -0.214 1.118 -3.162 -5.767 -6.708 -7.091
thin7 6 thin_disk 9.937016107 -0.25 0.0084736 1.025564313 0.703 181.9502451 3116.018303 -0.238 1.177 -3.153 -5.806 -6.748 -7.136
thin7 6 thin_disk 9.937016107 -0.25 0.0084736 1.025564551 0.696 183.0849496 3115.300896 -0.247 1.175 -3.161 -5.817 -6.759 -7.147
thin7 6 thin_disk 9.937016107 -0.25 0.0084736 1.025564551 0.696 183.0849496 3115.300896 -0.247 -0.188 -3.414 -5.817 -6.759 -7.147
thin7 6 thin_disk 9.937016107 -0.25 0.0084736 1.025564551 0.696 183.0849496 3115.300896 -0.247 -0.925 -3.268 -5.817 -6.759 -7.147
thin7 6 thin_disk 9.937016107 -0.25 0.0084736 1.025564671 0.692 66.07735416 3773.983525 0.635 -1.14 -2.969 -4.189 -5.001 -5.236
thin7 6 thin_disk 9.937016107 -0.25 0.0084736 1.02556479 0.69 68.4624828 3750.593529 0.603 -1.138 -3.008 -4.244 -5.064 -5.303
thin7 6 thin_disk 9.937016107 -0.25 0.0084736 1.025564909 0.686 85.59583735 3598.3218 0.407 -1.004 -3.228 -4.593 -5.458 -5.727
thin7 6 thin_disk 9.937016107 -0.25 0.0084736 1.025565028 0.682 113.88136 3412.714832 0.156 -0.524 -3.421 -5.052 -5.958 -6.268
thin7 6 thin_disk 9.937016107 -0.25 0.0084736 1.025565147 0.677 143.6655517 3268.887692 -0.049 0.207 -3.394 -5.43 -6.358 -6.706
thin7 6 thin_disk 9.937016107 -0.25 0.0084736 1.025565386 0.672 166.0170318 3184.197522 -0.177 0.765 -3.287 -5.666 -6.602 -6.975
thin7 6 thin_disk 9.937016107 -0.25 0.0084736 1.025565624 0.666 177.6448595 3146.299056 -0.241 0.999 -3.238 -5.779 -6.719 -7.103
thin7 6 thin_disk 9.937016107 -0.25 0.0084736 1.025565863 0.659 181.7827398 3135.450869 -0.266 1.059 -3.229 -5.817 -6.759 -7.148
thin7 6 thin_disk 9.937016107 -0.25 0.0084736 1.025566101 0.651 182.832183 3135.450869 -0.275 1.061 -3.236 -5.827 -6.769 -7.16
thin7 6 thin_disk 9.937016107 -0.25 0.0084736 1.025566101 0.651 182.832183 3135.450869 -0.275 -0.328 -3.482 -5.827 -6.769 -7.16
thin7 6 thin_disk 9.937016107 -0.25 0.0084736 1.02556622 0.649 90.77215475 3577.667699 0.331 -1.023 -3.316 -4.705 -5.573 -5.848
thin7 6 thin_disk 9.937016107 -0.25 0.0084736 1.02556622 0.649 90.77215475 3577.667699 0.331 -1.218 -3.013 -4.705 -5.573 -5.848
thin7 6 thin_disk 9.937016107 -0.25 0.0084736 1.02556634 0.645 68.81017222 3771.37745 0.569 -1.215 -3.053 -4.276 -5.086 -5.323
thin7 6 thin_disk 9.937016107 -0.25 0.0084736 1.025566459 0.641 85.85244042 3619.928562 0.374 -1.106 -3.276 -4.621 -5.478 -5.745
thin7 6 thin_disk 9.937016107 -0.25 0.0084736 1.025566697 0.636 114.0388016 3433.9977 0.125 -0.66 -3.48 -5.074 -5.975 -6.283
thin7 6 thin_disk 9.937016107 -0.25 0.0084736 1.025566816 0.631 143.7979335 3290.031075 -0.08 0.03 -3.482 -5.447 -6.372 -6.72
thin7 6 thin_disk 9.937016107 -0.25 0.0084736 1.025567055 0.625 165.9023909 3205.531139 -0.208 0.608 -3.375 -5.679 -6.614 -6.989
thin7 6 thin_disk 9.937016107 -0.25 0.0084736 1.025567412 0.618 177.440456 3168.108159 -0.272 0.875 -3.317 -5.787 -6.728 -7.117
thin7 6 thin_disk 9.937016107 -0.25 0.0084736 1.025567651 0.611 181.6990451 3157.911829 -0.297 0.945 -3.307 -5.825 -6.768 -7.162
thin7 6 thin_disk 9.937016107 -0.25 0.0084736 1.025568008 0.603 182.6638659 3158.639048 -0.307 0.942 -3.316 -5.835 -6.778 -7.174
thin7 6 thin_disk 9.937016107 -0.25 0.0084736 1.025570631 0.529 3.335436253e-06 10000 1.859 30.047 30.03 30.028 30.05 30.059
