# component component_index family logAge MH Zini Mini Mass radius_rsun Teff_K logg Jmag_2mass Hmag_2mass Ksmag_2mass F087mag F146mag F213mag
thin5 4 thin_disk 9.607455023 0.25 0.025095 0.0955969095 0.095 0.1330309354 2301.971805 5.168 10.99 10.401 10.105 12.852 11.017 10.184
thin5 4 thin_disk 9.607455023 0.25 0.025095 0.1055120975 0.105 0.1439304373 2398.832919 5.141 10.64 10.053 9.755 12.502 10.667 9.833
thin5 4 thin_disk 9.607455023 0.25 0.025095 0.1253425032 0.125 0.1646086468 2550.35126 5.099 10.082 9.497 9.196 11.945 10.11 9.274
thin5 4 thin_disk 9.607455023 0.25 0.025095 0.145172894 0.145 0.1837607035 2661.950651 5.068 9.676 9.094 8.794 11.46 9.693 8.868
thin5 4 thin_disk 9.607455023 0.25 0.025095 0.1650032997 0.165 0.2014896047 2745.996631 5.043 9.37 8.79 8.495 11.024 9.37 8.563
thin5 4 thin_disk 9.607455023 0.25 0.025095 0.2046640813 0.204 0.2349917659 2872.764332 5.003 8.885 8.305 8.021 10.369 8.861 8.081
thin5 4 thin_disk 9.607455023 0.25 0.025095 0.2542400956 0.254 0.2744433076 2979.202337 4.963 8.424 7.843 7.57 9.792 8.384 7.624
thin5 4 thin_disk 9.607455023 0.25 0.025095 0.3046671152 0.304 0.3135830969 3064.784905 4.925 8.04 7.455 7.192 9.325 7.988 7.242
thin5 4 thin_disk 9.607455023 0.25 0.025095 0.3311161399 0.331 0.3378723441 3102.415775 4.898 7.839 7.252 6.994 9.093 7.782 7.041
thin5 4 thin_disk 9.607455023 0.25 0.025095 0.3502979279 0.35 0.3556744305 3128.239532 4.878 7.7 7.11 6.855 8.935 7.639 6.902
thin5 4 thin_disk 9.607455023 0.25 0.025095 0.3533920944 0.353 0.3585524091 3131.843125 4.874 7.678 7.088 6.833 8.91 7.616 6.88
thin5 4 thin_disk 9.607455023 0.25 0.025095 0.4029681087 0.403 0.3990732748 3215.881224 4.838 7.357 6.757 6.512 8.528 7.283 6.555
thin5 4 thin_disk 9.607455023 0.25 0.025095 0.4230996966 0.423 0.4179772505 3254.617835 4.819 7.219 6.613 6.372 8.364 7.138 6.414
thin5 4 thin_disk 9.607455023 0.25 0.025095 0.4525440931 0.452 0.4446851686 3309.786651 4.794 7.029 6.415 6.179 8.139 6.939 6.218
thin5 4 thin_disk 9.607455023 0.25 0.025095 0.502120018 0.502 0.4944844567 3415.859507 4.748 6.697 6.067 5.838 7.747 6.59 5.873
thin5 4 thin_disk 9.607455023 0.25 0.025095 0.5182137489 0.518 0.5112727485 3459.393778 4.732 6.581 5.945 5.72 7.609 6.469 5.753
thin5 4 thin_disk 9.607455023 0.25 0.025095 0.5516960621 0.551 0.5472082606 3548.133892 4.7 6.352 5.703 5.484 7.335 6.227 5.514
thin5 4 thin_disk 9.607455023 0.25 0.025095 0.5795767903 0.579 0.5741860604 3650.059971 4.68 6.162 5.501 5.291 7.095 6.024 5.316
thin5 4 thin_disk 9.607455023 0.25 0.025095 0.601271987 0.601 0.5947749167 3727.348497 4.666 6.022 5.352 5.149 6.92 5.876 5.171
thin5 4 thin_disk 9.607455023 0.25 0.025095 0.6248140335 0.625 0.6127067218 3838.839899 4.656 5.862 5.182 4.995 6.719 5.708 5.014
thin5 4 thin_disk 9.607455023 0.25 0.025095 0.650848031 0.651 0.632925575 3961.867984 4.646 5.691 5.006 4.836 6.508 5.531 4.852
thin5 4 thin_disk 9.607455023 0.25 0.025095 0.6829383969 0.683 0.6547155334 4133.329237 4.638 5.48 4.806 4.658 6.25 5.323 4.67
thin5 4 thin_disk 9.607455023 0.25 0.025095 0.7004240751 0.7 0.6662736605 4226.686143 4.634 5.37 4.702 4.567 6.117 5.214 4.577
thin5 4 thin_disk 9.607455023 0.25 0.025095 0.7479609251 0.748 0.684940182 4549.880602 4.638 5.079 4.477 4.374 5.743 4.949 4.38
thin5 4 thin_disk 9.607455023 0.25 0.025095 0.75 0.75 0.6855713258 4563.520439 4.638 5.067 4.469 4.367 5.728 4.938 4.373
thin5 4 thin_disk 9.607455023 0.25 0.025095 0.8000000119 0.8 0.7325759296 4774.193311 4.609 4.788 4.256 4.165 5.393 4.685 4.169
thin5 4 thin_disk 9.607455023 0.25 0.025095 0.8407427669 0.84 0.7706419476 4953.361223 4.586 4.568 4.086 4.003 5.129 4.483 4.007
thin5 4 thin_disk 9.607455023 0.25 0.025095 0.8500000238 0.85 0.7795655608 4993.441887 4.58 4.52 4.048 3.967 5.071 4.438 3.971
thin5 4 thin_disk 9.607455023 0.25 0.025095 0.8965134025 0.896 0.8289964005 5191.585371 4.551 4.278 3.856 3.782 4.784 4.213 3.786
thin5 4 thin_disk 9.607455023 0.25 0.025095 0.8999999762 0.899 0.8330146606 5205.950088 4.548 4.26 3.842 3.768 4.763 4.197 3.772
thin5 4 thin_disk 9.607455023 0.25 0.025095 0.9031723738 0.903 0.8364743822 5219.152658 4.546 4.244 3.828 3.755 4.744 4.181 3.759
thin5 4 thin_disk 9.607455023 0.25 0.025095 0.9308921695 0.93 0.8696663071 5332.121047 4.526 4.102 3.712 3.643 4.578 4.047 3.646
thin5 4 thin_disk 9.607455023 0.25 0.025095 0.9500000477 0.949 0.8936195159 5407.543229 4.511 4.006 3.632 3.566 4.466 3.956 3.569
thin5 4 thin_disk 9.607455023 0.25 0.025095 0.9557287097 0.955 0.9006429314 5430.002131 4.506 3.977 3.607 3.542 4.432 3.928 3.545
thin5 4 thin_disk 9.607455023 0.25 0.025095 0.9785663486 0.978 0.9320788316 5515.691913 4.486 3.861 3.508 3.447 4.299 3.818 3.449
thin5 4 thin_disk 9.607455023 0.25 0.025095 0.9988268018 0.999 0.9623934196 5589.848017 4.468 3.761 3.421 3.363 4.185 3.721 3.366
thin5 4 thin_disk 9.607455023 0.25 0.025095 1 1 0.964389881 5593.710682 4.467 3.755 3.416 3.358 4.179 3.715 3.361
thin5 4 thin_disk 9.607455023 0.25 0.025095 1.001648784 1.002 0.9670582736 5598.865053 4.465 3.747 3.408 3.351 4.169 3.707 3.354
thin5 4 thin_disk 9.607455023 0.25 0.025095 1.021491766 1.021 0.998970457 5666.305684 4.445 3.646 3.32 3.266 4.057 3.61 3.268
thin5 4 thin_disk 9.607455023 0.25 0.025095 1.039918661 1.039 1.031223128 5726.64155 4.426 3.554 3.238 3.186 3.953 3.521 3.189
thin5 4 thin_disk 9.607455023 0.25 0.025095 1.049999952 1.049 1.04846188 5758.375745 4.415 3.503 3.193 3.142 3.897 3.472 3.145
thin5 4 thin_disk 9.607455023 0.25 0.025095 1.056515455 1.056 1.060602496 5778.298856 4.408 3.47 3.163 3.113 3.861 3.439 3.116
thin5 4 thin_disk 9.607455023 0.25 0.025095 1.076051354 1.075 1.098886011 5835.794629 4.385 3.37 3.073 3.025 3.752 3.342 3.027
thin5 4 thin_disk 9.607455023 0.25 0.025095 1.094142556 1.093 1.13645605 5885.725453 4.363 3.278 2.989 2.943 3.652 3.252 2.945
thin5 4 thin_disk 9.607455023 0.25 0.025095 1.100000024 1.099 1.149086295 5900.65197 4.356 3.248 2.962 2.916 3.62 3.223 2.918
thin5 4 thin_disk 9.607455023 0.25 0.025095 1.115303993 1.114 1.182912565 5937.450473 4.336 3.171 2.89 2.846 3.536 3.147 2.848
thin5 4 thin_disk 9.607455023 0.25 0.025095 1.131885052 1.131 1.221666443 5971.727749 4.314 3.088 2.813 2.77 3.448 3.066 2.772
thin5 4 thin_disk 9.607455023 0.25 0.025095 1.147679687 1.147 1.26081871 5997.910763 4.293 3.011 2.74 2.698 3.367 2.99 2.7
thin5 4 thin_disk 9.607455023 0.25 0.025095 1.149999976 1.149 1.266930072 6000.673539 4.29 3 2.73 2.687 3.355 2.979 2.689
thin5 4 thin_disk 9.607455023 0.25 0.025095 1.169238329 1.168 1.316596344 6013.121788 4.264 2.911 2.643 2.601 3.264 2.891 2.603
thin5 4 thin_disk 9.607455023 0.25 0.025095 1.187990904 1.187 1.369785753 6011.737375 4.237 2.827 2.559 2.517 3.181 2.807 2.519
thin5 4 thin_disk 9.607455023 0.25 0.025095 1.200000048 1.199 1.40363001 6000.673539 4.22 2.777 2.508 2.465 3.133 2.757 2.467
thin5 4 thin_disk 9.607455023 0.25 0.025095 1.216129541 1.215 1.458319372 5982.738216 4.193 2.702 2.429 2.386 3.06 2.681 2.388
thin5 4 thin_disk 9.607455023 0.25 0.025095 1.25 1.249 1.574898774 5945.659033 4.137 2.547 2.269 2.224 2.911 2.524 2.226
thin5 4 thin_disk 9.607455023 0.25 0.025095 1.268423438 1.268 1.637768994 5931.984397 4.11 2.468 2.188 2.143 2.835 2.445 2.145
thin5 4 thin_disk 9.607455023 0.25 0.025095 1.289970517 1.289 1.721680834 5923.794716 4.074 2.363 2.082 2.036 2.731 2.339 2.038
thin5 4 thin_disk 9.607455023 0.25 0.025095 1.29572773 1.295 1.75368927 5957.993156 4.06 2.31 2.035 1.99 2.673 2.288 1.992
thin5 4 thin_disk 9.607455023 0.25 0.025095 1.299999952 1.299 1.784237426 6006.202909 4.046 2.254 1.986 1.943 2.609 2.234 1.945
thin5 4 thin_disk 9.607455023 0.25 0.025095 1.30246675 1.302 1.802821152 6020.048637 4.038 2.227 1.962 1.919 2.58 2.208 1.922
thin5 4 thin_disk 9.607455023 0.25 0.025095 1.304746151 1.304 1.843115897 6085.552312 4.02 2.156 1.901 1.86 2.499 2.139 1.862
thin5 4 thin_disk 9.607455023 0.25 0.025095 1.305626392 1.305 1.883443709 6131.969697 4.001 2.093 1.846 1.806 2.429 2.078 1.808
thin5 4 thin_disk 9.607455023 0.25 0.025095 1.306003332 1.305 1.901746584 6151.768727 3.993 2.064 1.82 1.781 2.396 2.05 1.783
thin5 4 thin_disk 9.607455023 0.25 0.025095 1.306917667 1.306 1.917576262 6133.381798 3.986 2.054 1.807 1.767 2.389 2.039 1.769
thin5 4 thin_disk 9.607455023 0.25 0.025095 1.319471836 1.319 2.095813555 5975.854297 3.912 1.915 1.644 1.599 2.275 1.894 1.602
thin5 4 thin_disk 9.607455023 0.25 0.025095 1.329676032 1.329 2.235901384 5835.794629 3.86 1.83 1.536 1.487 2.214 1.803 1.489
thin5 4 thin_disk 9.607455023 0.25 0.025095 1.334497333 1.334 2.307558102 5721.369547 3.834 1.806 1.491 1.438 2.21 1.774 1.44
thin5 4 thin_disk 9.607455023 0.25 0.025095 1.337560773 1.337 2.356962348 5615.649584 3.817 1.808 1.473 1.416 2.23 1.77 1.418
thin5 4 thin_disk 9.607455023 0.25 0.025095 1.339684129 1.339 2.38590224 5520.774393 3.807 1.824 1.469 1.409 2.266 1.78 1.411
thin5 4 thin_disk 9.607455023 0.25 0.025095 1.341650128 1.341 2.410752606 5420.008904 3.798 1.848 1.473 1.408 2.31 1.798 1.411
thin5 4 thin_disk 9.607455023 0.25 0.025095 1.343490243 1.343 2.440914936 5318.632708 3.789 1.873 1.476 1.408 2.357 1.817 1.41
thin5 4 thin_disk 9.607455023 0.25 0.025095 1.345632315 1.345 2.496621147 5204.751512 3.77 1.883 1.461 1.388 2.393 1.819 1.391
thin5 4 thin_disk 9.607455023 0.25 0.025095 1.348373413 1.348 2.611275204 5086.276903 3.731 1.849 1.398 1.32 2.387 1.775 1.323
thin5 4 thin_disk 9.607455023 0.25 0.025095 1.350000024 1.349 2.708648465 5037.325328 3.7 1.798 1.335 1.255 2.348 1.72 1.258
thin5 4 thin_disk 9.607455023 0.25 0.025095 1.351559401 1.351 2.783252737 5003.800659 3.677 1.758 1.287 1.205 2.316 1.678 1.208
thin5 4 thin_disk 9.607455023 0.25 0.025095 1.351953626 1.351 2.803836241 4996.892426 3.671 1.746 1.273 1.191 2.306 1.665 1.194
thin5 4 thin_disk 9.607455023 0.25 0.025095 1.353240967 1.353 2.882389353 4979.663542 3.647 1.695 1.217 1.134 2.259 1.612 1.137
thin5 4 thin_disk 9.607455023 0.25 0.025095 1.355329514 1.355 3.028674806 4951.080641 3.605 1.604 1.119 1.035 2.176 1.519 1.038
thin5 4 thin_disk 9.607455023 0.25 0.025095 1.357185721 1.357 3.179454723 4930.602596 3.563 1.511 1.02 0.935 2.088 1.424 0.938
thin5 4 thin_disk 9.607455023 0.25 0.025095 1.359268308 1.359 3.364748784 4910.209249 3.514 1.4 0.904 0.818 1.983 1.311 0.821
thin5 4 thin_disk 9.607455023 0.25 0.025095 1.361157298 1.361 3.551833874 4893.279241 3.468 1.293 0.792 0.705 1.881 1.203 0.709
thin5 4 thin_disk 9.607455023 0.25 0.025095 1.363461375 1.363 3.808488468 4871.918336 3.408 1.154 0.648 0.559 1.747 1.061 0.562
thin5 4 thin_disk 9.607455023 0.25 0.025095 1.365761638 1.365 4.109156149 4849.533905 3.343 1.003 0.491 0.401 1.602 0.908 0.404
thin5 4 thin_disk 9.607455023 0.25 0.025095 1.367745638 1.367 4.413190197 4827.252321 3.281 0.86 0.343 0.252 1.466 0.764 0.255
thin5 4 thin_disk 9.607455023 0.25 0.025095 1.369572759 1.369 4.734265883 4805.073111 3.221 0.721 0.198 0.105 1.333 0.623 0.108
thin5 4 thin_disk 9.607455023 0.25 0.025095 1.37122345 1.371 5.061190042 4782.995805 3.164 0.591 0.062 -0.032 1.209 0.491 -0.029
thin5 4 thin_disk 9.607455023 0.25 0.025095 1.372879505 1.372 5.410689909 4761.019936 3.106 0.458 -0.077 -0.172 1.083 0.356 -0.169
thin5 4 thin_disk 9.607455023 0.25 0.025095 1.374275684 1.374 5.76438056 4739.145036 3.052 0.337 -0.204 -0.301 0.968 0.232 -0.298
thin5 4 thin_disk 9.607455023 0.25 0.025095 1.375476956 1.375 6.170958771 4714.113124 2.993 0.204 -0.345 -0.443 0.842 0.096 -0.44
thin5 4 thin_disk 9.607455023 0.25 0.025095 1.376549959 1.376 6.609257079 4688.133821 2.934 0.071 -0.484 -0.585 0.717 -0.039 -0.582
thin5 4 thin_disk 9.607455023 0.25 0.025095 1.377513409 1.377 7.070540998 4662.29769 2.876 -0.057 -0.619 -0.722 0.597 -0.17 -0.719
thin5 4 thin_disk 9.607455023 0.25 0.025095 1.378409863 1.378 7.546622826 4636.603941 2.818 -0.184 -0.754 -0.858 0.478 -0.299 -0.855
thin5 4 thin_disk 9.607455023 0.25 0.025095 1.37927413 1.379 8.077047647 4609.990177 2.76 -0.313 -0.89 -0.997 0.357 -0.431 -0.994
thin5 4 thin_disk 9.607455023 0.25 0.025095 1.38015914 1.379 8.605035074 4583.529174 2.705 -0.433 -1.017 -1.126 0.245 -0.554 -1.123
thin5 4 thin_disk 9.607455023 0.25 0.025095 1.380889177 1.38 8.905383874 4570.881896 2.675 -0.499 -1.087 -1.197 0.183 -0.621 -1.194
thin5 4 thin_disk 9.607455023 0.25 0.025095 1.381711006 1.381 8.426605158 4597.269885 2.725 -0.395 -0.975 -1.083 0.278 -0.514 -1.08
thin5 4 thin_disk 9.607455023 0.25 0.025095 1.381940365 1.381 8.208289114 4609.990177 2.747 -0.347 -0.924 -1.031 0.322 -0.465 -1.028
thin5 4 thin_disk 9.607455023 0.25 0.025095 1.38221395 1.381 8.446030489 4597.269885 2.722 -0.402 -0.982 -1.09 0.272 -0.521 -1.087
thin5 4 thin_disk 9.607455023 0.25 0.025095 1.382832766 1.382 9.00850336 4570.881896 2.666 -0.523 -1.111 -1.221 0.159 -0.645 -1.218
thin5 4 thin_disk 9.607455023 0.25 0.025095 1.383432269 1.382 9.590751642 4543.599049 2.612 -0.64 -1.236 -1.349 0.049 -0.766 -1.345
thin5 4 thin_disk 9.607455023 0.25 0.025095 1.383995175 1.383 10.2059314 4517.519127 2.558 -0.756 -1.36 -1.475 -0.059 -0.885 -1.472
thin5 4 thin_disk 9.607455023 0.25 0.025095 1.384517193 1.383 10.87808993 4490.554794 2.503 -0.874 -1.487 -1.604 -0.168 -1.006 -1.6
thin5 4 thin_disk 9.607455023 0.25 0.025095 1.385011911 1.384 11.60520041 4461.696246 2.447 -0.996 -1.615 -1.735 -0.281 -1.131 -1.732
thin5 4 thin_disk 9.607455023 0.25 0.025095 1.385460257 1.384 12.36097263 4434.044016 2.392 -1.114 -1.741 -1.864 -0.39 -1.252 -1.861
thin5 4 thin_disk 9.607455023 0.25 0.025095 1.385873795 1.385 13.17202799 4405.548635 2.337 -1.232 -1.867 -1.993 -0.5 -1.373 -1.99
thin5 4 thin_disk 9.607455023 0.25 0.025095 1.386255383 1.385 14.0363001 4377.236379 2.282 -1.35 -1.992 -2.122 -0.608 -1.494 -2.118
thin5 4 thin_disk 9.607455023 0.25 0.025095 1.386609912 1.385 14.95728073 4349.106072 2.227 -1.467 -2.118 -2.251 -0.716 -1.615 -2.247
thin5 4 thin_disk 9.607455023 0.25 0.025095 1.386936545 1.385 15.9460325 4320.161676 2.171 -1.585 -2.244 -2.38 -0.825 -1.736 -2.376
thin5 4 thin_disk 9.607455023 0.25 0.025095 1.38723278 1.386 17.00014575 4291.409912 2.116 -1.701 -2.367 -2.507 -0.931 -1.856 -2.504
thin5 4 thin_disk 9.607455023 0.25 0.025095 1.387506366 1.386 18.11142596 4261.868054 2.061 -1.817 -2.492 -2.635 -1.037 -1.975 -2.632
thin5 4 thin_disk 9.607455023 0.25 0.025095 1.387756228 1.386 19.28646551 4233.504249 2.007 -1.932 -2.615 -2.762 -1.142 -2.094 -2.758
thin5 4 thin_disk 9.607455023 0.25 0.025095 1.387988567 1.386 20.55666435 4203.393032 1.951 -2.046 -2.732 -2.886 -1.246 -2.209 -2.882
thin5 4 thin_disk 9.607455023 0.25 0.025095 1.388199925 1.386 21.90043014 4174.457078 1.897 -2.159 -2.847 -3.008 -1.347 -2.323 -3.004
thin5 4 thin_disk 9.607455023 0.25 0.025095 1.388397217 1.386 23.33203638 4145.720318 1.841 -2.273 -2.963 -3.132 -1.448 -2.437 -3.127
thin5 4 thin_disk 9.607455023 0.25 0.025095 1.388575077 1.386 24.81147853 4116.233473 1.788 -2.383 -3.077 -3.252 -1.547 -2.549 -3.247
thin5 4 thin_disk 9.607455023 0.25 0.025095 1.388741136 1.386 26.41512346 4086.956356 1.733 -2.494 -3.191 -3.374 -1.645 -2.662 -3.369
thin5 4 thin_disk 9.607455023 0.25 0.025095 1.388894677 1.386 28.13537091 4056.95322 1.679 -2.605 -3.305 -3.496 -1.743 -2.774 -3.49
thin5 4 thin_disk 9.607455023 0.25 0.025095 1.389033079 1.386 29.9193838 4028.09774 1.625 -2.713 -3.417 -3.615 -1.837 -2.884 -3.609
thin5 4 thin_disk 9.607455023 0.25 0.025095 1.389163375 1.386 31.83117314 3998.526697 1.571 -2.822 -3.53 -3.736 -1.932 -2.994 -3.73
thin5 4 thin_disk 9.607455023 0.25 0.025095 1.389283895 1.386 33.86512203 3969.17274 1.517 -2.931 -3.642 -3.856 -2.026 -3.105 -3.85
thin5 4 thin_disk 9.607455023 0.25 0.025095 1.38939333 1.386 36.00415684 3939.127154 1.464 -3.039 -3.757 -3.977 -2.12 -3.216 -3.971
thin5 4 thin_disk 9.607455023 0.25 0.025095 1.389496088 1.386 38.32239517 3909.309006 1.41 -3.149 -3.875 -4.101 -2.217 -3.33 -4.094
thin5 4 thin_disk 9.607455023 0.25 0.025095 1.389589429 1.386 40.69608623 3879.716573 1.358 -3.257 -3.99 -4.221 -2.31 -3.442 -4.215
thin5 4 thin_disk 9.607455023 0.25 0.025095 1.38967514 1.385 43.21680384 3850.348147 1.305 -3.364 -4.105 -4.341 -2.402 -3.552 -4.334
thin5 4 thin_disk 9.607455023 0.25 0.025095 1.389756203 1.385 45.91479449 3820.322269 1.252 -3.471 -4.22 -4.462 -2.494 -3.663 -4.455
thin5 4 thin_disk 9.607455023 0.25 0.025095 1.389830828 1.385 48.78121856 3790.530539 1.2 -3.578 -4.334 -4.582 -2.584 -3.773 -4.575
thin5 4 thin_disk 9.607455023 0.25 0.025095 1.389898658 1.385 51.70739335 3760.971133 1.149 -3.681 -4.445 -4.698 -2.669 -3.881 -4.691
thin5 4 thin_disk 9.607455023 0.25 0.025095 1.389963031 1.384 54.89750979 3730.783093 1.097 -3.786 -4.556 -4.816 -2.755 -3.989 -4.808
thin5 4 thin_disk 9.607455023 0.25 0.025095 1.390022993 1.384 58.21737842 3700.837363 1.046 -3.889 -4.667 -4.932 -2.838 -4.096 -4.925
thin5 4 thin_disk 9.607455023 0.25 0.025095 1.390078783 1.384 61.73801257 3671.131997 0.995 -3.993 -4.777 -5.048 -2.917 -4.202 -5.041
thin5 4 thin_disk 9.607455023 0.25 0.025095 1.390142679 1.383 66.3517902 3634.126161 0.932 -4.119 -4.912 -5.191 -3.014 -4.333 -5.183
thin5 4 thin_disk 9.607455023 0.25 0.025095 1.390201807 1.382 71.37607214 3595.837026 0.869 -4.247 -5.046 -5.333 -3.102 -4.463 -5.325
thin5 4 thin_disk 9.607455023 0.25 0.025095 1.39025569 1.382 76.56894176 3558.770648 0.807 -4.37 -5.178 -5.473 -3.187 -4.59 -5.464
thin5 4 thin_disk 9.607455023 0.25 0.025095 1.390305281 1.381 82.13961158 3522.086356 0.746 -4.492 -5.306 -5.61 -3.26 -4.715 -5.601
thin5 4 thin_disk 9.607455023 0.25 0.025095 1.39035213 1.38 88.15615602 3484.977672 0.685 -4.614 -5.435 -5.748 -3.331 -4.84 -5.739
thin5 4 thin_disk 9.607455023 0.25 0.025095 1.390394092 1.379 94.24376873 3449.054048 0.626 -4.731 -5.558 -5.88 -3.388 -4.959 -5.871
thin5 4 thin_disk 9.607455023 0.25 0.025095 1.390433312 1.378 100.9142844 3412.714832 0.567 -4.847 -5.68 -6.011 -3.436 -5.077 -6.002
thin5 4 thin_disk 9.607455023 0.25 0.025095 1.390470982 1.377 108.1067085 3375.981049 0.507 -4.965 -5.804 -6.145 -3.476 -5.197 -6.135
thin5 4 thin_disk 9.607455023 0.25 0.025095 1.390505195 1.376 115.4921975 3340.41173 0.449 -5.079 -5.923 -6.274 -3.496 -5.311 -6.264
thin5 4 thin_disk 9.607455023 0.25 0.025095 1.3905375 1.374 123.3822384 3305.217169 0.39 -5.193 -6.041 -6.403 -3.508 -5.425 -6.393
thin5 4 thin_disk 9.607455023 0.25 0.025095 1.390567541 1.373 131.9327591 3268.887692 0.333 -5.303 -6.158 -6.53 -3.494 -5.535 -6.519
thin5 4 thin_disk 9.607455023 0.25 0.025095 1.390596151 1.371 140.8486358 3233.702035 0.275 -5.413 -6.274 -6.657 -3.474 -5.645 -6.645
thin5 4 thin_disk 9.607455023 0.25 0.025095 1.390622854 1.369 150.263204 3198.158622 0.218 -5.52 -6.387 -6.779 -3.459 -5.75 -6.766
thin5 4 thin_disk 9.607455023 0.25 0.025095 1.390647769 1.367 160.1226042 3163.005885 0.162 -5.624 -6.498 -6.899 -3.436 -5.853 -6.884
thin5 4 thin_disk 9.607455023 0.25 0.025095 1.390675306 1.365 171.3375864 3125.359644 0.103 -5.731 -6.614 -7.025 -3.402 -5.959 -7.009
thin5 4 thin_disk 9.607455023 0.25 0.025095 1.390675306 1.365 11.25777708 4593.037593 2.467 -1.024 -1.602 -1.712 -3.402 -5.959 -7.009
thin5 4 thin_disk 9.607455023 0.25 0.025095 1.391041994 1.365 11.49350912 4582.473899 2.45 -1.061 -1.642 -1.753 -0.38 -1.18 -1.75
thin5 4 thin_disk 9.607455023 0.25 0.025095 1.391442299 1.365 11.55720042 4580.364078 2.445 -1.071 -1.653 -1.764 -0.39 -1.191 -1.761
thin5 4 thin_disk 9.607455023 0.25 0.025095 1.391842127 1.366 11.52796488 4583.529174 2.448 -1.068 -1.648 -1.76 -0.388 -1.187 -1.757
thin5 4 thin_disk 9.607455023 0.25 0.025095 1.392241597 1.366 11.48028434 4587.752705 2.451 -1.062 -1.642 -1.753 -0.383 -1.181 -1.75
thin5 4 thin_disk 9.607455023 0.25 0.025095 1.392613172 1.367 11.43806723 4590.922908 2.454 -1.057 -1.635 -1.746 -0.379 -1.175 -1.743
thin5 4 thin_disk 9.607455023 0.25 0.025095 1.393017054 1.367 11.39075851 4595.153252 2.458 -1.051 -1.629 -1.739 -0.374 -1.169 -1.736
thin5 4 thin_disk 9.607455023 0.25 0.025095 1.393406391 1.368 11.36194401 4598.328568 2.461 -1.046 -1.622 -1.733 -0.37 -1.164 -1.73
thin5 4 thin_disk 9.607455023 0.25 0.025095 1.393803596 1.368 11.31495015 4602.565736 2.464 -1.041 -1.616 -1.726 -0.366 -1.158 -1.723
thin5 4 thin_disk 9.607455023 0.25 0.025095 1.394194722 1.369 11.28632741 4605.746174 2.467 -1.037 -1.611 -1.72 -0.362 -1.153 -1.717
thin5 4 thin_disk 9.607455023 0.25 0.025095 1.394587278 1.369 11.24482355 4608.92881 2.469 -1.033 -1.606 -1.716 -0.36 -1.149 -1.713
thin5 4 thin_disk 9.607455023 0.25 0.025095 1.394956946 1.369 11.22154473 4611.051789 2.471 -1.03 -1.602 -1.712 -0.357 -1.146 -1.709
thin5 4 thin_disk 9.607455023 0.25 0.025095 1.395369053 1.37 11.20605229 4614.238091 2.473 -1.027 -1.599 -1.708 -0.355 -1.143 -1.705
thin5 4 thin_disk 9.607455023 0.25 0.025095 1.395740867 1.37 11.18285374 4616.363515 2.475 -1.025 -1.596 -1.705 -0.354 -1.14 -1.702
thin5 4 thin_disk 9.607455023 0.25 0.025095 1.396017671 1.371 11.17255869 4618.489919 2.476 -1.024 -1.594 -1.703 -0.353 -1.139 -1.7
thin5 4 thin_disk 9.607455023 0.25 0.025095 1.396062255 1.371 11.17255869 4618.489919 2.476 -1.024 -1.594 -1.703 -0.353 -1.139 -1.7
thin5 4 thin_disk 9.607455023 0.25 0.025095 1.396446943 1.371 11.14942948 4620.617302 2.477 -1.022 -1.592 -1.701 -0.352 -1.137 -1.698
thin5 4 thin_disk 9.607455023 0.25 0.025095 1.39682436 1.371 11.14429616 4621.681361 2.478 -1.021 -1.591 -1.699 -0.352 -1.136 -1.696
thin5 4 thin_disk 9.607455023 0.25 0.025095 1.397227883 1.372 11.13403661 4623.810214 2.479 -1.021 -1.591 -1.699 -0.353 -1.136 -1.696
thin5 4 thin_disk 9.607455023 0.25 0.025095 1.397598863 1.372 11.14173038 4624.875008 2.479 -1.022 -1.591 -1.699 -0.354 -1.137 -1.696
thin5 4 thin_disk 9.607455023 0.25 0.025095 1.39799583 1.373 11.14942948 4625.940048 2.479 -1.024 -1.592 -1.7 -0.355 -1.138 -1.697
thin5 4 thin_disk 9.607455023 0.25 0.025095 1.398392916 1.373 11.16227312 4625.940048 2.478 -1.026 -1.594 -1.703 -0.358 -1.141 -1.7
thin5 4 thin_disk 9.607455023 0.25 0.025095 1.39876914 1.374 11.17513157 4625.940048 2.477 -1.03 -1.598 -1.706 -0.361 -1.144 -1.703
thin5 4 thin_disk 9.607455023 0.25 0.025095 1.398846388 1.374 11.17513157 4625.940048 2.477 -1.03 -1.598 -1.707 -0.362 -1.145 -1.704
thin5 4 thin_disk 9.607455023 0.25 0.025095 1.398914933 1.374 11.17513157 4625.940048 2.476 -1.031 -1.599 -1.708 -0.363 -1.145 -1.705
thin5 4 thin_disk 9.607455023 0.25 0.025095 1.399304271 1.374 11.20605229 4624.875008 2.474 -1.036 -1.604 -1.713 -0.367 -1.15 -1.71
thin5 4 thin_disk 9.607455023 0.25 0.025095 1.399703383 1.375 11.25000317 4623.810214 2.471 -1.042 -1.611 -1.72 -0.374 -1.157 -1.717
thin5 4 thin_disk 9.607455023 0.25 0.025095 1.400086045 1.375 11.29932876 4621.681361 2.468 -1.05 -1.619 -1.728 -0.381 -1.165 -1.725
thin5 4 thin_disk 9.607455023 0.25 0.025095 1.400484919 1.376 11.36194401 4619.553488 2.463 -1.061 -1.631 -1.739 -0.39 -1.176 -1.736
thin5 4 thin_disk 9.607455023 0.25 0.025095 1.400874019 1.376 11.43543382 4615.300681 2.458 -1.073 -1.644 -1.753 -0.402 -1.188 -1.75
thin5 4 thin_disk 9.607455023 0.25 0.025095 1.401255727 1.376 11.52265728 4611.051789 2.451 -1.088 -1.66 -1.769 -0.415 -1.203 -1.766
thin5 4 thin_disk 9.607455023 0.25 0.025095 1.401642084 1.377 11.64267152 4605.746174 2.442 -1.106 -1.68 -1.79 -0.432 -1.222 -1.787
thin5 4 thin_disk 9.607455023 0.25 0.025095 1.40203023 1.377 11.78833977 4598.328568 2.431 -1.128 -1.704 -1.814 -0.452 -1.245 -1.811
thin5 4 thin_disk 9.607455023 0.25 0.025095 1.402424455 1.378 12.00750137 4587.752705 2.416 -1.16 -1.738 -1.85 -0.481 -1.278 -1.847
thin5 4 thin_disk 9.607455023 0.25 0.025095 1.402816653 1.378 12.38376337 4569.829533 2.389 -1.216 -1.798 -1.912 -0.53 -1.335 -1.909
thin5 4 thin_disk 9.607455023 0.25 0.025095 1.40319109 1.379 13.19327591 4533.149061 2.334 -1.329 -1.922 -2.039 -0.633 -1.453 -2.036
thin5 4 thin_disk 9.607455023 0.25 0.025095 1.403334022 1.379 13.9493074 4500.906591 2.286 -1.427 -2.029 -2.148 -0.721 -1.554 -2.145
thin5 4 thin_disk 9.607455023 0.25 0.025095 1.403416276 1.379 14.72490986 4469.922568 2.239 -1.524 -2.135 -2.257 -0.808 -1.655 -2.254
thin5 4 thin_disk 9.607455023 0.25 0.025095 1.403465033 1.379 15.56154256 4439.151838 2.191 -1.623 -2.241 -2.368 -0.897 -1.757 -2.364
thin5 4 thin_disk 9.607455023 0.25 0.025095 1.403491855 1.379 16.3927813 4410.623631 2.146 -1.714 -2.341 -2.471 -0.98 -1.852 -2.467
thin5 4 thin_disk 9.607455023 0.25 0.025095 1.403509259 1.379 17.36011688 4378.244391 2.095 -1.817 -2.453 -2.585 -1.072 -1.958 -2.582
thin5 4 thin_disk 9.607455023 0.25 0.025095 1.403521061 1.379 18.45664015 4345.102242 2.042 -1.924 -2.57 -2.706 -1.169 -2.07 -2.703
thin5 4 thin_disk 9.607455023 0.25 0.025095 1.403529048 1.379 19.59082138 4313.204007 1.991 -2.028 -2.682 -2.823 -1.262 -2.177 -2.819
thin5 4 thin_disk 9.607455023 0.25 0.025095 1.403531194 1.379 19.95504194 4303.283913 1.975 -2.061 -2.715 -2.858 -1.291 -2.21 -2.855
thin5 4 thin_disk 9.607455023 0.25 0.025095 1.403531671 1.379 20.04253473 4301.302634 1.971 -2.069 -2.724 -2.868 -1.299 -2.219 -2.864
thin5 4 thin_disk 9.607455023 0.25 0.025095 1.403538227 1.379 21.34286144 4267.760112 1.916 -2.18 -2.838 -2.989 -1.397 -2.33 -2.985
thin5 4 thin_disk 9.607455023 0.25 0.025095 1.403543949 1.379 22.51918376 4239.357093 1.87 -2.272 -2.934 -3.091 -1.479 -2.424 -3.087
thin5 4 thin_disk 9.607455023 0.25 0.025095 1.40354979 1.379 23.53166434 4216.965034 1.832 -2.35 -3.014 -3.176 -1.548 -2.503 -3.172
thin5 4 thin_disk 9.607455023 0.25 0.025095 1.40355587 1.379 24.0078155 4206.297637 1.814 -2.385 -3.051 -3.215 -1.579 -2.539 -3.211
thin5 4 thin_disk 9.607455023 0.25 0.025095 1.403572679 1.379 23.53166434 4216.965034 1.832 -2.349 -3.013 -3.175 -1.547 -2.502 -3.171
thin5 4 thin_disk 9.607455023 0.25 0.025095 1.403581858 1.379 22.89036115 4231.555097 1.855 -2.302 -2.965 -3.124 -1.506 -2.455 -3.119
thin5 4 thin_disk 9.607455023 0.25 0.025095 1.403603673 1.379 22.00151794 4252.06603 1.89 -2.233 -2.893 -3.047 -1.445 -2.384 -3.043
thin5 4 thin_disk 9.607455023 0.25 0.025095 1.403642654 1.379 21.20570155 4271.692675 1.922 -2.168 -2.827 -2.976 -1.387 -2.319 -2.972
thin5 4 thin_disk 9.607455023 0.25 0.025095 1.403855085 1.379 20.62778731 4286.472087 1.946 -2.12 -2.776 -2.923 -1.344 -2.27 -2.919
thin5 4 thin_disk 9.607455023 0.25 0.025095 1.40406239 1.38 21.34286144 4267.760112 1.916 -2.18 -2.839 -2.989 -1.397 -2.331 -2.986
thin5 4 thin_disk 9.607455023 0.25 0.025095 1.404233098 1.38 22.58149261 4238.381058 1.867 -2.279 -2.941 -3.098 -1.485 -2.431 -3.094
thin5 4 thin_disk 9.607455023 0.25 0.025095 1.404378056 1.38 24.0078155 4206.297637 1.814 -2.385 -3.051 -3.215 -1.579 -2.539 -3.211
thin5 4 thin_disk 9.607455023 0.25 0.025095 1.404497981 1.38 25.53598678 4173.495985 1.761 -2.492 -3.162 -3.334 -1.674 -2.647 -3.329
thin5 4 thin_disk 9.607455023 0.25 0.025095 1.404598117 1.38 27.14892544 4141.903726 1.707 -2.599 -3.273 -3.452 -1.767 -2.756 -3.447
thin5 4 thin_disk 9.607455023 0.25 0.025095 1.404684067 1.38 28.87703803 4109.604233 1.654 -2.706 -3.384 -3.571 -1.86 -2.865 -3.566
thin5 4 thin_disk 9.607455023 0.25 0.025095 1.40475893 1.38 30.75053279 4077.556618 1.6 -2.812 -3.495 -3.69 -1.953 -2.973 -3.684
thin5 4 thin_disk 9.607455023 0.25 0.025095 1.40482533 1.38 32.72296477 4044.827454 1.546 -2.92 -3.607 -3.81 -2.046 -3.083 -3.804
thin5 4 thin_disk 9.607455023 0.25 0.025095 1.404885769 1.381 34.8219145 4012.360996 1.491 -3.028 -3.722 -3.932 -2.139 -3.194 -3.926
thin5 4 thin_disk 9.607455023 0.25 0.025095 1.404941559 1.381 37.11527176 3979.238776 1.436 -3.14 -3.842 -4.059 -2.237 -3.31 -4.052
thin5 4 thin_disk 9.607455023 0.25 0.025095 1.404993296 1.381 39.60523959 3946.389982 1.38 -3.252 -3.964 -4.186 -2.335 -3.426 -4.179
thin5 4 thin_disk 9.607455023 0.25 0.025095 1.405042052 1.381 42.25252281 3912.010394 1.324 -3.366 -4.087 -4.315 -2.433 -3.545 -4.308
thin5 4 thin_disk 9.607455023 0.25 0.025095 1.405087352 1.381 45.12868147 3877.930309 1.267 -3.48 -4.21 -4.444 -2.531 -3.663 -4.438
thin5 4 thin_disk 9.607455023 0.25 0.025095 1.405129075 1.381 48.16733794 3843.262072 1.209 -3.595 -4.334 -4.575 -2.628 -3.783 -4.568
thin5 4 thin_disk 9.607455023 0.25 0.025095 1.405169845 1.381 51.57659233 3807.150104 1.151 -3.712 -4.46 -4.708 -2.727 -3.904 -4.701
thin5 4 thin_disk 9.607455023 0.25 0.025095 1.405210495 1.381 55.16360561 3771.37745 1.092 -3.831 -4.589 -4.843 -2.825 -4.028 -4.836
thin5 4 thin_disk 9.607455023 0.25 0.025095 1.405247331 1.381 59.02726282 3735.080789 1.033 -3.947 -4.714 -4.975 -2.919 -4.148 -4.967
thin5 4 thin_disk 9.607455023 0.25 0.025095 1.405274153 1.381 62.78452961 3701.68961 0.979 -4.055 -4.83 -5.097 -3.004 -4.26 -5.09
thin5 4 thin_disk 9.607455023 0.25 0.025095 1.405291438 1.381 66.2449299 3672.823005 0.933 -4.148 -4.929 -5.202 -3.074 -4.357 -5.195
thin5 4 thin_disk 9.607455023 0.25 0.025095 1.405305386 1.381 69.92824758 3643.342501 0.886 -4.242 -5.03 -5.309 -3.145 -4.454 -5.301
thin5 4 thin_disk 9.607455023 0.25 0.025095 1.405318141 1.381 74.2938124 3610.771451 0.834 -4.346 -5.141 -5.426 -3.218 -4.561 -5.418
thin5 4 thin_disk 9.607455023 0.25 0.025095 1.405329943 1.381 79.25974027 3575.197187 0.778 -4.458 -5.259 -5.553 -3.292 -4.676 -5.545
thin5 4 thin_disk 9.607455023 0.25 0.025095 1.405340314 1.381 84.46030489 3539.973411 0.722 -4.568 -5.377 -5.678 -3.363 -4.789 -5.67
thin5 4 thin_disk 9.607455023 0.25 0.025095 1.405350328 1.381 90.14728363 3504.289683 0.666 -4.679 -5.494 -5.804 -3.424 -4.903 -5.795
thin5 4 thin_disk 9.607455023 0.25 0.025095 1.405360937 1.381 96.66130293 3464.974158 0.605 -4.8 -5.623 -5.942 -3.488 -5.026 -5.933
thin5 4 thin_disk 9.607455023 0.25 0.025095 1.405373096 1.381 104.6532319 3421.369661 0.536 -4.933 -5.764 -6.094 -3.539 -5.163 -6.085
thin5 4 thin_disk 9.607455023 0.25 0.025095 1.405386686 1.381 113.5148409 3375.20379 0.466 -5.071 -5.909 -6.251 -3.581 -5.302 -6.242
thin5 4 thin_disk 9.607455023 0.25 0.025095 1.405400038 1.381 122.0822837 3334.264128 0.402 -5.196 -6.039 -6.393 -3.595 -5.427 -6.383
thin5 4 thin_disk 9.607455023 0.25 0.025095 1.405409336 1.381 127.3071058 3310.548845 0.365 -5.267 -6.113 -6.474 -3.601 -5.498 -6.464
thin5 4 thin_disk 9.607455023 0.25 0.025095 1.40541029 1.381 125.9657987 3316.652722 0.374 -5.249 -6.094 -6.454 -3.601 -5.481 -6.444
thin5 4 thin_disk 9.607455023 0.25 0.025095 1.405410409 1.381 124.6960352 3322.002845 0.383 -5.231 -6.076 -6.434 -3.599 -5.463 -6.424
thin5 4 thin_disk 9.607455023 0.25 0.025095 1.405410528 1.381 123.1835299 3328.894258 0.394 -5.21 -6.054 -6.41 -3.596 -5.442 -6.4
thin5 4 thin_disk 9.607455023 0.25 0.025095 1.405410647 1.381 121.9418122 3334.264128 0.403 -5.193 -6.036 -6.39 -3.593 -5.424 -6.38
thin5 4 thin_disk 9.607455023 0.25 0.025095 1.405410886 1.381 121.4933885 3336.568151 0.406 -5.186 -6.029 -6.383 -3.593 -5.418 -6.373
thin5 4 thin_disk 9.607455023 0.25 0.025095 1.405411124 1.381 121.9418122 3334.264128 0.403 -5.194 -6.036 -6.391 -3.594 -5.425 -6.381
thin5 4 thin_disk 9.607455023 0.25 0.025095 1.405411482 1.381 123.5812674 3327.361598 0.392 -5.214 -6.058 -6.414 -3.596 -5.446 -6.404
thin5 4 thin_disk 9.607455023 0.25 0.025095 1.405411839 1.381 125.0410595 3321.238013 0.382 -5.235 -6.079 -6.438 -3.599 -5.466 -6.428
thin5 4 thin_disk 9.607455023 0.25 0.025095 1.405412435 1.381 128.1895565 3306.739628 0.36 -5.277 -6.124 -6.486 -3.599 -5.509 -6.476
thin5 4 thin_disk 9.607455023 0.25 0.025095 1.405413151 1.381 132.3282731 3288.516309 0.332 -5.329 -6.179 -6.547 -3.589 -5.561 -6.536
thin5 4 thin_disk 9.607455023 0.25 0.025095 1.405414104 1.381 136.5377195 3271.14654 0.305 -5.381 -6.234 -6.607 -3.578 -5.612 -6.595
thin5 4 thin_disk 9.607455023 0.25 0.025095 1.405415297 1.381 140.7837875 3253.119373 0.279 -5.431 -6.287 -6.665 -3.564 -5.662 -6.654
thin5 4 thin_disk 9.607455023 0.25 0.025095 1.405416846 1.381 144.8613889 3236.681757 0.254 -5.478 -6.337 -6.721 -3.549 -5.709 -6.709
thin5 4 thin_disk 9.607455023 0.25 0.025095 1.405419111 1.381 154.5085955 3199.631767 0.197 -5.583 -6.449 -6.841 -3.525 -5.813 -6.828
thin5 4 thin_disk 9.607455023 0.25 0.025095 1.405420303 1.381 158.1439729 3186.397847 0.178 -5.619 -6.488 -6.883 -3.515 -5.848 -6.869
thin5 4 thin_disk 9.607455023 0.25 0.025095 1.405420423 1.381 158.3990764 3185.664237 0.177 -5.621 -6.49 -6.886 -3.514 -5.85 -6.872
thin5 4 thin_disk 9.607455023 0.25 0.025095 1.405420542 1.361 162.1633266 3144.850465 0.149 -5.633 -6.511 -6.916 -3.379 -5.861 -6.9
thin5 4 thin_disk 9.607455023 0.25 0.025095 1.405420661 1.361 104.508748 3361.24369 0.531 -4.878 -5.721 -6.065 -3.348 -5.11 -6.055
thin5 4 thin_disk 9.607455023 0.25 0.025095 1.40542078 1.361 88.66508706 3457.004939 0.674 -4.603 -5.431 -5.748 -3.275 -4.831 -5.739
thin5 4 thin_disk 9.607455023 0.25 0.025095 1.405421138 1.361 64.18782278 3652.582214 0.954 -4.062 -4.85 -5.126 -2.972 -4.274 -5.118
thin5 4 thin_disk 9.607455023 0.25 0.025095 1.405421495 1.36 66.7502113 3627.438015 0.92 -4.127 -4.921 -5.201 -3.015 -4.341 -5.193
thin5 4 thin_disk 9.607455023 0.25 0.025095 1.405422211 1.36 82.49975234 3496.23004 0.736 -4.479 -5.299 -5.608 -3.212 -4.705 -5.599
thin5 4 thin_disk 9.607455023 0.25 0.025095 1.405422926 1.359 109.4088983 3328.894258 0.491 -4.95 -5.798 -6.151 -3.334 -5.183 -6.14
thin5 4 thin_disk 9.607455023 0.25 0.025095 1.40542376 1.359 139.4288498 3190.803061 0.279 -5.35 -6.222 -6.612 -3.269 -5.58 -6.598
thin5 4 thin_disk 9.607455023 0.25 0.025095 1.405424833 1.358 164.1922464 3100.273442 0.138 -5.612 -6.503 -6.916 -3.199 -5.839 -6.898
thin5 4 thin_disk 9.607455023 0.25 0.025095 1.405426145 1.357 179.70189 3050.001128 0.058 -5.754 -6.657 -7.083 -3.193 -5.978 -7.06
thin5 4 thin_disk 9.607455023 0.25 0.025095 1.405427456 1.356 188.6916338 3021.34278 0.016 -5.827 -6.739 -7.171 -3.189 -6.051 -7.145
thin5 4 thin_disk 9.607455023 0.25 0.025095 1.405429006 1.355 195.3226666 3000.544002 -0.014 -5.877 -6.793 -7.228 -3.193 -6.097 -7.2
thin5 4 thin_disk 9.607455023 0.25 0.025095 1.405429006 1.355 137.5791573 3186.397847 0.29 -5.316 -6.19 -6.58 -3.193 -6.097 -7.2
thin5 4 thin_disk 9.607455023 0.25 0.025095 1.405429244 1.355 104.6050484 3340.41173 0.528 -4.862 -5.709 -6.058 -3.276 -5.095 -6.047
thin5 4 thin_disk 9.607455023 0.25 0.025095 1.405429602 1.355 75.53576724 3531.831698 0.811 -4.317 -5.132 -5.432 -3.1 -4.541 -5.423
thin5 4 thin_disk 9.607455023 0.25 0.025095 1.405430079 1.354 78.226274 3510.750772 0.78 -4.377 -5.196 -5.5 -3.129 -4.602 -5.491
thin5 4 thin_disk 9.607455023 0.25 0.025095 1.405430675 1.354 96.04010912 3389.221869 0.602 -4.719 -5.559 -5.893 -3.262 -4.951 -5.884
thin5 4 thin_disk 9.607455023 0.25 0.025095 1.40543139 1.353 126.3143364 3232.957534 0.364 -5.173 -6.039 -6.418 -3.237 -5.406 -6.405
thin5 4 thin_disk 9.607455023 0.25 0.025095 1.405432344 1.352 159.5705143 3105.274522 0.161 -5.554 -6.444 -6.856 -3.162 -5.781 -6.838
thin5 4 thin_disk 9.607455023 0.25 0.025095 1.405433416 1.351 185.8457547 3023.430571 0.027 -5.797 -6.708 -7.138 -3.166 -6.02 -7.113
thin5 4 thin_disk 9.607455023 0.25 0.025095 1.405434728 1.35 201.5360047 2981.261008 -0.043 -5.924 -6.843 -7.282 -3.198 -6.142 -7.251
thin5 4 thin_disk 9.607455023 0.25 0.025095 1.405436158 1.349 209.2438223 2961.419965 -0.076 -5.982 -6.906 -7.348 -3.212 -6.198 -7.315
thin5 4 thin_disk 9.607455023 0.25 0.025095 1.405437708 1.348 213.5760966 2949.850457 -0.095 -6.015 -6.941 -7.385 -3.22 -6.229 -7.351
thin5 4 thin_disk 9.607455023 0.25 0.025095 1.405437827 1.348 151.933186 3129.680472 0.202 -5.474 -6.359 -6.763 -3.176 -5.702 -6.746
thin5 4 thin_disk 9.607455023 0.25 0.025095 1.405437946 1.348 115.4656075 3281.708485 0.44 -5.024 -5.881 -6.246 -3.26 -5.257 -6.234
thin5 4 thin_disk 9.607455023 0.25 0.025095 1.405438423 1.347 83.2247779 3472.961749 0.724 -4.48 -5.306 -5.619 -3.179 -4.708 -5.61
thin5 4 thin_disk 9.607455023 0.25 0.025095 1.4054389 1.347 86.22886007 3451.437393 0.693 -4.539 -5.368 -5.686 -3.2 -4.768 -5.677
thin5 4 thin_disk 9.607455023 0.25 0.025095 1.405439615 1.346 105.6215764 3331.961695 0.517 -4.875 -5.724 -6.075 -3.268 -5.109 -6.065
thin5 4 thin_disk 9.607455023 0.25 0.025095 1.405440569 1.345 138.4371484 3178.337412 0.281 -5.321 -6.196 -6.588 -3.197 -5.551 -6.574
thin5 4 thin_disk 9.607455023 0.25 0.025095 1.405441642 1.344 174.56318 3052.108722 0.08 -5.691 -6.594 -7.017 -3.141 -5.915 -6.995
thin5 4 thin_disk 9.607455023 0.25 0.025095 1.405442953 1.343 202.7461635 2972.350362 -0.051 -5.928 -6.85 -7.289 -3.184 -6.145 -7.258
thin5 4 thin_disk 9.607455023 0.25 0.025095 1.405444384 1.342 219.4586205 2930.21846 -0.12 -6.05 -6.981 -7.427 -3.221 -6.261 -7.391
thin5 4 thin_disk 9.607455023 0.25 0.025095 1.405446053 1.34 227.4849369 2911.387413 -0.151 -6.104 -7.04 -7.489 -3.24 -6.313 -7.45
thin5 4 thin_disk 9.607455023 0.25 0.025095 1.40544796 1.338 231.9277126 2900.013369 -0.169 -6.134 -7.071 -7.523 -3.248 -6.341 -7.482
thin5 4 thin_disk 9.607455023 0.25 0.025095 1.405448079 1.338 166.7833316 3072.557365 0.117 -5.616 -6.515 -6.933 -3.123 -5.842 -6.913
thin5 4 thin_disk 9.607455023 0.25 0.025095 1.405448198 1.338 126.6638384 3224.779319 0.356 -5.173 -6.04 -6.421 -3.208 -5.406 -6.408
thin5 4 thin_disk 9.607455023 0.25 0.025095 1.405448556 1.338 91.23314472 3415.859507 0.641 -4.631 -5.466 -5.794 -3.224 -4.862 -5.784
thin5 4 thin_disk 9.607455023 0.25 0.025095 1.405449152 1.337 94.41753216 3394.689054 0.611 -4.688 -5.527 -5.86 -3.241 -4.92 -5.85
thin5 4 thin_disk 9.607455023 0.25 0.025095 1.405449867 1.336 115.4390236 3276.423257 0.437 -5.018 -5.876 -6.243 -3.235 -5.252 -6.231
thin5 4 thin_disk 9.607455023 0.25 0.025095 1.405450702 1.335 150.8525462 3124.640086 0.204 -5.453 -6.339 -6.744 -3.139 -5.681 -6.727
thin5 4 thin_disk 9.607455023 0.25 0.025095 1.405451775 1.334 189.5625948 3000.544002 0.005 -5.812 -6.728 -7.162 -3.133 -6.032 -7.134
thin5 4 thin_disk 9.607455023 0.25 0.025095 1.405453086 1.333 219.6608424 2922.133142 -0.124 -6.043 -6.975 -7.423 -3.2 -6.253 -7.385
thin5 4 thin_disk 9.607455023 0.25 0.025095 1.405454397 1.331 237.4940015 2880.71305 -0.191 -6.16 -7.102 -7.556 -3.242 -6.364 -7.513
thin5 4 thin_disk 9.607455023 0.25 0.025095 1.405456066 1.329 245.6137324 2862.200149 -0.222 -6.212 -7.156 -7.612 -3.269 -6.411 -7.565
thin5 4 thin_disk 9.607455023 0.25 0.025095 1.405457854 1.328 250.0072741 2851.674814 -0.238 -6.238 -7.184 -7.64 -3.283 -6.434 -7.592
thin5 4 thin_disk 9.607455023 0.25 0.025095 1.405457973 1.327 182.1598436 3017.171523 0.038 -5.745 -6.657 -7.088 -3.103 -5.967 -7.062
thin5 4 thin_disk 9.607455023 0.25 0.025095 1.405458212 1.327 138.3734104 3168.108159 0.276 -5.309 -6.187 -6.581 -3.15 -5.539 -6.565
thin5 4 thin_disk 9.607455023 0.25 0.025095 1.405458569 1.327 99.43806047 3359.696137 0.563 -4.769 -5.614 -5.956 -3.234 -5.002 -5.946
thin5 4 thin_disk 9.607455023 0.25 0.025095 1.405459166 1.326 102.908831 3338.873767 0.533 -4.825 -5.673 -6.022 -3.235 -5.059 -6.012
thin5 4 thin_disk 9.607455023 0.25 0.025095 1.40546 1.325 125.4447946 3221.810555 0.36 -5.149 -6.017 -6.398 -3.176 -5.382 -6.385
thin5 4 thin_disk 9.607455023 0.25 0.025095 1.405460954 1.323 163.362603 3072.557365 0.13 -5.571 -6.47 -6.888 -3.08 -5.797 -6.867
thin5 4 thin_disk 9.607455023 0.25 0.025095 1.405462146 1.321 204.669272 2949.850457 -0.066 -5.921 -6.848 -7.29 -3.134 -6.135 -7.256
thin5 4 thin_disk 9.607455023 0.25 0.025095 1.405463576 1.32 236.8932275 2872.764332 -0.193 -6.145 -7.088 -7.543 -3.219 -6.347 -7.498
thin5 4 thin_disk 9.607455023 0.25 0.025095 1.405465126 1.317 255.4186734 2832.6962 -0.259 -6.259 -7.208 -7.664 -3.283 -6.45 -7.613
thin5 4 thin_disk 9.607455023 0.25 0.025095 1.405466914 1.315 263.725816 2815.140015 -0.288 -6.308 -7.258 -7.715 -3.312 -6.493 -7.66
thin5 4 thin_disk 9.607455023 0.25 0.025095 1.405468941 1.312 268.1962152 2806.079687 -0.304 -6.331 -7.283 -7.74 -3.326 -6.514 -7.683
thin5 4 thin_disk 9.607455023 0.25 0.025095 1.40546906 1.312 198.0854812 2964.14879 -0.041 -5.866 -6.791 -7.23 -3.11 -6.082 -7.197
thin5 4 thin_disk 9.607455023 0.25 0.025095 1.405469298 1.311 150.367038 3115.300896 0.198 -5.437 -6.326 -6.734 -3.088 -5.665 -6.716
thin5 4 thin_disk 9.607455023 0.25 0.025095 1.405469656 1.31 107.8829081 3308.262789 0.487 -4.9 -5.753 -6.111 -3.226 -5.135 -6.1
thin5 4 thin_disk 9.607455023 0.25 0.025095 1.405470252 1.309 111.5713389 3287.00224 0.457 -4.955 -5.812 -6.175 -3.21 -5.189 -6.164
thin5 4 thin_disk 9.607455023 0.25 0.025095 1.405471086 1.307 135.6915005 3171.757679 0.287 -5.271 -6.148 -6.541 -3.125 -5.501 -6.526
thin5 4 thin_disk 9.607455023 0.25 0.025095 1.405472159 1.305 175.9756771 3024.126821 0.06 -5.679 -6.59 -7.018 -3.058 -5.902 -6.993
thin5 4 thin_disk 9.607455023 0.25 0.025095 1.405473351 1.303 219.6102695 2904.022654 -0.133 -6.018 -6.955 -7.403 -3.147 -6.225 -7.363
thin5 4 thin_disk 9.607455023 0.25 0.025095 1.405474782 1.3 253.1352607 2827.482984 -0.258 -6.235 -7.184 -7.64 -3.254 -6.424 -7.587
thin5 4 thin_disk 9.607455023 0.25 0.025095 1.405476451 1.296 272.3658445 2789.330656 -0.322 -6.343 -7.296 -7.755 -3.318 -6.52 -7.695
thin5 4 thin_disk 9.607455023 0.25 0.025095 1.405478358 1.292 280.6419859 2773.320105 -0.349 -6.386 -7.342 -7.804 -3.337 -6.56 -7.742
thin5 4 thin_disk 9.607455023 0.25 0.025095 1.405480385 1.288 284.3496152 2766.304607 -0.362 -6.404 -7.362 -7.827 -3.344 -6.578 -7.764
thin5 4 thin_disk 9.607455023 0.25 0.025095 1.405480504 1.288 213.4777638 2916.755329 -0.114 -5.973 -6.907 -7.354 -3.126 -6.182 -7.315
thin5 4 thin_disk 9.607455023 0.25 0.025095 1.405480742 1.287 162.1259914 3068.315401 0.125 -5.55 -6.449 -6.868 -3.047 -5.775 -6.847
thin5 4 thin_disk 9.607455023 0.25 0.025095 1.4054811 1.285 115.9451655 3263.623112 0.416 -5.017 -5.877 -6.247 -3.19 -5.25 -6.235
thin5 4 thin_disk 9.607455023 0.25 0.025095 1.405481696 1.282 119.9644714 3241.902878 0.385 -5.071 -5.935 -6.311 -3.166 -5.304 -6.299
thin5 4 thin_disk 9.607455023 0.25 0.025095 1.405482531 1.279 145.5970732 3126.079367 0.215 -5.378 -6.265 -6.669 -3.069 -5.606 -6.651
thin5 4 thin_disk 9.607455023 0.25 0.025095 1.405483484 1.275 188.301008 2977.83068 -0.009 -5.772 -6.694 -7.13 -3.049 -5.989 -7.099
thin5 4 thin_disk 9.607455023 0.25 0.025095 1.405484676 1.27 234.2354616 2857.590543 -0.2 -6.103 -7.048 -7.502 -3.159 -6.3 -7.455
thin5 4 thin_disk 9.607455023 0.25 0.025095 1.405485988 1.264 269.806647 2781.634089 -0.325 -6.312 -7.266 -7.725 -3.281 -6.487 -7.664
thin5 4 thin_disk 9.607455023 0.25 0.025095 1.405487537 1.257 289.5693857 2742.837004 -0.389 -6.409 -7.372 -7.842 -3.319 -6.577 -7.775
thin5 4 thin_disk 9.607455023 0.25 0.025095 1.405489326 1.25 298.0249644 2727.093323 -0.417 -6.443 -7.412 -7.888 -3.329 -6.608 -7.818
thin5 4 thin_disk 9.607455023 0.25 0.025095 1.405491352 1.241 301.8232178 2720.821182 -0.43 -6.454 -7.427 -7.907 -3.328 -6.619 -7.837
thin5 4 thin_disk 9.607455023 0.25 0.025095 1.405491471 1.24 230.4372293 2862.859271 -0.196 -6.073 -7.018 -7.472 -3.136 -6.272 -7.425
thin5 4 thin_disk 9.607455023 0.25 0.025095 1.40549171 1.238 175.0058817 3015.088054 0.042 -5.655 -6.569 -6.999 -3.011 -5.877 -6.973
thin5 4 thin_disk 9.607455023 0.25 0.025095 1.405492067 1.234 124.753473 3212.180934 0.334 -5.128 -5.997 -6.381 -3.122 -5.36 -6.368
thin5 4 thin_disk 9.607455023 0.25 0.025095 1.405492663 1.229 129.3161138 3187.865576 0.301 -5.182 -6.056 -6.446 -3.092 -5.413 -6.431
thin5 4 thin_disk 9.607455023 0.25 0.025095 1.405493498 1.221 157.0914849 3069.021988 0.13 -5.48 -6.38 -6.798 -2.982 -5.706 -6.777
thin5 4 thin_disk 9.607455023 0.25 0.025095 1.405494452 1.212 202.7928529 2919.442997 -0.095 -5.864 -6.797 -7.242 -3.025 -6.072 -7.203
thin5 4 thin_disk 9.607455023 0.25 0.025095 1.405495644 1.201 252.0302353 2796.404549 -0.288 -6.185 -7.137 -7.592 -3.177 -6.364 -7.534
thin5 4 thin_disk 9.607455023 0.25 0.025095 1.405496955 1.189 290.2369121 2717.690523 -0.415 -6.374 -7.343 -7.817 -3.256 -6.535 -7.745
thin5 4 thin_disk 9.607455023 0.25 0.025095 1.405498505 1.174 311.8549521 2676.701856 -0.483 -6.42 -7.418 -7.922 -3.229 -6.58 -7.844
thin5 4 thin_disk 9.607455023 0.25 0.025095 1.405500293 1.158 321.8493563 2657.66355 -0.516 -6.394 -7.425 -7.96 -3.144 -6.558 -7.878
thin5 4 thin_disk 9.607455023 0.25 0.025095 1.405502319 1.141 326.3267268 2648.500139 -0.535 -6.256 -7.36 -7.966 -2.905 -6.446 -7.88
thin5 4 thin_disk 9.607455023 0.25 0.025095 1.405502438 1.139 253.2518607 2781.634089 -0.315 -6.177 -7.13 -7.587 -3.15 -6.351 -7.526
thin5 4 thin_disk 9.607455023 0.25 0.025095 1.405502558 1.135 192.2439339 2933.593941 -0.077 -5.764 -6.695 -7.138 -2.95 -5.975 -7.101
thin5 4 thin_disk 9.607455023 0.25 0.025095 1.405503035 1.128 136.5691621 3132.564342 0.217 -5.245 -6.129 -6.533 -2.958 -5.473 -6.516
thin5 4 thin_disk 9.607455023 0.25 0.025095 1.405503631 1.118 141.6617638 3105.98962 0.181 -5.297 -6.188 -6.598 -2.913 -5.525 -6.58
thin5 4 thin_disk 9.607455023 0.25 0.025095 1.405504346 1.105 172.049195 2985.382619 0.008 -5.584 -6.504 -6.939 -2.879 -5.802 -6.908
thin5 4 thin_disk 9.607455023 0.25 0.025095 1.4055053 1.089 221.8976203 2834.653633 -0.22 -5.957 -6.905 -7.36 -2.988 -6.148 -7.308
thin5 4 thin_disk 9.607455023 0.25 0.025095 1.405506373 1.07 275.9641357 2709.567659 -0.417 -6.254 -7.223 -7.696 -3.13 -6.412 -7.623
thin5 4 thin_disk 9.607455023 0.25 0.025095 1.405507684 1.048 318.0186904 2627.846541 -0.549 -6.099 -7.239 -7.874 -2.692 -6.295 -7.784
thin5 4 thin_disk 9.607455023 0.25 0.025095 1.405509233 1.024 342.888283 2582.260191 -0.625 -6.106 -7.289 -7.963 -2.627 -6.315 -7.871
thin5 4 thin_disk 9.607455023 0.25 0.025095 1.405510902 0.997 354.9381202 2558.585887 -0.666 -6.111 -7.31 -8 -2.607 -6.329 -7.908
thin5 4 thin_disk 9.607455023 0.25 0.025095 1.40551281 0.968 361.1209172 2543.899793 -0.694 -6.105 -7.314 -8.016 -2.584 -6.329 -7.925
thin5 4 thin_disk 9.607455023 0.25 0.025095 1.405512929 0.966 284.4805932 2668.701502 -0.488 -6.207 -7.206 -7.711 -3.01 -6.364 -7.631
thin5 4 thin_disk 9.607455023 0.25 0.025095 1.405513048 0.96 215.1060596 2821.629583 -0.248 -5.874 -6.824 -7.279 -2.888 -6.061 -7.225
thin5 4 thin_disk 9.607455023 0.25 0.025095 1.405513406 0.95 151.7933147 3024.823232 0.05 -5.359 -6.27 -6.698 -2.736 -5.582 -6.674
thin5 4 thin_disk 9.607455023 0.25 0.025095 1.405514002 0.936 157.7802518 2997.781672 0.011 -5.409 -6.327 -6.76 -2.727 -5.629 -6.732
thin5 4 thin_disk 9.607455023 0.25 0.025095 1.405514717 0.918 191.5810922 2876.735946 -0.166 -5.689 -6.631 -7.084 -2.773 -5.891 -7.039
thin5 4 thin_disk 9.607455023 0.25 0.025095 1.405515671 0.896 247.2023784 2724.582733 -0.399 -6.041 -7.006 -7.477 -2.934 -6.203 -7.406
thin5 4 thin_disk 9.607455023 0.25 0.025095 1.405516624 0.87 307.7886812 2598.364057 -0.601 -5.968 -7.118 -7.761 -2.535 -6.164 -7.669
thin5 4 thin_disk 9.607455023 0.25 0.025095 1.405517936 0.841 355.1833874 2515.359129 -0.741 -6.019 -7.23 -7.937 -2.489 -6.245 -7.847
thin5 4 thin_disk 9.607455023 0.25 0.025095 1.405519366 0.808 383.4004735 2468.880105 -0.824 -6.014 -7.27 -8.023 -2.418 -6.261 -7.933
thin5 4 thin_disk 9.607455023 0.25 0.025095 1.405521035 0.773 397.331178 2443.430553 -0.874 -5.985 -7.273 -8.057 -2.347 -6.246 -7.967
thin5 4 thin_disk 9.607455023 0.25 0.025095 1.405522823 0.736 404.624937 2428.286917 -0.913 -5.918 -7.244 -8.062 -2.227 -6.194 -7.972
thin5 4 thin_disk 9.607455023 0.25 0.025095 1.405530334 0.564 3.335436253e-06 10000 1.639 30.008 30.033 30.044 29.973 30.023 30.043
