# component component_index family logAge MH Zini Mini Mass radius_rsun Teff_K logg Vmag Imag Jmag_2mass Hmag_2mass Ksmag_2mass
bar 8 bar 9.903089987 0.25 0.025095 0.0955969095 0.095 0.1329084658 2303.032146 5.168 17.881 13.642 10.988 10.399 10.103
bar 8 bar 9.903089987 0.25 0.025095 0.1055120975 0.105 0.1439635823 2399.937877 5.141 17.518 13.291 10.638 10.051 9.753
bar 8 bar 9.903089987 0.25 0.025095 0.1253425032 0.125 0.1646465538 2551.526011 5.099 16.94 12.732 10.08 9.495 9.194
bar 8 bar 9.903089987 0.25 0.025095 0.145172894 0.145 0.1837183959 2663.790097 5.068 16.222 12.187 9.674 9.091 8.791
bar 8 bar 9.903089987 0.25 0.025095 0.1650032997 0.165 0.2014432154 2747.894153 5.043 15.451 11.666 9.367 8.787 8.492
bar 8 bar 9.903089987 0.25 0.025095 0.2046640813 0.204 0.2357505121 2874.749453 5.001 14.349 10.902 8.876 8.296 8.012
bar 8 bar 9.903089987 0.25 0.025095 0.2542400956 0.254 0.2770464852 2980.574626 4.955 13.448 10.247 8.401 7.82 7.547
bar 8 bar 9.903089987 0.25 0.025095 0.309602648 0.309 0.3229629065 3072.557365 4.908 12.678 9.679 7.97 7.384 7.122
bar 8 bar 9.903089987 0.25 0.025095 0.3371850848 0.337 0.3466192234 3110.99992 4.883 12.358 9.434 7.773 7.185 6.928
bar 8 bar 9.903089987 0.25 0.025095 0.3533920944 0.353 0.3608715499 3132.564342 4.869 12.187 9.3 7.663 7.073 6.818
bar 8 bar 9.903089987 0.25 0.025095 0.4029681087 0.403 0.4027658543 3215.881224 4.831 11.638 8.886 7.339 6.738 6.493
bar 8 bar 9.903089987 0.25 0.025095 0.4525440931 0.452 0.4483866202 3311.311215 4.787 11.069 8.465 7.01 6.396 6.16
bar 8 bar 9.903089987 0.25 0.025095 0.502120018 0.502 0.4984856318 3419.794425 4.741 10.513 8.041 6.675 6.043 5.815
bar 8 bar 9.903089987 0.25 0.025095 0.5321161151 0.532 0.5329084969 3503.482883 4.708 10.131 7.757 6.452 5.809 5.587
bar 8 bar 9.903089987 0.25 0.025095 0.5516960621 0.551 0.5552040748 3557.132151 4.688 9.892 7.58 6.314 5.663 5.445
bar 8 bar 9.903089987 0.25 0.025095 0.5816595554 0.581 0.5848609762 3671.131997 4.666 9.456 7.29 6.105 5.44 5.232
bar 8 bar 9.903089987 0.25 0.025095 0.601271987 0.601 0.6037437457 3744.553156 4.653 9.188 7.113 5.974 5.3 5.101
bar 8 bar 9.903089987 0.25 0.025095 0.622594595 0.622 0.620515515 3852.121706 4.643 8.859 6.904 5.824 5.141 4.956
bar 8 bar 9.903089987 0.25 0.025095 0.650848031 0.651 0.6435060656 3993.006342 4.632 8.454 6.644 5.629 4.943 4.778
bar 8 bar 9.903089987 0.25 0.025095 0.7004240751 0.7 0.6792859701 4273.660315 4.617 7.75 6.202 5.292 4.625 4.498
bar 8 bar 9.903089987 0.25 0.025095 0.7135679126 0.714 0.6863610735 4363.148556 4.616 7.552 6.083 5.204 4.552 4.435
bar 8 bar 9.903089987 0.25 0.025095 0.75 0.75 0.7065658528 4613.175746 4.612 7.034 5.76 4.969 4.387 4.288
bar 8 bar 9.903089987 0.25 0.025095 0.7582442164 0.758 0.7155708571 4650.503762 4.606 6.944 5.696 4.918 4.348 4.25
bar 8 bar 9.903089987 0.25 0.025095 0.7943123579 0.794 0.7537939455 4816.149948 4.58 6.566 5.421 4.699 4.179 4.09
bar 8 bar 9.903089987 0.25 0.025095 0.8000000119 0.8 0.760243376 4842.838652 4.576 6.509 5.379 4.665 4.152 4.064
bar 8 bar 9.903089987 0.25 0.025095 0.8038728833 0.804 0.7642802638 4860.713235 4.573 6.47 5.35 4.641 4.134 4.046
bar 8 bar 9.903089987 0.25 0.025095 0.8298627734 0.829 0.795522825 4983.10456 4.553 6.211 5.156 4.484 4.009 3.928
bar 8 bar 9.903089987 0.25 0.025095 0.8500000238 0.849 0.819884441 5078.085397 4.537 6.018 5.008 4.363 3.914 3.835
bar 8 bar 9.903089987 0.25 0.025095 0.8686875105 0.868 0.8459654859 5162.974737 4.519 5.843 4.871 4.25 3.821 3.746
bar 8 bar 9.903089987 0.25 0.025095 0.8906043172 0.89 0.8783197427 5260.172664 4.497 5.643 4.711 4.116 3.71 3.638
bar 8 bar 9.903089987 0.25 0.025095 0.8999999762 0.899 0.8930024386 5301.515067 4.487 5.559 4.643 4.059 3.662 3.592
bar 8 bar 9.903089987 0.25 0.025095 0.9041324854 0.903 0.9006429314 5318.632708 4.482 5.522 4.613 4.033 3.64 3.571
bar 8 bar 9.903089987 0.25 0.025095 0.9180688262 0.917 0.9239588823 5376.504331 4.466 5.399 4.511 3.947 3.565 3.498
bar 8 bar 9.903089987 0.25 0.025095 0.9307978153 0.93 0.9487518699 5426.252513 4.45 5.288 4.419 3.867 3.496 3.431
bar 8 bar 9.903089987 0.25 0.025095 0.943500638 0.943 0.9730891829 5476.46101 4.433 5.178 4.327 3.787 3.425 3.363
bar 8 bar 9.903089987 0.25 0.025095 0.9500000477 0.949 0.9870806646 5500.472529 4.424 5.122 4.28 3.745 3.389 3.327
bar 8 bar 9.903089987 0.25 0.025095 0.9550817013 0.954 0.9978210116 5518.232568 4.416 5.079 4.243 3.713 3.359 3.298
bar 8 bar 9.903089987 0.25 0.025095 0.9662520885 0.966 1.024595974 5556.483128 4.399 4.983 4.162 3.64 3.294 3.235
bar 8 bar 9.903089987 0.25 0.025095 0.9768787622 0.976 1.049911384 5591.135276 4.382 4.893 4.084 3.57 3.23 3.172
bar 8 bar 9.903089987 0.25 0.025095 0.9871285558 0.987 1.077339653 5622.118562 4.365 4.807 4.009 3.502 3.168 3.111
bar 8 bar 9.903089987 0.25 0.025095 0.9969713092 0.997 1.104466747 5649.369748 4.348 4.727 3.938 3.437 3.108 3.052
bar 8 bar 9.903089987 0.25 0.025095 1 1 1.112891037 5657.180035 4.342 4.702 3.917 3.417 3.089 3.034
bar 8 bar 9.903089987 0.25 0.025095 1.000273466 1 1.113660061 5658.482799 4.342 4.7 3.915 3.415 3.087 3.032
bar 8 bar 9.903089987 0.25 0.025095 1.01032424 1.01 1.144333587 5679.367868 4.323 4.621 3.843 3.348 3.024 2.97
bar 8 bar 9.903089987 0.25 0.025095 1.026382804 1.026 1.198816315 5710.840095 4.288 4.487 3.72 3.232 2.914 2.861
bar 8 bar 9.903089987 0.25 0.025095 1.039072871 1.038 1.247247508 5735.879248 4.259 4.377 3.619 3.135 2.821 2.769
bar 8 bar 9.903089987 0.25 0.025095 1.048069 1.047 1.288702422 5747.778188 4.235 4.296 3.543 3.062 2.75 2.699
bar 8 bar 9.903089987 0.25 0.025095 1.049999952 1.049 1.296440665 5750.425748 4.23 4.279 3.527 3.046 2.735 2.684
bar 8 bar 9.903089987 0.25 0.025095 1.050046563 1.049 1.296440665 5750.425748 4.23 4.279 3.526 3.046 2.735 2.683
bar 8 bar 9.903089987 0.25 0.025095 1.061060548 1.06 1.353170885 5759.701813 4.198 4.177 3.428 2.949 2.64 2.589
bar 8 bar 9.903089987 0.25 0.025095 1.069624901 1.068 1.403953245 5759.701813 4.169 4.097 3.349 2.87 2.56 2.509
bar 8 bar 9.903089987 0.25 0.025095 1.078364491 1.077 1.462354429 5751.749985 4.137 4.015 3.265 2.784 2.474 2.422
bar 8 bar 9.903089987 0.25 0.025095 1.08140552 1.08 1.484747644 5747.778188 4.125 3.987 3.235 2.754 2.442 2.391
bar 8 bar 9.903089987 0.25 0.025095 1.089146733 1.088 1.549717884 5724.004941 4.091 3.916 3.157 2.669 2.354 2.301
bar 8 bar 9.903089987 0.25 0.025095 1.097155571 1.095 1.63061955 5680.675741 4.05 3.847 3.075 2.578 2.254 2.2
bar 8 bar 9.903089987 0.25 0.025095 1.100000024 1.098 1.664763881 5654.575407 4.033 3.828 3.047 2.544 2.216 2.161
bar 8 bar 9.903089987 0.25 0.025095 1.105896115 1.104 1.744426377 5584.701947 3.995 3.795 2.991 2.473 2.131 2.073
bar 8 bar 9.903089987 0.25 0.025095 1.111754537 1.11 1.843540339 5463.865499 3.949 3.799 2.956 2.409 2.042 1.98
bar 8 bar 9.903089987 0.25 0.025095 1.114920735 1.113 1.913165959 5348.105921 3.918 3.844 2.961 2.384 1.994 1.927
bar 8 bar 9.903089987 0.25 0.025095 1.116972804 1.115 1.9735705 5244.450613 3.892 3.895 2.975 2.371 1.958 1.886
bar 8 bar 9.903089987 0.25 0.025095 1.118503571 1.117 2.030732152 5158.221651 3.868 3.936 2.984 2.356 1.922 1.847
bar 8 bar 9.903089987 0.25 0.025095 1.120320559 1.119 2.122035499 5054.753714 3.83 3.967 2.974 2.316 1.857 1.778
bar 8 bar 9.903089987 0.25 0.025095 1.122123003 1.12 2.252436959 4971.643737 3.779 3.946 2.919 2.235 1.756 1.672
bar 8 bar 9.903089987 0.25 0.025095 1.123359919 1.122 2.360220862 4927.197832 3.739 3.903 2.856 2.159 1.668 1.583
bar 8 bar 9.903089987 0.25 0.025095 1.124075174 1.122 2.435861801 4909.078762 3.713 3.86 2.806 2.103 1.607 1.521
bar 8 bar 9.903089987 0.25 0.025095 1.12561655 1.124 2.607670085 4877.53057 3.653 3.753 2.686 1.973 1.468 1.38
bar 8 bar 9.903089987 0.25 0.025095 1.12711966 1.125 2.805127752 4854.002548 3.591 3.628 2.551 1.83 1.318 1.229
bar 8 bar 9.903089987 0.25 0.025095 1.128462553 1.127 3.007133057 4836.152643 3.53 3.5 2.417 1.689 1.173 1.083
bar 8 bar 9.903089987 0.25 0.025095 1.129449129 1.128 3.180919254 4822.808304 3.482 3.396 2.309 1.576 1.056 0.966
bar 8 bar 9.903089987 0.25 0.025095 1.130604386 1.129 3.412342733 4806.179647 3.422 3.266 2.171 1.434 0.91 0.818
bar 8 bar 9.903089987 0.25 0.025095 1.131435633 1.13 3.605393279 4792.918012 3.374 3.164 2.064 1.322 0.794 0.702
bar 8 bar 9.903089987 0.25 0.025095 1.132159829 1.13 3.798854368 4780.793661 3.329 3.069 1.963 1.216 0.685 0.592
bar 8 bar 9.903089987 0.25 0.025095 1.132838845 1.131 4.006384665 4766.504419 3.284 2.974 1.862 1.11 0.576 0.481
bar 8 bar 9.903089987 0.25 0.025095 1.133466482 1.131 4.227198529 4751.163764 3.237 2.88 1.761 1.003 0.465 0.369
bar 8 bar 9.903089987 0.25 0.025095 1.134232163 1.132 4.535786926 4731.51259 3.176 2.754 1.626 0.861 0.317 0.22
bar 8 bar 9.903089987 0.25 0.025095 1.134873271 1.133 4.852355875 4710.857854 3.118 2.64 1.502 0.729 0.179 0.081
bar 8 bar 9.903089987 0.25 0.025095 1.135348558 1.133 5.126874008 4692.453741 3.07 2.546 1.4 0.621 0.066 -0.033
bar 8 bar 9.903089987 0.25 0.025095 1.135898829 1.134 5.489750979 4669.818486 3.01 2.43 1.273 0.485 -0.076 -0.177
bar 8 bar 9.903089987 0.25 0.025095 1.136377573 1.134 5.874252966 4646.222461 2.952 2.32 1.151 0.355 -0.213 -0.316
bar 8 bar 9.903089987 0.25 0.025095 1.136832833 1.135 6.303077468 4621.681361 2.892 2.206 1.025 0.22 -0.355 -0.46
bar 8 bar 9.903089987 0.25 0.025095 1.137231588 1.135 6.739887459 4597.269885 2.832 2.097 0.903 0.089 -0.493 -0.6
bar 8 bar 9.903089987 0.25 0.025095 1.137583613 1.135 7.20199217 4571.934502 2.775 1.993 0.785 -0.038 -0.627 -0.736
bar 8 bar 9.903089987 0.25 0.025095 1.137921572 1.135 7.717073646 4545.691936 2.715 1.887 0.664 -0.169 -0.766 -0.878
bar 8 bar 9.903089987 0.25 0.025095 1.138224006 1.136 8.249975234 4519.6 2.658 1.785 0.549 -0.295 -0.9 -1.013
bar 8 bar 9.903089987 0.25 0.025095 1.138516664 1.136 8.799391585 4493.657831 2.601 1.687 0.436 -0.417 -1.03 -1.146
bar 8 bar 9.903089987 0.25 0.025095 1.138907313 1.136 9.370281646 4468.893449 2.547 1.592 0.327 -0.536 -1.156 -1.274
bar 8 bar 9.903089987 0.25 0.025095 1.138961077 1.136 9.448277601 4465.807513 2.541 1.58 0.314 -0.55 -1.171 -1.289
bar 8 bar 9.903089987 0.25 0.025095 1.139245868 1.136 8.84815343 4496.763012 2.597 1.669 0.42 -0.432 -1.044 -1.159
bar 8 bar 9.903089987 0.25 0.025095 1.139371037 1.136 8.473301206 4516.479049 2.635 1.731 0.493 -0.351 -0.956 -1.07
bar 8 bar 9.903089987 0.25 0.025095 1.139459372 1.136 8.700668955 4506.091436 2.612 1.691 0.448 -0.401 -1.009 -1.124
bar 8 bar 9.903089987 0.25 0.025095 1.139703035 1.137 9.325081686 4477.133042 2.551 1.588 0.328 -0.532 -1.149 -1.267
bar 8 bar 9.903089987 0.25 0.025095 1.139940619 1.137 10.00581905 4448.360749 2.491 1.486 0.209 -0.662 -1.288 -1.408
bar 8 bar 9.903089987 0.25 0.025095 1.140159368 1.137 10.71649202 4418.755788 2.431 1.388 0.091 -0.792 -1.425 -1.549
bar 8 bar 9.903089987 0.25 0.025095 1.140355229 1.137 11.45388042 4391.36969 2.373 1.294 -0.023 -0.917 -1.558 -1.685
bar 8 bar 9.903089987 0.25 0.025095 1.140539527 1.137 12.27305399 4361.139714 2.313 1.199 -0.139 -1.045 -1.694 -1.824
bar 8 bar 9.903089987 0.25 0.025095 1.140704513 1.137 13.12963475 4332.115231 2.255 1.108 -0.252 -1.17 -1.826 -1.96
bar 8 bar 9.903089987 0.25 0.025095 1.140856385 1.137 14.02983763 4303.283913 2.196 1.018 -0.364 -1.294 -1.959 -2.097
bar 8 bar 9.903089987 0.25 0.025095 1.140993476 1.137 14.99866637 4273.660315 2.139 0.931 -0.474 -1.416 -2.089 -2.23
bar 8 bar 9.903089987 0.25 0.025095 1.141119957 1.137 16.03439747 4244.240644 2.081 0.846 -0.583 -1.538 -2.22 -2.364
bar 8 bar 9.903089987 0.25 0.025095 1.141236186 1.137 17.14954669 4214.053064 2.023 0.762 -0.693 -1.661 -2.351 -2.499
bar 8 bar 9.903089987 0.25 0.025095 1.14133954 1.137 18.29163998 4185.043727 1.966 0.678 -0.798 -1.779 -2.473 -2.628
bar 8 bar 9.903089987 0.25 0.025095 1.141435265 1.136 19.54126368 4155.27719 1.909 0.594 -0.902 -1.897 -2.594 -2.756
bar 8 bar 9.903089987 0.25 0.025095 1.141521812 1.136 20.85223664 4125.722371 1.852 0.515 -1.003 -2.014 -2.713 -2.882
bar 8 bar 9.903089987 0.25 0.025095 1.141602159 1.136 22.2614088 4095.434646 1.795 0.434 -1.105 -2.131 -2.833 -3.01
bar 8 bar 9.903089987 0.25 0.025095 1.141674876 1.136 23.76581132 4065.36927 1.739 0.358 -1.203 -2.246 -2.951 -3.136
bar 8 bar 9.903089987 0.25 0.025095 1.141741037 1.136 25.31352607 4035.524609 1.684 0.287 -1.299 -2.358 -3.067 -3.259
bar 8 bar 9.903089987 0.25 0.025095 1.141801953 1.135 26.99309262 4005.899043 1.628 0.216 -1.394 -2.471 -3.182 -3.383
bar 8 bar 9.903089987 0.25 0.025095 1.141858697 1.135 28.79735796 3975.575449 1.572 0.146 -1.489 -2.584 -3.299 -3.508
bar 8 bar 9.903089987 0.25 0.025095 1.141909361 1.135 30.63745207 3946.389982 1.518 0.087 -1.579 -2.693 -3.412 -3.629
bar 8 bar 9.903089987 0.25 0.025095 1.141956329 1.134 32.61013861 3916.516856 1.463 0.032 -1.671 -2.804 -3.53 -3.753
bar 8 bar 9.903089987 0.25 0.025095 1.142000318 1.134 34.7258308 3885.97498 1.408 -0.019 -1.764 -2.917 -3.65 -3.879
bar 8 bar 9.903089987 0.25 0.025095 1.142038822 1.133 36.85977203 3857.447287 1.356 -0.055 -1.85 -3.023 -3.764 -3.998
bar 8 bar 9.903089987 0.25 0.025095 1.142075539 1.133 39.20600986 3827.366048 1.303 -0.092 -1.938 -3.132 -3.88 -4.12
bar 8 bar 9.903089987 0.25 0.025095 1.142110228 1.132 41.72080167 3796.645079 1.248 -0.127 -2.027 -3.243 -3.999 -4.244
bar 8 bar 9.903089987 0.25 0.025095 1.142140508 1.132 44.25401155 3767.905482 1.197 -0.141 -2.107 -3.347 -4.111 -4.362
bar 8 bar 9.903089987 0.25 0.025095 1.142168641 1.131 46.93022591 3737.661783 1.146 -0.155 -2.185 -3.451 -4.222 -4.478
bar 8 bar 9.903089987 0.25 0.025095 1.142195463 1.13 49.88300924 3707.66084 1.093 -0.164 -2.264 -3.557 -4.335 -4.597
bar 8 bar 9.903089987 0.25 0.025095 1.14222002 1.129 52.89963127 3677.900704 1.041 -0.154 -2.336 -3.661 -4.446 -4.714
bar 8 bar 9.903089987 0.25 0.025095 1.142247796 1.128 56.85290293 3640.826638 0.978 -0.138 -2.422 -3.788 -4.581 -4.857
bar 8 bar 9.903089987 0.25 0.025095 1.142273188 1.127 61.03130338 3604.126286 0.916 -0.096 -2.497 -3.913 -4.713 -4.997
bar 8 bar 9.903089987 0.25 0.025095 1.142296553 1.126 65.47155334 3566.974462 0.854 -0.043 -2.568 -4.036 -4.844 -5.136
bar 8 bar 9.903089987 0.25 0.025095 1.142317891 1.125 70.20251078 3531.018557 0.794 0.024 -2.628 -4.157 -4.971 -5.272
bar 8 bar 9.903089987 0.25 0.025095 1.142337561 1.123 75.22334557 3494.620337 0.733 0.111 -2.679 -4.277 -5.098 -5.407
bar 8 bar 9.903089987 0.25 0.025095 1.142355561 1.122 80.47345451 3459.393778 0.674 0.207 -2.722 -4.394 -5.222 -5.539
bar 8 bar 9.903089987 0.25 0.025095 1.142372489 1.12 86.16931585 3422.945623 0.614 0.326 -2.748 -4.512 -5.345 -5.671
bar 8 bar 9.903089987 0.25 0.025095 1.142387867 1.118 91.86554267 3388.441561 0.557 0.447 -2.771 -4.624 -5.462 -5.799
bar 8 bar 9.903089987 0.25 0.025095 1.14240241 1.116 98.20930662 3353.513045 0.499 0.606 -2.76 -4.737 -5.58 -5.927
bar 8 bar 9.903089987 0.25 0.025095 1.142415762 1.114 104.7014376 3319.708879 0.442 0.768 -2.748 -4.847 -5.695 -6.051
bar 8 bar 9.903089987 0.25 0.025095 1.142428041 1.111 111.5456516 3285.488868 0.387 0.969 -2.705 -4.953 -5.807 -6.173
bar 8 bar 9.903089987 0.25 0.025095 1.142439485 1.109 118.7005264 3251.621601 0.331 1.194 -2.646 -5.057 -5.917 -6.293
bar 8 bar 9.903089987 0.25 0.025095 1.142450333 1.106 126.3725197 3217.362533 0.276 1.396 -2.589 -5.161 -6.026 -6.412
bar 8 bar 9.903089987 0.25 0.025095 1.142460227 1.103 134.1691427 3184.197522 0.222 1.562 -2.541 -5.26 -6.131 -6.525
bar 8 bar 9.903089987 0.25 0.025095 1.142469644 1.099 142.512397 3150.648833 0.168 1.731 -2.483 -5.358 -6.236 -6.638
bar 8 bar 9.903089987 0.25 0.025095 1.142478228 1.096 151.1306829 3118.171516 0.116 1.881 -2.416 -5.451 -6.337 -6.748
bar 8 bar 9.903089987 0.25 0.025095 1.142486453 1.092 160.1963604 3086.739646 0.064 2.019 -2.354 -5.543 -6.436 -6.857
bar 8 bar 9.903089987 0.25 0.025095 1.142494321 1.087 169.4933427 3054.921113 0.013 2.055 -2.338 -5.632 -6.534 -6.962
bar 8 bar 9.903089987 0.25 0.025095 1.14250195 1.082 179.1647817 3024.823232 -0.037 2.091 -2.322 -5.719 -6.628 -7.063
bar 8 bar 9.903089987 0.25 0.025095 1.142507315 1.079 186.1026875 3004.000496 -0.071 2.104 -2.323 -5.778 -6.69 -7.129
bar 8 bar 9.903089987 0.25 0.025095 1.142507315 1.079 186.1026875 3004.000496 -0.071 1.097 -0.127 -5.778 -6.69 -7.129
bar 8 bar 9.903089987 0.25 0.025095 1.142641902 1.078 11.37765196 4521.681832 2.356 1.076 -0.153 -0.999 -1.597 -1.714
bar 8 bar 9.903089987 0.25 0.025095 1.14277184 1.079 11.41701692 4521.681832 2.353 1.07 -0.159 -1.006 -1.603 -1.721
bar 8 bar 9.903089987 0.25 0.025095 1.142902255 1.079 11.37503247 4524.806379 2.356 1.071 -0.155 -1.001 -1.597 -1.714
bar 8 bar 9.903089987 0.25 0.025095 1.143032551 1.079 11.30974062 4530.018754 2.361 1.075 -0.149 -0.992 -1.587 -1.704
bar 8 bar 9.903089987 0.25 0.025095 1.143164873 1.079 11.24482355 4535.237135 2.366 1.079 -0.141 -0.983 -1.576 -1.693
bar 8 bar 9.903089987 0.25 0.025095 1.143296957 1.079 11.18027909 4540.461526 2.371 1.083 -0.134 -0.974 -1.566 -1.682
bar 8 bar 9.903089987 0.25 0.025095 1.143429041 1.079 11.12122545 4544.645372 2.376 1.087 -0.128 -0.965 -1.556 -1.671
bar 8 bar 9.903089987 0.25 0.025095 1.14355886 1.079 11.05739044 4549.880602 2.381 1.09 -0.121 -0.957 -1.547 -1.661
bar 8 bar 9.903089987 0.25 0.025095 1.143685698 1.08 11.01165623 4554.073127 2.385 1.093 -0.115 -0.95 -1.538 -1.652
bar 8 bar 9.903089987 0.25 0.025095 1.143820882 1.08 10.96611118 4558.269515 2.389 1.096 -0.11 -0.943 -1.53 -1.644
bar 8 bar 9.903089987 0.25 0.025095 1.143954635 1.08 10.92075452 4562.469771 2.392 1.098 -0.105 -0.937 -1.522 -1.636
bar 8 bar 9.903089987 0.25 0.025095 1.144088864 1.08 10.88059499 4565.622502 2.396 1.1 -0.101 -0.932 -1.516 -1.629
bar 8 bar 9.903089987 0.25 0.025095 1.144224048 1.08 10.84058315 4568.777412 2.398 1.101 -0.098 -0.927 -1.51 -1.624
bar 8 bar 9.903089987 0.25 0.025095 1.144254088 1.08 10.83559202 4569.829533 2.399 1.102 -0.097 -0.926 -1.509 -1.622
bar 8 bar 9.903089987 0.25 0.025095 1.14435637 1.08 10.81316039 4571.934502 2.401 1.102 -0.095 -0.923 -1.506 -1.619
bar 8 bar 9.903089987 0.25 0.025095 1.144484401 1.081 10.79077519 4574.04044 2.403 1.103 -0.093 -0.92 -1.502 -1.615
bar 8 bar 9.903089987 0.25 0.025095 1.144619822 1.081 10.76347843 4577.201167 2.405 1.104 -0.091 -0.918 -1.499 -1.611
bar 8 bar 9.903089987 0.25 0.025095 1.144753695 1.081 10.75852281 4578.255228 2.406 1.103 -0.09 -0.916 -1.497 -1.609
bar 8 bar 9.903089987 0.25 0.025095 1.14488852 1.081 10.7486184 4580.364078 2.406 1.102 -0.091 -0.916 -1.496 -1.608
bar 8 bar 9.903089987 0.25 0.025095 1.145015836 1.081 10.7486184 4580.364078 2.406 1.101 -0.092 -0.916 -1.496 -1.609
bar 8 bar 9.903089987 0.25 0.025095 1.145142436 1.081 10.75604585 4581.418867 2.406 1.099 -0.094 -0.918 -1.498 -1.61
bar 8 bar 9.903089987 0.25 0.025095 1.145179391 1.081 10.75604585 4581.418867 2.406 1.098 -0.094 -0.919 -1.499 -1.611
bar 8 bar 9.903089987 0.25 0.025095 1.145304799 1.082 10.785807 4580.364078 2.404 1.095 -0.098 -0.923 -1.503 -1.615
bar 8 bar 9.903089987 0.25 0.025095 1.145423532 1.082 10.8156505 4579.309532 2.402 1.091 -0.102 -0.928 -1.508 -1.62
bar 8 bar 9.903089987 0.25 0.025095 1.145545244 1.082 10.84557657 4578.255228 2.399 1.086 -0.108 -0.934 -1.515 -1.627
bar 8 bar 9.903089987 0.25 0.025095 1.145662427 1.082 10.89312895 4576.147349 2.395 1.08 -0.116 -0.942 -1.524 -1.636
bar 8 bar 9.903089987 0.25 0.025095 1.145780325 1.082 10.95853868 4572.98735 2.39 1.072 -0.125 -0.953 -1.535 -1.648
bar 8 bar 9.903089987 0.25 0.025095 1.145897746 1.082 11.04212464 4568.777412 2.384 1.063 -0.136 -0.965 -1.548 -1.662
bar 8 bar 9.903089987 0.25 0.025095 1.146015286 1.082 11.12634814 4564.57135 2.377 1.053 -0.149 -0.98 -1.564 -1.678
bar 8 bar 9.903089987 0.25 0.025095 1.146134734 1.083 11.22929897 4559.319217 2.369 1.042 -0.163 -0.996 -1.582 -1.696
bar 8 bar 9.903089987 0.25 0.025095 1.146253109 1.083 11.35148409 4553.024633 2.36 1.029 -0.181 -1.016 -1.604 -1.719
bar 8 bar 9.903089987 0.25 0.025095 1.1463691 1.083 11.5306196 4543.599049 2.346 1.01 -0.205 -1.044 -1.634 -1.75
bar 8 bar 9.903089987 0.25 0.025095 1.14645958 1.083 11.5200044 4545.691936 2.347 1.01 -0.204 -1.042 -1.632 -1.747
bar 8 bar 9.903089987 0.25 0.025095 1.146572232 1.083 11.80191941 4530.018754 2.326 0.981 -0.242 -1.086 -1.679 -1.796
bar 8 bar 9.903089987 0.25 0.025095 1.146690846 1.083 12.47247508 4498.834325 2.278 0.917 -0.326 -1.182 -1.785 -1.905
bar 8 bar 9.903089987 0.25 0.025095 1.146756768 1.083 13.15687186 4466.835922 2.231 0.853 -0.41 -1.278 -1.889 -2.013
bar 8 bar 9.903089987 0.25 0.025095 1.1467942 1.083 13.93325691 4434.044016 2.182 0.788 -0.497 -1.378 -1.998 -2.125
bar 8 bar 9.903089987 0.25 0.025095 1.146815896 1.083 14.73847825 4401.492843 2.133 0.723 -0.584 -1.478 -2.107 -2.238
bar 8 bar 9.903089987 0.25 0.025095 1.146829009 1.083 15.65138033 4368.174709 2.081 0.654 -0.676 -1.583 -2.222 -2.356
bar 8 bar 9.903089987 0.25 0.025095 1.146836519 1.083 16.57496595 4336.107094 2.031 0.589 -0.765 -1.685 -2.333 -2.471
bar 8 bar 9.903089987 0.25 0.025095 1.146841168 1.083 17.55305222 4304.274895 1.981 0.525 -0.852 -1.785 -2.44 -2.583
bar 8 bar 9.903089987 0.25 0.025095 1.146844268 1.083 18.5802967 4273.660315 1.932 0.458 -0.937 -1.883 -2.542 -2.691
bar 8 bar 9.903089987 0.25 0.025095 1.146846294 1.083 19.52776971 4246.195639 1.888 0.4 -1.012 -1.97 -2.632 -2.787
bar 8 bar 9.903089987 0.25 0.025095 1.146846771 1.083 19.84964047 4238.381058 1.875 0.382 -1.035 -1.997 -2.66 -2.816
bar 8 bar 9.903089987 0.25 0.025095 1.14684689 1.083 19.85878367 4237.405247 1.874 0.381 -1.036 -1.999 -2.662 -2.818
bar 8 bar 9.903089987 0.25 0.025095 1.146847129 1.083 20.07486553 4231.555097 1.865 0.369 -1.052 -2.016 -2.68 -2.838
bar 8 bar 9.903089987 0.25 0.025095 1.146849036 1.083 21.3183037 4199.523347 1.813 0.301 -1.141 -2.121 -2.789 -2.954
bar 8 bar 9.903089987 0.25 0.025095 1.146851182 1.083 22.63876049 4167.734068 1.76 0.231 -1.231 -2.226 -2.898 -3.071
bar 8 bar 9.903089987 0.25 0.025095 1.146856427 1.083 24.42039278 4127.622774 1.695 0.151 -1.341 -2.356 -3.033 -3.214
bar 8 bar 9.903089987 0.25 0.025095 1.146866798 1.083 22.07255689 4182.153799 1.782 0.259 -1.194 -2.182 -2.852 -3.021
bar 8 bar 9.903089987 0.25 0.025095 1.146904469 1.083 20.7851252 4214.053064 1.834 0.327 -1.105 -2.078 -2.744 -2.906
bar 8 bar 9.903089987 0.25 0.025095 1.147006273 1.084 21.57509143 4193.725497 1.803 0.287 -1.159 -2.141 -2.81 -2.976
bar 8 bar 9.903089987 0.25 0.025095 1.147070766 1.084 23.0968442 4157.191207 1.743 0.21 -1.259 -2.26 -2.933 -3.108
bar 8 bar 9.903089987 0.25 0.025095 1.147119403 1.084 24.65770457 4121.92419 1.686 0.141 -1.355 -2.373 -3.051 -3.233
bar 8 bar 9.903089987 0.25 0.025095 1.147159815 1.084 26.31192635 4087.897521 1.63 0.071 -1.449 -2.485 -3.167 -3.359
bar 8 bar 9.903089987 0.25 0.025095 1.147193789 1.084 28.0771256 4054.151744 1.573 0.005 -1.541 -2.596 -3.284 -3.483
bar 8 bar 9.903089987 0.25 0.025095 1.147222638 1.084 29.94005852 4019.75885 1.518 -0.058 -1.632 -2.706 -3.399 -3.607
bar 8 bar 9.903089987 0.25 0.025095 1.147247791 1.084 31.96337609 3985.657723 1.462 -0.116 -1.724 -2.818 -3.519 -3.734
bar 8 bar 9.903089987 0.25 0.025095 1.147269964 1.084 34.08416389 3951.845889 1.406 -0.163 -1.816 -2.93 -3.64 -3.861
bar 8 bar 9.903089987 0.25 0.025095 1.147289753 1.084 36.28713203 3919.223225 1.351 -0.208 -1.907 -3.041 -3.761 -3.987
bar 8 bar 9.903089987 0.25 0.025095 1.147307873 1.084 38.66808324 3885.080304 1.295 -0.25 -1.997 -3.152 -3.88 -4.113
bar 8 bar 9.903089987 0.25 0.025095 1.147324681 1.084 41.18628732 3852.121706 1.24 -0.281 -2.084 -3.262 -4 -4.238
bar 8 bar 9.903089987 0.25 0.025095 1.147340417 1.084 43.90890885 3817.684195 1.185 -0.31 -2.171 -3.372 -4.118 -4.363
bar 8 bar 9.903089987 0.25 0.025095 1.147355437 1.084 46.8115094 3783.554551 1.13 -0.327 -2.255 -3.483 -4.238 -4.49
bar 8 bar 9.903089987 0.25 0.025095 1.147369504 1.084 50.00951525 3748.003606 1.072 -0.333 -2.339 -3.597 -4.361 -4.619
bar 8 bar 9.903089987 0.25 0.025095 1.147382498 1.084 53.27858043 3713.641702 1.017 -0.338 -2.42 -3.706 -4.479 -4.744
bar 8 bar 9.903089987 0.25 0.025095 1.147395134 1.084 56.87909069 3677.900704 0.96 -0.314 -2.496 -3.821 -4.602 -4.874
bar 8 bar 9.903089987 0.25 0.025095 1.147407174 1.084 61.44020341 3635.800123 0.894 -0.283 -2.583 -3.954 -4.744 -5.024
bar 8 bar 9.903089987 0.25 0.025095 1.147416711 1.084 67.46097984 3583.438868 0.812 -0.202 -2.671 -4.115 -4.916 -5.207
bar 8 bar 9.903089987 0.25 0.025095 1.147422671 1.084 73.32509678 3537.528928 0.74 -0.111 -2.742 -4.258 -5.069 -5.37
bar 8 bar 9.903089987 0.25 0.025095 1.147427201 1.084 79.00464844 3495.425096 0.675 -0.002 -2.79 -4.385 -5.203 -5.514
bar 8 bar 9.903089987 0.25 0.025095 1.147431254 1.084 84.85015595 3455.413296 0.613 0.119 -2.827 -4.507 -5.332 -5.653
bar 8 bar 9.903089987 0.25 0.025095 1.14743495 1.084 91.02331431 3415.859507 0.552 0.262 -2.845 -4.626 -5.458 -5.789
bar 8 bar 9.903089987 0.25 0.025095 1.147438526 1.084 97.37616013 3377.536103 0.493 0.418 -2.851 -4.741 -5.579 -5.92
bar 8 bar 9.903089987 0.25 0.025095 1.147441983 1.084 104.0046232 3340.41173 0.436 0.603 -2.827 -4.851 -5.694 -6.046
bar 8 bar 9.903089987 0.25 0.025095 1.147445202 1.084 110.0658634 3307.501121 0.387 0.774 -2.802 -4.947 -5.795 -6.156
bar 8 bar 9.903089987 0.25 0.025095 1.147449017 1.084 117.2337467 3271.899836 0.333 1.008 -2.737 -5.049 -5.904 -6.275
bar 8 bar 9.903089987 0.25 0.025095 1.14745307 1.084 124.7247508 3236.681757 0.279 1.261 -2.663 -5.151 -6.012 -6.394
bar 8 bar 9.903089987 0.25 0.025095 1.147457242 1.084 132.2673477 3203.317601 0.227 1.434 -2.611 -5.248 -6.115 -6.505
bar 8 bar 9.903089987 0.25 0.025095 1.147460938 1.084 139.3004902 3173.949409 0.182 1.589 -2.561 -5.332 -6.204 -6.602
bar 8 bar 9.903089987 0.25 0.025095 1.147461891 1.084 136.1609726 3186.397847 0.202 1.519 -2.584 -5.294 -6.163 -6.558
bar 8 bar 9.903089987 0.25 0.025095 1.14746201 1.084 134.6643518 3193.007951 0.212 1.488 -2.593 -5.277 -6.145 -6.538
bar 8 bar 9.903089987 0.25 0.025095 1.14746213 1.084 133.3069048 3198.158622 0.221 1.459 -2.602 -5.26 -6.127 -6.518
bar 8 bar 9.903089987 0.25 0.025095 1.147462368 1.084 135.3794187 3190.068436 0.207 1.503 -2.589 -5.285 -6.154 -6.547
bar 8 bar 9.903089987 0.25 0.025095 1.147462487 1.084 139.3004902 3173.949409 0.182 1.589 -2.561 -5.332 -6.204 -6.602
bar 8 bar 9.903089987 0.25 0.025095 1.147462726 1.084 143.4011535 3157.184776 0.157 1.677 -2.528 -5.378 -6.253 -6.655
bar 8 bar 9.903089987 0.25 0.025095 1.147462964 1.084 147.6225302 3140.508694 0.132 1.754 -2.493 -5.424 -6.303 -6.709
bar 8 bar 9.903089987 0.25 0.025095 1.147463322 1.084 152.775124 3121.044781 0.102 1.849 -2.449 -5.477 -6.361 -6.773
bar 8 bar 9.903089987 0.25 0.025095 1.147463679 1.084 158.2532526 3100.273442 0.072 1.949 -2.401 -5.531 -6.42 -6.838
bar 8 bar 9.903089987 0.25 0.025095 1.147464275 1.084 165.8260076 3072.557365 0.032 2.021 -2.365 -5.602 -6.499 -6.923
bar 8 bar 9.903089987 0.25 0.025095 1.147464871 1.084 174.764269 3041.585296 -0.014 2.06 -2.344 -5.684 -6.588 -7.019
bar 8 bar 9.903089987 0.25 0.025095 1.147464991 1.043 181.9083543 2984.695288 -0.066 2.218 -2.212 -5.706 -6.625 -7.064
bar 8 bar 9.903089987 0.25 0.025095 1.147464991 1.043 181.9083543 2984.695288 -0.066 1.99 -2.151 -5.706 -6.625 -7.064
bar 8 bar 9.903089987 0.25 0.025095 1.14746511 1.043 94.85334368 3290.78872 0.499 1.247 -2.381 -4.605 -5.462 -5.823
bar 8 bar 9.903089987 0.25 0.025095 1.14746511 1.043 94.85334368 3290.78872 0.499 0.406 -2.478 -4.605 -5.462 -5.823
bar 8 bar 9.903089987 0.25 0.025095 1.147465229 1.042 74.86048645 3433.207084 0.704 0.557 -2.474 -4.216 -5.051 -5.372
bar 8 bar 9.903089987 0.25 0.025095 1.147465468 1.041 94.78784394 3286.245467 0.499 1.294 -2.354 -4.599 -5.458 -5.819
bar 8 bar 9.903089987 0.25 0.025095 1.147465587 1.04 126.8389519 3113.149665 0.246 2.228 -2.034 -5.063 -5.954 -6.359
bar 8 bar 9.903089987 0.25 0.025095 1.147465825 1.039 161.0840888 2977.145088 0.038 2.446 -1.953 -5.432 -6.354 -6.787
bar 8 bar 9.903089987 0.25 0.025095 1.147466064 1.038 187.9977471 2890.679882 -0.097 2.481 -1.987 -5.666 -6.606 -7.052
bar 8 bar 9.903089987 0.25 0.025095 1.147466421 1.037 204.3396498 2843.806221 -0.17 2.501 -2.026 -5.788 -6.735 -7.186
bar 8 bar 9.903089987 0.25 0.025095 1.147466779 1.035 212.6437609 2818.382931 -0.205 2.519 -2.04 -5.844 -6.795 -7.248
bar 8 bar 9.903089987 0.25 0.025095 1.147467136 1.033 217.9478779 2801.560464 -0.228 2.534 -2.053 -5.877 -6.828 -7.281
bar 8 bar 9.903089987 0.25 0.025095 1.147467136 1.033 217.9478779 2801.560464 -0.228 2.478 -1.89 -5.877 -6.828 -7.281
bar 8 bar 9.903089987 0.25 0.025095 1.147467256 1.033 107.0909188 3189.33398 0.39 1.948 -2.089 -4.772 -5.65 -6.035
bar 8 bar 9.903089987 0.25 0.025095 1.147467256 1.033 107.0909188 3189.33398 0.39 0.953 -2.355 -4.772 -5.65 -6.035
bar 8 bar 9.903089987 0.25 0.025095 1.147467494 1.032 84.36312233 3330.427623 0.597 1.131 -2.321 -4.385 -5.238 -5.585
bar 8 bar 9.903089987 0.25 0.025095 1.147467613 1.031 106.3782018 3190.803061 0.395 1.95 -2.081 -4.759 -5.637 -6.021
bar 8 bar 9.903089987 0.25 0.025095 1.147467852 1.029 141.6943864 3026.216536 0.145 2.479 -1.876 -5.21 -6.121 -6.543
bar 8 bar 9.903089987 0.25 0.025095 1.14746809 1.028 179.2060407 2896.676526 -0.06 2.542 -1.913 -5.569 -6.508 -6.95
bar 8 bar 9.903089987 0.25 0.025095 1.147468448 1.026 208.4263604 2815.7883 -0.192 2.566 -1.995 -5.797 -6.748 -7.2
bar 8 bar 9.903089987 0.25 0.025095 1.147468805 1.025 225.3993425 2773.958759 -0.26 2.569 -2.059 -5.915 -6.867 -7.32
bar 8 bar 9.903089987 0.25 0.025095 1.147469163 1.023 233.8043811 2753.594592 -0.293 2.573 -2.087 -5.967 -6.921 -7.373
bar 8 bar 9.903089987 0.25 0.025095 1.14746964 1.02 238.7001241 2740.942974 -0.311 2.59 -2.097 -5.995 -6.95 -7.403
bar 8 bar 9.903089987 0.25 0.025095 1.14746964 1.02 238.7001241 2740.942974 -0.311 2.557 -1.854 -5.995 -6.95 -7.403
bar 8 bar 9.903089987 0.25 0.025095 1.147469759 1.02 117.8562572 3121.763511 0.301 2.296 -1.93 -4.912 -5.803 -6.203
bar 8 bar 9.903089987 0.25 0.025095 1.147469759 1.02 117.8562572 3121.763511 0.301 1.353 -2.242 -4.912 -5.803 -6.203
bar 8 bar 9.903089987 0.25 0.025095 1.147469997 1.018 92.48102719 3264.374675 0.511 1.556 -2.181 -4.524 -5.388 -5.754
bar 8 bar 9.903089987 0.25 0.025095 1.147470117 1.016 116.2927512 3128.239532 0.311 2.272 -1.938 -4.891 -5.781 -6.179
bar 8 bar 9.903089987 0.25 0.025095 1.147470355 1.015 154.4019016 2968.246743 0.065 2.552 -1.84 -5.329 -6.254 -6.685
bar 8 bar 9.903089987 0.25 0.025095 1.147470594 1.013 194.6492097 2842.496902 -0.138 2.59 -1.93 -5.682 -6.629 -7.077
bar 8 bar 9.903089987 0.25 0.025095 1.147470951 1.01 225.4512486 2765.667715 -0.267 2.6 -2.04 -5.905 -6.858 -7.31
bar 8 bar 9.903089987 0.25 0.025095 1.147471309 1.008 243.0819126 2727.093323 -0.333 2.628 -2.093 -6.016 -6.973 -7.429
bar 8 bar 9.903089987 0.25 0.025095 1.147471666 1.005 250.7567572 2711.440009 -0.361 2.656 -2.107 -6.062 -7.022 -7.482
bar 8 bar 9.903089987 0.25 0.025095 1.147472143 1.002 254.7725564 2703.958364 -0.376 2.671 -2.113 -6.083 -7.045 -7.508
bar 8 bar 9.903089987 0.25 0.025095 1.147472143 1.002 254.7725564 2703.958364 -0.376 2.575 -1.873 -6.083 -7.045 -7.508
bar 8 bar 9.903089987 0.25 0.025095 1.147472262 1.001 126.4307298 3082.478102 0.232 2.445 -1.869 -5.024 -5.924 -6.334
bar 8 bar 9.903089987 0.25 0.025095 1.147472382 0.999 93.85396934 3259.117363 0.49 1.579 -2.184 -4.551 -5.417 -5.784
bar 8 bar 9.903089987 0.25 0.025095 1.147472501 0.997 98.91283391 3226.264727 0.444 1.79 -2.116 -4.635 -5.506 -5.883
bar 8 bar 9.903089987 0.25 0.025095 1.147472739 0.995 124.3519629 3090.295433 0.244 2.444 -1.864 -4.996 -5.894 -6.302
bar 8 bar 9.903089987 0.25 0.025095 1.147472978 0.992 164.7603269 2930.21846 -0.002 2.583 -1.843 -5.425 -6.357 -6.794
bar 8 bar 9.903089987 0.25 0.025095 1.147473216 0.989 207.4209623 2804.787737 -0.203 2.623 -1.955 -5.772 -6.723 -7.176
bar 8 bar 9.903089987 0.25 0.025095 1.147473574 0.984 239.8019138 2728.349485 -0.331 2.652 -2.067 -5.989 -6.945 -7.401
bar 8 bar 9.903089987 0.25 0.025095 1.147473931 0.98 257.8413966 2690.915126 -0.396 2.729 -2.092 -6.088 -7.054 -7.521
bar 8 bar 9.903089987 0.25 0.025095 1.147474408 0.975 265.5538761 2676.085593 -0.424 2.775 -2.099 -6.123 -7.094 -7.565
bar 8 bar 9.903089987 0.25 0.025095 1.147474885 0.969 268.5669981 2671.775727 -0.436 2.801 -2.098 -6.135 -7.109 -7.585
bar 8 bar 9.903089987 0.25 0.025095 1.147474885 0.969 268.5669981 2671.775727 -0.436 2.6 -1.888 -6.135 -7.109 -7.585
bar 8 bar 9.903089987 0.25 0.025095 1.147475004 0.967 134.2618555 3048.596874 0.165 2.493 -1.852 -5.117 -6.023 -6.441
bar 8 bar 9.903089987 0.25 0.025095 1.147475123 0.965 99.23220571 3228.494122 0.426 1.772 -2.133 -4.646 -5.516 -5.892
bar 8 bar 9.903089987 0.25 0.025095 1.147475243 0.962 104.677332 3194.478724 0.378 1.957 -2.067 -4.729 -5.605 -5.99
bar 8 bar 9.903089987 0.25 0.025095 1.147475481 0.958 131.5384272 3057.032107 0.178 2.495 -1.844 -5.084 -5.988 -6.403
bar 8 bar 9.903089987 0.25 0.025095 1.14747572 0.953 174.282044 2895.342865 -0.068 2.614 -1.845 -5.506 -6.445 -6.889
bar 8 bar 9.903089987 0.25 0.025095 1.147476077 0.947 219.3070762 2768.853641 -0.271 2.65 -1.986 -5.848 -6.802 -7.254
bar 8 bar 9.903089987 0.25 0.025095 1.147476435 0.941 253.6019828 2691.534804 -0.4 2.769 -2.055 -6.052 -7.019 -7.487
bar 8 bar 9.903089987 0.25 0.025095 1.147476792 0.933 272.4913025 2653.994387 -0.466 2.932 -2.045 -6.123 -7.106 -7.593
bar 8 bar 9.903089987 0.25 0.025095 1.147477269 0.925 280.5127752 2639.976129 -0.494 3.074 -2 -6.127 -7.13 -7.635
bar 8 bar 9.903089987 0.25 0.025095 1.147477746 0.915 283.2387342 2636.331386 -0.507 3.172 -1.96 -6.116 -7.133 -7.652
bar 8 bar 9.903089987 0.25 0.025095 1.147477746 0.915 283.2387342 2636.331386 -0.507 2.643 -1.903 -6.116 -7.133 -7.652
bar 8 bar 9.903089987 0.25 0.025095 1.147477865 0.912 142.8080355 3010.925432 0.086 2.558 -1.819 -5.21 -6.124 -6.551
bar 8 bar 9.903089987 0.25 0.025095 1.147477984 0.909 105.5243401 3190.803061 0.347 1.983 -2.062 -4.742 -5.617 -6.004
bar 8 bar 9.903089987 0.25 0.025095 1.147478104 0.903 111.7255869 3151.37438 0.295 2.2 -1.971 -4.827 -5.71 -6.106
bar 8 bar 9.903089987 0.25 0.025095 1.147478342 0.897 140.9135139 3006.768557 0.09 2.6 -1.777 -5.176 -6.091 -6.518
bar 8 bar 9.903089987 0.25 0.025095 1.147478581 0.888 187.4358434 2837.265649 -0.162 2.705 -1.826 -5.594 -6.541 -6.991
bar 8 bar 9.903089987 0.25 0.025095 1.147478938 0.879 237.056924 2703.335826 -0.371 2.823 -1.96 -5.928 -6.89 -7.351
bar 8 bar 9.903089987 0.25 0.025095 1.147479296 0.868 275.7100804 2618.785937 -0.507 3.286 -1.868 -6.034 -7.049 -7.566
bar 8 bar 9.903089987 0.25 0.025095 1.147479773 0.855 298.0249644 2574.542112 -0.581 4.029 -1.534 -5.9 -7.029 -7.652
bar 8 bar 9.903089987 0.25 0.025095 1.147480249 0.842 308.0013676 2554.465255 -0.617 4.05 -1.544 -5.927 -7.064 -7.695
bar 8 bar 9.903089987 0.25 0.025095 1.147480726 0.827 312.789845 2545.071572 -0.638 4.074 -1.541 -5.936 -7.077 -7.714
bar 8 bar 9.903089987 0.25 0.025095 1.147480726 0.827 312.789845 2545.071572 -0.638 2.83 -1.881 -5.936 -7.077 -7.714
bar 8 bar 9.903089987 0.25 0.025095 1.147480846 0.822 158.5450345 2914.070135 -0.05 2.748 -1.698 -5.323 -6.258 -6.7
bar 8 bar 9.903089987 0.25 0.025095 1.147480965 0.816 116.5071678 3096.706174 0.214 2.554 -1.752 -4.862 -5.757 -6.167
bar 8 bar 9.903089987 0.25 0.025095 1.147481084 0.808 123.2686514 3057.736096 0.16 2.644 -1.701 -4.943 -5.847 -6.264
bar 8 bar 9.903089987 0.25 0.025095 1.147481322 0.797 155.5437785 2913.399223 -0.047 2.789 -1.656 -5.28 -6.216 -6.657
bar 8 bar 9.903089987 0.25 0.025095 1.147481561 0.784 206.5630535 2746.628992 -0.301 2.872 -1.801 -5.689 -6.644 -7.096
bar 8 bar 9.903089987 0.25 0.025095 1.147481918 0.769 260.5269438 2617.580219 -0.51 3.439 -1.729 -5.901 -6.92 -7.44
bar 8 bar 9.903089987 0.25 0.025095 1.147482276 0.752 300.7133057 2540.972706 -0.645 4.123 -1.473 -5.859 -6.994 -7.626
bar 8 bar 9.903089987 0.25 0.025095 1.147482753 0.733 321.7011733 2509.573964 -0.714 4.247 -1.455 -5.898 -7.06 -7.721
bar 8 bar 9.903089987 0.25 0.025095 1.14748323 0.712 327.2296477 2508.418528 -0.742 4.341 -1.425 -5.899 -7.078 -7.756
bar 8 bar 9.903089987 0.25 0.025095 1.147483707 0.69 324.6778376 2526.969499 -0.749 4.405 -1.398 -5.891 -7.081 -7.769
bar 8 bar 9.903089987 0.25 0.025095 1.147486329 0.54 3.335436253e-06 10000 1.791 30.016 30.004 30.008 30.033 30.044
