# downloaded from PARSEC/CMD via ezpadova
# component=thin6 family=thin_disk component_index=5 logAge=9.78175537465247 MH=-0.5 photometric_system=ubvrijhk
# Zini MH logAge Mini int_IMF Mass logL logTe logg label McoreTP C_O period0 period1 period2 period3 period4 pmode Mloss tau1m X Y Xc Xn Xo Cexcess Z mbolmag Umag Bmag Vmag Rmag Imag Jmag Hmag Kmag
0.0048313 -0.5 9.78176 0.0900000036 1.081689593 0.09 -3.326 3.4057 5.293 1 0 0.545 0 0 0 0 0 -1 -4.47e-17 0 0.7368 0.2583 0.0008868 0.0002392 0.00217 -1 0.004931 13.085 22.408 19.678 17.69 15.398 13.111 10.948 10.481 10.251
0.0048313 -0.5 9.78176 0.1000000015 1.171106412 0.1 -3.117 3.4355 5.249 1 0 0.545 0 0 0 0 0 -1 -7.22e-17 0 0.7364 0.2587 0.0008868 0.0002392 0.00217 -1 0.004931 12.562 20.89 18.476 16.566 14.543 12.427 10.481 9.984 9.736
0.0048313 -0.5 9.78176 0.1199999973 1.319315425 0.12 -2.849 3.4677 5.189 1 0 0.545 0 0 0 0 0 -1 -1.31e-16 0 0.7357 0.2594 0.0008868 0.0002392 0.00217 -1 0.004931 11.893 18.738 16.738 14.954 13.327 11.521 9.904 9.366 9.107
0.0048313 -0.5 9.78176 0.1260111034 1.357689794 0.126 -2.79 3.4739 5.176 1 0 0.545 0 0 0 0 0 -1 -1.48e-16 0 0.7355 0.2596 0.0008868 0.0002392 0.00217 -1 0.004931 11.746 18.331 16.404 14.64 13.081 11.337 9.774 9.231 8.972
0.0048313 -0.5 9.78176 0.1400000006 1.438452672 0.14 -2.664 3.4871 5.148 1 0 0.545 0 0 0 0 0 -1 -1.94e-16 0 0.735 0.26 0.0008868 0.0002392 0.00217 -1 0.004931 11.429 17.478 15.7 13.977 12.55 10.949 9.497 8.943 8.684
0.0048313 -0.5 9.78176 0.1477703005 1.478913484 0.148 -2.606 3.4924 5.135 1 0 0.545 0 0 0 0 0 -1 -2.19e-16 0 0.7348 0.2603 0.0008868 0.0002392 0.00217 -1 0.004931 11.285 17.133 15.411 13.705 12.325 10.78 9.369 8.811 8.553
0.0048313 -0.5 9.78176 0.1599999964 1.537293155 0.16 -2.521 3.5003 5.117 1 0 0.545 0 0 0 0 0 -1 -2.62e-16 0 0.7345 0.2606 0.0008868 0.0002392 0.00217 -1 0.004932 11.073 16.646 15 13.321 12.004 10.536 9.179 8.617 8.361
0.0048313 -0.5 9.78176 0.1999999881 1.693879036 0.2 -2.303 3.5182 5.067 1 0 0.545 0 0 0 0 0 -1 -4.1e-16 0 0.7335 0.2615 0.0008868 0.0002392 0.00217 -1 0.004931 10.528 15.544 14.047 12.429 11.227 9.932 8.685 8.113 7.864
0.0048313 -0.5 9.78176 0.25 1.8403258 0.25 -2.097 3.5323 5.014 1 0 0.545 0 0 0 0 0 -1 -6.25e-16 0 0.7328 0.2622 0.0008868 0.0002392 0.00217 -1 0.004931 10.013 14.661 13.257 11.696 10.565 9.383 8.209 7.629 7.387
0.0048313 -0.5 9.78176 0.3000000119 1.952913977 0.3 -1.935 3.5419 4.969 1 0 0.545 0 0 0 0 0 -1 -8.72e-16 0 0.7325 0.2625 0.0008868 0.0002393 0.00217 -1 0.004931 9.607 14.038 12.684 11.162 10.071 8.959 7.829 7.242 7.006
0.0048313 -0.5 9.78176 0.3404023945 2.027400869 0.34 -1.814 3.5485 4.93 1 0 0.545 0 0 0 0 0 -1 -1.13e-15 0 0.7367 0.2583 0.0008868 0.0002392 0.00217 -1 0.004931 9.304 13.598 12.275 10.779 9.713 8.646 7.544 6.952 6.72
0.0048313 -0.5 9.78176 0.3499999642 2.043417416 0.35 -1.787 3.55 4.92 1 0 0.545 0 0 0 0 0 -1 -1.2e-15 0 0.7375 0.2576 0.0008868 0.0002392 0.00217 -1 0.004931 9.236 13.501 12.184 10.694 9.633 8.576 7.481 6.888 6.656
0.0048313 -0.5 9.78176 0.3733502924 2.080108801 0.373 -1.713 3.5555 4.897 1 0 0.545 0 0 0 0 0 -1 -1.42e-15 0 0.7375 0.2575 0.0008868 0.0002392 0.00217 -1 0.004931 9.053 13.216 11.919 10.448 9.405 8.386 7.314 6.716 6.487
0.0048313 -0.5 9.78176 0.3999999762 2.118502399 0.4 -1.635 3.5614 4.872 1 0 0.545 0 0 0 0 0 -1 -1.69e-15 0 0.7376 0.2575 0.0008868 0.0002392 0.00217 -1 0.004931 8.857 12.914 11.638 10.186 9.162 8.184 7.135 6.532 6.307
0.0048313 -0.5 9.78176 0.4499999881 2.182280901 0.45 -1.469 3.5757 4.815 1 0 0.545 0 0 0 0 0 -1 -2.49e-15 0 0.7376 0.2575 0.0008868 0.0002392 0.00217 -1 0.004931 8.442 12.265 11.031 9.624 8.643 7.757 6.763 6.148 5.932
0.0048313 -0.5 9.78176 0.4999999404 2.237454072 0.5 -1.291 3.5951 4.76 1 0 0.545 0 0 0 0 0 -1 -3.79e-15 0 0.7376 0.2575 0.0008868 0.0002392 0.00217 -1 0.004931 7.998 11.529 10.352 9.011 8.085 7.302 6.373 5.741 5.546
0.0048313 -0.5 9.78176 0.5428586602 2.277656133 0.542 -1.125 3.6178 4.72 1 0 0.545 0 0 0 0 0 -1 -5.58e-15 0 0.752 0.2433 0.0008415 0.0002271 0.002061 -1 0.00468 7.582 10.788 9.669 8.427 7.568 6.879 6.012 5.358 5.202
0.0048313 -0.5 9.78176 0.5500000119 2.283658263 0.55 -1.098 3.6213 4.714 1 0 0.544 0 0 0 0 0 -1 -5.94e-15 0 0.7541 0.2413 0.0008349 0.0002253 0.002045 -1 0.004644 7.516 10.671 9.562 8.336 7.488 6.813 5.955 5.298 5.149
0.0048313 -0.5 9.78176 0.5578404665 2.290044865 0.557 -1.069 3.6262 4.709 1 0 0.545 0 0 0 0 0 -1 -6.35e-15 0 0.7545 0.2409 0.0008338 0.000225 0.002042 -1 0.004631 7.441 10.527 9.43 8.227 7.395 6.738 5.892 5.234 5.092
0.0048313 -0.5 9.78176 0.5999999642 2.321121285 0.6 -0.914 3.6512 4.687 1 0 0.545 0 0 0 0 0 -1 -8.97e-15 0 0.7567 0.2387 0.0008274 0.0002233 0.002026 -1 0.004582 7.055 9.698 8.716 7.651 6.912 6.347 5.57 4.934 4.827
0.0048313 -0.5 9.78176 0.6499999166 2.352035277 0.65 -0.734 3.6826 4.667 1 0 0.544 0 0 0 0 0 -1 -1.33e-14 0 0.7593 0.2361 0.00082 0.0002213 0.002009 -1 0.004566 6.605 8.581 7.891 6.983 6.37 5.891 5.219 4.663 4.58
0.0048313 -0.5 9.78176 0.6589372158 2.356995685 0.659 -0.703 3.6878 4.663 1 0 0.544 0 0 0 0 0 -1 -1.43e-14 0 0.7599 0.2355 0.0008182 0.0002209 0.002004 -1 0.004573 6.527 8.399 7.762 6.875 6.281 5.813 5.159 4.62 4.54
0.0048313 -0.5 9.78176 0.6872470975 2.371733713 0.687 -0.607 3.7036 4.648 1 0 0.544 0 0 0 0 0 -1 -1.78e-14 0 0.7618 0.2337 0.0008126 0.0002194 0.001991 -1 0.004546 6.287 7.862 7.38 6.555 6.014 5.576 4.975 4.483 4.41
0.0048313 -0.5 9.78176 0.6999999881 2.377926697 0.7 -0.564 3.7105 4.641 1 0 0.544 0 0 0 0 0 -1 -1.96e-14 0 0.7626 0.2329 0.00081 0.0002187 0.001985 -1 0.004502 6.18 7.633 7.217 6.418 5.898 5.473 4.894 4.422 4.352
0.0048313 -0.5 9.78176 0.7152135968 2.384983433 0.715 -0.514 3.7185 4.632 1 0 0.542 0 0 0 0 0 -1 -2.19e-14 0 0.7638 0.2317 0.0008033 0.0002177 0.001977 -1 0.004501 6.055 7.375 7.031 6.26 5.765 5.354 4.8 4.349 4.283
0.0048313 -0.5 9.78176 0.7377404571 2.394820195 0.738 -0.44 3.7302 4.619 1 0 0.538 0 0 0 0 0 -1 -2.6e-14 0 0.7655 0.23 0.0007935 0.0002163 0.001965 -1 0.004491 5.87 7.014 6.766 6.037 5.572 5.18 4.661 4.241 4.18
0.0048313 -0.5 9.78176 0.7487857342 2.399395381 0.749 -0.404 3.7357 4.611 1 0 0.537 0 0 0 0 0 -1 -2.83e-14 0 0.7664 0.2291 0.0007888 0.0002156 0.00196 -1 0.004472 5.781 6.845 6.641 5.932 5.48 5.097 4.595 4.189 4.13
0.0048313 -0.5 9.78176 0.7500008345 2.399889247 0.75 -0.4 3.7362 4.61 1 0 0.537 0 0 0 0 0 -1 -2.85e-14 0 0.7665 0.229 0.0007884 0.0002155 0.001959 -1 0.004468 5.771 6.828 6.628 5.921 5.471 5.088 4.587 4.182 4.124
0.0048313 -0.5 9.78176 0.7701071501 2.407801791 0.77 -0.336 3.745 4.592 1 0 0.537 0 0 0 0 0 -1 -3.34e-14 0 0.7687 0.2269 0.0007822 0.0002138 0.001944 -1 0.004417 5.61 6.547 6.413 5.737 5.308 4.94 4.463 4.079 4.024
0.0048313 -0.5 9.78176 0.7886304259 2.41468223 0.788 -0.277 3.7528 4.574 1 0 0.536 0 0 0 0 0 -1 -3.86e-14 0 0.7708 0.2249 0.0007762 0.0002122 0.00193 -1 0.004373 5.461 6.3 6.221 5.572 5.162 4.805 4.35 3.982 3.932
0.0048313 -0.5 9.78176 0.7975714207 2.417872134 0.797 -0.248 3.7565 4.566 1 0 0.536 0 0 0 0 0 -1 -4.14e-14 0 0.7718 0.2238 0.0007732 0.0002114 0.001922 -1 0.004348 5.39 6.185 6.13 5.494 5.092 4.741 4.295 3.935 3.887
0.0048313 -0.5 9.78176 0.8164598346 2.424347614 0.816 -0.188 3.7634 4.543 1 0 0.536 0 0 0 0 0 -1 -4.82e-14 0 0.7747 0.221 0.000765 0.0002092 0.001903 -1 0.004322 5.239 5.956 5.943 5.331 4.944 4.605 4.176 3.831 3.786
0.0048313 -0.5 9.78176 0.8337240219 2.429972072 0.833 -0.133 3.7694 4.521 1 0 0.536 0 0 0 0 0 -1 -5.55e-14 0 0.7775 0.2182 0.000757 0.0002071 0.001884 -1 0.004277 5.101 5.755 5.773 5.184 4.811 4.48 4.067 3.733 3.691
0.0048313 -0.5 9.78176 0.8463571072 2.433921003 0.846 -0.092 3.7737 4.504 1 0 0.536 0 0 0 0 0 -1 -6.16e-14 0 0.7797 0.2161 0.0007509 0.0002054 0.001869 -1 0.004245 5.001 5.612 5.651 5.079 4.714 4.39 3.987 3.662 3.623
0.0048313 -0.5 9.78176 0.872146368 2.441575478 0.871 -0.009 3.7812 4.464 1 0 0.535 0 0 0 0 0 -1 -7.69e-14 0 0.786 0.2098 0.0007327 0.0002006 0.001825 -1 0.004165 4.793 5.333 5.404 4.862 4.514 4.202 3.818 3.508 3.473
0.0048313 -0.5 9.78176 0.8951427937 2.447974956 0.894 0.066 3.7874 4.425 1 0 0.535 0 0 0 0 0 -1 -9.44e-14 0 0.7924 0.2035 0.0007147 0.0001957 0.001782 -1 0.004097 4.604 5.096 5.185 4.667 4.332 4.03 3.662 3.364 3.332
0.0048313 -0.5 9.78176 0.8956893682 2.448122466 0.895 0.068 3.7876 4.424 1 0 0.535 0 0 0 0 0 -1 -9.49e-14 0 0.7926 0.2033 0.0007142 0.0001956 0.00178 -1 0.004094 4.6 5.091 5.18 4.663 4.328 4.026 3.658 3.36 3.329
0.0048313 -0.5 9.78176 0.9156315923 2.453366307 0.914 0.136 3.7924 4.385 1 0 0.534 0 0 0 0 0 -1 -1.15e-13 0 0.7984 0.1976 0.0006983 0.0001913 0.001743 -1 0.003938 4.43 4.888 4.987 4.488 4.163 3.87 3.512 3.224 3.195
0.0048313 -0.5 9.78176 0.9332253933 2.457779272 0.932 0.198 3.7964 4.347 1 0 0.534 0 0 0 0 0 -1 -1.37e-13 0 0.8035 0.1926 0.0006844 0.0001876 0.001709 -1 0.003892 4.276 4.71 4.814 4.331 4.013 3.726 3.378 3.097 3.07
0.0048313 -0.5 9.78176 0.9439284801 2.460371516 0.943 0.236 3.7986 4.323 1 0 0.533 0 0 0 0 0 -1 -1.53e-13 0 0.8066 0.1896 0.000676 0.0001854 0.00169 -1 0.003844 4.18 4.601 4.707 4.233 3.92 3.637 3.293 3.017 2.99
0.0048313 -0.5 9.78176 0.9539896846 2.462747404 0.953 0.272 3.8005 4.299 1 0 0.533 0 0 0 0 0 -1 -1.7e-13 0 0.8078 0.1884 0.0006737 0.0001848 0.001685 -1 0.00381 4.09 4.5 4.607 4.141 3.832 3.552 3.213 2.94 2.915
0.0048313 -0.5 9.78176 0.9685285687 2.466080587 0.967 0.324 3.8028 4.263 1 0 0.533 0 0 0 0 0 -1 -1.98e-13 0 0.8093 0.1869 0.0006718 0.0001844 0.001682 -1 0.003803 3.96 4.36 4.467 4.009 3.706 3.429 3.095 2.827 2.802
0.0048313 -0.5 9.78176 0.9807248116 2.468789214 0.98 0.369 3.8043 4.23 1 0 0.532 0 0 0 0 0 -1 -2.27e-13 0 0.8102 0.186 0.0006716 0.0001844 0.001682 -1 0.003803 3.849 4.243 4.348 3.896 3.595 3.322 2.99 2.726 2.701
0.0048313 -0.5 9.78176 0.9905653 2.470918837 0.99 0.407 3.8053 4.199 1 0 0.532 0 0 0 0 0 -1 -2.55e-13 0 0.8095 0.1866 0.0006749 0.0001853 0.001691 -1 0.003817 3.752 4.143 4.245 3.798 3.5 3.228 2.899 2.637 2.612
0.0048313 -0.5 9.78176 0.9927142262 2.471377441 0.992 0.416 3.8054 4.192 1 0 0.532 0 0 0 0 0 -1 -2.62e-13 0 0.8092 0.1869 0.0006762 0.0001857 0.001694 -1 0.003823 3.73 4.12 4.222 3.776 3.478 3.207 2.878 2.616 2.592
0.0048313 -0.5 9.78176 0.9989004135 2.472684981 0.998 0.441 3.806 4.172 1 0 0.532 0 0 0 0 0 -1 -2.82e-13 0 0.8079 0.1882 0.0006806 0.0001869 0.001705 -1 0.003855 3.667 4.055 4.156 3.712 3.415 3.145 2.817 2.556 2.532
0.0048313 -0.5 9.78176 0.999845624 2.472883127 0.999 0.445 3.806 4.168 1 0 0.532 0 0 0 0 0 -1 -2.85e-13 0 0.8077 0.1884 0.0006812 0.000187 0.001706 -1 0.00386 3.657 4.045 4.146 3.702 3.406 3.135 2.808 2.547 2.523
0.0048313 -0.5 9.78176 1.002377152 2.473411698 1.001 0.456 3.8061 4.159 1 0 0.532 0 0 0 0 0 -1 -2.95e-13 0 0.8072 0.189 0.0006831 0.0001875 0.001711 -1 0.003874 3.63 4.018 4.118 3.674 3.378 3.108 2.781 2.52 2.496
0.0048313 -0.5 9.78176 1.010583878 2.475104306 1.009 0.492 3.8061 4.126 1 0 0.532 0 0 0 0 0 -1 -3.27e-13 0 0.8054 0.1907 0.000689 0.0001892 0.001726 -1 0.003916 3.54 3.929 4.026 3.583 3.288 3.018 2.691 2.431 2.406
0.0048313 -0.5 9.78176 1.019911885 2.476990188 1.018 0.535 3.8053 4.084 1 0 0.532 0 0 0 0 0 -1 -3.73e-13 0 0.8034 0.1927 0.0006956 0.000191 0.001742 -1 0.003965 3.431 3.826 3.919 3.474 3.178 2.907 2.578 2.317 2.292
0.0048313 -0.5 9.78176 1.029237509 2.478836345 1.028 0.582 3.8031 4.032 1 0 0.532 0 0 0 0 0 -1 -4.32e-13 0 0.8014 0.1946 0.0007022 0.0001928 0.001759 -1 0.004013 3.316 3.724 3.81 3.36 3.06 2.786 2.451 2.187 2.161
0.0048313 -0.5 9.78176 1.031249642 2.479229646 1.03 0.592 3.8024 4.02 1 0 0.532 0 0 0 0 0 -1 -4.49e-13 0 0.8009 0.195 0.0007036 0.0001931 0.001762 -1 0.004023 3.29 3.701 3.787 3.334 3.033 2.758 2.422 2.156 2.13
0.0048313 -0.5 9.78176 1.033140063 2.479597552 1.031 0.602 3.8014 4.007 1 0 0.532 0 0 0 0 0 -1 -4.66e-13 0 0.8005 0.1954 0.000705 0.0001935 0.001765 -1 0.004032 3.265 3.681 3.765 3.31 3.007 2.73 2.392 2.125 2.098
0.0048313 -0.5 9.78176 1.040753961 2.481063789 1.039 0.643 3.7959 3.947 2 0 0.532 0 0 0 0 0 -1 -5.39e-13 0 0.7987 0.1972 0.0007109 0.0001951 0.00178 -1 0.004073 3.162 3.611 3.685 3.211 2.897 2.612 2.262 1.985 1.956
0.0048313 -0.5 9.78176 1.041499853 2.481206102 1.04 0.647 3.7951 3.94 2 0 0.532 0 0 0 0 0 -1 -5.48e-13 0 0.7985 0.1974 0.0007116 0.0001953 0.001782 -1 0.004077 3.152 3.606 3.678 3.202 2.886 2.6 2.248 1.969 1.94
0.0048313 -0.5 9.78176 1.045369267 2.481940628 1.044 0.668 3.7907 3.903 2 0 0.533 0 0 0 0 0 -1 -5.95e-13 0 0.7972 0.1987 0.0007154 0.0001964 0.001791 -1 0.004088 3.1 3.581 3.645 3.153 2.83 2.536 2.174 1.887 1.855
0.0048313 -0.5 9.78176 1.049898982 2.482792591 1.048 0.688 3.7817 3.849 2 0 0.534 0 0 0 0 0 -1 -6.58e-13 0 0.7865 0.2093 0.0007454 0.0002044 0.001862 -1 0.004239 3.05 3.591 3.636 3.112 2.772 2.464 2.079 1.772 1.737
0.0048313 -0.5 9.78176 1.05339241 2.483443895 1.051 0.694 3.7702 3.799 2 0 0.535 0 0 0 0 0 -1 -7.03e-13 0 0.7715 0.2241 0.0007851 0.000215 0.001956 -1 0.00444 3.036 3.671 3.681 3.114 2.751 2.425 2.01 1.678 1.638
0.0048313 -0.5 9.78176 1.055465579 2.483828066 1.053 0.689 3.7602 3.765 2 0 0.536 0 0 0 0 0 -1 -7.21e-13 0 0.762 0.2334 0.0008102 0.0002216 0.002016 -1 0.00459 3.049 3.77 3.747 3.143 2.76 2.418 1.977 1.623 1.579
0.0048313 -0.5 9.78176 1.056850076 2.484083657 1.055 0.682 3.752 3.739 2 0 0.536 0 0 0 0 0 -1 -7.31e-13 0 0.7561 0.2393 0.0008256 0.0002258 0.002053 -1 0.00467 3.065 3.866 3.809 3.175 2.775 2.42 1.957 1.585 1.536
0.0048313 -0.5 9.78176 1.058100343 2.484313807 1.056 0.677 3.7439 3.712 2 0 0.537 0 0 0 0 0 -1 -7.43e-13 0 0.7517 0.2435 0.0008368 0.0002287 0.002079 -1 0.004732 3.077 3.961 3.867 3.206 2.789 2.42 1.935 1.544 1.491
0.0048313 -0.5 9.78176 1.059339881 2.484541366 1.057 0.68 3.7364 3.679 2 0 0.537 0 0 0 0 0 -1 -7.73e-13 0 0.7488 0.2464 0.0008441 0.0002307 0.002096 -1 0.004772 3.07 4.037 3.905 3.217 2.785 2.403 1.896 1.487 1.431
0.0048313 -0.5 9.78176 1.060851932 2.484818125 1.059 0.697 3.7286 3.632 2 0 0.537 0 0 0 0 0 -1 -8.44e-13 0 0.7461 0.2492 0.0008503 0.0002323 0.002111 -1 0.004779 3.026 4.085 3.91 3.195 2.746 2.352 1.822 1.391 1.333
0.0048313 -0.5 9.78176 1.062179804 2.485060427 1.06 0.727 3.7235 3.582 2 0 0.537 0 0 0 0 0 -1 -9.52e-13 0 0.7439 0.2513 0.0008542 0.0002334 0.00212 -1 0.00482 2.953 4.074 3.869 3.136 2.677 2.275 1.728 1.284 1.224
0.0048313 -0.5 9.78176 1.062553287 2.485128452 1.06 0.737 3.7222 3.568 2 0 0.537 0 0 0 0 0 -1 -9.91e-13 0 0.7433 0.2519 0.0008551 0.0002336 0.002123 -1 0.004831 2.929 4.065 3.853 3.116 2.654 2.25 1.699 1.251 1.191
0.0048313 -0.5 9.78176 1.062771916 2.485168247 1.061 0.744 3.7217 3.559 2 0 0.537 0 0 0 0 0 -1 -1.02e-12 0 0.7429 0.2523 0.0008556 0.0002338 0.002124 -1 0.004809 2.911 4.053 3.839 3.1 2.637 2.232 1.68 1.23 1.17
0.0048313 -0.5 9.78176 1.064317107 2.485448967 1.062 0.796 3.718 3.492 3 0 0.536 0 0 0 0 0 -1 -1.23e-12 0 0.7401 0.255 0.0008566 0.0002351 0.002131 -1 0.004853 2.78 3.966 3.732 2.98 2.51 2.099 1.534 1.074 1.013
0.0048313 -0.5 9.78176 1.065530181 2.485668695 1.063 0.843 3.7156 3.436 3 0 0.531 0 0 0 0 0 -1 -1.46e-12 0 0.7375 0.2576 0.0008507 0.0002399 0.002136 -1 0.004852 2.662 3.88 3.63 2.87 2.395 1.979 1.407 0.94 0.878
0.0048313 -0.5 9.78176 1.06678021 2.485894515 1.064 0.897 3.7134 3.374 3 0 0.518 0 0 0 0 0 -1 -1.77e-12 0 0.7343 0.2608 0.0008305 0.0002578 0.00214 -1 0.004879 2.527 3.775 3.512 2.743 2.264 1.844 1.265 0.791 0.729
0.0048313 -0.5 9.78176 1.067789674 2.486076433 1.065 0.945 3.7117 3.32 3 0 0.499 0 0 0 0 0 -1 -2.1e-12 0 0.7316 0.2636 0.0008013 0.0002907 0.002143 -1 0.00486 2.408 3.679 3.405 2.63 2.147 1.724 1.139 0.661 0.598
0.0048313 -0.5 9.78176 1.068883658 2.486273137 1.066 1.001 3.7097 3.256 3 0 0.477 0 0 0 0 0 -1 -2.56e-12 0 0.7284 0.2667 0.0007674 0.0003326 0.002145 -1 0.004914 2.267 3.563 3.278 2.495 2.008 1.582 0.99 0.506 0.443
0.0048313 -0.5 9.78176 1.069784641 2.48643479 1.067 1.052 3.708 3.198 3 0 0.463 0 0 0 0 0 -1 -3.07e-12 0 0.726 0.2691 0.0007448 0.0003613 0.002147 -1 0.004899 2.14 3.46 3.165 2.374 1.884 1.454 0.857 0.367 0.303
0.0048313 -0.5 9.78176 1.07059598 2.486580092 1.068 1.102 3.7062 3.141 3 0 0.453 0 0 0 0 0 -1 -3.68e-12 0 0.724 0.2711 0.0007289 0.0003815 0.002148 -1 0.004882 2.015 3.357 3.052 2.255 1.761 1.328 0.725 0.23 0.166
0.0048313 -0.5 9.78176 1.071367502 2.486718029 1.069 1.154 3.7043 3.082 3 0 0.445 0 0 0 0 0 -1 -4.44e-12 0 0.7222 0.2728 0.0007167 0.000397 0.002149 -1 0.004912 1.884 3.25 2.935 2.132 1.634 1.198 0.588 0.087 0.022
0.0048313 -0.5 9.78176 1.072024584 2.486835325 1.069 1.203 3.7023 3.025 3 0 0.44 0 0 0 0 0 -1 -5.29e-12 0 0.721 0.274 0.0007091 0.0004068 0.002149 -1 0.004926 1.762 3.151 2.827 2.016 1.515 1.075 0.459 -0.047 -0.112
0.0048313 -0.5 9.78176 1.072663546 2.486949228 1.07 1.255 3.7002 2.965 3 0 0.436 0 0 0 0 0 -1 -6.39e-12 0 0.7201 0.2749 0.0007036 0.0004138 0.00215 -1 0.004915 1.632 3.048 2.711 1.893 1.388 0.945 0.321 -0.191 -0.257
0.0048313 -0.5 9.78176 1.073194981 2.487043845 1.07 1.303 3.6982 2.909 3 0 0.434 0 0 0 0 0 -1 -7.6e-12 0 0.7195 0.2756 0.0006999 0.0004185 0.00215 -1 0.004931 1.512 2.964 2.611 1.783 1.272 0.825 0.194 -0.325 -0.391
0.0048313 -0.5 9.78176 1.073701262 2.487133883 1.071 1.353 3.696 2.851 3 0 0.433 0 0 0 0 0 -1 -9.11e-12 0 0.7191 0.276 0.0006976 0.0004214 0.00215 -1 0.004916 1.388 2.878 2.506 1.668 1.152 0.7 0.061 -0.464 -0.532
0.0048313 -0.5 9.78176 1.074146509 2.487212986 1.071 1.401 3.6938 2.794 3 0 0.432 0 0 0 0 0 -1 -1.09e-11 0 0.7189 0.2762 0.0006964 0.0004231 0.002151 -1 0.004916 1.268 2.795 2.405 1.557 1.036 0.579 -0.067 -0.6 -0.668
0.0048313 -0.5 9.78176 1.074550152 2.487284632 1.071 1.449 3.6915 2.738 3 0 0.431 0 0 0 0 0 -1 -1.29e-11 0 0.7188 0.2763 0.0006956 0.000424 0.002151 -1 0.004917 1.149 2.713 2.306 1.448 0.921 0.46 -0.194 -0.735 -0.803
0.0048313 -0.5 9.78176 1.074912429 2.487348883 1.072 1.495 3.6892 2.682 3 0 0.431 0 0 0 0 0 -1 -1.53e-11 0 0.7187 0.2763 0.0006955 0.0004242 0.002151 -1 0.004917 1.032 2.634 2.21 1.342 0.809 0.344 -0.319 -0.867 -0.936
0.0048313 -0.5 9.78176 1.075250864 2.487408861 1.072 1.542 3.6868 2.625 3 0 0.431 0 0 0 0 0 -1 -1.82e-11 0 0.7187 0.2763 0.0006954 0.0004243 0.002151 -1 0.004917 0.914 2.556 2.113 1.235 0.697 0.227 -0.445 -1.001 -1.071
0.0048313 -0.5 9.78176 1.075562477 2.487464047 1.072 1.59 3.6844 2.568 3 0 0.431 0 0 0 0 0 -1 -2.17e-11 0 0.7187 0.2764 0.0006952 0.0004245 0.002151 -1 0.004918 0.796 2.478 2.017 1.129 0.585 0.11 -0.571 -1.135 -1.207
0.0048313 -0.5 9.78176 1.075836897 2.487512615 1.072 1.634 3.6819 2.514 3 0 0.431 0 0 0 0 0 -1 -2.56e-11 0 0.7187 0.2764 0.0006951 0.0004246 0.002151 -1 0.004918 0.684 2.406 1.927 1.029 0.478 -0.001 -0.691 -1.264 -1.336
0.0048313 -0.5 9.78176 1.076099634 2.487559089 1.072 1.68 3.6794 2.457 3 0 0.431 0 0 0 0 0 -1 -3.04e-11 0 0.7187 0.2764 0.000695 0.0004248 0.002151 -1 0.004918 0.569 2.341 1.838 0.926 0.369 -0.116 -0.815 -1.395 -1.468
0.0048313 -0.5 9.78176 1.076332688 2.487600291 1.072 1.723 3.677 2.405 3 0 0.431 0 0 0 0 0 -1 -3.56e-11 0 0.7187 0.2764 0.0006949 0.0004249 0.002151 -1 0.004918 0.461 2.287 1.757 0.832 0.267 -0.223 -0.931 -1.519 -1.593
0.0048313 -0.5 9.78176 1.076570034 2.487642231 1.072 1.767 3.6745 2.351 3 0 0.431 0 0 0 0 0 -1 -4.19e-11 0 0.7187 0.2764 0.0006949 0.000425 0.002151 -1 0.004919 0.352 2.232 1.674 0.736 0.163 -0.332 -1.049 -1.644 -1.719
0.0048313 -0.5 9.78176 1.076891422 2.487698987 1.072 1.811 3.672 2.297 3 0 0.431 0 0 0 0 0 -1 -4.96e-11 0 0.7187 0.2764 0.0006947 0.0004252 0.002151 -1 0.004919 0.242 2.177 1.591 0.638 0.058 -0.442 -1.167 -1.77 -1.846
0.0048313 -0.5 9.78176 1.076920271 2.48770408 1.073 1.814 3.6719 2.294 3 0 0.431 0 0 0 0 0 -1 -5.02e-11 0 0.7187 0.2764 0.0006947 0.0004252 0.002151 -1 0.004919 0.236 2.174 1.587 0.633 0.053 -0.448 -1.174 -1.777 -1.853
0.0048313 -0.5 9.78176 1.077091694 2.487734335 1.073 1.788 3.6737 2.327 3 0 0.431 0 0 0 0 0 -1 -4.6e-11 0 0.7187 0.2764 0.0006947 0.0004253 0.002151 -1 0.004919 0.299 2.197 1.63 0.686 0.112 -0.385 -1.104 -1.702 -1.777
0.0048313 -0.5 9.78176 1.077212453 2.487755641 1.073 1.753 3.6761 2.372 3 0 0.431 0 0 0 0 0 -1 -4.04e-11 0 0.7187 0.2764 0.0006946 0.0004253 0.002151 -1 0.004919 0.387 2.234 1.692 0.762 0.194 -0.297 -1.008 -1.598 -1.672
0.0048313 -0.5 9.78176 1.077243209 2.487761067 1.073 1.744 3.6767 2.383 3 0 0.431 0 0 0 0 0 -1 -3.89e-11 0 0.7187 0.2764 0.0006946 0.0004253 0.002151 -1 0.004919 0.409 2.243 1.708 0.78 0.215 -0.276 -0.985 -1.573 -1.647
0.0048313 -0.5 9.78176 1.077390552 2.487787055 1.073 1.78 3.6747 2.339 3 0 0.431 0 0 0 0 0 -1 -4.39e-11 0 0.7187 0.2764 0.0006945 0.0004254 0.002151 -1 0.004919 0.321 2.199 1.642 0.703 0.131 -0.364 -1.079 -1.674 -1.748
0.0048313 -0.5 9.78176 1.077571988 2.487819045 1.073 1.823 3.6721 2.286 3 0 0.431 0 0 0 0 0 -1 -5.14e-11 0 0.7187 0.2764 0.0006945 0.0004255 0.002151 -1 0.004919 0.213 2.148 1.562 0.609 0.029 -0.471 -1.196 -1.799 -1.874
0.0048313 -0.5 9.78176 1.077750683 2.487850539 1.073 1.867 3.6694 2.231 3 0 0.43 0 0 0 0 0 -1 -6.06e-11 0 0.7187 0.2764 0.0006944 0.0004256 0.002151 -1 0.00492 0.102 2.096 1.481 0.512 -0.076 -0.582 -1.316 -1.927 -2.003
0.0048313 -0.5 9.78176 1.077910662 2.487878724 1.072 1.91 3.6667 2.178 3 0 0.43 0 0 0 0 0 -1 -7.11e-11 0 0.7187 0.2764 0.0006943 0.0004257 0.002151 -1 0.00492 -0.004 2.051 1.406 0.422 -0.174 -0.686 -1.43 -2.049 -2.127
0.0048313 -0.5 9.78176 1.078062177 2.48790541 1.072 1.952 3.6641 2.124 3 0 0.43 0 0 0 0 0 -1 -8.34e-11 0 0.7187 0.2764 0.0006943 0.0004257 0.002151 -1 0.00492 -0.111 2.006 1.33 0.331 -0.274 -0.792 -1.546 -2.172 -2.251
0.0048313 -0.5 9.78176 1.078201771 2.487929988 1.072 1.995 3.6613 2.071 3 0 0.43 0 0 0 0 0 -1 -9.78e-11 0 0.7187 0.2764 0.0006942 0.0004258 0.002151 -1 0.00492 -0.217 1.963 1.256 0.241 -0.372 -0.896 -1.66 -2.295 -2.375
0.0048313 -0.5 9.78176 1.078332663 2.487953028 1.072 2.037 3.6586 2.017 3 0 0.43 0 0 0 0 0 -1 -1.15e-10 0 0.7187 0.2764 0.0006942 0.0004259 0.002151 -1 0.00492 -0.323 1.922 1.183 0.153 -0.47 -1.001 -1.774 -2.418 -2.499
0.0048313 -0.5 9.78176 1.078452468 2.48797411 1.072 2.079 3.6558 1.964 3 0 0.43 0 0 0 0 0 -1 -1.34e-10 0 0.7187 0.2764 0.0006941 0.0004259 0.002151 -1 0.00492 -0.428 1.892 1.118 0.064 -0.568 -1.103 -1.887 -2.539 -2.622
0.0048313 -0.5 9.78176 1.078564644 2.487993845 1.072 2.122 3.6529 1.91 3 0 0.43 0 0 0 0 0 -1 -1.58e-10 0 0.7187 0.2764 0.0006941 0.000426 0.002151 -1 0.00492 -0.534 1.865 1.055 -0.026 -0.667 -1.207 -2.002 -2.659 -2.745
0.0048313 -0.5 9.78176 1.078665733 2.488011625 1.072 2.163 3.6501 1.857 3 0 0.43 0 0 0 0 0 -1 -1.85e-10 0 0.7186 0.2764 0.0006941 0.000426 0.002151 -1 0.00492 -0.638 1.84 0.993 -0.113 -0.762 -1.307 -2.114 -2.776 -2.864
0.0048313 -0.5 9.78176 1.07875824 2.488027893 1.071 2.204 3.6473 1.805 3 0 0.43 0 0 0 0 0 -1 -2.15e-10 0 0.7186 0.2764 0.000694 0.0004261 0.002151 -1 0.004921 -0.739 1.82 0.936 -0.197 -0.855 -1.405 -2.223 -2.891 -2.982
0.0048313 -0.5 9.78176 1.078844666 2.488043088 1.071 2.245 3.6445 1.753 3 0 0.43 0 0 0 0 0 -1 -2.51e-10 0 0.7186 0.2764 0.000694 0.0004261 0.002151 -1 0.004921 -0.842 1.799 0.878 -0.281 -0.947 -1.502 -2.333 -3.006 -3.1
0.0048313 -0.5 9.78176 1.078923821 2.488057003 1.071 2.285 3.6416 1.701 3 0 0.43 0 0 0 0 0 -1 -2.93e-10 0 0.7186 0.2764 0.000694 0.0004262 0.002151 -1 0.004921 -0.942 1.781 0.823 -0.362 -1.037 -1.598 -2.44 -3.12 -3.217
0.0048313 -0.5 9.78176 1.078999162 2.488070244 1.07 2.326 3.6387 1.648 3 0 0.43 0 0 0 0 0 -1 -3.43e-10 0 0.7186 0.2764 0.0006939 0.0004262 0.002151 -1 0.004921 -1.045 1.764 0.766 -0.446 -1.128 -1.695 -2.55 -3.236 -3.337
0.0048313 -0.5 9.78176 1.079066873 2.488082143 1.07 2.366 3.6357 1.596 3 0 0.43 0 0 0 0 0 -1 -3.99e-10 0 0.7186 0.2764 0.0006939 0.0004262 0.002151 -1 0.004921 -1.145 1.752 0.714 -0.525 -1.215 -1.788 -2.657 -3.348 -3.453
0.0048313 -0.5 9.78176 1.079130292 2.488093286 1.069 2.406 3.6328 1.544 3 0 0.43 0 0 0 0 0 -1 -4.65e-10 0 0.7186 0.2764 0.0006939 0.0004263 0.002151 -1 0.004921 -1.245 1.74 0.662 -0.604 -1.302 -1.881 -2.764 -3.461 -3.571
0.0048313 -0.5 9.78176 1.0791893 2.488103653 1.069 2.446 3.6299 1.492 3 0 0.43 0 0 0 0 0 -1 -5.43e-10 0 0.7186 0.2764 0.0006939 0.0004263 0.002151 -1 0.004921 -1.346 1.727 0.608 -0.683 -1.39 -1.975 -2.871 -3.574 -3.688
0.0048313 -0.5 9.78176 1.079241991 2.488112909 1.068 2.485 3.6269 1.441 3 0 0.43 0 0 0 0 0 -1 -6.3e-10 0 0.7186 0.2764 0.0006938 0.0004263 0.002151 -1 0.004921 -1.443 1.73 0.56 -0.752 -1.471 -2.065 -2.975 -3.688 -3.805
0.0048313 -0.5 9.78176 1.079292655 2.488121808 1.068 2.525 3.624 1.39 3 0 0.43 9.35 7.02 4.96 3.81 3.09 4 -7.33e-10 0 0.7186 0.2764 0.0006938 0.0004264 0.002151 -1 0.004921 -1.542 1.732 0.51 -0.823 -1.554 -2.158 -3.081 -3.803 -3.923
0.0048313 -0.5 9.78176 1.079338551 2.488129868 1.067 2.563 3.621 1.339 3 0 0.43 10.39 7.69 5.42 4.16 3.38 4 -8.5e-10 0 0.7186 0.2764 0.0006938 0.0004264 0.002151 -1 0.004921 -1.638 1.738 0.464 -0.891 -1.634 -2.247 -3.184 -3.915 -4.039
0.0048313 -0.5 9.78176 1.079382181 2.48813753 1.066 2.602 3.618 1.288 3 0 0.43 11.55 8.44 5.92 4.55 3.69 3 -9.88e-10 0 0.7186 0.2764 0.0006938 0.0004264 0.002151 -1 0.004921 -1.736 1.745 0.418 -0.959 -1.715 -2.338 -3.288 -4.029 -4.156
0.0048313 -0.5 9.78176 1.079422951 2.488144689 1.065 2.641 3.6151 1.237 3 0 0.43 12.84 9.25 6.46 4.98 4.04 3 -1.15e-09 0 0.7186 0.2764 0.0006938 0.0004264 0.002151 -1 0.004921 -1.833 1.751 0.372 -1.026 -1.794 -2.428 -3.392 -4.142 -4.273
0.0048313 -0.5 9.78176 1.079459548 2.488151115 1.064 2.679 3.6121 1.187 3 0 0.43 14.24 10.12 7.04 5.43 4.41 3 -1.33e-09 0 0.7186 0.2765 0.0006938 0.0004264 0.002151 -1 0.004921 -1.927 1.763 0.331 -1.089 -1.87 -2.513 -3.492 -4.251 -4.386
0.0048313 -0.5 9.78176 1.079494715 2.488157289 1.064 2.717 3.6091 1.136 3 0 0.43 15.81 11.08 7.68 5.93 4.82 3 -1.54e-09 0 0.7186 0.2765 0.0006938 0.0004265 0.002151 -1 0.004921 -2.022 1.776 0.29 -1.152 -1.946 -2.6 -3.593 -4.362 -4.501
0.0048313 -0.5 9.78176 1.079526782 2.488162918 1.062 2.754 3.6062 1.087 3 0 0.43 17.51 12.11 8.36 6.46 5.25 3 -1.78e-09 0 0.7186 0.2765 0.0006937 0.0004265 0.002151 -1 0.004921 -2.115 1.791 0.253 -1.211 -2.019 -2.684 -3.691 -4.47 -4.613
0.0048313 -0.5 9.78176 1.07955718 2.488168255 1.061 2.791 3.6032 1.038 3 0 0.43 19.39 13.24 9.1 7.05 5.73 3 -2.05e-09 0 0.7186 0.2765 0.0006937 0.0004265 0.002151 -1 0.004921 -2.208 1.806 0.216 -1.27 -2.091 -2.769 -3.789 -4.578 -4.725
0.0048313 -0.5 9.78176 1.079586268 2.48817336 1.06 2.829 3.6001 0.987 3 0 0.43 21.55 14.52 9.93 7.7 6.26 3 -2.38e-09 0 0.7186 0.2765 0.0006937 0.0004265 0.002151 -1 0.004921 -2.303 1.826 0.18 -1.329 -2.165 -2.855 -3.89 -4.689 -4.84
0.0048313 -0.5 9.78176 1.079618692 2.488179051 1.059 2.874 3.5964 0.927 3 0 0.43 24.4 16.17 11.01 8.56 6.96 3 -2.84e-09 0 0.7186 0.2765 0.0006937 0.0004265 0.002151 -1 0.004921 -2.414 1.859 0.146 -1.392 -2.246 -2.955 -4.009 -4.819 -4.976
0.0048313 -0.5 9.78176 1.079648495 2.488184282 1.057 2.918 3.5927 0.867 3 0 0.43 27.64 18.02 12.21 9.5 7.73 2 -3.38e-09 0 0.7186 0.2765 0.0006937 0.0004265 0.002151 -1 0.004921 -2.526 1.892 0.113 -1.454 -2.328 -3.055 -4.128 -4.949 -5.112
0.0048313 -0.5 9.78176 1.079676151 2.488189135 1.055 2.963 3.589 0.806 3 0 0.43 31.31 20.09 13.54 10.56 8.59 2 -4.03e-09 0 0.7186 0.2765 0.0006937 0.0004265 0.002151 -1 0.004921 -2.637 1.926 0.083 -1.514 -2.407 -3.153 -4.246 -5.079 -5.247
0.0048313 -0.5 9.78176 1.079697728 2.488192922 1.053 2.999 3.5859 0.757 3 0 0.43 34.68 21.95 14.74 11.51 9.36 2 -4.66e-09 0 0.7186 0.2765 0.0006937 0.0004266 0.002151 -1 0.004921 -2.728 1.951 0.059 -1.559 -2.469 -3.234 -4.343 -5.185 -5.359
0.0048313 -0.5 9.78176 1.07972157 2.488197106 1.051 3.042 3.5822 0.698 3 0 0.43 39.15 24.39 16.3 12.75 10.37 2 -5.52e-09 0 0.7186 0.2765 0.0006937 0.0004266 0.002151 -1 0.004922 -2.835 1.984 0.036 -1.61 -2.539 -3.328 -4.457 -5.31 -5.49
0.0048313 -0.5 9.78176 1.079743266 2.488200913 1.048 3.083 3.5785 0.641 3 0 0.43 44.08 27.04 17.99 14.09 11.46 2 -6.52e-09 0 0.7186 0.2765 0.0006937 0.0004266 0.002151 -1 0.004921 -2.938 2.017 0.017 -1.653 -2.603 -3.418 -4.567 -5.432 -5.617
0.0048313 -0.5 9.78176 1.07976377 2.48820451 1.045 3.125 3.5747 0.583 3 0 0.43 49.69 30.01 19.86 15.58 12.68 2 -7.71e-09 0 0.7186 0.2765 0.0006937 0.0004266 0.002151 -1 0.004922 -3.042 2.044 0.003 -1.69 -2.662 -3.508 -4.679 -5.554 -5.746
0.0048313 -0.5 9.78176 1.079782963 2.488207878 1.042 3.166 3.5709 0.525 3 0 0.43 56 33.29 21.93 17.23 14.03 2 -9.12e-09 0 0.7186 0.2765 0.0006936 0.0004266 0.002151 -1 0.004922 -3.145 2.073 -0.01 -1.726 -2.719 -3.596 -4.789 -5.676 -5.874
0.0048313 -0.5 9.78176 1.079800725 2.488210994 1.039 3.207 3.567 0.468 3 0 0.43 63.08 36.91 24.2 19.05 15.51 1 -1.08e-08 0 0.7186 0.2765 0.0006936 0.0004266 0.002151 -1 0.004922 -3.247 2.1 -0.011 -1.745 -2.764 -3.682 -4.9 -5.797 -6.001
0.0048313 -0.5 9.78176 1.079817295 2.488213901 1.035 3.247 3.5631 0.411 3 0 0.43 70.96 40.87 26.67 21.03 17.13 1 -1.27e-08 0 0.7186 0.2765 0.0006936 0.0004266 0.002151 -1 0.004922 -3.346 2.127 -0.004 -1.757 -2.803 -3.765 -5.009 -5.915 -6.126
0.0048313 -0.5 9.78176 1.079832554 2.488216578 1.031 3.285 3.5592 0.355 3 0 0.43 79.67 45.18 29.35 23.18 18.88 1 -1.49e-08 0 0.7186 0.2765 0.0006936 0.0004266 0.002151 -1 0.004922 -3.443 2.154 0.008 -1.761 -2.835 -3.844 -5.115 -6.031 -6.248
0.0048313 -0.5 9.78176 1.079846859 2.488219088 1.026 3.322 3.5553 0.3 3 0 0.43 89.21 49.83 32.22 25.49 20.77 1 -1.74e-08 0 0.7186 0.2765 0.0006936 0.0004266 0.002151 -1 0.004922 -3.536 2.176 0.03 -1.748 -2.853 -3.918 -5.219 -6.143 -6.366
0.0048313 -0.5 9.78176 1.079860091 2.488221409 1.021 3.357 3.5516 0.249 3 0 0.43 99.19 54.61 35.17 27.86 22.71 1 -2.02e-08 0 0.7186 0.2765 0.0006936 0.0004266 0.002151 -1 0.004922 -3.623 2.197 0.052 -1.734 -2.868 -3.986 -5.315 -6.247 -6.477
0.0048313 -0.5 9.78176 1.079865456 2.48822235 1.019 3.37 3.5503 0.229 3 0 0.43 103.22 56.52 36.34 28.81 23.48 1 -2.14e-08 0 0.7186 0.2765 0.0006936 0.0004266 0.002151 -1 0.004922 -3.655 2.204 0.06 -1.729 -2.874 -4.012 -5.352 -6.286 -6.518
0.0048313 -0.5 9.78176 1.079865456 2.48822235 1.019 1.764 3.6976 2.424 4 0 0.449 0 0 0 0 0 -1 -1e-30 0 0.717 0.2781 0.0007297 0.0003926 0.002165 -1 0.004931 0.36 1.836 1.471 0.63 0.122 -0.329 -0.964 -1.486 -1.551
0.0048313 -0.5 9.78176 1.080002189 2.488246332 1.019 1.775 3.6967 2.41 4 0 0.449 0 0 0 0 0 -1 -1e-30 0 0.717 0.2781 0.0007296 0.0003927 0.002165 -1 0.004931 0.333 1.825 1.452 0.607 0.096 -0.356 -0.995 -1.519 -1.584
0.0048313 -0.5 9.78176 1.080144405 2.488271269 1.019 1.78 3.6964 2.404 4 0 0.449 0 0 0 0 0 -1 -1e-30 0 0.717 0.2781 0.0007295 0.0003928 0.002165 -1 0.004931 0.321 1.819 1.443 0.596 0.084 -0.368 -1.008 -1.533 -1.598
0.0048313 -0.5 9.78176 1.080287933 2.488296428 1.02 1.782 3.6965 2.403 4 0 0.449 0 0 0 0 0 -1 -1e-30 0 0.717 0.2781 0.0007295 0.0003928 0.002165 -1 0.004931 0.316 1.813 1.438 0.591 0.08 -0.373 -1.012 -1.537 -1.602
0.0048313 -0.5 9.78176 1.080432057 2.488321683 1.02 1.782 3.6968 2.404 4 0 0.449 0 0 0 0 0 -1 -1e-30 0 0.717 0.2781 0.0007294 0.0003929 0.002165 -1 0.004931 0.316 1.808 1.435 0.589 0.079 -0.373 -1.012 -1.535 -1.601
0.0048313 -0.5 9.78176 1.0805794 2.488347495 1.02 1.781 3.6972 2.406 4 0 0.449 0 0 0 0 0 -1 -1e-30 0 0.717 0.2781 0.0007293 0.000393 0.002165 -1 0.004931 0.317 1.803 1.433 0.589 0.08 -0.371 -1.009 -1.531 -1.596
0.0048313 -0.5 9.78176 1.080725074 2.488373006 1.02 1.78 3.6976 2.409 4 0 0.449 0 0 0 0 0 -1 -1e-30 0 0.717 0.2781 0.0007293 0.0003931 0.002165 -1 0.004931 0.32 1.798 1.431 0.59 0.081 -0.369 -1.005 -1.526 -1.591
0.0048313 -0.5 9.78176 1.080871701 2.488398677 1.02 1.779 3.698 2.412 4 0 0.449 0 0 0 0 0 -1 -1e-30 0 0.717 0.2781 0.0007292 0.0003932 0.002165 -1 0.004931 0.322 1.793 1.43 0.59 0.083 -0.367 -1.001 -1.521 -1.585
0.0048313 -0.5 9.78176 1.081017852 2.488424256 1.02 1.778 3.6985 2.414 4 0 0.449 0 0 0 0 0 -1 -1e-30 0 0.717 0.2781 0.0007291 0.0003933 0.002165 -1 0.004931 0.324 1.788 1.428 0.59 0.084 -0.364 -0.997 -1.516 -1.58
0.0048313 -0.5 9.78176 1.081166625 2.488450285 1.021 1.778 3.6989 2.417 4 0 0.449 0 0 0 0 0 -1 -1e-30 0 0.717 0.2781 0.000729 0.0003934 0.002165 -1 0.004931 0.326 1.782 1.426 0.59 0.085 -0.363 -0.994 -1.511 -1.576
0.0048313 -0.5 9.78176 1.081300497 2.488473701 1.021 1.777 3.6993 2.419 4 0 0.449 0 0 0 0 0 -1 -1e-30 0 0.717 0.2781 0.000729 0.0003934 0.002165 -1 0.004931 0.327 1.777 1.424 0.59 0.085 -0.362 -0.992 -1.508 -1.572
0.0048313 -0.5 9.78176 1.081435442 2.488497297 1.021 1.777 3.6996 2.42 4 0 0.449 0 0 0 0 0 -1 -1e-30 0 0.717 0.2781 0.0007289 0.0003935 0.002165 -1 0.004931 0.327 1.773 1.422 0.589 0.085 -0.361 -0.99 -1.505 -1.57
0.0048313 -0.5 9.78176 1.081571341 2.488521054 1.021 1.777 3.6999 2.422 4 0 0.449 0 0 0 0 0 -1 -1e-30 0 0.717 0.2781 0.0007289 0.0003936 0.002165 -1 0.004931 0.327 1.768 1.419 0.588 0.085 -0.361 -0.989 -1.503 -1.567
0.0048313 -0.5 9.78176 1.081707835 2.488544908 1.021 1.777 3.7002 2.423 4 0 0.449 0 0 0 0 0 -1 -1e-30 0 0.717 0.2781 0.0007288 0.0003937 0.002165 -1 0.004931 0.327 1.764 1.417 0.586 0.085 -0.361 -0.988 -1.501 -1.565
0.0048313 -0.5 9.78176 1.08185184 2.488570066 1.021 1.777 3.7004 2.424 4 0 0.449 0 0 0 0 0 -1 -1e-30 0 0.717 0.2781 0.0007287 0.0003938 0.002165 -1 0.004931 0.327 1.759 1.415 0.585 0.084 -0.361 -0.987 -1.5 -1.564
0.0048313 -0.5 9.78176 1.081898928 2.488578291 1.021 1.777 3.7005 2.424 4 0 0.449 0 0 0 0 0 -1 -1e-30 0 0.717 0.2781 0.0007287 0.0003938 0.002165 -1 0.004931 0.327 1.758 1.414 0.585 0.084 -0.361 -0.987 -1.499 -1.563
0.0048313 -0.5 9.78176 1.081973076 2.488591241 1.022 1.777 3.7006 2.424 4 0 0.449 0 0 0 0 0 -1 -1e-30 0 0.717 0.2781 0.0007287 0.0003938 0.002165 -1 0.004931 0.327 1.756 1.412 0.584 0.083 -0.361 -0.987 -1.499 -1.563
0.0048313 -0.5 9.78176 1.08210659 2.488614554 1.022 1.778 3.7008 2.425 4 0 0.448 0 0 0 0 0 -1 -1e-30 0 0.717 0.2781 0.0007286 0.0003939 0.002165 -1 0.004931 0.326 1.752 1.41 0.582 0.082 -0.362 -0.987 -1.499 -1.563
0.0048313 -0.5 9.78176 1.082238793 2.488637632 1.022 1.778 3.701 2.425 4 0 0.448 0 0 0 0 0 -1 -1e-30 0 0.717 0.2781 0.0007285 0.000394 0.002165 -1 0.004931 0.325 1.748 1.407 0.58 0.08 -0.363 -0.988 -1.499 -1.563
0.0048313 -0.5 9.78176 1.082375765 2.488661535 1.022 1.779 3.7011 2.425 4 0 0.448 0 0 0 0 0 -1 -1e-30 0 0.717 0.2781 0.0007285 0.0003941 0.002165 -1 0.004931 0.323 1.745 1.405 0.578 0.079 -0.365 -0.989 -1.499 -1.563
0.0048313 -0.5 9.78176 1.082511663 2.488685244 1.022 1.78 3.7012 2.425 4 0 0.448 0 0 0 0 0 -1 -1e-30 0 0.7169 0.2781 0.0007284 0.0003942 0.002165 -1 0.004931 0.321 1.741 1.402 0.576 0.076 -0.367 -0.991 -1.501 -1.565
0.0048313 -0.5 9.78176 1.082643509 2.488708239 1.022 1.781 3.7013 2.424 4 0 0.448 0 0 0 0 0 -1 -1e-30 0 0.7169 0.2781 0.0007283 0.0003942 0.002165 -1 0.004931 0.318 1.738 1.399 0.573 0.074 -0.369 -0.993 -1.503 -1.567
0.0048313 -0.5 9.78176 1.082789183 2.488733638 1.022 1.782 3.7013 2.423 4 0 0.448 0 0 0 0 0 -1 -1e-30 0 0.7169 0.2781 0.0007283 0.0003943 0.002165 -1 0.004931 0.315 1.734 1.395 0.57 0.07 -0.373 -0.996 -1.506 -1.57
0.0048313 -0.5 9.78176 1.082921743 2.488756745 1.023 1.784 3.7013 2.421 4 0 0.448 0 0 0 0 0 -1 -1e-30 0 0.7169 0.2781 0.0007282 0.0003944 0.002165 -1 0.004931 0.311 1.731 1.392 0.566 0.067 -0.377 -1 -1.51 -1.574
0.0048313 -0.5 9.78176 1.082931638 2.488758469 1.023 1.784 3.7013 2.421 4 0 0.448 0 0 0 0 0 -1 -1e-30 0 0.7169 0.2781 0.0007282 0.0003944 0.002165 -1 0.004931 0.311 1.731 1.392 0.566 0.066 -0.377 -1 -1.51 -1.574
0.0048313 -0.5 9.78176 1.082983375 2.488767485 1.023 1.784 3.7012 2.42 4 0 0.448 0 0 0 0 0 -1 -1e-30 0 0.7169 0.2781 0.0007282 0.0003944 0.002165 -1 0.004931 0.309 1.73 1.39 0.564 0.065 -0.379 -1.002 -1.512 -1.576
0.0048313 -0.5 9.78176 1.083130717 2.488793158 1.023 1.787 3.7011 2.418 4 0 0.448 0 0 0 0 0 -1 -1e-30 0 0.7169 0.2781 0.0007281 0.0003945 0.002165 -1 0.004931 0.303 1.727 1.386 0.559 0.059 -0.385 -1.009 -1.519 -1.583
0.0048313 -0.5 9.78176 1.083272934 2.488817929 1.023 1.789 3.7009 2.414 4 0 0.448 0 0 0 0 0 -1 -1e-30 0 0.7169 0.2781 0.000728 0.0003946 0.002165 -1 0.004931 0.296 1.723 1.381 0.553 0.052 -0.392 -1.016 -1.528 -1.591
0.0048313 -0.5 9.78176 1.08341682 2.488842983 1.023 1.793 3.7006 2.409 4 0 0.448 0 0 0 0 0 -1 -1e-30 0 0.7169 0.2781 0.000728 0.0003947 0.002165 -1 0.004931 0.288 1.72 1.375 0.545 0.044 -0.4 -1.026 -1.538 -1.602
0.0048313 -0.5 9.78176 1.083564401 2.488868673 1.023 1.797 3.7002 2.404 4 0 0.448 0 0 0 0 0 -1 -1e-30 0 0.7169 0.2781 0.0007279 0.0003948 0.002165 -1 0.004931 0.278 1.717 1.368 0.536 0.034 -0.411 -1.038 -1.551 -1.615
0.0048313 -0.5 9.78176 1.083709717 2.488893961 1.024 1.802 3.6996 2.397 4 0 0.448 0 0 0 0 0 -1 -1e-30 0 0.7169 0.2781 0.0007278 0.0003949 0.002165 -1 0.004931 0.266 1.713 1.36 0.526 0.023 -0.423 -1.052 -1.567 -1.631
0.0048313 -0.5 9.78176 1.083854914 2.48891922 1.024 1.807 3.699 2.389 4 0 0.448 0 0 0 0 0 -1 -1e-30 0 0.7169 0.2781 0.0007278 0.000395 0.002165 -1 0.004931 0.251 1.71 1.352 0.515 0.01 -0.437 -1.068 -1.585 -1.649
0.0048313 -0.5 9.78176 1.08399725 2.488943974 1.024 1.812 3.6986 2.383 4 0 0.448 0 0 0 0 0 -1 -1e-30 0 0.7169 0.2781 0.0007277 0.0003951 0.002165 -1 0.004931 0.241 1.707 1.345 0.506 0 -0.448 -1.081 -1.598 -1.663
0.0048313 -0.5 9.78176 1.084138393 2.488968513 1.024 1.818 3.698 2.375 4 0 0.448 0 0 0 0 0 -1 -1e-30 0 0.7169 0.2782 0.0007276 0.0003951 0.002165 -1 0.004931 0.226 1.703 1.336 0.494 -0.014 -0.463 -1.097 -1.617 -1.682
0.0048313 -0.5 9.78176 1.084281683 2.488993418 1.024 1.831 3.6965 2.355 4 0 0.448 0 0 0 0 0 -1 -1e-30 0 0.7169 0.2782 0.0007276 0.0003952 0.002165 -1 0.004931 0.192 1.696 1.316 0.466 -0.045 -0.497 -1.137 -1.661 -1.726
0.0048313 -0.5 9.78176 1.084424376 2.489018212 1.024 1.852 3.6942 2.326 4 0 0.448 0 0 0 0 0 -1 -1e-30 0 0.7169 0.2782 0.0007275 0.0003953 0.002166 -1 0.004931 0.141 1.684 1.284 0.424 -0.093 -0.55 -1.197 -1.727 -1.793
0.0048313 -0.5 9.78176 1.084536076 2.489037615 1.025 1.887 3.6904 2.275 4 0 0.448 0 0 0 0 0 -1 -1e-30 0 0.7169 0.2782 0.0007275 0.0003954 0.002166 -1 0.004931 0.053 1.664 1.231 0.352 -0.175 -0.639 -1.298 -1.84 -1.907
0.0048313 -0.5 9.78176 1.084590793 2.489047118 1.025 1.927 3.6862 2.218 4 0 0.448 0 0 0 0 0 -1 -1e-30 0 0.7169 0.2782 0.0007274 0.0003954 0.002166 -1 0.004931 -0.048 1.643 1.171 0.272 -0.267 -0.739 -1.413 -1.968 -2.037
0.0048313 -0.5 9.78176 1.084615946 2.489051486 1.025 1.966 3.6823 2.164 4 0 0.448 0 0 0 0 0 -1 -1e-30 0 0.7169 0.2782 0.0007274 0.0003954 0.002166 -1 0.004931 -0.145 1.621 1.112 0.193 -0.356 -0.836 -1.525 -2.092 -2.162
0.0048313 -0.5 9.78176 1.084628582 2.489053681 1.025 2.008 3.6782 2.105 4 0 0.448 0 0 0 0 0 -1 -1e-30 0 0.7169 0.2782 0.0007274 0.0003954 0.002166 -1 0.004931 -0.251 1.598 1.048 0.108 -0.453 -0.941 -1.644 -2.225 -2.296
0.0048313 -0.5 9.78176 1.084634662 2.489054736 1.025 2.048 3.6744 2.05 4 0 0.448 0 0 0 0 0 -1 -1e-30 0 0.7169 0.2782 0.0007274 0.0003954 0.002166 -1 0.004931 -0.35 1.578 0.99 0.029 -0.542 -1.038 -1.755 -2.348 -2.42
0.0048313 -0.5 9.78176 1.084638119 2.489055337 1.025 2.084 3.671 2 4 0 0.448 0 0 0 0 0 -1 -1e-30 0 0.7169 0.2782 0.0007274 0.0003954 0.002166 -1 0.004931 -0.441 1.558 0.935 -0.044 -0.625 -1.128 -1.857 -2.46 -2.534
0.0048313 -0.5 9.78176 1.084639192 2.489055523 1.025 2.099 3.6697 1.98 4 0 0.448 0 0 0 0 0 -1 -1e-30 0 0.7169 0.2782 0.0007274 0.0003954 0.002166 -1 0.004931 -0.477 1.554 0.915 -0.074 -0.66 -1.165 -1.898 -2.504 -2.579
0.0048313 -0.5 9.78176 1.084639311 2.489055544 1.025 2.1 3.6696 1.98 7 0 0.448 0 0 0 0 0 -1 -9.77e-21 0 0.7169 0.2776 0.0007274 0.0003954 0.002166 -1 0.005486 -0.479 1.554 0.915 -0.075 -0.661 -1.166 -1.9 -2.506 -2.581
0.0048313 -0.5 9.78176 1.084640503 2.489055751 1.025 2.119 3.6679 1.953 7 0 0.448 0 0 0 0 0 -1 -1.03e-20 0 0.7169 0.2776 0.0007274 0.0003954 0.002166 -1 0.005486 -0.528 1.549 0.889 -0.114 -0.706 -1.215 -1.954 -2.564 -2.64
0.0048313 -0.5 9.78176 1.084643006 2.489056185 1.025 2.159 3.6644 1.899 7 0 0.448 0 0 0 0 0 -1 -1.14e-20 0 0.7169 0.2776 0.0007274 0.0003954 0.002166 -1 0.005486 -0.627 1.538 0.837 -0.196 -0.798 -1.313 -2.065 -2.681 -2.76
0.0048313 -0.5 9.78176 1.084645271 2.489056579 1.025 2.189 3.6617 1.858 7 0 0.448 0 0 0 0 0 -1 -1.24e-20 0 0.7169 0.2776 0.0007274 0.0003954 0.002166 -1 0.005486 -0.702 1.53 0.798 -0.257 -0.868 -1.387 -2.149 -2.771 -2.851
0.0048313 -0.5 9.78176 1.084647536 2.489056972 1.025 2.202 3.6606 1.841 7 0 0.448 0 0 0 0 0 -1 -1.27e-20 0 0.7169 0.2776 0.0007274 0.0003954 0.002166 -1 0.005486 -0.734 1.527 0.782 -0.283 -0.897 -1.418 -2.183 -2.808 -2.889
0.0048313 -0.5 9.78176 1.08465004 2.489057407 1.025 2.206 3.6602 1.835 7 0 0.448 0 0 0 0 0 -1 -1.3e-20 0 0.7169 0.2776 0.0007274 0.0003954 0.002166 -1 0.005486 -0.746 1.525 0.775 -0.293 -0.908 -1.429 -2.197 -2.822 -2.904
0.0048313 -0.5 9.78176 1.084655762 2.4890584 1.024 2.191 3.6616 1.856 7 0 0.448 0 0 0 0 0 -1 -1.22e-20 0 0.7169 0.2776 0.0007274 0.0003954 0.002166 -1 0.005486 -0.708 1.529 0.794 -0.262 -0.873 -1.392 -2.154 -2.777 -2.858
0.0048313 -0.5 9.78176 1.084659576 2.489059063 1.024 2.185 3.6621 1.864 7 0 0.448 0 0 0 0 0 -1 -1.62e-20 0 0.7169 0.2776 0.0007274 0.0003954 0.002166 -1 0.005492 -0.693 1.53 0.802 -0.25 -0.86 -1.378 -2.138 -2.759 -2.84
0.0048313 -0.5 9.78176 1.08466959 2.489060801 1.024 2.178 3.6628 1.874 7 0 0.448 0 0 0 0 0 -1 -5.74e-20 0 0.7169 0.2776 0.0007274 0.0003954 0.002166 -1 0.00552 -0.675 1.531 0.811 -0.235 -0.843 -1.36 -2.118 -2.738 -2.817
0.0048313 -0.5 9.78176 1.084730267 2.489071337 1.024 2.173 3.6631 1.879 7 0 0.448 0 0 0 0 0 -1 -1.46e-14 0 0.7169 0.2773 0.0007274 0.0003955 0.002166 -1 0.005792 -0.663 1.534 0.818 -0.226 -0.832 -1.348 -2.105 -2.724 -2.804
0.0048313 -0.5 9.78176 1.08478725 2.489081229 1.023 2.184 3.6622 1.865 7 0 0.448 0 0 0 0 0 -1 -7.18e-10 0 0.7169 0.2771 0.0007273 0.0003955 0.002166 -1 0.006025 -0.689 1.533 0.805 -0.246 -0.856 -1.374 -2.134 -2.755 -2.836
0.0048313 -0.5 9.78176 1.084843516 2.489090996 1.022 2.227 3.6582 1.805 7 0 0.448 0 0 0 0 0 -1 -1.07e-09 0 0.7169 0.2771 0.0007273 0.0003956 0.002166 -1 0.006029 -0.798 1.526 0.751 -0.333 -0.954 -1.479 -2.254 -2.884 -2.968
0.0048313 -0.5 9.78176 1.084893703 2.489099707 1.021 2.271 3.6543 1.746 7 0 0.448 0 0 0 0 0 -1 -1.36e-09 0 0.7169 0.2771 0.0007273 0.0003956 0.002166 -1 0.006029 -0.907 1.52 0.697 -0.419 -1.053 -1.584 -2.375 -3.014 -3.101
0.0048313 -0.5 9.78176 1.084937215 2.489107258 1.02 2.314 3.6506 1.687 7 0 0.448 0 0 0 0 0 -1 -1.71e-09 0 0.7169 0.2771 0.0007273 0.0003956 0.002166 -1 0.006028 -1.014 1.512 0.644 -0.504 -1.148 -1.686 -2.492 -3.139 -3.23
0.0048313 -0.5 9.78176 1.084975123 2.489113837 1.019 2.356 3.6469 1.63 7 0 0.448 0 0 0 0 0 -1 -2.13e-09 0 0.7169 0.2771 0.0007272 0.0003956 0.002166 -1 0.006028 -1.12 1.509 0.593 -0.586 -1.241 -1.786 -2.608 -3.263 -3.358
0.0048313 -0.5 9.78176 1.085007906 2.489119525 1.017 2.398 3.6432 1.573 7 0 0.448 0 0 0 0 0 -1 -2.66e-09 0 0.7169 0.2771 0.0007272 0.0003956 0.002166 -1 0.006028 -1.224 1.508 0.545 -0.666 -1.331 -1.883 -2.721 -3.384 -3.483
0.0048313 -0.5 9.78176 1.085036397 2.489124469 1.016 2.439 3.6397 1.517 7 0 0.448 0 0 0 0 0 -1 -3.29e-09 0 0.7169 0.2771 0.0007272 0.0003957 0.002166 -1 0.006028 -1.327 1.507 0.496 -0.745 -1.419 -1.979 -2.833 -3.502 -3.607
0.0048313 -0.5 9.78176 1.085061908 2.489128894 1.014 2.48 3.6361 1.46 7 0 0.448 0 0 0 0 0 -1 -4.11e-09 0 0.7169 0.2771 0.0007272 0.0003957 0.002166 -1 0.006028 -1.43 1.516 0.449 -0.819 -1.506 -2.074 -2.945 -3.624 -3.733
0.0048313 -0.5 9.78176 1.085084915 2.489132886 1.012 2.521 3.6324 1.403 7 0 0.447 8.92 6.75 4.78 3.67 2.98 4 -5.13e-09 0 0.7169 0.2771 0.0007271 0.0003957 0.002166 -1 0.006028 -1.534 1.529 0.402 -0.891 -1.592 -2.171 -3.057 -3.749 -3.861
0.0048313 -0.5 9.78176 1.085106015 2.489136547 1.01 2.563 3.6283 1.344 7 0 0.447 10.08 7.51 5.29 4.07 3.3 3 -6.36e-09 0 0.7169 0.2771 0.0007268 0.0003959 0.002166 -1 0.006028 -1.638 1.556 0.363 -0.959 -1.675 -2.266 -3.172 -3.876 -3.993
0.0048313 -0.5 9.78176 1.085121036 2.489139152 1.008 2.595 3.6243 1.296 7 0 0.447 11.15 8.2 5.75 4.43 3.59 3 -7.48e-09 0 0.7169 0.2771 0.0007263 0.0003961 0.002166 -1 0.006028 -1.717 1.603 0.347 -1 -1.733 -2.336 -3.259 -3.977 -4.098
0.0048313 -0.5 9.78176 1.085139394 2.489142337 1.005 2.637 3.6182 1.228 7 0 0.446 12.83 9.26 6.46 4.99 4.05 3 -9.33e-09 0 0.7169 0.2771 0.0007247 0.0003973 0.002166 -1 0.006028 -1.822 1.691 0.341 -1.046 -1.803 -2.426 -3.376 -4.115 -4.243
0.0048313 -0.5 9.78176 1.085156918 2.489145376 1.001 2.679 3.6144 1.169 7 0 0.444 14.48 10.29 7.14 5.52 4.48 3 -1.17e-08 0 0.7169 0.2771 0.0007218 0.0004003 0.002166 -1 0.006028 -1.928 1.715 0.3 -1.112 -1.885 -2.521 -3.489 -4.24 -4.373
0.0048313 -0.5 9.78176 1.085173726 2.489148292 0.997 2.722 3.6107 1.11 7 0 0.442 16.37 11.44 7.9 6.12 4.97 3 -1.46e-08 0 0.7169 0.2771 0.0007179 0.0004048 0.002166 -1 0.006019 -2.034 1.742 0.261 -1.18 -1.969 -2.618 -3.604 -4.366 -4.504
0.0048313 -0.5 9.78176 1.085189462 2.489151021 0.992 2.764 3.6068 1.05 7 0 0.439 18.53 12.74 8.75 6.8 5.52 3 -1.81e-08 0 0.7169 0.2771 0.0007139 0.0004098 0.002166 -1 0.00601 -2.141 1.773 0.225 -1.243 -2.049 -2.713 -3.717 -4.493 -4.635
0.0048313 -0.5 9.78176 1.085204482 2.489153627 0.986 2.806 3.603 0.99 7 0 0.437 20.94 14.16 9.68 7.53 6.12 3 -2.26e-08 0 0.7169 0.2771 0.0007103 0.0004142 0.002166 -1 0.005988 -2.245 1.808 0.193 -1.303 -2.127 -2.806 -3.828 -4.616 -4.764
0.0048313 -0.5 9.78176 1.085219383 2.489156211 0.979 2.848 3.599 0.929 7 0 0.435 23.77 15.8 10.75 8.38 6.8 2 -2.81e-08 0 0.7169 0.2772 0.0007072 0.0004179 0.002166 -1 0.005956 -2.351 1.856 0.168 -1.36 -2.203 -2.9 -3.942 -4.743 -4.897
0.0048313 -0.5 9.78176 1.085232258 2.489158444 0.972 2.891 3.5949 0.866 7 0 0.433 27.05 17.67 11.96 9.34 7.59 2 -3.51e-08 0 0.7168 0.2772 0.0007046 0.0004211 0.002166 -1 0.005972 -2.458 1.907 0.146 -1.413 -2.277 -2.994 -4.058 -4.871 -5.031
0.0048313 -0.5 9.78176 1.085241675 2.489160077 0.965 2.934 3.5908 0.804 7 0 0.432 30.73 19.73 13.28 10.39 8.44 2 -4.38e-08 0 0.7168 0.2772 0.0007024 0.0004238 0.002166 -1 0.005979 -2.564 1.958 0.126 -1.464 -2.35 -3.087 -4.171 -4.997 -5.164
0.0048313 -0.5 9.78176 1.08524847 2.489161256 0.958 2.975 3.5867 0.743 7 0 0.431 34.81 21.97 14.72 11.53 9.37 2 -5.4e-08 0 0.7168 0.2772 0.0007005 0.0004262 0.002166 -1 0.005978 -2.667 2.005 0.111 -1.508 -2.415 -3.176 -4.282 -5.121 -5.294
0.0048313 -0.5 9.78176 1.085254669 2.489162331 0.951 3.019 3.5823 0.679 7 0 0.43 39.77 24.65 16.42 12.89 10.48 2 -6.74e-08 0 0.7168 0.2772 0.0006987 0.0004283 0.002166 -1 0.005978 -2.777 2.057 0.098 -1.552 -2.483 -3.27 -4.399 -5.252 -5.432
0.0048313 -0.5 9.78176 1.085260391 2.489163323 0.943 3.063 3.5777 0.612 7 0 0.429 45.62 27.73 18.38 14.46 11.76 2 -8.45e-08 0 0.7168 0.2772 0.0006974 0.00043 0.002166 -1 0.00598 -2.887 2.11 0.092 -1.587 -2.543 -3.364 -4.519 -5.385 -5.572
0.0048313 -0.5 9.78176 1.08526516 2.48916415 0.934 3.103 3.5732 0.55 7 0 0.428 51.82 30.94 20.4 16.08 13.08 1 -1.04e-07 0 0.7168 0.2772 0.0006964 0.0004311 0.002166 -1 0.00597 -2.988 2.158 0.095 -1.609 -2.59 -3.448 -4.628 -5.507 -5.701
0.0048313 -0.5 9.78176 1.085270286 2.489165039 0.922 3.146 3.5682 0.482 7 0 0.428 59.66 34.91 22.88 18.08 14.71 1 -1.31e-07 0 0.7168 0.2772 0.0006958 0.0004319 0.002166 -1 0.005977 -3.095 2.215 0.109 -1.621 -2.631 -3.535 -4.746 -5.639 -5.841
0.0048313 -0.5 9.78176 1.085273385 2.489165576 0.914 3.169 3.5654 0.444 7 0 0.428 64.49 37.31 24.38 19.28 15.69 1 -1.49e-07 0 0.7168 0.2772 0.0006956 0.0004321 0.002166 -1 0.005959 -3.153 2.247 0.127 -1.615 -2.645 -3.581 -4.81 -5.71 -5.917
0.0048313 -0.5 9.78176 1.085274458 2.489165762 0.911 3.184 3.5636 0.419 7 0 0.428 67.79 38.93 25.39 20.1 16.35 1 -1.61e-07 0 0.7168 0.2772 0.0006954 0.0004324 0.002166 -1 0.005957 -3.19 2.267 0.138 -1.612 -2.654 -3.61 -4.852 -5.757 -5.967
0.0048313 -0.5 9.78176 1.085274577 2.489165783 0.91 3.187 3.5633 0.415 7 0 0.428 68.36 39.21 25.57 20.24 16.47 1 -1.63e-07 0 0.7168 0.2772 0.0006954 0.0004324 0.002165 -1 0.005957 -3.197 2.27 0.14 -1.611 -2.655 -3.615 -4.859 -5.765 -5.975
0.0048313 -0.5 9.78176 1.085274935 2.489165845 0.909 3.194 3.5623 0.403 7 0 0.427 70.08 40.06 26.09 20.66 16.81 1 -1.69e-07 0 0.7168 0.2772 0.0006953 0.0004326 0.002165 -1 0.005958 -3.216 2.28 0.146 -1.61 -2.66 -3.631 -4.88 -5.788 -6
0.0048313 -0.5 9.78176 1.085275173 2.489165886 0.908 3.2 3.5617 0.395 7 0 0.427 71.36 40.68 26.48 20.98 17.07 1 -1.74e-07 0 0.7168 0.2772 0.0006952 0.0004327 0.002165 -1 0.005958 -3.23 2.286 0.15 -1.609 -2.664 -3.642 -4.896 -5.806 -6.019
0.0048313 -0.5 9.78176 1.085275531 2.489165949 0.907 3.213 3.5602 0.376 7 0 0.427 74.25 42.09 27.35 21.68 17.64 1 -1.84e-07 0 0.7168 0.2772 0.0006946 0.0004334 0.002165 -1 0.00598 -3.261 2.3 0.158 -1.607 -2.672 -3.667 -4.93 -5.844 -6.06
0.0048313 -0.5 9.78176 1.085275888 2.48916601 0.905 3.226 3.5586 0.355 7 0 0.427 77.45 43.64 28.31 22.46 18.28 1 -1.96e-07 0 0.7168 0.2772 0.0006945 0.0004336 0.002165 -1 0.005979 -3.294 2.313 0.172 -1.596 -2.674 -3.692 -4.967 -5.885 -6.103
0.0048313 -0.5 9.78176 1.085276365 2.489166093 0.903 3.241 3.5566 0.331 7 0 0.427 81.46 45.57 29.51 23.42 19.06 1 -2.11e-07 0 0.7168 0.2772 0.0006943 0.0004339 0.002165 -1 0.005974 -3.333 2.329 0.189 -1.582 -2.675 -3.721 -5.011 -5.933 -6.155
0.0048313 -0.5 9.78176 1.085277438 2.489166279 0.898 3.269 3.5531 0.286 7 0 0.427 89.42 49.35 31.83 25.3 20.6 1 -2.44e-07 0 0.7168 0.2773 0.0006939 0.0004344 0.002165 -1 0.005954 -3.403 2.361 0.223 -1.555 -2.675 -3.773 -5.091 -6.021 -6.248
0.0048313 -0.5 9.78176 1.085278273 2.489166424 0.892 3.271 3.5524 0.279 7 0 0.426 90.77 49.96 32.21 25.61 20.84 1 -2.51e-07 0 0.7168 0.2773 0.0006936 0.0004347 0.002165 -1 0.005969 -3.408 2.373 0.236 -1.542 -2.668 -3.775 -5.098 -6.029 -6.258
0.0048313 -0.5 9.78176 1.085278392 2.489166445 0.891 3.273 3.5522 0.275 7 0 0.426 91.39 50.25 32.38 25.75 20.96 1 -2.54e-07 0 0.7168 0.2773 0.0006935 0.0004348 0.002165 -1 0.005975 -3.413 2.375 0.238 -1.541 -2.669 -3.779 -5.104 -6.035 -6.264
0.0048313 -0.5 9.78176 1.085278511 2.489166465 0.89 3.264 3.5532 0.289 7 0 0.426 88.78 49.01 31.62 25.13 20.46 1 -2.44e-07 0 0.7168 0.2773 0.0006935 0.0004348 0.002165 -1 0.005978 -3.389 2.37 0.232 -1.545 -2.664 -3.76 -5.077 -6.006 -6.233
0.0048313 -0.5 9.78176 1.08527863 2.489166486 0.889 3.204 3.5592 0.372 7 0 0.426 74.6 42.19 27.4 21.74 17.69 1 -1.87e-07 0 0.7168 0.2773 0.0006935 0.0004348 0.002165 -1 0.005981 -3.24 2.341 0.204 -1.561 -2.633 -3.641 -4.912 -5.828 -6.045
0.0048313 -0.5 9.78176 1.08527875 2.489166507 0.888 3.235 3.5562 0.328 7 0 0.426 81.67 45.61 29.52 23.44 19.08 1 -2.15e-07 0 0.7167 0.2773 0.0006925 0.0004362 0.002165 -1 0.005981 -3.317 2.355 0.217 -1.555 -2.651 -3.703 -4.997 -5.92 -6.142
0.0048313 -0.5 9.78176 1.085278869 2.489166527 0.888 3.24 3.5556 0.32 7 0 0.426 83.05 46.26 29.92 23.77 19.34 1 -2.22e-07 0 0.7167 0.2773 0.0006923 0.0004365 0.002164 -1 0.005981 -3.331 2.358 0.219 -1.553 -2.653 -3.714 -5.012 -5.936 -6.159
0.0048313 -0.5 9.78176 1.085279465 2.489166631 0.884 3.235 3.5558 0.324 7 0 0.426 82.29 45.88 29.69 23.58 19.19 1 -2.18e-07 0 0.7167 0.2773 0.0006923 0.0004365 0.002164 -1 0.005981 -3.318 2.365 0.227 -1.544 -2.643 -3.702 -4.999 -5.923 -6.146
0.0048313 -0.5 9.78176 1.085279942 2.489166713 0.881 3.272 3.5515 0.269 7 0 0.425 92.34 50.65 32.62 25.95 21.12 1 -2.59e-07 0 0.7167 0.2773 0.0006923 0.0004365 0.002164 -1 0.005981 -3.409 2.397 0.261 -1.518 -2.651 -3.771 -5.102 -6.035 -6.265
0.0048313 -0.5 9.78176 1.08528018 2.489166755 0.878 3.301 3.548 0.225 7 0 0.425 101.24 54.79 35.16 28.01 22.8 1 -2.96e-07 0 0.7167 0.2773 0.0006921 0.0004367 0.002164 -1 0.005983 -3.481 2.419 0.298 -1.482 -2.646 -3.822 -5.183 -6.123 -6.359
0.0048313 -0.5 9.78176 1.085280657 2.489166837 0.874 3.33 3.5444 0.18 7 0 0.425 111.39 59.45 38.01 30.32 24.69 1 -3.39e-07 0 0.7167 0.2773 0.0006918 0.0004372 0.002164 -1 0.005987 -3.554 2.441 0.347 -1.43 -2.631 -3.87 -5.266 -6.214 -6.456
0.0048313 -0.5 9.78176 1.085281014 2.489166899 0.871 3.351 3.5417 0.146 7 0 0.425 119.52 63.12 40.24 32.14 26.17 1 -3.79e-07 0 0.7167 0.2773 0.0006915 0.0004375 0.002164 -1 0.005996 -3.608 2.458 0.384 -1.39 -2.619 -3.905 -5.326 -6.28 -6.526
0.0048313 -0.5 9.78176 1.085281491 2.489166982 0.866 3.373 3.5389 0.11 7 0 0.425 128.67 67.21 42.72 34.15 27.81 1 -4.23e-07 0 0.7167 0.2773 0.0006912 0.0004379 0.002164 -1 0.005997 -3.661 2.477 0.428 -1.34 -2.6 -3.937 -5.388 -6.347 -6.598
0.0048313 -0.5 9.78176 1.085282087 2.489167086 0.859 3.396 3.5357 0.071 7 0.529 0.425 139.72 72.06 45.65 36.54 29.77 1 -4.77e-07 0 0.7167 0.2773 0.000691 0.0004381 0.002164 -1 0.005989 -3.72 2.499 0.489 -1.269 -2.568 -3.967 -5.456 -6.42 -6.677
0.0048313 -0.5 9.78176 1.085283041 2.489167251 0.847 3.419 3.5324 0.029 7 0.53 0.425 150.95 77.47 48.9 39.21 31.94 1 -5.48e-07 0 0.7167 0.2773 0.0006909 0.0004382 0.002164 -1 0.005984 -3.777 2.529 0.56 -1.186 -2.527 -3.992 -5.522 -6.492 -6.755
0.0048313 -0.5 9.78176 1.085283399 2.489167313 0.842 3.426 3.5312 0.014 7 0.53 0.425 154.07 79.44 50.08 40.18 32.73 1 -5.77e-07 0 0.7167 0.2773 0.0006909 0.0004383 0.002164 -1 0.005981 -3.796 2.54 0.587 -1.155 -2.512 -4 -5.544 -6.516 -6.782
0.0048313 -0.5 9.78176 1.085283518 2.489167334 0.842 3.387 3.5372 0.078 8 0.53 0.445 137.23 70.78 44.86 35.93 29.26 1 -4.88e-07 0 0.7168 0.2783 0.000726 0.0004392 0.00217 -1 0.00494 -3.696 2.498 0.463 -1.304 -2.586 -3.956 -5.428 -6.389 -6.644
0.0048313 -0.5 9.78176 1.085283637 2.489167354 0.841 3.153 3.5597 0.4 8 0.53 0.446 69.47 39.5 25.7 20.41 16.6 1 -1.79e-07 0 0.7168 0.2783 0.000726 0.0004392 0.00217 -1 0.00494 -3.114 2.432 0.306 -1.451 -2.516 -3.517 -4.783 -5.699 -5.915
0.0048313 -0.5 9.78176 1.085283637 2.489167354 0.841 3.03 3.5744 0.582 8 0.53 0.446 47.36 28.45 18.78 14.84 12.06 1 -1.04e-07 0 0.7168 0.2783 0.000726 0.0004392 0.00217 -1 0.00494 -2.806 2.288 0.245 -1.449 -2.422 -3.27 -4.443 -5.32 -5.512
0.0048313 -0.5 9.78176 1.085283876 2.489167395 0.839 2.847 3.5963 0.852 8 0.53 0.446 26.75 17.44 11.77 9.24 7.49 2 -4.54e-08 0 0.7168 0.2783 0.000726 0.0004392 0.00217 -1 0.00494 -2.346 1.995 0.239 -1.317 -2.177 -2.887 -3.944 -4.752 -4.911
0.0048313 -0.5 9.78176 1.085284114 2.489167437 0.836 2.86 3.5945 0.831 8 0.53 0.446 27.96 18.11 12.2 9.58 7.77 2 -4.87e-08 0 0.7168 0.2783 0.000726 0.0004392 0.00217 -1 0.00494 -2.379 2.023 0.241 -1.328 -2.196 -2.915 -3.98 -4.793 -4.955
0.0048313 -0.5 9.78176 1.085284472 2.489167499 0.833 2.974 3.5807 0.659 8 0.53 0.446 40.13 24.67 16.39 12.93 10.5 2 -8.33e-08 0 0.7168 0.2783 0.000726 0.0004392 0.00217 -1 0.00494 -2.665 2.224 0.244 -1.417 -2.356 -3.153 -4.291 -5.148 -5.331
0.0048313 -0.5 9.78176 1.085284829 2.489167561 0.829 3.131 3.5617 0.424 8 0.531 0.446 65.85 37.69 24.56 19.5 15.85 1 -1.7e-07 0 0.7168 0.2783 0.000726 0.0004392 0.00217 -1 0.00494 -3.058 2.43 0.308 -1.441 -2.493 -3.47 -4.722 -5.634 -5.846
0.0048313 -0.5 9.78176 1.085285306 2.489167644 0.824 3.263 3.5457 0.226 8 0.531 0.446 99.95 53.82 34.52 27.56 22.42 1 -3.05e-07 0 0.7168 0.2783 0.000726 0.0004392 0.00217 -1 0.00494 -3.387 2.546 0.457 -1.311 -2.496 -3.712 -5.094 -6.04 -6.279
0.0048313 -0.5 9.78176 1.085285902 2.489167747 0.819 3.347 3.5353 0.098 8 0.531 0.446 130.96 67.76 43 34.45 28.05 1 -4.44e-07 0 0.7168 0.2783 0.000726 0.0004392 0.00217 -1 0.00494 -3.597 2.6 0.608 -1.139 -2.437 -3.841 -5.333 -6.299 -6.555
0.0048313 -0.5 9.78176 1.085286498 2.48916785 0.813 3.389 3.5299 0.03 8 0.531 0.446 148.25 76.41 48.22 38.71 31.52 1 -5.43e-07 0 0.7168 0.2783 0.000726 0.0004392 0.00217 -1 0.00494 -3.703 2.631 0.709 -1.018 -2.386 -3.897 -5.455 -6.43 -6.697
0.0048313 -0.5 9.78176 1.085287213 2.489167974 0.806 3.407 3.5274 -0.001 8 0.531 0.446 155.11 80.69 50.79 40.82 33.24 1 -6e-07 0 0.7168 0.2783 0.000726 0.0004392 0.00217 -1 0.00494 -3.748 2.648 0.776 -0.935 -2.345 -3.907 -5.508 -6.485 -6.757
0.0048313 -0.5 9.78176 1.085288048 2.489168119 0.799 3.415 3.526 -0.018 8 0.532 0.446 158.82 83.1 52.22 42.01 34.21 1 -6.38e-07 0 0.7168 0.2783 0.000726 0.0004392 0.00217 -1 0.00494 -3.768 2.662 0.818 -0.884 -2.318 -3.908 -5.533 -6.511 -6.786
0.0048313 -0.5 9.78176 1.085288048 2.489168119 0.798 3.24 3.547 0.24 8 0.532 0.446 96.48 52.04 33.4 26.68 21.7 1 -3.05e-07 0 0.7168 0.2783 0.000726 0.0004392 0.00217 -1 0.00494 -3.329 2.572 0.472 -1.298 -2.47 -3.663 -5.033 -5.977 -6.213
0.0048313 -0.5 9.78176 1.085288167 2.48916814 0.796 3.065 3.5678 0.498 8 0.532 0.446 55.93 32.66 21.41 16.99 13.8 1 -1.44e-07 0 0.7168 0.2783 0.000726 0.0004392 0.00217 -1 0.00494 -2.892 2.41 0.313 -1.412 -2.423 -3.33 -4.543 -5.438 -5.64
0.0048313 -0.5 9.78176 1.085288405 2.489168181 0.793 2.881 3.5897 0.767 8 0.532 0.446 31.59 20.05 13.43 10.58 8.59 2 -6.36e-08 0 0.7168 0.2783 0.000726 0.0004392 0.00217 -1 0.00494 -2.434 2.146 0.285 -1.318 -2.21 -2.953 -4.043 -4.872 -5.04
0.0048313 -0.5 9.78176 1.085288763 2.489168243 0.789 2.895 3.588 0.744 8 0.532 0.446 33.11 20.87 13.95 11 8.93 2 -6.89e-08 0 0.7168 0.2783 0.000726 0.0004392 0.00217 -1 0.00494 -2.468 2.173 0.288 -1.326 -2.228 -2.981 -4.08 -4.914 -5.085
0.0048313 -0.5 9.78176 1.085289121 2.489168305 0.784 3.009 3.5742 0.572 8 0.532 0.446 47.62 28.44 18.75 14.86 12.06 1 -1.18e-07 0 0.7168 0.2783 0.000726 0.0004392 0.00217 -1 0.00494 -2.752 2.355 0.306 -1.391 -2.366 -3.216 -4.39 -5.267 -5.46
0.0048313 -0.5 9.78176 1.085289717 2.489168408 0.777 3.165 3.5552 0.337 8 0.532 0.446 78.31 43.43 28.08 22.4 18.21 1 -2.4e-07 0 0.7168 0.2783 0.000726 0.0004392 0.00217 -1 0.00494 -3.142 2.54 0.412 -1.354 -2.455 -3.522 -4.823 -5.749 -5.973
0.0048313 -0.5 9.78176 1.085290194 2.489168491 0.769 3.295 3.5391 0.137 8 0.533 0.446 119.32 62.09 39.51 31.68 25.78 1 -4.32e-07 0 0.7168 0.2783 0.000726 0.0004392 0.00217 -1 0.00494 -3.468 2.644 0.603 -1.16 -2.413 -3.745 -5.193 -6.153 -6.403
0.0048313 -0.5 9.78176 1.085290909 2.489168615 0.76 3.379 3.5287 0.007 8 0.533 0.446 150.03 78.4 49.35 39.73 32.34 1 -6.38e-07 0 0.7168 0.2783 0.000726 0.0004392 0.00217 -1 0.00494 -3.677 2.699 0.797 -0.925 -2.315 -3.853 -5.433 -6.409 -6.679
0.0048313 -0.5 9.78176 1.085291743 2.48916876 0.75 3.422 3.5231 -0.064 8 0.533 0.446 166.5 88.78 55.55 44.83 36.49 0 -7.94e-07 0.01 0.7168 0.2783 0.000726 0.0004392 0.00217 -1 0.00494 -3.784 2.732 0.944 -0.742 -2.23 -3.883 -5.558 -6.54 -6.822
0.0048313 -0.5 9.78176 1.085292578 2.489168905 0.739 3.44 3.5206 -0.099 8 0.534 0.446 174.83 94.22 58.78 47.5 38.67 0 -8.98e-07 0.01 0.7168 0.2783 0.000726 0.0004392 0.00217 -1 0.00494 -3.83 2.756 1.021 -0.65 -2.185 -3.891 -5.612 -6.597 -6.885
0.0048313 -0.5 9.78176 1.085293531 2.48916907 0.727 3.449 3.5193 -0.121 8 0.534 0.446 179.67 97.54 60.73 49.13 40 0 -9.81e-07 0.01 0.7168 0.2783 0.000726 0.0004392 0.00217 -1 0.00494 -3.853 2.773 1.069 -0.592 -2.156 -3.89 -5.638 -6.625 -6.916
0.0048313 -0.5 9.78176 1.085293531 2.48916907 0.726 3.281 3.5401 0.131 8 0.534 0.446 119.97 61.91 39.34 31.62 25.71 1 -4.86e-07 0 0.7168 0.2783 0.000726 0.0004392 0.00217 -1 0.00494 -3.431 2.678 0.616 -1.156 -2.401 -3.716 -5.153 -6.111 -6.361
0.0048313 -0.5 9.78176 1.08529377 2.489169111 0.724 3.107 3.5616 0.389 8 0.534 0.446 69.15 38.78 25.17 20.09 16.32 1 -2.33e-07 0 0.7168 0.2783 0.000726 0.0004392 0.00217 -1 0.00494 -2.997 2.527 0.387 -1.374 -2.43 -3.409 -4.663 -5.573 -5.787
0.0048313 -0.5 9.78176 1.085294008 2.489169153 0.719 2.924 3.5845 0.661 8 0.534 0.446 38.68 23.68 15.71 12.45 10.1 1 -1.05e-07 0 0.7168 0.2783 0.000726 0.0004392 0.00217 -1 0.00494 -2.54 2.257 0.302 -1.344 -2.266 -3.041 -4.16 -5.004 -5.181
0.0048313 -0.5 9.78176 1.085294366 2.489169215 0.713 2.938 3.5831 0.638 8 0.534 0.446 40.57 24.64 16.32 12.94 10.5 1 -1.15e-07 0 0.7168 0.2783 0.000726 0.0004392 0.00217 -1 0.00494 -2.574 2.277 0.3 -1.357 -2.287 -3.071 -4.197 -5.045 -5.225
0.0048313 -0.5 9.78176 1.085294843 2.489169297 0.706 3.051 3.5694 0.466 8 0.535 0.446 58.48 33.56 21.91 17.47 14.18 1 -1.97e-07 0 0.7168 0.2783 0.000726 0.0004392 0.00217 -1 0.00494 -2.856 2.451 0.334 -1.402 -2.409 -3.301 -4.505 -5.394 -5.596
0.0048313 -0.5 9.78176 1.085295439 2.489169401 0.697 3.204 3.5505 0.231 8 0.535 0.446 96.38 51.15 32.75 26.29 21.36 1 -4e-07 0 0.7168 0.2783 0.000726 0.0004392 0.00217 -1 0.00494 -3.241 2.625 0.477 -1.313 -2.459 -3.595 -4.935 -5.871 -6.104
0.0048313 -0.5 9.78176 1.085296035 2.489169504 0.686 3.333 3.5346 0.031 8 0.535 0.446 139.11 73.02 46 37.14 30.2 0 -7.27e-07 0.01 0.7168 0.2783 0.000726 0.0004392 0.00217 -1 0.00494 -3.563 2.724 0.711 -1.054 -2.372 -3.795 -5.3 -6.267 -6.529
0.0048313 -0.5 9.78176 1.085296869 2.489169649 0.674 3.416 3.5246 -0.099 8 0.536 0.446 169.26 92.04 57.36 46.49 37.82 0 -1.09e-06 0.01 0.7168 0.2783 0.000726 0.0004392 0.00217 -1 0.00494 -3.77 2.788 0.944 -0.772 -2.25 -3.879 -5.537 -6.518 -6.801
0.0048313 -0.5 9.78176 1.085297704 2.489169793 0.66 3.459 3.5199 -0.17 8 0.536 0.446 182.96 -1 -1 -1 -1 0 -1.39e-06 0.02 0.7168 0.2783 0.000726 0.0004392 0.00217 -1 0.00494 -3.877 2.83 1.078 -0.613 -2.182 -3.913 -5.656 -6.643 -6.939
0.0048313 -0.5 9.78176 1.085298777 2.48916998 0.645 3.477 3.5185 -0.204 8 0.537 0.446 175.5 -1 -1 -1 -1 0 -1.62e-06 0.02 0.7168 0.2783 0.000726 0.0004392 0.00217 -1 0.00494 -3.924 2.854 1.13 -0.555 -2.164 -3.925 -5.706 -6.694 -6.995
0.0048313 -0.5 9.78176 1.085299849 2.489170166 0.629 3.487 3.5187 -0.224 8 0.537 0.446 167.59 -1 -1 -1 -1 0 -1.83e-06 0.03 0.7168 0.2783 0.000726 0.0004392 0.00217 -1 0.00494 -3.948 2.881 1.136 -0.563 -2.179 -3.942 -5.726 -6.715 -7.02
0.0048313 -0.5 9.78176 1.085305095 2.489171075 0.515 -9.999 4 1.781 9 0.539 0 0 0 0 0 0 -1 -1e-30 0 0.7168 0.2783 0.000726 0.0004392 0.00217 -1 0.00494 29.767 29.759 30.016 30.061 30.049 30.042 30.084 30.08 30.096
