# downloaded from PARSEC/CMD via ezpadova
# component=thin6 family=thin_disk component_index=5 logAge=9.78175537465247 MH=-0.5 photometric_system=roman2021
# Zini MH logAge Mini int_IMF Mass logL logTe logg label McoreTP C_O period0 period1 period2 period3 period4 pmode Mloss tau1m X Y Xc Xn Xo Cexcess Z mbolmag F062mag F087mag F106mag F129mag F158mag F184mag F146mag F213mag SNprismmag Grism_1stOrdermag Grism_0thOrdermag
0.0048313 -0.5 9.78176 0.0900000036 1.081689593 0.09 -3.326 3.4057 5.293 1 0 0.545 0 0 0 0 0 -1 -4.47e-17 0 0.7368 0.2583 0.0008868 0.0002392 0.00217 -1 0.004931 13.085 15.76 12.477 11.512 10.934 10.61 10.53 10.982 10.307 11.327 10.878 10.628
0.0048313 -0.5 9.78176 0.1000000015 1.171106412 0.1 -3.117 3.4355 5.249 1 0 0.545 0 0 0 0 0 -1 -7.22e-17 0 0.7364 0.2587 0.0008868 0.0002392 0.00217 -1 0.004931 12.562 14.851 11.878 11.007 10.446 10.101 10 10.478 9.789 10.815 10.38 10.1
0.0048313 -0.5 9.78176 0.1199999973 1.319315425 0.12 -2.849 3.4677 5.189 1 0 0.545 0 0 0 0 0 -1 -1.31e-16 0 0.7357 0.2594 0.0008868 0.0002392 0.00217 -1 0.004931 11.893 13.58 11.093 10.372 9.839 9.464 9.341 9.847 9.154 10.17 9.759 9.441
0.0048313 -0.5 9.78176 0.1260111034 1.357689794 0.126 -2.79 3.4739 5.176 1 0 0.545 0 0 0 0 0 -1 -1.48e-16 0 0.7355 0.2596 0.0008868 0.0002392 0.00217 -1 0.004931 11.746 13.327 10.929 10.233 9.705 9.326 9.199 9.709 9.016 10.029 9.622 9.299
0.0048313 -0.5 9.78176 0.1400000006 1.438452672 0.14 -2.664 3.4871 5.148 1 0 0.545 0 0 0 0 0 -1 -1.94e-16 0 0.735 0.26 0.0008868 0.0002392 0.00217 -1 0.004931 11.429 12.783 10.58 9.937 9.418 9.031 8.896 9.415 8.725 9.728 9.332 8.997
0.0048313 -0.5 9.78176 0.1477703005 1.478913484 0.148 -2.606 3.4924 5.135 1 0 0.545 0 0 0 0 0 -1 -2.19e-16 0 0.7348 0.2603 0.0008868 0.0002392 0.00217 -1 0.004931 11.285 12.554 10.426 9.801 9.286 8.897 8.759 9.28 8.593 9.592 9.199 8.86
0.0048313 -0.5 9.78176 0.1599999964 1.537293155 0.16 -2.521 3.5003 5.117 1 0 0.545 0 0 0 0 0 -1 -2.62e-16 0 0.7345 0.2606 0.0008868 0.0002392 0.00217 -1 0.004932 11.073 12.227 10.2 9.601 9.092 8.699 8.558 9.082 8.398 9.39 9.002 8.658
0.0048313 -0.5 9.78176 0.1999999881 1.693879036 0.2 -2.303 3.5182 5.067 1 0 0.545 0 0 0 0 0 -1 -4.1e-16 0 0.7335 0.2615 0.0008868 0.0002392 0.00217 -1 0.004931 10.528 11.44 9.633 9.086 8.589 8.189 8.04 8.571 7.894 8.872 8.495 8.139
0.0048313 -0.5 9.78176 0.25 1.8403258 0.25 -2.097 3.5323 5.014 1 0 0.545 0 0 0 0 0 -1 -6.25e-16 0 0.7328 0.2622 0.0008868 0.0002392 0.00217 -1 0.004931 10.013 10.771 9.107 8.595 8.108 7.703 7.547 8.084 7.412 8.379 8.01 7.646
0.0048313 -0.5 9.78176 0.3000000119 1.952913977 0.3 -1.935 3.5419 4.969 1 0 0.545 0 0 0 0 0 -1 -8.72e-16 0 0.7325 0.2625 0.0008868 0.0002393 0.00217 -1 0.004931 9.607 10.273 8.697 8.205 7.725 7.315 7.154 7.695 7.027 7.988 7.624 7.252
0.0048313 -0.5 9.78176 0.3404023945 2.027400869 0.34 -1.814 3.5485 4.93 1 0 0.545 0 0 0 0 0 -1 -1.13e-15 0 0.7367 0.2583 0.0008868 0.0002392 0.00217 -1 0.004931 9.304 9.912 8.392 7.915 7.438 7.024 6.859 7.405 6.737 7.696 7.334 6.957
0.0048313 -0.5 9.78176 0.3499999642 2.043417416 0.35 -1.787 3.55 4.92 1 0 0.545 0 0 0 0 0 -1 -1.2e-15 0 0.7375 0.2576 0.0008868 0.0002392 0.00217 -1 0.004931 9.236 9.831 8.325 7.85 7.374 6.959 6.793 7.34 6.672 7.63 7.27 6.891
0.0048313 -0.5 9.78176 0.3733502924 2.080108801 0.373 -1.713 3.5555 4.897 1 0 0.545 0 0 0 0 0 -1 -1.42e-15 0 0.7375 0.2575 0.0008868 0.0002392 0.00217 -1 0.004931 9.053 9.602 8.142 7.678 7.206 6.787 6.617 7.168 6.501 7.457 7.099 6.715
0.0048313 -0.5 9.78176 0.3999999762 2.118502399 0.4 -1.635 3.5614 4.872 1 0 0.545 0 0 0 0 0 -1 -1.69e-15 0 0.7376 0.2575 0.0008868 0.0002392 0.00217 -1 0.004931 8.857 9.356 7.946 7.495 7.025 6.603 6.428 6.984 6.317 7.272 6.916 6.526
0.0048313 -0.5 9.78176 0.4499999881 2.182280901 0.45 -1.469 3.5757 4.815 1 0 0.545 0 0 0 0 0 -1 -2.49e-15 0 0.7376 0.2575 0.0008868 0.0002392 0.00217 -1 0.004931 8.442 8.832 7.536 7.111 6.65 6.218 6.033 6.599 5.934 6.885 6.534 6.13
0.0048313 -0.5 9.78176 0.4999999404 2.237454072 0.5 -1.291 3.5951 4.76 1 0 0.545 0 0 0 0 0 -1 -3.79e-15 0 0.7376 0.2575 0.0008868 0.0002392 0.00217 -1 0.004931 7.998 8.266 7.1 6.707 6.256 5.812 5.617 6.194 5.538 6.476 6.132 5.714
0.0048313 -0.5 9.78176 0.5428586602 2.277656133 0.542 -1.125 3.6178 4.72 1 0 0.545 0 0 0 0 0 -1 -5.58e-15 0 0.752 0.2433 0.0008415 0.0002271 0.002061 -1 0.00468 7.582 7.74 6.696 6.335 5.892 5.431 5.239 5.82 5.185 6.096 5.76 5.335
0.0048313 -0.5 9.78176 0.5500000119 2.283658263 0.55 -1.098 3.6213 4.714 1 0 0.544 0 0 0 0 0 -1 -5.94e-15 0 0.7541 0.2413 0.0008349 0.0002253 0.002045 -1 0.004644 7.516 7.658 6.633 6.276 5.834 5.371 5.181 5.761 5.131 6.036 5.701 5.277
0.0048313 -0.5 9.78176 0.5578404665 2.290044865 0.557 -1.069 3.6262 4.709 1 0 0.545 0 0 0 0 0 -1 -6.35e-15 0 0.7545 0.2409 0.0008338 0.000225 0.002042 -1 0.004631 7.441 7.562 6.561 6.211 5.77 5.306 5.119 5.697 5.073 5.97 5.637 5.215
0.0048313 -0.5 9.78176 0.5999999642 2.321121285 0.6 -0.914 3.6512 4.687 1 0 0.545 0 0 0 0 0 -1 -8.97e-15 0 0.7567 0.2387 0.0008274 0.0002233 0.002026 -1 0.004582 7.055 7.064 6.191 5.877 5.449 4.999 4.832 5.383 4.802 5.641 5.323 4.924
0.0048313 -0.5 9.78176 0.6499999166 2.352035277 0.65 -0.734 3.6826 4.667 1 0 0.544 0 0 0 0 0 -1 -1.33e-14 0 0.7593 0.2361 0.00082 0.0002213 0.002009 -1 0.004566 6.605 6.498 5.759 5.492 5.106 4.713 4.576 5.062 4.553 5.289 5.005 4.66
0.0048313 -0.5 9.78176 0.6589372158 2.356995685 0.659 -0.703 3.6878 4.663 1 0 0.544 0 0 0 0 0 -1 -1.43e-14 0 0.7599 0.2355 0.0008182 0.0002209 0.002004 -1 0.004573 6.527 6.405 5.684 5.425 5.049 4.668 4.535 5.009 4.513 5.23 4.952 4.618
0.0048313 -0.5 9.78176 0.6872470975 2.371733713 0.687 -0.607 3.7036 4.648 1 0 0.544 0 0 0 0 0 -1 -1.78e-14 0 0.7618 0.2337 0.0008126 0.0002194 0.001991 -1 0.004546 6.287 6.126 5.457 5.221 4.871 4.523 4.404 4.841 4.384 5.045 4.786 4.482
0.0048313 -0.5 9.78176 0.6999999881 2.377926697 0.7 -0.564 3.7105 4.641 1 0 0.544 0 0 0 0 0 -1 -1.96e-14 0 0.7626 0.2329 0.00081 0.0002187 0.001985 -1 0.004502 6.18 6.006 5.358 5.133 4.793 4.459 4.346 4.767 4.326 4.964 4.713 4.422
0.0048313 -0.5 9.78176 0.7152135968 2.384983433 0.715 -0.514 3.7185 4.632 1 0 0.542 0 0 0 0 0 -1 -2.19e-14 0 0.7638 0.2317 0.0008033 0.0002177 0.001977 -1 0.004501 6.055 5.867 5.243 5.029 4.701 4.382 4.276 4.68 4.257 4.868 4.627 4.349
0.0048313 -0.5 9.78176 0.7377404571 2.394820195 0.738 -0.44 3.7302 4.619 1 0 0.538 0 0 0 0 0 -1 -2.6e-14 0 0.7655 0.23 0.0007935 0.0002163 0.001965 -1 0.004491 5.87 5.668 5.076 4.877 4.567 4.27 4.172 4.552 4.154 4.728 4.5 4.242
0.0048313 -0.5 9.78176 0.7487857342 2.399395381 0.749 -0.404 3.7357 4.611 1 0 0.537 0 0 0 0 0 -1 -2.83e-14 0 0.7664 0.2291 0.0007888 0.0002156 0.00196 -1 0.004472 5.781 5.573 4.996 4.805 4.503 4.215 4.122 4.49 4.104 4.661 4.439 4.19
0.0048313 -0.5 9.78176 0.7500008345 2.399889247 0.75 -0.4 3.7362 4.61 1 0 0.537 0 0 0 0 0 -1 -2.85e-14 0 0.7665 0.229 0.0007884 0.0002155 0.001959 -1 0.004468 5.771 5.563 4.987 4.797 4.495 4.208 4.116 4.483 4.098 4.653 4.432 4.184
0.0048313 -0.5 9.78176 0.7701071501 2.407801791 0.77 -0.336 3.745 4.592 1 0 0.537 0 0 0 0 0 -1 -3.34e-14 0 0.7687 0.2269 0.0007822 0.0002138 0.001944 -1 0.004417 5.61 5.395 4.843 4.663 4.374 4.101 4.015 4.365 3.998 4.527 4.316 4.081
0.0048313 -0.5 9.78176 0.7886304259 2.41468223 0.788 -0.277 3.7528 4.574 1 0 0.536 0 0 0 0 0 -1 -3.86e-14 0 0.7708 0.2249 0.0007762 0.0002122 0.00193 -1 0.004373 5.461 5.245 4.713 4.542 4.263 4.002 3.922 4.256 3.906 4.412 4.208 3.985
0.0048313 -0.5 9.78176 0.7975714207 2.417872134 0.797 -0.248 3.7565 4.566 1 0 0.536 0 0 0 0 0 -1 -4.14e-14 0 0.7718 0.2238 0.0007732 0.0002114 0.001922 -1 0.004348 5.39 5.173 4.65 4.484 4.209 3.954 3.876 4.204 3.861 4.357 4.157 3.939
0.0048313 -0.5 9.78176 0.8164598346 2.424347614 0.816 -0.188 3.7634 4.543 1 0 0.536 0 0 0 0 0 -1 -4.82e-14 0 0.7747 0.221 0.000765 0.0002092 0.001903 -1 0.004322 5.239 5.022 4.517 4.359 4.092 3.847 3.774 4.089 3.76 4.236 4.043 3.834
0.0048313 -0.5 9.78176 0.8337240219 2.429972072 0.833 -0.133 3.7694 4.521 1 0 0.536 0 0 0 0 0 -1 -5.55e-14 0 0.7775 0.2182 0.000757 0.0002071 0.001884 -1 0.004277 5.101 4.885 4.396 4.244 3.985 3.747 3.679 3.983 3.665 4.125 3.937 3.737
0.0048313 -0.5 9.78176 0.8463571072 2.433921003 0.846 -0.092 3.7737 4.504 1 0 0.536 0 0 0 0 0 -1 -6.16e-14 0 0.7797 0.2161 0.0007509 0.0002054 0.001869 -1 0.004245 5.001 4.786 4.308 4.161 3.906 3.674 3.609 3.906 3.596 4.044 3.861 3.666
0.0048313 -0.5 9.78176 0.872146368 2.441575478 0.871 -0.009 3.7812 4.464 1 0 0.535 0 0 0 0 0 -1 -7.69e-14 0 0.786 0.2098 0.0007327 0.0002006 0.001825 -1 0.004165 4.793 4.582 4.124 3.984 3.739 3.518 3.458 3.741 3.446 3.873 3.697 3.513
0.0048313 -0.5 9.78176 0.8951427937 2.447974956 0.894 0.066 3.7874 4.425 1 0 0.535 0 0 0 0 0 -1 -9.44e-14 0 0.7924 0.2035 0.0007147 0.0001957 0.001782 -1 0.004097 4.604 4.397 3.955 3.822 3.584 3.372 3.316 3.588 3.305 3.715 3.545 3.369
0.0048313 -0.5 9.78176 0.8956893682 2.448122466 0.895 0.068 3.7876 4.424 1 0 0.535 0 0 0 0 0 -1 -9.49e-14 0 0.7926 0.2033 0.0007142 0.0001956 0.00178 -1 0.004094 4.6 4.392 3.951 3.818 3.581 3.368 3.313 3.584 3.302 3.711 3.541 3.366
0.0048313 -0.5 9.78176 0.9156315923 2.453366307 0.914 0.136 3.7924 4.385 1 0 0.534 0 0 0 0 0 -1 -1.15e-13 0 0.7984 0.1976 0.0006983 0.0001913 0.001743 -1 0.003938 4.43 4.226 3.796 3.668 3.436 3.231 3.178 3.441 3.168 3.564 3.399 3.23
0.0048313 -0.5 9.78176 0.9332253933 2.457779272 0.932 0.198 3.7964 4.347 1 0 0.534 0 0 0 0 0 -1 -1.37e-13 0 0.8035 0.1926 0.0006844 0.0001876 0.001709 -1 0.003892 4.276 4.074 3.655 3.53 3.303 3.103 3.052 3.309 3.042 3.428 3.267 3.103
0.0048313 -0.5 9.78176 0.9439284801 2.460371516 0.943 0.236 3.7986 4.323 1 0 0.533 0 0 0 0 0 -1 -1.53e-13 0 0.8066 0.1896 0.000676 0.0001854 0.00169 -1 0.003844 4.18 3.979 3.566 3.443 3.219 3.021 2.973 3.225 2.963 3.343 3.183 3.022
0.0048313 -0.5 9.78176 0.9539896846 2.462747404 0.953 0.272 3.8005 4.299 1 0 0.533 0 0 0 0 0 -1 -1.7e-13 0 0.8078 0.1884 0.0006737 0.0001848 0.001685 -1 0.00381 4.09 3.89 3.482 3.361 3.139 2.944 2.897 3.146 2.887 3.262 3.105 2.946
0.0048313 -0.5 9.78176 0.9685285687 2.466080587 0.967 0.324 3.8028 4.263 1 0 0.533 0 0 0 0 0 -1 -1.98e-13 0 0.8093 0.1869 0.0006718 0.0001844 0.001682 -1 0.003803 3.96 3.762 3.36 3.241 3.022 2.83 2.784 3.029 2.775 3.144 2.988 2.832
0.0048313 -0.5 9.78176 0.9807248116 2.468789214 0.98 0.369 3.8043 4.23 1 0 0.532 0 0 0 0 0 -1 -2.27e-13 0 0.8102 0.186 0.0006716 0.0001844 0.001682 -1 0.003803 3.849 3.651 3.253 3.135 2.918 2.728 2.683 2.926 2.674 3.039 2.885 2.731
0.0048313 -0.5 9.78176 0.9905653 2.470918837 0.99 0.407 3.8053 4.199 1 0 0.532 0 0 0 0 0 -1 -2.55e-13 0 0.8095 0.1866 0.0006749 0.0001853 0.001691 -1 0.003817 3.752 3.555 3.16 3.043 2.827 2.639 2.594 2.835 2.585 2.948 2.794 2.641
0.0048313 -0.5 9.78176 0.9927142262 2.471377441 0.992 0.416 3.8054 4.192 1 0 0.532 0 0 0 0 0 -1 -2.62e-13 0 0.8092 0.1869 0.0006762 0.0001857 0.001694 -1 0.003823 3.73 3.533 3.139 3.022 2.806 2.618 2.573 2.814 2.564 2.926 2.773 2.621
0.0048313 -0.5 9.78176 0.9989004135 2.472684981 0.998 0.441 3.806 4.172 1 0 0.532 0 0 0 0 0 -1 -2.82e-13 0 0.8079 0.1882 0.0006806 0.0001869 0.001705 -1 0.003855 3.667 3.47 3.077 2.96 2.745 2.559 2.514 2.754 2.505 2.866 2.713 2.561
0.0048313 -0.5 9.78176 0.999845624 2.472883127 0.999 0.445 3.806 4.168 1 0 0.532 0 0 0 0 0 -1 -2.85e-13 0 0.8077 0.1884 0.0006812 0.000187 0.001706 -1 0.00386 3.657 3.461 3.067 2.951 2.736 2.549 2.504 2.744 2.495 2.856 2.704 2.552
0.0048313 -0.5 9.78176 1.002377152 2.473411698 1.001 0.456 3.8061 4.159 1 0 0.532 0 0 0 0 0 -1 -2.95e-13 0 0.8072 0.189 0.0006831 0.0001875 0.001711 -1 0.003874 3.63 3.433 3.04 2.924 2.709 2.523 2.478 2.717 2.469 2.829 2.677 2.525
0.0048313 -0.5 9.78176 1.010583878 2.475104306 1.009 0.492 3.8061 4.126 1 0 0.532 0 0 0 0 0 -1 -3.27e-13 0 0.8054 0.1907 0.000689 0.0001892 0.001726 -1 0.003916 3.54 3.343 2.95 2.833 2.619 2.433 2.388 2.627 2.379 2.739 2.587 2.435
0.0048313 -0.5 9.78176 1.019911885 2.476990188 1.018 0.535 3.8053 4.084 1 0 0.532 0 0 0 0 0 -1 -3.73e-13 0 0.8034 0.1927 0.0006956 0.000191 0.001742 -1 0.003965 3.431 3.233 2.839 2.721 2.506 2.319 2.274 2.514 2.264 2.627 2.474 2.321
0.0048313 -0.5 9.78176 1.029237509 2.478836345 1.028 0.582 3.8031 4.032 1 0 0.532 0 0 0 0 0 -1 -4.32e-13 0 0.8014 0.1946 0.0007022 0.0001928 0.001759 -1 0.004013 3.316 3.116 2.716 2.597 2.379 2.19 2.143 2.387 2.133 2.501 2.346 2.191
0.0048313 -0.5 9.78176 1.031249642 2.479229646 1.03 0.592 3.8024 4.02 1 0 0.532 0 0 0 0 0 -1 -4.49e-13 0 0.8009 0.195 0.0007036 0.0001931 0.001762 -1 0.004023 3.29 3.089 2.688 2.568 2.349 2.159 2.112 2.357 2.103 2.472 2.316 2.16
0.0048313 -0.5 9.78176 1.033140063 2.479597552 1.031 0.602 3.8014 4.007 1 0 0.532 0 0 0 0 0 -1 -4.66e-13 0 0.8005 0.1954 0.000705 0.0001935 0.001765 -1 0.004032 3.265 3.063 2.66 2.539 2.319 2.128 2.08 2.327 2.071 2.442 2.286 2.129
0.0048313 -0.5 9.78176 1.040753961 2.481063789 1.039 0.643 3.7959 3.947 2 0 0.532 0 0 0 0 0 -1 -5.39e-13 0 0.7987 0.1972 0.0007109 0.0001951 0.00178 -1 0.004073 3.162 2.957 2.54 2.414 2.188 1.99 1.939 2.194 1.928 2.314 2.152 1.989
0.0048313 -0.5 9.78176 1.041499853 2.481206102 1.04 0.647 3.7951 3.94 2 0 0.532 0 0 0 0 0 -1 -5.48e-13 0 0.7985 0.1974 0.0007116 0.0001953 0.001782 -1 0.004077 3.152 2.946 2.527 2.4 2.173 1.974 1.922 2.18 1.912 2.3 2.138 1.973
0.0048313 -0.5 9.78176 1.045369267 2.481940628 1.044 0.668 3.7907 3.903 2 0 0.533 0 0 0 0 0 -1 -5.95e-13 0 0.7972 0.1987 0.0007154 0.0001964 0.001791 -1 0.004088 3.1 2.891 2.461 2.33 2.098 1.893 1.839 2.103 1.828 2.227 2.061 1.891
0.0048313 -0.5 9.78176 1.049898982 2.482792591 1.048 0.688 3.7817 3.849 2 0 0.534 0 0 0 0 0 -1 -6.58e-13 0 0.7865 0.2093 0.0007454 0.0002044 0.001862 -1 0.004239 3.05 2.838 2.385 2.245 2.001 1.782 1.722 2.003 1.71 2.135 1.959 1.776
0.0048313 -0.5 9.78176 1.05339241 2.483443895 1.051 0.694 3.7702 3.799 2 0 0.535 0 0 0 0 0 -1 -7.03e-13 0 0.7715 0.2241 0.0007851 0.000215 0.001956 -1 0.00444 3.036 2.822 2.34 2.187 1.928 1.691 1.623 1.927 1.611 2.069 1.881 1.681
0.0048313 -0.5 9.78176 1.055465579 2.483828066 1.053 0.689 3.7602 3.765 2 0 0.536 0 0 0 0 0 -1 -7.21e-13 0 0.762 0.2334 0.0008102 0.0002216 0.002016 -1 0.00459 3.049 2.836 2.328 2.164 1.892 1.64 1.566 1.888 1.552 2.038 1.841 1.627
0.0048313 -0.5 9.78176 1.056850076 2.484083657 1.055 0.682 3.752 3.739 2 0 0.536 0 0 0 0 0 -1 -7.31e-13 0 0.7561 0.2393 0.0008256 0.0002258 0.002053 -1 0.00467 3.065 2.856 2.327 2.152 1.869 1.605 1.524 1.862 1.509 2.02 1.814 1.588
0.0048313 -0.5 9.78176 1.058100343 2.484313807 1.056 0.677 3.7439 3.712 2 0 0.537 0 0 0 0 0 -1 -7.43e-13 0 0.7517 0.2435 0.0008368 0.0002287 0.002079 -1 0.004732 3.077 2.873 2.323 2.139 1.845 1.567 1.48 1.835 1.464 2 1.785 1.547
0.0048313 -0.5 9.78176 1.059339881 2.484541366 1.057 0.68 3.7364 3.679 2 0 0.537 0 0 0 0 0 -1 -7.73e-13 0 0.7488 0.2464 0.0008441 0.0002307 0.002096 -1 0.004772 3.07 2.873 2.302 2.109 1.804 1.513 1.42 1.79 1.404 1.963 1.739 1.489
0.0048313 -0.5 9.78176 1.060851932 2.484818125 1.059 0.697 3.7286 3.632 2 0 0.537 0 0 0 0 0 -1 -8.44e-13 0 0.7461 0.2492 0.0008503 0.0002323 0.002111 -1 0.004779 3.026 2.838 2.247 2.043 1.726 1.421 1.322 1.709 1.305 1.89 1.657 1.394
0.0048313 -0.5 9.78176 1.062179804 2.485060427 1.06 0.727 3.7235 3.582 2 0 0.537 0 0 0 0 0 -1 -9.52e-13 0 0.7439 0.2513 0.0008542 0.0002334 0.00212 -1 0.00482 2.953 2.771 2.167 1.956 1.631 1.316 1.213 1.611 1.196 1.797 1.558 1.286
0.0048313 -0.5 9.78176 1.062553287 2.485128452 1.06 0.737 3.7222 3.568 2 0 0.537 0 0 0 0 0 -1 -9.91e-13 0 0.7433 0.2519 0.0008551 0.0002336 0.002123 -1 0.004831 2.929 2.749 2.141 1.928 1.601 1.284 1.18 1.581 1.163 1.768 1.528 1.253
0.0048313 -0.5 9.78176 1.062771916 2.485168247 1.061 0.744 3.7217 3.559 2 0 0.537 0 0 0 0 0 -1 -1.02e-12 0 0.7429 0.2523 0.0008556 0.0002338 0.002124 -1 0.004809 2.911 2.732 2.123 1.909 1.581 1.263 1.159 1.561 1.141 1.749 1.508 1.232
0.0048313 -0.5 9.78176 1.064317107 2.485448967 1.062 0.796 3.718 3.492 3 0 0.536 0 0 0 0 0 -1 -1.23e-12 0 0.7401 0.255 0.0008566 0.0002351 0.002131 -1 0.004853 2.78 2.607 1.987 1.769 1.435 1.109 1.002 1.412 0.984 1.604 1.358 1.076
0.0048313 -0.5 9.78176 1.065530181 2.485668695 1.063 0.843 3.7156 3.436 3 0 0.531 0 0 0 0 0 -1 -1.46e-12 0 0.7375 0.2576 0.0008507 0.0002399 0.002136 -1 0.004852 2.662 2.493 1.866 1.645 1.307 0.976 0.867 1.283 0.849 1.477 1.229 0.942
0.0048313 -0.5 9.78176 1.06678021 2.485894515 1.064 0.897 3.7134 3.374 3 0 0.518 0 0 0 0 0 -1 -1.77e-12 0 0.7343 0.2608 0.0008305 0.0002578 0.00214 -1 0.004879 2.527 2.362 1.73 1.505 1.163 0.828 0.717 1.138 0.699 1.335 1.084 0.793
0.0048313 -0.5 9.78176 1.067789674 2.486076433 1.065 0.945 3.7117 3.32 3 0 0.499 0 0 0 0 0 -1 -2.1e-12 0 0.7316 0.2636 0.0008013 0.0002907 0.002143 -1 0.00486 2.408 2.246 1.609 1.381 1.037 0.698 0.585 1.011 0.568 1.209 0.956 0.662
0.0048313 -0.5 9.78176 1.068883658 2.486273137 1.066 1.001 3.7097 3.256 3 0 0.477 0 0 0 0 0 -1 -2.56e-12 0 0.7284 0.2667 0.0007674 0.0003326 0.002145 -1 0.004914 2.267 2.108 1.465 1.235 0.887 0.545 0.43 0.86 0.413 1.061 0.805 0.508
0.0048313 -0.5 9.78176 1.069784641 2.48643479 1.067 1.052 3.708 3.198 3 0 0.463 0 0 0 0 0 -1 -3.07e-12 0 0.726 0.2691 0.0007448 0.0003613 0.002147 -1 0.004899 2.14 1.985 1.337 1.104 0.753 0.407 0.291 0.725 0.273 0.927 0.669 0.369
0.0048313 -0.5 9.78176 1.07059598 2.486580092 1.068 1.102 3.7062 3.141 3 0 0.453 0 0 0 0 0 -1 -3.68e-12 0 0.724 0.2711 0.0007289 0.0003815 0.002148 -1 0.004882 2.015 1.863 1.21 0.974 0.621 0.271 0.153 0.591 0.135 0.796 0.536 0.232
0.0048313 -0.5 9.78176 1.071367502 2.486718029 1.069 1.154 3.7043 3.082 3 0 0.445 0 0 0 0 0 -1 -4.44e-12 0 0.7222 0.2728 0.0007167 0.000397 0.002149 -1 0.004912 1.884 1.737 1.078 0.84 0.483 0.129 0.009 0.452 -0.009 0.659 0.396 0.089
0.0048313 -0.5 9.78176 1.072024584 2.486835325 1.069 1.203 3.7023 3.025 3 0 0.44 0 0 0 0 0 -1 -5.29e-12 0 0.721 0.274 0.0007091 0.0004068 0.002149 -1 0.004926 1.762 1.618 0.955 0.713 0.353 -0.005 -0.126 0.321 -0.144 0.53 0.265 -0.046
0.0048313 -0.5 9.78176 1.072663546 2.486949228 1.07 1.255 3.7002 2.965 3 0 0.436 0 0 0 0 0 -1 -6.39e-12 0 0.7201 0.2749 0.0007036 0.0004138 0.00215 -1 0.004915 1.632 1.492 0.823 0.578 0.215 -0.148 -0.271 0.181 -0.289 0.392 0.125 -0.19
0.0048313 -0.5 9.78176 1.073194981 2.487043845 1.07 1.303 3.6982 2.909 3 0 0.434 0 0 0 0 0 -1 -7.6e-12 0 0.7195 0.2756 0.0006999 0.0004185 0.00215 -1 0.004931 1.512 1.378 0.702 0.454 0.087 -0.28 -0.405 0.052 -0.423 0.265 -0.005 -0.324
0.0048313 -0.5 9.78176 1.073701262 2.487133883 1.071 1.353 3.696 2.851 3 0 0.433 0 0 0 0 0 -1 -9.11e-12 0 0.7191 0.276 0.0006976 0.0004214 0.00215 -1 0.004916 1.388 1.258 0.576 0.324 -0.047 -0.419 -0.546 -0.083 -0.564 0.133 -0.14 -0.464
0.0048313 -0.5 9.78176 1.074146509 2.487212986 1.071 1.401 3.6938 2.794 3 0 0.432 0 0 0 0 0 -1 -1.09e-11 0 0.7189 0.2762 0.0006964 0.0004231 0.002151 -1 0.004916 1.268 1.143 0.454 0.199 -0.176 -0.553 -0.682 -0.214 -0.701 0.004 -0.272 -0.6
0.0048313 -0.5 9.78176 1.074550152 2.487284632 1.071 1.449 3.6915 2.738 3 0 0.431 0 0 0 0 0 -1 -1.29e-11 0 0.7188 0.2763 0.0006956 0.000424 0.002151 -1 0.004917 1.149 1.03 0.333 0.074 -0.305 -0.687 -0.818 -0.344 -0.837 -0.123 -0.402 -0.735
0.0048313 -0.5 9.78176 1.074912429 2.487348883 1.072 1.495 3.6892 2.682 3 0 0.431 0 0 0 0 0 -1 -1.53e-11 0 0.7187 0.2763 0.0006955 0.0004242 0.002151 -1 0.004917 1.032 0.919 0.215 -0.047 -0.43 -0.818 -0.951 -0.472 -0.97 -0.248 -0.53 -0.867
0.0048313 -0.5 9.78176 1.075250864 2.487408861 1.072 1.542 3.6868 2.625 3 0 0.431 0 0 0 0 0 -1 -1.82e-11 0 0.7187 0.2763 0.0006954 0.0004243 0.002151 -1 0.004917 0.914 0.808 0.096 -0.17 -0.558 -0.951 -1.087 -0.601 -1.105 -0.374 -0.659 -1.002
0.0048313 -0.5 9.78176 1.075562477 2.487464047 1.072 1.59 3.6844 2.568 3 0 0.431 0 0 0 0 0 -1 -2.17e-11 0 0.7187 0.2764 0.0006952 0.0004245 0.002151 -1 0.004918 0.796 0.697 -0.022 -0.293 -0.685 -1.084 -1.222 -0.73 -1.241 -0.5 -0.788 -1.136
0.0048313 -0.5 9.78176 1.075836897 2.487512615 1.072 1.634 3.6819 2.514 3 0 0.431 0 0 0 0 0 -1 -2.56e-11 0 0.7187 0.2764 0.0006951 0.0004246 0.002151 -1 0.004918 0.684 0.592 -0.135 -0.409 -0.806 -1.21 -1.352 -0.853 -1.371 -0.62 -0.912 -1.265
0.0048313 -0.5 9.78176 1.076099634 2.487559089 1.072 1.68 3.6794 2.457 3 0 0.431 0 0 0 0 0 -1 -3.04e-11 0 0.7187 0.2764 0.000695 0.0004248 0.002151 -1 0.004918 0.569 0.484 -0.252 -0.53 -0.931 -1.341 -1.485 -0.98 -1.504 -0.744 -1.039 -1.397
0.0048313 -0.5 9.78176 1.076332688 2.487600291 1.072 1.723 3.677 2.405 3 0 0.431 0 0 0 0 0 -1 -3.56e-11 0 0.7187 0.2764 0.0006949 0.0004249 0.002151 -1 0.004918 0.461 0.384 -0.36 -0.642 -1.047 -1.463 -1.609 -1.098 -1.628 -0.86 -1.158 -1.521
0.0048313 -0.5 9.78176 1.076570034 2.487642231 1.072 1.767 3.6745 2.351 3 0 0.431 0 0 0 0 0 -1 -4.19e-11 0 0.7187 0.2764 0.0006949 0.000425 0.002151 -1 0.004919 0.352 0.281 -0.471 -0.757 -1.166 -1.586 -1.736 -1.219 -1.755 -0.978 -1.278 -1.646
0.0048313 -0.5 9.78176 1.076891422 2.487698987 1.072 1.811 3.672 2.297 3 0 0.431 0 0 0 0 0 -1 -4.96e-11 0 0.7187 0.2764 0.0006947 0.0004252 0.002151 -1 0.004919 0.242 0.178 -0.582 -0.872 -1.286 -1.711 -1.863 -1.341 -1.883 -1.097 -1.4 -1.773
0.0048313 -0.5 9.78176 1.076920271 2.48770408 1.073 1.814 3.6719 2.294 3 0 0.431 0 0 0 0 0 -1 -5.02e-11 0 0.7187 0.2764 0.0006947 0.0004252 0.002151 -1 0.004919 0.236 0.173 -0.588 -0.878 -1.292 -1.718 -1.87 -1.347 -1.89 -1.103 -1.407 -1.78
0.0048313 -0.5 9.78176 1.077091694 2.487734335 1.073 1.788 3.6737 2.327 3 0 0.431 0 0 0 0 0 -1 -4.6e-11 0 0.7187 0.2764 0.0006947 0.0004253 0.002151 -1 0.004919 0.299 0.231 -0.524 -0.811 -1.222 -1.644 -1.794 -1.275 -1.813 -1.034 -1.335 -1.704
0.0048313 -0.5 9.78176 1.077212453 2.487755641 1.073 1.753 3.6761 2.372 3 0 0.431 0 0 0 0 0 -1 -4.04e-11 0 0.7187 0.2764 0.0006946 0.0004253 0.002151 -1 0.004919 0.387 0.312 -0.435 -0.718 -1.125 -1.541 -1.689 -1.176 -1.708 -0.937 -1.236 -1.6
0.0048313 -0.5 9.78176 1.077243209 2.487761067 1.073 1.744 3.6767 2.383 3 0 0.431 0 0 0 0 0 -1 -3.89e-11 0 0.7187 0.2764 0.0006946 0.0004253 0.002151 -1 0.004919 0.409 0.332 -0.413 -0.695 -1.101 -1.517 -1.663 -1.152 -1.683 -0.914 -1.211 -1.575
0.0048313 -0.5 9.78176 1.077390552 2.487787055 1.073 1.78 3.6747 2.339 3 0 0.431 0 0 0 0 0 -1 -4.39e-11 0 0.7187 0.2764 0.0006945 0.0004254 0.002151 -1 0.004919 0.321 0.25 -0.502 -0.788 -1.197 -1.617 -1.765 -1.249 -1.785 -1.009 -1.309 -1.676
0.0048313 -0.5 9.78176 1.077571988 2.487819045 1.073 1.823 3.6721 2.286 3 0 0.431 0 0 0 0 0 -1 -5.14e-11 0 0.7187 0.2764 0.0006945 0.0004255 0.002151 -1 0.004919 0.213 0.149 -0.611 -0.901 -1.315 -1.74 -1.892 -1.369 -1.911 -1.126 -1.429 -1.802
0.0048313 -0.5 9.78176 1.077750683 2.487850539 1.073 1.867 3.6694 2.231 3 0 0.43 0 0 0 0 0 -1 -6.06e-11 0 0.7187 0.2764 0.0006944 0.0004256 0.002151 -1 0.00492 0.102 0.046 -0.723 -1.017 -1.435 -1.867 -2.021 -1.492 -2.041 -1.246 -1.552 -1.93
0.0048313 -0.5 9.78176 1.077910662 2.487878724 1.072 1.91 3.6667 2.178 3 0 0.43 0 0 0 0 0 -1 -7.11e-11 0 0.7187 0.2764 0.0006943 0.0004257 0.002151 -1 0.00492 -0.004 -0.051 -0.83 -1.128 -1.551 -1.987 -2.145 -1.61 -2.165 -1.36 -1.67 -2.053
0.0048313 -0.5 9.78176 1.078062177 2.48790541 1.072 1.952 3.6641 2.124 3 0 0.43 0 0 0 0 0 -1 -8.34e-11 0 0.7187 0.2764 0.0006943 0.0004257 0.002151 -1 0.00492 -0.111 -0.149 -0.937 -1.24 -1.667 -2.11 -2.27 -1.728 -2.29 -1.476 -1.788 -2.177
0.0048313 -0.5 9.78176 1.078201771 2.487929988 1.072 1.995 3.6613 2.071 3 0 0.43 0 0 0 0 0 -1 -9.78e-11 0 0.7187 0.2764 0.0006942 0.0004258 0.002151 -1 0.00492 -0.217 -0.245 -1.043 -1.35 -1.782 -2.23 -2.394 -1.845 -2.415 -1.59 -1.906 -2.3
0.0048313 -0.5 9.78176 1.078332663 2.487953028 1.072 2.037 3.6586 2.017 3 0 0.43 0 0 0 0 0 -1 -1.15e-10 0 0.7187 0.2764 0.0006942 0.0004259 0.002151 -1 0.00492 -0.323 -0.342 -1.15 -1.461 -1.898 -2.352 -2.519 -1.963 -2.54 -1.705 -2.024 -2.424
0.0048313 -0.5 9.78176 1.078452468 2.48797411 1.072 2.079 3.6558 1.964 3 0 0.43 0 0 0 0 0 -1 -1.34e-10 0 0.7187 0.2764 0.0006941 0.0004259 0.002151 -1 0.00492 -0.428 -0.437 -1.254 -1.57 -2.012 -2.472 -2.641 -2.08 -2.663 -1.818 -2.141 -2.546
0.0048313 -0.5 9.78176 1.078564644 2.487993845 1.072 2.122 3.6529 1.91 3 0 0.43 0 0 0 0 0 -1 -1.58e-10 0 0.7187 0.2764 0.0006941 0.000426 0.002151 -1 0.00492 -0.534 -0.534 -1.359 -1.68 -2.128 -2.591 -2.763 -2.196 -2.787 -1.932 -2.258 -2.667
0.0048313 -0.5 9.78176 1.078665733 2.488011625 1.072 2.163 3.6501 1.857 3 0 0.43 0 0 0 0 0 -1 -1.85e-10 0 0.7186 0.2764 0.0006941 0.000426 0.002151 -1 0.00492 -0.638 -0.628 -1.46 -1.787 -2.241 -2.707 -2.883 -2.31 -2.907 -2.042 -2.372 -2.785
0.0048313 -0.5 9.78176 1.07875824 2.488027893 1.071 2.204 3.6473 1.805 3 0 0.43 0 0 0 0 0 -1 -2.15e-10 0 0.7186 0.2764 0.000694 0.0004261 0.002151 -1 0.004921 -0.739 -0.719 -1.559 -1.892 -2.351 -2.822 -3 -2.421 -3.026 -2.151 -2.484 -2.901
0.0048313 -0.5 9.78176 1.078844666 2.488043088 1.071 2.245 3.6445 1.753 3 0 0.43 0 0 0 0 0 -1 -2.51e-10 0 0.7186 0.2764 0.000694 0.0004261 0.002151 -1 0.004921 -0.842 -0.809 -1.658 -1.997 -2.462 -2.936 -3.117 -2.533 -3.145 -2.259 -2.596 -3.017
0.0048313 -0.5 9.78176 1.078923821 2.488057003 1.071 2.285 3.6416 1.701 3 0 0.43 0 0 0 0 0 -1 -2.93e-10 0 0.7186 0.2764 0.000694 0.0004262 0.002151 -1 0.004921 -0.942 -0.898 -1.755 -2.1 -2.571 -3.049 -3.234 -2.643 -3.262 -2.366 -2.706 -3.132
0.0048313 -0.5 9.78176 1.078999162 2.488070244 1.07 2.326 3.6387 1.648 3 0 0.43 0 0 0 0 0 -1 -3.43e-10 0 0.7186 0.2764 0.0006939 0.0004262 0.002151 -1 0.004921 -1.045 -0.988 -1.854 -2.205 -2.682 -3.163 -3.352 -2.755 -3.382 -2.475 -2.818 -3.249
0.0048313 -0.5 9.78176 1.079066873 2.488082143 1.07 2.366 3.6357 1.596 3 0 0.43 0 0 0 0 0 -1 -3.99e-10 0 0.7186 0.2764 0.0006939 0.0004262 0.002151 -1 0.004921 -1.145 -1.073 -1.948 -2.306 -2.79 -3.275 -3.467 -2.864 -3.499 -2.58 -2.928 -3.363
0.0048313 -0.5 9.78176 1.079130292 2.488093286 1.069 2.406 3.6328 1.544 3 0 0.43 0 0 0 0 0 -1 -4.65e-10 0 0.7186 0.2764 0.0006939 0.0004263 0.002151 -1 0.004921 -1.245 -1.159 -2.043 -2.408 -2.898 -3.387 -3.583 -2.973 -3.617 -2.686 -3.037 -3.478
0.0048313 -0.5 9.78176 1.0791893 2.488103653 1.069 2.446 3.6299 1.492 3 0 0.43 0 0 0 0 0 -1 -5.43e-10 0 0.7186 0.2764 0.0006939 0.0004263 0.002151 -1 0.004921 -1.346 -1.245 -2.139 -2.51 -3.006 -3.499 -3.7 -3.083 -3.735 -2.793 -3.147 -3.593
0.0048313 -0.5 9.78176 1.079241991 2.488112909 1.068 2.485 3.6269 1.441 3 0 0.43 0 0 0 0 0 -1 -6.3e-10 0 0.7186 0.2764 0.0006938 0.0004263 0.002151 -1 0.004921 -1.443 -1.323 -2.231 -2.609 -3.111 -3.611 -3.816 -3.191 -3.852 -2.897 -3.255 -3.708
0.0048313 -0.5 9.78176 1.079292655 2.488121808 1.068 2.525 3.624 1.39 3 0 0.43 9.35 7.02 4.96 3.81 3.09 4 -7.33e-10 0 0.7186 0.2764 0.0006938 0.0004264 0.002151 -1 0.004921 -1.542 -1.405 -2.327 -2.71 -3.219 -3.724 -3.934 -3.301 -3.971 -3.003 -3.365 -3.825
0.0048313 -0.5 9.78176 1.079338551 2.488129868 1.067 2.563 3.621 1.339 3 0 0.43 10.39 7.69 5.42 4.16 3.38 4 -8.5e-10 0 0.7186 0.2764 0.0006938 0.0004264 0.002151 -1 0.004921 -1.638 -1.483 -2.419 -2.808 -3.323 -3.835 -4.049 -3.408 -4.088 -3.106 -3.473 -3.939
0.0048313 -0.5 9.78176 1.079382181 2.48813753 1.066 2.602 3.618 1.288 3 0 0.43 11.55 8.44 5.92 4.55 3.69 3 -9.88e-10 0 0.7186 0.2764 0.0006938 0.0004264 0.002151 -1 0.004921 -1.736 -1.561 -2.512 -2.908 -3.428 -3.947 -4.166 -3.516 -4.205 -3.211 -3.581 -4.055
0.0048313 -0.5 9.78176 1.079422951 2.488144689 1.065 2.641 3.6151 1.237 3 0 0.43 12.84 9.25 6.46 4.98 4.04 3 -1.15e-09 0 0.7186 0.2764 0.0006938 0.0004264 0.002151 -1 0.004921 -1.833 -1.639 -2.605 -3.007 -3.533 -4.059 -4.282 -3.624 -4.323 -3.315 -3.689 -4.17
0.0048313 -0.5 9.78176 1.079459548 2.488151115 1.064 2.679 3.6121 1.187 3 0 0.43 14.24 10.12 7.04 5.43 4.41 3 -1.33e-09 0 0.7186 0.2765 0.0006938 0.0004264 0.002151 -1 0.004921 -1.927 -1.712 -2.693 -3.102 -3.634 -4.166 -4.395 -3.729 -4.436 -3.415 -3.793 -4.282
0.0048313 -0.5 9.78176 1.079494715 2.488157289 1.064 2.717 3.6091 1.136 3 0 0.43 15.81 11.08 7.68 5.93 4.82 3 -1.54e-09 0 0.7186 0.2765 0.0006938 0.0004265 0.002151 -1 0.004921 -2.022 -1.786 -2.783 -3.198 -3.737 -4.276 -4.509 -3.834 -4.551 -3.517 -3.899 -4.395
0.0048313 -0.5 9.78176 1.079526782 2.488162918 1.062 2.754 3.6062 1.087 3 0 0.43 17.51 12.11 8.36 6.46 5.25 3 -1.78e-09 0 0.7186 0.2765 0.0006937 0.0004265 0.002151 -1 0.004921 -2.115 -1.857 -2.87 -3.292 -3.836 -4.382 -4.62 -3.937 -4.664 -3.616 -4.002 -4.505
0.0048313 -0.5 9.78176 1.07955718 2.488168255 1.061 2.791 3.6032 1.038 3 0 0.43 19.39 13.24 9.1 7.05 5.73 3 -2.05e-09 0 0.7186 0.2765 0.0006937 0.0004265 0.002151 -1 0.004921 -2.208 -1.927 -2.958 -3.386 -3.936 -4.488 -4.732 -4.04 -4.776 -3.715 -4.105 -4.615
0.0048313 -0.5 9.78176 1.079586268 2.48817336 1.06 2.829 3.6001 0.987 3 0 0.43 21.55 14.52 9.93 7.7 6.26 3 -2.38e-09 0 0.7186 0.2765 0.0006937 0.0004265 0.002151 -1 0.004921 -2.303 -1.999 -3.047 -3.482 -4.038 -4.597 -4.846 -4.146 -4.892 -3.817 -4.21 -4.729
0.0048313 -0.5 9.78176 1.079618692 2.488179051 1.059 2.874 3.5964 0.927 3 0 0.43 24.4 16.17 11.01 8.56 6.96 3 -2.84e-09 0 0.7186 0.2765 0.0006937 0.0004265 0.002151 -1 0.004921 -2.414 -2.078 -3.151 -3.595 -4.158 -4.726 -4.981 -4.27 -5.028 -3.936 -4.335 -4.862
0.0048313 -0.5 9.78176 1.079648495 2.488184282 1.057 2.918 3.5927 0.867 3 0 0.43 27.64 18.02 12.21 9.5 7.73 2 -3.38e-09 0 0.7186 0.2765 0.0006937 0.0004265 0.002151 -1 0.004921 -2.526 -2.156 -3.255 -3.708 -4.278 -4.854 -5.115 -4.395 -5.165 -4.055 -4.459 -4.996
0.0048313 -0.5 9.78176 1.079676151 2.488189135 1.055 2.963 3.589 0.806 3 0 0.43 31.31 20.09 13.54 10.56 8.59 2 -4.03e-09 0 0.7186 0.2765 0.0006937 0.0004265 0.002151 -1 0.004921 -2.637 -2.233 -3.358 -3.82 -4.398 -4.981 -5.249 -4.518 -5.301 -4.174 -4.582 -5.129
0.0048313 -0.5 9.78176 1.079697728 2.488192922 1.053 2.999 3.5859 0.757 3 0 0.43 34.68 21.95 14.74 11.51 9.36 2 -4.66e-09 0 0.7186 0.2765 0.0006937 0.0004266 0.002151 -1 0.004921 -2.728 -2.292 -3.443 -3.912 -4.496 -5.086 -5.359 -4.62 -5.412 -4.272 -4.684 -5.238
0.0048313 -0.5 9.78176 1.07972157 2.488197106 1.051 3.042 3.5822 0.698 3 0 0.43 39.15 24.39 16.3 12.75 10.37 2 -5.52e-09 0 0.7186 0.2765 0.0006937 0.0004266 0.002151 -1 0.004922 -2.835 -2.36 -3.542 -4.02 -4.611 -5.209 -5.489 -4.74 -5.543 -4.386 -4.803 -5.366
0.0048313 -0.5 9.78176 1.079743266 2.488200913 1.048 3.083 3.5785 0.641 3 0 0.43 44.08 27.04 17.99 14.09 11.46 2 -6.52e-09 0 0.7186 0.2765 0.0006937 0.0004266 0.002151 -1 0.004921 -2.938 -2.422 -3.637 -4.125 -4.723 -5.328 -5.615 -4.856 -5.671 -4.497 -4.919 -5.491
0.0048313 -0.5 9.78176 1.07976377 2.48820451 1.045 3.125 3.5747 0.583 3 0 0.43 49.69 30.01 19.86 15.58 12.68 2 -7.71e-09 0 0.7186 0.2765 0.0006937 0.0004266 0.002151 -1 0.004922 -3.042 -2.478 -3.732 -4.23 -4.836 -5.449 -5.742 -4.973 -5.8 -4.61 -5.036 -5.617
0.0048313 -0.5 9.78176 1.079782963 2.488207878 1.042 3.166 3.5709 0.525 3 0 0.43 56 33.29 21.93 17.23 14.03 2 -9.12e-09 0 0.7186 0.2765 0.0006936 0.0004266 0.002151 -1 0.004922 -3.145 -2.533 -3.826 -4.335 -4.948 -5.569 -5.868 -5.09 -5.929 -4.721 -5.152 -5.742
0.0048313 -0.5 9.78176 1.079800725 2.488210994 1.039 3.207 3.567 0.468 3 0 0.43 63.08 36.91 24.2 19.05 15.51 1 -1.08e-08 0 0.7186 0.2765 0.0006936 0.0004266 0.002151 -1 0.004922 -3.247 -2.575 -3.919 -4.44 -5.059 -5.687 -5.993 -5.205 -6.056 -4.831 -5.267 -5.866
0.0048313 -0.5 9.78176 1.079817295 2.488213901 1.035 3.247 3.5631 0.411 3 0 0.43 70.96 40.87 26.67 21.03 17.13 1 -1.27e-08 0 0.7186 0.2765 0.0006936 0.0004266 0.002151 -1 0.004922 -3.346 -2.612 -4.009 -4.542 -5.17 -5.804 -6.116 -5.319 -6.181 -4.94 -5.381 -5.988
0.0048313 -0.5 9.78176 1.079832554 2.488216578 1.031 3.285 3.5592 0.355 3 0 0.43 79.67 45.18 29.35 23.18 18.88 1 -1.49e-08 0 0.7186 0.2765 0.0006936 0.0004266 0.002151 -1 0.004922 -3.443 -2.642 -4.096 -4.642 -5.277 -5.918 -6.236 -5.43 -6.303 -5.046 -5.492 -6.106
0.0048313 -0.5 9.78176 1.079846859 2.488219088 1.026 3.322 3.5553 0.3 3 0 0.43 89.21 49.83 32.22 25.49 20.77 1 -1.74e-08 0 0.7186 0.2765 0.0006936 0.0004266 0.002151 -1 0.004922 -3.536 -2.658 -4.178 -4.74 -5.381 -6.028 -6.352 -5.538 -6.421 -5.149 -5.6 -6.221
0.0048313 -0.5 9.78176 1.079860091 2.488221409 1.021 3.357 3.5516 0.249 3 0 0.43 99.19 54.61 35.17 27.86 22.71 1 -2.02e-08 0 0.7186 0.2765 0.0006936 0.0004266 0.002151 -1 0.004922 -3.623 -2.671 -4.254 -4.831 -5.479 -6.131 -6.46 -5.639 -6.532 -5.245 -5.7 -6.329
0.0048313 -0.5 9.78176 1.079865456 2.48822235 1.019 3.37 3.5503 0.229 3 0 0.43 103.22 56.52 36.34 28.81 23.48 1 -2.14e-08 0 0.7186 0.2765 0.0006936 0.0004266 0.002151 -1 0.004922 -3.655 -2.677 -4.283 -4.865 -5.515 -6.17 -6.5 -5.677 -6.573 -5.281 -5.738 -6.369
0.0048313 -0.5 9.78176 1.079865456 2.48822235 1.019 1.764 3.6976 2.424 4 0 0.449 0 0 0 0 0 -1 -1e-30 0 0.717 0.2781 0.0007297 0.0003926 0.002165 -1 0.004931 0.36 0.227 -0.452 -0.703 -1.072 -1.441 -1.567 -1.107 -1.585 -0.893 -1.164 -1.485
0.0048313 -0.5 9.78176 1.080002189 2.488246332 1.019 1.775 3.6967 2.41 4 0 0.449 0 0 0 0 0 -1 -1e-30 0 0.717 0.2781 0.0007296 0.0003927 0.002165 -1 0.004931 0.333 0.201 -0.48 -0.732 -1.103 -1.474 -1.6 -1.139 -1.618 -0.923 -1.196 -1.518
0.0048313 -0.5 9.78176 1.080144405 2.488271269 1.019 1.78 3.6964 2.404 4 0 0.449 0 0 0 0 0 -1 -1e-30 0 0.717 0.2781 0.0007295 0.0003928 0.002165 -1 0.004931 0.321 0.19 -0.493 -0.745 -1.116 -1.487 -1.614 -1.152 -1.632 -0.936 -1.209 -1.532
0.0048313 -0.5 9.78176 1.080287933 2.488296428 1.02 1.782 3.6965 2.403 4 0 0.449 0 0 0 0 0 -1 -1e-30 0 0.717 0.2781 0.0007295 0.0003928 0.002165 -1 0.004931 0.316 0.185 -0.497 -0.749 -1.12 -1.492 -1.619 -1.156 -1.636 -0.94 -1.213 -1.537
0.0048313 -0.5 9.78176 1.080432057 2.488321683 1.02 1.782 3.6968 2.404 4 0 0.449 0 0 0 0 0 -1 -1e-30 0 0.717 0.2781 0.0007294 0.0003929 0.002165 -1 0.004931 0.316 0.184 -0.497 -0.749 -1.12 -1.49 -1.617 -1.155 -1.634 -0.94 -1.212 -1.535
0.0048313 -0.5 9.78176 1.0805794 2.488347495 1.02 1.781 3.6972 2.406 4 0 0.449 0 0 0 0 0 -1 -1e-30 0 0.717 0.2781 0.0007293 0.000393 0.002165 -1 0.004931 0.317 0.185 -0.495 -0.746 -1.116 -1.486 -1.612 -1.152 -1.63 -0.937 -1.209 -1.531
0.0048313 -0.5 9.78176 1.080725074 2.488373006 1.02 1.78 3.6976 2.409 4 0 0.449 0 0 0 0 0 -1 -1e-30 0 0.717 0.2781 0.0007293 0.0003931 0.002165 -1 0.004931 0.32 0.186 -0.493 -0.743 -1.112 -1.481 -1.607 -1.148 -1.625 -0.933 -1.204 -1.525
0.0048313 -0.5 9.78176 1.080871701 2.488398677 1.02 1.779 3.698 2.412 4 0 0.449 0 0 0 0 0 -1 -1e-30 0 0.717 0.2781 0.0007292 0.0003932 0.002165 -1 0.004931 0.322 0.187 -0.49 -0.74 -1.108 -1.476 -1.602 -1.143 -1.619 -0.929 -1.2 -1.52
0.0048313 -0.5 9.78176 1.081017852 2.488424256 1.02 1.778 3.6985 2.414 4 0 0.449 0 0 0 0 0 -1 -1e-30 0 0.717 0.2781 0.0007291 0.0003933 0.002165 -1 0.004931 0.324 0.189 -0.488 -0.737 -1.104 -1.471 -1.596 -1.139 -1.614 -0.925 -1.196 -1.515
0.0048313 -0.5 9.78176 1.081166625 2.488450285 1.021 1.778 3.6989 2.417 4 0 0.449 0 0 0 0 0 -1 -1e-30 0 0.717 0.2781 0.000729 0.0003934 0.002165 -1 0.004931 0.326 0.189 -0.486 -0.734 -1.101 -1.467 -1.592 -1.135 -1.609 -0.922 -1.192 -1.51
0.0048313 -0.5 9.78176 1.081300497 2.488473701 1.021 1.777 3.6993 2.419 4 0 0.449 0 0 0 0 0 -1 -1e-30 0 0.717 0.2781 0.000729 0.0003934 0.002165 -1 0.004931 0.327 0.189 -0.485 -0.732 -1.099 -1.464 -1.588 -1.133 -1.606 -0.92 -1.19 -1.507
0.0048313 -0.5 9.78176 1.081435442 2.488497297 1.021 1.777 3.6996 2.42 4 0 0.449 0 0 0 0 0 -1 -1e-30 0 0.717 0.2781 0.0007289 0.0003935 0.002165 -1 0.004931 0.327 0.189 -0.484 -0.731 -1.097 -1.462 -1.586 -1.131 -1.603 -0.918 -1.188 -1.505
0.0048313 -0.5 9.78176 1.081571341 2.488521054 1.021 1.777 3.6999 2.422 4 0 0.449 0 0 0 0 0 -1 -1e-30 0 0.717 0.2781 0.0007289 0.0003936 0.002165 -1 0.004931 0.327 0.189 -0.483 -0.73 -1.096 -1.46 -1.583 -1.129 -1.601 -0.917 -1.186 -1.502
0.0048313 -0.5 9.78176 1.081707835 2.488544908 1.021 1.777 3.7002 2.423 4 0 0.449 0 0 0 0 0 -1 -1e-30 0 0.717 0.2781 0.0007288 0.0003937 0.002165 -1 0.004931 0.327 0.188 -0.483 -0.729 -1.095 -1.458 -1.581 -1.128 -1.599 -0.916 -1.184 -1.501
0.0048313 -0.5 9.78176 1.08185184 2.488570066 1.021 1.777 3.7004 2.424 4 0 0.449 0 0 0 0 0 -1 -1e-30 0 0.717 0.2781 0.0007287 0.0003938 0.002165 -1 0.004931 0.327 0.187 -0.483 -0.729 -1.094 -1.457 -1.58 -1.127 -1.597 -0.915 -1.183 -1.499
0.0048313 -0.5 9.78176 1.081898928 2.488578291 1.021 1.777 3.7005 2.424 4 0 0.449 0 0 0 0 0 -1 -1e-30 0 0.717 0.2781 0.0007287 0.0003938 0.002165 -1 0.004931 0.327 0.187 -0.483 -0.729 -1.094 -1.456 -1.579 -1.127 -1.597 -0.915 -1.183 -1.499
0.0048313 -0.5 9.78176 1.081973076 2.488591241 1.022 1.777 3.7006 2.424 4 0 0.449 0 0 0 0 0 -1 -1e-30 0 0.717 0.2781 0.0007287 0.0003938 0.002165 -1 0.004931 0.327 0.186 -0.484 -0.729 -1.094 -1.456 -1.579 -1.127 -1.596 -0.915 -1.183 -1.498
0.0048313 -0.5 9.78176 1.08210659 2.488614554 1.022 1.778 3.7008 2.425 4 0 0.448 0 0 0 0 0 -1 -1e-30 0 0.717 0.2781 0.0007286 0.0003939 0.002165 -1 0.004931 0.326 0.185 -0.484 -0.73 -1.094 -1.456 -1.579 -1.127 -1.596 -0.915 -1.183 -1.498
0.0048313 -0.5 9.78176 1.082238793 2.488637632 1.022 1.778 3.701 2.425 4 0 0.448 0 0 0 0 0 -1 -1e-30 0 0.717 0.2781 0.0007285 0.000394 0.002165 -1 0.004931 0.325 0.184 -0.485 -0.73 -1.094 -1.456 -1.579 -1.127 -1.596 -0.916 -1.183 -1.498
0.0048313 -0.5 9.78176 1.082375765 2.488661535 1.022 1.779 3.7011 2.425 4 0 0.448 0 0 0 0 0 -1 -1e-30 0 0.717 0.2781 0.0007285 0.0003941 0.002165 -1 0.004931 0.323 0.182 -0.487 -0.732 -1.095 -1.457 -1.579 -1.128 -1.596 -0.917 -1.184 -1.499
0.0048313 -0.5 9.78176 1.082511663 2.488685244 1.022 1.78 3.7012 2.425 4 0 0.448 0 0 0 0 0 -1 -1e-30 0 0.7169 0.2781 0.0007284 0.0003942 0.002165 -1 0.004931 0.321 0.179 -0.489 -0.734 -1.097 -1.458 -1.581 -1.13 -1.598 -0.919 -1.186 -1.5
0.0048313 -0.5 9.78176 1.082643509 2.488708239 1.022 1.781 3.7013 2.424 4 0 0.448 0 0 0 0 0 -1 -1e-30 0 0.7169 0.2781 0.0007283 0.0003942 0.002165 -1 0.004931 0.318 0.177 -0.491 -0.736 -1.099 -1.46 -1.583 -1.132 -1.6 -0.921 -1.188 -1.502
0.0048313 -0.5 9.78176 1.082789183 2.488733638 1.022 1.782 3.7013 2.423 4 0 0.448 0 0 0 0 0 -1 -1e-30 0 0.7169 0.2781 0.0007283 0.0003943 0.002165 -1 0.004931 0.315 0.173 -0.495 -0.739 -1.102 -1.463 -1.586 -1.135 -1.603 -0.925 -1.191 -1.505
0.0048313 -0.5 9.78176 1.082921743 2.488756745 1.023 1.784 3.7013 2.421 4 0 0.448 0 0 0 0 0 -1 -1e-30 0 0.7169 0.2781 0.0007282 0.0003944 0.002165 -1 0.004931 0.311 0.17 -0.498 -0.743 -1.106 -1.467 -1.59 -1.139 -1.607 -0.928 -1.195 -1.509
0.0048313 -0.5 9.78176 1.082931638 2.488758469 1.023 1.784 3.7013 2.421 4 0 0.448 0 0 0 0 0 -1 -1e-30 0 0.7169 0.2781 0.0007282 0.0003944 0.002165 -1 0.004931 0.311 0.169 -0.499 -0.743 -1.107 -1.468 -1.59 -1.139 -1.607 -0.929 -1.196 -1.51
0.0048313 -0.5 9.78176 1.082983375 2.488767485 1.023 1.784 3.7012 2.42 4 0 0.448 0 0 0 0 0 -1 -1e-30 0 0.7169 0.2781 0.0007282 0.0003944 0.002165 -1 0.004931 0.309 0.168 -0.5 -0.745 -1.109 -1.47 -1.592 -1.141 -1.609 -0.931 -1.198 -1.512
0.0048313 -0.5 9.78176 1.083130717 2.488793158 1.023 1.787 3.7011 2.418 4 0 0.448 0 0 0 0 0 -1 -1e-30 0 0.7169 0.2781 0.0007281 0.0003945 0.002165 -1 0.004931 0.303 0.162 -0.507 -0.752 -1.115 -1.476 -1.599 -1.148 -1.616 -0.937 -1.204 -1.518
0.0048313 -0.5 9.78176 1.083272934 2.488817929 1.023 1.789 3.7009 2.414 4 0 0.448 0 0 0 0 0 -1 -1e-30 0 0.7169 0.2781 0.000728 0.0003946 0.002165 -1 0.004931 0.296 0.155 -0.514 -0.759 -1.123 -1.485 -1.607 -1.156 -1.625 -0.945 -1.212 -1.527
0.0048313 -0.5 9.78176 1.08341682 2.488842983 1.023 1.793 3.7006 2.409 4 0 0.448 0 0 0 0 0 -1 -1e-30 0 0.7169 0.2781 0.000728 0.0003947 0.002165 -1 0.004931 0.288 0.148 -0.522 -0.768 -1.133 -1.495 -1.618 -1.166 -1.635 -0.954 -1.222 -1.537
0.0048313 -0.5 9.78176 1.083564401 2.488868673 1.023 1.797 3.7002 2.404 4 0 0.448 0 0 0 0 0 -1 -1e-30 0 0.7169 0.2781 0.0007279 0.0003948 0.002165 -1 0.004931 0.278 0.138 -0.533 -0.78 -1.145 -1.508 -1.631 -1.178 -1.649 -0.966 -1.235 -1.55
0.0048313 -0.5 9.78176 1.083709717 2.488893961 1.024 1.802 3.6996 2.397 4 0 0.448 0 0 0 0 0 -1 -1e-30 0 0.7169 0.2781 0.0007278 0.0003949 0.002165 -1 0.004931 0.266 0.127 -0.546 -0.793 -1.159 -1.523 -1.647 -1.192 -1.664 -0.98 -1.249 -1.566
0.0048313 -0.5 9.78176 1.083854914 2.48891922 1.024 1.807 3.699 2.389 4 0 0.448 0 0 0 0 0 -1 -1e-30 0 0.7169 0.2781 0.0007278 0.000395 0.002165 -1 0.004931 0.251 0.114 -0.56 -0.809 -1.175 -1.541 -1.665 -1.209 -1.683 -0.996 -1.266 -1.584
0.0048313 -0.5 9.78176 1.08399725 2.488943974 1.024 1.812 3.6986 2.383 4 0 0.448 0 0 0 0 0 -1 -1e-30 0 0.7169 0.2781 0.0007277 0.0003951 0.002165 -1 0.004931 0.241 0.104 -0.572 -0.82 -1.188 -1.554 -1.679 -1.222 -1.697 -1.009 -1.279 -1.598
0.0048313 -0.5 9.78176 1.084138393 2.488968513 1.024 1.818 3.698 2.375 4 0 0.448 0 0 0 0 0 -1 -1e-30 0 0.7169 0.2782 0.0007276 0.0003951 0.002165 -1 0.004931 0.226 0.091 -0.587 -0.836 -1.205 -1.573 -1.698 -1.24 -1.716 -1.026 -1.296 -1.616
0.0048313 -0.5 9.78176 1.084281683 2.488993418 1.024 1.831 3.6965 2.355 4 0 0.448 0 0 0 0 0 -1 -1e-30 0 0.7169 0.2782 0.0007276 0.0003952 0.002165 -1 0.004931 0.192 0.06 -0.622 -0.874 -1.245 -1.616 -1.742 -1.281 -1.76 -1.065 -1.338 -1.66
0.0048313 -0.5 9.78176 1.084424376 2.489018212 1.024 1.852 3.6942 2.326 4 0 0.448 0 0 0 0 0 -1 -1e-30 0 0.7169 0.2782 0.0007275 0.0003953 0.002166 -1 0.004931 0.141 0.014 -0.676 -0.931 -1.306 -1.681 -1.81 -1.343 -1.828 -1.125 -1.4 -1.727
0.0048313 -0.5 9.78176 1.084536076 2.489037615 1.025 1.887 3.6904 2.275 4 0 0.448 0 0 0 0 0 -1 -1e-30 0 0.7169 0.2782 0.0007275 0.0003954 0.002166 -1 0.004931 0.053 -0.066 -0.767 -1.028 -1.409 -1.792 -1.925 -1.449 -1.943 -1.226 -1.506 -1.841
0.0048313 -0.5 9.78176 1.084590793 2.489047118 1.025 1.927 3.6862 2.218 4 0 0.448 0 0 0 0 0 -1 -1e-30 0 0.7169 0.2782 0.0007274 0.0003954 0.002166 -1 0.004931 -0.048 -0.156 -0.87 -1.137 -1.526 -1.918 -2.055 -1.568 -2.073 -1.341 -1.627 -1.969
0.0048313 -0.5 9.78176 1.084615946 2.489051486 1.025 1.966 3.6823 2.164 4 0 0.448 0 0 0 0 0 -1 -1e-30 0 0.7169 0.2782 0.0007274 0.0003954 0.002166 -1 0.004931 -0.145 -0.243 -0.969 -1.243 -1.638 -2.039 -2.18 -1.684 -2.199 -1.453 -1.743 -2.094
0.0048313 -0.5 9.78176 1.084628582 2.489053681 1.025 2.008 3.6782 2.105 4 0 0.448 0 0 0 0 0 -1 -1e-30 0 0.7169 0.2782 0.0007274 0.0003954 0.002166 -1 0.004931 -0.251 -0.336 -1.076 -1.356 -1.76 -2.17 -2.315 -1.808 -2.334 -1.572 -1.868 -2.227
0.0048313 -0.5 9.78176 1.084634662 2.489054736 1.025 2.048 3.6744 2.05 4 0 0.448 0 0 0 0 0 -1 -1e-30 0 0.7169 0.2782 0.0007274 0.0003954 0.002166 -1 0.004931 -0.35 -0.424 -1.177 -1.462 -1.872 -2.291 -2.44 -1.924 -2.459 -1.683 -1.984 -2.35
0.0048313 -0.5 9.78176 1.084638119 2.489055337 1.025 2.084 3.671 2 4 0 0.448 0 0 0 0 0 -1 -1e-30 0 0.7169 0.2782 0.0007274 0.0003954 0.002166 -1 0.004931 -0.441 -0.505 -1.269 -1.56 -1.976 -2.401 -2.554 -2.03 -2.574 -1.786 -2.09 -2.464
0.0048313 -0.5 9.78176 1.084639192 2.489055523 1.025 2.099 3.6697 1.98 4 0 0.448 0 0 0 0 0 -1 -1e-30 0 0.7169 0.2782 0.0007274 0.0003954 0.002166 -1 0.004931 -0.477 -0.538 -1.306 -1.599 -2.017 -2.445 -2.599 -2.072 -2.619 -1.827 -2.132 -2.508
0.0048313 -0.5 9.78176 1.084639311 2.489055544 1.025 2.1 3.6696 1.98 7 0 0.448 0 0 0 0 0 -1 -9.77e-21 0 0.7169 0.2776 0.0007274 0.0003954 0.002166 -1 0.005486 -0.479 -0.539 -1.307 -1.601 -2.019 -2.446 -2.6 -2.074 -2.62 -1.828 -2.134 -2.51
0.0048313 -0.5 9.78176 1.084640503 2.489055751 1.025 2.119 3.6679 1.953 7 0 0.448 0 0 0 0 0 -1 -1.03e-20 0 0.7169 0.2776 0.0007274 0.0003954 0.002166 -1 0.005486 -0.528 -0.583 -1.356 -1.653 -2.074 -2.504 -2.659 -2.129 -2.68 -1.882 -2.19 -2.568
0.0048313 -0.5 9.78176 1.084643006 2.489056185 1.025 2.159 3.6644 1.899 7 0 0.448 0 0 0 0 0 -1 -1.14e-20 0 0.7169 0.2776 0.0007274 0.0003954 0.002166 -1 0.005486 -0.627 -0.673 -1.456 -1.758 -2.185 -2.62 -2.779 -2.243 -2.801 -1.992 -2.303 -2.686
0.0048313 -0.5 9.78176 1.084645271 2.489056579 1.025 2.189 3.6617 1.858 7 0 0.448 0 0 0 0 0 -1 -1.24e-20 0 0.7169 0.2776 0.0007274 0.0003954 0.002166 -1 0.005486 -0.702 -0.741 -1.531 -1.839 -2.27 -2.709 -2.87 -2.328 -2.893 -2.075 -2.389 -2.776
0.0048313 -0.5 9.78176 1.084647536 2.489056972 1.025 2.202 3.6606 1.841 7 0 0.448 0 0 0 0 0 -1 -1.27e-20 0 0.7169 0.2776 0.0007274 0.0003954 0.002166 -1 0.005486 -0.734 -0.77 -1.563 -1.872 -2.306 -2.746 -2.908 -2.364 -2.931 -2.109 -2.425 -2.814
0.0048313 -0.5 9.78176 1.08465004 2.489057407 1.025 2.206 3.6602 1.835 7 0 0.448 0 0 0 0 0 -1 -1.3e-20 0 0.7169 0.2776 0.0007274 0.0003954 0.002166 -1 0.005486 -0.746 -0.78 -1.575 -1.884 -2.319 -2.76 -2.922 -2.378 -2.946 -2.123 -2.439 -2.828
0.0048313 -0.5 9.78176 1.084655762 2.4890584 1.024 2.191 3.6616 1.856 7 0 0.448 0 0 0 0 0 -1 -1.22e-20 0 0.7169 0.2776 0.0007274 0.0003954 0.002166 -1 0.005486 -0.708 -0.746 -1.537 -1.844 -2.276 -2.715 -2.876 -2.334 -2.899 -2.081 -2.395 -2.783
0.0048313 -0.5 9.78176 1.084659576 2.489059063 1.024 2.185 3.6621 1.864 7 0 0.448 0 0 0 0 0 -1 -1.62e-20 0 0.7169 0.2776 0.0007274 0.0003954 0.002166 -1 0.005492 -0.693 -0.733 -1.522 -1.828 -2.26 -2.697 -2.858 -2.317 -2.881 -2.064 -2.378 -2.765
0.0048313 -0.5 9.78176 1.08466959 2.489060801 1.024 2.178 3.6628 1.874 7 0 0.448 0 0 0 0 0 -1 -5.74e-20 0 0.7169 0.2776 0.0007274 0.0003954 0.002166 -1 0.00552 -0.675 -0.717 -1.504 -1.809 -2.239 -2.676 -2.836 -2.297 -2.859 -2.044 -2.358 -2.743
0.0048313 -0.5 9.78176 1.084730267 2.489071337 1.024 2.173 3.6631 1.879 7 0 0.448 0 0 0 0 0 -1 -1.46e-14 0 0.7169 0.2773 0.0007274 0.0003955 0.002166 -1 0.005792 -0.663 -0.706 -1.492 -1.797 -2.226 -2.663 -2.823 -2.284 -2.845 -2.032 -2.345 -2.729
0.0048313 -0.5 9.78176 1.08478725 2.489081229 1.023 2.184 3.6622 1.865 7 0 0.448 0 0 0 0 0 -1 -7.18e-10 0 0.7169 0.2771 0.0007273 0.0003955 0.002166 -1 0.006025 -0.689 -0.729 -1.518 -1.825 -2.256 -2.694 -2.854 -2.313 -2.877 -2.061 -2.374 -2.761
0.0048313 -0.5 9.78176 1.084843516 2.489090996 1.022 2.227 3.6582 1.805 7 0 0.448 0 0 0 0 0 -1 -1.07e-09 0 0.7169 0.2771 0.0007273 0.0003956 0.002166 -1 0.006029 -0.798 -0.825 -1.625 -1.939 -2.378 -2.821 -2.986 -2.437 -3.01 -2.18 -2.498 -2.891
0.0048313 -0.5 9.78176 1.084893703 2.489099707 1.021 2.271 3.6543 1.746 7 0 0.448 0 0 0 0 0 -1 -1.36e-09 0 0.7169 0.2771 0.0007273 0.0003956 0.002166 -1 0.006029 -0.907 -0.921 -1.732 -2.053 -2.5 -2.949 -3.118 -2.561 -3.144 -2.3 -2.623 -3.021
0.0048313 -0.5 9.78176 1.084937215 2.489107258 1.02 2.314 3.6506 1.687 7 0 0.448 0 0 0 0 0 -1 -1.71e-09 0 0.7169 0.2771 0.0007273 0.0003956 0.002166 -1 0.006028 -1.014 -1.014 -1.836 -2.165 -2.619 -3.073 -3.246 -2.681 -3.274 -2.416 -2.744 -3.148
0.0048313 -0.5 9.78176 1.084975123 2.489113837 1.019 2.356 3.6469 1.63 7 0 0.448 0 0 0 0 0 -1 -2.13e-09 0 0.7169 0.2771 0.0007272 0.0003956 0.002166 -1 0.006028 -1.12 -1.105 -1.938 -2.274 -2.736 -3.196 -3.373 -2.8 -3.403 -2.53 -2.863 -3.273
0.0048313 -0.5 9.78176 1.085007906 2.489119525 1.017 2.398 3.6432 1.573 7 0 0.448 0 0 0 0 0 -1 -2.66e-09 0 0.7169 0.2771 0.0007272 0.0003956 0.002166 -1 0.006028 -1.224 -1.193 -2.037 -2.381 -2.851 -3.315 -3.498 -2.916 -3.529 -2.642 -2.979 -3.396
0.0048313 -0.5 9.78176 1.085036397 2.489124469 1.016 2.439 3.6397 1.517 7 0 0.448 0 0 0 0 0 -1 -3.29e-09 0 0.7169 0.2771 0.0007272 0.0003957 0.002166 -1 0.006028 -1.327 -1.28 -2.134 -2.486 -2.964 -3.433 -3.62 -3.03 -3.653 -2.752 -3.094 -3.517
0.0048313 -0.5 9.78176 1.085061908 2.489128894 1.014 2.48 3.6361 1.46 7 0 0.448 0 0 0 0 0 -1 -4.11e-09 0 0.7169 0.2771 0.0007272 0.0003957 0.002166 -1 0.006028 -1.43 -1.364 -2.233 -2.592 -3.077 -3.553 -3.745 -3.146 -3.78 -2.864 -3.21 -3.641
0.0048313 -0.5 9.78176 1.085084915 2.489132886 1.012 2.521 3.6324 1.403 7 0 0.447 8.92 6.75 4.78 3.67 2.98 4 -5.13e-09 0 0.7169 0.2771 0.0007271 0.0003957 0.002166 -1 0.006028 -1.534 -1.447 -2.332 -2.699 -3.191 -3.675 -3.873 -3.263 -3.908 -2.977 -3.328 -3.767
0.0048313 -0.5 9.78176 1.085106015 2.489136547 1.01 2.563 3.6283 1.344 7 0 0.447 10.08 7.51 5.29 4.07 3.3 3 -6.36e-09 0 0.7169 0.2771 0.0007268 0.0003959 0.002166 -1 0.006028 -1.638 -1.528 -2.431 -2.807 -3.307 -3.8 -4.004 -3.383 -4.04 -3.091 -3.448 -3.897
0.0048313 -0.5 9.78176 1.085121036 2.489139152 1.008 2.595 3.6243 1.296 7 0 0.447 11.15 8.2 5.75 4.43 3.59 3 -7.48e-09 0 0.7169 0.2771 0.0007263 0.0003961 0.002166 -1 0.006028 -1.717 -1.583 -2.504 -2.888 -3.396 -3.899 -4.109 -3.477 -4.146 -3.18 -3.542 -4
0.0048313 -0.5 9.78176 1.085139394 2.489142337 1.005 2.637 3.6182 1.228 7 0 0.446 12.83 9.26 6.46 4.99 4.05 3 -9.33e-09 0 0.7169 0.2771 0.0007247 0.0003973 0.002166 -1 0.006028 -1.822 -1.649 -2.6 -2.996 -3.516 -4.034 -4.253 -3.604 -4.292 -3.298 -3.668 -4.142
0.0048313 -0.5 9.78176 1.085156918 2.489145376 1.001 2.679 3.6144 1.169 7 0 0.444 14.48 10.29 7.14 5.52 4.48 3 -1.17e-08 0 0.7169 0.2771 0.0007218 0.0004003 0.002166 -1 0.006028 -1.928 -1.729 -2.699 -3.103 -3.631 -4.157 -4.382 -3.722 -4.423 -3.412 -3.787 -4.269
0.0048313 -0.5 9.78176 1.085173726 2.489148292 0.997 2.722 3.6107 1.11 7 0 0.442 16.37 11.44 7.9 6.12 4.97 3 -1.46e-08 0 0.7169 0.2771 0.0007179 0.0004048 0.002166 -1 0.006019 -2.034 -1.81 -2.799 -3.211 -3.747 -4.281 -4.512 -3.842 -4.554 -3.527 -3.907 -4.398
0.0048313 -0.5 9.78176 1.085189462 2.489151021 0.992 2.764 3.6068 1.05 7 0 0.439 18.53 12.74 8.75 6.8 5.52 3 -1.81e-08 0 0.7169 0.2771 0.0007139 0.0004098 0.002166 -1 0.00601 -2.141 -1.887 -2.898 -3.319 -3.862 -4.405 -4.642 -3.962 -4.686 -3.641 -4.026 -4.528
0.0048313 -0.5 9.78176 1.085204482 2.489153627 0.986 2.806 3.603 0.99 7 0 0.437 20.94 14.16 9.68 7.53 6.12 3 -2.26e-08 0 0.7169 0.2771 0.0007103 0.0004142 0.002166 -1 0.005988 -2.245 -1.962 -2.995 -3.424 -3.975 -4.526 -4.77 -4.079 -4.816 -3.753 -4.143 -4.654
0.0048313 -0.5 9.78176 1.085219383 2.489156211 0.979 2.848 3.599 0.929 7 0 0.435 23.77 15.8 10.75 8.38 6.8 2 -2.81e-08 0 0.7169 0.2772 0.0007072 0.0004179 0.002166 -1 0.005956 -2.351 -2.036 -3.093 -3.532 -4.09 -4.651 -4.902 -4.199 -4.949 -3.868 -4.263 -4.784
0.0048313 -0.5 9.78176 1.085232258 2.489158444 0.972 2.891 3.5949 0.866 7 0 0.433 27.05 17.67 11.96 9.34 7.59 2 -3.51e-08 0 0.7168 0.2772 0.0007046 0.0004211 0.002166 -1 0.005972 -2.458 -2.107 -3.193 -3.64 -4.207 -4.777 -5.035 -4.321 -5.084 -3.984 -4.385 -4.916
0.0048313 -0.5 9.78176 1.085241675 2.489160077 0.965 2.934 3.5908 0.804 7 0 0.432 30.73 19.73 13.28 10.39 8.44 2 -4.38e-08 0 0.7168 0.2772 0.0007024 0.0004238 0.002166 -1 0.005979 -2.564 -2.176 -3.29 -3.747 -4.322 -4.901 -5.166 -4.44 -5.217 -4.098 -4.504 -5.046
0.0048313 -0.5 9.78176 1.08524847 2.489161256 0.958 2.975 3.5867 0.743 7 0 0.431 34.81 21.97 14.72 11.53 9.37 2 -5.4e-08 0 0.7168 0.2772 0.0007005 0.0004262 0.002166 -1 0.005978 -2.667 -2.239 -3.385 -3.852 -4.435 -5.022 -5.294 -4.558 -5.347 -4.21 -4.621 -5.173
0.0048313 -0.5 9.78176 1.085254669 2.489162331 0.951 3.019 3.5823 0.679 7 0 0.43 39.77 24.65 16.42 12.89 10.48 2 -6.74e-08 0 0.7168 0.2772 0.0006987 0.0004283 0.002166 -1 0.005978 -2.777 -2.303 -3.484 -3.963 -4.554 -5.151 -5.431 -4.682 -5.485 -4.329 -4.745 -5.308
0.0048313 -0.5 9.78176 1.085260391 2.489163323 0.943 3.063 3.5777 0.612 7 0 0.429 45.62 27.73 18.38 14.46 11.76 2 -8.45e-08 0 0.7168 0.2772 0.0006974 0.00043 0.002166 -1 0.00598 -2.887 -2.361 -3.584 -4.075 -4.675 -5.281 -5.569 -4.808 -5.626 -4.449 -4.871 -5.445
0.0048313 -0.5 9.78176 1.08526516 2.48916415 0.934 3.103 3.5732 0.55 7 0 0.428 51.82 30.94 20.4 16.08 13.08 1 -1.04e-07 0 0.7168 0.2772 0.0006964 0.0004311 0.002166 -1 0.00597 -2.988 -2.405 -3.675 -4.177 -4.785 -5.401 -5.697 -4.924 -5.756 -4.558 -4.987 -5.571
0.0048313 -0.5 9.78176 1.085270286 2.489165039 0.922 3.146 3.5682 0.482 7 0 0.428 59.66 34.91 22.88 18.08 14.71 1 -1.31e-07 0 0.7168 0.2772 0.0006958 0.0004319 0.002166 -1 0.005977 -3.095 -2.443 -3.77 -4.287 -4.905 -5.53 -5.834 -5.049 -5.896 -4.677 -5.112 -5.707
0.0048313 -0.5 9.78176 1.085273385 2.489165576 0.914 3.169 3.5654 0.444 7 0 0.428 64.49 37.31 24.38 19.28 15.69 1 -1.49e-07 0 0.7168 0.2772 0.0006956 0.0004321 0.002166 -1 0.005959 -3.153 -2.455 -3.821 -4.346 -4.969 -5.6 -5.908 -5.117 -5.972 -4.741 -5.179 -5.781
0.0048313 -0.5 9.78176 1.085274458 2.489165762 0.911 3.184 3.5636 0.419 7 0 0.428 67.79 38.93 25.39 20.1 16.35 1 -1.61e-07 0 0.7168 0.2772 0.0006954 0.0004324 0.002166 -1 0.005957 -3.19 -2.463 -3.854 -4.385 -5.012 -5.646 -5.957 -5.162 -6.022 -4.783 -5.224 -5.829
0.0048313 -0.5 9.78176 1.085274577 2.489165783 0.91 3.187 3.5633 0.415 7 0 0.428 68.36 39.21 25.57 20.24 16.47 1 -1.63e-07 0 0.7168 0.2772 0.0006954 0.0004324 0.002165 -1 0.005957 -3.197 -2.464 -3.86 -4.392 -5.019 -5.654 -5.965 -5.169 -6.03 -4.79 -5.231 -5.837
0.0048313 -0.5 9.78176 1.085274935 2.489165845 0.909 3.194 3.5623 0.403 7 0 0.427 70.08 40.06 26.09 20.66 16.81 1 -1.69e-07 0 0.7168 0.2772 0.0006953 0.0004326 0.002165 -1 0.005958 -3.216 -2.469 -3.877 -4.412 -5.04 -5.677 -5.99 -5.192 -6.055 -4.811 -5.254 -5.862
0.0048313 -0.5 9.78176 1.085275173 2.489165886 0.908 3.2 3.5617 0.395 7 0 0.427 71.36 40.68 26.48 20.98 17.07 1 -1.74e-07 0 0.7168 0.2772 0.0006952 0.0004327 0.002165 -1 0.005958 -3.23 -2.472 -3.889 -4.427 -5.056 -5.694 -6.008 -5.208 -6.074 -4.827 -5.27 -5.88
0.0048313 -0.5 9.78176 1.085275531 2.489165949 0.907 3.213 3.5602 0.376 7 0 0.427 74.25 42.09 27.35 21.68 17.64 1 -1.84e-07 0 0.7168 0.2772 0.0006946 0.0004334 0.002165 -1 0.00598 -3.261 -2.479 -3.917 -4.459 -5.091 -5.732 -6.048 -5.245 -6.115 -4.862 -5.307 -5.919
0.0048313 -0.5 9.78176 1.085275888 2.48916601 0.905 3.226 3.5586 0.355 7 0 0.427 77.45 43.64 28.31 22.46 18.28 1 -1.96e-07 0 0.7168 0.2772 0.0006945 0.0004336 0.002165 -1 0.005979 -3.294 -2.481 -3.945 -4.494 -5.129 -5.772 -6.09 -5.284 -6.158 -4.898 -5.345 -5.961
0.0048313 -0.5 9.78176 1.085276365 2.489166093 0.903 3.241 3.5566 0.331 7 0 0.427 81.46 45.57 29.51 23.42 19.06 1 -2.11e-07 0 0.7168 0.2772 0.0006943 0.0004339 0.002165 -1 0.005974 -3.333 -2.481 -3.978 -4.535 -5.173 -5.819 -6.14 -5.33 -6.209 -4.941 -5.391 -6.011
0.0048313 -0.5 9.78176 1.085277438 2.489166279 0.898 3.269 3.5531 0.286 7 0 0.427 89.42 49.35 31.83 25.3 20.6 1 -2.44e-07 0 0.7168 0.2773 0.0006939 0.0004344 0.002165 -1 0.005954 -3.403 -2.48 -4.038 -4.609 -5.254 -5.905 -6.231 -5.413 -6.302 -5.02 -5.475 -6.101
0.0048313 -0.5 9.78176 1.085278273 2.489166424 0.892 3.271 3.5524 0.279 7 0 0.426 90.77 49.96 32.21 25.61 20.84 1 -2.51e-07 0 0.7168 0.2773 0.0006936 0.0004347 0.002165 -1 0.005969 -3.408 -2.472 -4.041 -4.615 -5.262 -5.913 -6.241 -5.421 -6.312 -5.027 -5.483 -6.11
0.0048313 -0.5 9.78176 1.085278392 2.489166445 0.891 3.273 3.5522 0.275 7 0 0.426 91.39 50.25 32.38 25.75 20.96 1 -2.54e-07 0 0.7168 0.2773 0.0006935 0.0004348 0.002165 -1 0.005975 -3.413 -2.472 -4.046 -4.621 -5.267 -5.919 -6.247 -5.427 -6.318 -5.033 -5.489 -6.116
0.0048313 -0.5 9.78176 1.085278511 2.489166465 0.89 3.264 3.5532 0.289 7 0 0.426 88.78 49.01 31.62 25.13 20.46 1 -2.44e-07 0 0.7168 0.2773 0.0006935 0.0004348 0.002165 -1 0.005978 -3.389 -2.469 -4.024 -4.595 -5.24 -5.89 -6.216 -5.399 -6.287 -5.006 -5.46 -6.086
0.0048313 -0.5 9.78176 1.08527863 2.489166486 0.889 3.204 3.5592 0.372 7 0 0.426 74.6 42.19 27.4 21.74 17.69 1 -1.87e-07 0 0.7168 0.2773 0.0006935 0.0004348 0.002165 -1 0.005981 -3.24 -2.44 -3.893 -4.439 -5.073 -5.715 -6.033 -5.227 -6.1 -4.843 -5.289 -5.904
0.0048313 -0.5 9.78176 1.08527875 2.489166507 0.888 3.235 3.5562 0.328 7 0 0.426 81.67 45.61 29.52 23.44 19.08 1 -2.15e-07 0 0.7167 0.2773 0.0006925 0.0004362 0.002165 -1 0.005981 -3.317 -2.456 -3.961 -4.52 -5.159 -5.806 -6.128 -5.316 -6.196 -4.927 -5.377 -5.998
0.0048313 -0.5 9.78176 1.085278869 2.489166527 0.888 3.24 3.5556 0.32 7 0 0.426 83.05 46.26 29.92 23.77 19.34 1 -2.22e-07 0 0.7167 0.2773 0.0006923 0.0004365 0.002164 -1 0.005981 -3.331 -2.459 -3.973 -4.534 -5.175 -5.822 -6.144 -5.332 -6.214 -4.942 -5.393 -6.014
0.0048313 -0.5 9.78176 1.085279465 2.489166631 0.884 3.235 3.5558 0.324 7 0 0.426 82.29 45.88 29.69 23.58 19.19 1 -2.18e-07 0 0.7167 0.2773 0.0006923 0.0004365 0.002164 -1 0.005981 -3.318 -2.449 -3.961 -4.521 -5.161 -5.808 -6.131 -5.318 -6.2 -4.929 -5.38 -6.001
0.0048313 -0.5 9.78176 1.085279942 2.489166713 0.881 3.272 3.5515 0.269 7 0 0.425 92.34 50.65 32.62 25.95 21.12 1 -2.59e-07 0 0.7167 0.2773 0.0006923 0.0004365 0.002164 -1 0.005981 -3.409 -2.454 -4.039 -4.617 -5.265 -5.918 -6.247 -5.426 -6.319 -5.031 -5.487 -6.116
0.0048313 -0.5 9.78176 1.08528018 2.489166755 0.878 3.301 3.548 0.225 7 0 0.425 101.24 54.79 35.16 28.01 22.8 1 -2.96e-07 0 0.7167 0.2773 0.0006921 0.0004367 0.002164 -1 0.005983 -3.481 -2.449 -4.099 -4.693 -5.347 -6.005 -6.339 -5.51 -6.413 -5.111 -5.572 -6.207
0.0048313 -0.5 9.78176 1.085280657 2.489166837 0.874 3.33 3.5444 0.18 7 0 0.425 111.39 59.45 38.01 30.32 24.69 1 -3.39e-07 0 0.7167 0.2773 0.0006918 0.0004372 0.002164 -1 0.005987 -3.554 -2.432 -4.157 -4.769 -5.431 -6.094 -6.434 -5.597 -6.509 -5.192 -5.659 -6.301
0.0048313 -0.5 9.78176 1.085281014 2.489166899 0.871 3.351 3.5417 0.146 7 0 0.425 119.52 63.12 40.24 32.14 26.17 1 -3.79e-07 0 0.7167 0.2773 0.0006915 0.0004375 0.002164 -1 0.005996 -3.608 -2.419 -4.199 -4.825 -5.491 -6.159 -6.502 -5.66 -6.58 -5.252 -5.721 -6.369
0.0048313 -0.5 9.78176 1.085281491 2.489166982 0.866 3.373 3.5389 0.11 7 0 0.425 128.67 67.21 42.72 34.15 27.81 1 -4.23e-07 0 0.7167 0.2773 0.0006912 0.0004379 0.002164 -1 0.005997 -3.661 -2.399 -4.239 -4.882 -5.554 -6.225 -6.573 -5.724 -6.652 -5.312 -5.786 -6.438
0.0048313 -0.5 9.78176 1.085282087 2.489167086 0.859 3.396 3.5357 0.071 7 0.529 0.425 139.72 72.06 45.65 36.54 29.77 1 -4.77e-07 0 0.7167 0.2773 0.000691 0.0004381 0.002164 -1 0.005989 -3.72 -2.367 -4.28 -4.944 -5.622 -6.297 -6.649 -5.795 -6.731 -5.377 -5.856 -6.513
0.0048313 -0.5 9.78176 1.085283041 2.489167251 0.847 3.419 3.5324 0.029 7 0.53 0.425 150.95 77.47 48.9 39.21 31.94 1 -5.48e-07 0 0.7167 0.2773 0.0006909 0.0004382 0.002164 -1 0.005984 -3.777 -2.326 -4.317 -5.003 -5.689 -6.368 -6.724 -5.864 -6.809 -5.441 -5.926 -6.588
0.0048313 -0.5 9.78176 1.085283399 2.489167313 0.842 3.426 3.5312 0.014 7 0.53 0.425 154.07 79.44 50.08 40.18 32.73 1 -5.77e-07 0 0.7167 0.2773 0.0006909 0.0004383 0.002164 -1 0.005981 -3.796 -2.31 -4.329 -5.023 -5.711 -6.392 -6.75 -5.887 -6.835 -5.462 -5.949 -6.613
0.0048313 -0.5 9.78176 1.085283518 2.489167334 0.842 3.387 3.5372 0.078 8 0.53 0.445 137.23 70.78 44.86 35.93 29.26 1 -4.88e-07 0 0.7168 0.2783 0.000726 0.0004392 0.00217 -1 0.00494 -3.696 -2.385 -4.264 -4.918 -5.594 -6.267 -6.617 -5.765 -6.698 -5.35 -5.827 -6.482
0.0048313 -0.5 9.78176 1.085283637 2.489167354 0.841 3.153 3.5597 0.4 8 0.53 0.446 69.47 39.5 25.7 20.41 16.6 1 -1.79e-07 0 0.7168 0.2783 0.000726 0.0004392 0.00217 -1 0.00494 -3.114 -2.324 -3.768 -4.311 -4.944 -5.586 -5.903 -5.098 -5.97 -4.715 -5.16 -5.774
0.0048313 -0.5 9.78176 1.085283637 2.489167354 0.841 3.03 3.5744 0.582 8 0.53 0.446 47.36 28.45 18.78 14.84 12.06 1 -1.04e-07 0 0.7168 0.2783 0.000726 0.0004392 0.00217 -1 0.00494 -2.806 -2.238 -3.495 -3.994 -4.6 -5.214 -5.508 -4.738 -5.566 -4.374 -4.801 -5.383
0.0048313 -0.5 9.78176 1.085283876 2.489167395 0.839 2.847 3.5963 0.852 8 0.53 0.446 26.75 17.44 11.77 9.24 7.49 2 -4.54e-08 0 0.7168 0.2783 0.000726 0.0004392 0.00217 -1 0.00494 -2.346 -2.007 -3.084 -3.529 -4.094 -4.659 -4.915 -4.205 -4.963 -3.87 -4.269 -4.796
0.0048313 -0.5 9.78176 1.085284114 2.489167437 0.836 2.86 3.5945 0.831 8 0.53 0.446 27.96 18.11 12.2 9.58 7.77 2 -4.87e-08 0 0.7168 0.2783 0.000726 0.0004392 0.00217 -1 0.00494 -2.379 -2.025 -3.113 -3.562 -4.13 -4.699 -4.958 -4.243 -5.007 -3.906 -4.307 -4.839
0.0048313 -0.5 9.78176 1.085284472 2.489167499 0.833 2.974 3.5807 0.659 8 0.53 0.446 40.13 24.67 16.39 12.93 10.5 2 -8.33e-08 0 0.7168 0.2783 0.000726 0.0004392 0.00217 -1 0.00494 -2.665 -2.175 -3.369 -3.851 -4.446 -5.046 -5.329 -4.576 -5.385 -4.22 -4.639 -5.206
0.0048313 -0.5 9.78176 1.085284829 2.489167561 0.829 3.131 3.5617 0.424 8 0.531 0.446 65.85 37.69 24.56 19.5 15.85 1 -1.7e-07 0 0.7168 0.2783 0.000726 0.0004392 0.00217 -1 0.00494 -3.058 -2.301 -3.717 -4.253 -4.883 -5.522 -5.836 -5.035 -5.901 -4.654 -5.097 -5.707
0.0048313 -0.5 9.78176 1.085285306 2.489167644 0.824 3.263 3.5457 0.226 8 0.531 0.446 99.95 53.82 34.52 27.56 22.42 1 -3.05e-07 0 0.7168 0.2783 0.000726 0.0004392 0.00217 -1 0.00494 -3.387 -2.298 -3.994 -4.6 -5.258 -5.921 -6.258 -5.424 -6.333 -5.021 -5.486 -6.125
0.0048313 -0.5 9.78176 1.085285902 2.489167747 0.819 3.347 3.5353 0.098 8 0.531 0.446 130.96 67.76 43 34.45 28.05 1 -4.44e-07 0 0.7168 0.2783 0.000726 0.0004392 0.00217 -1 0.00494 -3.597 -2.237 -4.156 -4.821 -5.5 -6.176 -6.527 -5.673 -6.608 -5.255 -5.734 -6.391
0.0048313 -0.5 9.78176 1.085286498 2.48916785 0.813 3.389 3.5299 0.03 8 0.531 0.446 148.25 76.41 48.22 38.71 31.52 1 -5.43e-07 0 0.7168 0.2783 0.000726 0.0004392 0.00217 -1 0.00494 -3.703 -2.184 -4.23 -4.932 -5.623 -6.305 -6.664 -5.799 -6.749 -5.372 -5.861 -6.527
0.0048313 -0.5 9.78176 1.085287213 2.489167974 0.806 3.407 3.5274 -0.001 8 0.531 0.446 155.11 80.69 50.79 40.82 33.24 1 -6e-07 0 0.7168 0.2783 0.000726 0.0004392 0.00217 -1 0.00494 -3.748 -2.144 -4.252 -4.978 -5.675 -6.36 -6.722 -5.852 -6.809 -5.421 -5.915 -6.584
0.0048313 -0.5 9.78176 1.085288048 2.489168119 0.799 3.415 3.526 -0.018 8 0.532 0.446 158.82 83.1 52.22 42.01 34.21 1 -6.38e-07 0 0.7168 0.2783 0.000726 0.0004392 0.00217 -1 0.00494 -3.768 -2.117 -4.261 -5 -5.7 -6.386 -6.749 -5.877 -6.838 -5.444 -5.94 -6.611
0.0048313 -0.5 9.78176 1.085288048 2.489168119 0.798 3.24 3.547 0.24 8 0.532 0.446 96.48 52.04 33.4 26.68 21.7 1 -3.05e-07 0 0.7168 0.2783 0.000726 0.0004392 0.00217 -1 0.00494 -3.329 -2.272 -3.942 -4.541 -5.197 -5.858 -6.193 -5.362 -6.267 -4.961 -5.424 -6.061
0.0048313 -0.5 9.78176 1.085288167 2.48916814 0.796 3.065 3.5678 0.498 8 0.532 0.446 55.93 32.66 21.41 16.99 13.8 1 -1.44e-07 0 0.7168 0.2783 0.000726 0.0004392 0.00217 -1 0.00494 -2.892 -2.235 -3.566 -4.083 -4.701 -5.329 -5.633 -4.847 -5.695 -4.475 -4.91 -5.506
0.0048313 -0.5 9.78176 1.085288405 2.489168181 0.793 2.881 3.5897 0.767 8 0.532 0.446 31.59 20.05 13.43 10.58 8.59 2 -6.36e-08 0 0.7168 0.2783 0.000726 0.0004392 0.00217 -1 0.00494 -2.434 -2.036 -3.158 -3.618 -4.195 -4.775 -5.042 -4.314 -5.094 -3.97 -4.378 -4.922
0.0048313 -0.5 9.78176 1.085288763 2.489168243 0.789 2.895 3.588 0.744 8 0.532 0.446 33.11 20.87 13.95 11 8.93 2 -6.89e-08 0 0.7168 0.2783 0.000726 0.0004392 0.00217 -1 0.00494 -2.468 -2.052 -3.188 -3.652 -4.233 -4.816 -5.087 -4.354 -5.139 -4.008 -4.417 -4.966
0.0048313 -0.5 9.78176 1.085289121 2.489168305 0.784 3.009 3.5742 0.572 8 0.532 0.446 47.62 28.44 18.75 14.86 12.06 1 -1.18e-07 0 0.7168 0.2783 0.000726 0.0004392 0.00217 -1 0.00494 -2.752 -2.181 -3.441 -3.94 -4.547 -5.161 -5.455 -4.685 -5.514 -4.321 -4.748 -5.33
0.0048313 -0.5 9.78176 1.085289717 2.489168408 0.777 3.165 3.5552 0.337 8 0.532 0.446 78.31 43.43 28.08 22.4 18.21 1 -2.4e-07 0 0.7168 0.2783 0.000726 0.0004392 0.00217 -1 0.00494 -3.142 -2.261 -3.782 -4.345 -4.986 -5.634 -5.957 -5.144 -6.027 -4.753 -5.205 -5.827
0.0048313 -0.5 9.78176 1.085290194 2.489168491 0.769 3.295 3.5391 0.137 8 0.533 0.446 119.32 62.09 39.51 31.68 25.78 1 -4.32e-07 0 0.7168 0.2783 0.000726 0.0004392 0.00217 -1 0.00494 -3.468 -2.213 -4.047 -4.687 -5.358 -6.031 -6.378 -5.529 -6.456 -5.117 -5.591 -6.243
0.0048313 -0.5 9.78176 1.085290909 2.489168615 0.76 3.379 3.5287 0.007 8 0.533 0.446 150.03 78.4 49.35 39.73 32.34 1 -6.38e-07 0 0.7168 0.2783 0.000726 0.0004392 0.00217 -1 0.00494 -3.677 -2.114 -4.192 -4.906 -5.6 -6.284 -6.645 -5.777 -6.732 -5.348 -5.84 -6.507
0.0048313 -0.5 9.78176 1.085291743 2.48916876 0.75 3.422 3.5231 -0.064 8 0.533 0.446 166.5 88.78 55.55 44.83 36.49 0 -7.94e-07 0.01 0.7168 0.2783 0.000726 0.0004392 0.00217 -1 0.00494 -3.784 -2.03 -4.25 -5.018 -5.726 -6.414 -6.781 -5.904 -6.873 -5.465 -5.967 -6.642
0.0048313 -0.5 9.78176 1.085292578 2.489168905 0.739 3.44 3.5206 -0.099 8 0.534 0.446 174.83 94.22 58.78 47.5 38.67 0 -8.98e-07 0.01 0.7168 0.2783 0.000726 0.0004392 0.00217 -1 0.00494 -3.83 -1.985 -4.272 -5.065 -5.78 -6.47 -6.84 -5.959 -6.935 -5.515 -6.022 -6.701
0.0048313 -0.5 9.78176 1.085293531 2.48916907 0.727 3.449 3.5193 -0.121 8 0.534 0.446 179.67 97.54 60.73 49.13 40 0 -9.81e-07 0.01 0.7168 0.2783 0.000726 0.0004392 0.00217 -1 0.00494 -3.853 -1.955 -4.278 -5.088 -5.807 -6.497 -6.869 -5.986 -6.966 -5.539 -6.049 -6.73
0.0048313 -0.5 9.78176 1.085293531 2.48916907 0.726 3.281 3.5401 0.131 8 0.534 0.446 119.97 61.91 39.34 31.62 25.71 1 -4.86e-07 0 0.7168 0.2783 0.000726 0.0004392 0.00217 -1 0.00494 -3.431 -2.201 -4.014 -4.649 -5.319 -5.99 -6.336 -5.489 -6.415 -5.078 -5.551 -6.201
0.0048313 -0.5 9.78176 1.08529377 2.489169111 0.724 3.107 3.5616 0.389 8 0.534 0.446 69.15 38.78 25.17 20.09 16.32 1 -2.33e-07 0 0.7168 0.2783 0.000726 0.0004392 0.00217 -1 0.00494 -2.997 -2.238 -3.656 -4.194 -4.824 -5.462 -5.776 -4.976 -5.842 -4.594 -5.038 -5.647
0.0048313 -0.5 9.78176 1.085294008 2.489169153 0.719 2.924 3.5845 0.661 8 0.534 0.446 38.68 23.68 15.71 12.45 10.1 1 -1.05e-07 0 0.7168 0.2783 0.000726 0.0004392 0.00217 -1 0.00494 -2.54 -2.088 -3.253 -3.726 -4.314 -4.904 -5.181 -4.438 -5.235 -4.088 -4.502 -5.058
0.0048313 -0.5 9.78176 1.085294366 2.489169215 0.713 2.938 3.5831 0.638 8 0.534 0.446 40.57 24.64 16.32 12.94 10.5 1 -1.15e-07 0 0.7168 0.2783 0.000726 0.0004392 0.00217 -1 0.00494 -2.574 -2.108 -3.284 -3.761 -4.352 -4.945 -5.224 -4.478 -5.279 -4.125 -4.541 -5.101
0.0048313 -0.5 9.78176 1.085294843 2.489169297 0.706 3.051 3.5694 0.466 8 0.535 0.446 58.48 33.56 21.91 17.47 14.18 1 -1.97e-07 0 0.7168 0.2783 0.000726 0.0004392 0.00217 -1 0.00494 -2.856 -2.22 -3.534 -4.047 -4.664 -5.286 -5.589 -4.807 -5.651 -4.436 -4.869 -5.462
0.0048313 -0.5 9.78176 1.085295439 2.489169401 0.697 3.204 3.5505 0.231 8 0.535 0.446 96.38 51.15 32.75 26.29 21.36 1 -4e-07 0 0.7168 0.2783 0.000726 0.0004392 0.00217 -1 0.00494 -3.241 -2.262 -3.866 -4.449 -5.099 -5.754 -6.085 -5.26 -6.157 -4.864 -5.322 -5.953
0.0048313 -0.5 9.78176 1.085296035 2.489169504 0.686 3.333 3.5346 0.031 8 0.535 0.446 139.11 73.02 46 37.14 30.2 0 -7.27e-07 0.01 0.7168 0.2783 0.000726 0.0004392 0.00217 -1 0.00494 -3.563 -2.17 -4.113 -4.785 -5.467 -6.144 -6.498 -5.641 -6.582 -5.22 -5.703 -6.362
0.0048313 -0.5 9.78176 1.085296869 2.489169649 0.674 3.416 3.5246 -0.099 8 0.536 0.446 169.26 92.04 57.36 46.49 37.82 0 -1.09e-06 0.01 0.7168 0.2783 0.000726 0.0004392 0.00217 -1 0.00494 -3.77 -2.049 -4.241 -4.999 -5.706 -6.392 -6.759 -5.883 -6.853 -5.445 -5.946 -6.622
0.0048313 -0.5 9.78176 1.085297704 2.489169793 0.66 3.459 3.5199 -0.17 8 0.536 0.446 182.96 -1 -1 -1 -1 0 -1.39e-06 0.02 0.7168 0.2783 0.000726 0.0004392 0.00217 -1 0.00494 -3.877 -1.979 -4.299 -5.105 -5.826 -6.516 -6.891 -6.004 -6.989 -5.558 -6.068 -6.752
0.0048313 -0.5 9.78176 1.085298777 2.48916998 0.645 3.477 3.5185 -0.204 8 0.537 0.446 175.5 -1 -1 -1 -1 0 -1.62e-06 0.02 0.7168 0.2783 0.000726 0.0004392 0.00217 -1 0.00494 -3.924 -1.96 -4.321 -5.149 -5.875 -6.567 -6.945 -6.053 -7.045 -5.604 -6.118 -6.805
0.0048313 -0.5 9.78176 1.085299849 2.489170166 0.629 3.487 3.5187 -0.224 8 0.537 0.446 167.59 -1 -1 -1 -1 0 -1.83e-06 0.03 0.7168 0.2783 0.000726 0.0004392 0.00217 -1 0.00494 -3.948 -1.974 -4.339 -5.168 -5.896 -6.589 -6.967 -6.074 -7.069 -5.623 -6.138 -6.827
0.0048313 -0.5 9.78176 1.085305095 2.489171075 0.515 -9.999 4 1.781 9 0.539 0 0 0 0 0 0 -1 -1e-30 0 0.7168 0.2783 0.000726 0.0004392 0.00217 -1 0.00494 29.767 30.02 30.007 30.044 30.059 30.054 30.054 30.05 30.064 30.035 30.054 30.052
