# downloaded from PARSEC/CMD via ezpadova
# component=thin6 family=thin_disk component_index=5 logAge=9.78175537465247 MH=0.0 photometric_system=ubvrijhk
# Zini MH logAge Mini int_IMF Mass logL logTe logg label McoreTP C_O period0 period1 period2 period3 period4 pmode Mloss tau1m X Y Xc Xn Xo Cexcess Z mbolmag Umag Bmag Vmag Rmag Imag Jmag Hmag Kmag
0.01471 0 9.78176 0.0900000036 1.081689593 0.09 -3.422 3.3633 5.219 1 0 0.545 0 0 0 0 0 -1 -3.9e-17 0 0.71 0.2752 0.002655 0.0007163 0.006496 -1 0.01476 13.325 22.63 19.987 18.145 15.984 13.731 11.234 10.619 10.332
0.01471 0 9.78176 0.1000000015 1.171106412 0.1 -3.238 3.3894 5.186 1 0 0.545 0 0 0 0 0 -1 -5.87e-17 0 0.7098 0.2754 0.002655 0.0007163 0.006496 -1 0.01476 12.866 22.108 19.501 17.668 15.519 13.272 10.776 10.162 9.871
0.01471 0 9.78176 0.1129350215 1.270886663 0.113 -3.061 3.413 5.155 1 0 0.545 0 0 0 0 0 -1 -8.61e-17 0 0.7094 0.2758 0.002655 0.0007163 0.006496 -1 0.01476 12.421 21.606 19.031 17.207 15.07 12.828 10.333 9.72 9.425
0.01471 0 9.78176 0.1200000048 1.319315474 0.12 -2.972 3.4247 5.14 1 0 0.545 0 0 0 0 0 -1 -1.04e-16 0 0.7092 0.276 0.002655 0.0007163 0.006496 -1 0.01476 12.2 20.939 18.511 16.718 14.677 12.502 10.13 9.515 9.218
0.01471 0 9.78176 0.1400000006 1.438452672 0.14 -2.789 3.4446 5.103 1 0 0.545 0 0 0 0 0 -1 -1.53e-16 0 0.7088 0.2765 0.002655 0.0007163 0.006496 -1 0.01476 11.743 19.427 17.317 15.61 13.802 11.793 9.72 9.103 8.805
0.01471 0 9.78176 0.1498039067 1.489047972 0.15 -2.718 3.4514 5.089 1 0 0.545 0 0 0 0 0 -1 -1.78e-16 0 0.7086 0.2767 0.002655 0.0007163 0.006496 -1 0.01476 11.564 18.913 16.9 15.22 13.486 11.537 9.557 8.94 8.642
0.01471 0 9.78176 0.1599999964 1.537293155 0.16 -2.648 3.4581 5.075 1 0 0.545 0 0 0 0 0 -1 -2.05e-16 0 0.7084 0.2769 0.002655 0.0007163 0.006496 -1 0.01476 11.39 18.421 16.499 14.838 13.177 11.292 9.4 8.781 8.486
0.01471 0 9.78176 0.200000003 1.693879086 0.2 -2.431 3.4769 5.029 1 0 0.545 0 0 0 0 0 -1 -3.19e-16 0 0.7076 0.2776 0.002655 0.0007163 0.006496 -1 0.01476 10.847 17.09 15.382 13.78 12.301 10.582 8.902 8.282 7.995
0.01471 0 9.78176 0.25 1.8403258 0.25 -2.223 3.4932 4.983 1 0 0.545 0 0 0 0 0 -1 -4.85e-16 0 0.7069 0.2783 0.002655 0.0007163 0.006496 -1 0.01476 10.327 15.987 14.425 12.858 11.51 9.946 8.423 7.8 7.524
0.01471 0 9.78176 0.3000000119 1.952913977 0.3 -2.061 3.5038 4.943 1 0 0.545 0 0 0 0 0 -1 -3.17e-16 0 0.7067 0.2786 0.002655 0.0007163 0.006496 -1 0.01476 9.921 15.261 13.776 12.241 10.965 9.483 8.042 7.417 7.149
0.01471 0 9.78176 0.3319175541 2.012744443 0.332 -1.961 3.5094 4.909 1 0 0.545 0 0 0 0 0 -1 -6.32e-16 0 0.7094 0.2758 0.002655 0.0007163 0.006496 -1 0.01476 9.672 14.849 13.402 11.887 10.646 9.206 7.806 7.178 6.915
0.01471 0 9.78176 0.3500000238 2.043417513 0.35 -1.907 3.5124 4.891 1 0 0.545 0 0 0 0 0 -1 -8.43e-16 0 0.7105 0.2747 0.002655 0.0007163 0.006496 -1 0.01476 9.538 14.638 13.209 11.703 10.479 9.059 7.679 7.049 6.789
0.01471 0 9.78176 0.4000000358 2.118502481 0.4 -1.763 3.5234 4.849 1 0 0.545 0 0 0 0 0 -1 -1.29e-15 0 0.7106 0.2746 0.002655 0.0007163 0.006496 -1 0.01476 9.178 14.024 12.641 11.163 9.996 8.655 7.346 6.71 6.458
0.01471 0 9.78176 0.4500000179 2.182280936 0.45 -1.614 3.5356 4.799 1 0 0.545 0 0 0 0 0 -1 -1.82e-15 0 0.7107 0.2745 0.002655 0.0007163 0.006496 -1 0.01476 8.804 13.417 12.064 10.614 9.501 8.241 7.003 6.357 6.116
0.01471 0 9.78176 0.5 2.237454153 0.5 -1.456 3.5508 4.749 1 0 0.545 0 0 0 0 0 -1 -2.63e-15 0 0.7107 0.2745 0.002655 0.0007163 0.006496 -1 0.01476 8.411 12.792 11.45 10.027 8.971 7.807 6.648 5.992 5.762
0.01471 0 9.78176 0.5083072782 2.245857089 0.508 -1.427 3.5542 4.74 1 0 0.545 0 0 0 0 0 -1 -2.81e-15 0 0.713 0.2724 0.002635 0.000711 0.006449 -1 0.01465 8.338 12.674 11.332 9.912 8.867 7.725 6.584 5.925 5.698
0.01471 0 9.78176 0.5500000119 2.283658263 0.55 -1.286 3.5704 4.698 1 0 0.545 0 0 0 0 0 -1 -3.93e-15 0 0.7248 0.2611 0.002534 0.0006836 0.006201 -1 0.01408 7.985 12.123 10.767 9.364 8.367 7.338 6.275 5.605 5.393
0.01471 0 9.78176 0.6000000238 2.321121326 0.6 -1.117 3.5946 4.663 1 0 0.545 0 0 0 0 0 -1 -5.77e-15 0 0.7269 0.2591 0.002516 0.0006791 0.006161 -1 0.01401 7.562 11.445 10.061 8.692 7.754 6.883 5.917 5.227 5.048
0.01471 0 9.78176 0.6499999762 2.352035311 0.65 -0.946 3.6238 4.644 1 0 0.545 0 0 0 0 0 -1 -8.41e-15 0 0.7289 0.2572 0.002501 0.0006749 0.006123 -1 0.01393 7.134 10.714 9.294 8.009 7.142 6.43 5.555 4.866 4.732
0.01471 0 9.78176 0.7000000477 2.377926726 0.7 -0.78 3.6536 4.63 1 0 0.544 0 0 0 0 0 -1 -1.2e-14 0 0.7307 0.2555 0.002486 0.000671 0.006088 -1 0.01379 6.721 9.786 8.485 7.334 6.563 5.999 5.221 4.578 4.481
0.01471 0 9.78176 0.7255893946 2.389601478 0.726 -0.698 3.6686 4.623 1 0 0.541 0 0 0 0 0 -1 -1.44e-14 0 0.7318 0.2544 0.00246 0.0006682 0.006068 -1 0.01378 6.515 9.234 8.081 7.007 6.294 5.783 5.06 4.461 4.375
0.01471 0 9.78176 0.75 2.399888909 0.75 -0.621 3.6824 4.616 1 0 0.537 0 0 0 0 0 -1 -1.7e-14 0 0.7328 0.2535 0.002436 0.0006657 0.00605 -1 0.01372 6.323 8.723 7.723 6.715 6.059 5.584 4.911 4.359 4.28
0.01471 0 9.78176 0.785420835 2.413516744 0.785 -0.516 3.6983 4.594 1 0 0.537 0 0 0 0 0 -1 -2.18e-14 0 0.7348 0.2515 0.00242 0.0006614 0.006011 -1 0.01365 6.059 8.129 7.292 6.356 5.759 5.319 4.699 4.195 4.124
0.01471 0 9.78176 0.8000000119 2.418724441 0.8 -0.473 3.7047 4.585 1 0 0.537 0 0 0 0 0 -1 -2.41e-14 0 0.7357 0.2507 0.002414 0.0006596 0.005995 -1 0.01362 5.952 7.897 7.126 6.216 5.641 5.214 4.615 4.129 4.061
0.01471 0 9.78176 0.8001872897 2.418789918 0.8 -0.472 3.7048 4.585 1 0 0.537 0 0 0 0 0 -1 -2.41e-14 0 0.7357 0.2507 0.002414 0.0006596 0.005994 -1 0.01362 5.951 7.894 7.124 6.214 5.64 5.212 4.614 4.129 4.06
0.01471 0 9.78176 0.8304499984 2.428926086 0.83 -0.384 3.7173 4.562 1 0 0.537 0 0 0 0 0 -1 -2.97e-14 0 0.7377 0.2487 0.002397 0.0006552 0.005955 -1 0.01353 5.73 7.435 6.792 5.934 5.401 4.996 4.438 3.989 3.925
0.01471 0 9.78176 0.8500000238 2.435034684 0.849 -0.328 3.7252 4.547 1 0 0.537 0 0 0 0 0 -1 -3.4e-14 0 0.7391 0.2475 0.002386 0.0006523 0.005929 -1 0.01347 5.589 7.155 6.59 5.761 5.251 4.86 4.326 3.898 3.838
0.01471 0 9.78176 0.8764252663 2.442795484 0.876 -0.251 3.735 4.524 1 0 0.536 0 0 0 0 0 -1 -4.11e-14 0 0.7413 0.2453 0.002368 0.0006475 0.005886 -1 0.01339 5.398 6.798 6.325 5.535 5.053 4.677 4.174 3.771 3.715
0.01471 0 9.78176 0.8999999762 2.449278602 0.899 -0.184 3.7433 4.501 1 0 0.536 0 0 0 0 0 -1 -4.86e-14 0 0.7433 0.2434 0.002352 0.0006431 0.005847 -1 0.01328 5.229 6.485 6.094 5.338 4.88 4.518 4.041 3.658 3.606
0.01471 0 9.78176 0.9086174965 2.451552107 0.908 -0.159 3.7462 4.491 1 0 0.536 0 0 0 0 0 -1 -5.18e-14 0 0.7443 0.2425 0.002345 0.0006411 0.005829 -1 0.01325 5.167 6.372 6.011 5.267 4.818 4.461 3.991 3.615 3.564
0.01471 0 9.78176 0.9235229492 2.455369573 0.923 -0.116 3.7509 4.474 1 0 0.536 0 0 0 0 0 -1 -5.79e-14 0 0.7459 0.2409 0.002332 0.0006376 0.005798 -1 0.01319 5.059 6.183 5.87 5.146 4.711 4.361 3.905 3.54 3.491
0.01471 0 9.78176 0.9376888871 2.458868585 0.937 -0.075 3.7553 4.457 1 0 0.536 0 0 0 0 0 -1 -6.44e-14 0 0.7475 0.2394 0.002319 0.0006342 0.005767 -1 0.01314 4.956 6.013 5.74 5.033 4.609 4.267 3.822 3.467 3.42
0.01471 0 9.78176 0.9499999881 2.461812187 0.949 -0.039 3.7589 4.442 1 0 0.536 0 0 0 0 0 -1 -7.07e-14 0 0.7489 0.238 0.002307 0.0006311 0.00574 -1 0.01308 4.867 5.868 5.627 4.936 4.521 4.184 3.749 3.402 3.357
0.01471 0 9.78176 0.9517028332 2.462212451 0.951 -0.034 3.7594 4.44 1 0 0.536 0 0 0 0 0 -1 -7.17e-14 0 0.7492 0.2378 0.002305 0.0006306 0.005735 -1 0.01307 4.855 5.848 5.612 4.922 4.509 4.172 3.739 3.393 3.348
0.01471 0 9.78176 0.9643545747 2.465135481 0.964 0.003 3.7628 4.422 1 0 0.536 0 0 0 0 0 -1 -7.91e-14 0 0.7511 0.236 0.00229 0.0006265 0.005699 -1 0.01299 4.762 5.706 5.497 4.822 4.418 4.087 3.662 3.324 3.281
0.01471 0 9.78176 0.9765542746 2.467871744 0.976 0.039 3.7659 4.404 1 0 0.536 0 0 0 0 0 -1 -8.71e-14 0 0.7529 0.2342 0.002275 0.0006225 0.005663 -1 0.0129 4.672 5.573 5.388 4.726 4.33 4.004 3.588 3.257 3.215
0.01471 0 9.78176 0.9988940358 2.472683642 0.999 0.105 3.7713 4.369 1 0 0.536 0 0 0 0 0 -1 -1.05e-13 0 0.7565 0.2307 0.002247 0.0006148 0.005594 -1 0.01272 4.507 5.335 5.189 4.551 4.168 3.851 3.449 3.129 3.09
0.01471 0 9.78176 1 2.472915448 1 0.109 3.7715 4.367 1 0 0.536 0 0 0 0 0 -1 -1.05e-13 0 0.7567 0.2306 0.002246 0.0006144 0.00559 -1 0.01272 4.499 5.323 5.179 4.542 4.16 3.843 3.442 3.123 3.084
0.01471 0 9.78176 1.005673647 2.474095406 1.005 0.125 3.7727 4.358 1 0 0.536 0 0 0 0 0 -1 -1.1e-13 0 0.7579 0.2294 0.002236 0.0006118 0.005567 -1 0.01268 4.456 5.265 5.129 4.498 4.119 3.804 3.406 3.089 3.051
0.01471 0 9.78176 1.017046571 2.476415128 1.016 0.16 3.775 4.338 1 0 0.535 0 0 0 0 0 -1 -1.19e-13 0 0.7604 0.227 0.002216 0.0006065 0.005519 -1 0.01257 4.371 5.151 5.029 4.408 4.036 3.724 3.332 3.021 2.983
0.01471 0 9.78176 1.027657032 2.478526175 1.027 0.191 3.7769 4.318 1 0 0.535 0 0 0 0 0 -1 -1.28e-13 0 0.7628 0.2248 0.002197 0.0006015 0.005474 -1 0.01248 4.293 5.049 4.939 4.327 3.959 3.651 3.263 2.956 2.919
0.01471 0 9.78176 1.038569093 2.480645569 1.038 0.222 3.7784 4.298 1 0 0.535 0 0 0 0 0 -1 -1.38e-13 0 0.7652 0.2224 0.002178 0.0005963 0.005427 -1 0.01238 4.215 4.951 4.851 4.246 3.882 3.576 3.193 2.889 2.854
0.01471 0 9.78176 1.048614263 2.482551817 1.048 0.251 3.7797 4.277 1 0 0.535 0 0 0 0 0 -1 -1.48e-13 0 0.7673 0.2205 0.002162 0.0005919 0.005388 -1 0.01229 4.142 4.863 4.77 4.171 3.81 3.507 3.126 2.825 2.79
0.01471 0 9.78176 1.049999952 2.482811486 1.049 0.255 3.7798 4.275 1 0 0.535 0 0 0 0 0 -1 -1.49e-13 0 0.7675 0.2202 0.00216 0.0005913 0.005383 -1 0.01228 4.131 4.851 4.758 4.16 3.8 3.497 3.117 2.816 2.781
0.01471 0 9.78176 1.060522795 2.484757959 1.059 0.287 3.7809 4.252 1 0 0.535 0 0 0 0 0 -1 -1.61e-13 0 0.7703 0.2175 0.002138 0.0005855 0.005331 -1 0.01216 4.052 4.76 4.672 4.079 3.722 3.42 3.043 2.745 2.71
0.01471 0 9.78176 1.074708104 2.487312651 1.073 0.333 3.7824 4.217 1 0 0.535 0 0 0 0 0 -1 -1.81e-13 0 0.7719 0.216 0.002126 0.0005822 0.005302 -1 0.01207 3.937 4.63 4.549 3.962 3.609 3.31 2.936 2.641 2.607
0.01471 0 9.78176 1.07675457 2.487674824 1.075 0.34 3.7826 4.212 1 0 0.535 0 0 0 0 0 -1 -1.84e-13 0 0.7721 0.2158 0.002125 0.0005819 0.005299 -1 0.01205 3.921 4.611 4.531 3.946 3.592 3.294 2.921 2.626 2.592
0.01471 0 9.78176 1.087909818 2.489621503 1.086 0.377 3.7833 4.182 1 0 0.534 0 0 0 0 0 -1 -2.03e-13 0 0.7727 0.2153 0.002122 0.0005813 0.005293 -1 0.01205 3.826 4.51 4.432 3.85 3.499 3.202 2.83 2.537 2.503
0.01471 0 9.78176 1.098706842 2.49146244 1.097 0.415 3.7835 4.149 1 0 0.534 0 0 0 0 0 -1 -2.25e-13 0 0.7729 0.2151 0.002122 0.0005815 0.005296 -1 0.01203 3.733 4.414 4.336 3.756 3.405 3.109 2.737 2.445 2.411
0.01471 0 9.78176 1.100000024 2.491680148 1.099 0.42 3.7834 4.145 1 0 0.534 0 0 0 0 0 -1 -2.28e-13 0 0.7728 0.2152 0.002124 0.0005818 0.005299 -1 0.01204 3.721 4.403 4.325 3.744 3.394 3.097 2.725 2.433 2.399
0.01471 0 9.78176 1.107580662 2.492944601 1.106 0.447 3.7832 4.12 1 0 0.534 0 0 0 0 0 -1 -2.45e-13 0 0.7711 0.2167 0.002141 0.0005867 0.005342 -1 0.01216 3.653 4.337 4.257 3.676 3.325 3.028 2.656 2.363 2.329
0.01471 0 9.78176 1.116230011 2.494363219 1.115 0.479 3.7823 4.087 1 0 0.534 0 0 0 0 0 -1 -2.69e-13 0 0.7691 0.2186 0.002162 0.0005927 0.005396 -1 0.01231 3.572 4.265 4.18 3.596 3.243 2.945 2.571 2.276 2.242
0.01471 0 9.78176 1.119690776 2.49492378 1.118 0.492 3.7819 4.074 1 0 0.534 0 0 0 0 0 -1 -2.8e-13 0 0.7684 0.2193 0.002169 0.0005948 0.005414 -1 0.01235 3.54 4.237 4.149 3.564 3.211 2.912 2.536 2.241 2.206
0.01471 0 9.78176 1.125332356 2.495829085 1.124 0.514 3.7804 4.048 2 0 0.534 0 0 0 0 0 -1 -2.99e-13 0 0.7661 0.2214 0.002191 0.000601 0.005469 -1 0.01247 3.485 4.197 4.102 3.511 3.155 2.854 2.474 2.176 2.141
0.01471 0 9.78176 1.134381652 2.497259623 1.133 0.549 3.7768 4.003 2 0 0.534 0 0 0 0 0 -1 -3.35e-13 0 0.7602 0.2271 0.002241 0.0006147 0.005592 -1 0.01275 3.398 4.15 4.035 3.429 3.066 2.759 2.37 2.064 2.027
0.01471 0 9.78176 1.142354488 2.498498417 1.141 0.576 3.7708 3.954 2 0 0.535 0 0 0 0 0 -1 -3.71e-13 0 0.7511 0.2357 0.002312 0.000634 0.005764 -1 0.01315 3.329 4.151 4.002 3.37 2.993 2.676 2.271 1.952 1.912
0.01471 0 9.78176 1.149394274 2.499575822 1.148 0.592 3.761 3.902 2 0 0.536 0 0 0 0 0 -1 -4.03e-13 0 0.7401 0.2463 0.002397 0.000657 0.005967 -1 0.01359 3.29 4.232 4.022 3.35 2.95 2.618 2.186 1.845 1.801
0.01471 0 9.78176 1.149999976 2.499667814 1.148 0.591 3.7595 3.897 2 0 0.536 0 0 0 0 0 -1 -4.04e-13 0 0.7389 0.2474 0.002406 0.0006594 0.005988 -1 0.01364 3.292 4.252 4.033 3.354 2.951 2.616 2.18 1.836 1.791
0.01471 0 9.78176 1.152768374 2.500086851 1.151 0.589 3.7521 3.871 2 0 0.536 0 0 0 0 0 -1 -4.12e-13 0 0.7335 0.2527 0.002447 0.0006703 0.006088 -1 0.01386 3.298 4.36 4.089 3.379 2.958 2.61 2.154 1.792 1.744
0.01471 0 9.78176 1.155753493 2.500536106 1.154 0.572 3.7397 3.839 2 0 0.536 0 0 0 0 0 -1 -4.09e-13 0 0.7273 0.2586 0.002493 0.0006824 0.006198 -1 0.01408 3.34 4.579 4.21 3.453 3.002 2.636 2.144 1.751 1.698
0.01471 0 9.78176 1.157480121 2.500794744 1.156 0.559 3.7308 3.817 2 0 0.537 0 0 0 0 0 -1 -4.07e-13 0 0.7241 0.2616 0.002516 0.0006886 0.006254 -1 0.01424 3.371 4.741 4.304 3.513 3.04 2.659 2.139 1.723 1.667
0.01471 0 9.78176 1.158605695 2.500962871 1.157 0.553 3.7247 3.799 2 0 0.537 0 0 0 0 0 -1 -4.07e-13 0 0.7222 0.2635 0.00253 0.0006921 0.006286 -1 0.01433 3.387 4.851 4.365 3.55 3.062 2.671 2.132 1.699 1.641
0.01471 0 9.78176 1.159597158 2.501110655 1.158 0.55 3.7195 3.781 2 0 0.537 0 0 0 0 0 -1 -4.12e-13 0 0.7207 0.2649 0.002541 0.0006948 0.006311 -1 0.01437 3.394 4.941 4.411 3.576 3.075 2.675 2.119 1.672 1.612
0.01471 0 9.78176 1.160559535 2.501253826 1.159 0.552 3.7147 3.761 2 0 0.537 0 0 0 0 0 -1 -4.21e-13 0 0.7194 0.2662 0.002549 0.000697 0.006331 -1 0.01439 3.391 5.016 4.445 3.592 3.078 2.67 2.098 1.637 1.576
0.01471 0 9.78176 1.161742091 2.501429379 1.16 0.562 3.7098 3.732 2 0 0.537 0 0 0 0 0 -1 -4.44e-13 0 0.7179 0.2676 0.002558 0.0006992 0.006352 -1 0.01442 3.365 5.07 4.457 3.585 3.06 2.643 2.054 1.58 1.516
0.01471 0 9.78176 1.163151741 2.501638108 1.161 0.583 3.7051 3.693 2 0 0.537 0 0 0 0 0 -1 -4.85e-13 0 0.7162 0.2694 0.002566 0.0007014 0.006372 -1 0.01444 3.313 5.099 4.445 3.555 3.016 2.59 1.986 1.498 1.432
0.01471 0 9.78176 1.163702846 2.501719553 1.162 0.594 3.7036 3.676 2 0 0.537 0 0 0 0 0 -1 -5.06e-13 0 0.7154 0.2701 0.002569 0.0007022 0.006379 -1 0.01446 3.286 5.097 4.431 3.535 2.992 2.563 1.953 1.461 1.395
0.01471 0 9.78176 1.164715409 2.501868963 1.163 0.619 3.7015 3.643 2 0 0.536 0 0 0 0 0 -1 -5.56e-13 0 0.714 0.2715 0.00257 0.0007041 0.00639 -1 0.0145 3.223 5.066 4.384 3.48 2.932 2.5 1.883 1.385 1.317
0.01471 0 9.78176 1.166184902 2.502085266 1.164 0.659 3.6989 3.593 3 0 0.532 0 0 0 0 0 -1 -6.42e-13 0 0.7115 0.274 0.002558 0.000714 0.006404 -1 0.01454 3.122 5.006 4.305 3.391 2.837 2.399 1.773 1.267 1.199
0.01471 0 9.78176 1.167689919 2.502306149 1.166 0.706 3.6968 3.538 3 0 0.52 0 0 0 0 0 -1 -7.56e-13 0 0.7085 0.2769 0.002504 0.0007584 0.006417 -1 0.0146 3.006 4.924 4.207 3.285 2.726 2.284 1.651 1.138 1.069
0.01471 0 9.78176 1.168926597 2.502487159 1.167 0.747 3.6953 3.491 3 0 0.501 0 0 0 0 0 -1 -8.77e-13 0 0.7058 0.2796 0.002415 0.0008558 0.006426 -1 0.01464 2.902 4.844 4.116 3.188 2.626 2.181 1.542 1.024 0.954
0.01471 0 9.78176 1.170298934 2.502687511 1.169 0.798 3.6936 3.434 3 0 0.476 0 0 0 0 0 -1 -1.05e-12 0 0.7025 0.2828 0.002298 0.0009982 0.006434 -1 0.01466 2.776 4.748 4.006 3.07 2.503 2.055 1.41 0.888 0.817
0.01471 0 9.78176 1.171343088 2.502839589 1.17 0.839 3.6924 3.388 3 0 0.461 0 0 0 0 0 -1 -1.22e-12 0 0.7002 0.2851 0.002226 0.001089 0.006439 -1 0.0147 2.672 4.668 3.914 2.972 2.402 1.951 1.301 0.776 0.705
0.01471 0 9.78176 1.172543168 2.503013993 1.171 0.891 3.6908 3.331 3 0 0.447 0 0 0 0 0 -1 -1.46e-12 0 0.6976 0.2877 0.002162 0.00117 0.006443 -1 0.01467 2.542 4.567 3.799 2.849 2.275 1.822 1.166 0.636 0.564
0.01471 0 9.78176 1.173418164 2.503140894 1.172 0.932 3.6895 3.285 3 0 0.44 0 0 0 0 0 -1 -1.69e-12 0 0.6959 0.2894 0.002126 0.001217 0.006446 -1 0.01471 2.439 4.489 3.709 2.752 2.176 1.719 1.059 0.525 0.453
0.01471 0 9.78176 1.174455762 2.503291096 1.173 0.985 3.6878 3.225 3 0 0.433 0 0 0 0 0 -1 -2.03e-12 0 0.6942 0.291 0.002093 0.001257 0.006449 -1 0.01473 2.307 4.389 3.595 2.628 2.047 1.587 0.92 0.382 0.309
0.01471 0 9.78176 1.175326109 2.503416852 1.173 1.035 3.6861 3.169 3 0 0.429 0 0 0 0 0 -1 -2.43e-12 0 0.6931 0.2921 0.002074 0.001282 0.00645 -1 0.01474 2.184 4.3 3.489 2.514 1.929 1.465 0.792 0.248 0.175
0.01471 0 9.78176 1.176153302 2.503536174 1.174 1.086 3.6841 3.111 3 0 0.426 0 0 0 0 0 -1 -2.91e-12 0 0.6922 0.293 0.002059 0.0013 0.006452 -1 0.01476 2.056 4.21 3.381 2.397 1.806 1.338 0.657 0.108 0.034
0.01471 0 9.78176 1.17689538 2.503643054 1.175 1.136 3.6821 3.052 3 0 0.424 0 0 0 0 0 -1 -3.49e-12 0 0.6917 0.2936 0.00205 0.001313 0.006453 -1 0.01476 1.93 4.125 3.276 2.281 1.685 1.212 0.525 -0.03 -0.106
0.01471 0 9.78176 1.177578807 2.50374135 1.176 1.187 3.68 2.993 3 0 0.422 0 0 0 0 0 -1 -4.2e-12 0 0.6913 0.2939 0.002045 0.00132 0.006453 -1 0.01475 1.801 4.039 3.169 2.164 1.562 1.085 0.389 -0.172 -0.249
0.01471 0 9.78176 1.178162932 2.50382526 1.176 1.236 3.6778 2.936 3 0 0.422 0 0 0 0 0 -1 -5.02e-12 0 0.6912 0.2941 0.002041 0.001323 0.006453 -1 0.01473 1.68 3.962 3.071 2.055 1.447 0.965 0.261 -0.306 -0.384
0.01471 0 9.78176 1.178699255 2.503902218 1.177 1.285 3.6756 2.878 3 0 0.422 0 0 0 0 0 -1 -5.99e-12 0 0.6912 0.2941 0.00204 0.001325 0.006453 -1 0.01473 1.557 3.886 2.971 1.945 1.331 0.844 0.132 -0.443 -0.522
0.01471 0 9.78176 1.179180384 2.503971188 1.177 1.333 3.6733 2.82 3 0 0.421 0 0 0 0 0 -1 -7.15e-12 0 0.6912 0.2941 0.00204 0.001325 0.006454 -1 0.01473 1.436 3.813 2.875 1.838 1.217 0.725 0.004 -0.578 -0.658
0.01471 0 9.78176 1.179622531 2.504034513 1.177 1.382 3.6709 2.763 3 0 0.421 0 0 0 0 0 -1 -8.54e-12 0 0.6912 0.2941 0.00204 0.001325 0.006454 -1 0.01473 1.315 3.74 2.779 1.73 1.103 0.606 -0.124 -0.713 -0.795
0.01471 0 9.78176 1.180015445 2.504090741 1.178 1.428 3.6685 2.707 3 0 0.421 0 0 0 0 0 -1 -1.01e-11 0 0.6912 0.2941 0.002039 0.001326 0.006454 -1 0.01473 1.199 3.675 2.688 1.628 0.994 0.492 -0.248 -0.844 -0.927
0.01471 0 9.78176 1.18037796 2.50414258 1.178 1.475 3.6661 2.651 3 0 0.421 0 0 0 0 0 -1 -1.2e-11 0 0.6912 0.2941 0.002039 0.001326 0.006454 -1 0.01474 1.083 3.611 2.599 1.528 0.886 0.379 -0.37 -0.974 -1.059
0.01471 0 9.78176 1.180718541 2.50419125 1.178 1.521 3.6636 2.595 3 0 0.421 0 0 0 0 0 -1 -1.42e-11 0 0.6912 0.294 0.002039 0.001326 0.006454 -1 0.01474 0.968 3.549 2.511 1.429 0.78 0.267 -0.492 -1.104 -1.191
0.01471 0 9.78176 1.181045771 2.504237981 1.178 1.565 3.6611 2.541 3 0 0.421 0 0 0 0 0 -1 -1.68e-11 0 0.6912 0.294 0.002039 0.001326 0.006454 -1 0.01474 0.857 3.491 2.427 1.332 0.676 0.158 -0.611 -1.23 -1.318
0.01471 0 9.78176 1.181458354 2.504296859 1.179 1.607 3.6589 2.49 3 0 0.421 0 0 0 0 0 -1 -1.97e-11 0 0.6912 0.294 0.002038 0.001327 0.006454 -1 0.01474 0.752 3.439 2.349 1.243 0.58 0.056 -0.722 -1.348 -1.438
0.01471 0 9.78176 1.181543827 2.504309051 1.179 1.613 3.6585 2.482 3 0 0.421 0 0 0 0 0 -1 -2.02e-11 0 0.6912 0.294 0.002038 0.001327 0.006454 -1 0.01474 0.737 3.434 2.338 1.23 0.566 0.041 -0.738 -1.365 -1.455
0.01471 0 9.78176 1.181805372 2.504346344 1.179 1.583 3.6607 2.521 3 0 0.421 0 0 0 0 0 -1 -1.81e-11 0 0.6912 0.294 0.002038 0.001327 0.006454 -1 0.01474 0.813 3.457 2.389 1.292 0.635 0.115 -0.655 -1.275 -1.365
0.01471 0 9.78176 1.181975007 2.504370522 1.179 1.547 3.663 2.567 3 0 0.421 0 0 0 0 0 -1 -1.59e-11 0 0.6912 0.294 0.002038 0.001327 0.006454 -1 0.01474 0.904 3.496 2.453 1.367 0.717 0.203 -0.559 -1.171 -1.259
0.01471 0 9.78176 1.182012081 2.504375805 1.179 1.539 3.6635 2.577 3 0 0.421 0 0 0 0 0 -1 -1.54e-11 0 0.6912 0.294 0.002038 0.001327 0.006454 -1 0.01474 0.923 3.505 2.467 1.384 0.735 0.222 -0.537 -1.148 -1.236
0.01471 0 9.78176 1.18206048 2.504382701 1.179 1.547 3.6631 2.567 3 0 0.421 0 0 0 0 0 -1 -1.58e-11 0 0.6912 0.294 0.002038 0.001327 0.006454 -1 0.01474 0.902 3.494 2.451 1.366 0.716 0.202 -0.56 -1.172 -1.26
0.01471 0 9.78176 1.182328701 2.504420908 1.179 1.593 3.6604 2.51 3 0 0.421 0 0 0 0 0 -1 -1.85e-11 0 0.6912 0.294 0.002038 0.001327 0.006454 -1 0.01474 0.787 3.436 2.365 1.267 0.61 0.089 -0.682 -1.303 -1.392
0.01471 0 9.78176 1.182596922 2.504459095 1.179 1.64 3.6577 2.453 3 0 0.421 0 0 0 0 0 -1 -2.2e-11 0 0.6912 0.294 0.002038 0.001328 0.006454 -1 0.01474 0.671 3.395 2.285 1.17 0.503 -0.024 -0.806 -1.435 -1.527
0.01471 0 9.78176 1.182845593 2.50449448 1.18 1.685 3.655 2.396 3 0 0.421 0 0 0 0 0 -1 -2.61e-11 0 0.6913 0.294 0.002037 0.001328 0.006454 -1 0.01474 0.557 3.36 2.208 1.075 0.398 -0.136 -0.929 -1.565 -1.658
0.01471 0 9.78176 1.183076024 2.504527255 1.18 1.731 3.6523 2.34 3 0 0.421 0 0 0 0 0 -1 -3.09e-11 0 0.6913 0.294 0.002037 0.001328 0.006455 -1 0.01474 0.443 3.328 2.133 0.981 0.294 -0.247 -1.05 -1.695 -1.79
0.01471 0 9.78176 1.183288455 2.504557456 1.18 1.776 3.6495 2.284 3 0 0.421 0 0 0 0 0 -1 -3.66e-11 0 0.6913 0.294 0.002037 0.001328 0.006455 -1 0.01474 0.33 3.298 2.059 0.889 0.191 -0.357 -1.172 -1.825 -1.921
0.01471 0 9.78176 1.183480501 2.504584749 1.18 1.82 3.6467 2.228 3 0 0.421 0 0 0 0 0 -1 -4.32e-11 0 0.6913 0.294 0.002037 0.001328 0.006455 -1 0.01474 0.219 3.273 1.989 0.8 0.091 -0.464 -1.29 -1.952 -2.05
0.01471 0 9.78176 1.183659792 2.50461022 1.18 1.865 3.6439 2.172 3 0 0.421 0 0 0 0 0 -1 -5.1e-11 0 0.6913 0.294 0.002037 0.001328 0.006455 -1 0.01474 0.107 3.249 1.92 0.711 -0.008 -0.572 -1.41 -2.08 -2.18
0.01471 0 9.78176 1.183825493 2.504633752 1.18 1.91 3.641 2.116 3 0 0.421 0 0 0 0 0 -1 -6.03e-11 0 0.6913 0.294 0.002037 0.001328 0.006455 -1 0.01474 -0.004 3.227 1.851 0.623 -0.108 -0.679 -1.529 -2.207 -2.31
0.01471 0 9.78176 1.183976054 2.504655128 1.18 1.953 3.6381 2.061 3 0 0.421 0 0 0 0 0 -1 -7.11e-11 0 0.6913 0.294 0.002037 0.001329 0.006455 -1 0.01474 -0.113 3.208 1.786 0.539 -0.203 -0.784 -1.646 -2.333 -2.438
0.01471 0 9.78176 1.184116125 2.504675008 1.18 1.998 3.6352 2.005 3 0 0.421 0 0 0 0 0 -1 -8.4e-11 0 0.6913 0.294 0.002037 0.001329 0.006455 -1 0.01474 -0.224 3.192 1.721 0.454 -0.299 -0.89 -1.764 -2.461 -2.568
0.01471 0 9.78176 1.184242487 2.504692938 1.18 2.041 3.6322 1.95 3 0 0.421 0 0 0 0 0 -1 -9.89e-11 0 0.6913 0.294 0.002036 0.001329 0.006455 -1 0.01474 -0.332 3.151 1.659 0.369 -0.393 -0.992 -1.878 -2.58 -2.692
0.01471 0 9.78176 1.184359193 2.504709495 1.179 2.084 3.6292 1.894 3 0 0.421 0 0 0 0 0 -1 -1.17e-10 0 0.6913 0.294 0.002036 0.001329 0.006455 -1 0.01474 -0.441 3.106 1.596 0.283 -0.485 -1.093 -1.992 -2.698 -2.815
0.01471 0 9.78176 1.184465528 2.504724576 1.179 2.127 3.6263 1.839 3 0 0.421 0 0 0 0 0 -1 -1.37e-10 0 0.6913 0.294 0.002036 0.001329 0.006455 -1 0.01474 -0.548 3.059 1.535 0.2 -0.575 -1.192 -2.105 -2.814 -2.937
0.01471 0 9.78176 1.184563398 2.504738455 1.179 2.17 3.6233 1.785 3 0 0.421 0 0 0 0 0 -1 -1.61e-10 0 0.6913 0.294 0.002036 0.001329 0.006455 -1 0.01474 -0.654 3.011 1.473 0.118 -0.664 -1.29 -2.216 -2.93 -3.058
0.01471 0 9.78176 1.184655309 2.504751485 1.179 2.213 3.6202 1.729 3 0 0.421 0 0 0 0 0 -1 -1.9e-10 0 0.6913 0.294 0.002036 0.001329 0.006455 -1 0.01474 -0.762 2.961 1.41 0.035 -0.754 -1.39 -2.329 -3.048 -3.182
0.01471 0 9.78176 1.184738278 2.504763247 1.179 2.255 3.6171 1.675 3 0 0.421 0 0 0 0 0 -1 -2.23e-10 0 0.6913 0.294 0.002036 0.001329 0.006455 -1 0.01474 -0.867 2.91 1.35 -0.044 -0.839 -1.485 -2.439 -3.162 -3.302
0.01471 0 9.78176 1.184814811 2.504774094 1.178 2.297 3.6141 1.621 3 0 0.421 0 0 0 0 0 -1 -2.61e-10 0 0.6913 0.294 0.002036 0.001329 0.006455 -1 0.01474 -0.972 2.859 1.29 -0.121 -0.923 -1.58 -2.548 -3.276 -3.423
0.01471 0 9.78176 1.184886813 2.504784297 1.178 2.339 3.6109 1.566 3 0 0.421 0 0 0 0 0 -1 -3.07e-10 0 0.6913 0.294 0.002036 0.001329 0.006455 -1 0.01474 -1.078 2.808 1.229 -0.2 -1.009 -1.676 -2.659 -3.392 -3.545
0.01471 0 9.78176 1.184950352 2.5047933 1.178 2.38 3.6079 1.513 3 0 0.421 0 0 0 0 0 -1 -3.58e-10 0 0.6913 0.294 0.002036 0.001329 0.006455 -1 0.01474 -1.179 2.758 1.173 -0.272 -1.088 -1.766 -2.764 -3.502 -3.663
0.01471 0 9.78176 1.185011864 2.504802015 1.177 2.422 3.6046 1.458 3 0 0.421 0 0 0 0 0 -1 -4.21e-10 0 0.6913 0.294 0.002036 0.001329 0.006455 -1 0.01474 -1.284 2.745 1.123 -0.339 -1.168 -1.861 -2.876 -3.622 -3.788
0.01471 0 9.78176 1.185066938 2.504809817 1.177 2.462 3.6015 1.405 3 0 0.421 0 0 0 0 0 -1 -4.91e-10 0 0.6913 0.294 0.002036 0.001329 0.006455 -1 0.01474 -1.385 2.746 1.078 -0.403 -1.245 -1.954 -2.984 -3.739 -3.909
0.01471 0 9.78176 1.185117245 2.504816942 1.176 2.502 3.5983 1.352 3 0 0.421 10.47 7.7 5.43 4.16 3.38 4 -5.73e-10 0 0.6913 0.294 0.002036 0.001329 0.006455 -1 0.01474 -1.485 2.745 1.036 -0.461 -1.317 -2.045 -3.091 -3.855 -4.03
0.01471 0 9.78176 1.185165524 2.50482378 1.176 2.543 3.595 1.298 3 0 0.42 11.72 8.5 5.97 4.58 3.72 4 -6.72e-10 0 0.6913 0.294 0.002036 0.001329 0.006455 -1 0.01474 -1.587 2.743 0.995 -0.517 -1.387 -2.138 -3.202 -3.974 -4.154
0.01471 0 9.78176 1.18520844 2.504829858 1.175 2.582 3.5918 1.245 3 0 0.42 13.05 9.34 6.53 5.02 4.08 4 -7.82e-10 0 0.6913 0.294 0.002036 0.001329 0.006455 -1 0.01474 -1.685 2.743 0.957 -0.57 -1.454 -2.227 -3.307 -4.088 -4.273
0.01471 0 9.78176 1.185248137 2.504835479 1.175 2.621 3.5886 1.193 3 0 0.42 14.52 10.26 7.14 5.49 4.46 4 -9.09e-10 0 0.6913 0.294 0.002036 0.00133 0.006455 -1 0.01474 -1.782 2.742 0.923 -0.618 -1.517 -2.314 -3.412 -4.201 -4.391
0.01471 0 9.78176 1.185286403 2.504840897 1.174 2.661 3.5852 1.14 3 0 0.42 16.22 11.3 7.84 6.04 4.91 3 -1.06e-09 0 0.6913 0.294 0.002036 0.00133 0.006455 -1 0.01474 -1.882 2.74 0.892 -0.661 -1.577 -2.403 -3.52 -4.318 -4.513
0.01471 0 9.78176 1.185320854 2.504845775 1.173 2.699 3.5819 1.088 3 0 0.42 18.05 12.41 8.57 6.61 5.37 3 -1.23e-09 0 0.6913 0.294 0.002036 0.00133 0.006455 -1 0.01474 -1.977 2.74 0.864 -0.702 -1.634 -2.487 -3.623 -4.43 -4.63
0.01471 0 9.78176 1.185352922 2.504850315 1.172 2.737 3.5785 1.036 3 0 0.42 20.07 13.62 9.37 7.23 5.88 3 -1.43e-09 0 0.6913 0.294 0.002036 0.00133 0.006455 -1 0.01474 -2.072 2.738 0.84 -0.735 -1.684 -2.57 -3.727 -4.542 -4.747
0.01471 0 9.78176 1.185383081 2.504854585 1.172 2.775 3.575 0.984 3 0 0.42 22.35 14.97 10.25 7.93 6.45 3 -1.66e-09 0 0.6913 0.294 0.002036 0.00133 0.006455 -1 0.01474 -2.167 2.736 0.825 -0.757 -1.726 -2.652 -3.831 -4.654 -4.865
0.01471 0 9.78176 1.185411453 2.504858601 1.171 2.813 3.5715 0.932 3 0 0.42 24.89 16.45 11.21 8.68 7.06 3 -1.92e-09 0 0.6913 0.294 0.002036 0.00133 0.006455 -1 0.01474 -2.262 2.74 0.813 -0.776 -1.766 -2.733 -3.935 -4.767 -4.983
0.01471 0 9.78176 1.185443401 2.504863124 1.169 2.858 3.5671 0.868 3 0 0.42 28.36 18.44 12.51 9.7 7.89 3 -2.31e-09 0 0.6913 0.294 0.002036 0.00133 0.006455 -1 0.01474 -2.375 2.741 0.811 -0.781 -1.801 -2.826 -4.061 -4.902 -5.126
0.01471 0 9.78176 1.185472965 2.504867308 1.168 2.903 3.5627 0.805 3 0 0.42 32.31 20.66 13.94 10.84 8.82 3 -2.76e-09 0 0.6913 0.294 0.002036 0.00133 0.006455 -1 0.01474 -2.488 2.741 0.815 -0.776 -1.828 -2.917 -4.188 -5.037 -5.267
0.01471 0 9.78176 1.185499907 2.504871121 1.166 2.947 3.5584 0.743 3 0 0.42 36.71 23.11 15.52 12.08 9.83 2 -3.29e-09 0 0.6913 0.294 0.002036 0.00133 0.006455 -1 0.01474 -2.598 2.741 0.829 -0.759 -1.846 -3.002 -4.311 -5.169 -5.406
0.01471 0 9.78176 1.18552494 2.504874664 1.165 2.991 3.5539 0.681 3 0 0.42 41.7 25.84 17.26 13.46 10.96 2 -3.92e-09 0 0.6913 0.294 0.002036 0.00133 0.006455 -1 0.01474 -2.707 2.74 0.858 -0.721 -1.851 -3.081 -4.433 -5.3 -5.545
0.01471 0 9.78176 1.185548306 2.504877971 1.163 3.034 3.5494 0.619 3 0 0.42 47.37 28.89 19.2 15 12.22 2 -4.68e-09 0 0.6913 0.294 0.002036 0.00133 0.006455 -1 0.01474 -2.815 2.74 0.892 -0.677 -1.85 -3.156 -4.554 -5.43 -5.682
0.01471 0 9.78176 1.185569763 2.504881008 1.161 3.076 3.5448 0.558 3 0 0.42 53.76 32.27 21.34 16.7 13.6 2 -5.56e-09 0 0.6913 0.294 0.002036 0.00133 0.006455 -1 0.01474 -2.921 2.74 0.949 -0.6 -1.829 -3.217 -4.675 -5.558 -5.818
0.01471 0 9.78176 1.185590029 2.504883876 1.158 3.119 3.5402 0.496 3 0 0.42 61.06 36.07 23.73 18.6 15.16 2 -6.62e-09 0 0.6913 0.294 0.002036 0.00133 0.006455 -1 0.01474 -3.027 2.741 1.011 -0.52 -1.805 -3.277 -4.796 -5.686 -5.955
0.01471 0 9.78176 1.185608625 2.504886507 1.156 3.16 3.5355 0.435 3 0 0.42 69.2 40.24 26.35 20.68 16.86 2 -7.85e-09 0 0.6913 0.294 0.002036 0.00133 0.006455 -1 0.01474 -3.13 2.743 1.104 -0.401 -1.76 -3.318 -4.915 -5.812 -6.089
0.01471 0 9.78176 1.18562603 2.50488897 1.153 3.201 3.5308 0.374 3 0 0.42 78.44 44.9 29.25 23 18.76 2 -9.32e-09 0 0.6913 0.294 0.002036 0.00133 0.006455 -1 0.01474 -3.232 2.747 1.201 -0.277 -1.71 -3.355 -5.034 -5.936 -6.223
0.01471 0 9.78176 1.185642004 2.50489123 1.15 3.24 3.5261 0.315 3 0 0.42 88.66 49.97 32.39 25.52 20.81 2 -1.1e-08 0 0.6913 0.294 0.002036 0.00133 0.006455 -1 0.01474 -3.331 2.75 1.327 -0.118 -1.641 -3.364 -5.149 -6.056 -6.352
0.01471 0 9.78176 1.185657263 2.504893389 1.146 3.28 3.5213 0.254 3 0 0.42 100.32 55.66 35.9 28.33 23.11 2 -1.3e-08 0 0.6913 0.294 0.002036 0.00133 0.006455 -1 0.01474 -3.43 2.757 1.466 0.056 -1.563 -3.365 -5.265 -6.177 -6.483
0.01471 0 9.78176 1.185671449 2.504895396 1.142 3.318 3.5165 0.195 3 0 0.42 113.31 61.89 39.74 31.41 25.63 1 -1.54e-08 0 0.6913 0.294 0.002036 0.00133 0.006455 -1 0.01474 -3.526 2.765 1.635 0.274 -1.456 -3.332 -5.377 -6.294 -6.61
0.01471 0 9.78176 1.1856848 2.504897285 1.138 3.356 3.5117 0.137 3 0 0.42 127.77 68.73 43.91 34.77 28.37 1 -1.81e-08 0 0.6913 0.294 0.002036 0.00133 0.006455 -1 0.01474 -3.62 2.775 1.816 0.51 -1.338 -3.285 -5.486 -6.408 -6.735
0.01471 0 9.78176 1.185700893 2.504899562 1.132 3.4 3.506 0.068 3 0 0.42 147.23 77.75 49.39 39.19 31.99 1 -2.2e-08 0 0.6913 0.294 0.002036 0.00133 0.006455 -1 0.01474 -3.73 2.779 2.001 0.752 -1.218 -3.233 -5.615 -6.542 -6.879
0.01471 0 9.78176 1.185700893 2.504899562 1.132 1.714 3.6705 2.412 4 0 0.43 0 0 0 0 0 -1 -1e-30 0 0.6887 0.2965 0.002091 0.001284 0.006478 -1 0.01482 0.486 2.927 1.959 0.895 0.274 -0.223 -0.957 -1.542 -1.626
0.01471 0 9.78176 1.185859442 2.50492199 1.132 1.724 3.6696 2.399 4 0 0.43 0 0 0 0 0 -1 -1e-30 0 0.6887 0.2965 0.002091 0.001284 0.006479 -1 0.01482 0.461 2.923 1.943 0.875 0.251 -0.248 -0.985 -1.573 -1.656
0.01471 0 9.78176 1.186022043 2.504944983 1.132 1.728 3.6694 2.393 4 0 0.43 0 0 0 0 0 -1 -1e-30 0 0.6887 0.2965 0.002091 0.001284 0.006479 -1 0.01482 0.449 2.919 1.935 0.865 0.241 -0.259 -0.997 -1.586 -1.669
0.01471 0 9.78176 1.186189413 2.504968644 1.133 1.728 3.6696 2.394 4 0 0.43 0 0 0 0 0 -1 -1e-30 0 0.6886 0.2965 0.002091 0.001285 0.006479 -1 0.01482 0.449 2.913 1.933 0.863 0.24 -0.259 -0.996 -1.584 -1.668
0.01471 0 9.78176 1.18635571 2.504992145 1.133 1.727 3.67 2.398 4 0 0.43 0 0 0 0 0 -1 -1e-30 0 0.6886 0.2965 0.00209 0.001285 0.006479 -1 0.01482 0.453 2.907 1.932 0.865 0.243 -0.255 -0.991 -1.578 -1.661
0.01471 0 9.78176 1.186522484 2.505015706 1.133 1.725 3.6705 2.402 4 0 0.43 0 0 0 0 0 -1 -1e-30 0 0.6886 0.2966 0.00209 0.001285 0.00648 -1 0.01482 0.458 2.902 1.932 0.867 0.246 -0.25 -0.985 -1.57 -1.653
0.01471 0 9.78176 1.186692476 2.505039714 1.133 1.723 3.6709 2.405 4 0 0.43 0 0 0 0 0 -1 -1e-30 0 0.6886 0.2966 0.00209 0.001286 0.00648 -1 0.01482 0.464 2.897 1.932 0.87 0.251 -0.245 -0.978 -1.562 -1.645
0.01471 0 9.78176 1.186861753 2.505063613 1.133 1.721 3.6713 2.409 4 0 0.43 0 0 0 0 0 -1 -1e-30 0 0.6886 0.2966 0.00209 0.001286 0.00648 -1 0.01482 0.469 2.892 1.933 0.872 0.254 -0.241 -0.972 -1.554 -1.637
0.01471 0 9.78176 1.187025905 2.505086781 1.134 1.719 3.6717 2.413 4 0 0.43 0 0 0 0 0 -1 -1e-30 0 0.6886 0.2966 0.00209 0.001286 0.00648 -1 0.01483 0.473 2.887 1.933 0.875 0.258 -0.236 -0.966 -1.547 -1.63
0.01471 0 9.78176 1.187188268 2.505109689 1.134 1.717 3.6721 2.416 4 0 0.43 0 0 0 0 0 -1 -1e-30 0 0.6885 0.2966 0.00209 0.001287 0.00648 -1 0.01483 0.477 2.882 1.933 0.876 0.261 -0.232 -0.961 -1.541 -1.623
0.01471 0 9.78176 1.187363505 2.505134405 1.134 1.716 3.6725 2.419 4 0 0.43 0 0 0 0 0 -1 -1e-30 0 0.6885 0.2967 0.002089 0.001287 0.006481 -1 0.01483 0.481 2.877 1.932 0.878 0.263 -0.229 -0.956 -1.536 -1.617
0.01471 0 9.78176 1.187523603 2.505156979 1.134 1.715 3.6727 2.421 4 0 0.43 0 0 0 0 0 -1 -1e-30 0 0.6885 0.2967 0.002089 0.001288 0.006481 -1 0.01483 0.483 2.873 1.931 0.879 0.265 -0.227 -0.953 -1.531 -1.613
0.01471 0 9.78176 1.187706113 2.505182705 1.134 1.714 3.6731 2.423 4 0 0.43 0 0 0 0 0 -1 -1e-30 0 0.6885 0.2967 0.002089 0.001288 0.006481 -1 0.01483 0.486 2.868 1.931 0.879 0.267 -0.224 -0.949 -1.527 -1.608
0.01471 0 9.78176 1.187884331 2.505207816 1.135 1.713 3.6733 2.425 4 0 0.43 0 0 0 0 0 -1 -1e-30 0 0.6885 0.2967 0.002089 0.001288 0.006481 -1 0.01483 0.488 2.864 1.929 0.879 0.268 -0.223 -0.946 -1.523 -1.604
0.01471 0 9.78176 1.18797791 2.505220998 1.135 1.713 3.6735 2.426 4 0 0.43 0 0 0 0 0 -1 -1e-30 0 0.6884 0.2967 0.002089 0.001288 0.006482 -1 0.01483 0.489 2.861 1.929 0.879 0.269 -0.222 -0.945 -1.521 -1.603
0.01471 0 9.78176 1.188016176 2.505226388 1.135 1.712 3.6735 2.427 4 0 0.43 0 0 0 0 0 -1 -1e-30 0 0.6884 0.2967 0.002089 0.001289 0.006482 -1 0.01483 0.489 2.86 1.928 0.879 0.269 -0.222 -0.945 -1.521 -1.602
0.01471 0 9.78176 1.188180685 2.505249555 1.135 1.712 3.6737 2.428 4 0 0.43 0 0 0 0 0 -1 -1e-30 0 0.6884 0.2967 0.002089 0.001289 0.006482 -1 0.01483 0.49 2.857 1.927 0.879 0.269 -0.221 -0.943 -1.518 -1.599
0.01471 0 9.78176 1.188337803 2.505271673 1.135 1.712 3.6739 2.429 4 0 0.43 0 0 0 0 0 -1 -1e-30 0 0.6884 0.2968 0.002088 0.001289 0.006482 -1 0.01483 0.491 2.853 1.926 0.879 0.269 -0.22 -0.942 -1.517 -1.598
0.01471 0 9.78176 1.188494444 2.505293718 1.135 1.712 3.674 2.43 4 0 0.429 0 0 0 0 0 -1 -1e-30 0 0.6884 0.2968 0.002088 0.00129 0.006482 -1 0.01483 0.491 2.85 1.924 0.878 0.269 -0.22 -0.941 -1.516 -1.597
0.01471 0 9.78176 1.188659072 2.50531688 1.136 1.712 3.6742 2.43 4 0 0.429 0 0 0 0 0 -1 -1e-30 0 0.6884 0.2968 0.002088 0.00129 0.006482 -1 0.01483 0.49 2.846 1.922 0.876 0.268 -0.221 -0.942 -1.516 -1.597
0.01471 0 9.78176 1.188815117 2.505338827 1.136 1.713 3.6742 2.43 4 0 0.429 0 0 0 0 0 -1 -1e-30 0 0.6884 0.2968 0.002088 0.00129 0.006483 -1 0.01483 0.488 2.843 1.92 0.874 0.266 -0.223 -0.943 -1.517 -1.598
0.01471 0 9.78176 1.188983917 2.505362561 1.136 1.714 3.6743 2.429 4 0 0.429 0 0 0 0 0 -1 -1e-30 0 0.6883 0.2968 0.002088 0.001291 0.006483 -1 0.01483 0.486 2.841 1.917 0.872 0.264 -0.225 -0.945 -1.519 -1.6
0.01471 0 9.78176 1.189144969 2.505385198 1.136 1.715 3.6743 2.428 4 0 0.429 0 0 0 0 0 -1 -1e-30 0 0.6883 0.2969 0.002087 0.001291 0.006483 -1 0.01483 0.483 2.838 1.914 0.869 0.261 -0.228 -0.949 -1.522 -1.603
0.01471 0 9.78176 1.189155221 2.505386639 1.136 1.715 3.6743 2.428 4 0 0.429 0 0 0 0 0 -1 -1e-30 0 0.6883 0.2969 0.002087 0.001291 0.006483 -1 0.01483 0.483 2.838 1.914 0.868 0.26 -0.228 -0.949 -1.523 -1.603
0.01471 0 9.78176 1.189224958 2.505396439 1.136 1.716 3.6742 2.427 4 0 0.429 0 0 0 0 0 -1 -1e-30 0 0.6883 0.2969 0.002087 0.001291 0.006483 -1 0.01483 0.481 2.837 1.913 0.867 0.259 -0.23 -0.951 -1.524 -1.605
0.01471 0 9.78176 1.189382195 2.50541853 1.136 1.718 3.6741 2.425 4 0 0.429 0 0 0 0 0 -1 -1e-30 0 0.6883 0.2969 0.002087 0.001291 0.006483 -1 0.01483 0.476 2.834 1.909 0.863 0.254 -0.235 -0.956 -1.53 -1.611
0.01471 0 9.78176 1.189532399 2.505439626 1.137 1.72 3.674 2.422 4 0 0.429 0 0 0 0 0 -1 -1e-30 0 0.6883 0.2969 0.002087 0.001292 0.006484 -1 0.01483 0.47 2.832 1.905 0.858 0.249 -0.241 -0.962 -1.536 -1.617
0.01471 0 9.78176 1.189683437 2.505460833 1.137 1.723 3.6738 2.418 4 0 0.429 0 0 0 0 0 -1 -1e-30 0 0.6883 0.2969 0.002087 0.001292 0.006484 -1 0.01483 0.463 2.83 1.9 0.852 0.242 -0.247 -0.969 -1.544 -1.626
0.01471 0 9.78176 1.189834356 2.505482018 1.137 1.726 3.6735 2.414 4 0 0.429 0 0 0 0 0 -1 -1e-30 0 0.6882 0.2969 0.002087 0.001292 0.006484 -1 0.01483 0.455 2.829 1.895 0.845 0.234 -0.256 -0.979 -1.555 -1.636
0.01471 0 9.78176 1.189984322 2.505503062 1.137 1.73 3.6732 2.408 4 0 0.429 0 0 0 0 0 -1 -1e-30 0 0.6882 0.2969 0.002087 0.001293 0.006484 -1 0.01483 0.444 2.827 1.889 0.836 0.225 -0.266 -0.991 -1.567 -1.649
0.01471 0 9.78176 1.19013226 2.505523817 1.137 1.736 3.6727 2.401 4 0 0.429 0 0 0 0 0 -1 -1e-30 0 0.6882 0.297 0.002086 0.001293 0.006484 -1 0.01483 0.431 2.826 1.881 0.826 0.213 -0.279 -1.005 -1.583 -1.665
0.01471 0 9.78176 1.190279007 2.505544398 1.137 1.741 3.6722 2.393 4 0 0.429 0 0 0 0 0 -1 -1e-30 0 0.6882 0.297 0.002086 0.001293 0.006485 -1 0.01484 0.417 2.824 1.872 0.814 0.2 -0.294 -1.022 -1.601 -1.683
0.01471 0 9.78176 1.190427542 2.505565224 1.138 1.748 3.6716 2.385 4 0 0.429 0 0 0 0 0 -1 -1e-30 0 0.6882 0.297 0.002086 0.001294 0.006485 -1 0.01484 0.4 2.823 1.863 0.801 0.185 -0.31 -1.04 -1.621 -1.704
0.01471 0 9.78176 1.190578341 2.505586361 1.138 1.756 3.6709 2.374 4 0 0.429 0 0 0 0 0 -1 -1e-30 0 0.6882 0.297 0.002086 0.001294 0.006485 -1 0.01484 0.381 2.822 1.852 0.786 0.167 -0.329 -1.062 -1.645 -1.728
0.01471 0 9.78176 1.190717101 2.505605805 1.138 1.762 3.6704 2.366 4 0 0.429 0 0 0 0 0 -1 -1e-30 0 0.6881 0.297 0.002086 0.001294 0.006485 -1 0.01484 0.366 2.82 1.843 0.774 0.154 -0.343 -1.078 -1.663 -1.746
0.01471 0 9.78176 1.190867662 2.505626897 1.138 1.781 3.6686 2.34 4 0 0.429 0 0 0 0 0 -1 -1e-30 0 0.6881 0.297 0.002086 0.001295 0.006485 -1 0.01484 0.318 2.819 1.817 0.738 0.111 -0.39 -1.132 -1.722 -1.806
0.01471 0 9.78176 1.191013575 2.505647332 1.138 1.816 3.6654 2.292 4 0 0.429 0 0 0 0 0 -1 -1e-30 0 0.6881 0.2971 0.002085 0.001295 0.006486 -1 0.01484 0.231 2.817 1.77 0.672 0.034 -0.474 -1.228 -1.827 -1.914
0.01471 0 9.78176 1.191091299 2.505658215 1.138 1.852 3.6621 2.242 4 0 0.429 0 0 0 0 0 -1 -1e-30 0 0.6881 0.2971 0.002085 0.001295 0.006486 -1 0.01484 0.139 2.815 1.721 0.602 -0.048 -0.564 -1.331 -1.94 -2.028
0.01471 0 9.78176 1.191133261 2.50566409 1.138 1.891 3.6586 2.19 4 0 0.429 0 0 0 0 0 -1 -1e-30 0 0.6881 0.2971 0.002085 0.001295 0.006486 -1 0.01484 0.043 2.812 1.669 0.53 -0.132 -0.656 -1.437 -2.056 -2.146
0.01471 0 9.78176 1.191155911 2.505667261 1.138 1.929 3.6552 2.138 4 0 0.429 0 0 0 0 0 -1 -1e-30 0 0.6881 0.2971 0.002085 0.001295 0.006486 -1 0.01484 -0.053 2.813 1.619 0.459 -0.216 -0.748 -1.542 -2.172 -2.265
0.01471 0 9.78176 1.191167474 2.505668879 1.138 1.966 3.6519 2.088 4 0 0.429 0 0 0 0 0 -1 -1e-30 0 0.6881 0.2971 0.002085 0.001295 0.006486 -1 0.01484 -0.146 2.814 1.571 0.39 -0.297 -0.837 -1.645 -2.284 -2.379
0.01471 0 9.78176 1.19117403 2.505669797 1.138 2.004 3.6486 2.037 4 0 0.429 0 0 0 0 0 -1 -1e-30 0 0.6881 0.2971 0.002085 0.001295 0.006486 -1 0.01484 -0.24 2.816 1.522 0.32 -0.379 -0.928 -1.748 -2.398 -2.496
0.01471 0 9.78176 1.191177964 2.505670348 1.138 2.04 3.6455 1.988 4 0 0.429 0 0 0 0 0 -1 -1e-30 0 0.6881 0.2971 0.002085 0.001295 0.006486 -1 0.01484 -0.331 2.815 1.477 0.254 -0.457 -1.014 -1.847 -2.506 -2.606
0.01471 0 9.78176 1.191180587 2.505670715 1.138 2.075 3.6426 1.942 4 0 0.429 0 0 0 0 0 -1 -1e-30 0 0.6881 0.2971 0.002085 0.001295 0.006486 -1 0.01484 -0.417 2.797 1.435 0.19 -0.53 -1.094 -1.939 -2.603 -2.707
0.01471 0 9.78176 1.191180706 2.505670732 1.138 2.077 3.6424 1.939 7 0 0.429 0 0 0 0 0 -1 -1e-30 0 0.6881 0.2971 0.002085 0.001295 0.006486 -1 0.01484 -0.421 2.796 1.432 0.186 -0.534 -1.099 -1.944 -2.608 -2.713
0.01471 0 9.78176 1.191182017 2.505670915 1.138 2.097 3.6406 1.912 7 0 0.429 0 0 0 0 0 -1 -1e-30 0 0.6881 0.2971 0.002085 0.001295 0.006486 -1 0.01484 -0.473 2.784 1.406 0.147 -0.578 -1.147 -2 -2.667 -2.774
0.01471 0 9.78176 1.191184759 2.505671299 1.138 2.141 3.6369 1.853 7 0 0.429 0 0 0 0 0 -1 -1e-30 0 0.6881 0.2971 0.002085 0.001295 0.006486 -1 0.01484 -0.583 2.757 1.352 0.066 -0.67 -1.249 -2.117 -2.791 -2.903
0.01471 0 9.78176 1.191187143 2.505671633 1.139 2.177 3.6339 1.805 7 0 0.429 0 0 0 0 0 -1 -1e-30 0 0.6881 0.2971 0.002085 0.001295 0.006486 -1 0.01484 -0.672 2.733 1.307 -0 -0.744 -1.331 -2.212 -2.891 -3.008
0.01471 0 9.78176 1.191190958 2.505672167 1.138 2.216 3.6307 1.753 7 0 0.429 0 0 0 0 0 -1 -1e-30 0 0.6881 0.2971 0.002085 0.001295 0.006486 -1 0.01484 -0.769 2.705 1.257 -0.073 -0.825 -1.42 -2.316 -3 -3.123
0.01471 0 9.78176 1.191196918 2.505673001 1.139 2.208 3.6314 1.764 7 0 0.429 0 0 0 0 0 -1 -1e-30 0 0.6881 0.2971 0.002085 0.001295 0.006486 -1 0.01484 -0.75 2.709 1.266 -0.059 -0.809 -1.403 -2.295 -2.978 -3.1
0.01471 0 9.78176 1.191208005 2.505674553 1.139 2.17 3.6346 1.815 7 0 0.429 0 0 0 0 0 -1 -1.31e-29 0 0.6881 0.297 0.002085 0.001295 0.006486 -1 0.01489 -0.654 2.737 1.315 0.012 -0.729 -1.314 -2.193 -2.87 -2.987
0.01471 0 9.78176 1.191294312 2.505686633 1.138 2.132 3.6377 1.865 7 0 0.429 0 0 0 0 0 -1 -1.19e-20 0 0.6881 0.2964 0.002085 0.001295 0.006486 -1 0.0155 -0.56 2.762 1.363 0.082 -0.651 -1.228 -2.093 -2.765 -2.877
0.01471 0 9.78176 1.191380501 2.505698695 1.138 2.161 3.6353 1.826 7 0 0.429 0 0 0 0 0 -1 -5.13e-10 0 0.6881 0.2962 0.002085 0.001296 0.006486 -1 0.01578 -0.632 2.745 1.328 0.03 -0.71 -1.293 -2.169 -2.845 -2.961
0.01471 0 9.78176 1.191447973 2.505708136 1.137 2.203 3.6316 1.769 7 0 0.429 0 0 0 0 0 -1 -6.48e-10 0 0.6881 0.2962 0.002085 0.001296 0.006486 -1 0.01578 -0.738 2.716 1.274 -0.049 -0.798 -1.391 -2.283 -2.965 -3.087
0.01471 0 9.78176 1.191504717 2.505716074 1.136 2.245 3.6281 1.713 7 0 0.429 0 0 0 0 0 -1 -7.96e-10 0 0.688 0.2962 0.002085 0.001296 0.006486 -1 0.01578 -0.842 2.685 1.221 -0.125 -0.882 -1.486 -2.393 -3.081 -3.209
0.01471 0 9.78176 1.191552401 2.505722745 1.136 2.286 3.6246 1.658 7 0 0.429 0 0 0 0 0 -1 -9.76e-10 0 0.688 0.2962 0.002085 0.001296 0.006486 -1 0.01578 -0.944 2.65 1.169 -0.199 -0.964 -1.579 -2.501 -3.196 -3.33
0.01471 0 9.78176 1.191592932 2.505728414 1.135 2.327 3.6211 1.603 7 0 0.429 0 0 0 0 0 -1 -1.2e-09 0 0.688 0.2962 0.002085 0.001296 0.006486 -1 0.01578 -1.046 2.614 1.115 -0.273 -1.047 -1.671 -2.609 -3.31 -3.45
0.01471 0 9.78176 1.191628337 2.505733366 1.134 2.368 3.6176 1.548 7 0 0.429 0 0 0 0 0 -1 -1.48e-09 0 0.688 0.2962 0.002085 0.001296 0.006486 -1 0.01578 -1.149 2.577 1.062 -0.345 -1.127 -1.763 -2.718 -3.425 -3.572
0.01471 0 9.78176 1.191659212 2.505737685 1.133 2.409 3.6141 1.492 7 0 0.429 0 0 0 0 0 -1 -1.81e-09 0 0.688 0.2962 0.002085 0.001296 0.006486 -1 0.01578 -1.251 2.546 1.011 -0.415 -1.206 -1.854 -2.825 -3.539 -3.694
0.01471 0 9.78176 1.191686511 2.505741502 1.132 2.449 3.6106 1.437 7 0 0.428 0 0 0 0 0 -1 -2.21e-09 0 0.688 0.2962 0.002085 0.001296 0.006487 -1 0.01578 -1.353 2.557 0.968 -0.479 -1.285 -1.947 -2.935 -3.659 -3.818
0.01471 0 9.78176 1.191711187 2.505744953 1.131 2.489 3.6071 1.383 7 0 0.428 0 0 0 0 0 -1 -2.71e-09 0 0.688 0.2962 0.002085 0.001296 0.006487 -1 0.01578 -1.453 2.568 0.929 -0.538 -1.358 -2.038 -3.043 -3.777 -3.941
0.01471 0 9.78176 1.191733718 2.505748104 1.13 2.529 3.6036 1.328 7 0 0.428 10.84 7.96 5.6 4.3 3.49 4 -3.31e-09 0 0.688 0.2962 0.002085 0.001296 0.006487 -1 0.01578 -1.553 2.578 0.891 -0.596 -1.431 -2.129 -3.151 -3.894 -4.064
0.01471 0 9.78176 1.191754579 2.505751021 1.128 2.569 3.5998 1.273 7 0 0.428 12.15 8.79 6.16 4.74 3.84 4 -4e-09 0 0.688 0.2962 0.002084 0.001296 0.006487 -1 0.01576 -1.652 2.599 0.859 -0.648 -1.5 -2.217 -3.258 -4.013 -4.188
0.01471 0 9.78176 1.191774488 2.505753805 1.127 2.609 3.5934 1.207 7 0 0.428 13.93 9.91 6.9 5.31 4.32 4 -4.88e-09 0 0.688 0.2962 0.002083 0.001297 0.006487 -1 0.01576 -1.752 2.669 0.872 -0.659 -1.538 -2.299 -3.372 -4.146 -4.33
0.01471 0 9.78176 1.191793084 2.505756405 1.125 2.648 3.5886 1.147 7 0 0.428 15.75 11.03 7.65 5.9 4.79 3 -5.9e-09 0 0.688 0.2962 0.00208 0.001299 0.006487 -1 0.01576 -1.851 2.704 0.863 -0.687 -1.588 -2.383 -3.482 -4.27 -4.461
0.01471 0 9.78176 1.191810489 2.505758838 1.123 2.688 3.5849 1.092 7 0 0.427 17.64 12.18 8.41 6.49 5.28 3 -7.15e-09 0 0.688 0.2962 0.002076 0.001303 0.006487 -1 0.01576 -1.95 2.709 0.838 -0.725 -1.643 -2.47 -3.59 -4.387 -4.583
0.01471 0 9.78176 1.19182694 2.505761138 1.121 2.727 3.5811 1.037 7 0 0.426 19.77 13.45 9.25 7.15 5.81 3 -8.63e-09 0 0.688 0.2962 0.002071 0.001309 0.006487 -1 0.01576 -2.048 2.718 0.816 -0.76 -1.697 -2.556 -3.696 -4.503 -4.706
0.01471 0 9.78176 1.191843391 2.505763438 1.118 2.768 3.5771 0.979 7 0 0.425 22.25 14.92 10.21 7.91 6.43 3 -1.05e-08 0 0.688 0.2962 0.002066 0.001316 0.006487 -1 0.01576 -2.149 2.726 0.804 -0.781 -1.74 -2.641 -3.808 -4.625 -4.833
0.01471 0 9.78176 1.191858053 2.505765488 1.115 2.808 3.5729 0.921 7 0 0.424 25.08 16.56 11.28 8.75 7.11 3 -1.28e-08 0 0.688 0.2962 0.002061 0.001322 0.006487 -1 0.01576 -2.25 2.737 0.799 -0.794 -1.777 -2.727 -3.92 -4.747 -4.962
0.01471 0 9.78176 1.191868544 2.505766955 1.112 2.845 3.5691 0.867 7 0 0.423 28.02 18.24 12.37 9.61 7.82 3 -1.52e-08 0 0.688 0.2962 0.002057 0.001327 0.006487 -1 0.01576 -2.343 2.747 0.799 -0.8 -1.807 -2.804 -4.024 -4.859 -5.081
0.01471 0 9.78176 1.191875458 2.505767921 1.11 2.879 3.5655 0.819 7 0 0.422 30.97 19.91 13.44 10.46 8.51 3 -1.78e-08 0 0.688 0.2962 0.002053 0.00133 0.006487 -1 0.01576 -2.427 2.752 0.809 -0.789 -1.822 -2.87 -4.119 -4.961 -5.188
0.01471 0 9.78176 1.19188118 2.505768721 1.108 2.915 3.5616 0.765 7 0 0.421 34.55 21.9 14.72 11.47 9.34 2 -2.09e-08 0 0.688 0.2962 0.00205 0.001335 0.006487 -1 0.01576 -2.518 2.759 0.822 -0.775 -1.837 -2.941 -4.222 -5.072 -5.306
0.01471 0 9.78176 1.191886425 2.505769455 1.106 2.952 3.5574 0.711 7 0 0.421 38.64 24.15 16.16 12.61 10.26 2 -2.49e-08 0 0.688 0.2962 0.002047 0.001338 0.006487 -1 0.01576 -2.61 2.766 0.85 -0.74 -1.838 -3.008 -4.326 -5.185 -5.425
0.01471 0 9.78176 1.191891313 2.505770138 1.103 2.989 3.5532 0.656 7 0 0.42 43.26 26.65 17.75 13.88 11.3 2 -2.96e-08 0 0.688 0.2962 0.002045 0.001341 0.006487 -1 0.01576 -2.703 2.774 0.888 -0.693 -1.83 -3.071 -4.431 -5.298 -5.545
0.01471 0 9.78176 1.191895604 2.505770738 1.101 3.023 3.5492 0.606 7 0 0.42 48.04 29.19 19.37 15.16 12.35 2 -3.45e-08 0 0.688 0.2962 0.002043 0.001343 0.006487 -1 0.01576 -2.787 2.781 0.929 -0.642 -1.818 -3.127 -4.527 -5.403 -5.656
0.01471 0 9.78176 1.191899776 2.505771321 1.098 3.058 3.545 0.552 7 0 0.42 53.62 32.13 21.22 16.64 13.55 2 -4.03e-08 0 0.688 0.2962 0.002042 0.001344 0.006487 -1 0.01575 -2.875 2.788 0.992 -0.56 -1.788 -3.173 -4.629 -5.511 -5.772
0.01471 0 9.78176 1.191904783 2.505772021 1.094 3.1 3.5397 0.488 7 0 0.42 61.25 36.07 23.7 18.62 15.17 2 -4.88e-08 0 0.688 0.2963 0.002041 0.001345 0.006487 -1 0.01574 -2.98 2.8 1.076 -0.453 -1.745 -3.226 -4.751 -5.642 -5.912
0.01471 0 9.78176 1.191909671 2.505772704 1.089 3.138 3.5348 0.428 7 0 0.419 69.18 40.1 26.22 20.63 16.81 2 -5.78e-08 0 0.688 0.2963 0.002041 0.001346 0.006487 -1 0.01574 -3.075 2.812 1.187 -0.314 -1.683 -3.253 -4.862 -5.76 -6.038
0.01471 0 9.78176 1.191915154 2.505773471 1.082 3.177 3.5296 0.366 7 0 0.419 78.58 44.79 29.14 22.97 18.72 2 -6.9e-08 0 0.688 0.2963 0.002041 0.001346 0.006487 -1 0.01574 -3.171 2.827 1.31 -0.159 -1.611 -3.276 -4.977 -5.881 -6.169
0.01471 0 9.78176 1.191920638 2.505774237 1.074 3.212 3.5247 0.308 7 0 0.419 88.49 49.65 32.15 25.39 20.69 2 -8.23e-08 0 0.688 0.2963 0.002041 0.001346 0.006487 -1 0.01574 -3.259 2.843 1.461 0.029 -1.52 -3.264 -5.082 -5.991 -6.289
0.01471 0 9.78176 1.191923261 2.505774604 1.07 3.232 3.5218 0.275 7 0 0.419 94.82 52.71 34.04 26.9 21.93 1 -9.07e-08 0 0.688 0.2963 0.002041 0.001346 0.006487 -1 0.01574 -3.31 2.854 1.553 0.143 -1.464 -3.255 -5.143 -6.055 -6.359
0.01471 0 9.78176 1.191924334 2.505774754 1.068 3.244 3.52 0.254 7 0 0.419 98.89 54.67 35.24 27.87 22.72 1 -9.62e-08 0 0.688 0.2963 0.002041 0.001346 0.006487 -1 0.01574 -3.341 2.861 1.611 0.215 -1.428 -3.25 -5.18 -6.094 -6.402
0.01471 0 9.78176 1.191925287 2.505774887 1.067 3.251 3.519 0.243 7 0 0.419 101.31 55.83 35.95 28.44 23.19 1 -9.95e-08 0 0.688 0.2963 0.002041 0.001346 0.006487 -1 0.01574 -3.358 2.865 1.653 0.268 -1.4 -3.237 -5.201 -6.115 -6.426
0.01471 0 9.78176 1.191925883 2.50577497 1.065 3.218 3.5233 0.293 7 0 0.419 91.28 50.98 32.96 26.05 21.23 1 -8.71e-08 0 0.688 0.2963 0.002041 0.001346 0.006487 -1 0.01574 -3.275 2.856 1.513 0.092 -1.485 -3.252 -5.103 -6.013 -6.315
0.01471 0 9.78176 1.191926003 2.505774987 1.065 3.235 3.5209 0.266 7 0 0.419 96.4 53.46 34.49 27.27 22.24 1 -9.31e-08 0 0.688 0.2963 0.002041 0.001346 0.006487 -1 0.01574 -3.317 2.864 1.59 0.187 -1.438 -3.244 -5.153 -6.066 -6.372
0.01471 0 9.78176 1.191926122 2.505775004 1.065 3.182 3.5282 0.348 7 0 0.419 81.38 46.13 29.96 23.64 19.27 2 -7.52e-08 0 0.688 0.2963 0.002041 0.001346 0.006487 -1 0.01574 -3.186 2.845 1.367 -0.092 -1.572 -3.261 -4.996 -5.902 -6.193
0.01471 0 9.78176 1.191926241 2.50577502 1.065 3.183 3.5281 0.347 7 0 0.419 81.53 46.2 30.01 23.68 19.3 2 -7.52e-08 0 0.688 0.2963 0.002041 0.001346 0.006487 -1 0.01574 -3.187 2.845 1.369 -0.089 -1.571 -3.261 -4.998 -5.903 -6.195
0.01471 0 9.78176 1.191926479 2.505775054 1.065 3.189 3.5273 0.338 7 0 0.419 83.11 46.98 30.49 24.07 19.61 2 -7.71e-08 0 0.688 0.2963 0.002041 0.001346 0.006487 -1 0.01574 -3.202 2.847 1.392 -0.06 -1.558 -3.26 -5.016 -5.922 -6.215
0.01471 0 9.78176 1.191926718 2.505775087 1.064 3.201 3.5258 0.319 7 0 0.419 86.35 48.57 31.47 24.85 20.26 2 -8.15e-08 0 0.688 0.2963 0.002041 0.001346 0.006487 -1 0.01574 -3.232 2.85 1.438 -0.002 -1.53 -3.258 -5.051 -5.959 -6.255
0.01471 0 9.78176 1.191926956 2.50577512 1.064 3.216 3.5237 0.295 7 0 0.419 90.76 50.72 32.8 25.92 21.13 1 -8.68e-08 0 0.688 0.2963 0.002041 0.001346 0.006487 -1 0.01574 -3.271 2.855 1.502 0.077 -1.493 -3.254 -5.097 -6.007 -6.308
0.01471 0 9.78176 1.191927314 2.50577517 1.063 3.233 3.5214 0.269 7 0 0.419 95.9 53.21 34.34 27.15 22.13 1 -9.34e-08 0 0.688 0.2963 0.002041 0.001346 0.006487 -1 0.01574 -3.314 2.861 1.572 0.165 -1.451 -3.25 -5.148 -6.06 -6.365
0.01471 0 9.78176 1.191927552 2.505775204 1.063 3.252 3.5188 0.24 7 0 0.419 101.88 56.08 36.1 28.57 23.3 1 -1.01e-07 0 0.688 0.2963 0.002041 0.001346 0.006487 -1 0.01574 -3.36 2.868 1.662 0.279 -1.393 -3.233 -5.203 -6.118 -6.429
0.01471 0 9.78176 1.19192791 2.505775254 1.062 3.283 3.5145 0.192 7 0 0.419 112.52 61.14 39.21 31.07 25.33 1 -1.14e-07 0 0.688 0.2963 0.002041 0.001346 0.006487 -1 0.01574 -3.437 2.881 1.827 0.493 -1.282 -3.185 -5.293 -6.213 -6.532
0.01471 0 9.78176 1.191928387 2.50577532 1.061 3.315 3.5101 0.141 7 0 0.419 124.86 66.93 42.75 33.92 27.67 1 -1.3e-07 0 0.688 0.2963 0.002041 0.001346 0.006487 -1 0.01574 -3.516 2.896 2.002 0.72 -1.164 -3.133 -5.387 -6.312 -6.641
0.01471 0 9.78176 1.191928864 2.505775387 1.06 3.346 3.5055 0.091 7 0 0.419 138.72 73.34 46.65 37.06 30.24 1 -1.49e-07 0 0.688 0.2963 0.002041 0.001346 0.006487 -1 0.01574 -3.596 2.901 2.146 0.908 -1.068 -3.086 -5.481 -6.41 -6.748
0.01471 0 9.78176 1.19192946 2.50577547 1.058 3.373 3.5014 0.047 7 0.527 0.419 151.78 79.3 50.25 39.98 32.62 1 -1.68e-07 0 0.688 0.2963 0.002041 0.001346 0.006487 -1 0.01574 -3.662 2.911 2.286 1.088 -0.972 -3.033 -5.56 -6.494 -6.839
0.01471 0 9.78176 1.191930294 2.505775587 1.054 3.398 3.4975 0.005 7 0.526 0.419 165.54 85.48 53.99 43 35.1 1 -1.86e-07 0 0.688 0.2963 0.002041 0.001346 0.006487 -1 0.01574 -3.725 2.923 2.419 1.251 -0.88 -2.975 -5.634 -6.572 -6.925
0.01471 0 9.78176 1.191930413 2.505775604 1.054 3.398 3.4975 0.005 8 0.526 0.44 165.57 85.49 53.99 43.01 35.1 1 -1.86e-07 0 0.688 0.2972 0.002146 0.001348 0.006502 -1 0.0148 -3.725 2.923 2.419 1.251 -0.88 -2.975 -5.634 -6.572 -6.925
0.01471 0 9.78176 1.191930533 2.50577562 1.054 3.137 3.5324 0.405 8 0.526 0.44 72.08 41.48 27.06 21.33 17.38 2 -6.38e-08 0 0.688 0.2972 0.002146 0.001348 0.006502 -1 0.0148 -3.073 2.861 1.288 -0.197 -1.603 -3.218 -4.869 -5.77 -6.053
0.01471 0 9.78176 1.191930533 2.50577562 1.053 3.024 3.5474 0.578 8 0.526 0.44 50.27 30.32 20.06 15.74 12.81 2 -3.95e-08 0 0.688 0.2972 0.002146 0.001348 0.006502 -1 0.0148 -2.79 2.822 0.992 -0.572 -1.77 -3.111 -4.536 -5.414 -5.67
0.01471 0 9.78176 1.191930771 2.505775654 1.053 2.85 3.5704 0.844 8 0.526 0.44 28.94 18.76 12.68 9.88 8.03 3 -1.85e-08 0 0.688 0.2972 0.002146 0.001348 0.006502 -1 0.0148 -2.355 2.734 0.764 -0.844 -1.844 -2.822 -4.033 -4.863 -5.084
0.01471 0 9.78176 1.191931129 2.505775704 1.052 2.873 3.567 0.807 8 0.526 0.44 31.26 20.06 13.52 10.55 8.58 2 -2.06e-08 0 0.688 0.2972 0.002146 0.001348 0.006502 -1 0.0148 -2.413 2.754 0.791 -0.815 -1.839 -2.864 -4.101 -4.939 -5.165
0.01471 0 9.78176 1.191931605 2.50577577 1.05 2.997 3.5502 0.615 8 0.526 0.44 46.59 28.38 18.83 14.76 12.01 2 -3.56e-08 0 0.688 0.2972 0.002146 0.001348 0.006502 -1 0.0148 -2.723 2.826 0.961 -0.615 -1.78 -3.072 -4.46 -5.334 -5.586
0.01471 0 9.78176 1.191932082 2.505775837 1.048 3.158 3.5284 0.366 8 0.526 0.44 78.13 44.47 28.92 22.82 18.6 2 -7.06e-08 0 0.688 0.2972 0.002146 0.001348 0.006502 -1 0.0148 -3.125 2.888 1.411 -0.045 -1.52 -3.205 -4.935 -5.841 -6.131
0.01471 0 9.78176 1.191932678 2.50577592 1.046 3.293 3.5099 0.156 8 0.526 0.44 120.78 64.94 41.52 32.94 26.87 1 -1.24e-07 0 0.688 0.2972 0.002146 0.001348 0.006502 -1 0.0148 -3.463 2.937 2.054 0.779 -1.107 -3.076 -5.334 -6.259 -6.588
0.01471 0 9.78176 1.191933394 2.50577602 1.044 3.381 3.4976 0.017 8 0.527 0.44 161.12 83.39 52.72 41.99 34.26 1 -1.78e-07 0 0.688 0.2972 0.002146 0.001348 0.006502 -1 0.0148 -3.684 2.951 2.446 1.281 -0.847 -2.94 -5.593 -6.531 -6.883
0.01471 0 9.78176 1.191934228 2.505776137 1.041 3.429 3.4906 -0.06 8 0.527 0.44 186.59 95.79 60.17 48.03 39.21 1 -2.17e-07 0 0.688 0.2972 0.002146 0.001348 0.006502 -1 0.0148 -3.803 2.962 2.663 1.541 -0.705 -2.848 -5.734 -6.679 -7.044
0.01471 0 9.78176 1.191935062 2.505776254 1.038 3.453 3.4867 -0.101 8 0.527 0.44 198.44 103.1 64.54 51.58 42.11 1 -2.41e-07 0 0.688 0.2972 0.002146 0.001348 0.006502 -1 0.0148 -3.863 2.967 2.744 1.61 -0.665 -2.82 -5.806 -6.754 -7.126
0.01471 0 9.78176 1.191936135 2.505776404 1.034 3.469 3.4838 -0.129 8 0.528 0.44 206.93 108.41 67.71 54.16 44.22 1 -2.58e-07 0 0.688 0.2972 0.002146 0.001348 0.006502 -1 0.0148 -3.902 2.974 2.801 1.654 -0.636 -2.798 -5.853 -6.803 -7.179
0.01471 0 9.78176 1.191936135 2.505776404 1.034 3.271 3.5101 0.174 8 0.528 0.44 116.2 62.72 40.15 31.86 25.98 1 -1.17e-07 0 0.688 0.2972 0.002146 0.001348 0.006502 -1 0.0148 -3.408 2.974 2.091 0.818 -1.061 -3.027 -5.278 -6.204 -6.532
0.01471 0 9.78176 1.191936374 2.505776437 1.033 3.101 3.5327 0.434 8 0.528 0.44 67.64 39.2 25.63 20.2 16.45 2 -5.78e-08 0 0.688 0.2972 0.002146 0.001348 0.006502 -1 0.0148 -2.984 2.923 1.355 -0.125 -1.524 -3.132 -4.778 -5.679 -5.961
0.01471 0 9.78176 1.191936612 2.50577647 1.032 2.926 3.556 0.702 8 0.528 0.44 38.7 24.14 16.13 12.62 10.27 2 -2.74e-08 0 0.688 0.2972 0.002146 0.001348 0.006502 -1 0.0148 -2.546 2.857 0.956 -0.629 -1.739 -2.934 -4.265 -5.127 -5.369
0.01471 0 9.78176 1.19193697 2.50577652 1.031 2.947 3.5531 0.668 8 0.528 0.44 41.49 25.64 17.09 13.38 10.89 2 -3.02e-08 0 0.688 0.2972 0.002146 0.001348 0.006502 -1 0.0148 -2.599 2.87 0.993 -0.585 -1.722 -2.966 -4.327 -5.195 -5.442
0.01471 0 9.78176 1.191937327 2.50577657 1.029 3.067 3.5369 0.483 8 0.528 0.44 60.99 35.82 23.52 18.51 15.07 2 -5.06e-08 0 0.688 0.2972 0.002146 0.001348 0.006502 -1 0.0148 -2.898 2.919 1.266 -0.238 -1.572 -3.104 -4.678 -5.574 -5.848
0.01471 0 9.78176 1.191937923 2.505776653 1.027 3.222 3.5159 0.243 8 0.529 0.44 100.52 55.27 35.58 28.18 22.97 1 -9.72e-08 0 0.688 0.2972 0.002146 0.001348 0.006502 -1 0.0148 -3.285 2.971 1.882 0.542 -1.195 -3.075 -5.137 -6.057 -6.372
0.01471 0 9.78176 1.191938639 2.505776753 1.024 3.351 3.4982 0.042 8 0.529 0.44 152.55 79.36 50.26 40.03 32.66 1 -1.66e-07 0 0.688 0.2972 0.002146 0.001348 0.006502 -1 0.0148 -3.608 2.997 2.475 1.31 -0.802 -2.888 -5.515 -6.453 -6.802
0.01471 0 9.78176 1.191939354 2.505776853 1.021 3.433 3.4868 -0.087 8 0.529 0.44 193.24 100.2 62.79 50.19 40.97 1 -2.32e-07 0 0.688 0.2972 0.002146 0.001348 0.006502 -1 0.0148 -3.813 3.003 2.778 1.648 -0.622 -2.776 -5.756 -6.703 -7.074
0.01471 0 9.78176 1.191940188 2.50577697 1.017 3.475 3.4808 -0.155 8 0.53 0.44 213.92 113.07 70.46 56.43 46.07 1 -2.77e-07 0 0.688 0.2972 0.002146 0.001348 0.006502 -1 0.0148 -3.918 3.005 2.885 1.724 -0.581 -2.748 -5.878 -6.83 -7.211
0.01471 0 9.78176 1.191941261 2.50577712 1.013 3.493 3.4779 -0.185 8 0.53 0.44 223.88 119.41 74.22 59.5 48.58 1 -3e-07 0 0.688 0.2972 0.002146 0.001348 0.006502 -1 0.0148 -3.962 3.007 2.928 1.753 -0.565 -2.74 -5.93 -6.884 -7.269
0.01471 0 9.78176 1.191942334 2.50577727 1.008 3.501 3.4764 -0.202 8 0.531 0.44 229.37 122.96 76.32 61.22 49.99 1 -3.15e-07 0 0.688 0.2972 0.002146 0.001348 0.006502 -1 0.0148 -3.983 3.012 2.954 1.77 -0.555 -2.733 -5.955 -6.91 -7.298
0.01471 0 9.78176 1.191942334 2.50577727 1.008 3.313 3.5021 0.089 8 0.531 0.44 137.96 72.61 46.15 36.73 29.96 1 -1.48e-07 0 0.688 0.2972 0.002146 0.001348 0.006502 -1 0.0148 -3.512 3.015 2.376 1.18 -0.858 -2.909 -5.407 -6.341 -6.683
0.01471 0 9.78176 1.191942573 2.505777303 1.007 3.144 3.525 0.349 8 0.531 0.44 80.25 45.39 29.47 23.29 18.97 2 -7.45e-08 0 0.688 0.2972 0.002146 0.001348 0.006502 -1 0.0148 -3.091 2.974 1.6 0.176 -1.362 -3.101 -4.912 -5.822 -6.118
0.01471 0 9.78176 1.191942811 2.505777337 1.006 2.969 3.5488 0.619 8 0.531 0.44 45.71 27.86 18.49 14.51 11.8 2 -3.57e-08 0 0.688 0.2972 0.002146 0.001348 0.006502 -1 0.0148 -2.653 2.91 1.073 -0.491 -1.671 -2.988 -4.394 -5.271 -5.524
0.01471 0 9.78176 1.191943169 2.505777387 1.004 2.99 3.5458 0.585 8 0.531 0.44 49.04 29.61 19.59 15.39 12.53 2 -3.93e-08 0 0.688 0.2972 0.002146 0.001348 0.006502 -1 0.0148 -2.705 2.921 1.126 -0.424 -1.641 -3.011 -4.456 -5.338 -5.597
0.01471 0 9.78176 1.191943765 2.50577747 1.001 3.108 3.5295 0.401 8 0.532 0.44 71.91 41.26 26.89 21.23 17.29 2 -6.51e-08 0 0.688 0.2972 0.002146 0.001348 0.006502 -1 0.0148 -2.999 2.972 1.474 0.016 -1.435 -3.101 -4.804 -5.71 -5.997
0.01471 0 9.78176 1.191944361 2.505777553 0.998 3.259 3.5084 0.163 8 0.532 0.44 118.04 63.36 40.51 32.19 26.24 1 -1.23e-07 0 0.688 0.2972 0.002146 0.001348 0.006502 -1 0.0148 -3.379 3.028 2.198 0.943 -0.968 -2.952 -5.254 -6.182 -6.512
0.01471 0 9.78176 1.191945076 2.505777653 0.994 3.385 3.4906 -0.036 8 0.532 0.44 176.84 90.67 57.04 45.57 37.18 1 -2.07e-07 0 0.688 0.2972 0.002146 0.001348 0.006502 -1 0.0148 -3.694 3.048 2.75 1.633 -0.605 -2.746 -5.624 -6.57 -6.933
0.01471 0 9.78176 1.191945911 2.50577777 0.989 3.466 3.4791 -0.164 8 0.533 0.44 214.88 114.22 71.1 57.01 46.54 1 -2.88e-07 0 0.688 0.2972 0.002146 0.001348 0.006502 -1 0.0148 -3.894 3.047 2.954 1.787 -0.524 -2.695 -5.859 -6.813 -7.196
0.01471 0 9.78176 1.191946864 2.505777903 0.984 3.506 3.473 -0.231 8 0.533 0.44 237.65 128.76 79.71 64.04 52.29 1 -3.43e-07 0 0.688 0.2972 0.002146 0.001348 0.006502 -1 0.0148 -3.995 3.046 3.035 1.835 -0.502 -2.689 -5.977 -6.934 -7.326
0.01471 0 9.78176 1.191948056 2.50577807 0.978 3.523 3.4702 -0.262 8 0.534 0.44 248.62 135.95 83.95 67.51 55.13 1 -3.73e-07 0 0.688 0.2972 0.002146 0.001348 0.006502 -1 0.0148 -4.038 3.05 3.077 1.862 -0.486 -2.681 -6.027 -6.986 -7.382
0.01471 0 9.78176 1.191949248 2.505778236 0.972 3.531 3.4686 -0.279 8 0.535 0.44 254.64 140.01 86.33 69.47 56.73 1 -3.92e-07 0 0.688 0.2972 0.002146 0.001348 0.006502 -1 0.0148 -4.058 3.052 3.098 1.877 -0.478 -2.677 -6.051 -7.01 -7.409
0.01471 0 9.78176 1.191949248 2.505778236 0.971 3.354 3.4935 -0.003 8 0.535 0.44 166.09 84.91 53.54 42.77 34.89 1 -1.95e-07 0 0.688 0.2972 0.002146 0.001348 0.006502 -1 0.0148 -3.615 3.072 2.689 1.555 -0.634 -2.754 -5.536 -6.479 -6.838
0.01471 0 9.78176 1.191949487 2.50577827 0.97 3.187 3.5169 0.257 8 0.535 0.44 96.52 53.09 34.2 27.13 22.1 1 -9.97e-08 0 0.688 0.2972 0.002146 0.001348 0.006502 -1 0.0148 -3.199 3.035 1.909 0.558 -1.154 -3.018 -5.047 -5.966 -6.279
0.01471 0 9.78176 1.191949725 2.505778303 0.968 3.013 3.5414 0.528 8 0.535 0.44 54.69 32.48 21.39 16.85 13.71 2 -4.85e-08 0 0.688 0.2972 0.002146 0.001348 0.006502 -1 0.0148 -2.763 2.964 1.226 -0.306 -1.576 -3.025 -4.527 -5.417 -5.683
0.01471 0 9.78176 1.191950202 2.50577837 0.964 3.034 3.5382 0.493 8 0.535 0.44 58.86 34.6 22.72 17.91 14.58 2 -5.36e-08 0 0.688 0.2972 0.002146 0.001348 0.006502 -1 0.0148 -2.816 2.978 1.296 -0.218 -1.532 -3.039 -4.591 -5.485 -5.757
0.01471 0 9.78176 1.191950798 2.505778453 0.96 3.149 3.5215 0.309 8 0.536 0.44 86.36 48.18 31.16 24.7 20.11 1 -8.78e-08 0 0.688 0.2972 0.002146 0.001348 0.006502 -1 0.0148 -3.104 3.034 1.756 0.358 -1.249 -3.043 -4.937 -5.85 -6.154
0.01471 0 9.78176 1.191951394 2.505778536 0.955 3.298 3.5 0.072 8 0.536 0.44 141.62 73.84 46.84 37.36 30.46 1 -1.63e-07 0 0.688 0.2972 0.002146 0.001348 0.006502 -1 0.0148 -3.475 3.088 2.517 1.343 -0.737 -2.81 -5.377 -6.313 -6.658
0.01471 0 9.78176 1.191952228 2.505778653 0.949 3.421 3.4818 -0.126 8 0.537 0.44 199.76 105.58 65.89 52.85 43.12 1 -2.71e-07 0 0.688 0.2972 0.002146 0.001348 0.006502 -1 0.0148 -3.783 3.106 2.968 1.818 -0.477 -2.641 -5.739 -6.691 -7.07
0.01471 0 9.78176 1.191953182 2.505778786 0.942 3.5 3.4699 -0.256 8 0.537 0.44 243 133.2 82.26 66.22 54.06 1 -3.77e-07 0 0.688 0.2972 0.002146 0.001348 0.006502 -1 0.0148 -3.979 3.104 3.135 1.922 -0.426 -2.62 -5.969 -6.928 -7.325
0.01471 0 9.78176 1.191954255 2.505778936 0.935 3.54 3.4634 -0.326 8 0.538 0.44 269.48 150.7 92.53 74.65 60.95 0 -4.5e-07 0.01 0.688 0.2972 0.002146 0.001348 0.006502 -1 0.0148 -4.079 3.099 3.204 1.962 -0.41 -2.625 -6.086 -7.047 -7.452
0.01471 0 9.78176 1.191955447 2.505779103 0.926 3.557 3.4602 -0.36 8 0.539 0.44 283.06 159.94 97.92 79.1 64.59 0 -4.95e-07 0.01 0.688 0.2972 0.002146 0.001348 0.006502 -1 0.0148 -4.123 3.114 3.253 1.993 -0.393 -2.618 -6.138 -7.101 -7.511
0.01471 0 9.78176 1.191956758 2.505779286 0.916 3.566 3.4582 -0.381 8 0.54 0.44 291.29 165.73 101.28 81.88 66.86 0 -5.27e-07 0.01 0.688 0.2972 0.002146 0.001348 0.006502 -1 0.0148 -4.145 3.126 3.283 2.019 -0.38 -2.614 -6.164 -7.127 -7.54
0.01471 0 9.78176 1.191956758 2.505779286 0.915 3.402 3.4822 -0.122 8 0.54 0.44 195.78 103.77 64.76 52 42.42 1 -2.8e-07 0 0.688 0.2972 0.002146 0.001348 0.006502 -1 0.0148 -3.736 3.147 3.002 1.853 -0.44 -2.602 -5.691 -6.643 -7.021
0.01471 0 9.78176 1.191956997 2.50577932 0.913 3.238 3.5062 0.137 8 0.54 0.44 122.72 64.92 41.38 33 26.89 1 -1.47e-07 0 0.688 0.2972 0.002146 0.001348 0.006502 -1 0.0148 -3.325 3.123 2.356 1.121 -0.833 -2.84 -5.208 -6.138 -6.472
0.01471 0 9.78176 1.191957354 2.505779369 0.909 3.064 3.5316 0.41 8 0.54 0.44 69.07 39.56 25.78 20.41 16.61 1 -7.29e-08 0 0.688 0.2972 0.002146 0.001348 0.006502 -1 0.0148 -2.891 3.049 1.5 0.025 -1.394 -3.024 -4.689 -5.592 -5.876
0.01471 0 9.78176 1.191957712 2.50577942 0.903 3.086 3.528 0.372 8 0.541 0.44 74.76 42.33 27.5 21.8 17.74 1 -8.12e-08 0 0.688 0.2972 0.002146 0.001348 0.006502 -1 0.0148 -2.944 3.069 1.607 0.158 -1.324 -3.015 -4.755 -5.662 -5.952
0.01471 0 9.78176 1.191958308 2.505779503 0.896 3.198 3.5106 0.187 8 0.541 0.44 110.15 59.04 37.77 30.1 24.52 1 -1.32e-07 0 0.688 0.2972 0.002146 0.001348 0.006502 -1 0.0148 -3.225 3.141 2.241 0.963 -0.902 -2.859 -5.092 -6.019 -6.345
0.01471 0 9.78176 1.191959023 2.505779603 0.887 3.342 3.4882 -0.051 8 0.541 0.44 173.54 90.54 56.82 45.58 37.16 1 -2.41e-07 0 0.688 0.2972 0.002146 0.001348 0.006502 -1 0.0148 -3.585 3.19 2.94 1.822 -0.435 -2.583 -5.522 -6.469 -6.837
0.01471 0 9.78176 1.191959858 2.505779719 0.876 3.462 3.4692 -0.252 8 0.542 0.44 235.29 129.85 80.15 64.67 52.76 1 -3.98e-07 0.01 0.688 0.2972 0.002146 0.001348 0.006502 -1 0.0148 -3.884 3.201 3.24 2.026 -0.322 -2.518 -5.875 -6.835 -7.231
0.01471 0 9.78176 1.191960812 2.505779853 0.864 3.538 3.4564 -0.386 8 0.543 0.44 287.38 164.69 100.54 81.45 66.48 0 -5.55e-07 0.01 0.688 0.2972 0.002146 0.001348 0.006502 -1 0.0148 -4.075 3.211 3.385 2.123 -0.284 -2.525 -6.098 -7.062 -7.476
0.01471 0 9.78176 1.191961884 2.505780003 0.85 3.577 3.4494 -0.46 8 0.544 0.44 289.35 -1 -1 -1 -1 0 -6.74e-07 0.01 0.688 0.2972 0.002146 0.001348 0.006502 -1 0.0148 -4.173 3.235 3.474 2.203 -0.251 -2.529 -6.212 -7.176 -7.601
0.01471 0 9.78176 1.191963077 2.505780169 0.835 3.594 3.4457 -0.5 8 0.545 0.44 280.12 -1 -1 -1 -1 0 -8.41e-07 0.02 0.688 0.2972 0.002146 0.001348 0.006502 -1 0.0148 -4.216 3.272 3.532 2.263 -0.226 -2.526 -6.26 -7.225 -7.656
0.01471 0 9.78176 1.191964507 2.505780369 0.819 3.604 3.4436 -0.526 8 0.546 0.44 270.21 -1 -1 -1 -1 0 -9.89e-07 0.03 0.688 0.2972 0.002146 0.001348 0.006502 -1 0.0148 -4.239 3.321 3.585 2.31 -0.204 -2.517 -6.283 -7.25 -7.687
0.01471 0 9.78176 1.191964507 2.505780369 0.817 3.456 3.4672 -0.285 8 0.546 0.44 241.15 135.21 83.17 67.33 54.9 0 -4.78e-07 0.01 0.688 0.2972 0.002146 0.001348 0.006502 -1 0.0148 -3.869 3.265 3.323 2.096 -0.264 -2.467 -5.864 -6.824 -7.225
0.01471 0 9.78176 1.191964745 2.505780403 0.812 3.294 3.493 -0.022 8 0.546 0.44 160.66 83.99 52.78 42.43 34.56 1 -2.6e-07 0 0.688 0.2972 0.002146 0.001348 0.006502 -1 0.0148 -3.464 3.253 2.88 1.745 -0.458 -2.583 -5.386 -6.33 -6.69
0.01471 0 9.78176 1.191965103 2.505780452 0.804 3.121 3.5211 0.259 8 0.546 0.44 92.79 50.38 32.39 25.85 21.03 1 -1.34e-07 0 0.688 0.2972 0.002146 0.001348 0.006502 -1 0.0148 -3.031 3.157 1.873 0.465 -1.157 -2.962 -4.866 -5.779 -6.085
0.01471 0 9.78176 1.191965461 2.505780502 0.793 3.141 3.5181 0.22 8 0.547 0.44 100.54 53.86 34.51 27.59 22.44 1 -1.53e-07 0 0.688 0.2972 0.002146 0.001348 0.006502 -1 0.0148 -3.083 3.173 1.986 0.607 -1.084 -2.936 -4.928 -5.844 -6.157
0.01471 0 9.78176 1.191966057 2.505780586 0.779 3.25 3.5007 0.034 8 0.547 0.44 145.04 75.04 47.35 38.06 30.98 1 -2.5e-07 0 0.688 0.2972 0.002146 0.001348 0.006502 -1 0.0148 -3.355 3.246 2.642 1.448 -0.629 -2.7 -5.254 -6.188 -6.536
0.01471 0 9.78176 1.191966772 2.505780686 0.762 3.389 3.4783 -0.204 8 0.548 0.44 207.75 114.78 71.02 57.5 46.84 0 -4.62e-07 0.01 0.688 0.2972 0.002146 0.001348 0.006502 -1 0.0148 -3.702 3.309 3.216 2.031 -0.296 -2.472 -5.666 -6.621 -7.009
0.01471 0 9.78176 1.191967606 2.505780802 0.741 3.504 3.4598 -0.404 8 0.548 0.44 225.88 -1 -1 -1 -1 0 -7.81e-07 0.02 0.688 0.2972 0.002146 0.001348 0.006502 -1 0.0148 -3.989 3.361 3.482 2.192 -0.217 -2.451 -5.999 -6.965 -7.384
0.01471 0 9.78176 1.19196856 2.505780936 0.719 3.577 3.4491 -0.534 8 0.549 0.44 213.51 -1 -1 -1 -1 0 -1.14e-06 0.04 0.688 0.2972 0.002146 0.001348 0.006502 -1 0.0148 -4.172 3.433 3.628 2.307 -0.185 -2.478 -6.198 -7.17 -7.609
0.01471 0 9.78176 1.191969633 2.505781086 0.694 3.614 3.4459 -0.6 8 0.55 0.44 200.22 -1 -1 -1 -1 0 -1.81e-06 0.07 0.688 0.2972 0.002146 0.001348 0.006502 -1 0.0148 -4.266 3.622 3.769 2.399 -0.159 -2.484 -6.273 -7.257 -7.716
0.01471 0 9.78176 1.191970825 2.505781252 0.666 3.631 3.4483 -0.624 8 0.551 0.44 186.27 -1 -1 -1 -1 0 -2.39e-06 0.11 0.688 0.2972 0.002146 0.001348 0.006502 -1 0.0148 -4.307 3.798 3.846 2.41 -0.171 -2.498 -6.283 -7.281 -7.756
0.01471 0 9.78176 1.191972256 2.505781452 0.637 3.64 3.4544 -0.628 8 0.552 0.44 171.91 -1 -1 -1 -1 0 -2.9e-06 0.29 0.688 0.2972 0.002146 0.001348 0.006502 -1 0.0148 -4.329 4.662 4.325 2.692 -0.008 -2.363 -6.17 -7.222 -7.757
0.01471 0 9.78176 1.191975355 2.505781885 0.553 -9.999 4 1.707 9 0.554 0 0 0 0 0 0 -1 -1e-30 0 0.688 0.2972 0.002146 0.001348 0.006502 -1 0.0148 29.767 29.721 29.984 30.033 30.021 30.018 30.067 30.065 30.083
