# component component_index family logAge MH Zini Mini Mass radius_rsun Teff_K logg Vmag Imag Jmag_2mass Hmag_2mass Ksmag_2mass
thin2 1 thin_disk 9 -0.25 0.0084736 0.0900000036 0.09 0.1193308255 2444.556053 5.236 17.828 13.335 10.948 10.408 10.173
thin2 1 thin_disk 9 -0.25 0.0084736 0.1000000015 0.1 0.1292863411 2595.971977 5.212 17.379 12.9 10.513 9.973 9.736
thin2 1 thin_disk 9 -0.25 0.0084736 0.1079116166 0.108 0.1369470384 2674.853494 5.195 16.772 12.529 10.288 9.742 9.496
thin2 1 thin_disk 9 -0.25 0.0084736 0.1200000048 0.12 0.1495383708 2793.830151 5.165 15.802 11.952 9.957 9.4 9.148
thin2 1 thin_disk 9 -0.25 0.0084736 0.1400000006 0.14 0.1687145915 2920.78776 5.127 14.773 11.329 9.554 8.989 8.735
thin2 1 thin_disk 9 -0.25 0.0084736 0.1599999964 0.16 0.1867035797 3013.006024 5.097 14.052 10.875 9.236 8.666 8.415
thin2 1 thin_disk 9 -0.25 0.0084736 0.1696361005 0.17 0.1947837151 3046.491705 5.085 13.785 10.703 9.108 8.537 8.287
thin2 1 thin_disk 9 -0.25 0.0084736 0.200000003 0.2 0.2198126312 3142.67883 5.052 13.069 10.231 8.748 8.174 7.929
thin2 1 thin_disk 9 -0.25 0.0084736 0.2392486632 0.239 0.249892168 3229.981241 5.018 12.43 9.78 8.382 7.804 7.565
thin2 1 thin_disk 9 -0.25 0.0084736 0.25 0.25 0.2577820332 3252.370401 5.01 12.278 9.671 8.292 7.713 7.476
thin2 1 thin_disk 9 -0.25 0.0084736 0.3196905553 0.32 0.3121423135 3360.469825 4.951 11.487 9.067 7.773 7.187 6.957
thin2 1 thin_disk 9 -0.25 0.0084736 0.3322690129 0.332 0.3228885501 3379.091874 4.939 11.355 8.963 7.682 7.095 6.866
thin2 1 thin_disk 9 -0.25 0.0084736 0.3500000536 0.35 0.3361651163 3406.434166 4.926 11.182 8.831 7.568 6.979 6.752
thin2 1 thin_disk 9 -0.25 0.0084736 0.3931404948 0.393 0.3742421029 3483.37315 4.884 10.726 8.479 7.264 6.669 6.446
thin2 1 thin_disk 9 -0.25 0.0084736 0.4000000358 0.4 0.3798854368 3495.425096 4.878 10.66 8.428 7.22 6.624 6.401
thin2 1 thin_disk 9 -0.25 0.0084736 0.4252525568 0.425 0.4052776413 3549.768245 4.848 10.37 8.206 7.03 6.429 6.209
thin2 1 thin_disk 9 -0.25 0.0084736 0.4500000179 0.45 0.4298853497 3600.808292 4.822 10.108 8.006 6.858 6.252 6.035
thin2 1 thin_disk 9 -0.25 0.0084736 0.4625612795 0.462 0.442845917 3636.637393 4.808 9.949 7.891 6.762 6.153 5.937
thin2 1 thin_disk 9 -0.25 0.0084736 0.5 0.5 0.4814516117 3743.69104 4.77 9.506 7.568 6.493 5.875 5.666
thin2 1 thin_disk 9 -0.25 0.0084736 0.5198866725 0.52 0.5015943603 3818.56335 4.75 9.244 7.383 6.341 5.716 5.514
thin2 1 thin_disk 9 -0.25 0.0084736 0.5500000119 0.55 0.5302157751 3936.407041 4.727 8.875 7.121 6.125 5.488 5.302
thin2 1 thin_disk 9 -0.25 0.0084736 0.5951846242 0.595 0.5708902749 4142.857545 4.697 8.317 6.728 5.796 5.142 4.99
thin2 1 thin_disk 9 -0.25 0.0084736 0.6000000238 0.6 0.5744505437 4165.815197 4.694 8.26 6.688 5.762 5.107 4.959
thin2 1 thin_disk 9 -0.25 0.0084736 0.6499999762 0.65 0.6083487848 4451.434629 4.679 7.616 6.264 5.422 4.791 4.682
thin2 1 thin_disk 9 -0.25 0.0084736 0.6565798521 0.657 0.6127067218 4489.520924 4.678 7.533 6.209 5.38 4.757 4.652
thin2 1 thin_disk 9 -0.25 0.0084736 0.7000001073 0.7 0.6405494238 4745.696932 4.668 7.016 5.864 5.118 4.563 4.475
thin2 1 thin_disk 9 -0.25 0.0084736 0.75 0.75 0.6727483555 5028.054773 4.655 6.509 5.504 4.843 4.366 4.291
thin2 1 thin_disk 9 -0.25 0.0084736 0.7983130813 0.798 0.7111359677 5267.444883 4.633 6.097 5.191 4.595 4.176 4.109
thin2 1 thin_disk 9 -0.25 0.0084736 0.8466261625 0.846 0.7534468905 5492.878592 4.608 5.729 4.902 4.361 3.99 3.931
thin2 1 thin_disk 9 -0.25 0.0084736 0.8949391842 0.894 0.8001154284 5701.642723 4.58 5.397 4.637 4.141 3.808 3.757
thin2 1 thin_disk 9 -0.25 0.0084736 0.9432522058 0.943 0.8516333201 5891.148903 4.549 5.093 4.389 3.93 3.627 3.583
thin2 1 thin_disk 9 -0.25 0.0084736 0.9641725421 0.964 0.8760979111 5967.60405 4.534 4.967 4.286 3.841 3.55 3.509
thin2 1 thin_disk 9 -0.25 0.0084736 0.9915652275 0.991 0.9100235783 6064.569815 4.514 4.808 4.153 3.726 3.451 3.413
thin2 1 thin_disk 9 -0.25 0.0084736 1.039878368 1.039 0.9742101383 6223.002852 4.475 4.538 3.925 3.525 3.272 3.238
thin2 1 thin_disk 9 -0.25 0.0084736 1.074318409 1.073 1.021298384 6331.403617 4.448 4.353 3.767 3.384 3.146 3.115
thin2 1 thin_disk 9 -0.25 0.0084736 1.088191509 1.087 1.040764918 6373.823014 4.437 4.281 3.705 3.328 3.096 3.066
thin2 1 thin_disk 9 -0.25 0.0084736 1.10172832 1.101 1.061091034 6415.049325 4.426 4.21 3.645 3.274 3.047 3.018
thin2 1 thin_disk 9 -0.25 0.0084736 1.136504412 1.136 1.111866499 6520.786785 4.398 4.033 3.493 3.138 2.924 2.898
thin2 1 thin_disk 9 -0.25 0.0084736 1.149421811 1.148 1.130713676 6559.942007 4.389 3.968 3.438 3.089 2.88 2.855
thin2 1 thin_disk 9 -0.25 0.0084736 1.184817553 1.184 1.184547948 6664.99764 4.362 3.794 3.289 2.956 2.762 2.737
thin2 1 thin_disk 9 -0.25 0.0084736 1.233130455 1.232 1.253581704 6815.535747 4.33 3.567 3.096 2.785 2.611 2.588
thin2 1 thin_disk 9 -0.25 0.0084736 1.280011654 1.279 1.315384272 6971.078929 4.304 3.357 2.922 2.633 2.479 2.457
thin2 1 thin_disk 9 -0.25 0.0084736 1.281443477 1.281 1.318113005 6975.896043 4.303 3.351 2.917 2.629 2.475 2.453
thin2 1 thin_disk 9 -0.25 0.0084736 1.329756737 1.329 1.371995367 7159.785311 4.284 3.143 2.751 2.488 2.357 2.335
thin2 1 thin_disk 9 -0.25 0.0084736 1.378069639 1.378 1.41466186 7370.551753 4.273 2.943 2.599 2.363 2.257 2.237
thin2 1 thin_disk 9 -0.25 0.0084736 1.408108473 1.408 1.438641701 7509.309425 4.268 2.824 2.512 2.293 2.202 2.182
thin2 1 thin_disk 9 -0.25 0.0084736 1.42638278 1.426 1.451619003 7592.765726 4.265 2.753 2.459 2.25 2.167 2.148
thin2 1 thin_disk 9 -0.25 0.0084736 1.445573449 1.445 1.469442663 7673.614894 4.261 2.681 2.404 2.205 2.131 2.112
thin2 1 thin_disk 9 -0.25 0.0084736 1.474695921 1.474 1.497106324 7792.91609 4.253 2.572 2.322 2.135 2.074 2.054
thin2 1 thin_disk 9 -0.25 0.0084736 1.485197425 1.485 1.508525462 7830.689431 4.25 2.534 2.292 2.11 2.051 2.032
thin2 1 thin_disk 9 -0.25 0.0084736 1.523008823 1.523 1.555079674 7956.095729 4.234 2.399 2.184 2.015 1.969 1.95
thin2 1 thin_disk 9 -0.25 0.0084736 1.551753282 1.551 1.595337761 8042.66538 4.22 2.3 2.103 1.942 1.903 1.884
thin2 1 thin_disk 9 -0.25 0.0084736 1.571321964 1.571 1.624623178 8094.685874 4.21 2.232 2.046 1.891 1.856 1.838
thin2 1 thin_disk 9 -0.25 0.0084736 1.575419903 1.575 1.631370651 8105.876825 4.208 2.218 2.035 1.881 1.846 1.828
thin2 1 thin_disk 9 -0.25 0.0084736 1.609732747 1.609 1.689478404 8188.417919 4.187 2.102 1.935 1.788 1.76 1.742
thin2 1 thin_disk 9 -0.25 0.0084736 1.619634867 1.619 1.706289212 8209.184189 4.18 2.068 1.905 1.761 1.735 1.716
thin2 1 thin_disk 9 -0.25 0.0084736 1.626301527 1.626 1.7185123 8222.426499 4.176 2.046 1.886 1.743 1.718 1.699
thin2 1 thin_disk 9 -0.25 0.0084736 1.655209422 1.654 1.775630699 8277.515449 4.155 1.948 1.8 1.662 1.641 1.622
thin2 1 thin_disk 9 -0.25 0.0084736 1.667948127 1.667 1.803651573 8298.507675 4.145 1.906 1.761 1.625 1.605 1.587
thin2 1 thin_disk 9 -0.25 0.0084736 1.67860651 1.678 1.825377298 8315.722725 4.137 1.87 1.729 1.594 1.576 1.557
thin2 1 thin_disk 9 -0.25 0.0084736 1.711556554 1.71 1.903937312 8356.030182 4.109 1.76 1.627 1.495 1.48 1.461
thin2 1 thin_disk 9 -0.25 0.0084736 1.716261029 1.715 1.917576262 8359.879163 4.104 1.744 1.612 1.48 1.465 1.446
thin2 1 thin_disk 9 -0.25 0.0084736 1.73381424 1.733 1.964955163 8373.364561 4.088 1.684 1.555 1.425 1.411 1.392
thin2 1 thin_disk 9 -0.25 0.0084736 1.758020163 1.757 2.038227444 8379.150674 4.062 1.601 1.474 1.345 1.331 1.312
thin2 1 thin_disk 9 -0.25 0.0084736 1.76457417 1.763 2.060405236 8377.221526 4.054 1.578 1.452 1.322 1.308 1.289
thin2 1 thin_disk 9 -0.25 0.0084736 1.788209796 1.787 2.142656955 8367.582443 4.026 1.496 1.369 1.238 1.224 1.205
thin2 1 thin_disk 9 -0.25 0.0084736 1.812887192 1.812 2.241571751 8342.572701 3.993 1.408 1.279 1.146 1.131 1.112
thin2 1 thin_disk 9 -0.25 0.0084736 1.818185329 1.817 2.261791902 8338.731689 3.986 1.39 1.26 1.127 1.111 1.092
thin2 1 thin_disk 9 -0.25 0.0084736 1.845986009 1.845 2.395811498 8281.328264 3.942 1.29 1.152 1.014 0.995 0.975
thin2 1 thin_disk 9 -0.25 0.0084736 1.863396049 1.862 2.490879078 8230.003123 3.912 1.227 1.082 0.938 0.916 0.896
thin2 1 thin_disk 9 -0.25 0.0084736 1.884818077 1.884 2.62695507 8148.918982 3.871 1.15 0.991 0.841 0.814 0.793
thin2 1 thin_disk 9 -0.25 0.0084736 1.908150792 1.907 2.800610062 8029.712577 3.821 1.067 0.888 0.726 0.69 0.669
thin2 1 thin_disk 9 -0.25 0.0084736 1.913904667 1.913 2.851363887 7994.660025 3.807 1.046 0.861 0.695 0.658 0.636
thin2 1 thin_disk 9 -0.25 0.0084736 1.917669535 1.917 2.885045354 7970.764906 3.798 1.032 0.844 0.675 0.636 0.615
thin2 1 thin_disk 9 -0.25 0.0084736 1.935385346 1.935 3.062334625 7839.710037 3.75 0.97 0.756 0.575 0.525 0.503
thin2 1 thin_disk 9 -0.25 0.0084736 1.951730013 1.951 3.245283524 7703.711317 3.703 0.915 0.674 0.478 0.417 0.395
thin2 1 thin_disk 9 -0.25 0.0084736 1.964413404 1.964 3.413128544 7585.77575 3.663 0.873 0.608 0.399 0.327 0.304
thin2 1 thin_disk 9 -0.25 0.0084736 1.970377445 1.97 3.493434821 7528.353438 3.643 0.854 0.577 0.361 0.284 0.26
thin2 1 thin_disk 9 -0.25 0.0084736 1.983641863 1.983 3.691073088 7404.572675 3.598 0.807 0.503 0.272 0.183 0.158
thin2 1 thin_disk 9 -0.25 0.0084736 1.997333288 1.997 3.889131652 7309.707519 3.556 0.75 0.426 0.184 0.085 0.06
thin2 1 thin_disk 9 -0.25 0.0084736 2.002407551 2.002 3.870371427 7407.983392 3.561 0.701 0.4 0.169 0.081 0.056
thin2 1 thin_disk 9 -0.25 0.0084736 2.005964756 2.006 3.790117245 7577.047329 3.58 0.646 0.383 0.173 0.102 0.078
thin2 1 thin_disk 9 -0.25 0.0084736 2.007257462 2.007 3.694474258 7749.969619 3.603 0.603 0.378 0.187 0.132 0.109
thin2 1 thin_disk 9 -0.25 0.0084736 2.007922411 2.008 3.601244805 7926.838317 3.625 0.565 0.376 0.203 0.163 0.14
thin2 1 thin_disk 9 -0.25 0.0084736 2.008308411 2.008 3.520891523 8109.610579 3.645 0.526 0.371 0.217 0.189 0.168
thin2 1 thin_disk 9 -0.25 0.0084736 2.00853157 2.008 3.455832184 8275.6097 3.661 0.49 0.363 0.224 0.207 0.186
thin2 1 thin_disk 9 -0.25 0.0084736 2.008693457 2.009 3.399794327 8435.289651 3.676 0.457 0.354 0.229 0.221 0.201
thin2 1 thin_disk 9 -0.25 0.0084736 2.008787394 2.009 3.363974111 8529.037031 3.684 0.44 0.35 0.233 0.229 0.211
thin2 1 thin_disk 9 -0.25 0.0084736 2.008837223 2.009 3.359329818 8446.951488 3.686 0.479 0.377 0.253 0.245 0.226
thin2 1 thin_disk 9 -0.25 0.0084736 2.008891344 2.009 3.363974111 8334.892445 3.685 0.523 0.404 0.27 0.257 0.237
thin2 1 thin_disk 9 -0.25 0.0084736 2.008943796 2.009 3.420208995 8171.466413 3.67 0.559 0.414 0.265 0.241 0.22
thin2 1 thin_disk 9 -0.25 0.0084736 2.009015083 2.009 3.578101408 7961.593504 3.631 0.563 0.381 0.212 0.174 0.152
thin2 1 thin_disk 9 -0.25 0.0084736 2.009100676 2.009 3.804106306 7757.110893 3.578 0.535 0.313 0.123 0.069 0.046
thin2 1 thin_disk 9 -0.25 0.0084736 2.009203196 2.009 4.063990133 7552.661141 3.521 0.506 0.241 0.028 -0.044 -0.069
thin2 1 thin_disk 9 -0.25 0.0084736 2.009321213 2.009 4.321680384 7353.599955 3.467 0.49 0.181 -0.056 -0.148 -0.174
thin2 1 thin_disk 9 -0.25 0.0084736 2.009454012 2.009 4.581974257 7158.136899 3.417 0.486 0.132 -0.13 -0.244 -0.271
thin2 1 thin_disk 9 -0.25 0.0084736 2.009601355 2.009 4.837852742 6966.265141 3.369 0.491 0.091 -0.196 -0.333 -0.361
thin2 1 thin_disk 9 -0.25 0.0084736 2.009762049 2.01 5.104493379 6777.975583 3.323 0.503 0.058 -0.256 -0.417 -0.447
thin2 1 thin_disk 9 -0.25 0.0084736 2.009940624 2.01 5.375918113 6593.256931 3.278 0.523 0.032 -0.31 -0.496 -0.528
thin2 1 thin_disk 9 -0.25 0.0084736 2.010152578 2.01 5.657865835 6404.717816 3.234 0.551 0.012 -0.36 -0.572 -0.606
thin2 1 thin_disk 9 -0.25 0.0084736 2.010425806 2.01 5.920421742 6221.570117 3.193 0.593 0.005 -0.397 -0.635 -0.674
thin2 1 thin_disk 9 -0.25 0.0084736 2.010780096 2.011 6.138364094 6043.659664 3.162 0.659 0.022 -0.412 -0.679 -0.721
thin2 1 thin_disk 9 -0.25 0.0084736 2.011086464 2.011 6.259687388 5912.892727 3.146 0.73 0.055 -0.405 -0.696 -0.742
thin2 1 thin_disk 9 -0.25 0.0084736 2.011406899 2.011 6.308885491 5788.952686 3.139 0.822 0.111 -0.374 -0.688 -0.736
thin2 1 thin_disk 9 -0.25 0.0084736 2.011677742 2.012 6.301626298 5689.839292 3.14 0.916 0.176 -0.329 -0.662 -0.714
thin2 1 thin_disk 9 -0.25 0.0084736 2.011990547 2.012 6.268341442 5578.276021 3.145 1.037 0.263 -0.267 -0.622 -0.678
thin2 1 thin_disk 9 -0.25 0.0084736 2.012297392 2.012 6.258246207 5471.419325 3.146 1.145 0.339 -0.216 -0.594 -0.652
thin2 1 thin_disk 9 -0.25 0.0084736 2.012373924 2.012 6.258246207 5446.280436 3.146 1.171 0.357 -0.204 -0.588 -0.647
thin2 1 thin_disk 9 -0.25 0.0084736 2.012676239 2.013 6.411396634 5353.033977 3.125 1.215 0.372 -0.212 -0.616 -0.678
thin2 1 thin_disk 9 -0.25 0.0084736 2.013128996 2.013 6.887357793 5239.622519 3.063 1.183 0.302 -0.311 -0.741 -0.807
thin2 1 thin_disk 9 -0.25 0.0084736 2.013505936 2.013 7.415708411 5170.11258 2.998 1.102 0.197 -0.436 -0.883 -0.951
thin2 1 thin_disk 9 -0.25 0.0084736 2.013807058 2.014 7.871412006 5126.25257 2.947 1.022 0.103 -0.542 -1 -1.07
thin2 1 thin_disk 9 -0.25 0.0084736 2.014107704 2.014 8.349349578 5087.448196 2.896 0.94 0.007 -0.648 -1.115 -1.187
thin2 1 thin_disk 9 -0.25 0.0084736 2.01440835 2.014 8.854267629 5052.426449 2.845 0.855 -0.09 -0.755 -1.231 -1.304
thin2 1 thin_disk 9 -0.25 0.0084736 2.014708042 2.015 9.381075794 5019.957034 2.795 0.768 -0.189 -0.864 -1.347 -1.421
thin2 1 thin_disk 9 -0.25 0.0084736 2.014922142 2.015 9.789322696 4996.892426 2.758 0.706 -0.26 -0.942 -1.431 -1.507
thin2 1 thin_disk 9 -0.25 0.0084736 2.015154839 2.015 10.24831923 4971.643737 2.718 0.636 -0.339 -1.029 -1.525 -1.601
thin2 1 thin_disk 9 -0.25 0.0084736 2.015438318 2.015 10.85307102 4940.831009 2.669 0.552 -0.435 -1.135 -1.638 -1.716
thin2 1 thin_disk 9 -0.25 0.0084736 2.015650511 2.016 11.30193083 4920.395357 2.633 0.489 -0.507 -1.213 -1.722 -1.801
thin2 1 thin_disk 9 -0.25 0.0084736 2.015723229 2.016 11.46971548 4912.471005 2.621 0.467 -0.531 -1.239 -1.751 -1.83
thin2 1 thin_disk 9 -0.25 0.0084736 2.016014576 2.016 12.13535945 4884.273784 2.572 0.382 -0.627 -1.344 -1.863 -1.944
thin2 1 thin_disk 9 -0.25 0.0084736 2.016087294 2.016 12.29568263 4877.53057 2.56 0.361 -0.651 -1.371 -1.892 -1.973
thin2 1 thin_disk 9 -0.25 0.0084736 2.016236305 2.016 12.66346764 4861.832585 2.534 0.318 -0.701 -1.425 -1.95 -2.032
thin2 1 thin_disk 9 -0.25 0.0084736 2.01653409 2.016 13.42000399 4832.813101 2.484 0.231 -0.8 -1.533 -2.066 -2.15
thin2 1 thin_disk 9 -0.25 0.0084736 2.016831636 2.017 14.24467827 4802.860802 2.433 0.143 -0.901 -1.644 -2.184 -2.27
thin2 1 thin_disk 9 -0.25 0.0084736 2.017127276 2.017 15.12699436 4771.99522 2.381 0.055 -1.003 -1.756 -2.304 -2.391
thin2 1 thin_disk 9 -0.25 0.0084736 2.017419815 2.017 16.06396114 4741.327996 2.329 -0.031 -1.104 -1.868 -2.425 -2.514
thin2 1 thin_disk 9 -0.25 0.0084736 2.017705679 2.018 17.03933514 4710.857854 2.277 -0.116 -1.204 -1.978 -2.544 -2.635
thin2 1 thin_disk 9 -0.25 0.0084736 2.017979145 2.018 18.05313563 4680.583529 2.227 -0.2 -1.302 -2.086 -2.66 -2.752
thin2 1 thin_disk 9 -0.25 0.0084736 2.018275738 2.018 19.26427392 4647.292417 2.171 -0.289 -1.408 -2.204 -2.787 -2.882
thin2 1 thin_disk 9 -0.25 0.0084736 2.018585444 2.018 20.60879716 4611.051789 2.112 -0.382 -1.52 -2.328 -2.922 -3.02
thin2 1 thin_disk 9 -0.25 0.0084736 2.018893004 2.019 22.09798349 4575.093773 2.051 -0.478 -1.635 -2.456 -3.06 -3.16
thin2 1 thin_disk 9 -0.25 0.0084736 2.019191742 2.019 23.66751412 4539.416167 1.992 -0.57 -1.746 -2.581 -3.196 -3.299
thin2 1 thin_disk 9 -0.25 0.0084736 2.019481182 2.019 25.3193554 4504.016782 1.933 -0.66 -1.854 -2.703 -3.323 -3.431
thin2 1 thin_disk 9 -0.25 0.0084736 2.019781351 2.02 27.13017811 4467.864567 1.873 -0.754 -1.965 -2.827 -3.454 -3.566
thin2 1 thin_disk 9 -0.25 0.0084736 2.020064592 2.02 28.86374273 4435.06511 1.82 -0.834 -2.062 -2.937 -3.57 -3.688
thin2 1 thin_disk 9 -0.25 0.0084736 2.020345926 2.02 30.42654533 4407.577932 1.774 -0.903 -2.143 -3.03 -3.667 -3.789
thin2 1 thin_disk 9 -0.25 0.0084736 2.020386934 2.02 29.8368276 4417.738449 1.791 -0.879 -2.114 -2.997 -3.633 -3.753
thin2 1 thin_disk 9 -0.25 0.0084736 2.02042532 2.02 27.24913025 4465.807513 1.87 -0.761 -1.972 -2.836 -3.462 -3.575
thin2 1 thin_disk 9 -0.25 0.0084736 2.020450115 2.02 25.03529106 4511.282253 1.944 -0.647 -1.837 -2.682 -3.302 -3.408
thin2 1 thin_disk 9 -0.25 0.0084736 2.02048564 2.02 22.84823436 4559.319217 2.023 -0.525 -1.691 -2.517 -3.126 -3.227
thin2 1 thin_disk 9 -0.25 0.0084736 2.020534992 2.02 20.96778935 4605.746174 2.097 -0.411 -1.552 -2.362 -2.958 -3.056
thin2 1 thin_disk 9 -0.25 0.0084736 2.020604134 2.02 19.32202523 4648.362619 2.168 -0.299 -1.417 -2.213 -2.796 -2.89
thin2 1 thin_disk 9 -0.25 0.0084736 2.020676374 2.02 18.14064167 4682.739514 2.224 -0.211 -1.313 -2.096 -2.669 -2.761
thin2 1 thin_disk 9 -0.25 0.0084736 2.020785093 2.021 16.782345 4724.980277 2.291 -0.103 -1.185 -1.954 -2.515 -2.605
thin2 1 thin_disk 9 -0.25 0.0084736 2.020918846 2.021 15.61538315 4762.116327 2.354 -0.001 -1.064 -1.82 -2.371 -2.459
thin2 1 thin_disk 9 -0.25 0.0084736 2.021096706 2.021 14.60335507 4798.439241 2.412 0.095 -0.951 -1.696 -2.237 -2.323
thin2 1 thin_disk 9 -0.25 0.0084736 2.021369696 2.021 13.79915983 4829.475864 2.461 0.176 -0.856 -1.591 -2.124 -2.208
thin2 1 thin_disk 9 -0.25 0.0084736 2.021665335 2.021 13.18113005 4854.002548 2.502 0.243 -0.778 -1.505 -2.032 -2.114
thin2 1 thin_disk 9 -0.25 0.0084736 2.021920681 2.022 12.64598449 4876.407606 2.537 0.302 -0.711 -1.431 -1.952 -2.033
thin2 1 thin_disk 9 -0.25 0.0084736 2.022150278 2.022 12.06014821 4902.301301 2.578 0.371 -0.63 -1.342 -1.856 -1.936
thin2 1 thin_disk 9 -0.25 0.0084736 2.022393942 2.022 11.46971548 4929.467413 2.622 0.445 -0.546 -1.249 -1.756 -1.835
thin2 1 thin_disk 9 -0.25 0.0084736 2.022761106 2.023 10.7659571 4963.636849 2.677 0.539 -0.439 -1.132 -1.63 -1.707
thin2 1 thin_disk 9 -0.25 0.0084736 2.023243666 2.023 10.11236286 4999.19411 2.731 0.631 -0.334 -1.015 -1.504 -1.579
thin2 1 thin_disk 9 -0.25 0.0084736 2.023865461 2.024 9.509389688 5035.006088 2.785 0.721 -0.231 -0.902 -1.381 -1.455
thin2 1 thin_disk 9 -0.25 0.0084736 2.024712324 2.024 8.938253031 5072.242399 2.839 0.81 -0.128 -0.788 -1.258 -1.33
thin2 1 thin_disk 9 -0.25 0.0084736 2.025915146 2.026 8.436312233 5110.93079 2.889 0.889 -0.035 -0.684 -1.145 -1.216
thin2 1 thin_disk 9 -0.25 0.0084736 2.02732563 2.027 8.161174141 5136.886854 2.918 0.932 0.016 -0.626 -1.081 -1.15
thin2 1 thin_disk 9 -0.25 0.0084736 2.043894052 2.043 8.407224504 5140.436516 2.897 0.864 -0.05 -0.691 -1.144 -1.214
thin2 1 thin_disk 9 -0.25 0.0084736 2.065430641 2.065 8.732782523 5146.35807 2.868 0.773 -0.138 -0.778 -1.23 -1.299
thin2 1 thin_disk 9 -0.25 0.0084736 2.087424755 2.086 9.156987996 5148.728601 2.831 0.668 -0.243 -0.882 -1.333 -1.402
thin2 1 thin_disk 9 -0.25 0.0084736 2.112240553 2.111 9.715220117 5147.543199 2.785 0.539 -0.371 -1.01 -1.462 -1.531
thin2 1 thin_disk 9 -0.25 0.0084736 2.115939379 2.115 9.809630404 5146.35807 2.777 0.519 -0.391 -1.031 -1.483 -1.552
thin2 1 thin_disk 9 -0.25 0.0084736 2.134893417 2.133 10.33600343 5139.253023 2.736 0.415 -0.498 -1.139 -1.593 -1.662
thin2 1 thin_disk 9 -0.25 0.0084736 2.147507668 2.146 10.73625072 5127.433069 2.706 0.346 -0.57 -1.215 -1.671 -1.741
thin2 1 thin_disk 9 -0.25 0.0084736 2.149802446 2.148 10.81316039 5123.892387 2.7 0.334 -0.584 -1.23 -1.686 -1.756
thin2 1 thin_disk 9 -0.25 0.0084736 2.166448355 2.165 11.54921975 5085.105879 2.646 0.238 -0.694 -1.351 -1.817 -1.889
thin2 1 thin_disk 9 -0.25 0.0084736 2.167681456 2.166 11.60520041 5081.594426 2.642 0.231 -0.702 -1.36 -1.826 -1.898
thin2 1 thin_disk 9 -0.25 0.0084736 2.170936823 2.169 11.71527924 5078.085397 2.634 0.214 -0.72 -1.379 -1.847 -1.919
thin2 1 thin_disk 9 -0.25 0.0084736 2.178467989 2.177 12.53870385 5019.957034 2.577 0.136 -0.818 -1.494 -1.976 -2.051
thin2 1 thin_disk 9 -0.25 0.0084736 2.180287838 2.179 13.26638647 4973.933791 2.527 0.07 -0.902 -1.592 -2.086 -2.163
thin2 1 thin_disk 9 -0.25 0.0084736 2.180996895 2.179 14.23811987 4921.52845 2.467 -0.017 -1.009 -1.715 -2.223 -2.302
thin2 1 thin_disk 9 -0.25 0.0084736 2.181264162 2.18 15.18982061 4878.653792 2.411 -0.101 -1.111 -1.831 -2.349 -2.431
thin2 1 thin_disk 9 -0.25 0.0084736 2.181382895 2.18 16.16414155 4839.494493 2.357 -0.182 -1.21 -1.942 -2.471 -2.555
thin2 1 thin_disk 9 -0.25 0.0084736 2.181448698 2.18 17.14559831 4802.860802 2.306 -0.261 -1.305 -2.049 -2.588 -2.673
thin2 1 thin_disk 9 -0.25 0.0084736 2.181451082 2.18 17.18116643 4800.649512 2.303 -0.265 -1.31 -2.053 -2.593 -2.678
thin2 1 thin_disk 9 -0.25 0.0084736 2.181494474 2.18 18.12811489 4768.699981 2.257 -0.336 -1.396 -2.15 -2.698 -2.786
thin2 1 thin_disk 9 -0.25 0.0084736 2.181539774 2.18 19.07886983 4740.23639 2.213 -0.406 -1.479 -2.243 -2.799 -2.888
thin2 1 thin_disk 9 -0.25 0.0084736 2.181654692 2.18 19.37102693 4731.51259 2.199 -0.427 -1.505 -2.272 -2.83 -2.92
thin2 1 thin_disk 9 -0.25 0.0084736 2.181929112 2.18 18.33802856 4763.212971 2.247 -0.354 -1.416 -2.172 -2.722 -2.81
thin2 1 thin_disk 9 -0.25 0.0084736 2.184719801 2.183 18.5802967 4756.636893 2.236 -0.372 -1.437 -2.196 -2.747 -2.835
thin2 1 thin_disk 9 -0.25 0.0084736 2.185956001 2.184 19.77664623 4720.630413 2.182 -0.456 -1.539 -2.31 -2.871 -2.961
thin2 1 thin_disk 9 -0.25 0.0084736 2.186805487 2.185 21.0500264 4684.896492 2.128 -0.541 -1.641 -2.423 -2.994 -3.087
thin2 1 thin_disk 9 -0.25 0.0084736 2.187476635 2.185 22.44153942 4648.362619 2.072 -0.625 -1.743 -2.539 -3.121 -3.216
thin2 1 thin_disk 9 -0.25 0.0084736 2.188037872 2.186 23.89750961 4612.113645 2.018 -0.706 -1.843 -2.651 -3.243 -3.341
thin2 1 thin_disk 9 -0.25 0.0084736 2.188515186 2.186 25.39525891 4578.255228 1.965 -0.788 -1.941 -2.762 -3.361 -3.462
thin2 1 thin_disk 9 -0.25 0.0084736 2.188928843 2.186 26.99930872 4543.599049 1.912 -0.868 -2.038 -2.871 -3.476 -3.581
thin2 1 thin_disk 9 -0.25 0.0084736 2.18929553 2.187 28.73774222 4509.205209 1.859 -0.948 -2.134 -2.981 -3.592 -3.702
thin2 1 thin_disk 9 -0.25 0.0084736 2.189626217 2.187 30.6021997 4474.041416 1.804 -1.029 -2.231 -3.092 -3.709 -3.825
thin2 1 thin_disk 9 -0.25 0.0084736 2.189930916 2.187 32.52764675 4438.129803 1.75 -1.105 -2.325 -3.2 -3.824 -3.945
thin2 1 thin_disk 9 -0.25 0.0084736 2.190147877 2.187 34.24937454 4400.479478 1.705 -1.154 -2.393 -3.284 -3.916 -4.042
thin2 1 thin_disk 9 -0.25 0.0084736 2.190416574 2.187 36.58917732 4354.116049 1.648 -1.219 -2.481 -3.392 -4.034 -4.167
thin2 1 thin_disk 9 -0.25 0.0084736 2.190675259 2.187 38.91819097 4320.161676 1.595 -1.292 -2.571 -3.497 -4.146 -4.284
thin2 1 thin_disk 9 -0.25 0.0084736 2.190928221 2.187 41.30975743 4288.446535 1.543 -1.367 -2.661 -3.602 -4.256 -4.4
thin2 1 thin_disk 9 -0.25 0.0084736 2.19117856 2.187 43.8281001 4257.944536 1.491 -1.441 -2.752 -3.707 -4.367 -4.517
thin2 1 thin_disk 9 -0.25 0.0084736 2.191423416 2.187 46.65010707 4225.713024 1.438 -1.511 -2.845 -3.815 -4.485 -4.64
thin2 1 thin_disk 9 -0.25 0.0084736 2.191636324 2.186 49.73391466 4192.759967 1.382 -1.584 -2.944 -3.93 -4.61 -4.77
thin2 1 thin_disk 9 -0.25 0.0084736 2.191768169 2.186 52.8752757 4161.021885 1.328 -1.652 -3.037 -4.038 -4.727 -4.892
thin2 1 thin_disk 9 -0.25 0.0084736 2.191845179 2.186 55.69967291 4134.28108 1.283 -1.708 -3.114 -4.128 -4.827 -4.995
thin2 1 thin_disk 9 -0.25 0.0084736 2.191913366 2.186 58.67493874 4107.712126 1.238 -1.763 -3.192 -4.219 -4.926 -5.099
thin2 1 thin_disk 9 -0.25 0.0084736 2.191983461 2.186 62.20891759 4077.556618 1.187 -1.825 -3.28 -4.322 -5.039 -5.216
thin2 1 thin_disk 9 -0.25 0.0084736 2.192044973 2.185 65.7737563 4048.554594 1.139 -1.879 -3.361 -4.418 -5.144 -5.326
thin2 1 thin_disk 9 -0.25 0.0084736 2.192107678 2.185 69.65505586 4018.833373 1.088 -1.934 -3.445 -4.517 -5.253 -5.441
thin2 1 thin_disk 9 -0.25 0.0084736 2.192180634 2.185 74.12294138 3986.57556 1.034 -1.993 -3.534 -4.624 -5.371 -5.564
thin2 1 thin_disk 9 -0.25 0.0084736 2.192257166 2.184 79.00464844 3953.666201 0.98 -2.047 -3.624 -4.732 -5.489 -5.688
thin2 1 thin_disk 9 -0.25 0.0084736 2.192340374 2.183 83.97550899 3921.931463 0.926 -2.098 -3.713 -4.838 -5.606 -5.811
thin2 1 thin_disk 9 -0.25 0.0084736 2.19239831 2.182 87.97365684 3898.522096 0.886 -2.135 -3.778 -4.917 -5.693 -5.902
thin2 1 thin_disk 9 -0.25 0.0084736 2.192412615 2.182 90.70947322 3881.50366 0.859 -2.157 -3.821 -4.97 -5.75 -5.963
thin2 1 thin_disk 9 -0.25 0.0084736 2.192427635 2.182 90.56338459 3882.397512 0.86 -2.156 -3.819 -4.967 -5.747 -5.959
thin2 1 thin_disk 9 -0.25 0.0084736 2.192428827 2.182 88.44079643 3894.933077 0.881 -2.139 -3.786 -4.927 -5.704 -5.914
thin2 1 thin_disk 9 -0.25 0.0084736 2.192429066 2.182 84.11097066 3921.028509 0.925 -2.098 -3.714 -4.84 -5.608 -5.813
thin2 1 thin_disk 9 -0.25 0.0084736 2.192429304 2.182 80.15906538 3945.481397 0.966 -2.058 -3.646 -4.758 -5.519 -5.719
thin2 1 thin_disk 9 -0.25 0.0084736 2.192429543 2.182 85.57613045 3912.010394 0.91 -2.112 -3.738 -4.869 -5.641 -5.847
thin2 1 thin_disk 9 -0.25 0.0084736 2.192429781 2.182 89.40311377 3889.555744 0.871 -2.147 -3.801 -4.945 -5.723 -5.934
thin2 1 thin_disk 9 -0.25 0.0084736 2.192430019 2.182 90.96045934 3880.610014 0.856 -2.159 -3.825 -4.975 -5.757 -5.969
thin2 1 thin_disk 9 -0.25 0.0084736 2.192430496 2.182 90.27191278 3884.185834 0.863 -2.154 -3.814 -4.962 -5.742 -5.953
thin2 1 thin_disk 9 -0.25 0.0084736 2.192430973 2.182 88.29836153 3895.830022 0.882 -2.138 -3.784 -4.924 -5.701 -5.91
thin2 1 thin_disk 9 -0.25 0.0084736 2.19243145 2.182 86.36795664 3907.509117 0.902 -2.119 -3.751 -4.885 -5.657 -5.865
thin2 1 thin_disk 9 -0.25 0.0084736 2.192431927 2.182 84.01419004 3921.028509 0.925 -2.097 -3.713 -4.839 -5.607 -5.811
thin2 1 thin_disk 9 -0.25 0.0084736 2.192433834 2.182 82.27211175 3932.783146 0.944 -2.08 -3.682 -4.802 -5.566 -5.769
thin2 1 thin_disk 9 -0.25 0.0084736 2.192439794 2.182 83.97550899 3921.931463 0.926 -2.097 -3.712 -4.838 -5.606 -5.811
thin2 1 thin_disk 9 -0.25 0.0084736 2.192443609 2.182 85.7141741 3911.109724 0.908 -2.114 -3.742 -4.873 -5.645 -5.851
thin2 1 thin_disk 9 -0.25 0.0084736 2.192447662 2.182 87.48883728 3900.317845 0.89 -2.13 -3.77 -4.908 -5.683 -5.892
thin2 1 thin_disk 9 -0.25 0.0084736 2.192452192 2.182 89.25912904 3890.45145 0.873 -2.147 -3.799 -4.942 -5.72 -5.931
thin2 1 thin_disk 9 -0.25 0.0084736 2.192458153 2.182 91.44345884 3877.037485 0.851 -2.162 -3.833 -4.984 -5.767 -5.98
thin2 1 thin_disk 9 -0.25 0.0084736 2.192464828 2.181 92.92929552 3868.120546 0.838 -2.17 -3.853 -5.011 -5.796 -6.011
thin2 1 thin_disk 9 -0.25 0.0084736 2.192473173 2.181 97.17457387 3844.147118 0.799 -2.198 -3.915 -5.087 -5.88 -6.099
thin2 1 thin_disk 9 -0.25 0.0084736 2.192483902 2.181 104.7255488 3804.521126 0.734 -2.245 -4.018 -5.214 -6.019 -6.247
thin2 1 thin_disk 9 -0.25 0.0084736 2.192499161 2.181 112.3705858 3767.03799 0.672 -2.272 -4.111 -5.334 -6.151 -6.385
thin2 1 thin_disk 9 -0.25 0.0084736 2.192520857 2.18 114.6971548 3756.643646 0.655 -2.279 -4.137 -5.368 -6.188 -6.424
thin2 1 thin_disk 9 -0.25 0.0084736 2.192521095 2.18 111.237865 3773.114634 0.682 -2.269 -4.097 -5.315 -6.13 -6.364
thin2 1 thin_disk 9 -0.25 0.0084736 2.192521334 2.18 127.3071058 3697.430335 0.564 -2.296 -4.269 -5.543 -6.381 -6.629
thin2 1 thin_disk 9 -0.25 0.0084736 2.192521572 2.18 131.8720158 3677.053934 0.533 -2.29 -4.309 -5.601 -6.445 -6.697
thin2 1 thin_disk 9 -0.25 0.0084736 2.192521811 2.18 125.5603868 3705.953792 0.576 -2.298 -4.252 -5.519 -6.355 -6.601
thin2 1 thin_disk 9 -0.25 0.0084736 2.192522049 2.18 117.1258201 3745.41547 0.637 -2.286 -4.165 -5.403 -6.226 -6.465
thin2 1 thin_disk 9 -0.25 0.0084736 2.192522287 2.18 115.306196 3753.185242 0.65 -2.281 -4.144 -5.377 -6.197 -6.435
thin2 1 thin_disk 9 -0.25 0.0084736 2.192522526 2.18 115.1204941 3754.049545 0.651 -2.281 -4.143 -5.374 -6.195 -6.432
thin2 1 thin_disk 9 -0.25 0.0084736 2.192522764 2.18 118.563946 3737.661783 0.626 -2.29 -4.181 -5.424 -6.25 -6.49
thin2 1 thin_disk 9 -0.25 0.0084736 2.192523003 2.18 120.0473686 3731.642237 0.615 -2.293 -4.196 -5.444 -6.272 -6.513
thin2 1 thin_disk 9 -0.25 0.0084736 2.192523241 2.18 116.4267152 3748.003606 0.642 -2.284 -4.156 -5.392 -6.215 -6.453
thin2 1 thin_disk 9 -0.25 0.0084736 2.19252348 2.18 113.5932813 3761.837228 0.663 -2.276 -4.125 -5.352 -6.17 -6.406
thin2 1 thin_disk 9 -0.25 0.0084736 2.192523718 2.18 110.3958239 3776.591401 0.687 -2.266 -4.088 -5.304 -6.118 -6.351
thin2 1 thin_disk 9 -0.25 0.0084736 2.192523956 2.18 107.2389727 3792.276545 0.713 -2.255 -4.049 -5.253 -6.062 -6.292
thin2 1 thin_disk 9 -0.25 0.0084736 2.192524433 2.18 109.3333474 3781.812561 0.696 -2.263 -4.075 -5.288 -6.1 -6.332
thin2 1 thin_disk 9 -0.25 0.0084736 2.192524672 2.18 111.0587152 3773.983525 0.682 -2.269 -4.096 -5.314 -6.129 -6.362
thin2 1 thin_disk 9 -0.25 0.0084736 2.192525387 2.18 109.2830091 3782.683456 0.697 -2.262 -4.074 -5.286 -6.098 -6.329
thin2 1 thin_disk 9 -0.25 0.0084736 2.192525864 2.18 106.4272021 3795.77097 0.719 -2.252 -4.039 -5.242 -6.049 -6.278
thin2 1 thin_disk 9 -0.25 0.0084736 2.192526341 2.18 104.0525301 3808.026833 0.739 -2.239 -4.007 -5.202 -6.006 -6.232
thin2 1 thin_disk 9 -0.25 0.0084736 2.192528725 2.18 101.7777029 3819.442708 0.759 -2.224 -3.976 -5.164 -5.964 -6.189
thin2 1 thin_disk 9 -0.25 0.0084736 2.19253087 2.18 98.32243938 3837.072455 0.789 -2.202 -3.928 -5.104 -5.899 -6.12
thin2 1 thin_disk 9 -0.25 0.0084736 2.192534447 2.18 95.5988449 3851.234824 0.813 -2.183 -3.889 -5.057 -5.847 -6.065
thin2 1 thin_disk 9 -0.25 0.0084736 2.192543745 2.179 94.6787782 3856.559179 0.822 -2.176 -3.875 -5.04 -5.828 -6.045
thin2 1 thin_disk 9 -0.25 0.0084736 2.19254899 2.179 97.21933472 3843.262072 0.798 -2.195 -3.913 -5.086 -5.879 -6.099
thin2 1 thin_disk 9 -0.25 0.0084736 2.19255352 2.179 100.1965216 3827.366048 0.771 -2.215 -3.956 -5.139 -5.937 -6.16
thin2 1 thin_disk 9 -0.25 0.0084736 2.192557812 2.179 89.79510132 3887.764949 0.867 -2.15 -3.807 -4.953 -5.732 -5.943
thin2 1 thin_disk 9 -0.25 0.0084736 2.192563772 2.179 87.34793552 3901.21603 0.892 -2.128 -3.767 -4.904 -5.678 -5.887
thin2 1 thin_disk 9 -0.25 0.0084736 2.192570686 2.179 87.67033072 3898.522096 0.888 -2.128 -3.771 -4.91 -5.685 -5.894
thin2 1 thin_disk 9 -0.25 0.0084736 2.192578077 2.179 91.23314472 3877.037485 0.853 -2.155 -3.826 -4.978 -5.76 -5.973
thin2 1 thin_disk 9 -0.25 0.0084736 2.19258666 2.179 96.59455472 3846.803478 0.804 -2.192 -3.904 -5.075 -5.866 -6.085
thin2 1 thin_disk 9 -0.25 0.0084736 2.192598105 2.178 103.7176444 3809.780898 0.742 -2.237 -4.003 -5.196 -6 -6.226
thin2 1 thin_disk 9 -0.25 0.0084736 2.192617655 2.178 111.1098714 3773.114634 0.681 -2.269 -4.097 -5.315 -6.13 -6.363
thin2 1 thin_disk 9 -0.25 0.0084736 2.192618847 2.178 96.46119656 3849.461673 0.805 -2.196 -3.906 -5.075 -5.866 -6.084
thin2 1 thin_disk 9 -0.25 0.0084736 2.192619085 2.178 111.6484363 3770.509158 0.677 -2.27 -4.102 -5.323 -6.138 -6.372
thin2 1 thin_disk 9 -0.25 0.0084736 2.192619324 2.178 121.2418752 3723.917063 0.606 -2.29 -4.207 -5.46 -6.29 -6.533
thin2 1 thin_disk 9 -0.25 0.0084736 2.192619562 2.178 120.6014821 3727.348497 0.61 -2.29 -4.2 -5.451 -6.28 -6.523
thin2 1 thin_disk 9 -0.25 0.0084736 2.192619801 2.178 114.8028434 3754.914046 0.653 -2.279 -4.138 -5.369 -6.19 -6.427
thin2 1 thin_disk 9 -0.25 0.0084736 2.192620039 2.178 109.2830091 3782.683456 0.696 -2.264 -4.076 -5.288 -6.1 -6.331
thin2 1 thin_disk 9 -0.25 0.0084736 2.192620277 2.178 105.2574016 3803.645203 0.729 -2.25 -4.025 -5.222 -6.028 -6.256
thin2 1 thin_disk 9 -0.25 0.0084736 2.192620516 2.178 103.2886604 3813.291453 0.745 -2.24 -4 -5.192 -5.994 -6.22
thin2 1 thin_disk 9 -0.25 0.0084736 2.192620754 2.178 107.5356946 3791.403442 0.71 -2.259 -4.054 -5.259 -6.068 -6.298
thin2 1 thin_disk 9 -0.25 0.0084736 2.192620993 2.178 109.9898589 3779.20108 0.69 -2.266 -4.083 -5.298 -6.111 -6.343
thin2 1 thin_disk 9 -0.25 0.0084736 2.19262147 2.178 106.1579797 3798.393902 0.721 -2.254 -4.037 -5.237 -6.044 -6.273
thin2 1 thin_disk 9 -0.25 0.0084736 2.192621708 2.178 104.460631 3807.150104 0.735 -2.246 -4.015 -5.21 -6.015 -6.241
thin2 1 thin_disk 9 -0.25 0.0084736 2.192621946 2.178 102.1298384 3819.442708 0.755 -2.232 -3.984 -5.172 -5.972 -6.196
thin2 1 thin_disk 9 -0.25 0.0084736 2.192622185 2.178 99.57553417 3832.657404 0.777 -2.217 -3.95 -5.129 -5.925 -6.147
thin2 1 thin_disk 9 -0.25 0.0084736 2.192623138 2.178 99.36939481 3834.422814 0.779 -2.216 -3.947 -5.125 -5.921 -6.142
thin2 1 thin_disk 9 -0.25 0.0084736 2.192624569 2.178 97.12983363 3845.032367 0.798 -2.2 -3.916 -5.087 -5.879 -6.099
thin2 1 thin_disk 9 -0.25 0.0084736 2.192626 2.178 94.85334368 3857.447287 0.819 -2.184 -3.882 -5.045 -5.834 -6.051
thin2 1 thin_disk 9 -0.25 0.0084736 2.192629337 2.178 91.29618812 3877.930309 0.853 -2.158 -3.828 -4.98 -5.762 -5.975
thin2 1 thin_disk 9 -0.25 0.0084736 2.192636251 2.178 85.79315614 3909.309006 0.906 -2.111 -3.741 -4.874 -5.646 -5.853
thin2 1 thin_disk 9 -0.25 0.0084736 2.192639828 2.178 89.34137761 3888.660243 0.871 -2.143 -3.798 -4.943 -5.721 -5.932
thin2 1 thin_disk 9 -0.25 0.0084736 2.192643404 2.177 93.6381112 3864.559516 0.83 -2.175 -3.864 -5.024 -5.81 -6.026
thin2 1 thin_disk 9 -0.25 0.0084736 2.19264698 2.177 98.50372292 3837.956075 0.786 -2.208 -3.934 -5.11 -5.905 -6.126
thin2 1 thin_disk 9 -0.25 0.0084736 2.192651272 2.177 104.1244319 3808.903765 0.738 -2.243 -4.01 -5.204 -6.008 -6.235
thin2 1 thin_disk 9 -0.25 0.0084736 2.19265604 2.177 109.6358643 3780.941867 0.693 -2.266 -4.08 -5.293 -6.105 -6.337
thin2 1 thin_disk 9 -0.25 0.0084736 2.192661762 2.177 115.3858742 3754.049545 0.649 -2.283 -4.146 -5.378 -6.199 -6.436
thin2 1 thin_disk 9 -0.25 0.0084736 2.192668438 2.177 116.6145243 3747.140695 0.64 -2.284 -4.159 -5.395 -6.218 -6.457
thin2 1 thin_disk 9 -0.25 0.0084736 2.192677259 2.177 120.4904551 3729.0654 0.611 -2.292 -4.2 -5.449 -6.278 -6.52
thin2 1 thin_disk 9 -0.25 0.0084736 2.192688942 2.176 128.425908 3694.026444 0.556 -2.3 -4.28 -5.558 -6.396 -6.646
thin2 1 thin_disk 9 -0.25 0.0084736 2.192706108 2.175 138.2141938 3654.264678 0.492 -2.299 -4.371 -5.681 -6.531 -6.788
thin2 1 thin_disk 9 -0.25 0.0084736 2.19273448 2.174 146.9781054 3619.928562 0.438 -2.285 -4.444 -5.786 -6.645 -6.909
thin2 1 thin_disk 9 -0.25 0.0084736 2.192735195 2.173 146.9781054 3619.928562 0.438 -2.285 -4.444 -5.786 -6.645 -6.909
thin2 1 thin_disk 9 -0.25 0.0084736 2.192736387 2.173 101.8011408 3803.645203 0.757 -2.18 -3.953 -5.15 -5.957 -6.183
thin2 1 thin_disk 9 -0.25 0.0084736 2.192736626 2.173 96.26150444 3833.540008 0.805 -2.145 -3.877 -5.055 -5.852 -6.073
thin2 1 thin_disk 9 -0.25 0.0084736 2.192738771 2.173 67.4765151 4027.170343 1.114 -1.885 -3.387 -4.455 -5.189 -5.375
thin2 1 thin_disk 9 -0.25 0.0084736 2.192742348 2.172 63.59934528 4060.691534 1.165 -1.833 -3.304 -4.354 -5.077 -5.257
thin2 1 thin_disk 9 -0.25 0.0084736 2.192747116 2.172 70.62405421 4000.36851 1.074 -1.921 -3.449 -4.531 -5.274 -5.464
thin2 1 thin_disk 9 -0.25 0.0084736 2.192753315 2.172 89.91924358 3867.229981 0.865 -2.097 -3.779 -4.936 -5.723 -5.937
thin2 1 thin_disk 9 -0.25 0.0084736 2.192760944 2.172 114.5388042 3737.661783 0.654 -2.215 -4.105 -5.347 -6.174 -6.414
thin2 1 thin_disk 9 -0.25 0.0084736 2.192770243 2.171 135.8165345 3648.379443 0.506 -2.242 -4.325 -5.639 -6.492 -6.75
thin2 1 thin_disk 9 -0.25 0.0084736 2.19278121 2.171 148.8855827 3600.808292 0.426 -2.221 -4.436 -5.797 -6.662 -6.929
thin2 1 thin_disk 9 -0.25 0.0084736 2.192793846 2.17 154.9004377 3579.315656 0.392 -2.202 -4.48 -5.865 -6.734 -7.006
thin2 1 thin_disk 9 -0.25 0.0084736 2.192808151 2.17 157.8892802 3567.795883 0.375 -2.187 -4.499 -5.896 -6.768 -7.042
thin2 1 thin_disk 9 -0.25 0.0084736 2.19280839 2.169 124.9259454 3685.530419 0.578 -2.208 -4.206 -5.489 -6.332 -6.581
thin2 1 thin_disk 9 -0.25 0.0084736 2.19280982 2.169 103.980678 3780.941867 0.737 -2.152 -3.964 -5.176 -5.991 -6.221
thin2 1 thin_disk 9 -0.25 0.0084736 2.192812443 2.169 73.05545414 3971.915495 1.044 -1.925 -3.481 -4.578 -5.331 -5.526
thin2 1 thin_disk 9 -0.25 0.0084736 2.192816734 2.169 68.74682489 4005.899043 1.098 -1.874 -3.396 -4.474 -5.216 -5.405
thin2 1 thin_disk 9 -0.25 0.0084736 2.192822456 2.168 76.14697316 3949.116993 1.008 -1.956 -3.538 -4.647 -5.408 -5.607
thin2 1 thin_disk 9 -0.25 0.0084736 2.192829847 2.168 96.3280225 3821.202032 0.804 -2.114 -3.86 -5.046 -5.848 -6.07
thin2 1 thin_disk 9 -0.25 0.0084736 2.192839146 2.168 121.9979814 3697.430335 0.599 -2.205 -4.175 -5.448 -6.288 -6.535
thin2 1 thin_disk 9 -0.25 0.0084736 2.192850113 2.167 143.831048 3613.266545 0.455 -2.208 -4.385 -5.733 -6.596 -6.86
thin2 1 thin_disk 9 -0.25 0.0084736 2.192863226 2.167 156.8384873 3569.439292 0.38 -2.183 -4.49 -5.884 -6.756 -7.03
thin2 1 thin_disk 9 -0.25 0.0084736 2.192878246 2.166 162.4249138 3552.221185 0.35 -2.173 -4.531 -5.945 -6.821 -7.098
thin2 1 thin_disk 9 -0.25 0.0084736 2.192895412 2.165 164.7223938 3545.683775 0.338 -2.166 -4.547 -5.969 -6.846 -7.125
thin2 1 thin_disk 9 -0.25 0.0084736 2.192895889 2.165 132.2368955 3655.1062 0.528 -2.21 -4.277 -5.586 -6.437 -6.693
thin2 1 thin_disk 9 -0.25 0.0084736 2.19289732 2.165 110.2434117 3748.866715 0.686 -2.171 -4.04 -5.275 -6.099 -6.336
thin2 1 thin_disk 9 -0.25 0.0084736 2.192900181 2.165 77.66988191 3937.313537 0.99 -1.97 -3.564 -4.68 -5.445 -5.646
thin2 1 thin_disk 9 -0.25 0.0084736 2.192904711 2.164 72.85387308 3972.830167 1.045 -1.922 -3.477 -4.574 -5.327 -5.521
thin2 1 thin_disk 9 -0.25 0.0084736 2.19291091 2.164 80.69611836 3916.516856 0.957 -1.998 -3.617 -4.744 -5.516 -5.721
thin2 1 thin_disk 9 -0.25 0.0084736 2.192918778 2.164 101.590394 3792.276545 0.757 -2.139 -3.93 -5.134 -5.945 -6.174
thin2 1 thin_disk 9 -0.25 0.0084736 2.192928791 2.163 127.8947287 3671.977404 0.557 -2.205 -4.234 -5.529 -6.375 -6.627
thin2 1 thin_disk 9 -0.25 0.0084736 2.192940712 2.163 150.1248702 3590.04589 0.417 -2.189 -4.434 -5.807 -6.675 -6.944
thin2 1 thin_disk 9 -0.25 0.0084736 2.192955017 2.162 163.362603 3548.133892 0.344 -2.163 -4.535 -5.953 -6.831 -7.109
thin2 1 thin_disk 9 -0.25 0.0084736 2.19297123 2.161 168.7145915 3531.831698 0.315 -2.138 -4.57 -6.011 -6.891 -7.173
thin2 1 thin_disk 9 -0.25 0.0084736 2.192989826 2.16 170.9041642 3525.331812 0.304 -2.129 -4.584 -6.033 -6.915 -7.198
thin2 1 thin_disk 9 -0.25 0.0084736 2.192990303 2.16 139.685924 3626.602862 0.48 -2.208 -4.345 -5.679 -6.539 -6.8
thin2 1 thin_disk 9 -0.25 0.0084736 2.192991972 2.16 116.6413788 3718.775833 0.636 -2.193 -4.115 -5.37 -6.204 -6.447
thin2 1 thin_disk 9 -0.25 0.0084736 2.192995071 2.159 82.46176855 3905.710057 0.937 -2.016 -3.648 -4.782 -5.557 -5.764
thin2 1 thin_disk 9 -0.25 0.0084736 2.19299984 2.159 77.25963372 3940.941607 0.994 -1.968 -3.558 -4.672 -5.436 -5.636
thin2 1 thin_disk 9 -0.25 0.0084736 2.193006516 2.159 85.34000124 3885.97498 0.907 -2.039 -3.695 -4.84 -5.622 -5.832
thin2 1 thin_disk 9 -0.25 0.0084736 2.193015337 2.158 106.9676968 3764.436711 0.711 -2.157 -3.998 -5.221 -6.041 -6.274
thin2 1 thin_disk 9 -0.25 0.0084736 2.193026066 2.158 133.9222215 3646.699689 0.516 -2.202 -4.289 -5.605 -6.459 -6.716
thin2 1 thin_disk 9 -0.25 0.0084736 2.19303894 2.157 156.5858971 3566.15323 0.38 -2.162 -4.479 -5.877 -6.75 -7.024
thin2 1 thin_disk 9 -0.25 0.0084736 2.193054199 2.156 169.7276682 3525.331812 0.309 -2.113 -4.569 -6.019 -6.901 -7.184
thin2 1 thin_disk 9 -0.25 0.0084736 2.193072081 2.155 175.368927 3508.326469 0.281 -2.086 -4.602 -6.074 -6.96 -7.247
thin2 1 thin_disk 9 -0.25 0.0084736 2.193092108 2.154 177.5630699 3502.676269 0.27 -2.075 -4.615 -6.096 -6.983 -7.271
thin2 1 thin_disk 9 -0.25 0.0084736 2.193092585 2.153 148.1332819 3593.353968 0.427 -2.175 -4.41 -5.779 -6.646 -6.915
thin2 1 thin_disk 9 -0.25 0.0084736 2.193094253 2.153 123.9232072 3685.530419 0.582 -2.193 -4.189 -5.473 -6.315 -6.565
thin2 1 thin_disk 9 -0.25 0.0084736 2.193097591 2.153 87.91290777 3870.793472 0.881 -2.058 -3.736 -4.89 -5.676 -5.89
thin2 1 thin_disk 9 -0.25 0.0084736 2.193102598 2.153 82.1585271 3908.408958 0.939 -2.016 -3.644 -4.777 -5.551 -5.757
thin2 1 thin_disk 9 -0.25 0.0084736 2.193109512 2.152 90.64683497 3853.896082 0.853 -2.077 -3.778 -4.943 -5.735 -5.951
thin2 1 thin_disk 9 -0.25 0.0084736 2.193118572 2.151 112.8632741 3735.080789 0.662 -2.175 -4.069 -5.314 -6.143 -6.382
thin2 1 thin_disk 9 -0.25 0.0084736 2.193129778 2.151 140.5246929 3619.928562 0.472 -2.19 -4.347 -5.688 -6.549 -6.812
thin2 1 thin_disk 9 -0.25 0.0084736 2.193143368 2.15 163.7768994 3541.604004 0.339 -2.13 -4.526 -5.953 -6.832 -7.111
thin2 1 thin_disk 9 -0.25 0.0084736 2.193159103 2.149 177.3179268 3501.063598 0.27 -2.064 -4.609 -6.092 -6.979 -7.268
thin2 1 thin_disk 9 -0.25 0.0084736 2.193177462 2.148 183.1271113 3484.977672 0.242 -2.037 -4.642 -6.147 -7.039 -7.331
thin2 1 thin_disk 9 -0.25 0.0084736 2.193198442 2.146 185.5891766 3477.763139 0.23 -2.027 -4.657 -6.171 -7.064 -7.357
thin2 1 thin_disk 9 -0.25 0.0084736 2.193198919 2.146 158.3261477 3558.770648 0.368 -2.149 -4.488 -5.894 -6.769 -7.045
thin2 1 thin_disk 9 -0.25 0.0084736 2.193200588 2.145 132.6944152 3650.900525 0.521 -2.2 -4.277 -5.59 -6.443 -6.699
thin2 1 thin_disk 9 -0.25 0.0084736 2.193203688 2.145 94.41753216 3835.305825 0.817 -2.11 -3.838 -5.015 -5.812 -6.032
thin2 1 thin_disk 9 -0.25 0.0084736 2.193208695 2.145 88.0547209 3874.360247 0.878 -2.072 -3.744 -4.897 -5.682 -5.894
thin2 1 thin_disk 9 -0.25 0.0084736 2.193215609 2.144 97.04041493 3820.322269 0.793 -2.126 -3.875 -5.061 -5.862 -6.085
thin2 1 thin_disk 9 -0.25 0.0084736 2.19322443 2.144 120.0197298 3704.24753 0.608 -2.197 -4.152 -5.42 -6.257 -6.503
thin2 1 thin_disk 9 -0.25 0.0084736 2.193235636 2.143 148.4405808 3591.699548 0.423 -2.171 -4.412 -5.783 -6.65 -6.919
thin2 1 thin_disk 9 -0.25 0.0084736 2.193248987 2.142 172.1284448 3514.795001 0.294 -2.082 -4.575 -6.039 -6.923 -7.209
thin2 1 thin_disk 9 -0.25 0.0084736 2.193264484 2.14 185.8457547 3475.361614 0.227 -2.014 -4.654 -6.172 -7.066 -7.36
thin2 1 thin_disk 9 -0.25 0.0084736 2.193282604 2.139 192.0227322 3458.597315 0.199 -1.979 -4.683 -6.227 -7.124 -7.422
thin2 1 thin_disk 9 -0.25 0.0084736 2.193303347 2.137 194.8285709 3451.437393 0.187 -1.96 -4.695 -6.252 -7.15 -7.45
thin2 1 thin_disk 9 -0.25 0.0084736 2.193303823 2.137 169.7276682 3521.275459 0.305 -2.092 -4.561 -6.015 -6.898 -7.182
thin2 1 thin_disk 9 -0.25 0.0084736 2.193305254 2.137 142.512397 3613.266545 0.457 -2.189 -4.366 -5.714 -6.576 -6.84
thin2 1 thin_disk 9 -0.25 0.0084736 2.193308353 2.137 101.7777029 3797.51939 0.75 -2.16 -3.943 -5.144 -5.953 -6.181
thin2 1 thin_disk 9 -0.25 0.0084736 2.193313122 2.136 94.56983795 3838.839899 0.813 -2.123 -3.847 -5.022 -5.817 -6.037
thin2 1 thin_disk 9 -0.25 0.0084736 2.193319559 2.135 104.1004591 3785.297344 0.73 -2.167 -3.972 -5.182 -5.994 -6.224
thin2 1 thin_disk 9 -0.25 0.0084736 2.193328142 2.135 127.9536399 3671.131997 0.55 -2.204 -4.234 -5.529 -6.376 -6.628
thin2 1 thin_disk 9 -0.25 0.0084736 2.193338633 2.134 156.9468649 3562.049907 0.372 -2.147 -4.477 -5.88 -6.754 -7.029
thin2 1 thin_disk 9 -0.25 0.0084736 2.193351269 2.132 180.9891935 3487.385841 0.248 -2.028 -4.624 -6.125 -7.016 -7.308
thin2 1 thin_disk 9 -0.25 0.0084736 2.193366289 2.131 195.1877891 3448.259966 0.183 -1.944 -4.691 -6.254 -7.152 -7.453
thin2 1 thin_disk 9 -0.25 0.0084736 2.193383455 2.129 201.1187888 3432.41665 0.157 -1.901 -4.715 -6.307 -7.208 -7.512
thin2 1 thin_disk 9 -0.25 0.0084736 2.193403006 2.128 204.0575391 3425.310927 0.144 -1.881 -4.725 -6.331 -7.233 -7.539
thin2 1 thin_disk 9 -0.25 0.0084736 2.193403482 2.127 181.6572121 3484.977672 0.245 -2.021 -4.625 -6.13 -7.021 -7.313
thin2 1 thin_disk 9 -0.25 0.0084736 2.193404674 2.127 152.8806938 3576.020502 0.395 -2.159 -4.445 -5.832 -6.703 -6.975
thin2 1 thin_disk 9 -0.25 0.0084736 2.193407536 2.127 109.3333474 3760.105237 0.685 -2.19 -4.04 -5.267 -6.087 -6.323
thin2 1 thin_disk 9 -0.25 0.0084736 2.193411589 2.126 101.3334071 3803.645203 0.752 -2.169 -3.943 -5.139 -5.946 -6.173
thin2 1 thin_disk 9 -0.25 0.0084736 2.193417549 2.126 111.2891037 3750.593529 0.67 -2.195 -4.062 -5.296 -6.119 -6.356
thin2 1 thin_disk 9 -0.25 0.0084736 2.19342494 2.125 135.9729891 3639.988403 0.496 -2.207 -4.31 -5.632 -6.488 -6.747
thin2 1 thin_disk 9 -0.25 0.0084736 2.193434477 2.124 165.7496595 3532.645026 0.324 -2.106 -4.532 -5.971 -6.852 -7.133
thin2 1 thin_disk 9 -0.25 0.0084736 2.193445683 2.122 189.9995817 3460.987255 0.205 -1.967 -4.664 -6.205 -7.102 -7.4
thin2 1 thin_disk 9 -0.25 0.0084736 2.193459034 2.121 203.7758178 3423.733876 0.143 -1.869 -4.72 -6.329 -7.231 -7.538
thin2 1 thin_disk 9 -0.25 0.0084736 2.193474293 2.119 209.9677744 3408.003248 0.118 -1.826 -4.742 -6.378 -7.284 -7.594
thin2 1 thin_disk 9 -0.25 0.0084736 2.193491697 2.117 212.447999 3401.731253 0.106 -1.806 -4.751 -6.4 -7.307 -7.618
thin2 1 thin_disk 9 -0.25 0.0084736 2.193491936 2.117 193.3537702 3450.642762 0.189 -1.938 -4.676 -6.235 -7.133 -7.433
thin2 1 thin_disk 9 -0.25 0.0084736 2.193493366 2.116 162.3127533 3543.235349 0.34 -2.123 -4.512 -5.937 -6.815 -7.094
thin2 1 thin_disk 9 -0.25 0.0084736 2.19349575 2.116 116.5608336 3726.490342 0.627 -2.215 -4.125 -5.376 -6.206 -6.448
thin2 1 thin_disk 9 -0.25 0.0084736 2.193499803 2.116 107.6347843 3772.245942 0.697 -2.196 -4.025 -5.244 -6.06 -6.293
thin2 1 thin_disk 9 -0.25 0.0084736 2.193505049 2.115 118.0735565 3719.632212 0.616 -2.218 -4.141 -5.397 -6.23 -6.473
thin2 1 thin_disk 9 -0.25 0.0084736 2.193512201 2.114 143.5332917 3610.771451 0.447 -2.19 -4.374 -5.725 -6.588 -6.853
thin2 1 thin_disk 9 -0.25 0.0084736 2.193520784 2.113 173.7211297 3506.711196 0.28 -2.054 -4.577 -6.052 -6.939 -7.226
thin2 1 thin_disk 9 -0.25 0.0084736 2.193531275 2.111 198.3593355 3436.370641 0.165 -1.896 -4.694 -6.279 -7.18 -7.483
thin2 1 thin_disk 9 -0.25 0.0084736 2.193543673 2.109 212.3990866 3400.165058 0.106 -1.796 -4.745 -6.397 -7.303 -7.615
thin2 1 thin_disk 9 -0.25 0.0084736 2.193557739 2.107 218.1487078 3386.101717 0.081 -1.749 -4.763 -6.444 -7.353 -7.669
thin2 1 thin_disk 9 -0.25 0.0084736 2.193573952 2.105 220.7255689 3379.870029 0.071 -1.723 -4.767 -6.464 -7.374 -7.692
thin2 1 thin_disk 9 -0.25 0.0084736 2.19357419 2.105 204.9050419 3418.219914 0.135 -1.845 -4.718 -6.336 -7.239 -7.547
thin2 1 thin_disk 9 -0.25 0.0084736 2.193575621 2.104 171.693022 3513.17675 0.289 -2.066 -4.566 -6.032 -6.918 -7.203
thin2 1 thin_disk 9 -0.25 0.0084736 2.193578005 2.104 123.6666638 3695.727997 0.574 -2.226 -4.201 -5.476 -6.315 -6.563
thin2 1 thin_disk 9 -0.25 0.0084736 2.193581819 2.103 113.8289277 3742.829122 0.646 -2.219 -4.1 -5.339 -6.164 -6.403
thin2 1 thin_disk 9 -0.25 0.0084736 2.193587065 2.103 124.7247508 3690.625686 0.566 -2.225 -4.212 -5.491 -6.332 -6.581
thin2 1 thin_disk 9 -0.25 0.0084736 2.19359374 2.101 150.8525462 3583.438868 0.4 -2.166 -4.432 -5.812 -6.681 -6.951
thin2 1 thin_disk 9 -0.25 0.0084736 2.193602323 2.1 181.7827398 3481.769367 0.238 -2.001 -4.619 -6.128 -7.021 -7.314
thin2 1 thin_disk 9 -0.25 0.0084736 2.193612575 2.098 206.5154961 3412.714832 0.127 -1.822 -4.72 -6.348 -7.253 -7.562
thin2 1 thin_disk 9 -0.25 0.0084736 2.193624497 2.096 220.7763987 3377.536103 0.069 -1.704 -4.759 -6.461 -7.373 -7.69
thin2 1 thin_disk 9 -0.25 0.0084736 2.193638325 2.094 226.8572404 3362.791957 0.045 -1.642 -4.766 -6.507 -7.42 -7.742
thin2 1 thin_disk 9 -0.25 0.0084736 2.19365406 2.091 229.5369702 3356.603167 0.034 -1.612 -4.768 -6.527 -7.441 -7.765
thin2 1 thin_disk 9 -0.25 0.0084736 2.193654299 2.091 216.9964579 3385.322128 0.082 -1.734 -4.75 -6.432 -7.341 -7.657
thin2 1 thin_disk 9 -0.25 0.0084736 2.193655491 2.09 181.3646511 3481.769367 0.238 -1.998 -4.615 -6.124 -7.016 -7.309
thin2 1 thin_disk 9 -0.25 0.0084736 2.193657637 2.09 130.8737796 3663.53209 0.522 -2.222 -4.27 -5.572 -6.42 -6.675
thin2 1 thin_disk 9 -0.25 0.0084736 2.193661213 2.089 120.1579872 3712.786703 0.595 -2.233 -4.169 -5.43 -6.264 -6.51
thin2 1 thin_disk 9 -0.25 0.0084736 2.193665981 2.088 131.5687186 3660.159406 0.516 -2.22 -4.276 -5.581 -6.43 -6.685
thin2 1 thin_disk 9 -0.25 0.0084736 2.19367218 2.087 158.4355533 3555.494409 0.355 -2.134 -4.484 -5.894 -6.77 -7.046
thin2 1 thin_disk 9 -0.25 0.0084736 2.193680048 2.085 189.9558377 3455.413296 0.197 -1.934 -4.651 -6.201 -7.099 -7.397
thin2 1 thin_disk 9 -0.25 0.0084736 2.193689346 2.083 215.1060596 3388.441561 0.089 -1.741 -4.741 -6.414 -7.323 -7.638
thin2 1 thin_disk 9 -0.25 0.0084736 2.193700314 2.081 229.0617872 3354.285308 0.033 -1.595 -4.759 -6.522 -7.437 -7.761
thin2 1 thin_disk 9 -0.25 0.0084736 2.19371295 2.078 234.9917659 3340.41173 0.011 -1.532 -4.766 -6.566 -7.482 -7.81
thin2 1 thin_disk 9 -0.25 0.0084736 2.193727255 2.075 237.767584 3334.264128 0 -1.503 -4.767 -6.584 -7.501 -7.831
thin2 1 thin_disk 9 -0.25 0.0084736 2.193727493 2.075 228.4297397 3355.05775 0.034 -1.591 -4.755 -6.517 -7.432 -7.756
thin2 1 thin_disk 9 -0.25 0.0084736 2.193728685 2.075 190.7447726 3452.232208 0.192 -1.918 -4.65 -6.207 -7.105 -7.404
thin2 1 thin_disk 9 -0.25 0.0084736 2.193730593 2.074 137.89631 3633.289469 0.473 -2.21 -4.33 -5.658 -6.515 -6.776
thin2 1 thin_disk 9 -0.25 0.0084736 2.193733692 2.073 126.3434247 3683.83356 0.549 -2.224 -4.227 -5.513 -6.355 -6.606
thin2 1 thin_disk 9 -0.25 0.0084736 2.193738222 2.072 138.1823725 3631.616662 0.471 -2.208 -4.332 -5.661 -6.519 -6.78
thin2 1 thin_disk 9 -0.25 0.0084736 2.193743944 2.071 165.7496595 3528.580258 0.313 -2.081 -4.524 -5.968 -6.85 -7.132
thin2 1 thin_disk 9 -0.25 0.0084736 2.193750858 2.069 197.5389063 3431.626398 0.159 -1.855 -4.673 -6.267 -7.169 -7.473
thin2 1 thin_disk 9 -0.25 0.0084736 2.193759441 2.066 222.7166291 3366.665744 0.054 -1.634 -4.741 -6.472 -7.385 -7.706
thin2 1 thin_disk 9 -0.25 0.0084736 2.193769455 2.064 237.056924 3333.496473 0.001 -1.489 -4.757 -6.577 -7.494 -7.824
thin2 1 thin_disk 9 -0.25 0.0084736 2.193780899 2.061 242.9140556 3319.708879 -0.021 -1.426 -4.763 -6.618 -7.538 -7.871
thin2 1 thin_disk 9 -0.25 0.0084736 2.193794012 2.057 245.2181687 3313.599378 -0.031 -1.397 -4.763 -6.635 -7.555 -7.89
thin2 1 thin_disk 9 -0.25 0.0084736 2.19379425 2.057 239.4157101 3326.595533 -0.01 -1.454 -4.756 -6.593 -7.512 -7.843
thin2 1 thin_disk 9 -0.25 0.0084736 2.193795204 2.057 199.5044765 3424.522311 0.149 -1.828 -4.674 -6.281 -7.184 -7.49
thin2 1 thin_disk 9 -0.25 0.0084736 2.19379735 2.056 144.628088 3603.296501 0.428 -2.171 -4.378 -5.736 -6.6 -6.867
thin2 1 thin_disk 9 -0.25 0.0084736 2.193800449 2.055 132.2368955 3655.1062 0.506 -2.208 -4.277 -5.586 -6.437 -6.693
thin2 1 thin_disk 9 -0.25 0.0084736 2.193804741 2.054 144.3951628 3604.126286 0.428 -2.17 -4.376 -5.734 -6.598 -6.865
thin2 1 thin_disk 9 -0.25 0.0084736 2.193810224 2.052 172.4458093 3503.482883 0.274 -2.019 -4.555 -6.034 -6.922 -7.209
thin2 1 thin_disk 9 -0.25 0.0084736 2.193817139 2.05 204.8578662 3408.78806 0.124 -1.779 -4.691 -6.326 -7.231 -7.541
thin2 1 thin_disk 9 -0.25 0.0084736 2.193825483 2.047 230.1190884 3346.570666 0.023 -1.535 -4.739 -6.524 -7.44 -7.766
thin2 1 thin_disk 9 -0.25 0.0084736 2.193835259 2.044 243.8667805 3315.125698 -0.029 -1.393 -4.755 -6.625 -7.545 -7.88
thin2 1 thin_disk 9 -0.25 0.0084736 2.193846464 2.041 249.7771149 3302.174353 -0.05 -1.324 -4.752 -6.664 -7.585 -7.924
thin2 1 thin_disk 9 -0.25 0.0084736 2.193859339 2.037 252.0302353 3296.856164 -0.059 -1.292 -4.749 -6.679 -7.601 -7.941
thin2 1 thin_disk 9 -0.25 0.0084736 2.193859577 2.036 249.374846 3302.934794 -0.05 -1.322 -4.75 -6.661 -7.582 -7.921
thin2 1 thin_disk 9 -0.25 0.0084736 2.193860531 2.036 207.5642932 3400.165058 0.11 -1.747 -4.696 -6.347 -7.254 -7.566
thin2 1 thin_disk 9 -0.25 0.0084736 2.193862438 2.035 150.8872853 3576.844006 0.386 -2.132 -4.419 -5.807 -6.677 -6.95
thin2 1 thin_disk 9 -0.25 0.0084736 2.193865538 2.034 137.8010875 3628.273359 0.465 -2.187 -4.32 -5.653 -6.511 -6.772
thin2 1 thin_disk 9 -0.25 0.0084736 2.193869591 2.033 150.4016653 3578.491583 0.389 -2.133 -4.414 -5.8 -6.67 -6.941
thin2 1 thin_disk 9 -0.25 0.0084736 2.193874836 2.031 178.6704145 3481.769367 0.238 -1.966 -4.583 -6.092 -6.985 -7.277
thin2 1 thin_disk 9 -0.25 0.0084736 2.193881512 2.028 211.034104 3391.563869 0.094 -1.72 -4.708 -6.375 -7.284 -7.598
thin2 1 thin_disk 9 -0.25 0.0084736 2.193889379 2.025 235.8048019 3332.728996 -0.004 -1.47 -4.744 -6.566 -7.484 -7.815
thin2 1 thin_disk 9 -0.25 0.0084736 2.193898916 2.021 249.5471676 3303.69541 -0.053 -1.33 -4.755 -6.662 -7.583 -7.922
thin2 1 thin_disk 9 -0.25 0.0084736 2.193909645 2.017 254.6552563 3293.062702 -0.072 -1.271 -4.753 -6.698 -7.62 -7.962
thin2 1 thin_disk 9 -0.25 0.0084736 2.193922043 2.013 256.5976324 3290.031075 -0.079 -1.255 -4.754 -6.711 -7.633 -7.976
thin2 1 thin_disk 9 -0.25 0.0084736 2.19392252 2.013 257.4261401 3288.516309 -0.082 -2.899 -4.983 -6.543 -7.506 -7.859
thin2 1 thin_disk 9 -0.25 0.0084736 2.19392395 2.013 214.2163646 3383.763489 0.077 -2.813 -4.778 -6.271 -7.194 -7.524
thin2 1 thin_disk 9 -0.25 0.0084736 2.193926573 2.013 156.8384873 3553.039208 0.348 -2.652 -4.423 -5.804 -6.653 -6.947
thin2 1 thin_disk 9 -0.25 0.0084736 2.193930864 2.013 143.1702044 3604.956263 0.427 -2.608 -4.321 -5.668 -6.494 -6.777
thin2 1 thin_disk 9 -0.25 0.0084736 2.193936825 2.012 156.3337138 3554.67582 0.351 -2.65 -4.419 -5.799 -6.647 -6.94
thin2 1 thin_disk 9 -0.25 0.0084736 2.193944454 2.012 185.8885522 3457.004939 0.201 -2.738 -4.613 -6.055 -6.946 -7.258
thin2 1 thin_disk 9 -0.25 0.0084736 2.193953991 2.012 219.5597082 3363.566357 0.056 -2.802 -4.791 -6.297 -7.229 -7.564
thin2 1 thin_disk 9 -0.25 0.0084736 2.193965435 2.012 246.3500444 3298.374772 -0.044 -2.839 -4.91 -6.461 -7.422 -7.772
thin2 1 thin_disk 9 -0.25 0.0084736 2.193979025 2.012 261.9103403 3262.120504 -0.098 -2.854 -4.969 -6.546 -7.522 -7.881
thin2 1 thin_disk 9 -0.25 0.0084736 2.193994522 2.012 269.5582603 3243.396173 -0.122 -2.854 -4.993 -6.582 -7.565 -7.929
thin2 1 thin_disk 9 -0.25 0.0084736 2.194012403 2.012 273.6230281 3232.213203 -0.135 -2.85 -5.002 -6.6 -7.588 -7.954
thin2 1 thin_disk 9 -0.25 0.0084736 2.194012642 2.012 279.6099648 3219.585776 -0.154 -2.852 -5.022 -6.629 -7.622 -7.993
thin2 1 thin_disk 9 -0.25 0.0084736 2.194014072 2.012 230.7026828 3328.894258 0.013 -2.795 -4.827 -6.357 -7.306 -7.648
thin2 1 thin_disk 9 -0.25 0.0084736 2.194016695 2.012 166.8985812 3520.464749 0.294 -2.691 -4.498 -5.899 -6.762 -7.063
thin2 1 thin_disk 9 -0.25 0.0084736 2.194020748 2.012 151.3744732 3579.315656 0.378 -2.653 -4.395 -5.759 -6.596 -6.884
thin2 1 thin_disk 9 -0.25 0.0084736 2.19402647 2.012 166.1700096 3518.033738 0.297 -2.676 -4.484 -5.887 -6.751 -7.052
thin2 1 thin_disk 9 -0.25 0.0084736 2.194033861 2.012 198.9998022 3403.298168 0.141 -2.718 -4.655 -6.133 -7.049 -7.373
thin2 1 thin_disk 9 -0.25 0.0084736 2.194042921 2.012 236.6751412 3292.304533 -0.009 -2.736 -4.81 -6.363 -7.329 -7.679
thin2 1 thin_disk 9 -0.25 0.0084736 2.194053888 2.012 267.3330448 3212.180934 -0.115 -2.737 -4.911 -6.519 -7.518 -7.887
thin2 1 thin_disk 9 -0.25 0.0084736 2.194066763 2.012 285.8595099 3162.27766 -0.174 -2.716 -4.955 -6.598 -7.617 -7.999
thin2 1 thin_disk 9 -0.25 0.0084736 2.194081783 2.012 296.1097072 3130.40119 -0.204 -2.683 -4.965 -6.631 -7.661 -8.052
thin2 1 thin_disk 9 -0.25 0.0084736 2.194098711 2.012 303.2861966 3103.844819 -0.225 -2.643 -4.962 -6.647 -7.687 -8.084
thin2 1 thin_disk 9 -0.25 0.0084736 2.194098949 2.012 316.6304257 3078.222441 -0.262 -2.569 -4.949 -6.674 -7.735 -8.161
thin2 1 thin_disk 9 -0.25 0.0084736 2.194100141 2.012 257.6040252 3203.317601 -0.083 -2.614 -4.801 -6.418 -7.426 -7.801
thin2 1 thin_disk 9 -0.25 0.0084736 2.194102526 2.012 183.507004 3419.794425 0.212 -2.6 -4.511 -5.976 -6.888 -7.207
thin2 1 thin_disk 9 -0.25 0.0084736 2.19410634 2.012 164.8362193 3489.795674 0.304 -2.582 -4.414 -5.833 -6.712 -7.017
thin2 1 thin_disk 9 -0.25 0.0084736 2.194111347 2.012 181.5317711 3424.522311 0.221 -2.591 -4.497 -5.958 -6.868 -7.185
thin2 1 thin_disk 9 -0.25 0.0084736 2.194117784 2.012 217.4966864 3304.456202 0.064 -2.596 -4.649 -6.193 -7.157 -7.503
thin2 1 thin_disk 9 -0.25 0.0084736 2.194126129 2.012 258.1384184 3194.478724 -0.084 -2.592 -4.789 -6.411 -7.422 -7.799
thin2 1 thin_disk 9 -0.25 0.0084736 2.194135904 2.012 289.9029568 3120.326217 -0.185 -2.574 -4.875 -6.555 -7.597 -7.999
thin2 1 thin_disk 9 -0.25 0.0084736 2.194147348 2.012 307.9304558 3080.349537 -0.238 -2.544 -4.91 -6.625 -7.683 -8.101
thin2 1 thin_disk 9 -0.25 0.0084736 2.1941607 2.012 316.5575273 3059.144559 -0.262 -2.518 -4.919 -6.652 -7.717 -8.144
thin2 1 thin_disk 9 -0.25 0.0084736 2.194175959 2.012 321.6271074 3043.687074 -0.276 -2.494 -4.919 -6.664 -7.734 -8.165
thin2 1 thin_disk 9 -0.25 0.0084736 2.194176197 2.012 341.470071 3008.846277 -0.327 -2.362 -4.882 -6.689 -7.79 -8.266
thin2 1 thin_disk 9 -0.25 0.0084736 2.194177389 2.012 277.6851433 3131.843125 -0.148 -2.495 -4.788 -6.466 -7.51 -7.916
thin2 1 thin_disk 9 -0.25 0.0084736 2.194179773 2.012 198.9539861 3339.64266 0.142 -2.519 -4.524 -6.043 -6.993 -7.331
thin2 1 thin_disk 9 -0.25 0.0084736 2.194183588 2.012 178.2594839 3410.358227 0.237 -2.511 -4.429 -5.899 -6.817 -7.137
thin2 1 thin_disk 9 -0.25 0.0084736 2.194188595 2.012 195.9984536 3347.341331 0.154 -2.513 -4.508 -6.021 -6.968 -7.304
thin2 1 thin_disk 9 -0.25 0.0084736 2.194195032 2.012 233.7505518 3233.702035 0.001 -2.507 -4.652 -6.246 -7.245 -7.612
thin2 1 thin_disk 9 -0.25 0.0084736 2.194203377 2.012 275.8370788 3129.680472 -0.142 -2.48 -4.773 -6.45 -7.494 -7.898
thin2 1 thin_disk 9 -0.25 0.0084736 2.194213152 2.012 308.4982074 3059.849035 -0.239 -2.429 -4.837 -6.579 -7.652 -8.088
thin2 1 thin_disk 9 -0.25 0.0084736 2.194224596 2.012 326.8531275 3022.73448 -0.29 -2.365 -4.847 -6.631 -7.724 -8.183
thin2 1 thin_disk 9 -0.25 0.0084736 2.194237948 2.012 335.7010077 3003.308879 -0.313 -2.335 -4.852 -6.654 -7.753 -8.222
thin2 1 thin_disk 9 -0.25 0.0084736 2.194253206 2.012 341.1557102 2989.509928 -0.327 -2.31 -4.851 -6.665 -7.767 -8.242
thin2 1 thin_disk 9 -0.25 0.0084736 2.194253445 2.012 367.3268249 2946.456271 -0.392 -2.126 -4.792 -6.689 -7.83 -8.361
thin2 1 thin_disk 9 -0.25 0.0084736 2.194254637 2.012 298.7119829 3066.902715 -0.212 -2.376 -4.774 -6.514 -7.589 -8.026
thin2 1 thin_disk 9 -0.25 0.0084736 2.194257021 2.012 214.9575209 3268.887692 0.074 -2.447 -4.542 -6.111 -7.096 -7.453
thin2 1 thin_disk 9 -0.25 0.0084736 2.194260359 2.012 192.1996732 3339.64266 0.172 -2.446 -4.448 -5.966 -6.919 -7.257
thin2 1 thin_disk 9 -0.25 0.0084736 2.194265127 2.012 210.9855172 3278.687312 0.09 -2.443 -4.525 -6.086 -7.066 -7.42
thin2 1 thin_disk 9 -0.25 0.0084736 2.194271326 2.012 250.4682289 3171.027439 -0.058 -2.424 -4.656 -6.3 -7.329 -7.719
thin2 1 thin_disk 9 -0.25 0.0084736 2.194279194 2.012 293.732935 3073.264929 -0.197 -2.356 -4.745 -6.482 -7.557 -7.994
thin2 1 thin_disk 9 -0.25 0.0084736 2.194288492 2.012 326.6274233 3008.153544 -0.29 -2.289 -4.798 -6.598 -7.699 -8.169
thin2 1 thin_disk 9 -0.25 0.0084736 2.194299459 2.012 345.5832184 2973.719495 -0.338 -2.222 -4.804 -6.645 -7.761 -8.254
thin2 1 thin_disk 9 -0.25 0.0084736 2.194312096 2.012 354.040255 2956.650565 -0.36 -2.173 -4.794 -6.658 -7.784 -8.29
thin2 1 thin_disk 9 -0.25 0.0084736 2.194326639 2.012 359.2962172 2945.09969 -0.372 -2.142 -4.786 -6.664 -7.795 -8.309
thin2 1 thin_disk 9 -0.25 0.0084736 2.194326878 2.012 393.2354341 2894.009817 -0.45 -1.777 -4.619 -6.64 -7.835 -8.445
thin2 1 thin_disk 9 -0.25 0.0084736 2.19432807 2.012 319.1189871 3013.699874 -0.269 -2.257 -4.757 -6.553 -7.655 -8.124
thin2 1 thin_disk 9 -0.25 0.0084736 2.194330215 2.012 230.1720813 3212.180934 0.015 -2.387 -4.563 -6.175 -7.188 -7.566
thin2 1 thin_disk 9 -0.25 0.0084736 2.194333315 2.012 205.0938534 3285.488868 0.115 -2.401 -4.474 -6.031 -7.01 -7.364
thin2 1 thin_disk 9 -0.25 0.0084736 2.194338083 2.012 225.0363343 3226.264727 0.035 -2.39 -4.544 -6.145 -7.152 -7.525
thin2 1 thin_disk 9 -0.25 0.0084736 2.194343805 2.012 265.7373776 3123.201467 -0.11 -2.342 -4.652 -6.343 -7.399 -7.815
thin2 1 thin_disk 9 -0.25 0.0084736 2.194351196 2.012 309.3517982 3031.098154 -0.243 -2.281 -4.745 -6.521 -7.615 -8.072
thin2 1 thin_disk 9 -0.25 0.0084736 2.194360018 2.012 342.6515059 2970.981859 -0.331 -2.162 -4.757 -6.609 -7.732 -8.234
thin2 1 thin_disk 9 -0.25 0.0084736 2.19437027 2.012 360.8715499 2940.356574 -0.375 -2.069 -4.741 -6.64 -7.783 -8.314
thin2 1 thin_disk 9 -0.25 0.0084736 2.194382429 2.012 368.6826028 2927.520871 -0.394 -2.029 -4.733 -6.654 -7.803 -8.347
thin2 1 thin_disk 9 -0.25 0.0084736 2.194396019 2.012 372.6942092 2920.115301 -0.403 -2.008 -4.729 -6.66 -7.813 -8.363
thin2 1 thin_disk 9 -0.25 0.0084736 2.194396257 2.012 413.6686841 2860.882361 -0.495 -1.438 -4.434 -6.568 -7.817 -8.503
thin2 1 thin_disk 9 -0.25 0.0084736 2.194397449 2.012 335.9329818 2979.888403 -0.313 -2.146 -4.728 -6.575 -7.699 -8.2
thin2 1 thin_disk 9 -0.25 0.0084736 2.194399357 2.012 242.9699951 3175.411403 -0.032 -2.343 -4.578 -6.226 -7.261 -7.66
thin2 1 thin_disk 9 -0.25 0.0084736 2.194402456 2.012 215.9497198 3250.124519 0.071 -2.378 -4.501 -6.087 -7.085 -7.452
thin2 1 thin_disk 9 -0.25 0.0084736 2.194406748 2.012 236.5661733 3192.272818 -0.009 -2.351 -4.561 -6.195 -7.221 -7.613
thin2 1 thin_disk 9 -0.25 0.0084736 2.19441247 2.012 278.2611943 3091.007081 -0.15 -2.324 -4.68 -6.397 -7.465 -7.892
thin2 1 thin_disk 9 -0.25 0.0084736 2.194419384 2.012 322.7398887 3001.926122 -0.279 -2.211 -4.737 -6.549 -7.657 -8.136
thin2 1 thin_disk 9 -0.25 0.0084736 2.194427729 2.012 356.3302109 2943.743734 -0.364 -2.036 -4.707 -6.609 -7.755 -8.289
thin2 1 thin_disk 9 -0.25 0.0084736 2.194437742 2.012 374.0697977 2914.741201 -0.407 -1.886 -4.65 -6.616 -7.788 -8.363
thin2 1 thin_disk 9 -0.25 0.0084736 2.194449186 2.012 381.726794 2902.017319 -0.425 -1.798 -4.609 -6.608 -7.795 -8.392
thin2 1 thin_disk 9 -0.25 0.0084736 2.194462061 2.012 385.8803332 2894.676264 -0.434 -1.754 -4.589 -6.604 -7.798 -8.405
thin2 1 thin_disk 9 -0.25 0.0084736 2.194462299 2.012 434.8631875 2827.482984 -0.537 -0.876 -4.09 -6.397 -7.73 -8.525
thin2 1 thin_disk 9 -0.25 0.0084736 2.194463253 2.012 352.9820694 2945.777902 -0.356 -2.005 -4.678 -6.584 -7.733 -8.271
thin2 1 thin_disk 9 -0.25 0.0084736 2.19446516 2.012 256.2433744 3136.89513 -0.078 -2.322 -4.609 -6.287 -7.337 -7.747
thin2 1 thin_disk 9 -0.25 0.0084736 2.19446826 2.011 227.1185699 3211.441387 0.026 -2.332 -4.515 -6.134 -7.154 -7.54
thin2 1 thin_disk 9 -0.25 0.0084736 2.194472313 2.011 249.0305598 3152.825976 -0.054 -2.322 -4.586 -6.25 -7.293 -7.696
thin2 1 thin_disk 9 -0.25 0.0084736 2.194477558 2.011 292.2487383 3052.811577 -0.193 -2.253 -4.676 -6.433 -7.519 -7.967
thin2 1 thin_disk 9 -0.25 0.0084736 2.194484234 2.011 338.6512203 2962.784064 -0.321 -2.068 -4.685 -6.553 -7.686 -8.199
thin2 1 thin_disk 9 -0.25 0.0084736 2.194492102 2.011 373.1235363 2903.354056 -0.405 -1.802 -4.593 -6.578 -7.759 -8.345
thin2 1 thin_disk 9 -0.25 0.0084736 2.1945014 2.011 392.7829656 2870.780582 -0.45 -1.581 -4.49 -6.556 -7.771 -8.41
thin2 1 thin_disk 9 -0.25 0.0084736 2.194512129 2.011 402.1171954 2853.645362 -0.47 -1.478 -4.442 -6.545 -7.774 -8.435
thin2 1 thin_disk 9 -0.25 0.0084736 2.194524527 2.01 407.6173346 2842.496902 -0.482 -1.418 -4.414 -6.538 -7.774 -8.447
thin2 1 thin_disk 9 -0.25 0.0084736 2.194524765 2.01 466.1789344 2765.667715 -0.599 -2.272 -5.134 -7.073 -8.151 -8.651
thin2 1 thin_disk 9 -0.25 0.0084736 2.194525719 2.01 376.6627257 2888.018694 -0.414 -1.68 -4.521 -6.541 -7.737 -8.345
thin2 1 thin_disk 9 -0.25 0.0084736 2.194527626 2.01 272.8680233 3083.897962 -0.133 -2.256 -4.62 -6.342 -7.414 -7.842
thin2 1 thin_disk 9 -0.25 0.0084736 2.194530249 2.01 240.4654273 3164.462839 -0.024 -2.292 -4.538 -6.191 -7.23 -7.628
thin2 1 thin_disk 9 -0.25 0.0084736 2.194534302 2.01 263.6043938 3105.274522 -0.104 -2.266 -4.598 -6.301 -7.365 -7.784
thin2 1 thin_disk 9 -0.25 0.0084736 2.194539309 2.009 308.7824757 3006.076303 -0.241 -2.154 -4.662 -6.465 -7.572 -8.044
thin2 1 thin_disk 9 -0.25 0.0084736 2.194545507 2.009 356.6585543 2918.770848 -0.366 -1.912 -4.629 -6.559 -7.715 -8.264
thin2 1 thin_disk 9 -0.25 0.0084736 2.194553137 2.008 391.5188216 2862.200149 -0.447 -1.512 -4.442 -6.522 -7.743 -8.39
thin2 1 thin_disk 9 -0.25 0.0084736 2.194561958 2.008 410.5373218 2834.001006 -0.488 -1.301 -4.341 -6.498 -7.752 -8.448
thin2 1 thin_disk 9 -0.25 0.0084736 2.19457221 2.007 418.6514935 2820.979954 -0.506 -1.166 -4.266 -6.469 -7.743 -8.466
thin2 1 thin_disk 9 -0.25 0.0084736 2.194583893 2.007 423.2068074 2813.843894 -0.515 -1.075 -4.213 -6.444 -7.73 -8.47
thin2 1 thin_disk 9 -0.25 0.0084736 2.194584131 2.007 490.9673872 2727.721331 -0.645 -2.014 -5.009 -7.039 -8.149 -8.713
thin2 1 thin_disk 9 -0.25 0.0084736 2.194585085 2.006 395.870049 2852.988362 -0.457 -1.388 -4.368 -6.486 -7.725 -8.397
thin2 1 thin_disk 9 -0.25 0.0084736 2.194586754 2.006 286.3865679 3052.108722 -0.176 -2.202 -4.626 -6.383 -7.472 -7.92
thin2 1 thin_disk 9 -0.25 0.0084736 2.194589376 2.006 251.5084871 3135.450869 -0.063 -2.274 -4.563 -6.242 -7.294 -7.704
thin2 1 thin_disk 9 -0.25 0.0084736 2.194593191 2.005 276.0912512 3074.680546 -0.144 -2.229 -4.613 -6.346 -7.424 -7.859
thin2 1 thin_disk 9 -0.25 0.0084736 2.194597959 2.004 323.1116707 2974.404298 -0.281 -2.053 -4.636 -6.483 -7.609 -8.108
thin2 1 thin_disk 9 -0.25 0.0084736 2.19460392 2.003 371.6658384 2887.353779 -0.404 -1.661 -4.498 -6.514 -7.71 -8.316
thin2 1 thin_disk 9 -0.25 0.0084736 2.194611072 2.002 407.5234881 2831.391996 -0.484 -1.253 -4.303 -6.469 -7.727 -8.428
thin2 1 thin_disk 9 -0.25 0.0084736 2.194619417 2 427.2210517 2802.205622 -0.525 -0.845 -4.063 -6.358 -7.675 -8.454
thin2 1 thin_disk 9 -0.25 0.0084736 2.194629192 1.999 436.0664204 2788.046418 -0.543 -2.255 -5.065 -6.975 -8.053 -8.537
thin2 1 thin_disk 9 -0.25 0.0084736 2.19464016 1.997 441.1158316 2778.433457 -0.554 -2.24 -5.066 -6.985 -8.061 -8.549
thin2 1 thin_disk 9 -0.25 0.0084736 2.194640398 1.997 518.7434724 2685.96284 -0.694 -1.447 -4.672 -6.878 -8.067 -8.754
thin2 1 thin_disk 9 -0.25 0.0084736 2.194641113 1.996 418.2660787 2809.312166 -0.507 -2.301 -5.056 -6.938 -8.011 -8.475
thin2 1 thin_disk 9 -0.25 0.0084736 2.194642782 1.995 303.8453853 3002.617421 -0.23 -2.101 -4.614 -6.419 -7.529 -8.003
thin2 1 thin_disk 9 -0.25 0.0084736 2.194645166 1.994 266.4113019 3085.318477 -0.115 -2.21 -4.571 -6.29 -7.363 -7.79
thin2 1 thin_disk 9 -0.25 0.0084736 2.194648504 1.992 292.2487383 3024.823232 -0.197 -2.13 -4.598 -6.379 -7.48 -7.94
thin2 1 thin_disk 9 -0.25 0.0084736 2.194652796 1.99 341.0771653 2926.846862 -0.332 -2.296 -4.859 -6.656 -7.733 -8.167
thin2 1 thin_disk 9 -0.25 0.0084736 2.194658279 1.987 391.4286814 2841.188185 -0.452 -2.27 -4.975 -6.836 -7.914 -8.372
thin2 1 thin_disk 9 -0.25 0.0084736 2.194664717 1.984 428.8966409 2785.479714 -0.532 -2.184 -5.003 -6.922 -8.005 -8.496
thin2 1 thin_disk 9 -0.25 0.0084736 2.194672585 1.98 449.2133401 2754.862961 -0.573 -2.082 -4.978 -6.943 -8.035 -8.554
thin2 1 thin_disk 9 -0.25 0.0084736 2.194681406 1.975 459.3594391 2738.419634 -0.593 -1.951 -4.91 -6.92 -8.028 -8.58
thin2 1 thin_disk 9 -0.25 0.0084736 2.19469142 1.97 465.3209915 2727.093323 -0.606 -1.832 -4.841 -6.889 -8.013 -8.592
thin2 1 thin_disk 9 -0.25 0.0084736 2.194691658 1.97 553.6721067 2628.451695 -0.757 -0.001 -3.729 -6.346 -7.732 -8.679
thin2 1 thin_disk 9 -0.25 0.0084736 2.194692373 1.968 446.5320591 2750.426223 -0.57 -2.017 -4.929 -6.907 -8.005 -8.533
thin2 1 thin_disk 9 -0.25 0.0084736 2.194694042 1.966 324.6030864 2940.356574 -0.294 -2.242 -4.781 -6.567 -7.644 -8.073
thin2 1 thin_disk 9 -0.25 0.0084736 2.194696426 1.962 283.8916669 3023.430571 -0.179 -2.081 -4.545 -6.321 -7.42 -7.875
thin2 1 thin_disk 9 -0.25 0.0084736 2.194700003 1.956 311.9985997 2961.419965 -0.262 -2.232 -4.738 -6.509 -7.585 -8.008
thin2 1 thin_disk 9 -0.25 0.0084736 2.194704294 1.949 364.3784171 2862.859271 -0.398 -2.182 -4.851 -6.7 -7.784 -8.241
thin2 1 thin_disk 9 -0.25 0.0084736 2.194709778 1.94 417.7848092 2777.154236 -0.519 -2.051 -4.894 -6.832 -7.924 -8.428
thin2 1 thin_disk 9 -0.25 0.0084736 2.194716454 1.929 457.0383518 2720.194762 -0.6 -1.625 -4.687 -6.779 -7.927 -8.539
thin2 1 thin_disk 9 -0.25 0.0084736 2.194724321 1.916 479.1292062 2689.05695 -0.643 -1.132 -4.392 -6.639 -7.86 -8.578
thin2 1 thin_disk 9 -0.25 0.0084736 2.194733381 1.902 490.4024654 2671.775727 -0.666 -0.962 -4.296 -6.597 -7.835 -8.586
thin2 1 thin_disk 9 -0.25 0.0084736 2.194743633 1.886 496.9957156 2660.112476 -0.682 -0.488 -3.979 -6.412 -7.719 -8.554
thin2 1 thin_disk 9 -0.25 0.0084736 2.194743872 1.885 600.0019265 2552.701303 -0.846 3.093 -1.58 -5.041 -6.872 -8.273
thin2 1 thin_disk 9 -0.25 0.0084736 2.194744587 1.881 483.2286163 2673.006409 -0.659 -0.605 -4.036 -6.426 -7.718 -8.528
thin2 1 thin_disk 9 -0.25 0.0084736 2.194746017 1.874 352.4947433 2857.590543 -0.386 -2.079 -4.759 -6.614 -7.701 -8.163
thin2 1 thin_disk 9 -0.25 0.0084736 2.194748402 1.863 308.6403088 2934.945222 -0.273 -2.101 -4.648 -6.441 -7.523 -7.956
thin2 1 thin_disk 9 -0.25 0.0084736 2.194751501 1.849 342.2572408 2860.223694 -0.367 -2.04 -4.709 -6.559 -7.645 -8.101
thin2 1 thin_disk 9 -0.25 0.0084736 2.194755793 1.83 403.973284 2747.2615 -0.515 -1.586 -4.557 -6.594 -7.731 -8.308
thin2 1 thin_disk 9 -0.25 0.0084736 2.194760799 1.807 468.9781886 2645.452695 -0.65 -0.145 -3.701 -6.187 -7.519 -8.385
thin2 1 thin_disk 9 -0.25 0.0084736 2.194766998 1.779 521.0179009 2569.803995 -0.748 1.957 -2.294 -5.378 -7.013 -8.224
thin2 1 thin_disk 9 -0.25 0.0084736 2.194774389 1.747 556.227741 2515.938379 -0.812 3.569 -1.168 -4.695 -6.565 -7.999
thin2 1 thin_disk 9 -0.25 0.0084736 2.194782734 1.711 580.5673989 2474.001736 -0.859 4.723 -0.357 -4.197 -6.233 -7.824
thin2 1 thin_disk 9 -0.25 0.0084736 2.194792271 1.671 600.8314327 2436.12742 -0.9 5.683 0.326 -3.774 -5.947 -7.662
thin2 1 thin_disk 9 -0.25 0.0084736 2.194792509 1.669 743.1092116 2318.996003 -1.084 8.713 2.466 -2.52 -5.164 -7.278
thin2 1 thin_disk 9 -0.25 0.0084736 2.194793224 1.662 599.0356166 2427.168907 -0.899 6.398 0.855 -3.433 -5.705 -7.504
thin2 1 thin_disk 9 -0.25 0.0084736 2.194794655 1.647 439.5948996 2590.001407 -0.634 0.306 -3.344 -5.893 -7.235 -8.135
thin2 1 thin_disk 9 -0.25 0.0084736 2.194796801 1.625 389.3611759 2641.80039 -0.535 -0.559 -3.854 -6.115 -7.322 -8.037
thin2 1 thin_disk 9 -0.25 0.0084736 2.194799662 1.594 447.8706931 2529.297996 -0.664 1.559 -2.445 -5.315 -6.836 -7.923
thin2 1 thin_disk 9 -0.25 0.0084736 2.194803715 1.556 552.1443657 2373.012358 -0.857 5.029 -0.055 -3.901 -5.94 -7.533
thin2 1 thin_disk 9 -0.25 0.0084736 2.194808483 1.509 673.9887459 2225.871045 -1.044 6.052 0.631 -3.531 -5.735 -7.478
thin2 1 thin_disk 9 -0.25 0.0084736 2.194814205 1.455 786.5976504 2107.172064 -1.194 6.613 1.013 -3.327 -5.625 -7.449
thin2 1 thin_disk 9 -0.25 0.0084736 2.194821119 1.393 876.7033072 2017.901671 -1.306 5.93 0.502 -3.666 -5.873 -7.619
thin2 1 thin_disk 9 -0.25 0.0084736 2.194828987 1.325 944.1753216 1953.439656 -1.392 4.949 -0.215 -4.124 -6.192 -7.818
thin2 1 thin_disk 9 -0.25 0.0084736 2.194838047 1.252 992.550574 1908.534434 -1.461 3.908 -0.961 -4.595 -6.513 -8.002
thin2 1 thin_disk 9 -0.25 0.0084736 2.194838285 1.25 1319.935304 1757.114247 -1.709 4.788 -0.407 -4.344 -6.427 -8.068
thin2 1 thin_disk 9 -0.25 0.0084736 2.194839001 1.241 1016.840054 1882.34836 -1.485 4.232 -0.728 -4.445 -6.409 -7.939
thin2 1 thin_disk 9 -0.25 0.0084736 2.194840193 1.225 693.8293143 2085.451048 -1.159 6.6 1.09 -3.16 -5.411 -7.193
thin2 1 thin_disk 9 -0.25 0.0084736 2.194842339 1.2 589.8650231 2168.702599 -1.027 4.959 -0.046 -3.806 -5.793 -7.345
thin2 1 thin_disk 9 -0.25 0.0084736 2.1948452 1.166 699.7656899 2042.208126 -1.187 5.641 0.41 -3.561 -5.663 -7.32
thin2 1 thin_disk 9 -0.25 0.0084736 2.194848776 1.124 896.9178038 1875.858174 -1.42 7.729 1.887 -2.695 -5.123 -7.055
thin2 1 thin_disk 9 -0.25 0.0084736 2.194853306 1.073 1104.466747 1747.833262 -1.62 1 -2.987 -5.803 -7.269 -8.329
thin2 1 thin_disk 9 -0.25 0.0084736 2.194859028 1.015 1218.015023 1698.243652 -1.729 0.566 -3.319 -6.042 -7.456 -8.462
thin2 1 thin_disk 9 -0.25 0.0084736 2.194865465 0.951 1168.295341 1749.04104 -1.721 7.722 1.809 -2.845 -5.31 -7.275
thin2 1 thin_disk 9 -0.25 0.0084736 2.194872856 0.882 967.2809726 1926.63746 -1.59 5.62 0.273 -3.815 -5.979 -7.689
thin2 1 thin_disk 9 -0.25 0.0084736 2.194881439 0.81 686.9935267 2286.125143 -1.33 3.85 -0.998 -4.613 -6.52 -7.999
thin2 1 thin_disk 9 -0.25 0.0084736 2.194895744 0.684 1.63362603e-06 14288.93959 1.862 30.866 30.947 31.086 31.152 31.185
