# component component_index family logAge MH Zini Mini Mass radius_rsun Teff_K logg Jmag_2mass Hmag_2mass Ksmag_2mass F087mag F146mag F213mag
thin2 1 thin_disk 8.77815125 -0.5 0.0048313 0.0900000036 0.09 0.1185366488 2602.555502 5.242 10.668 10.211 10.005 12.256 10.759 10.076
thin2 1 thin_disk 8.77815125 -0.5 0.0048313 0.0966539159 0.097 0.1252427644 2695.876544 5.225 10.438 9.96 9.742 11.927 10.501 9.81
thin2 1 thin_disk 8.77815125 -0.5 0.0048313 0.1000000015 0.1 0.128810909 2748.526952 5.215 10.314 9.826 9.603 11.745 10.362 9.669
thin2 1 thin_disk 8.77815125 -0.5 0.0048313 0.1199999973 0.12 0.1467413955 2936.297126 5.181 9.827 9.306 9.075 11.072 9.826 9.132
thin2 1 thin_disk 8.77815125 -0.5 0.0048313 0.1212908998 0.121 0.1480650797 2945.09969 5.178 9.799 9.277 9.046 11.037 9.797 9.103
thin2 1 thin_disk 8.77815125 -0.5 0.0048313 0.1400000006 0.14 0.1663997406 3069.021988 5.139 9.42 8.885 8.652 10.56 9.394 8.704
thin2 1 thin_disk 8.77815125 -0.5 0.0048313 0.1551143527 0.155 0.1782594839 3139.062769 5.124 9.2 8.659 8.428 10.292 9.163 8.477
thin2 1 thin_disk 8.77815125 -0.5 0.0048313 0.1599999964 0.16 0.1826218108 3160.821713 5.116 9.126 8.584 8.353 10.205 9.086 8.401
thin2 1 thin_disk 8.77815125 -0.5 0.0048313 0.1999999881 0.2 0.215254701 3293.062702 5.07 8.643 8.091 7.865 9.647 8.585 7.907
thin2 1 thin_disk 8.77815125 -0.5 0.0048313 0.2128849477 0.213 0.2251399912 3323.533036 5.059 8.518 7.964 7.739 9.507 8.456 7.78
thin2 1 thin_disk 8.77815125 -0.5 0.0048313 0.25 0.25 0.2528439957 3403.298168 5.028 8.192 7.633 7.411 9.145 8.121 7.449
thin2 1 thin_disk 8.77815125 -0.5 0.0048313 0.309913218 0.31 0.2969290199 3495.425096 4.981 7.759 7.192 6.975 8.674 7.677 7.01
thin2 1 thin_disk 8.77815125 -0.5 0.0048313 0.3191390336 0.319 0.3051073324 3508.326469 4.97 7.687 7.12 6.903 8.598 7.605 6.937
thin2 1 thin_disk 8.77815125 -0.5 0.0048313 0.3499999642 0.35 0.3275311762 3557.951306 4.949 7.49 6.918 6.703 8.382 7.402 6.735
thin2 1 thin_disk 8.77815125 -0.5 0.0048313 0.3999999762 0.4 0.3719226648 3652.582214 4.897 7.134 6.553 6.341 7.994 7.035 6.369
thin2 1 thin_disk 8.77815125 -0.5 0.0048313 0.4499999881 0.45 0.4223306928 3771.37745 4.837 6.76 6.169 5.962 7.583 6.649 5.985
thin2 1 thin_disk 8.77815125 -0.5 0.0048313 0.4999999404 0.5 0.4746272237 3930.067413 4.781 6.378 5.771 5.579 7.158 6.253 5.597
thin2 1 thin_disk 8.77815125 -0.5 0.0048313 0.5463183522 0.546 0.5139876037 4150.496003 4.75 6.027 5.397 5.242 6.76 5.887 5.254
thin2 1 thin_disk 8.77815125 -0.5 0.0048313 0.5500000119 0.55 0.5168358669 4167.734068 4.748 6.001 5.369 5.217 6.73 5.86 5.229
thin2 1 thin_disk 8.77815125 -0.5 0.0048313 0.5996693373 0.599 0.5602123063 4424.864744 4.716 5.631 5.009 4.894 6.313 5.492 4.901
thin2 1 thin_disk 8.77815125 -0.5 0.0048313 0.5999999642 0.6 0.5603413148 4426.902938 4.716 5.629 5.007 4.892 6.311 5.49 4.899
thin2 1 thin_disk 8.77815125 -0.5 0.0048313 0.6499999166 0.65 0.594227361 4727.156712 4.7 5.303 4.746 4.655 5.916 5.189 4.661
thin2 1 thin_disk 8.77815125 -0.5 0.0048313 0.6999999881 0.7 0.6272672955 5024.582715 4.685 5.012 4.537 4.46 5.551 4.927 4.464
thin2 1 thin_disk 8.77815125 -0.5 0.0048313 0.7487857342 0.749 0.6609257079 5302.735926 4.669 4.754 4.343 4.277 5.233 4.69 4.28
thin2 1 thin_disk 8.77815125 -0.5 0.0048313 0.7518785596 0.752 0.6638235337 5318.632708 4.667 4.738 4.331 4.265 5.213 4.675 4.268
thin2 1 thin_disk 8.77815125 -0.5 0.0048313 0.7975714207 0.797 0.7017018877 5546.25713 4.644 4.509 4.148 4.09 4.942 4.461 4.093
thin2 1 thin_disk 8.77815125 -0.5 0.0048313 0.8463571072 0.846 0.746195533 5772.979296 4.617 4.282 3.958 3.909 4.677 4.245 3.912
thin2 1 thin_disk 8.77815125 -0.5 0.0048313 0.8951427937 0.894 0.7962558661 5974.478464 4.585 4.063 3.769 3.727 4.429 4.034 3.73
thin2 1 thin_disk 8.77815125 -0.5 0.0048313 0.9439284801 0.943 0.8522218108 6156.019686 4.549 3.854 3.586 3.55 4.194 3.832 3.552
thin2 1 thin_disk 8.77815125 -0.5 0.0048313 0.9758538008 0.976 0.8919749231 6264.695981 4.524 3.717 3.463 3.431 4.044 3.699 3.433
thin2 1 thin_disk 8.77815125 -0.5 0.0048313 0.9927142262 0.993 0.9127516881 6322.662499 4.512 3.647 3.4 3.37 3.967 3.631 3.372
thin2 1 thin_disk 8.77815125 -0.5 0.0048313 1.041499853 1.041 0.9751078324 6483.357951 4.474 3.449 3.223 3.197 3.75 3.438 3.198
thin2 1 thin_disk 8.77815125 -0.5 0.0048313 1.05726397 1.057 0.9959846492 6534.313996 4.463 3.387 3.168 3.143 3.682 3.378 3.144
thin2 1 thin_disk 8.77815125 -0.5 0.0048313 1.090285659 1.089 1.038371226 6643.54682 4.439 3.26 3.055 3.032 3.541 3.254 3.033
thin2 1 thin_disk 8.77815125 -0.5 0.0048313 1.119942427 1.119 1.075604585 6745.280277 4.421 3.152 2.961 2.938 3.421 3.15 2.939
thin2 1 thin_disk 8.77815125 -0.5 0.0048313 1.139071226 1.138 1.100151879 6809.261297 4.409 3.084 2.901 2.879 3.345 3.083 2.88
thin2 1 thin_disk 8.77815125 -0.5 0.0048313 1.187857151 1.187 1.154390236 6988.757961 4.385 2.924 2.764 2.744 3.165 2.928 2.745
thin2 1 thin_disk 8.77815125 -0.5 0.0048313 1.223233819 1.223 1.187552026 7136.742051 4.373 2.821 2.68 2.66 3.044 2.829 2.661
thin2 1 thin_disk 8.77815125 -0.5 0.0048313 1.236642718 1.236 1.199092385 7192.833378 4.369 2.783 2.648 2.629 3 2.792 2.63
thin2 1 thin_disk 8.77815125 -0.5 0.0048313 1.285428286 1.285 1.230417912 7435.325746 4.364 2.661 2.555 2.537 2.852 2.675 2.538
thin2 1 thin_disk 8.77815125 -0.5 0.0048313 1.305731058 1.305 1.238376337 7549.183813 4.365 2.618 2.524 2.506 2.796 2.634 2.507
thin2 1 thin_disk 8.77815125 -0.5 0.0048313 1.334214211 1.334 1.248684282 7710.809966 4.367 2.558 2.481 2.463 2.72 2.576 2.464
thin2 1 thin_disk 8.77815125 -0.5 0.0048313 1.382999897 1.383 1.265472304 7992.819399 4.372 2.463 2.414 2.396 2.598 2.485 2.397
thin2 1 thin_disk 8.77815125 -0.5 0.0048313 1.431176186 1.431 1.283076778 8264.184417 4.374 2.374 2.347 2.33 2.485 2.397 2.33
thin2 1 thin_disk 8.77815125 -0.5 0.0048313 1.431785583 1.432 1.283963402 8266.087535 4.374 2.373 2.346 2.329 2.484 2.396 2.329
thin2 1 thin_disk 8.77815125 -0.5 0.0048313 1.455482125 1.455 1.295247148 8392.66716 4.374 2.33 2.312 2.295 2.43 2.354 2.296
thin2 1 thin_disk 8.77815125 -0.5 0.0048313 1.48057127 1.48 1.306930956 8525.110168 4.373 2.285 2.275 2.259 2.375 2.309 2.259
thin2 1 thin_disk 8.77815125 -0.5 0.0048313 1.487516999 1.487 1.310245404 8558.546212 4.373 2.273 2.265 2.248 2.36 2.297 2.249
thin2 1 thin_disk 8.77815125 -0.5 0.0048313 1.529356957 1.529 1.335526915 8759.917176 4.369 2.198 2.2 2.184 2.271 2.222 2.185
thin2 1 thin_disk 8.77815125 -0.5 0.0048313 1.573565006 1.573 1.366635333 8953.647655 4.361 2.117 2.127 2.112 2.177 2.14 2.113
thin2 1 thin_disk 8.77815125 -0.5 0.0048313 1.578142643 1.578 1.368839865 8972.221777 4.36 2.108 2.119 2.105 2.167 2.132 2.105
thin2 1 thin_disk 8.77815125 -0.5 0.0048313 1.602776647 1.602 1.3891612 9071.936465 4.354 2.061 2.076 2.063 2.114 2.085 2.063
thin2 1 thin_disk 8.77815125 -0.5 0.0048313 1.62692833 1.626 1.4107584 9164.31482 4.348 2.015 2.033 2.02 2.062 2.039 2.021
thin2 1 thin_disk 8.77815125 -0.5 0.0048313 1.675714135 1.675 1.453625875 9345.445303 4.334 1.921 1.945 1.933 1.958 1.944 1.934
thin2 1 thin_disk 8.77815125 -0.5 0.0048313 1.681561351 1.681 1.460335507 9366.98878 4.332 1.91 1.934 1.923 1.946 1.933 1.923
thin2 1 thin_disk 8.77815125 -0.5 0.0048313 1.724499702 1.723 1.503324187 9512.61675 4.318 1.825 1.853 1.843 1.853 1.848 1.844
thin2 1 thin_disk 8.77815125 -0.5 0.0048313 1.746221423 1.745 1.525642031 9585.173977 4.31 1.782 1.812 1.803 1.807 1.805 1.803
thin2 1 thin_disk 8.77815125 -0.5 0.0048313 1.773285389 1.772 1.557229581 9669.410546 4.299 1.727 1.759 1.751 1.748 1.75 1.751
thin2 1 thin_disk 8.77815125 -0.5 0.0048313 1.781260133 1.78 1.56549846 9693.932693 4.296 1.711 1.743 1.735 1.73 1.733 1.735
thin2 1 thin_disk 8.77815125 -0.5 0.0048313 1.822966337 1.822 1.618276192 9812.959355 4.277 1.623 1.658 1.652 1.637 1.646 1.652
thin2 1 thin_disk 8.77815125 -0.5 0.0048313 1.862353921 1.861 1.673989173 9912.883449 4.257 1.536 1.573 1.568 1.545 1.559 1.568
thin2 1 thin_disk 8.77815125 -0.5 0.0048313 1.872647524 1.871 1.691424609 9935.735006 4.252 1.512 1.55 1.545 1.52 1.535 1.545
thin2 1 thin_disk 8.77815125 -0.5 0.0048313 1.905436993 1.904 1.744024754 10006.91014 4.232 1.436 1.475 1.471 1.441 1.458 1.47
thin2 1 thin_disk 8.77815125 -0.5 0.0048313 1.922328472 1.921 1.773179268 10039.22066 4.222 1.396 1.434 1.431 1.398 1.418 1.431
thin2 1 thin_disk 8.77815125 -0.5 0.0048313 1.944763422 1.944 1.81197685 10080.91609 4.207 1.342 1.381 1.378 1.342 1.363 1.378
thin2 1 thin_disk 8.77815125 -0.5 0.0048313 1.97200954 1.972 1.867465747 10120.45411 4.188 1.273 1.313 1.31 1.272 1.294 1.31
thin2 1 thin_disk 8.77815125 -0.5 0.0048313 1.996424556 1.996 1.919343229 10150.79367 4.17 1.21 1.25 1.248 1.207 1.231 1.248
thin2 1 thin_disk 8.77815125 -0.5 0.0048313 2.021690607 2.022 1.980398756 10167.168 4.148 1.14 1.18 1.178 1.136 1.161 1.178
thin2 1 thin_disk 8.77815125 -0.5 0.0048313 2.04347229 2.043 2.037758178 10174.19366 4.128 1.077 1.118 1.116 1.073 1.098 1.116
thin2 1 thin_disk 8.77815125 -0.5 0.0048313 2.071371555 2.071 2.118617937 10169.50935 4.099 0.993 1.033 1.031 0.988 1.014 1.031
thin2 1 thin_disk 8.77815125 -0.5 0.0048313 2.101017475 2.1 2.214892461 10148.45663 4.066 0.898 0.938 0.936 0.894 0.919 0.936
thin2 1 thin_disk 8.77815125 -0.5 0.0048313 2.121052504 2.12 2.288509106 10122.7847 4.042 0.831 0.871 0.868 0.827 0.852 0.868
thin2 1 thin_disk 8.77815125 -0.5 0.0048313 2.123327971 2.122 2.29748479 10120.45411 4.04 0.824 0.863 0.861 0.82 0.844 0.86
thin2 1 thin_disk 8.77815125 -0.5 0.0048313 2.162071705 2.16 2.473731987 10020.74475 3.983 0.677 0.714 0.711 0.676 0.697 0.711
thin2 1 thin_disk 8.77815125 -0.5 0.0048313 2.17073369 2.169 2.520302353 9990.7939 3.969 0.641 0.679 0.675 0.642 0.662 0.675
thin2 1 thin_disk 8.77815125 -0.5 0.0048313 2.187061787 2.186 2.607670085 9935.735006 3.943 0.575 0.611 0.607 0.577 0.595 0.607
thin2 1 thin_disk 8.77815125 -0.5 0.0048313 2.217609644 2.216 2.805127752 9785.882571 3.885 0.437 0.47 0.465 0.445 0.457 0.465
thin2 1 thin_disk 8.77815125 -0.5 0.0048313 2.220414638 2.219 2.823921662 9770.122297 3.88 0.424 0.457 0.451 0.433 0.444 0.451
thin2 1 thin_disk 8.77815125 -0.5 0.0048313 2.227781057 2.226 2.877084682 9729.712329 3.865 0.389 0.421 0.416 0.4 0.409 0.415
thin2 1 thin_disk 8.77815125 -0.5 0.0048313 2.249905825 2.248 3.067980853 9569.736946 3.813 0.273 0.301 0.294 0.29 0.292 0.294
thin2 1 thin_disk 8.77815125 -0.5 0.0048313 2.270095587 2.269 3.268531275 9405.892264 3.762 0.161 0.185 0.176 0.185 0.18 0.176
thin2 1 thin_disk 8.77815125 -0.5 0.0048313 2.270556212 2.269 3.27154309 9401.561688 3.761 0.158 0.183 0.173 0.183 0.178 0.173
thin2 1 thin_disk 8.77815125 -0.5 0.0048313 2.289331198 2.288 3.492630521 9225.714272 3.708 0.044 0.064 0.053 0.077 0.063 0.053
thin2 1 thin_disk 8.77815125 -0.5 0.0048313 2.306718111 2.305 3.712381885 9078.205302 3.659 -0.065 -0.049 -0.062 -0.024 -0.046 -0.061
thin2 1 thin_disk 8.77815125 -0.5 0.0048313 2.316997528 2.315 3.834004735 9015.711376 3.632 -0.125 -0.111 -0.124 -0.081 -0.106 -0.124
thin2 1 thin_disk 8.77815125 -0.5 0.0048313 2.319776535 2.318 3.821665263 9071.936465 3.636 -0.127 -0.111 -0.124 -0.086 -0.108 -0.124
thin2 1 thin_disk 8.77815125 -0.5 0.0048313 2.325323582 2.324 3.796231118 9191.788017 3.643 -0.129 -0.11 -0.122 -0.095 -0.11 -0.121
thin2 1 thin_disk 8.77815125 -0.5 0.0048313 2.327930212 2.327 3.702138353 9388.581919 3.666 -0.105 -0.081 -0.09 -0.082 -0.086 -0.09
thin2 1 thin_disk 8.77815125 -0.5 0.0048313 2.329102278 2.328 3.598758013 9594.006315 3.69 -0.076 -0.047 -0.054 -0.062 -0.057 -0.054
thin2 1 thin_disk 8.77815125 -0.5 0.0048313 2.329728842 2.328 3.509559784 9799.411611 3.712 -0.049 -0.016 -0.021 -0.045 -0.03 -0.021
thin2 1 thin_disk 8.77815125 -0.5 0.0048313 2.330108166 2.329 3.424937454 10011.51956 3.733 -0.026 0.01 0.009 -0.03 -0.007 0.008
thin2 1 thin_disk 8.77815125 -0.5 0.0048313 2.330342531 2.329 3.355464472 10214.09752 3.751 -0.009 0.029 0.03 -0.022 0.009 0.03
thin2 1 thin_disk 8.77815125 -0.5 0.0048313 2.330533981 2.329 3.291187651 10408.78409 3.767 0.005 0.047 0.05 -0.015 0.024 0.049
thin2 1 thin_disk 8.77815125 -0.5 0.0048313 2.330568552 2.329 3.28361813 10432.77881 3.77 0.009 0.051 0.054 -0.012 0.028 0.053
thin2 1 thin_disk 8.77815125 -0.5 0.0048313 2.330672026 2.329 3.288157751 10247.07701 3.769 0.03 0.07 0.071 0.017 0.049 0.07
thin2 1 thin_disk 8.77815125 -0.5 0.0048313 2.330742121 2.329 3.344665149 10043.84496 3.754 0.02 0.056 0.055 0.014 0.039 0.054
thin2 1 thin_disk 8.77815125 -0.5 0.0048313 2.330830812 2.329 3.502294361 9781.377043 3.714 -0.043 -0.01 -0.015 -0.037 -0.024 -0.015
thin2 1 thin_disk 8.77815125 -0.5 0.0048313 2.330937386 2.33 3.739836749 9525.767999 3.657 -0.148 -0.121 -0.128 -0.131 -0.129 -0.128
thin2 1 thin_disk 8.77815125 -0.5 0.0048313 2.331066847 2.33 4.017470023 9270.432584 3.595 -0.264 -0.243 -0.253 -0.235 -0.246 -0.253
thin2 1 thin_disk 8.77815125 -0.5 0.0048313 2.331215382 2.33 4.292918512 9019.864221 3.537 -0.371 -0.356 -0.369 -0.328 -0.352 -0.369
thin2 1 thin_disk 8.77815125 -0.5 0.0048313 2.331380367 2.33 4.571436009 8776.068411 3.483 -0.466 -0.459 -0.475 -0.409 -0.447 -0.475
thin2 1 thin_disk 8.77815125 -0.5 0.0048313 2.331560373 2.33 4.8534733 8536.896183 3.431 -0.553 -0.556 -0.574 -0.48 -0.535 -0.574
thin2 1 thin_disk 8.77815125 -0.5 0.0048313 2.331751823 2.33 5.137509581 8302.330159 3.381 -0.633 -0.648 -0.669 -0.542 -0.615 -0.668
thin2 1 thin_disk 8.77815125 -0.5 0.0048313 2.331949949 2.331 5.431910991 8074.209244 3.333 -0.707 -0.737 -0.759 -0.597 -0.69 -0.759
thin2 1 thin_disk 8.77815125 -0.5 0.0048313 2.332149982 2.331 5.739216988 7850.548482 3.286 -0.778 -0.824 -0.847 -0.647 -0.761 -0.847
thin2 1 thin_disk 8.77815125 -0.5 0.0048313 2.332347631 2.331 6.049961972 7633.083267 3.24 -0.844 -0.908 -0.933 -0.691 -0.828 -0.932
thin2 1 thin_disk 8.77815125 -0.5 0.0048313 2.332538843 2.331 6.370193797 7421.641977 3.194 -0.906 -0.991 -1.017 -0.73 -0.893 -1.016
thin2 1 thin_disk 8.77815125 -0.5 0.0048313 2.332721949 2.331 6.707375881 7216.057747 3.15 -0.964 -1.071 -1.098 -0.765 -0.953 -1.097
thin2 1 thin_disk 8.77815125 -0.5 0.0048313 2.33289504 2.332 7.054279205 7016.168331 3.106 -1.018 -1.149 -1.177 -0.794 -1.01 -1.176
thin2 1 thin_disk 8.77815125 -0.5 0.0048313 2.33305788 2.332 7.407175674 6823.386941 3.064 -1.068 -1.223 -1.253 -0.819 -1.064 -1.252
thin2 1 thin_disk 8.77815125 -0.5 0.0048313 2.33321023 2.332 7.765199982 6637.430704 3.023 -1.113 -1.294 -1.326 -0.841 -1.115 -1.325
thin2 1 thin_disk 8.77815125 -0.5 0.0048313 2.333352804 2.332 8.114329605 6466.957398 2.985 -1.153 -1.358 -1.392 -0.857 -1.16 -1.391
thin2 1 thin_disk 8.77815125 -0.5 0.0048313 2.33348608 2.332 8.434369924 6313.933449 2.951 -1.185 -1.412 -1.449 -0.868 -1.197 -1.448
thin2 1 thin_disk 8.77815125 -0.5 0.0048313 2.333613634 2.332 8.726752214 6178.74113 2.922 -1.208 -1.456 -1.496 -0.872 -1.225 -1.494
thin2 1 thin_disk 8.77815125 -0.5 0.0048313 2.333747387 2.332 8.969178038 6056.197087 2.898 -1.224 -1.492 -1.534 -0.869 -1.245 -1.532
thin2 1 thin_disk 8.77815125 -0.5 0.0048313 2.333902121 2.333 9.159096713 5941.553335 2.879 -1.228 -1.517 -1.561 -0.854 -1.255 -1.559
thin2 1 thin_disk 8.77815125 -0.5 0.0048313 2.334112406 2.333 9.312207505 5811.65734 2.865 -1.212 -1.525 -1.573 -0.817 -1.245 -1.571
thin2 1 thin_disk 8.77815125 -0.5 0.0048313 2.334303856 2.333 9.359499918 5710.840095 2.861 -1.178 -1.51 -1.561 -0.766 -1.217 -1.559
thin2 1 thin_disk 8.77815125 -0.5 0.0048313 2.334494352 2.333 9.342274952 5618.236281 2.863 -1.133 -1.482 -1.536 -0.704 -1.177 -1.534
thin2 1 thin_disk 8.77815125 -0.5 0.0048313 2.334722042 2.333 9.314351967 5514.422024 2.865 -1.081 -1.453 -1.511 -0.632 -1.132 -1.508
thin2 1 thin_disk 8.77815125 -0.5 0.0048313 2.334948063 2.334 9.44392751 5413.772479 2.853 -1.063 -1.457 -1.517 -0.594 -1.121 -1.515
thin2 1 thin_disk 8.77815125 -0.5 0.0048313 2.335004807 2.334 9.498447898 5388.898454 2.849 -1.063 -1.463 -1.524 -0.59 -1.123 -1.521
thin2 1 thin_disk 8.77815125 -0.5 0.0048313 2.335059643 2.334 9.595169364 5367.84541 2.839 -1.076 -1.48 -1.542 -0.598 -1.137 -1.539
thin2 1 thin_disk 8.77815125 -0.5 0.0048313 2.335334063 2.334 10.27430952 5268.657897 2.78 -1.176 -1.603 -1.667 -0.679 -1.244 -1.664
thin2 1 thin_disk 8.77815125 -0.5 0.0048313 2.335553408 2.334 10.93837089 5207.14894 2.726 -1.281 -1.722 -1.788 -0.77 -1.353 -1.785
thin2 1 thin_disk 8.77815125 -0.5 0.0048313 2.335772514 2.334 11.58117555 5160.597647 2.676 -1.382 -1.834 -1.902 -0.86 -1.458 -1.899
thin2 1 thin_disk 8.77815125 -0.5 0.0048313 2.336046457 2.335 12.34674972 5114.462516 2.62 -1.496 -1.96 -2.029 -0.964 -1.576 -2.027
thin2 1 thin_disk 8.77815125 -0.5 0.0048313 2.336319923 2.335 13.08135239 5075.74739 2.57 -1.601 -2.075 -2.146 -1.06 -1.685 -2.143
thin2 1 thin_disk 8.77815125 -0.5 0.0048313 2.336593151 2.335 13.84690284 5039.645636 2.521 -1.704 -2.187 -2.259 -1.154 -1.791 -2.256
thin2 1 thin_disk 8.77815125 -0.5 0.0048313 2.336865902 2.336 14.62691188 5006.105525 2.473 -1.806 -2.298 -2.371 -1.248 -1.896 -2.369
thin2 1 thin_disk 8.77815125 -0.5 0.0048313 2.3369205 2.336 14.79628353 5000.34535 2.464 -1.827 -2.32 -2.394 -1.267 -1.917 -2.391
thin2 1 thin_disk 8.77815125 -0.5 0.0048313 2.337038279 2.336 15.14441998 4985.399893 2.443 -1.871 -2.368 -2.442 -1.308 -1.963 -2.44
thin2 1 thin_disk 8.77815125 -0.5 0.0048313 2.337155104 2.336 15.51145884 4971.643737 2.422 -1.915 -2.416 -2.491 -1.349 -2.008 -2.488
thin2 1 thin_disk 8.77815125 -0.5 0.0048313 2.33744669 2.336 16.46844694 4937.419182 2.37 -2.026 -2.536 -2.612 -1.452 -2.122 -2.609
thin2 1 thin_disk 8.77815125 -0.5 0.0048313 2.337738037 2.336 17.4764269 4904.559414 2.319 -2.137 -2.655 -2.732 -1.554 -2.236 -2.729
thin2 1 thin_disk 8.77815125 -0.5 0.0048313 2.338029385 2.337 18.53756321 4873.040266 2.268 -2.245 -2.772 -2.851 -1.655 -2.347 -2.848
thin2 1 thin_disk 8.77815125 -0.5 0.0048313 2.338320494 2.337 19.63146205 4842.838652 2.218 -2.353 -2.889 -2.969 -1.755 -2.458 -2.966
thin2 1 thin_disk 8.77815125 -0.5 0.0048313 2.338611364 2.337 20.79948802 4811.716153 2.168 -2.461 -3.006 -3.087 -1.855 -2.57 -3.084
thin2 1 thin_disk 8.77815125 -0.5 0.0048313 2.33890152 2.338 22.06239444 4780.793661 2.117 -2.57 -3.124 -3.206 -1.955 -2.682 -3.204
thin2 1 thin_disk 8.77815125 -0.5 0.0048313 2.339192152 2.338 23.4127617 4748.976276 2.066 -2.679 -3.242 -3.326 -2.056 -2.794 -3.323
thin2 1 thin_disk 8.77815125 -0.5 0.0048313 2.339500189 2.338 24.95471676 4715.198713 2.01 -2.797 -3.37 -3.456 -2.165 -2.916 -3.453
thin2 1 thin_disk 8.77815125 -0.5 0.0048313 2.339808703 2.338 26.6227335 4679.505909 1.954 -2.917 -3.496 -3.585 -2.275 -3.038 -3.582
thin2 1 thin_disk 8.77815125 -0.5 0.0048313 2.340067387 2.339 28.12889325 4650.503762 1.906 -3.018 -3.602 -3.693 -2.367 -3.14 -3.69
thin2 1 thin_disk 8.77815125 -0.5 0.0048313 2.340382338 2.339 29.96074752 4616.363515 1.851 -3.135 -3.725 -3.82 -2.473 -3.259 -3.817
thin2 1 thin_disk 8.77815125 -0.5 0.0048313 2.340559244 2.339 30.85692499 4601.506078 1.826 -3.187 -3.779 -3.876 -2.521 -3.312 -3.873
thin2 1 thin_disk 8.77815125 -0.5 0.0048313 2.340716124 2.339 29.81622416 4619.553488 1.856 -3.125 -3.714 -3.809 -2.464 -3.249 -3.806
thin2 1 thin_disk 8.77815125 -0.5 0.0048313 2.340961695 2.34 28.10299751 4652.645891 1.907 -3.018 -3.601 -3.693 -2.367 -3.14 -3.69
thin2 1 thin_disk 8.77815125 -0.5 0.0048313 2.34132266 2.34 26.57373776 4683.817879 1.956 -2.915 -3.493 -3.582 -2.274 -3.036 -3.579
thin2 1 thin_disk 8.77815125 -0.5 0.0048313 2.341840267 2.34 25.1682283 4714.113124 2.003 -2.816 -3.389 -3.475 -2.183 -2.935 -3.472
thin2 1 thin_disk 8.77815125 -0.5 0.0048313 2.342648506 2.341 23.61851808 4750.069894 2.058 -2.7 -3.262 -3.347 -2.077 -2.815 -3.344
thin2 1 thin_disk 8.77815125 -0.5 0.0048313 2.343278646 2.342 22.36931292 4780.793661 2.105 -2.601 -3.154 -3.237 -1.986 -2.712 -3.234
thin2 1 thin_disk 8.77815125 -0.5 0.0048313 2.343888044 2.343 21.12772059 4812.824219 2.155 -2.496 -3.041 -3.122 -1.89 -2.605 -3.119
thin2 1 thin_disk 8.77815125 -0.5 0.0048313 2.344396114 2.343 20.10724848 4840.608956 2.198 -2.405 -2.941 -3.022 -1.806 -2.511 -3.019
thin2 1 thin_disk 8.77815125 -0.5 0.0048313 2.344898462 2.344 19.13606532 4868.554097 2.242 -2.313 -2.841 -2.92 -1.721 -2.415 -2.917
thin2 1 thin_disk 8.77815125 -0.5 0.0048313 2.345411777 2.344 18.18246017 4897.788194 2.286 -2.218 -2.737 -2.815 -1.634 -2.317 -2.812
thin2 1 thin_disk 8.77815125 -0.5 0.0048313 2.345959187 2.345 17.2287054 4928.332492 2.333 -2.118 -2.63 -2.706 -1.542 -2.215 -2.703
thin2 1 thin_disk 8.77815125 -0.5 0.0048313 2.346545935 2.345 16.29868795 4960.209274 2.381 -2.016 -2.52 -2.595 -1.447 -2.11 -2.592
thin2 1 thin_disk 8.77815125 -0.5 0.0048313 2.347304344 2.346 15.2775124 4998.043136 2.438 -1.895 -2.39 -2.463 -1.336 -1.986 -2.46
thin2 1 thin_disk 8.77815125 -0.5 0.0048313 2.348235369 2.347 14.2512397 5039.645636 2.499 -1.766 -2.25 -2.322 -1.216 -1.853 -2.319
thin2 1 thin_disk 8.77815125 -0.5 0.0048313 2.349522829 2.348 13.19631412 5088.61976 2.566 -1.625 -2.096 -2.166 -1.087 -1.708 -2.164
thin2 1 thin_disk 8.77815125 -0.5 0.0048313 2.35142374 2.35 12.19979814 5145.173214 2.633 -1.487 -1.944 -2.012 -0.962 -1.565 -2.009
thin2 1 thin_disk 8.77815125 -0.5 0.0048313 2.35500288 2.354 11.31495015 5223.96189 2.7 -1.364 -1.8 -1.866 -0.856 -1.435 -1.864
thin2 1 thin_disk 8.77815125 -0.5 0.0048313 2.356718302 2.355 11.05993679 5256.54032 2.72 -1.33 -1.76 -1.824 -0.83 -1.399 -1.822
thin2 1 thin_disk 8.77815125 -0.5 0.0048313 2.358784676 2.357 11.06757936 5269.87119 2.72 -1.337 -1.763 -1.828 -0.839 -1.405 -1.825
thin2 1 thin_disk 8.77815125 -0.5 0.0048313 2.369457722 2.368 11.30453349 5286.886659 2.703 -1.393 -1.816 -1.879 -0.899 -1.46 -1.877
thin2 1 thin_disk 8.77815125 -0.5 0.0048313 2.373910904 2.373 11.4117604 5295.414984 2.696 -1.417 -1.837 -1.9 -0.924 -1.483 -1.898
thin2 1 thin_disk 8.77815125 -0.5 0.0048313 2.397690773 2.396 12.11860541 5310.06699 2.648 -1.556 -1.974 -2.037 -1.067 -1.621 -2.034
thin2 1 thin_disk 8.77815125 -0.5 0.0048313 2.418685436 2.417 12.86626953 5316.183951 2.599 -1.689 -2.105 -2.168 -1.2 -1.754 -2.165
thin2 1 thin_disk 8.77815125 -0.5 0.0048313 2.419138908 2.418 12.8810909 5316.183951 2.598 -1.692 -2.108 -2.171 -1.203 -1.757 -2.168
thin2 1 thin_disk 8.77815125 -0.5 0.0048313 2.4390347 2.438 13.7167949 5317.408188 2.548 -1.827 -2.243 -2.305 -1.339 -1.892 -2.303
thin2 1 thin_disk 8.77815125 -0.5 0.0048313 2.460143328 2.459 14.63701928 5310.06699 2.495 -1.967 -2.384 -2.447 -1.477 -2.032 -2.445
thin2 1 thin_disk 8.77815125 -0.5 0.0048313 2.463276148 2.462 14.78606615 5307.622176 2.487 -1.987 -2.405 -2.468 -1.497 -2.053 -2.465
thin2 1 thin_disk 8.77815125 -0.5 0.0048313 2.471406221 2.47 15.17933147 5286.886659 2.466 -2.034 -2.456 -2.519 -1.538 -2.1 -2.517
thin2 1 thin_disk 8.77815125 -0.5 0.0048313 2.495138884 2.494 16.62465513 5160.597647 2.391 -2.168 -2.619 -2.687 -1.646 -2.244 -2.684
thin2 1 thin_disk 8.77815125 -0.5 0.0048313 2.501122475 2.5 17.80133794 5053.589948 2.332 -2.261 -2.739 -2.811 -1.715 -2.346 -2.808
thin2 1 thin_disk 8.77815125 -0.5 0.0048313 2.502067804 2.501 19.04814309 4981.95729 2.274 -2.368 -2.864 -2.939 -1.805 -2.459 -2.936
thin2 1 thin_disk 8.77815125 -0.5 0.0048313 2.502310038 2.501 20.26994848 4930.602596 2.219 -2.476 -2.986 -3.062 -1.9 -2.572 -3.059
thin2 1 thin_disk 8.77815125 -0.5 0.0048313 2.502371311 2.501 20.88587358 4907.948534 2.194 -2.527 -3.043 -3.12 -1.946 -2.625 -3.118
thin2 1 thin_disk 8.77815125 -0.5 0.0048313 2.502435684 2.501 22.24603647 4866.312561 2.139 -2.641 -3.168 -3.248 -2.049 -2.743 -3.245
thin2 1 thin_disk 8.77815125 -0.5 0.0048313 2.502493858 2.501 23.41815331 4833.926025 2.094 -2.733 -3.269 -3.35 -2.132 -2.838 -3.347
thin2 1 thin_disk 8.77815125 -0.5 0.0048313 2.502753019 2.502 23.73846566 4826.140933 2.082 -2.758 -3.297 -3.378 -2.156 -2.865 -3.375
thin2 1 thin_disk 8.77815125 -0.5 0.0048313 2.504310608 2.503 23.2408841 4838.380287 2.102 -2.718 -3.253 -3.334 -2.119 -2.823 -3.331
thin2 1 thin_disk 8.77815125 -0.5 0.0048313 2.50492096 2.504 24.38667805 4808.393484 2.06 -2.805 -3.349 -3.431 -2.197 -2.913 -3.428
thin2 1 thin_disk 8.77815125 -0.5 0.0048313 2.505463362 2.504 25.87930714 4770.896554 2.008 -2.913 -3.468 -3.551 -2.295 -3.025 -3.549
thin2 1 thin_disk 8.77815125 -0.5 0.0048313 2.506071567 2.505 27.55831404 4733.692033 1.953 -3.028 -3.59 -3.676 -2.4 -3.142 -3.674
thin2 1 thin_disk 8.77815125 -0.5 0.0048313 2.506655216 2.505 29.44778576 4691.373388 1.896 -3.145 -3.716 -3.805 -2.506 -3.262 -3.802
thin2 1 thin_disk 8.77815125 -0.5 0.0048313 2.507180452 2.506 31.54660623 4640.876378 1.836 -3.263 -3.845 -3.939 -2.609 -3.384 -3.935
thin2 1 thin_disk 8.77815125 -0.5 0.0048313 2.507540703 2.506 33.28531297 4599.387494 1.79 -3.351 -3.941 -4.039 -2.684 -3.475 -4.036
thin2 1 thin_disk 8.77815125 -0.5 0.0048313 2.507982969 2.506 35.38772509 4564.57135 1.736 -3.463 -4.06 -4.161 -2.785 -3.589 -4.158
thin2 1 thin_disk 8.77815125 -0.5 0.0048313 2.508382559 2.507 37.66627257 4530.018754 1.683 -3.574 -4.177 -4.283 -2.884 -3.703 -4.28
thin2 1 thin_disk 8.77815125 -0.5 0.0048313 2.508740663 2.507 40.22097969 4488.487293 1.626 -3.687 -4.3 -4.41 -2.982 -3.819 -4.407
thin2 1 thin_disk 8.77815125 -0.5 0.0048313 2.509063482 2.507 42.74178396 4455.536441 1.573 -3.798 -4.416 -4.531 -3.08 -3.932 -4.528
thin2 1 thin_disk 8.77815125 -0.5 0.0048313 2.509354591 2.507 45.47289926 4422.827487 1.519 -3.908 -4.532 -4.652 -3.177 -4.044 -4.649
thin2 1 thin_disk 8.77815125 -0.5 0.0048313 2.509619713 2.507 48.34512025 4389.347855 1.466 -4.017 -4.651 -4.775 -3.275 -4.157 -4.771
thin2 1 thin_disk 8.77815125 -0.5 0.0048313 2.509862661 2.507 51.39876037 4356.121655 1.412 -4.127 -4.77 -4.898 -3.372 -4.27 -4.894
thin2 1 thin_disk 8.77815125 -0.5 0.0048313 2.510087252 2.507 54.64527865 4323.146969 1.359 -4.235 -4.889 -5.021 -3.468 -4.382 -5.017
thin2 1 thin_disk 8.77815125 -0.5 0.0048313 2.510295868 2.507 58.16378291 4290.421892 1.306 -4.343 -5.008 -5.143 -3.564 -4.495 -5.14
thin2 1 thin_disk 8.77815125 -0.5 0.0048313 2.510489464 2.506 61.83760273 4257.944536 1.252 -4.452 -5.126 -5.266 -3.66 -4.608 -5.262
thin2 1 thin_disk 8.77815125 -0.5 0.0048313 2.510669708 2.506 65.7737563 4224.74013 1.199 -4.559 -5.245 -5.389 -3.755 -4.72 -5.385
thin2 1 thin_disk 8.77815125 -0.5 0.0048313 2.51083827 2.506 69.96045814 4191.794659 1.145 -4.667 -5.363 -5.512 -3.85 -4.833 -5.508
thin2 1 thin_disk 8.77815125 -0.5 0.0048313 2.510997534 2.505 74.41365644 4159.106105 1.091 -4.774 -5.481 -5.635 -3.945 -4.945 -5.631
thin2 1 thin_disk 8.77815125 -0.5 0.0048313 2.511149645 2.505 79.18677296 4125.722371 1.037 -4.882 -5.601 -5.759 -4.04 -5.058 -5.755
thin2 1 thin_disk 8.77815125 -0.5 0.0048313 2.511296988 2.504 84.36312233 4092.606597 0.982 -4.991 -5.722 -5.885 -4.136 -5.173 -5.881
thin2 1 thin_disk 8.77815125 -0.5 0.0048313 2.511442661 2.503 89.96066245 4057.887476 0.925 -5.103 -5.844 -6.014 -4.234 -5.29 -6.009
thin2 1 thin_disk 8.77815125 -0.5 0.0048313 2.511591196 2.502 96.19503231 4022.53656 0.867 -5.217 -5.97 -6.146 -4.333 -5.409 -6.141
thin2 1 thin_disk 8.77815125 -0.5 0.0048313 2.511782169 2.5 104.4846867 3979.238776 0.796 -5.358 -6.126 -6.309 -4.456 -5.557 -6.304
thin2 1 thin_disk 8.77815125 -0.5 0.0048313 2.511960268 2.498 112.5000317 3940.034276 0.731 -5.483 -6.265 -6.455 -4.564 -5.689 -6.45
thin2 1 thin_disk 8.77815125 -0.5 0.0048313 2.512028694 2.497 117.2067557 3918.320894 0.695 -5.553 -6.342 -6.536 -4.625 -5.763 -6.531
thin2 1 thin_disk 8.77815125 -0.5 0.0048313 2.512088299 2.496 121.8576069 3898.522096 0.661 -5.619 -6.415 -6.613 -4.682 -5.832 -6.608
thin2 1 thin_disk 8.77815125 -0.5 0.0048313 2.512151718 2.494 127.8358445 3872.576449 0.619 -5.701 -6.506 -6.709 -4.753 -5.919 -6.704
thin2 1 thin_disk 8.77815125 -0.5 0.0048313 2.512224436 2.493 135.2859342 3843.262072 0.57 -5.795 -6.611 -6.819 -4.834 -6.018 -6.814
thin2 1 thin_disk 8.77815125 -0.5 0.0048313 2.512314796 2.491 144.9281154 3806.273576 0.51 -5.91 -6.739 -6.955 -4.932 -6.14 -6.95
thin2 1 thin_disk 8.77815125 -0.5 0.0048313 2.512349129 2.489 147.7585583 3795.77097 0.492 -5.944 -6.776 -6.994 -4.96 -6.176 -6.989
thin2 1 thin_disk 8.77815125 -0.5 0.0048313 2.512357473 2.489 150.5749213 3786.169041 0.476 -5.976 -6.812 -7.032 -4.987 -6.209 -7.026
thin2 1 thin_disk 8.77815125 -0.5 0.0048313 2.51236701 2.489 153.7632836 3774.852617 0.458 -6.01 -6.849 -7.071 -5.016 -6.245 -7.065
thin2 1 thin_disk 8.77815125 -0.5 0.0048313 2.512377977 2.488 156.7662771 3764.436711 0.44 -6.044 -6.887 -7.111 -5.045 -6.281 -7.106
thin2 1 thin_disk 8.77815125 -0.5 0.0048313 2.512398005 2.488 160.3439747 3752.321139 0.421 -6.081 -6.928 -7.154 -5.076 -6.32 -7.149
thin2 1 thin_disk 8.77815125 -0.5 0.0048313 2.512416601 2.487 152.5290779 3779.20108 0.465 -5.996 -6.834 -7.055 -5.004 -6.231 -7.05
thin2 1 thin_disk 8.77815125 -0.5 0.0048313 2.51241684 2.487 161.1954002 3748.866715 0.416 -6.091 -6.938 -7.166 -5.084 -6.33 -7.16
thin2 1 thin_disk 8.77815125 -0.5 0.0048313 2.512417078 2.487 176.1378313 3697.430335 0.339 -6.236 -7.1 -7.338 -5.202 -6.484 -7.332
thin2 1 thin_disk 8.77815125 -0.5 0.0048313 2.512417316 2.487 174.282044 3704.24753 0.348 -6.219 -7.08 -7.317 -5.189 -6.466 -7.311
thin2 1 thin_disk 8.77815125 -0.5 0.0048313 2.512417555 2.487 168.3265587 3723.917063 0.378 -6.162 -7.017 -7.25 -5.142 -6.406 -7.244
thin2 1 thin_disk 8.77815125 -0.5 0.0048313 2.512417793 2.487 165.4827178 3734.220854 0.393 -6.134 -6.985 -7.216 -5.119 -6.375 -7.21
thin2 1 thin_disk 8.77815125 -0.5 0.0048313 2.51241827 2.487 165.216206 3735.080789 0.395 -6.132 -6.983 -7.213 -5.117 -6.373 -7.208
thin2 1 thin_disk 8.77815125 -0.5 0.0048313 2.512418747 2.487 161.9767366 3746.277983 0.412 -6.098 -6.946 -7.174 -5.09 -6.338 -7.169
thin2 1 thin_disk 8.77815125 -0.5 0.0048313 2.512419701 2.487 158.800785 3757.508745 0.429 -6.066 -6.91 -7.136 -5.063 -6.304 -7.13
thin2 1 thin_disk 8.77815125 -0.5 0.0048313 2.512420654 2.487 156.0100747 3767.03799 0.444 -6.036 -6.878 -7.101 -5.038 -6.273 -7.096
thin2 1 thin_disk 8.77815125 -0.5 0.0048313 2.512421608 2.487 153.3390064 3775.721909 0.459 -6.007 -6.846 -7.068 -5.013 -6.242 -7.062
thin2 1 thin_disk 8.77815125 -0.5 0.0048313 2.512423039 2.487 150.8178151 3785.297344 0.474 -5.978 -6.814 -7.034 -4.989 -6.211 -7.029
thin2 1 thin_disk 8.77815125 -0.5 0.0048313 2.512424469 2.486 148.2356441 3794.023355 0.489 -5.949 -6.782 -7 -4.964 -6.181 -6.995
thin2 1 thin_disk 8.77815125 -0.5 0.0048313 2.512426376 2.486 145.6976828 3802.769482 0.504 -5.92 -6.75 -6.967 -4.939 -6.15 -6.961
thin2 1 thin_disk 8.77815125 -0.5 0.0048313 2.512429714 2.486 142.972544 3812.413511 0.521 -5.886 -6.713 -6.927 -4.91 -6.115 -6.922
thin2 1 thin_disk 8.77815125 -0.5 0.0048313 2.51243782 2.486 140.0724242 3822.962166 0.538 -5.853 -6.676 -6.888 -4.882 -6.08 -6.883
thin2 1 thin_disk 8.77815125 -0.5 0.0048313 2.512441635 2.486 141.8249519 3816.805242 0.527 -5.874 -6.699 -6.913 -4.9 -6.102 -6.908
thin2 1 thin_disk 8.77815125 -0.5 0.0048313 2.512445211 2.486 145.6976828 3802.769482 0.504 -5.918 -6.749 -6.965 -4.938 -6.149 -6.96
thin2 1 thin_disk 8.77815125 -0.5 0.0048313 2.512449503 2.486 150.1594417 3787.040939 0.478 -5.969 -6.804 -7.024 -4.981 -6.202 -7.019
thin2 1 thin_disk 8.77815125 -0.5 0.0048313 2.51245451 2.486 155.0074761 3770.509158 0.45 -6.025 -6.865 -7.088 -5.028 -6.261 -7.083
thin2 1 thin_disk 8.77815125 -0.5 0.0048313 2.512459993 2.485 160.9357932 3749.730022 0.417 -6.087 -6.934 -7.162 -5.081 -6.327 -7.156
thin2 1 thin_disk 8.77815125 -0.5 0.0048313 2.512467146 2.485 163.6261247 3740.24456 0.403 -6.116 -6.966 -7.195 -5.104 -6.356 -7.189
thin2 1 thin_disk 8.77815125 -0.5 0.0048313 2.512479067 2.484 180.0332182 3688.926481 0.32 -6.275 -7.141 -7.381 -5.236 -6.524 -7.375
thin2 1 thin_disk 8.77815125 -0.5 0.0048313 2.512500525 2.483 196.5407662 3639.988403 0.244 -6.42 -7.301 -7.551 -5.353 -6.677 -7.545
thin2 1 thin_disk 8.77815125 -0.5 0.0048313 2.512521744 2.481 203.5882198 3619.928562 0.212 -6.479 -7.367 -7.621 -5.4 -6.739 -7.615
thin2 1 thin_disk 8.77815125 -0.5 0.0048313 2.512523174 2.481 203.5882198 3619.928562 0.212 -6.479 -7.367 -7.621 -5.4 -6.739 -7.615
thin2 1 thin_disk 8.77815125 -0.5 0.0048313 2.512524366 2.48 191.7134775 3655.947916 0.265 -6.381 -7.258 -7.504 -5.324 -6.636 -7.498
thin2 1 thin_disk 8.77815125 -0.5 0.0048313 2.512524366 2.48 187.6517612 3667.752316 0.283 -6.345 -7.218 -7.462 -5.324 -6.636 -7.498
thin2 1 thin_disk 8.77815125 -0.5 0.0048313 2.512526512 2.48 144.0962387 3810.658234 0.512 -5.904 -6.731 -6.946 -4.927 -6.133 -6.941
thin2 1 thin_disk 8.77815125 -0.5 0.0048313 2.512529612 2.48 122.9285177 3899.419867 0.65 -5.641 -6.436 -6.635 -4.704 -5.854 -6.63
thin2 1 thin_disk 8.77815125 -0.5 0.0048313 2.512534142 2.479 130.1225738 3867.229981 0.602 -5.733 -6.54 -6.744 -4.782 -5.952 -6.739
thin2 1 thin_disk 8.77815125 -0.5 0.0048313 2.512540102 2.479 150.4016653 3786.169041 0.475 -5.973 -6.809 -7.029 -4.985 -6.207 -7.023
thin2 1 thin_disk 8.77815125 -0.5 0.0048313 2.512547493 2.478 174.1215982 3705.953792 0.348 -6.218 -7.079 -7.315 -5.188 -6.464 -7.309
thin2 1 thin_disk 8.77815125 -0.5 0.0048313 2.512556553 2.477 192.6871019 3650.900525 0.26 -6.388 -7.266 -7.513 -5.327 -6.643 -7.507
thin2 1 thin_disk 8.77815125 -0.5 0.0048313 2.51256752 2.476 202.979718 3623.264176 0.214 -6.475 -7.362 -7.615 -5.398 -6.735 -7.609
thin2 1 thin_disk 8.77815125 -0.5 0.0048313 2.512579918 2.475 207.4687283 3610.771451 0.195 -6.511 -7.401 -7.657 -5.426 -6.773 -7.651
thin2 1 thin_disk 8.77815125 -0.5 0.0048313 2.512594461 2.474 209.3402049 3604.956263 0.187 -6.527 -7.418 -7.676 -5.438 -6.789 -7.669
thin2 1 thin_disk 8.77815125 -0.5 0.0048313 2.5125947 2.473 235.3166434 3544.051303 0.085 -6.727 -7.634 -7.905 -5.595 -6.997 -7.898
thin2 1 thin_disk 8.77815125 -0.5 0.0048313 2.51259613 2.473 194.6940345 3642.503687 0.25 -6.403 -7.284 -7.533 -5.338 -6.66 -7.527
thin2 1 thin_disk 8.77815125 -0.5 0.0048313 2.512598515 2.473 149.8485845 3784.425847 0.477 -5.965 -6.801 -7.021 -4.975 -6.198 -7.016
thin2 1 thin_disk 8.77815125 -0.5 0.0048313 2.512602806 2.473 127.8358445 3872.576449 0.615 -5.701 -6.507 -6.71 -4.753 -5.919 -6.705
thin2 1 thin_disk 8.77815125 -0.5 0.0048313 2.512608528 2.472 135.254787 3841.492592 0.566 -5.795 -6.611 -6.82 -4.832 -6.018 -6.815
thin2 1 thin_disk 8.77815125 -0.5 0.0048313 2.512616158 2.471 156.3337138 3760.971133 0.44 -6.035 -6.879 -7.104 -5.034 -6.273 -7.098
thin2 1 thin_disk 8.77815125 -0.5 0.0048313 2.512625694 2.47 180.9058641 3682.137482 0.314 -6.278 -7.147 -7.388 -5.236 -6.529 -7.382
thin2 1 thin_disk 8.77815125 -0.5 0.0048313 2.512637377 2.469 200.0104306 3629.108896 0.226 -6.447 -7.332 -7.585 -5.374 -6.706 -7.579
thin2 1 thin_disk 8.77815125 -0.5 0.0048313 2.512651205 2.467 210.7912818 3600.808292 0.18 -6.537 -7.43 -7.688 -5.445 -6.8 -7.681
thin2 1 thin_disk 8.77815125 -0.5 0.0048313 2.512667417 2.465 215.6019303 3589.219346 0.16 -6.576 -7.471 -7.732 -5.476 -6.84 -7.725
thin2 1 thin_disk 8.77815125 -0.5 0.0048313 2.512686014 2.463 218.1487078 3582.613846 0.149 -6.596 -7.493 -7.754 -5.491 -6.861 -7.748
thin2 1 thin_disk 8.77815125 -0.5 0.0048313 2.512686253 2.463 247.2023784 3518.033738 0.041 -6.808 -7.722 -7.999 -5.654 -7.082 -7.991
thin2 1 thin_disk 8.77815125 -0.5 0.0048313 2.512687683 2.462 204.4337734 3616.59602 0.206 -6.485 -7.373 -7.628 -5.404 -6.745 -7.622
thin2 1 thin_disk 8.77815125 -0.5 0.0048313 2.512690544 2.462 157.5987051 3756.643646 0.431 -6.049 -6.894 -7.12 -5.046 -6.287 -7.114
thin2 1 thin_disk 8.77815125 -0.5 0.0048313 2.512694836 2.461 134.3855722 3845.032367 0.57 -5.783 -6.597 -6.806 -4.822 -6.005 -6.801
thin2 1 thin_disk 8.77815125 -0.5 0.0048313 2.512701035 2.461 142.0864439 3813.291453 0.521 -5.875 -6.702 -6.916 -4.9 -6.104 -6.911
thin2 1 thin_disk 8.77815125 -0.5 0.0048313 2.512709379 2.459 163.9655631 3734.220854 0.397 -6.113 -6.965 -7.196 -5.099 -6.355 -7.19
thin2 1 thin_disk 8.77815125 -0.5 0.0048313 2.512719631 2.458 188.996014 3656.789826 0.273 -6.351 -7.227 -7.474 -5.294 -6.606 -7.468
thin2 1 thin_disk 8.77815125 -0.5 0.0048313 2.512732267 2.456 208.4743579 3604.126286 0.187 -6.517 -7.409 -7.666 -5.428 -6.779 -7.66
thin2 1 thin_disk 8.77815125 -0.5 0.0048313 2.512747288 2.454 219.6102695 3576.844006 0.142 -6.604 -7.503 -7.766 -5.496 -6.87 -7.759
thin2 1 thin_disk 8.77815125 -0.5 0.0048313 2.512764692 2.452 224.4670737 3564.511334 0.123 -6.641 -7.543 -7.809 -5.525 -6.909 -7.802
thin2 1 thin_disk 8.77815125 -0.5 0.0048313 2.512784719 2.449 226.7527928 3558.770648 0.113 -6.659 -7.563 -7.83 -5.539 -6.928 -7.823
thin2 1 thin_disk 8.77815125 -0.5 0.0048313 2.512785196 2.449 259.2702252 3488.992212 -0.003 -6.885 -7.808 -8.092 -5.707 -7.163 -8.083
thin2 1 thin_disk 8.77815125 -0.5 0.0048313 2.512786627 2.448 214.561919 3587.56683 0.161 -6.564 -7.46 -7.72 -5.463 -6.828 -7.714
thin2 1 thin_disk 8.77815125 -0.5 0.0048313 2.512789965 2.448 165.7878291 3726.490342 0.385 -6.13 -6.985 -7.217 -5.112 -6.373 -7.211
thin2 1 thin_disk 8.77815125 -0.5 0.0048313 2.51279521 2.447 141.07584 3815.926491 0.525 -5.861 -6.686 -6.9 -4.887 -6.089 -6.895
thin2 1 thin_disk 8.77815125 -0.5 0.0048313 2.512802601 2.446 149.1600928 3784.425847 0.476 -5.954 -6.79 -7.01 -4.965 -6.188 -7.005
thin2 1 thin_disk 8.77815125 -0.5 0.0048313 2.512812138 2.444 171.7325604 3705.953792 0.353 -6.189 -7.05 -7.286 -5.16 -6.435 -7.281
thin2 1 thin_disk 8.77815125 -0.5 0.0048313 2.512824297 2.442 197.4024983 3629.944626 0.232 -6.421 -7.306 -7.558 -5.349 -6.68 -7.552
thin2 1 thin_disk 8.77815125 -0.5 0.0048313 2.512839079 2.439 217.4966864 3577.667699 0.148 -6.585 -7.483 -7.746 -5.477 -6.85 -7.739
thin2 1 thin_disk 8.77815125 -0.5 0.0048313 2.512856722 2.436 228.5875879 3550.585703 0.104 -6.669 -7.575 -7.843 -5.543 -6.938 -7.836
thin2 1 thin_disk 8.77815125 -0.5 0.0048313 2.512876987 2.433 233.6429305 3538.343568 0.084 -6.705 -7.614 -7.885 -5.569 -6.976 -7.878
thin2 1 thin_disk 8.77815125 -0.5 0.0048313 2.512900591 2.429 236.1308035 3531.831698 0.074 -6.723 -7.634 -7.907 -5.581 -6.995 -7.899
thin2 1 thin_disk 8.77815125 -0.5 0.0048313 2.512901068 2.428 272.6168183 3457.801035 -0.05 -6.965 -7.895 -8.187 -5.756 -7.247 -8.179
thin2 1 thin_disk 8.77815125 -0.5 0.0048313 2.512902737 2.428 225.5031666 3556.313186 0.114 -6.644 -7.549 -7.816 -5.522 -6.913 -7.809
thin2 1 thin_disk 8.77815125 -0.5 0.0048313 2.512906075 2.427 174.6435878 3694.026444 0.336 -6.213 -7.078 -7.316 -5.177 -6.461 -7.31
thin2 1 thin_disk 8.77815125 -0.5 0.0048313 2.51291132 2.426 148.2356441 3785.297344 0.479 -5.94 -6.776 -6.996 -4.951 -6.173 -6.991
thin2 1 thin_disk 8.77815125 -0.5 0.0048313 2.512918711 2.424 156.802378 3753.185242 0.429 -6.033 -6.88 -7.106 -5.028 -6.272 -7.101
thin2 1 thin_disk 8.77815125 -0.5 0.0048313 2.512928724 2.422 180.1161457 3675.360978 0.309 -6.263 -7.134 -7.376 -5.217 -6.515 -7.37
thin2 1 thin_disk 8.77815125 -0.5 0.0048313 2.512941122 2.419 206.2303813 3600.808292 0.19 -6.491 -7.384 -7.641 -5.399 -6.754 -7.635
thin2 1 thin_disk 8.77815125 -0.5 0.0048313 2.512956381 2.416 226.5962117 3549.768245 0.108 -6.648 -7.554 -7.823 -5.522 -6.918 -7.816
thin2 1 thin_disk 8.77815125 -0.5 0.0048313 2.512974262 2.412 237.8771052 3522.89744 0.066 -6.728 -7.642 -7.917 -5.58 -7.002 -7.909
thin2 1 thin_disk 8.77815125 -0.5 0.0048313 2.512995243 2.408 242.858129 3510.750772 0.047 -6.762 -7.679 -7.956 -5.603 -7.037 -7.949
thin2 1 thin_disk 8.77815125 -0.5 0.0048313 2.513019323 2.402 245.1617117 3504.289683 0.037 -6.778 -7.697 -7.976 -5.613 -7.055 -7.968
thin2 1 thin_disk 8.77815125 -0.5 0.0048313 2.5130198 2.402 285.39913 3424.522311 -0.095 -7.037 -7.973 -8.273 -5.791 -7.322 -8.264
thin2 1 thin_disk 8.77815125 -0.5 0.0048313 2.513021231 2.401 236.1308035 3523.70871 0.069 -6.715 -7.628 -7.903 -5.567 -6.988 -7.895
thin2 1 thin_disk 8.77815125 -0.5 0.0048313 2.513024569 2.401 183.0006553 3661.002285 0.29 -6.286 -7.161 -7.406 -5.231 -6.539 -7.4
thin2 1 thin_disk 8.77815125 -0.5 0.0048313 2.513029575 2.399 155.1860378 3753.185242 0.434 -6.01 -6.856 -7.082 -5.005 -6.249 -7.077
thin2 1 thin_disk 8.77815125 -0.5 0.0048313 2.513036966 2.397 163.9655631 3721.34556 0.385 -6.102 -6.959 -7.191 -5.081 -6.346 -7.186
thin2 1 thin_disk 8.77815125 -0.5 0.0048313 2.513046503 2.395 187.954464 3645.860102 0.267 -6.327 -7.208 -7.456 -5.264 -6.584 -7.45
thin2 1 thin_disk 8.77815125 -0.5 0.0048313 2.513058424 2.391 214.3643912 3572.728382 0.151 -6.55 -7.45 -7.713 -5.439 -6.816 -7.707
thin2 1 thin_disk 8.77815125 -0.5 0.0048313 2.513072967 2.388 234.7754301 3523.70871 0.072 -6.701 -7.614 -7.889 -5.553 -6.974 -7.881
thin2 1 thin_disk 8.77815125 -0.5 0.0048313 2.513090372 2.383 245.6702936 3498.645985 0.032 -6.777 -7.697 -7.977 -5.607 -7.054 -7.969
thin2 1 thin_disk 8.77815125 -0.5 0.0048313 2.513110638 2.378 250.4105631 3487.385841 0.015 -6.807 -7.73 -8.014 -5.629 -7.086 -8.005
thin2 1 thin_disk 8.77815125 -0.5 0.0048313 2.513133764 2.372 252.2624706 3482.571166 0.006 -6.821 -7.745 -8.03 -5.637 -7.1 -8.021
thin2 1 thin_disk 8.77815125 -0.5 0.0048313 2.513134241 2.371 296.1778968 3398.599585 -0.133 -7.089 -8.034 -8.342 -5.81 -7.377 -8.333
thin2 1 thin_disk 8.77815125 -0.5 0.0048313 2.513135672 2.371 244.9360133 3497.840484 0.031 -6.771 -7.692 -7.972 -5.6 -7.048 -7.964
thin2 1 thin_disk 8.77815125 -0.5 0.0048313 2.51313901 2.37 190.2622572 3634.126161 0.251 -6.344 -7.229 -7.479 -5.275 -6.603 -7.473
thin2 1 thin_disk 8.77815125 -0.5 0.0048313 2.513144255 2.368 161.0840888 3726.490342 0.396 -6.067 -6.922 -7.153 -5.049 -6.31 -7.148
thin2 1 thin_disk 8.77815125 -0.5 0.0048313 2.513151646 2.366 170.3933514 3694.877123 0.347 -6.159 -7.025 -7.263 -5.124 -6.408 -7.257
thin2 1 thin_disk 8.77815125 -0.5 0.0048313 2.513161182 2.362 194.873437 3619.928562 0.229 -6.382 -7.271 -7.524 -5.304 -6.643 -7.518
thin2 1 thin_disk 8.77815125 -0.5 0.0048313 2.51317358 2.359 221.8976203 3548.133892 0.116 -6.601 -7.509 -7.777 -5.474 -6.871 -7.77
thin2 1 thin_disk 8.77815125 -0.5 0.0048313 2.513188362 2.354 242.3553688 3500.257542 0.038 -6.749 -7.669 -7.949 -5.582 -7.026 -7.941
thin2 1 thin_disk 8.77815125 -0.5 0.0048313 2.513206005 2.348 253.4852217 3476.161938 -0.002 -6.824 -7.751 -8.036 -5.636 -7.105 -8.028
thin2 1 thin_disk 8.77815125 -0.5 0.0048313 2.513226509 2.342 258.3762822 3464.974158 -0.02 -6.856 -7.785 -8.073 -5.657 -7.137 -8.064
thin2 1 thin_disk 8.77815125 -0.5 0.0048313 2.513250113 2.335 260.7069716 3459.393778 -0.029 -6.871 -7.801 -8.091 -5.666 -7.153 -8.082
thin2 1 thin_disk 8.77815125 -0.5 0.0048313 2.513250589 2.334 307.9304558 3373.649809 -0.174 -7.047 -7.983 -8.31 -5.793 -7.332 -8.3
thin2 1 thin_disk 8.77815125 -0.5 0.0048313 2.513252258 2.333 255.4186734 3468.965654 -0.011 -6.763 -7.659 -7.962 -5.56 -7.026 -7.954
thin2 1 thin_disk 8.77815125 -0.5 0.0048313 2.513255835 2.332 198.9081806 3601.637504 0.206 -6.381 -7.222 -7.495 -5.248 -6.614 -7.488
thin2 1 thin_disk 8.77815125 -0.5 0.0048313 2.513261557 2.329 168.210323 3693.17596 0.351 -6.121 -6.925 -7.179 -5.034 -6.334 -7.173
thin2 1 thin_disk 8.77815125 -0.5 0.0048313 2.513269663 2.326 178.1774113 3659.31672 0.3 -6.208 -7.025 -7.286 -5.104 -6.428 -7.28
thin2 1 thin_disk 8.77815125 -0.5 0.0048313 2.513280392 2.321 204.0105585 3580.964371 0.182 -6.41 -7.26 -7.537 -5.266 -6.648 -7.53
thin2 1 thin_disk 8.77815125 -0.5 0.0048313 2.513293743 2.316 232.622996 3503.482883 0.067 -6.603 -7.485 -7.78 -5.418 -6.858 -7.772
thin2 1 thin_disk 8.77815125 -0.5 0.0048313 2.513309956 2.309 254.9486079 3448.259966 -0.014 -6.731 -7.638 -7.945 -5.518 -7 -7.937
thin2 1 thin_disk 8.77815125 -0.5 0.0048313 2.513329506 2.3 267.9493111 3414.286808 -0.059 -6.795 -7.717 -8.032 -5.565 -7.072 -8.023
thin2 1 thin_disk 8.77815125 -0.5 0.0048313 2.513351917 2.291 274.380122 3395.4708 -0.081 -6.821 -7.752 -8.071 -5.581 -7.103 -8.062
thin2 1 thin_disk 8.77815125 -0.5 0.0048313 2.513377905 2.28 278.1330798 3382.205567 -0.095 -6.834 -7.771 -8.093 -5.585 -7.12 -8.084
thin2 1 thin_disk 8.77815125 -0.5 0.0048313 2.513378382 2.279 334.6205778 3275.668919 -0.256 -7.068 -8.059 -8.433 -5.749 -7.383 -8.421
thin2 1 thin_disk 8.77815125 -0.5 0.0048313 2.513380051 2.278 274.1275249 3389.221869 -0.083 -6.809 -7.744 -8.068 -5.563 -7.093 -8.059
thin2 1 thin_disk 8.77815125 -0.5 0.0048313 2.513383388 2.276 210.6457227 3546.500292 0.145 -6.438 -7.303 -7.588 -5.276 -6.684 -7.58
thin2 1 thin_disk 8.77815125 -0.5 0.0048313 2.513388872 2.273 175.8946559 3657.63193 0.301 -6.179 -6.997 -7.258 -5.074 -6.4 -7.252
thin2 1 thin_disk 8.77815125 -0.5 0.0048313 2.513396501 2.269 187.004753 3617.428868 0.247 -6.265 -7.099 -7.369 -5.14 -6.494 -7.362
thin2 1 thin_disk 8.77815125 -0.5 0.0048313 2.513406515 2.263 215.403445 3525.331812 0.123 -6.461 -7.336 -7.625 -5.289 -6.712 -7.617
thin2 1 thin_disk 8.77815125 -0.5 0.0048313 2.513419151 2.255 247.2593054 3435.579479 0.002 -6.647 -7.561 -7.87 -5.428 -6.92 -7.862
thin2 1 thin_disk 8.77815125 -0.5 0.0048313 2.513434649 2.246 272.2404443 3369.767986 -0.083 -6.767 -7.711 -8.038 -5.513 -7.057 -8.029
thin2 1 thin_disk 8.77815125 -0.5 0.0048313 2.513453007 2.235 287.1128597 3328.894258 -0.131 -6.826 -7.789 -8.128 -5.551 -7.127 -8.118
thin2 1 thin_disk 8.77815125 -0.5 0.0048313 2.513474464 2.223 295.1566992 3302.174353 -0.158 -6.85 -7.825 -8.171 -5.56 -7.158 -8.161
thin2 1 thin_disk 8.77815125 -0.5 0.0048313 2.513499021 2.209 301.1290436 3278.687312 -0.178 -6.861 -7.846 -8.197 -5.56 -7.175 -8.186
thin2 1 thin_disk 8.77815125 -0.5 0.0048313 2.513499498 2.208 369.3623672 3152.100095 -0.355 -6.982 -8.082 -8.577 -5.524 -7.349 -8.559
thin2 1 thin_disk 8.77815125 -0.5 0.0048313 2.513500929 2.206 299.0560859 3282.464214 -0.172 -6.815 -7.816 -8.196 -5.495 -7.134 -8.184
thin2 1 thin_disk 8.77815125 -0.5 0.0048313 2.513504267 2.204 226.3876049 3462.581465 0.069 -6.484 -7.39 -7.697 -5.277 -6.752 -7.689
thin2 1 thin_disk 8.77815125 -0.5 0.0048313 2.513509273 2.199 187.0478174 3590.04589 0.234 -6.231 -7.079 -7.353 -5.092 -6.467 -7.346
thin2 1 thin_disk 8.77815125 -0.5 0.0048313 2.513516664 2.193 199.5504194 3542.419583 0.176 -6.314 -7.182 -7.468 -5.15 -6.561 -7.461
thin2 1 thin_disk 8.77815125 -0.5 0.0048313 2.513526201 2.185 231.3942937 3438.745222 0.046 -6.5 -7.418 -7.731 -5.28 -6.774 -7.722
thin2 1 thin_disk 8.77815125 -0.5 0.0048313 2.513538122 2.175 266.7181959 3340.41173 -0.08 -6.667 -7.634 -7.98 -5.391 -6.968 -7.969
thin2 1 thin_disk 8.77815125 -0.5 0.0048313 2.513552666 2.162 294.4100594 3270.393418 -0.167 -6.768 -7.773 -8.151 -5.446 -7.09 -8.139
thin2 1 thin_disk 8.77815125 -0.5 0.0048313 2.51357007 2.148 310.7081498 3227.750819 -0.218 -6.817 -7.844 -8.241 -5.467 -7.151 -8.228
thin2 1 thin_disk 8.77815125 -0.5 0.0048313 2.513590336 2.131 320.0019648 3198.89511 -0.247 -6.834 -7.875 -8.285 -5.464 -7.176 -8.271
thin2 1 thin_disk 8.77815125 -0.5 0.0048313 2.513613462 2.112 327.3803773 3171.757679 -0.27 -6.842 -7.894 -8.313 -5.456 -7.19 -8.299
thin2 1 thin_disk 8.77815125 -0.5 0.0048313 2.513613939 2.111 404.4386433 3043.687074 -0.454 -6.785 -8.012 -8.661 -5.135 -7.207 -8.635
thin2 1 thin_disk 8.77815125 -0.5 0.0048313 2.51361537 2.109 327.6820446 3170.297367 -0.271 -6.792 -7.868 -8.322 -5.377 -7.149 -8.306
thin2 1 thin_disk 8.77815125 -0.5 0.0048313 2.513618469 2.107 248.3434127 3344.259735 -0.031 -6.506 -7.478 -7.829 -5.228 -6.809 -7.818
thin2 1 thin_disk 8.77815125 -0.5 0.0048313 2.513623476 2.102 204.57504 3470.56354 0.136 -6.271 -7.177 -7.481 -5.069 -6.538 -7.473
thin2 1 thin_disk 8.77815125 -0.5 0.0048313 2.513630629 2.096 218.4502997 3422.945623 0.078 -6.349 -7.278 -7.597 -5.12 -6.628 -7.588
thin2 1 thin_disk 8.77815125 -0.5 0.0048313 2.513639927 2.088 253.0187145 3322.767852 -0.052 -6.515 -7.499 -7.857 -5.225 -6.824 -7.846
thin2 1 thin_disk 8.77815125 -0.5 0.0048313 2.513651848 2.077 291.0399753 3229.237596 -0.175 -6.663 -7.697 -8.1 -5.31 -7 -8.086
thin2 1 thin_disk 8.77815125 -0.5 0.0048313 2.513666153 2.065 319.9282901 3164.462839 -0.26 -6.752 -7.822 -8.264 -5.345 -7.108 -8.248
thin2 1 thin_disk 8.77815125 -0.5 0.0048313 2.513683081 2.05 337.1728872 3125.359644 -0.309 -6.778 -7.875 -8.349 -5.33 -7.146 -8.332
thin2 1 thin_disk 8.77815125 -0.5 0.0048313 2.513702869 2.033 346.6192234 3100.273442 -0.336 -6.785 -7.897 -8.389 -5.313 -7.161 -8.371
thin2 1 thin_disk 8.77815125 -0.5 0.0048313 2.513725758 2.014 353.0633559 3078.93131 -0.357 -6.785 -7.907 -8.411 -5.295 -7.166 -8.392
thin2 1 thin_disk 8.77815125 -0.5 0.0048313 2.513726234 2.013 438.7858812 2952.568622 -0.545 -6.355 -7.767 -8.64 -4.404 -6.85 -8.605
thin2 1 thin_disk 8.77815125 -0.5 0.0048313 2.513727665 2.012 356.0021697 3073.264929 -0.364 -6.709 -7.868 -8.422 -5.168 -7.105 -8.401
thin2 1 thin_disk 8.77815125 -0.5 0.0048313 2.513730764 2.009 271.0520179 3238.172647 -0.127 -6.527 -7.556 -7.95 -5.184 -6.861 -7.936
thin2 1 thin_disk 8.77815125 -0.5 0.0048313 2.513735533 2.005 223.2814505 3360.469825 0.04 -6.298 -7.264 -7.605 -5.033 -6.597 -7.595
thin2 1 thin_disk 8.77815125 -0.5 0.0048313 2.513742685 1.999 237.9866769 3317.416497 -0.017 -6.367 -7.358 -7.72 -5.074 -6.68 -7.708
thin2 1 thin_disk 8.77815125 -0.5 0.0048313 2.513751745 1.991 274.8227271 3223.294595 -0.143 -6.532 -7.568 -7.969 -5.179 -6.871 -7.955
thin2 1 thin_disk 8.77815125 -0.5 0.0048313 2.513763189 1.981 314.5956005 3134.728988 -0.264 -6.655 -7.744 -8.204 -5.223 -7.02 -8.188
thin2 1 thin_disk 8.77815125 -0.5 0.0048313 2.513777256 1.969 345.5036541 3073.264929 -0.347 -6.699 -7.835 -8.357 -5.191 -7.086 -8.337
thin2 1 thin_disk 8.77815125 -0.5 0.0048313 2.513793707 1.955 363.372992 3036.686788 -0.394 -6.667 -7.846 -8.423 -5.09 -7.072 -8.4
thin2 1 thin_disk 8.77815125 -0.5 0.0048313 2.513813257 1.939 372.9517461 3013.006024 -0.421 -6.644 -7.845 -8.45 -5.029 -7.058 -8.426
thin2 1 thin_disk 8.77815125 -0.5 0.0048313 2.51383543 1.92 379.9729187 2993.642943 -0.441 -6.625 -7.839 -8.463 -4.984 -7.045 -8.439
thin2 1 thin_disk 8.77815125 -0.5 0.0048313 2.513835669 1.92 478.4677217 2856.932635 -0.642 -7.281 -8.345 -8.811 -5.759 -7.648 -8.797
thin2 1 thin_disk 8.77815125 -0.5 0.0048313 2.513837099 1.919 386.5028003 2981.947548 -0.456 -7.01 -8.07 -8.487 -5.567 -7.373 -8.474
thin2 1 thin_disk 8.77815125 -0.5 0.0048313 2.513840199 1.918 292.5853958 3152.825976 -0.215 -6.542 -7.618 -8.058 -5.135 -6.901 -8.042
thin2 1 thin_disk 8.77815125 -0.5 0.0048313 2.513844729 1.916 239.5259905 3280.197551 -0.041 -6.329 -7.337 -7.709 -5.016 -6.652 -7.697
thin2 1 thin_disk 8.77815125 -0.5 0.0048313 2.513851166 1.912 256.656723 3231.469044 -0.101 -6.402 -7.433 -7.823 -5.06 -6.738 -7.81
thin2 1 thin_disk 8.77815125 -0.5 0.0048313 2.513859749 1.908 297.2026277 3131.843125 -0.23 -6.542 -7.626 -8.074 -5.12 -6.906 -8.058
thin2 1 thin_disk 8.77815125 -0.5 0.0048313 2.513870478 1.903 341.2342733 3039.484969 -0.352 -6.595 -7.75 -8.292 -5.056 -6.992 -8.271
thin2 1 thin_disk 8.77815125 -0.5 0.0048313 2.513883591 1.897 375.4504635 2973.719495 -0.436 -6.936 -7.997 -8.414 -5.492 -7.301 -8.401
thin2 1 thin_disk 8.77815125 -0.5 0.0048313 2.513899088 1.89 396.5086306 2932.243282 -0.484 -6.991 -8.055 -8.485 -5.524 -7.358 -8.472
thin2 1 thin_disk 8.77815125 -0.5 0.0048313 2.513917446 1.882 408.4629267 2904.022654 -0.512 -7.01 -8.077 -8.52 -5.524 -7.378 -8.506
thin2 1 thin_disk 8.77815125 -0.5 0.0048313 2.513938189 1.872 417.5924565 2878.723811 -0.534 -7.024 -8.09 -8.539 -5.525 -7.392 -8.526
thin2 1 thin_disk 8.77815125 -0.5 0.0048313 2.513938427 1.872 531.8052799 2739.681014 -0.744 -7.132 -8.257 -8.863 -5.437 -7.519 -8.845
thin2 1 thin_disk 8.77815125 -0.5 0.0048313 2.513939858 1.871 428.0087473 2864.837547 -0.556 -7.035 -8.109 -8.576 -5.514 -7.406 -8.562
thin2 1 thin_disk 8.77815125 -0.5 0.0048313 2.51394248 1.87 323.1116707 3036.686788 -0.311 -6.523 -7.658 -8.167 -5.015 -6.912 -8.148
thin2 1 thin_disk 8.77815125 -0.5 0.0048313 2.513946772 1.869 262.1516798 3171.757679 -0.131 -6.358 -7.416 -7.825 -4.982 -6.71 -7.812
thin2 1 thin_disk 8.77815125 -0.5 0.0048313 2.513952971 1.866 279.0311216 3133.285724 -0.185 -6.423 -7.501 -7.934 -5.016 -6.785 -7.919
thin2 1 thin_disk 8.77815125 -0.5 0.0048313 2.513960838 1.863 320.665801 3046.491705 -0.307 -6.523 -7.656 -8.163 -5.021 -6.912 -8.144
thin2 1 thin_disk 8.77815125 -0.5 0.0048313 2.51397109 1.86 364.5462582 2969.613986 -0.418 -6.856 -7.922 -8.344 -5.408 -7.223 -8.331
thin2 1 thin_disk 8.77815125 -0.5 0.0048313 2.51398325 1.855 395.414549 2922.806066 -0.491 -6.96 -8.03 -8.471 -5.481 -7.329 -8.458
thin2 1 thin_disk 8.77815125 -0.5 0.0048313 2.513997793 1.85 410.6318624 2904.691407 -0.524 -7.006 -8.08 -8.534 -5.51 -7.377 -8.52
thin2 1 thin_disk 8.77815125 -0.5 0.0048313 2.514014721 1.844 414.9087988 2904.691407 -0.535 -7.025 -8.1 -8.557 -5.526 -7.397 -8.542
thin2 1 thin_disk 8.77815125 -0.5 0.0048313 2.514034271 1.837 414.5268296 2912.728465 -0.535 -7.036 -8.11 -8.564 -5.541 -7.406 -8.55
thin2 1 thin_disk 8.77815125 -0.5 0.0048313 2.51403451 1.836 535.8616103 2756.131914 -0.758 -7.103 -8.259 -8.898 -5.375 -7.502 -8.878
thin2 1 thin_disk 8.77815125 -0.5 0.0048313 2.51403594 1.835 429.3907107 2890.014355 -0.566 -7.063 -8.144 -8.616 -5.546 -7.437 -8.601
thin2 1 thin_disk 8.77815125 -0.5 0.0048313 2.514038563 1.834 322.5912957 3072.557365 -0.318 -6.491 -7.653 -8.204 -4.953 -6.888 -8.182
thin2 1 thin_disk 8.77815125 -0.5 0.0048313 2.514042854 1.831 260.7069716 3213.660539 -0.135 -6.387 -7.437 -7.853 -5.019 -6.732 -7.838
thin2 1 thin_disk 8.77815125 -0.5 0.0048313 2.514048815 1.827 280.1255001 3161.549603 -0.197 -6.441 -7.522 -7.97 -5.029 -6.802 -7.954
thin2 1 thin_disk 8.77815125 -0.5 0.0048313 2.514056683 1.822 324.752606 3057.032107 -0.328 -6.48 -7.646 -8.202 -4.931 -6.88 -8.181
thin2 1 thin_disk 8.77815125 -0.5 0.0048313 2.514066696 1.816 373.1235363 2960.738152 -0.45 -6.889 -7.958 -8.387 -5.432 -7.257 -8.374
thin2 1 thin_disk 8.77815125 -0.5 0.0048313 2.514078856 1.808 410.7264248 2892.677383 -0.534 -6.973 -8.054 -8.521 -5.46 -7.347 -8.506
thin2 1 thin_disk 8.77815125 -0.5 0.0048313 2.514093399 1.799 433.6632746 2847.7378 -0.584 -6.992 -8.084 -8.586 -5.436 -7.37 -8.57
thin2 1 thin_disk 8.77815125 -0.5 0.0048313 2.514110088 1.788 449.0065173 2813.196057 -0.617 -6.988 -8.087 -8.613 -5.397 -7.368 -8.597
thin2 1 thin_disk 8.77815125 -0.5 0.0048313 2.5141294 1.776 462.4370743 2778.433457 -0.645 -6.937 -8.053 -8.621 -5.293 -7.322 -8.604
thin2 1 thin_disk 8.77815125 -0.5 0.0048313 2.514129639 1.775 601.5235638 2625.427319 -0.874 -5.882 -7.452 -8.612 -3.421 -6.423 -8.571
thin2 1 thin_disk 8.77815125 -0.5 0.0048313 2.514131069 1.773 483.0061325 2751.693133 -0.684 -6.802 -7.988 -8.656 -5.04 -7.212 -8.634
thin2 1 thin_disk 8.77815125 -0.5 0.0048313 2.514133453 1.77 364.3784171 2922.806066 -0.439 -6.765 -7.844 -8.291 -5.281 -7.138 -8.277
thin2 1 thin_disk 8.77815125 -0.5 0.0048313 2.514137507 1.765 293.9359086 3059.849035 -0.254 -6.381 -7.5 -7.984 -4.906 -6.764 -7.966
thin2 1 thin_disk 8.77815125 -0.5 0.0048313 2.514143229 1.757 314.8854872 3013.006024 -0.316 -6.409 -7.558 -8.084 -4.877 -6.805 -8.064
thin2 1 thin_disk 8.77815125 -0.5 0.0048313 2.51415062 1.747 363.2893319 2918.770848 -0.443 -6.753 -7.833 -8.282 -5.265 -7.126 -8.268
thin2 1 thin_disk 8.77815125 -0.5 0.0048313 2.514160156 1.735 414.5268296 2833.348528 -0.561 -6.851 -7.952 -8.467 -5.278 -7.232 -8.45
thin2 1 thin_disk 8.77815125 -0.5 0.0048313 2.5141716 1.72 452.9524831 2775.236508 -0.641 -6.78 -7.94 -8.561 -5.077 -7.181 -8.54
thin2 1 thin_disk 8.77815125 -0.5 0.0048313 2.51418519 1.702 474.7365232 2742.205515 -0.687 -6.617 -7.852 -8.583 -4.777 -7.044 -8.559
thin2 1 thin_disk 8.77815125 -0.5 0.0048313 2.514201164 1.682 486.0183255 2722.701308 -0.712 -6.448 -7.749 -8.566 -4.496 -6.898 -8.537
thin2 1 thin_disk 8.77815125 -0.5 0.0048313 2.514219284 1.659 493.6880839 2707.696602 -0.732 -6.33 -7.673 -8.549 -4.299 -6.795 -8.518
thin2 1 thin_disk 8.77815125 -0.5 0.0048313 2.514219522 1.658 652.3079099 2544.485615 -0.974 -4.237 -6.341 -8.01 -0.917 -4.971 -7.954
thin2 1 thin_disk 8.77815125 -0.5 0.0048313 2.514220715 1.655 522.940942 2670.545612 -0.782 -5.739 -7.298 -8.415 -3.35 -6.28 -8.375
thin2 1 thin_disk 8.77815125 -0.5 0.0048313 2.514223337 1.649 394.2327004 2839.226239 -0.538 -6.717 -7.833 -8.362 -5.13 -7.104 -8.345
thin2 1 thin_disk 8.77815125 -0.5 0.0048313 2.51422739 1.639 317.7990867 2971.666032 -0.354 -6.565 -7.632 -8.046 -5.124 -6.932 -8.033
thin2 1 thin_disk 8.77815125 -0.5 0.0048313 2.514232874 1.626 344.3916751 2909.376992 -0.428 -6.623 -7.704 -8.154 -5.133 -6.997 -8.14
thin2 1 thin_disk 8.77815125 -0.5 0.0048313 2.514240265 1.608 403.3226805 2795.760728 -0.57 -6.662 -7.787 -8.348 -5.03 -7.051 -8.331
thin2 1 thin_disk 8.77815125 -0.5 0.0048313 2.514249563 1.586 467.4688156 2689.6762 -0.704 -6.148 -7.502 -8.393 -4.093 -6.616 -8.362
thin2 1 thin_disk 8.77815125 -0.5 0.0048313 2.514261007 1.56 520.418402 2608.555012 -0.804 -5.075 -6.792 -8.091 -2.38 -5.668 -8.047
thin2 1 thin_disk 8.77815125 -0.5 0.0048313 2.514274359 1.529 556.7402817 2549.764088 -0.872 -4.285 -6.268 -7.823 -1.162 -4.975 -7.771
thin2 1 thin_disk 8.77815125 -0.5 0.0048313 2.514290094 1.494 583.7846142 2501.497078 -0.922 -3.773 -5.925 -7.631 -0.381 -4.525 -7.574
thin2 1 thin_disk 8.77815125 -0.5 0.0048313 2.514308214 1.455 607.5089002 2456.405154 -0.969 -3.737 -5.902 -7.622 -0.321 -4.494 -7.565
thin2 1 thin_disk 8.77815125 -0.5 0.0048313 2.514308453 1.454 819.1296471 2290.340222 -1.229 -2.344 -5.055 -7.237 1.942 -3.3 -7.169
thin2 1 thin_disk 8.77815125 -0.5 0.0048313 2.514309645 1.449 654.7155334 2408.795882 -1.035 -2.557 -5.117 -7.171 1.487 -3.458 -7.106
thin2 1 thin_disk 8.77815125 -0.5 0.0048313 2.514312029 1.439 492.3258562 2565.665297 -0.792 -4.543 -6.367 -7.768 -1.675 -5.174 -7.721
thin2 1 thin_disk 8.77815125 -0.5 0.0048313 2.514315605 1.423 396.5086306 2686.581377 -0.608 -5.929 -7.23 -8.053 -3.957 -6.377 -8.026
thin2 1 thin_disk 8.77815125 -0.5 0.0048313 2.51432085 1.4 436.2672827 2610.35756 -0.698 -5.379 -6.87 -7.941 -3.04 -5.889 -7.905
thin2 1 thin_disk 8.77815125 -0.5 0.0048313 2.514327526 1.372 520.0590339 2484.848985 -0.859 -3.867 -5.901 -7.502 -0.665 -4.575 -7.448
thin2 1 thin_disk 8.77815125 -0.5 0.0048313 2.514336109 1.336 612.2836251 2369.190595 -1.013 -4.112 -6.113 -7.692 -0.953 -4.809 -7.638
thin2 1 thin_disk 8.77815125 -0.5 0.0048313 2.5143466 1.294 689.2117055 2282.443312 -1.129 -4.153 -6.172 -7.766 -0.967 -4.856 -7.712
thin2 1 thin_disk 8.77815125 -0.5 0.0048313 2.514358997 1.246 740.7175674 2225.871045 -1.208 -4.493 -6.417 -7.924 -1.454 -5.161 -7.873
thin2 1 thin_disk 8.77815125 -0.5 0.0048313 2.514373541 1.192 769.7552238 2192.300081 -1.261 -4.808 -6.635 -8.054 -1.916 -5.44 -8.006
thin2 1 thin_disk 8.77815125 -0.5 0.0048313 2.51439023 1.133 783.3442228 2178.211266 -1.298 -5.275 -6.954 -8.237 -2.613 -5.853 -8.193
thin2 1 thin_disk 8.77815125 -0.5 0.0048313 2.514390469 1.132 1101.165623 1992.507661 -1.595 -5.079 -6.936 -8.383 -2.141 -5.722 -8.333
thin2 1 thin_disk 8.77815125 -0.5 0.0048313 2.514391661 1.126 877.107137 2100.390281 -1.399 -5.001 -6.797 -8.188 -2.158 -5.622 -8.141
thin2 1 thin_disk 8.77815125 -0.5 0.0048313 2.514393807 1.115 661.3824169 2236.660149 -1.159 -2.033 -4.664 -6.777 2.124 -2.96 -6.712
thin2 1 thin_disk 8.77815125 -0.5 0.0048313 2.514397144 1.098 536.4788991 2332.383713 -0.983 -2.924 -5.189 -6.994 0.651 -3.717 -6.935
thin2 1 thin_disk 8.77815125 -0.5 0.0048313 2.514402151 1.074 620.3726525 2210.548256 -1.119 -2.572 -4.973 -6.893 1.221 -3.415 -6.831
thin2 1 thin_disk 8.77815125 -0.5 0.0048313 2.514408588 1.044 781.1827503 2045.031491 -1.331 -2.124 -4.717 -6.799 1.974 -3.037 -6.734
thin2 1 thin_disk 8.77815125 -0.5 0.0048313 2.514416695 1.007 955.1083565 1911.172994 -1.522 -6.072 -7.433 -8.404 -3.887 -6.534 -8.373
thin2 1 thin_disk 8.77815125 -0.5 0.0048313 2.514426708 0.963 1069.184477 1844.165954 -1.639 -2.615 -5.127 -7.14 1.354 -3.498 -7.077
thin2 1 thin_disk 8.77815125 -0.5 0.0048313 2.514438391 0.914 1066.479827 1864.661483 -1.66 -3.4 -5.678 -7.495 0.198 -4.198 -7.436
thin2 1 thin_disk 8.77815125 -0.5 0.0048313 2.514452219 0.859 937.6756644 1996.641069 -1.574 -4.214 -6.241 -7.843 -1.015 -4.92 -7.789
thin2 1 thin_disk 8.77815125 -0.5 0.0048313 2.514467955 0.801 715.2414004 2288.758657 -1.37 -4.844 -6.669 -8.086 -1.956 -5.476 -8.037
thin2 1 thin_disk 8.77815125 -0.5 0.0048313 2.51449585 0.7 3.335436253e-06 10000 1.217 30.036 30.057 30.065 30.007 30.05 30.064
