# Combined PARSEC isochrone (>= 0.55 Msun), Henry & McCarthy 1993, AJ, 106, 773's relation (0.09 Msun <= M <= 0.48 Msun), and Baraffe et al. 2003, A&A, 402, 701's isochrone (M <= 0.08 Msun)
# References for the PARSEC isochrone : 
# Bressan et al. (2012), MNRAS, 427, 127 + Chen et al. (2014, 2015), MNRAS, 444, 2525 + MNRAS, 452, 1068 + Tang et al. (2014), MNRAS, 445, 4287 + Marigo et al. (2017), ApJ, 835, 77 + Pastorelli al. (2019), MNRAS in press
#       Mini     MPD      Rad    MV_j    MI_c   MJ_2M   MH_2M   MK_2M
0.0030000000  0.0030    0.104  61.460  50.790  37.358  34.544  54.256
0.0040000000  0.0040    0.104  58.000  47.860  35.127  33.108  51.086
0.0050000000  0.0050    0.103  54.620  45.050  33.228  31.766  48.236
0.0060000000  0.0060    0.102  51.290  42.300  31.448  30.472  45.506
0.0070000000  0.0070    0.102  48.170  39.720  29.815  29.276  42.986
0.0080000000  0.0080    0.101  45.190  37.280  28.310  28.147  40.636
0.0090000000  0.0090    0.100  42.490  35.070  26.971  27.124  38.526
0.0100000000  0.0100    0.099  39.950  33.000  25.729  26.180  36.566
0.0120000000  0.0120    0.098  35.230  29.120  23.498  24.425  33.036
0.0150000000  0.0150    0.096  32.810  26.800  22.228  23.149  30.436
0.0200000000  0.0200    0.093  30.750  24.640  20.922  21.596  26.996
0.0300000000  0.0300    0.088  28.980  22.350  19.522  19.608  22.566
0.0400000000  0.0400    0.083  28.180  21.190  18.200  18.291  19.966
0.0500000000  0.0500    0.079  27.640  20.470  17.009  17.161  18.046
0.0600000000  0.0600    0.076  27.200  19.930  15.974  16.174  16.526
0.0700000000  0.0700    0.078  25.690  18.600  14.334  14.436  14.336
0.0720000000  0.0720    0.081  24.170  17.480  13.407  13.415  13.336
0.0750000000  0.0750    0.089  21.100  15.390  12.217  11.958  11.786
0.0800000000  0.0800    0.099  19.100  13.890  11.427  11.070  10.796
# Empirical relation based on Bennett+15
0.0900000000  0.0900    0.124  16.668  12.478  10.465   9.780   9.480
 0.100 0.10 0.122 15.949 12.112 10.177  9.507  9.206
 0.110 0.11 0.122 15.514 11.836  9.984  9.289  8.980
0.1200000000  0.1200    0.157  15.195  11.614   9.823   9.122   8.793
0.1500000000  0.1500    0.185  14.224  10.965   9.287   8.641   8.296
0.1800000000  0.1800    0.212  13.541  10.469   8.878   8.260   7.916
0.2100000000  0.2100    0.237  12.997  10.067   8.542   7.940   7.601
0.2400000000  0.2400    0.262  12.539   9.727   8.253   7.662   7.330
0.2700000000  0.2700    0.286  12.138   9.431   7.997   7.413   7.090
0.3000000000  0.3000    0.310  11.779   9.163   7.766   7.187   6.872
0.3300000000  0.3300    0.336  11.452   8.917   7.554   6.978   6.672
0.3600000000  0.3600    0.363  11.149   8.685   7.357   6.782   6.485
0.3900000000  0.3900    0.388  10.865   8.465   7.172   6.597   6.309
0.4200000000  0.4200    0.415  10.597   8.256   6.996   6.420   6.142
0.4500000000  0.4500    0.444  10.341   8.057   6.828   6.251   5.982
0.4800000000  0.4800    0.473  10.096   7.867   6.666   6.087   5.827
# logAge= 9.84510 is picked from isochrones/CMD-3.6-NSD.dat
0.5500000715  0.5500    0.552   9.597   7.446   6.241   5.632   5.387
0.6000000238  0.6000    0.601   8.903   6.983   5.888   5.260   5.044
0.6389079094  0.6390    0.632   8.346   6.620   5.610   4.973   4.791
0.6499999762  0.6500    0.640   8.197   6.522   5.532   4.898   4.725
0.7000000477  0.7000    0.675   7.509   6.086   5.196   4.590   4.457
0.7194151878  0.7190    0.688   7.242   5.917   5.072   4.496   4.373
0.7500000000  0.7500    0.708   6.850   5.658   4.882   4.363   4.251
0.7666308284  0.7660    0.724   6.672   5.529   4.780   4.287   4.178
0.7978135943  0.7980    0.757   6.357   5.296   4.595   4.140   4.039
0.7994046211  0.7990    0.759   6.341   5.285   4.586   4.133   4.032
0.8235678673  0.8230    0.786   6.107   5.107   4.443   4.020   3.923
0.8474076986  0.8470    0.815   5.885   4.936   4.305   3.908   3.815
0.8488091230  0.8480    0.816   5.873   4.926   4.297   3.901   3.808
0.8627884984  0.8620    0.835   5.747   4.826   4.214   3.833   3.742
0.8840513229  0.8830    0.866   5.560   4.674   4.088   3.727   3.640
0.8982136250  0.8970    0.886   5.437   4.575   4.005   3.657   3.571
0.9080452323  0.9070    0.902   5.353   4.506   3.946   3.606   3.522
0.9347069263  0.9340    0.951   5.128   4.321   3.786   3.466   3.386
0.9476182461  0.9470    0.976   5.021   4.231   3.708   3.396   3.319
0.9569943547  0.9560    0.996   4.944   4.165   3.650   3.343   3.267
0.9789054990  0.9780    1.048   4.763   4.009   3.510   3.216   3.143
0.9896062016  0.9890    1.074   4.676   3.933   3.440   3.152   3.080
0.9970227480  0.9970    1.095   4.615   3.880   3.391   3.107   3.036
1.0083922148  1.0080    1.128   4.524   3.798   3.317   3.037   2.966
1.0259914398  1.0250    1.182   4.387   3.674   3.200   2.925   2.856
1.0418747663  1.0410    1.239   4.260   3.556   3.087   2.817   2.749
1.0464272499  1.0450    1.257   4.222   3.520   3.053   2.785   2.717
1.0559157133  1.0550    1.298   4.141   3.444   2.979   2.714   2.646
1.0694060326  1.0680    1.364   4.021   3.329   2.867   2.603   2.536
1.0788152218  1.0770    1.415   3.936   3.245   2.783   2.520   2.453
1.0892984867  1.0880    1.484   3.839   3.147   2.684   2.420   2.353
1.0958318710  1.0940    1.532   3.778   3.084   2.619   2.353   2.286
1.0978326797  1.0960    1.548   3.759   3.064   2.598   2.332   2.265
1.1003104448  1.0990    1.571   3.736   3.038   2.570   2.303   2.235
1.1069935560  1.1050    1.632   3.673   2.968   2.495   2.224   2.155
1.1140966415  1.1120    1.713   3.611   2.892   2.410   2.131   2.061
1.1216220856  1.1200    1.819   3.565   2.818   2.316   2.022   1.948
1.1277420521  1.1260    1.929   3.569   2.778   2.244   1.927   1.848
1.1310731173  1.1290    2.007   3.622   2.788   2.222   1.877   1.795
1.1332406998  1.1310    2.070   3.683   2.809   2.213   1.844   1.758
1.1348623037  1.1330    2.130   3.732   2.824   2.200   1.810   1.721
1.1367920637  1.1350    2.228   3.769   2.818   2.162   1.746   1.653
1.1387115717  1.1370    2.365   3.748   2.763   2.080   1.643   1.547
1.1400319338  1.1380    2.479   3.705   2.701   2.004   1.556   1.458
1.1408057213  1.1390    2.559   3.662   2.650   1.948   1.495   1.396
1.1424727440  1.1400    2.742   3.555   2.531   1.817   1.356   1.255
1.1440981627  1.1420    2.948   3.430   2.396   1.674   1.206   1.105
1.1452363729  1.1430    3.109   3.332   2.294   1.566   1.094   0.992
1.1459797621  1.1440    3.235   3.261   2.218   1.487   1.012   0.910
1.1471370459  1.1450    3.458   3.139   2.089   1.353   0.874   0.772
1.1480209827  1.1460    3.650   3.039   1.984   1.243   0.761   0.658
1.1488473415  1.1470    3.856   2.938   1.877   1.131   0.646   0.542
1.1495662928  1.1480    4.060   2.844   1.777   1.026   0.538   0.433
1.1504305601  1.1480    4.352   2.721   1.646   0.888   0.395   0.290
1.1510326862  1.1490    4.586   2.627   1.545   0.782   0.286   0.180
1.1517300606  1.1500    4.906   2.511   1.420   0.650   0.148   0.041
1.1522498131  1.1500    5.181   2.418   1.319   0.542   0.035  -0.073
1.1528333426  1.1510    5.539   2.305   1.195   0.411  -0.103  -0.212
1.1533709764  1.1510    5.934   2.190   1.069   0.276  -0.244  -0.354
1.1538373232  1.1520    6.342   2.081   0.949   0.146  -0.379  -0.491
1.1542642117  1.1520    6.782   1.972   0.828   0.017  -0.516  -0.629
1.1546595097  1.1520    7.267   1.863   0.707  -0.115  -0.654  -0.769
1.1550039053  1.1520    7.753   1.761   0.591  -0.239  -0.786  -0.903
1.1553343534  1.1530    8.301   1.655   0.472  -0.369  -0.923  -1.041
1.1556344032  1.1530    8.854   1.555   0.358  -0.493  -1.054  -1.175
1.1559289694  1.1530    9.429   1.460   0.250  -0.611  -1.180  -1.302
1.1563127041  1.1530   10.001   1.372   0.149  -0.721  -1.297  -1.421
1.1565459967  1.1530    9.527   1.437   0.227  -0.634  -1.203  -1.326
1.1566971540  1.1540    9.044   1.510   0.314  -0.538  -1.100  -1.220
1.1567301750  1.1540    8.940   1.527   0.333  -0.517  -1.077  -1.197
1.1568182707  1.1540    9.170   1.489   0.289  -0.564  -1.128  -1.249
1.1570593119  1.1540    9.812   1.389   0.175  -0.690  -1.262  -1.385
1.1572942734  1.1540   10.487   1.291   0.059  -0.817  -1.395  -1.520
1.1575099230  1.1540   11.196   1.195  -0.054  -0.941  -1.527  -1.654
1.1577107906  1.1540   11.972   1.101  -0.166  -1.064  -1.659  -1.788
1.1578963995  1.1540   12.792   1.008  -0.279  -1.189  -1.792  -1.923
1.1580631733  1.1540   13.663   0.917  -0.389  -1.311  -1.921  -2.054
1.1582187414  1.1540   14.583   0.827  -0.499  -1.433  -2.052  -2.188
1.1583594084  1.1540   15.565   0.742  -0.606  -1.553  -2.180  -2.318
1.1584912539  1.1540   16.640   0.655  -0.715  -1.675  -2.310  -2.451
1.1586081982  1.1540   17.748   0.571  -0.821  -1.792  -2.436  -2.580
1.1587167978  1.1540   18.930   0.485  -0.924  -1.909  -2.556  -2.705
1.1588150263  1.1540   20.168   0.402  -1.025  -2.024  -2.675  -2.829
1.1589059830  1.1530   21.511   0.318  -1.126  -2.139  -2.794  -2.953
1.1589905024  1.1530   22.954   0.235  -1.227  -2.254  -2.913  -3.078
1.1590651274  1.1530   24.437   0.158  -1.322  -2.364  -3.027  -3.199
1.1591365337  1.1530   26.047   0.077  -1.421  -2.479  -3.145  -3.323
1.1592010260  1.1520   27.743   0.002  -1.516  -2.589  -3.260  -3.445
1.1592595577  1.1520   29.536  -0.070  -1.608  -2.698  -3.373  -3.565
1.1593151093  1.1520   31.460  -0.143  -1.702  -2.809  -3.488  -3.688
1.1593649387  1.1510   33.470  -0.204  -1.795  -2.919  -3.606  -3.811
1.1594114304  1.1510   35.609  -0.259  -1.888  -3.029  -3.725  -3.935
1.1594545841  1.1500   37.901  -0.314  -1.981  -3.141  -3.844  -4.058
1.1594933271  1.1500   40.249  -0.363  -2.070  -3.248  -3.959  -4.179
1.1595293283  1.1490   42.791  -0.404  -2.158  -3.355  -4.074  -4.299
1.1595630646  1.1490   45.463  -0.445  -2.246  -3.463  -4.190  -4.420
1.1595935822  1.1480   48.245  -0.479  -2.329  -3.567  -4.302  -4.538
1.1596219540  1.1470   51.198  -0.499  -2.410  -3.672  -4.414  -4.655
1.1596487761  1.1460   54.332  -0.519  -2.491  -3.776  -4.526  -4.772
1.1596734524  1.1450   57.618  -0.530  -2.568  -3.879  -4.637  -4.888
1.1597015858  1.1440   61.923  -0.520  -2.658  -4.007  -4.772  -5.030
1.1597273350  1.1430   66.551  -0.508  -2.745  -4.132  -4.905  -5.171
1.1597511768  1.1420   71.442  -0.467  -2.823  -4.257  -5.038  -5.310
1.1597728729  1.1400   76.640  -0.421  -2.897  -4.378  -5.167  -5.447
1.1597931385  1.1380   82.121  -0.351  -2.959  -4.500  -5.295  -5.583
1.1598117352  1.1360   87.994  -0.270  -3.015  -4.618  -5.421  -5.717
1.1598292589  1.1340   94.223  -0.172  -3.061  -4.737  -5.546  -5.851
1.1598453522  1.1320  100.845  -0.053  -3.094  -4.854  -5.669  -5.982
1.1598602533  1.1290  107.735   0.084  -3.116  -4.970  -5.789  -6.111
1.1598742008  1.1260  115.095   0.248  -3.114  -5.085  -5.908  -6.239
1.1598868370  1.1240  122.816   0.426  -3.102  -5.194  -6.021  -6.363
1.1598989964  1.1200  131.116   0.657  -3.051  -5.303  -6.136  -6.487
1.1599100828  1.1170  139.655   0.899  -2.993  -5.408  -6.246  -6.608
1.1599209309  1.1120  148.749   1.076  -2.951  -5.515  -6.357  -6.727
1.1599309444  1.1080  158.436   1.273  -2.895  -5.619  -6.466  -6.845
1.1599403620  1.1030  167.940   1.436  -2.836  -5.713  -6.567  -6.954
1.1599451303  1.1000  172.526   1.510  -2.807  -5.758  -6.614  -7.006
# 1.1599451303  1.1000   11.022   0.986  -0.175  -1.007  -1.549  -1.666
1.1600946188  1.1000   11.198   0.965  -0.200  -1.035  -1.579  -1.697
1.1602348089  1.1000   11.247   0.957  -0.209  -1.045  -1.589  -1.707
1.1603776217  1.1010   11.219   0.957  -0.207  -1.042  -1.585  -1.703
1.1605216265  1.1010   11.173   0.960  -0.201  -1.035  -1.576  -1.694
1.1606662273  1.1010   11.108   0.964  -0.195  -1.027  -1.567  -1.685
1.1608093977  1.1010   11.057   0.967  -0.189  -1.019  -1.558  -1.675
1.1609516144  1.1010   10.999   0.970  -0.183  -1.012  -1.549  -1.666
1.1610950232  1.1010   10.954   0.973  -0.178  -1.004  -1.541  -1.657
1.1612373590  1.1020   10.908   0.976  -0.173  -0.998  -1.533  -1.649
1.1613842249  1.1020   10.863   0.978  -0.169  -0.992  -1.526  -1.642
1.1615210772  1.1020   10.836   0.979  -0.165  -0.988  -1.521  -1.637
1.1616706848  1.1020   10.796   0.980  -0.162  -0.983  -1.515  -1.631
1.1618181467  1.1020   10.768   0.981  -0.160  -0.980  -1.511  -1.626
1.1618820429  1.1020   10.764   0.981  -0.159  -0.978  -1.509  -1.625
1.1619615555  1.1020   10.741   0.982  -0.158  -0.977  -1.507  -1.622
1.1620997190  1.1030   10.719   0.982  -0.156  -0.974  -1.504  -1.619
1.1622420549  1.1030   10.709   0.982  -0.155  -0.973  -1.502  -1.617
1.1623761654  1.1030   10.704   0.981  -0.155  -0.972  -1.500  -1.615
1.1625132561  1.1030   10.694   0.980  -0.155  -0.972  -1.500  -1.615
1.1626523733  1.1030   10.694   0.979  -0.156  -0.973  -1.500  -1.615
1.1627874374  1.1030   10.702   0.976  -0.158  -0.974  -1.502  -1.617
1.1629067659  1.1040   10.714   0.974  -0.161  -0.977  -1.505  -1.620
1.1629958153  1.1040   10.731   0.972  -0.164  -0.980  -1.508  -1.623
1.1631299257  1.1040   10.761   0.968  -0.168  -0.985  -1.513  -1.628
1.1632592678  1.1040   10.791   0.963  -0.174  -0.991  -1.519  -1.634
1.1633892059  1.1040   10.838   0.957  -0.181  -0.998  -1.528  -1.643
1.1635195017  1.1040   10.903   0.950  -0.189  -1.008  -1.538  -1.654
1.1636476517  1.1040   10.969   0.942  -0.200  -1.020  -1.551  -1.666
1.1637761593  1.1050   11.052   0.932  -0.211  -1.033  -1.565  -1.681
1.1639075279  1.1050   11.160   0.921  -0.226  -1.049  -1.583  -1.699
1.1640490294  1.1050   11.268   0.908  -0.242  -1.068  -1.604  -1.720
1.1641795635  1.1050   11.404   0.893  -0.261  -1.090  -1.627  -1.744
1.1642360687  1.1050   11.404   0.893  -0.261  -1.090  -1.627  -1.744
1.1643661261  1.1050   11.691   0.863  -0.299  -1.133  -1.674  -1.792
1.1644939184  1.1050   12.220   0.809  -0.368  -1.213  -1.761  -1.881
1.1645827293  1.1060   12.941   0.742  -0.456  -1.313  -1.870  -1.992
1.1646306515  1.1060   13.739   0.671  -0.548  -1.419  -1.986  -2.111
1.1646561623  1.1060   14.556   0.603  -0.637  -1.522  -2.098  -2.225
1.1646713018  1.1060   15.508   0.528  -0.734  -1.634  -2.221  -2.350
1.1646792889  1.1060   16.476   0.458  -0.828  -1.741  -2.338  -2.470
1.1646839380  1.1060   17.477   0.391  -0.917  -1.844  -2.450  -2.585
1.1646867990  1.1060   18.448   0.325  -0.999  -1.939  -2.549  -2.688
1.1646885872  1.1060   19.225   0.277  -1.061  -2.010  -2.624  -2.767
1.1646893024  1.1060   19.591   0.254  -1.090  -2.044  -2.659  -2.803
1.1646915674  1.1060   20.896   0.176  -1.186  -2.156  -2.776  -2.926
1.1646935940  1.1060   21.951   0.117  -1.260  -2.241  -2.866  -3.021
1.1646956205  1.1060   22.712   0.077  -1.311  -2.301  -2.929  -3.086
1.1646977663  1.1060   23.348   0.046  -1.351  -2.347  -2.977  -3.138
1.1647037268  1.1060   22.602   0.082  -1.304  -2.293  -2.920  -3.077
1.1647077799  1.1060   21.951   0.116  -1.261  -2.243  -2.867  -3.022
1.1647169590  1.1060   21.216   0.156  -1.210  -2.183  -2.803  -2.955
1.1647359133  1.1060   20.987   0.169  -1.194  -2.165  -2.785  -2.936
1.1648370028  1.1050   21.123   0.163  -1.202  -2.174  -2.794  -2.946
1.1649031639  1.1050   22.262   0.102  -1.279  -2.264  -2.891  -3.046
1.1649590731  1.1040   23.679   0.030  -1.371  -2.372  -3.003  -3.165
1.1650067568  1.1030   25.267  -0.046  -1.467  -2.484  -3.121  -3.289
1.1650466919  1.1030   26.962  -0.118  -1.560  -2.595  -3.237  -3.413
1.1650804281  1.1020   28.725  -0.189  -1.652  -2.703  -3.351  -3.534
1.1651099920  1.1010   30.602  -0.259  -1.743  -2.812  -3.465  -3.656
1.1651358604  1.1000   32.618  -0.319  -1.836  -2.923  -3.585  -3.781
1.1651592255  1.0990   34.766  -0.378  -1.929  -3.034  -3.706  -3.908
1.1651806831  1.0980   37.073  -0.435  -2.023  -3.147  -3.828  -4.035
1.1652005911  1.0960   39.578  -0.485  -2.116  -3.260  -3.951  -4.164
1.1652191877  1.0950   42.585  -0.511  -2.204  -3.378  -4.083  -4.303
1.1652326584  1.0930   45.098  -0.509  -2.268  -3.469  -4.186  -4.413
1.1652495861  1.0910   48.501  -0.523  -2.356  -3.587  -4.318  -4.553
1.1652652025  1.0890   51.946  -0.532  -2.441  -3.704  -4.444  -4.686
1.1652801037  1.0860   55.521  -0.543  -2.527  -3.818  -4.568  -4.815
1.1652939320  1.0830   59.464  -0.537  -2.611  -3.936  -4.695  -4.949
1.1653044224  1.0800   63.512  -0.517  -2.689  -4.052  -4.818  -5.080
1.1653114557  1.0780   67.539  -0.489  -2.758  -4.157  -4.931  -5.199
1.1653169394  1.0760   72.053  -0.437  -2.822  -4.268  -5.049  -5.325
1.1653219461  1.0740   77.065  -0.380  -2.889  -4.383  -5.173  -5.456
1.1653265953  1.0710   82.767  -0.282  -2.941  -4.504  -5.301  -5.592
1.1653310061  1.0680   88.604  -0.182  -2.990  -4.621  -5.427  -5.726
1.1653351784  1.0650   95.336  -0.035  -3.017  -4.746  -5.557  -5.867
1.1653397083  1.0600  102.744   0.136  -3.038  -4.872  -5.691  -6.011
1.1653441191  1.0550  110.117   0.337  -3.020  -4.989  -5.812  -6.143
1.1653490067  1.0480  118.129   0.568  -2.986  -5.105  -5.934  -6.276
1.1653543711  1.0390  126.986   0.867  -2.907  -5.222  -6.057  -6.412
1.1653574705  1.0330  133.277   1.070  -2.851  -5.302  -6.141  -6.504
1.1653579473  1.0310  135.256   1.115  -2.838  -5.325  -6.166  -6.531
1.1653592587  1.0290  139.365   1.215  -2.808  -5.372  -6.215  -6.584
1.1653593779  1.0280  118.729   0.647  -2.951  -5.108  -5.939  -6.284
1.1653594971  1.0280  120.380   0.697  -2.940  -5.131  -5.963  -6.310
1.1653596163  1.0280  119.993   0.682  -2.943  -5.125  -5.957  -6.303
1.1653597355  1.0280  120.186   0.687  -2.943  -5.128  -5.959  -6.306
1.1653599739  1.0270  119.441   0.660  -2.951  -5.118  -5.949  -6.295
1.1653602123  1.0270  122.646   0.759  -2.927  -5.162  -5.995  -6.345
1.1653605700  1.0260  131.782   1.048  -2.852  -5.281  -6.120  -6.481
1.1653609276  1.0250  143.534   1.317  -2.777  -5.420  -6.266  -6.639
1.1653612852  1.0240  157.237   1.603  -2.673  -5.566  -6.421  -6.809
1.1653618813  1.0220  169.143   1.814  -2.584  -5.680  -6.543  -6.942
1.1653625965  1.0190  181.074   1.884  -2.551  -5.787  -6.656  -7.064
1.1653631926  1.0160  187.739   1.923  -2.529  -5.841  -6.715  -7.127
# 1.1653631926  1.0160  115.333   0.609  -2.940  -5.054  -5.883  -6.225
1.1653633118  1.0160   93.509  -0.003  -2.980  -4.704  -5.516  -5.825
1.1653634310  1.0150   69.049  -0.524  -2.802  -4.204  -4.977  -5.247
1.1653636694  1.0140   72.319  -0.458  -2.836  -4.279  -5.059  -5.334
1.1653639078  1.0130   90.689  -0.049  -2.962  -4.650  -5.460  -5.766
1.1653642654  1.0110  120.852   0.850  -2.863  -5.125  -5.960  -6.310
1.1653646231  1.0100  153.305   1.647  -2.623  -5.511  -6.366  -6.753
1.1653650999  1.0080  178.713   1.921  -2.512  -5.755  -6.625  -7.033
1.1653656960  1.0060  193.578   1.980  -2.492  -5.881  -6.756  -7.174
1.1653662920  1.0030  200.888   2.006  -2.483  -5.937  -6.815  -7.237
1.1653668880  1.0000  205.284   2.027  -2.472  -5.966  -6.847  -7.273
# 1.1653668880  1.0000  141.239   1.510  -2.647  -5.367  -6.216  -6.593
1.1653670073  1.0000  103.527   0.438  -2.899  -4.857  -5.681  -6.010
1.1653671265  0.9990   76.376  -0.270  -2.833  -4.351  -5.145  -5.431
1.1653673649  0.9980   79.920  -0.185  -2.856  -4.425  -5.224  -5.516
1.1653677225  0.9960   99.806   0.340  -2.904  -4.793  -5.615  -5.939
1.1653680801  0.9940  132.299   1.330  -2.690  -5.257  -6.101  -6.469
1.1653685570  0.9920  166.861   1.931  -2.475  -5.631  -6.498  -6.899
1.1653690338  0.9890  193.711   2.032  -2.447  -5.868  -6.745  -7.164
1.1653696299  0.9860  208.956   2.066  -2.447  -5.986  -6.868  -7.298
1.1653703451  0.9830  215.951   2.081  -2.450  -6.036  -6.920  -7.353
1.1653710604  0.9790  219.814   2.092  -2.448  -6.060  -6.946  -7.381
# 1.1653710604  0.9790  152.882   1.824  -2.502  -5.482  -6.343  -6.733
1.1653711796  0.9780  112.087   0.798  -2.808  -4.979  -5.811  -6.156
1.1653714180  0.9770   82.576  -0.074  -2.854  -4.473  -5.278  -5.575
1.1653716564  0.9760   86.408   0.029  -2.866  -4.546  -5.356  -5.660
1.1653718948  0.9740  107.660   0.659  -2.838  -4.911  -5.740  -6.079
1.1653723717  0.9720  142.448   1.653  -2.560  -5.366  -6.219  -6.600
1.1653728485  0.9690  179.331   2.045  -2.403  -5.733  -6.608  -7.021
1.1653733253  0.9650  207.709   2.110  -2.408  -5.964  -6.848  -7.278
1.1653740406  0.9620  224.158   2.133  -2.421  -6.081  -6.968  -7.407
1.1653746367  0.9570  231.662   2.144  -2.432  -6.130  -7.019  -7.459
1.1653754711  0.9530  235.643   2.156  -2.434  -6.154  -7.043  -7.485
# 1.1653754711  0.9520  166.056   2.019  -2.397  -5.603  -6.473  -6.877
1.1653755903  0.9520  121.662   1.230  -2.669  -5.105  -5.946  -6.306
1.1653758287  0.9500   89.383   0.166  -2.851  -4.599  -5.413  -5.724
1.1653760672  0.9480   93.466   0.284  -2.856  -4.671  -5.490  -5.808
1.1653764248  0.9460  116.427   1.075  -2.704  -5.030  -5.867  -6.221
1.1653767824  0.9420  153.410   1.972  -2.405  -5.473  -6.336  -6.731
1.1653772593  0.9390  192.644   2.140  -2.351  -5.832  -6.712  -7.136
1.1653778553  0.9340  223.077   2.186  -2.376  -6.057  -6.945  -7.385
1.1653784513  0.9300  240.190   2.218  -2.404  -6.168  -7.058  -7.505
1.1653791666  0.9240  248.059   2.254  -2.403  -6.214  -7.107  -7.558
1.1653800011  0.9180  251.916   2.280  -2.401  -6.236  -7.128  -7.582
# 1.1653800011  0.9180  180.076   2.144  -2.323  -5.717  -6.593  -7.010
1.1653801203  0.9160  131.933   1.595  -2.534  -5.225  -6.074  -6.448
1.1653803587  0.9140   96.617   0.459  -2.811  -4.719  -5.542  -5.867
1.1653805971  0.9110  101.078   0.617  -2.787  -4.793  -5.619  -5.952
1.1653809547  0.9070  125.706   1.465  -2.564  -5.143  -5.988  -6.356
1.1653814316  0.9020  165.369   2.122  -2.308  -5.575  -6.447  -6.855
1.1653819084  0.8960  207.231   2.240  -2.300  -5.925  -6.812  -7.247
1.1653825045  0.8900  239.748   2.304  -2.344  -6.143  -7.035  -7.484
1.1653832197  0.8820  258.080   2.373  -2.365  -6.250  -7.144  -7.602
1.1653840542  0.8740  266.351   2.409  -2.371  -6.294  -7.189  -7.652
1.1653848886  0.8650  270.492   2.437  -2.369  -6.314  -7.209  -7.675
# 1.1653848886  0.8640  196.361   2.264  -2.258  -5.832  -6.717  -7.148
1.1653850079  0.8620  143.898   1.991  -2.346  -5.346  -6.207  -6.599
1.1653852463  0.8580  104.943   0.844  -2.717  -4.845  -5.676  -6.018
1.1653854847  0.8530  109.940   1.068  -2.650  -4.917  -5.753  -6.104
1.1653858423  0.8460  136.696   1.887  -2.377  -5.261  -6.117  -6.502
1.1653863192  0.8370  179.951   2.280  -2.209  -5.683  -6.563  -6.986
1.1653869152  0.8270  225.764   2.384  -2.247  -6.024  -6.915  -7.362
1.1653875113  0.8160  261.550   2.523  -2.287  -6.234  -7.129  -7.594
1.1653882265  0.8030  281.744   2.623  -2.304  -6.333  -7.232  -7.709
1.1653890610  0.7890  291.243   2.696  -2.298  -6.369  -7.271  -7.757
1.1653898954  0.7730  295.839   2.735  -2.294  -6.385  -7.289  -7.780
# 1.1653898954  0.7720  217.048   2.407  -2.208  -5.957  -6.848  -7.295
1.1653900146  0.7670  157.346   2.211  -2.228  -5.476  -6.347  -6.756
1.1653902531  0.7600  112.942   1.120  -2.659  -4.969  -5.803  -6.160
1.1653904915  0.7500  117.586   1.275  -2.622  -5.037  -5.874  -6.237
1.1653908491  0.7370  145.598   2.040  -2.334  -5.369  -6.228  -6.626
1.1653913260  0.7210  190.307   2.327  -2.213  -5.776  -6.661  -7.096
1.1653919220  0.7030  236.404   2.469  -2.242  -6.097  -6.995  -7.460
1.1653925180  0.6820  268.692   2.575  -2.295  -6.282  -7.190  -7.676
1.1653932333  0.6590  281.615   2.668  -2.299  -6.336  -7.263  -7.776
1.1653940678  0.6340  279.354   2.964  -2.151  -6.240  -7.221  -7.798
1.1653949022  0.6080  269.002   2.902  -2.184  -6.197  -7.191  -7.784
1.1653969288  0.5490    0.000  30.027  30.013  30.008  30.046  30.036
