# Combined PARSEC isochrone (>= 0.55 Msun), Henry & McCarthy 1993, AJ, 106, 773's relation (0.09 Msun <= M <= 0.48 Msun), and Baraffe et al. 2003, A&A, 402, 701's isochrone (M <= 0.08 Msun)
# References for the PARSEC isochrone : 
# Bressan et al. (2012), MNRAS, 427, 127 + Chen et al. (2014, 2015), MNRAS, 444, 2525 + MNRAS, 452, 1068 + Tang et al. (2014), MNRAS, 445, 4287 + Marigo et al. (2017), ApJ, 835, 77 + Pastorelli al. (2019), MNRAS in press
#       Mini     MPD      Rad    MV_j    MI_c   MJ_2M   MH_2M   MK_2M
0.0030000000  0.0030    0.104  61.460  50.790  37.358  34.544  54.256
0.0040000000  0.0040    0.104  58.000  47.860  35.127  33.108  51.086
0.0050000000  0.0050    0.103  54.620  45.050  33.228  31.766  48.236
0.0060000000  0.0060    0.102  51.290  42.300  31.448  30.472  45.506
0.0070000000  0.0070    0.102  48.170  39.720  29.815  29.276  42.986
0.0080000000  0.0080    0.101  45.190  37.280  28.310  28.147  40.636
0.0090000000  0.0090    0.100  42.490  35.070  26.971  27.124  38.526
0.0100000000  0.0100    0.099  39.950  33.000  25.729  26.180  36.566
0.0120000000  0.0120    0.098  35.230  29.120  23.498  24.425  33.036
0.0150000000  0.0150    0.096  32.810  26.800  22.228  23.149  30.436
0.0200000000  0.0200    0.093  30.750  24.640  20.922  21.596  26.996
0.0300000000  0.0300    0.088  28.980  22.350  19.522  19.608  22.566
0.0400000000  0.0400    0.083  28.180  21.190  18.200  18.291  19.966
0.0500000000  0.0500    0.079  27.640  20.470  17.009  17.161  18.046
0.0600000000  0.0600    0.076  27.200  19.930  15.974  16.174  16.526
0.0700000000  0.0700    0.078  25.690  18.600  14.334  14.436  14.336
0.0720000000  0.0720    0.081  24.170  17.480  13.407  13.415  13.336
0.0750000000  0.0750    0.089  21.100  15.390  12.217  11.958  11.786
0.0800000000  0.0800    0.099  19.100  13.890  11.427  11.070  10.796
# Empirical relation based on Bennett+15
0.0900000000  0.0900    0.119  16.668  12.478  10.465   9.780   9.480
0.1200000000  0.1200    0.152  15.195  11.614   9.823   9.122   8.793
0.1500000000  0.1500    0.181  14.224  10.965   9.287   8.641   8.296
0.1800000000  0.1800    0.207  13.541  10.469   8.878   8.260   7.916
0.2100000000  0.2100    0.233  12.997  10.067   8.542   7.940   7.601
0.2400000000  0.2400    0.258  12.539   9.727   8.253   7.662   7.330
0.2700000000  0.2700    0.282  12.138   9.431   7.997   7.413   7.090
0.3000000000  0.3000    0.306  11.779   9.163   7.766   7.187   6.872
0.3300000000  0.3300    0.332  11.452   8.917   7.554   6.978   6.672
0.3600000000  0.3600    0.358  11.149   8.685   7.357   6.782   6.485
0.3900000000  0.3900    0.384  10.865   8.465   7.172   6.597   6.309
0.4200000000  0.4200    0.413  10.597   8.256   6.996   6.420   6.142
0.4500000000  0.4500    0.443  10.341   8.057   6.828   6.251   5.982
0.4800000000  0.4800    0.474  10.096   7.867   6.666   6.087   5.827
# logAge= 9.937016107464814 is picked from isochrones/CMD3.3-thin7.dat
0.5500000119  0.5500    0.553   9.022   7.162   6.100   5.498   5.274
0.6000000238  0.6000    0.601   8.345   6.696   5.720   5.097   4.916
0.6178879738  0.6180    0.615   8.087   6.523   5.580   4.958   4.796
0.6499999762  0.6500    0.640   7.630   6.227   5.345   4.741   4.607
0.7000000477  0.7000    0.679   6.948   5.775   5.003   4.478   4.369
0.7126541138  0.7130    0.690   6.789   5.664   4.919   4.419   4.313
0.7291512489  0.7290    0.705   6.593   5.523   4.810   4.336   4.235
0.7450229526  0.7450    0.720   6.411   5.391   4.708   4.260   4.163
0.7500000000  0.7500    0.725   6.354   5.349   4.676   4.235   4.140
0.7555435300  0.7550    0.731   6.296   5.305   4.640   4.207   4.112
0.7757649422  0.7750    0.756   6.085   5.142   4.510   4.103   4.012
0.7947038412  0.7940    0.780   5.893   4.993   4.388   4.004   3.917
0.7986197472  0.7980    0.785   5.854   4.962   4.363   3.983   3.897
0.8110433221  0.8110    0.803   5.733   4.863   4.281   3.915   3.830
0.8265756369  0.8260    0.827   5.583   4.742   4.179   3.830   3.747
0.8410431743  0.8400    0.851   5.444   4.629   4.085   3.749   3.669
0.8472393751  0.8460    0.862   5.386   4.581   4.044   3.714   3.635
0.8556292057  0.8550    0.878   5.307   4.516   3.988   3.664   3.587
0.8707355261  0.8700    0.909   5.166   4.398   3.885   3.572   3.498
0.8845253587  0.8830    0.939   5.037   4.287   3.787   3.484   3.412
0.8958590031  0.8950    0.967   4.930   4.195   3.705   3.410   3.340
0.9026944637  0.9020    0.986   4.865   4.139   3.653   3.363   3.294
0.9204382300  0.9190    1.038   4.695   3.988   3.516   3.236   3.169
0.9373799562  0.9360    1.097   4.533   3.842   3.380   3.108   3.042
0.9444786310  0.9430    1.121   4.466   3.781   3.322   3.053   2.988
0.9562290907  0.9550    1.171   4.355   3.677   3.222   2.957   2.893
0.9669004679  0.9660    1.223   4.245   3.573   3.122   2.860   2.797
0.9703048468  0.9690    1.240   4.209   3.539   3.089   2.828   2.765
0.9758600593  0.9750    1.271   4.150   3.481   3.033   2.772   2.709
0.9850040078  0.9840    1.330   4.049   3.382   2.933   2.673   2.610
0.9930983186  0.9920    1.393   3.958   3.289   2.838   2.576   2.513
0.9952306747  0.9940    1.410   3.934   3.264   2.812   2.550   2.487
1.0019724369  1.0010    1.473   3.855   3.179   2.724   2.459   2.395
1.0038765669  1.0030    1.495   3.832   3.154   2.697   2.430   2.366
1.0116049051  1.0100    1.595   3.745   3.051   2.581   2.305   2.238
1.0194306374  1.0180    1.730   3.680   2.950   2.454   2.156   2.086
1.0236109495  1.0220    1.833   3.684   2.913   2.386   2.065   1.990
1.0261954069  1.0240    1.916   3.719   2.907   2.348   2.002   1.923
1.0283660889  1.0270    2.016   3.762   2.903   2.308   1.933   1.850
1.0304428339  1.0290    2.150   3.771   2.866   2.234   1.829   1.742
1.0322570801  1.0300    2.310   3.721   2.784   2.126   1.699   1.609
1.0329670906  1.0310    2.385   3.688   2.740   2.074   1.640   1.549
1.0338562727  1.0320    2.490   3.624   2.666   1.993   1.553   1.462
1.0351225138  1.0330    2.657   3.519   2.551   1.868   1.422   1.329
1.0361766815  1.0340    2.815   3.421   2.444   1.755   1.303   1.209
1.0373744965  1.0350    3.024   3.293   2.309   1.614   1.156   1.061
1.0381916761  1.0360    3.182   3.196   2.208   1.508   1.047   0.952
1.0389815569  1.0370    3.362   3.096   2.102   1.398   0.933   0.838
1.0397170782  1.0380    3.549   2.995   1.996   1.287   0.820   0.724
1.0403628349  1.0380    3.741   2.899   1.895   1.181   0.710   0.614
1.0409785509  1.0390    3.943   2.801   1.792   1.074   0.600   0.504
1.0415574312  1.0390    4.163   2.702   1.687   0.964   0.486   0.390
1.0417180061  1.0400    4.229   2.674   1.657   0.933   0.454   0.357
1.0418711901  1.0400    4.291   2.647   1.629   0.903   0.423   0.326
1.0423585176  1.0400    4.520   2.555   1.529   0.799   0.315   0.217
1.0428307056  1.0410    4.777   2.457   1.425   0.689   0.201   0.103
1.0433715582  1.0410    5.116   2.337   1.295   0.552   0.058  -0.041
1.0438513756  1.0410    5.478   2.219   1.168   0.416  -0.083  -0.183
1.0442763567  1.0420    5.859   2.105   1.044   0.285  -0.221  -0.322
1.0446698666  1.0420    6.287   1.990   0.918   0.150  -0.363  -0.466
1.0450146198  1.0420    6.720   1.879   0.797   0.020  -0.500  -0.604
1.0453286171  1.0430    7.189   1.770   0.676  -0.111  -0.637  -0.742
1.0456147194  1.0430    7.678   1.662   0.556  -0.239  -0.773  -0.879
1.0458769798  1.0430    8.208   1.557   0.439  -0.366  -0.907  -1.015
1.0461207628  1.0430    8.775   1.454   0.323  -0.491  -1.040  -1.149
1.0463508368  1.0430    9.344   1.356   0.213  -0.612  -1.168  -1.279
1.0466368198  1.0430    9.962   1.257   0.101  -0.733  -1.296  -1.408
1.0467267036  1.0430   10.073   1.238   0.079  -0.756  -1.320  -1.433
1.0469074249  1.0430    9.695   1.291   0.142  -0.687  -1.245  -1.357
1.0470350981  1.0430    9.144   1.376   0.242  -0.575  -1.126  -1.236
1.0470564365  1.0430    9.069   1.387   0.255  -0.561  -1.111  -1.221
1.0470861197  1.0430    9.170   1.371   0.237  -0.581  -1.132  -1.243
1.0472646952  1.0430    9.774   1.274   0.126  -0.703  -1.261  -1.373
1.0474433899  1.0430   10.429   1.176   0.013  -0.826  -1.391  -1.505
1.0476146936  1.0430   11.134   1.080  -0.101  -0.950  -1.524  -1.639
1.0477735996  1.0430   11.900   0.983  -0.214  -1.074  -1.656  -1.773
1.0479160547  1.0430   12.696   0.890  -0.324  -1.195  -1.785  -1.903
1.0480506420  1.0430   13.566   0.797  -0.435  -1.318  -1.917  -2.037
1.0481719971  1.0430   14.473   0.707  -0.544  -1.438  -2.046  -2.167
1.0482832193  1.0430   15.423   0.618  -0.651  -1.558  -2.174  -2.297
1.0483865738  1.0430   16.461   0.529  -0.759  -1.678  -2.302  -2.428
1.0484800339  1.0430   17.549   0.443  -0.863  -1.794  -2.425  -2.554
1.0485668182  1.0420   18.718   0.355  -0.967  -1.910  -2.546  -2.679
1.0486446619  1.0420   19.932   0.269  -1.067  -2.025  -2.664  -2.802
1.0487169027  1.0420   21.235   0.184  -1.168  -2.139  -2.782  -2.925
1.0487833023  1.0410   22.623   0.101  -1.267  -2.251  -2.899  -3.048
1.0488438606  1.0410   24.074   0.019  -1.365  -2.364  -3.016  -3.170
1.0489006042  1.0410   25.648  -0.064  -1.462  -2.476  -3.133  -3.292
1.0489512682  1.0400   27.274  -0.140  -1.556  -2.583  -3.246  -3.411
1.0489990711  1.0400   29.024  -0.218  -1.650  -2.694  -3.360  -3.533
1.0490434170  1.0390   30.900  -0.293  -1.746  -2.804  -3.478  -3.656
1.0490833521  1.0390   32.859  -0.358  -1.839  -2.913  -3.595  -3.778
1.0491207838  1.0380   34.959  -0.423  -1.933  -3.023  -3.714  -3.901
1.0491549969  1.0370   37.133  -0.487  -2.026  -3.131  -3.831  -4.023
1.0491864681  1.0360   39.460  -0.543  -2.116  -3.238  -3.947  -4.143
1.0492156744  1.0360   41.933  -0.600  -2.207  -3.346  -4.062  -4.263
1.0492423773  1.0350   44.510  -0.653  -2.294  -3.450  -4.175  -4.381
1.0492672920  1.0340   47.267  -0.699  -2.380  -3.555  -4.288  -4.499
1.0492905378  1.0330   50.114  -0.745  -2.466  -3.659  -4.401  -4.617
1.0493119955  1.0310   53.156  -0.787  -2.550  -3.760  -4.512  -4.733
1.0493363142  1.0300   57.142  -0.819  -2.649  -3.887  -4.647  -4.875
1.0493587255  1.0280   61.356  -0.847  -2.746  -4.010  -4.781  -5.016
1.0493793488  1.0260   65.880  -0.865  -2.841  -4.135  -4.914  -5.156
1.0493983030  1.0240   70.657  -0.869  -2.932  -4.258  -5.046  -5.294
1.0494158268  1.0220   75.780  -0.871  -3.021  -4.380  -5.176  -5.431
1.0494319201  1.0200   81.256  -0.841  -3.100  -4.500  -5.305  -5.567
1.0494465828  1.0170   86.927  -0.807  -3.175  -4.616  -5.430  -5.699
1.0494601727  1.0140   92.951  -0.752  -3.241  -4.731  -5.552  -5.829
1.0494729280  1.0110   99.324  -0.680  -3.303  -4.847  -5.675  -5.959
1.0494847298  1.0070  106.012  -0.591  -3.356  -4.961  -5.795  -6.087
1.0494958162  1.0030  113.385  -0.480  -3.397  -5.075  -5.915  -6.215
1.0495059490  0.9990  120.936  -0.359  -3.430  -5.187  -6.031  -6.340
1.0495154858  0.9940  128.841  -0.207  -3.440  -5.296  -6.144  -6.462
1.0495245457  0.9890  137.327  -0.043  -3.446  -5.404  -6.257  -6.584
1.0495328903  0.9830  146.068   0.163  -3.416  -5.508  -6.364  -6.701
1.0495409966  0.9760  155.008   0.368  -3.385  -5.609  -6.470  -6.815
1.0495456457  0.9720  160.124   0.467  -3.369  -5.663  -6.525  -6.875
# 1.0495456457  0.9730   10.572   0.884  -0.190  -0.968  -1.483  -1.586
1.0496461391  0.9730   10.712   0.866  -0.211  -0.991  -1.508  -1.611
1.0497474670  0.9730   10.771   0.857  -0.220  -1.001  -1.518  -1.622
1.0498486757  0.9730   10.761   0.856  -0.221  -1.001  -1.518  -1.622
1.0499536991  0.9730   10.717   0.857  -0.217  -0.996  -1.512  -1.615
1.0500580072  0.9730   10.672   0.860  -0.212  -0.989  -1.503  -1.606
1.0501605272  0.9740   10.611   0.863  -0.206  -0.981  -1.493  -1.597
1.0502685308  0.9740   10.557   0.867  -0.200  -0.973  -1.484  -1.586
1.0503821373  0.9740   10.497   0.870  -0.193  -0.965  -1.474  -1.576
1.0504858494  0.9740   10.453   0.873  -0.188  -0.958  -1.466  -1.568
1.0505969524  0.9740   10.405   0.875  -0.184  -0.952  -1.459  -1.561
1.0507080555  0.9740   10.374   0.877  -0.180  -0.947  -1.452  -1.554
1.0508174896  0.9740   10.336   0.878  -0.177  -0.942  -1.447  -1.548
1.0509251356  0.9740   10.310   0.879  -0.174  -0.939  -1.442  -1.543
1.0509724617  0.9750   10.300   0.879  -0.173  -0.937  -1.440  -1.541
1.0510308743  0.9750   10.284   0.879  -0.172  -0.936  -1.438  -1.539
1.0511335135  0.9750   10.274   0.880  -0.171  -0.933  -1.435  -1.536
1.0512447357  0.9750   10.253   0.879  -0.170  -0.932  -1.433  -1.534
1.0513513088  0.9750   10.244   0.879  -0.170  -0.931  -1.432  -1.533
1.0514624119  0.9750   10.251   0.877  -0.171  -0.932  -1.432  -1.533
1.0515667200  0.9750   10.251   0.875  -0.173  -0.933  -1.433  -1.534
1.0516736507  0.9750   10.263   0.873  -0.175  -0.936  -1.436  -1.537
1.0517189503  0.9750   10.274   0.871  -0.177  -0.937  -1.438  -1.539
1.0517686605  0.9750   10.291   0.870  -0.179  -0.940  -1.440  -1.541
1.0518717766  0.9760   10.319   0.865  -0.184  -0.945  -1.446  -1.547
1.0519742966  0.9760   10.353   0.860  -0.190  -0.952  -1.454  -1.555
1.0520834923  0.9760   10.415   0.853  -0.199  -0.962  -1.464  -1.565
1.0521938801  0.9760   10.482   0.845  -0.209  -0.974  -1.477  -1.579
1.0522971153  0.9760   10.567   0.835  -0.221  -0.988  -1.493  -1.595
1.0524022579  0.9760   10.670   0.824  -0.236  -1.004  -1.511  -1.613
1.0525052547  0.9760   10.773   0.811  -0.252  -1.023  -1.531  -1.634
1.0526105165  0.9760   10.926   0.795  -0.273  -1.047  -1.558  -1.660
1.0527229309  0.9770   11.027   0.782  -0.288  -1.064  -1.576  -1.679
1.0528141260  0.9770   10.956   0.790  -0.278  -1.053  -1.564  -1.666
1.0529217720  0.9770   11.260   0.757  -0.320  -1.101  -1.617  -1.720
1.0530265570  0.9770   11.908   0.690  -0.405  -1.199  -1.724  -1.830
1.0530869961  0.9770   12.655   0.617  -0.498  -1.307  -1.843  -1.950
1.0531177521  0.9770   13.457   0.543  -0.593  -1.416  -1.963  -2.072
1.0531339645  0.9770   14.317   0.469  -0.687  -1.525  -2.081  -2.193
1.0531423092  0.9770   15.200   0.399  -0.778  -1.630  -2.198  -2.312
1.0531469584  0.9770   16.157   0.328  -0.872  -1.737  -2.316  -2.432
1.0531498194  0.9770   17.181   0.253  -0.965  -1.845  -2.431  -2.551
1.0531517267  0.9770   18.233   0.183  -1.054  -1.948  -2.540  -2.665
1.0531518459  0.9770   18.254   0.182  -1.055  -1.950  -2.542  -2.667
1.0531526804  0.9770   18.804   0.145  -1.101  -2.003  -2.598  -2.725
1.0531543493  0.9770   19.969   0.072  -1.190  -2.105  -2.707  -2.838
1.0531560183  0.9770   20.671   0.031  -1.242  -2.167  -2.771  -2.905
1.0531606674  0.9770   20.538   0.037  -1.234  -2.157  -2.760  -2.894
1.0531657934  0.9770   19.699   0.088  -1.171  -2.083  -2.683  -2.814
1.0532127619  0.9760   19.668   0.090  -1.169  -2.081  -2.681  -2.811
1.0532635450  0.9750   20.920   0.017  -1.259  -2.187  -2.792  -2.928
1.0532956123  0.9750   22.139  -0.050  -1.343  -2.285  -2.897  -3.037
1.0533270836  0.9740   23.635  -0.127  -1.439  -2.397  -3.015  -3.162
1.0533571243  0.9720   25.384  -0.211  -1.544  -2.521  -3.146  -3.299
1.0533833504  0.9710   27.099  -0.286  -1.639  -2.632  -3.265  -3.424
1.0534068346  0.9700   28.917  -0.361  -1.732  -2.743  -3.381  -3.548
1.0534278154  0.9680   30.822  -0.427  -1.827  -2.855  -3.503  -3.675
1.0534462929  0.9660   32.851  -0.491  -1.920  -2.965  -3.624  -3.800
1.0534628630  0.9650   35.015  -0.554  -2.012  -3.075  -3.744  -3.925
1.0534778833  0.9620   37.261  -0.613  -2.104  -3.184  -3.863  -4.049
1.0534918308  0.9600   39.816  -0.661  -2.192  -3.294  -3.986  -4.178
1.0535049438  0.9570   42.949  -0.681  -2.276  -3.409  -4.119  -4.320
1.0535172224  0.9540   46.042  -0.712  -2.360  -3.519  -4.244  -4.452
1.0535291433  0.9500   49.086  -0.751  -2.448  -3.629  -4.364  -4.578
1.0535404682  0.9460   52.331  -0.788  -2.535  -3.739  -4.485  -4.705
1.0535511971  0.9410   55.841  -0.814  -2.620  -3.849  -4.604  -4.830
1.0535612106  0.9350   59.711  -0.829  -2.708  -3.964  -4.730  -4.963
1.0535689592  0.9290   64.055  -0.840  -2.796  -4.083  -4.858  -5.099
1.0535739660  0.9250   68.447  -0.831  -2.875  -4.195  -4.980  -5.227
1.0535781384  0.9210   73.174  -0.817  -2.954  -4.309  -5.103  -5.357
1.0535819530  0.9160   78.335  -0.772  -3.026  -4.423  -5.227  -5.490
1.0535854101  0.9100   83.860  -0.719  -3.094  -4.538  -5.351  -5.621
1.0535883904  0.9040   89.383  -0.644  -3.148  -4.644  -5.465  -5.743
1.0535917282  0.8970   95.908  -0.537  -3.202  -4.762  -5.592  -5.879
1.0535949469  0.8870  102.791  -0.398  -3.236  -4.877  -5.714  -6.010
1.0535986423  0.8740  109.965  -0.240  -3.261  -4.989  -5.833  -6.139
1.0536020994  0.8590  117.046  -0.041  -3.249  -5.090  -5.939  -6.255
1.0536029339  0.8550  121.634   0.080  -3.243  -5.153  -6.005  -6.328
1.0536034107  0.8520  113.699  -0.091  -3.237  -5.040  -5.887  -6.199
1.0536035299  0.8510  115.280  -0.055  -3.237  -5.062  -5.910  -6.225
1.0536038876  0.8500  116.374  -0.025  -3.236  -5.078  -5.927  -6.243
1.0536041260  0.8490  118.674   0.031  -3.234  -5.110  -5.960  -6.280
1.0536042452  0.8480  120.880   0.087  -3.232  -5.140  -5.992  -6.314
1.0536044836  0.8470  123.326   0.149  -3.229  -5.172  -6.026  -6.351
1.0536047220  0.8450  128.367   0.297  -3.204  -5.239  -6.095  -6.427
1.0536050797  0.8430  138.661   0.588  -3.149  -5.366  -6.227  -6.572
1.0536054373  0.8390  150.472   0.879  -3.083  -5.501  -6.366  -6.724
1.0536059141  0.8340  160.863   1.135  -3.014  -5.608  -6.479  -6.847
1.0536066294  0.8260  172.645   1.373  -2.938  -5.721  -6.597  -6.977
1.0536072254  0.8170  179.910   1.513  -2.888  -5.786  -6.664  -7.051
1.0536073446  0.8160  113.280   0.119  -3.138  -5.010  -5.861  -6.179
# 1.0536073446  0.8150   90.023  -0.422  -3.072  -4.627  -5.456  -5.742
1.0536075830  0.8120   66.781  -0.763  -2.817  -4.141  -4.926  -5.175
1.0536078215  0.8080   69.800  -0.731  -2.859  -4.209  -5.002  -5.256
1.0536081791  0.8040   87.671  -0.439  -3.042  -4.579  -5.406  -5.689
1.0536085367  0.7980  116.884   0.267  -3.109  -5.054  -5.908  -6.234
1.0536090136  0.7910  147.793   1.129  -2.930  -5.441  -6.311  -6.673
1.0536094904  0.7840  171.654   1.594  -2.796  -5.685  -6.563  -6.948
1.0536102057  0.7750  185.334   1.701  -2.761  -5.805  -6.687  -7.084
1.0536109209  0.7650  191.494   1.762  -2.735  -5.856  -6.739  -7.141
1.0536116362  0.7550  189.346   1.643  -2.829  -5.861  -6.741  -7.140
# 1.0536116362  0.7550  134.976   0.954  -2.930  -5.277  -6.142  -6.495
1.0536117554  0.7540   97.781  -0.070  -3.038  -4.742  -5.585  -5.888
# 1.0536117554  0.7520   72.536  -0.569  -2.845  -4.251  -5.057  -5.321
1.0536119938  0.7490   75.763  -0.513  -2.880  -4.319  -5.132  -5.402
1.0536121130  0.7460   94.985  -0.084  -3.006  -4.689  -5.531  -5.831
1.0536123514  0.7420  126.635   0.875  -2.906  -5.160  -6.024  -6.370
1.0536125898  0.7380  160.456   1.673  -2.687  -5.545  -6.423  -6.805
1.0536129475  0.7320  187.006   1.888  -2.621  -5.786  -6.671  -7.074
1.0536131859  0.7270  202.561   1.975  -2.598  -5.908  -6.794  -7.208
1.0536136627  0.7200  209.872   2.025  -2.582  -5.959  -6.846  -7.265
1.0536140203  0.7130  190.088   1.464  -2.991  -5.905  -6.783  -7.179
# 1.0536140203  0.7120  147.623   1.551  -2.685  -5.393  -6.269  -6.642
1.0536141396  0.7110  105.793   0.327  -2.962  -4.855  -5.707  -6.027
# 1.0536141396  0.7090   77.563  -0.443  -2.882  -4.351  -5.169  -5.443
1.0536142588  0.7060   80.827  -0.377  -2.911  -4.419  -5.242  -5.521
1.0536144972  0.7020  101.591   0.169  -2.982  -4.790  -5.638  -5.951
1.0536147356  0.6970  135.755   1.261  -2.772  -5.259  -6.128  -6.490
1.0536149740  0.6910  172.367   1.888  -2.577  -5.640  -6.522  -6.920
1.0536152124  0.6850  200.473   2.044  -2.544  -5.876  -6.763  -7.180
1.0536155701  0.6770  215.901   2.114  -2.541  -5.992  -6.881  -7.309
1.0536159277  0.6690  221.746   2.138  -2.544  -6.035  -6.926  -7.359
1.0536162853  0.6600  183.255   0.675  -3.441  -5.914  -6.780  -7.166
# 1.0536162853  0.6590  152.635   1.476  -2.771  -5.470  -6.344  -6.722
1.0536164045  0.6570  107.215  -0.042  -3.149  -4.920  -5.763  -6.077
1.0536165237  0.6540   76.675  -0.876  -3.041  -4.406  -5.195  -5.458
1.0536166430  0.6490   79.351  -0.881  -3.089  -4.470  -5.262  -5.527
1.0536168814  0.6440   99.714  -0.479  -3.239  -4.835  -5.662  -5.959
1.0536171198  0.6360  133.584   0.521  -3.153  -5.301  -6.158  -6.506
1.0536173582  0.6280  169.455   1.472  -2.884  -5.677  -6.553  -6.943
1.0536177158  0.6180  195.099   1.761  -2.800  -5.901  -6.789  -7.205
1.0536180735  0.6080  206.184   1.775  -2.834  -6.001  -6.893  -7.321
1.0536185503  0.5960  206.469   1.671  -2.937  -6.021  -6.915  -7.345
1.0536190271  0.5830  161.271  -1.372  -4.219  -5.857  -6.685  -7.046
1.0536205769  0.5320    0.000  30.031  30.026  30.030  30.070  30.062
