# Combined PARSEC isochrone (>= 0.55 Msun), Henry & McCarthy 1993, AJ, 106, 773's relation (0.09 Msun <= M <= 0.48 Msun), and Baraffe et al. 2003, A&A, 402, 701's isochrone (M <= 0.08 Msun)
# References for the PARSEC isochrone : 
# Bressan et al. (2012), MNRAS, 427, 127 + Chen et al. (2014, 2015), MNRAS, 444, 2525 + MNRAS, 452, 1068 + Tang et al. (2014), MNRAS, 445, 4287 + Marigo et al. (2017), ApJ, 835, 77 + Pastorelli al. (2019), MNRAS in press
#       Mini     MPD      Rad    MV_j    MI_c   MJ_2M   MH_2M   MK_2M
0.0005000000  0.0005    0.114  41.980  34.000  27.866  26.306  37.636
0.0010000000  0.0010    0.117  32.580  25.890  22.019  22.209  29.086
0.0020000000  0.0020    0.120  29.690  22.790  19.841  19.676  23.106
0.0030000000  0.0030    0.121  28.710  21.660  18.731  18.514  20.856
0.0040000000  0.0040    0.122  28.090  20.950  17.835  17.671  19.326
0.0050000000  0.0050    0.122  27.650  20.440  17.141  16.995  18.126
0.0060000000  0.0060    0.121  27.360  20.090  16.642  16.494  17.236
0.0070000000  0.0070    0.121  27.030  19.740  16.111  16.004  16.356
0.0080000000  0.0080    0.120  26.770  19.490  15.721  15.650  15.766
0.0090000000  0.0090    0.120  26.450  19.190  15.292  15.236  15.136
0.0100000000  0.0100    0.120  26.100  18.920  14.917  14.868  14.666
0.0120000000  0.0120    0.129  23.530  16.790  13.188  12.979  12.736
0.0150000000  0.0150    0.124  23.300  16.460  13.035  12.828  12.626
0.0200000000  0.0200    0.122  22.300  16.080  12.587  12.348  12.146
0.0300000000  0.0300    0.126  19.960  14.480  11.518  11.212  10.876
0.0400000000  0.0400    0.132  18.460  13.310  10.892  10.533  10.166
0.0500000000  0.0500    0.141  17.090  12.530  10.433  10.032   9.686
0.0600000000  0.0600    0.150  16.080  12.010  10.104   9.692   9.346
0.0700000000  0.0700    0.160  15.330  11.600   9.823   9.402   9.076
0.0720000000  0.0720    0.162  15.200  11.530   9.773   9.352   9.026
0.0750000000  0.0750    0.166  15.010  11.420   9.693   9.272   8.946
0.0800000000  0.0800    0.170  14.770  11.290   9.604   9.172   8.846
# logAge= 8 is picked from isochrones/CMD3.3-thin1.dat
0.0900000036  0.0900    0.220  16.263  12.081   9.512   8.981   8.617
0.0930651799  0.0930    0.223  16.203  12.020   9.450   8.920   8.556
0.1000000015  0.1000    0.229  16.065  11.880   9.311   8.780   8.417
0.1008088589  0.1010    0.230  16.052  11.866   9.297   8.766   8.403
0.1114393026  0.1110    0.240  15.655  11.590   9.124   8.592   8.231
0.1199999973  0.1200    0.247  15.247  11.336   9.001   8.466   8.110
0.1399999857  0.1400    0.263  14.624  10.922   8.761   8.224   7.876
0.1415578574  0.1410    0.264  14.579  10.892   8.744   8.206   7.859
0.1599999964  0.1600    0.279  14.078  10.567   8.552   8.011   7.671
0.2000000030  0.2000    0.308  13.253  10.026   8.209   7.663   7.337
0.2206547558  0.2210    0.322  12.923   9.805   8.059   7.511   7.192
0.2500000000  0.2500    0.341  12.501   9.529   7.870   7.318   7.007
0.2894600928  0.2890    0.366  12.056   9.220   7.642   7.086   6.785
0.3000000119  0.3000    0.372  11.950   9.145   7.585   7.029   6.729
0.3500000238  0.3500    0.406  11.480   8.806   7.323   6.760   6.471
0.4000000358  0.4000    0.441  11.015   8.471   7.061   6.491   6.212
0.4500000179  0.4500    0.480  10.530   8.120   6.783   6.204   5.935
0.5000000000  0.5000    0.523   9.972   7.727   6.479   5.888   5.631
0.5236139297  0.5230    0.545   9.611   7.487   6.301   5.702   5.456
0.5500000119  0.5500    0.569   9.233   7.237   6.112   5.503   5.270
0.5557504892  0.5550    0.574   9.132   7.173   6.066   5.455   5.226
0.6000000238  0.6000    0.601   8.478   6.759   5.756   5.128   4.941
0.6219376922  0.6220    0.605   8.166   6.571   5.620   4.995   4.832
0.6441588402  0.6440    0.609   7.987   6.462   5.539   4.922   4.770
0.6499999762  0.6500    0.612   7.953   6.440   5.522   4.906   4.757
0.6601551175  0.6600    0.614   7.897   6.404   5.494   4.881   4.735
0.7000000477  0.7000    0.635   7.525   6.162   5.304   4.715   4.589
0.7118418813  0.7120    0.642   7.388   6.074   5.239   4.666   4.545
0.7500000000  0.7500    0.663   6.955   5.788   5.029   4.517   4.409
0.8000000119  0.8000    0.703   6.512   5.464   4.773   4.319   4.220
0.8473516703  0.8470    0.742   6.135   5.180   4.546   4.142   4.050
0.8500000238  0.8500    0.744   6.115   5.164   4.534   4.132   4.041
0.8999999762  0.8990    0.784   5.760   4.888   4.314   3.956   3.872
0.9499999285  0.9500    0.830   5.439   4.636   4.108   3.785   3.708
1.0000000000  1.0000    0.882   5.132   4.389   3.899   3.607   3.537
1.0274553299  1.0270    0.913   4.975   4.261   3.791   3.513   3.446
1.0499999523  1.0500    0.935   4.860   4.167   3.711   3.445   3.380
1.1000000238  1.0990    0.993   4.597   3.951   3.525   3.281   3.221
1.1127263308  1.1120    1.009   4.524   3.890   3.472   3.235   3.177
1.1499999762  1.1490    1.055   4.345   3.741   3.342   3.119   3.064
1.2000000477  1.2000    1.118   4.111   3.544   3.169   2.965   2.914
1.2500000000  1.2500    1.180   3.889   3.359   3.006   2.820   2.772
1.2999999523  1.3000    1.243   3.679   3.181   2.851   2.682   2.636
1.3500000238  1.3500    1.300   3.480   3.016   2.708   2.558   2.514
1.3999998569  1.4000    1.352   3.293   2.864   2.579   2.447   2.404
1.4500000477  1.4500    1.392   3.116   2.727   2.466   2.354   2.313
1.5000000000  1.5000    1.420   2.946   2.603   2.369   2.279   2.240
1.5499999523  1.5500    1.436   2.786   2.493   2.287   2.220   2.182
1.6000000238  1.6000    1.449   2.632   2.389   2.211   2.166   2.129
1.6436116695  1.6430    1.461   2.508   2.306   2.150   2.121   2.085
1.6499998569  1.6490    1.464   2.491   2.295   2.141   2.114   2.078
1.7000000477  1.6990    1.479   2.360   2.206   2.074   2.064   2.029
1.7500000000  1.7490    1.493   2.239   2.123   2.011   2.014   1.979
1.7899979353  1.7890    1.507   2.149   2.060   1.961   1.972   1.939
1.7999999523  1.7990    1.510   2.128   2.044   1.948   1.962   1.929
1.8429460526  1.8420    1.526   2.042   1.981   1.897   1.919   1.887
1.8500000238  1.8490    1.529   2.028   1.970   1.889   1.912   1.880
1.8999998569  1.8990    1.549   1.934   1.898   1.830   1.859   1.829
1.9500000477  1.9500    1.571   1.846   1.828   1.772   1.807   1.778
2.0000000000  2.0000    1.594   1.764   1.760   1.714   1.754   1.727
2.0499999523  2.0500    1.617   1.686   1.695   1.659   1.703   1.678
2.0999999046  2.0990    1.642   1.611   1.630   1.603   1.650   1.627
2.1500000954  2.1490    1.667   1.538   1.567   1.549   1.599   1.577
2.1511213779  2.1500    1.667   1.537   1.566   1.547   1.597   1.576
2.2000000477  2.1990    1.693   1.468   1.505   1.494   1.547   1.527
2.2500000000  2.2490    1.721   1.399   1.444   1.440   1.495   1.478
2.2999999523  2.2990    1.747   1.333   1.383   1.387   1.444   1.428
2.3089296818  2.3080    1.752   1.321   1.373   1.377   1.435   1.420
2.4000000954  2.3990    1.804   1.203   1.265   1.282   1.343   1.331
2.5099585056  2.5100    1.867   1.067   1.139   1.169   1.235   1.226
2.5999999046  2.6000    1.918   0.959   1.038   1.078   1.147   1.141
2.7894718647  2.7900    2.034   0.740   0.832   0.892   0.965   0.964
2.7999997139  2.8000    2.041   0.729   0.820   0.881   0.955   0.954
2.9261801243  2.9260    2.123   0.590   0.688   0.760   0.837   0.838
3.0000000000  3.0000    2.172   0.510   0.612   0.690   0.768   0.771
3.0707798004  3.0710    2.221   0.435   0.540   0.623   0.703   0.707
3.2000000477  3.1990    2.314   0.297   0.408   0.501   0.582   0.589
3.2698705196  3.2690    2.366   0.225   0.338   0.435   0.518   0.526
3.3854615688  3.3840    2.459   0.105   0.223   0.327   0.412   0.421
3.4000000954  3.3980    2.470   0.090   0.208   0.313   0.398   0.408
3.4444515705  3.4430    2.506   0.045   0.165   0.272   0.358   0.368
3.5469930172  3.5450    2.594  -0.059   0.064   0.178   0.264   0.276
3.5999999046  3.5980    2.645  -0.114   0.011   0.127   0.214   0.227
3.7175776958  3.7150    2.756  -0.234  -0.106   0.016   0.105   0.118
3.7999997139  3.7980    2.844  -0.320  -0.190  -0.064   0.025   0.040
3.8457484245  3.8450    2.891  -0.368  -0.236  -0.108  -0.018  -0.003
3.9693901539  3.9700    3.042  -0.501  -0.366  -0.235  -0.143  -0.127
4.0000000000  4.0010    3.080  -0.535  -0.400  -0.267  -0.176  -0.159
4.0816540718  4.0810    3.189  -0.625  -0.488  -0.353  -0.261  -0.244
4.1837620735  4.1820    3.346  -0.741  -0.602  -0.465  -0.372  -0.355
4.1999998093  4.1980    3.369  -0.760  -0.621  -0.484  -0.391  -0.373
4.2539486885  4.2520    3.461  -0.823  -0.684  -0.545  -0.452  -0.434
4.3343710899  4.3320    3.614  -0.923  -0.783  -0.643  -0.550  -0.532
4.4000000954  4.3970    3.756  -1.009  -0.869  -0.728  -0.635  -0.616
4.4039044380  4.4010    3.765  -1.014  -0.874  -0.733  -0.640  -0.621
4.5092806816  4.5060    4.018  -1.156  -1.016  -0.876  -0.782  -0.764
4.5901622772  4.5870    4.253  -1.275  -1.136  -0.996  -0.903  -0.885
4.5999999046  4.5980    4.285  -1.290  -1.152  -1.012  -0.920  -0.901
4.6637759209  4.6610    4.514  -1.392  -1.256  -1.117  -1.025  -1.007
4.7491064072  4.7470    4.867  -1.538  -1.405  -1.270  -1.179  -1.161
4.8000001907  4.7980    5.133  -1.636  -1.506  -1.374  -1.284  -1.267
4.8219184875  4.8200    5.256  -1.679  -1.549  -1.418  -1.329  -1.312
4.8822855949  4.8810    5.654  -1.808  -1.683  -1.557  -1.469  -1.454
4.9386329651  4.9370    6.088  -1.936  -1.816  -1.696  -1.610  -1.596
4.9858012199  4.9850    6.547  -2.057  -1.942  -1.830  -1.745  -1.732
5.0000000000  4.9990    6.678  -2.093  -1.979  -1.868  -1.784  -1.771
5.0383057594  5.0370    7.043  -2.188  -2.078  -1.970  -1.887  -1.875
5.0401835442  5.0390    7.062  -2.192  -2.083  -1.975  -1.892  -1.880
5.0473890305  5.0470    7.032  -2.196  -2.084  -1.974  -1.891  -1.878
5.0642199516  5.0630    6.889  -2.197  -2.079  -1.960  -1.875  -1.861
5.0688233376  5.0680    6.669  -2.173  -2.049  -1.922  -1.834  -1.818
5.0708889961  5.0700    6.465  -2.150  -2.019  -1.884  -1.794  -1.776
5.0720028877  5.0710    6.280  -2.131  -1.994  -1.851  -1.759  -1.739
5.0726232529  5.0720    6.144  -2.121  -1.978  -1.829  -1.735  -1.714
5.0729694366  5.0720    6.065  -2.115  -1.969  -1.816  -1.720  -1.698
5.0731496811  5.0720    6.071  -2.097  -1.954  -1.805  -1.710  -1.689
5.0733098984  5.0730    6.137  -2.089  -1.951  -1.807  -1.714  -1.694
5.0734553337  5.0730    6.300  -2.107  -1.974  -1.837  -1.746  -1.728
5.0736341476  5.0730    6.614  -2.162  -2.037  -1.908  -1.820  -1.804
5.0738224983  5.0730    7.033  -2.247  -2.129  -2.009  -1.924  -1.910
5.0740261078  5.0730    7.538  -2.345  -2.235  -2.125  -2.042  -2.029
5.0742416382  5.0740    8.057  -2.440  -2.338  -2.236  -2.156  -2.146
5.0744647980  5.0740    8.599  -2.527  -2.432  -2.340  -2.263  -2.255
5.0746922493  5.0740    9.136  -2.605  -2.518  -2.437  -2.363  -2.356
5.0749211311  5.0740    9.695  -2.678  -2.598  -2.527  -2.456  -2.452
5.0751500130  5.0740   10.265  -2.745  -2.673  -2.613  -2.546  -2.544
5.0753750801  5.0750   10.861  -2.808  -2.743  -2.695  -2.632  -2.632
5.0755963326  5.0750   11.464  -2.866  -2.810  -2.775  -2.714  -2.717
5.0758104324  5.0750   12.102  -2.921  -2.873  -2.852  -2.795  -2.800
5.0760173798  5.0750   12.760  -2.973  -2.934  -2.926  -2.873  -2.881
5.0762157440  5.0760   13.439  -3.021  -2.992  -2.997  -2.949  -2.961
5.0764055252  5.0760   14.137  -3.066  -3.047  -3.068  -3.024  -3.039
5.0765867233  5.0760   14.878  -3.108  -3.100  -3.137  -3.098  -3.116
5.0767593384  5.0760   15.633  -3.145  -3.151  -3.205  -3.171  -3.193
5.0769228935  5.0760   16.434  -3.179  -3.199  -3.270  -3.243  -3.268
5.0770788193  5.0760   17.269  -3.208  -3.245  -3.336  -3.314  -3.343
5.0772261620  5.0770   18.132  -3.230  -3.289  -3.398  -3.384  -3.417
5.0773653984  5.0770   19.018  -3.242  -3.328  -3.458  -3.454  -3.491
5.0774974823  5.0770   19.969  -3.247  -3.364  -3.517  -3.524  -3.564
5.0776219368  5.0770   20.944  -3.245  -3.398  -3.574  -3.594  -3.637
5.0777397156  5.0770   21.976  -3.235  -3.429  -3.629  -3.665  -3.710
5.0778508186  5.0770   23.023  -3.220  -3.459  -3.683  -3.737  -3.784
5.0779561996  5.0770   24.119  -3.200  -3.488  -3.738  -3.809  -3.859
5.0780553818  5.0770   25.296  -3.176  -3.513  -3.788  -3.881  -3.933
5.0781497955  5.0780   26.513  -3.147  -3.535  -3.838  -3.952  -4.006
5.0782389641  5.0780   27.775  -3.114  -3.553  -3.885  -4.022  -4.079
5.0783233643  5.0780   29.064  -3.079  -3.569  -3.931  -4.091  -4.151
5.0784034729  5.0780   30.462  -3.039  -3.583  -3.974  -4.159  -4.223
5.0784797668  5.0780   31.875  -2.996  -3.593  -4.015  -4.227  -4.295
5.0785522461  5.0780   33.355  -2.949  -3.601  -4.057  -4.296  -4.368
5.0786213875  5.0780   34.886  -2.897  -3.604  -4.094  -4.362  -4.439
5.0786871910  5.0780   36.438  -2.843  -3.600  -4.125  -4.423  -4.502
5.0787529945  5.0780   37.945  -2.783  -3.590  -4.150  -4.476  -4.558
5.0788216591  5.0780   39.433  -2.717  -3.573  -4.168  -4.524  -4.608
5.0788984299  5.0780   40.790  -2.644  -3.545  -4.177  -4.561  -4.648
5.0789952278  5.0780   41.836  -2.557  -3.503  -4.170  -4.581  -4.671
5.0791077614  5.0780   42.428  -2.461  -3.446  -4.146  -4.581  -4.675
5.0792331696  5.0790   42.959  -2.357  -3.382  -4.114  -4.575  -4.673
5.0793695450  5.0790   43.748  -2.268  -3.326  -4.091  -4.568  -4.675
5.0794663429  5.0790   44.592  -2.219  -3.304  -4.092  -4.582  -4.695
5.0795655251  5.0790   46.500  -2.215  -3.327  -4.138  -4.641  -4.761
5.0796995163  5.0790   50.148  -2.244  -3.394  -4.240  -4.759  -4.889
5.0798091888  5.0790   54.219  -2.296  -3.488  -4.363  -4.902  -5.037
5.0798983574  5.0790   57.897  -2.355  -3.571  -4.467  -5.017  -5.159
5.0799880028  5.0790   61.525  -2.414  -3.651  -4.566  -5.123  -5.272
5.0801081657  5.0790   65.774  -2.482  -3.740  -4.675  -5.242  -5.397
5.0801577568  5.0800   66.982  -2.500  -3.766  -4.706  -5.276  -5.434
5.0802679062  5.0800   69.575  -2.536  -3.818  -4.770  -5.346  -5.506
5.0802974701  5.0800   70.025  -2.542  -3.828  -4.782  -5.359  -5.520
5.0806498528  5.0800   75.033  -2.607  -3.924  -4.898  -5.488  -5.654
5.0810837746  5.0800   80.455  -2.672  -4.021  -5.016  -5.618  -5.790
5.0815243721  5.0810   86.011  -2.737  -4.116  -5.129  -5.742  -5.919
5.0820016861  5.0810   92.057  -2.805  -4.216  -5.248  -5.872  -6.055
5.0824785233  5.0820   98.504  -2.873  -4.315  -5.365  -5.999  -6.187
5.0829558372  5.0820  105.282  -2.941  -4.414  -5.481  -6.125  -6.318
5.0834050179  5.0830  111.572  -2.998  -4.500  -5.583  -6.236  -6.434
5.0840792656  5.0830  117.207  -3.046  -4.573  -5.670  -6.330  -6.532
5.0851488113  5.0850  120.630  -3.073  -4.615  -5.719  -6.383  -6.588
5.0873942375  5.0870  118.701  -3.062  -4.593  -5.693  -6.354  -6.557
5.0945234299  5.0940  111.649  -3.013  -4.510  -5.591  -6.241  -6.438
5.0989174843  5.0980  106.256  -2.972  -4.440  -5.505  -6.147  -6.340
5.1024823189  5.1020  100.845  -2.923  -4.366  -5.416  -6.050  -6.238
5.1058773994  5.1050   95.358  -2.871  -4.287  -5.321  -5.946  -6.129
5.1092343330  5.1090   90.065  -2.818  -4.205  -5.222  -5.838  -6.016
5.1125636101  5.1120   85.027  -2.762  -4.123  -5.125  -5.730  -5.905
5.1165175438  5.1160   79.846  -2.701  -4.033  -5.016  -5.610  -5.780
5.1221175194  5.1220   73.800  -2.629  -3.924  -4.885  -5.465  -5.628
5.1281666756  5.1280   69.017  -2.574  -3.837  -4.775  -5.343  -5.500
5.1388158798  5.1380   63.849  -2.526  -3.750  -4.657  -5.207  -5.356
5.1477341652  5.1470   61.441  -2.533  -3.729  -4.615  -5.151  -5.294
5.1553182602  5.1550   61.032  -2.624  -3.786  -4.645  -5.164  -5.301
5.1611695290  5.1610   60.919  -2.731  -3.858  -4.690  -5.190  -5.321
5.1644034386  5.1640   60.919  -2.843  -3.940  -4.743  -5.227  -5.350
5.1662273407  5.1660   60.598  -2.930  -4.002  -4.779  -5.250  -5.365
5.1678810120  5.1680   59.821  -3.016  -4.061  -4.809  -5.266  -5.372
5.1690630913  5.1690   58.486  -3.087  -4.101  -4.817  -5.259  -5.356
5.1700139046  5.1700   56.919  -3.153  -4.129  -4.812  -5.231  -5.324
5.1708960533  5.1710   55.139  -3.212  -4.149  -4.799  -5.194  -5.284
5.1717643738  5.1720   53.328  -3.266  -4.162  -4.781  -5.153  -5.239
5.1727051735  5.1730   51.423  -3.318  -4.172  -4.761  -5.106  -5.191
5.1738028526  5.1740   49.551  -3.369  -4.179  -4.735  -5.054  -5.138
5.1750741005  5.1750   47.803  -3.413  -4.181  -4.708  -5.004  -5.086
5.1770205498  5.1770   46.116  -3.454  -4.180  -4.680  -4.954  -5.033
5.1804881096  5.1800   44.592  -3.493  -4.180  -4.655  -4.907  -4.983
5.1859855652  5.1860   45.746  -3.487  -4.196  -4.685  -4.948  -5.026
5.1974444389  5.1970   47.660  -3.490  -4.229  -4.738  -5.018  -5.097
5.1999998093  5.2000   47.880  -3.494  -4.236  -4.747  -5.027  -5.107
5.2252564430  5.2250   50.333  -3.537  -4.302  -4.827  -5.120  -5.201
5.2366504669  5.2370   52.270  -3.538  -4.332  -4.876  -5.183  -5.267
5.2434430122  5.2440   54.244  -3.521  -4.348  -4.914  -5.241  -5.326
5.2514677048  5.2520   57.326  -3.484  -4.362  -4.966  -5.324  -5.410
5.2564768791  5.2570   59.739  -3.444  -4.365  -5.001  -5.383  -5.472
5.2609009743  5.2610   62.224  -3.397  -4.361  -5.031  -5.439  -5.530
5.2644958496  5.2650   64.484  -3.348  -4.351  -5.053  -5.484  -5.579
5.2678771019  5.2680   66.628  -3.290  -4.333  -5.069  -5.524  -5.623
5.2705740929  5.2710   68.384  -3.246  -4.313  -5.076  -5.542  -5.650
5.2743034363  5.2740   70.009  -3.185  -4.278  -5.072  -5.551  -5.669
5.2780833244  5.2780   71.393  -3.111  -4.232  -5.055  -5.547  -5.676
5.2815308571  5.2820   72.503  -3.032  -4.180  -5.034  -5.538  -5.678
5.2852721214  5.2860   73.528  -2.956  -4.138  -5.019  -5.541  -5.687
5.2925209999  5.2930   76.077  -2.861  -4.099  -5.021  -5.571  -5.726
5.2980723381  5.2980   81.575  -2.847  -4.144  -5.105  -5.682  -5.846
5.2993755341  5.3000   88.360  -2.893  -4.237  -5.227  -5.824  -5.997
5.2995100021  5.3000   90.356  -2.910  -4.266  -5.265  -5.866  -6.040
5.2996387482  5.3000   94.201  -2.945  -4.322  -5.334  -5.943  -6.120
5.3000817299  5.3000   95.908  -2.966  -4.349  -5.365  -5.977  -6.156
5.3009328842  5.3010   97.220  -2.970  -4.363  -5.384  -5.999  -6.180
5.3013324738  5.3020  103.504  -3.022  -4.448  -5.490  -6.116  -6.302
5.3017096519  5.3020  110.041  -3.077  -4.535  -5.594  -6.231  -6.423
5.3021731377  5.3020  117.073  -3.131  -4.621  -5.699  -6.346  -6.543
5.3027362823  5.3030  124.410  -3.182  -4.708  -5.804  -6.461  -6.663
5.3034024239  5.3040  132.481  -3.231  -4.794  -5.910  -6.577  -6.785
5.3041696548  5.3040  141.077  -3.273  -4.880  -6.016  -6.694  -6.908
5.3050322533  5.3050  150.403  -3.316  -4.967  -6.124  -6.812  -7.033
5.3059434891  5.3060  160.530  -3.359  -5.057  -6.236  -6.933  -7.160
5.3068075180  5.3060  171.615  -3.397  -5.149  -6.351  -7.058  -7.292
5.3075623512  5.3070  183.550  -3.434  -5.241  -6.467  -7.184  -7.424
5.3082251549  5.3070  196.316  -3.453  -5.329  -6.581  -7.309  -7.556
5.3088293076  5.3070  209.727  -3.469  -5.417  -6.696  -7.433  -7.686
5.3093914986  5.3070  224.262  -3.470  -5.502  -6.812  -7.557  -7.818
5.3099155426  5.3060  239.969  -3.456  -5.584  -6.928  -7.682  -7.950
5.3104066849  5.3050  256.304  -3.437  -5.663  -7.041  -7.803  -8.078
5.3109278679  5.3030  274.318  -3.387  -5.735  -7.160  -7.929  -8.211
5.3113632202  5.3000  293.329  -3.322  -5.802  -7.274  -8.052  -8.343
5.3116369247  5.2970  315.686  -3.186  -5.848  -7.393  -8.182  -8.483
5.3118534088  5.2940  339.121  -3.054  -5.892  -7.510  -8.309  -8.619
5.3120460510  5.2890  363.710  -2.891  -5.916  -7.626  -8.433  -8.755
5.3122272491  5.2820  390.081  -2.697  -5.923  -7.738  -8.554  -8.891
5.3123984337  5.2710  417.210  -2.446  -5.888  -7.840  -8.667  -9.023
5.3125624657  5.2560  444.278  -2.162  -5.826  -7.930  -8.769  -9.147
5.3127374649  5.2320  473.538  -1.779  -5.702  -8.009  -8.865  -9.270
5.3129868507  5.1790  495.513  -1.395  -5.556  -8.043  -8.921  -9.359
5.3131208420  5.1490  474.084  -1.688  -5.658  -8.000  -8.860  -9.269
5.3131442070  5.1440  455.151  -1.924  -5.732  -7.950  -8.797  -9.189
5.3131575584  5.1430  431.872  -2.204  -5.817  -7.882  -8.716  -9.086
5.3131670952  5.1420  414.816  -2.365  -5.844  -7.821  -8.649  -9.006
5.3131852150  5.1400  405.653  -2.446  -5.856  -7.788  -8.612  -8.964
5.3132028580  5.1390  405.653  -2.444  -5.855  -7.789  -8.613  -8.965
5.3132567406  5.1340  434.565  -2.164  -5.803  -7.890  -8.726  -9.099
5.3133029938  5.1280  452.642  -1.935  -5.732  -7.942  -8.789  -9.179
5.3133292198  5.1250  448.079  -1.988  -5.748  -7.930  -8.774  -9.160
5.3133354187  5.1240  444.074  -2.044  -5.766  -7.918  -8.758  -9.140
5.3133454323  5.1230  458.411  -1.862  -5.709  -7.957  -8.807  -9.203
5.3133692741  5.1190  478.691  -1.586  -5.617  -8.006  -8.871  -9.288
5.3133912086  5.1190  478.691  -1.588  -5.618  -8.007  -8.871  -9.288
5.3133916855  5.1180  647.821   0.863  -4.515  -8.082  -9.157  -9.845
5.3133921623  5.1180  602.775   0.035  -4.942  -8.163  -9.145  -9.725
5.3133926392  5.1180  593.274  -0.088  -5.001  -8.161  -9.130  -9.696
5.3133945465  5.1180  521.621  -0.961  -5.372  -8.070  -8.977  -9.456
5.3133974075  5.1170  422.917  -2.275  -5.827  -7.850  -8.681  -9.046
5.3134021759  5.1160  451.185  -1.952  -5.737  -7.937  -8.783  -9.171
5.3134088516  5.1140  472.667  -1.675  -5.649  -7.996  -8.855  -9.264
5.3134179115  5.1120  487.141  -1.463  -5.574  -8.022  -8.893  -9.322
5.3134293556  5.1090  496.770  -1.326  -5.521  -8.039  -8.919  -9.361
5.3134436607  5.1060  505.772  -1.205  -5.473  -8.055  -8.942  -9.395
5.3134617805  5.1020  515.413  -1.050  -5.408  -8.068  -8.965  -9.432
# 5.3134617805  5.1010  724.194   2.732  -3.486  -7.727  -9.034  -9.980
5.3134622574  5.1010  697.839   1.993  -3.895  -7.883  -9.097  -9.943
5.3134632111  5.1010  639.080   0.734  -4.580  -8.098  -9.155  -9.823
5.3134651184  5.1000  561.895  -0.495  -5.187  -8.145  -9.077  -9.594
5.3134684563  5.0990  455.570  -1.874  -5.707  -7.946  -8.795  -9.188
5.3134732246  5.0980  484.680  -1.470  -5.573  -8.016  -8.886  -9.312
5.3134799004  5.0950  507.522  -1.163  -5.453  -8.057  -8.946  -9.401
5.3134894371  5.0920  521.381  -0.931  -5.354  -8.066  -8.973  -9.452
5.3135013580  5.0880  530.219  -0.963  -5.388  -8.122  -9.017  -9.482
5.3135166168  5.0830  537.471  -0.844  -5.336  -8.129  -9.032  -9.508
5.3135352135  5.0770  544.948  -0.723  -5.284  -8.133  -9.045  -9.534
# 5.3135352135  5.0770  766.929   4.190  -2.662  -7.367  -8.857  -9.990
5.3135356903  5.0770  738.678   3.128  -3.264  -7.641  -8.997  -9.994
5.3135366440  5.0770  677.259   1.424  -4.200  -8.002  -9.144  -9.910
5.3135385513  5.0760  595.189  -0.002  -4.948  -8.154  -9.127  -9.697
5.3135418892  5.0740  482.120  -1.471  -5.567  -8.007  -8.875  -9.298
5.3135471344  5.0710  513.399  -1.041  -5.399  -8.062  -8.958  -9.422
5.3135547638  5.0680  537.595  -0.816  -5.321  -8.126  -9.030  -9.508
5.3135647774  5.0630  552.275  -0.574  -5.215  -8.134  -9.056  -9.559
5.3135771751  5.0570  562.283  -0.430  -5.147  -8.137  -9.072  -9.591
5.3135933876  5.0500  570.893  -0.303  -5.086  -8.140  -9.085  -9.618
5.3136134148  5.0410  580.036  -0.172  -5.023  -8.142  -9.099  -9.647
# 5.3136134148  5.0410  816.686   6.234  -1.486  -6.812  -8.561  -9.949
5.3136138916  5.0400  786.602   5.061  -2.158  -7.129  -8.729  -9.969
5.3136148453  5.0400  721.199   2.708  -3.486  -7.728  -9.028  -9.966
5.3136172295  5.0380  633.512   0.696  -4.584  -8.095  -9.144  -9.801
5.3136205673  5.0360  512.100  -1.019  -5.383  -8.056  -8.951  -9.416
5.3136262894  5.0320  545.953  -0.639  -5.239  -8.125  -9.040  -9.534
5.3136339188  5.0280  571.025  -0.273  -5.068  -8.135  -9.082  -9.617
5.3136444092  5.0210  585.943  -0.055  -4.964  -8.140  -9.106  -9.665
5.3136577606  5.0120  595.875   0.081  -4.897  -8.141  -9.120  -9.695
5.3136749268  5.0020  604.025   0.196  -4.839  -8.142  -9.131  -9.719
5.3136959076  4.9890  612.710   0.360  -4.754  -8.127  -9.133  -9.742
# 5.3136959076  4.9880  863.486   8.959   0.173  -5.954  -8.063  -9.773
5.3136963844  4.9880  832.061   7.149  -0.934  -6.530  -8.398  -9.893
5.3136973381  4.9870  762.176   4.197  -2.644  -7.356  -8.842  -9.972
5.3136997223  4.9850  669.507   1.388  -4.204  -7.997  -9.129  -9.885
5.3137035370  4.9820  540.698  -0.654  -5.238  -8.112  -9.024  -9.513
5.3137092590  4.9770  575.778  -0.148  -5.000  -8.127  -9.083  -9.629
5.3137178421  4.9710  601.527   0.203  -4.830  -8.134  -9.123  -9.710
5.3137288094  4.9620  616.957   0.496  -4.678  -8.108  -9.128  -9.752
5.3137431145  4.9500  625.396   0.674  -4.581  -8.083  -9.124  -9.774
5.3137607574  4.9360  632.929   0.819  -4.500  -8.061  -9.122  -9.791
5.3137831688  4.9180  639.227   0.965  -4.421  -8.038  -9.116  -9.807
# 5.3137831688  4.9180  902.101  11.397   1.677  -5.163  -7.598  -9.594
5.3137836456  4.9170  870.272   9.610   0.581  -5.736  -7.930  -9.714
5.3137850761  4.9160  797.178   5.807  -1.712  -6.911  -8.601  -9.929
5.3137874603  4.9140  699.931   2.380  -3.644  -7.780  -9.032  -9.920
5.3137912750  4.9100  564.099  -0.225  -5.026  -8.108  -9.055  -9.589
5.3137974739  4.9040  600.420   0.268  -4.787  -8.119  -9.112  -9.703
5.3138065338  4.8950  626.549   0.768  -4.521  -8.061  -9.113  -9.772
5.3138179779  4.8840  641.586   1.044  -4.371  -8.023  -9.109  -9.809
5.3138332367  4.8690  649.314   1.206  -4.282  -7.999  -9.104  -9.827
5.3138523102  4.8500  655.021   1.329  -4.214  -7.979  -9.099  -9.840
5.3138761520  4.8280  659.865   1.444  -4.152  -7.959  -9.092  -9.850
# 5.3138761520  4.8270  932.513  13.931   3.334  -4.253  -7.048  -9.334
5.3138766289  4.8270  898.577  11.588   1.802  -5.089  -7.547  -9.562
5.3138780594  4.8260  823.105   7.363  -0.784  -6.440  -8.330  -9.845
5.3138804436  4.8230  722.030   3.183  -3.195  -7.591  -8.943  -9.936
5.3138847351  4.8180  582.043   0.120  -4.848  -8.095  -9.070  -9.640
5.3138909340  4.8110  619.092   0.742  -4.524  -8.047  -9.093  -9.746
5.3138999939  4.8000  644.696   1.228  -4.262  -7.983  -9.088  -9.812
5.3139123917  4.7870  659.409   1.490  -4.119  -7.946  -9.083  -9.845
5.3139281273  4.7690  666.277   1.741  -3.978  -7.890  -9.058  -9.853
5.3139481544  4.7470  670.741   1.919  -3.876  -7.849  -9.038  -9.856
5.3139724731  4.7200  674.458   2.093  -3.776  -7.807  -9.018  -9.858
# 5.3139724731  4.7190  952.040  16.051   4.754  -3.461  -6.563  -9.093
5.3139729500  4.7190  918.449  13.667   3.171  -4.332  -7.086  -9.337
5.3139743805  4.7170  841.308   8.969   0.210  -5.912  -8.013  -9.714
5.3139767647  4.7140  738.848   4.086  -2.672  -7.345  -8.807  -9.912
5.3139815331  4.7080  594.368   0.430  -4.678  -8.069  -9.071  -9.673
5.3139882088  4.7000  631.473   1.133  -4.298  -7.976  -9.066  -9.771
5.3139972687  4.6880  658.651   1.675  -4.003  -7.891  -9.048  -9.830
5.3140101433  4.6720  671.514   2.111  -3.759  -7.797  -9.007  -9.848
5.3140268326  4.6520  678.508   2.334  -3.635  -7.745  -8.983  -9.854
5.3140473366  4.6260  681.169   2.480  -3.552  -7.709  -8.965  -9.854
5.3140730858  4.5950  683.526   2.617  -3.475  -7.674  -8.946  -9.853
# 5.3140730858  4.5940  964.840  17.882   6.025  -2.734  -6.112  -8.854
5.3140735626  4.5940  930.797  15.319   4.265  -3.722  -6.711  -9.150
5.3140749931  4.5920  853.601  10.250   1.009  -5.483  -7.752  -9.601
5.3140778542  4.5880  748.781   4.941  -2.168  -7.095  -8.663  -9.870
5.3140821457  4.5820  601.804   0.746  -4.492  -8.004  -9.041  -9.686
5.3140892982  4.5720  639.669   1.454  -4.110  -7.910  -9.035  -9.783
5.3140988350  4.5590  666.124   2.193  -3.701  -7.760  -8.977  -9.825
5.3141121864  4.5410  679.133   2.610  -3.471  -7.667  -8.937  -9.840
5.3141293526  4.5180  685.417   2.823  -3.352  -7.617  -8.913  -9.845
5.3141508102  4.4890  688.740   2.961  -3.273  -7.583  -8.896  -9.845
5.3141770363  4.4550  690.645   3.088  -3.200  -7.550  -8.877  -9.843
# 5.3141770363  4.4540  976.686  19.585   7.226  -2.036  -5.674  -8.611
5.3141775131  4.4530  942.226  16.972   5.409  -3.070  -6.305  -8.934
5.3141789436  4.4510  863.684  11.418   1.735  -5.091  -7.515  -9.494
5.3141818047  4.4470  758.499   5.721  -1.705  -6.864  -8.526  -9.826
5.3141865730  4.4400  608.632   1.066  -4.298  -7.938  -9.010  -9.693
5.3141937256  4.4290  646.629   1.879  -3.854  -7.808  -8.980  -9.780
5.3142037392  4.4150  672.907   2.670  -3.420  -7.635  -8.908  -9.813
5.3142170906  4.3950  686.049   3.069  -3.201  -7.546  -8.869  -9.828
5.3142347336  4.3690  691.600   3.268  -3.089  -7.500  -8.846  -9.832
5.3142566681  4.3370  693.514   3.392  -3.017  -7.467  -8.829  -9.830
5.3142838478  4.2990  694.632   3.504  -2.952  -7.437  -8.811  -9.826
# 5.3142838478  4.2980  983.230  21.071   8.286  -1.409  -5.275  -8.383
5.3142843246  4.2980  948.102  18.410   6.408  -2.494  -5.944  -8.734
5.3142857552  4.2950  869.071  12.633   2.530  -4.650  -7.241  -9.355
5.3142886162  4.2910  762.878   6.398  -1.301  -6.656  -8.400  -9.779
5.3142933846  4.2830  613.557   1.357  -4.118  -7.872  -8.974  -9.692
5.3143005371  4.2720  651.111   2.311  -3.596  -7.691  -8.912  -9.763
5.3143105507  4.2560  677.259   3.086  -3.173  -7.522  -8.841  -9.797
5.3143243790  4.2350  690.010   3.481  -2.955  -7.433  -8.801  -9.811
5.3143420219  4.2080  694.792   3.711  -2.823  -7.374  -8.771  -9.810
5.3143644333  4.1730  697.357   3.912  -2.703  -7.317  -8.737  -9.799
5.3143920898  4.1320  698.482   4.088  -2.596  -7.263  -8.704  -9.787
# 5.3143920898  4.1310  988.451  22.572   9.361  -0.757  -4.845  -8.119
5.3143925667  4.1310  954.674  19.864   7.442  -1.885  -5.558  -8.513
5.3143939972  4.1280  875.095  13.910   3.382  -4.172  -6.943  -9.198
5.3143968582  4.1230  769.051   7.181  -0.818  -6.405  -8.245  -9.713
5.3144016266  4.1150  617.526   1.659  -3.926  -7.803  -8.935  -9.688
5.3144092560  4.1030  655.322   2.743  -3.335  -7.573  -8.842  -9.744
5.3144192696  4.0860  680.856   3.511  -2.915  -7.405  -8.770  -9.777
5.3144330978  4.0620  693.673   4.047  -2.610  -7.267  -8.699  -9.773
5.3144512177  4.0330  698.482   4.367  -2.424  -7.175  -8.647  -9.761
5.3144741058  3.9950  700.253   4.566  -2.305  -7.116  -8.612  -9.749
5.3145017624  3.9500  701.706   4.751  -2.194  -7.058  -8.577  -9.735
# 5.3145017624  3.9490  993.471  24.108  10.462  -0.089  -4.401  -7.843
5.3145022392  3.9480  959.522  21.360   8.511  -1.250  -5.151  -8.275
5.3145036697  3.9460  879.539  15.212   4.251  -3.681  -6.637  -9.033
5.3145065308  3.9400  772.601   8.215  -0.166  -6.053  -8.024  -9.607
5.3145112991  3.9310  621.091   2.067  -3.677  -7.692  -8.868  -9.670
5.3145189285  3.9170  657.287   3.189  -3.065  -7.449  -8.767  -9.721
5.3145294189  3.8980  683.211   4.091  -2.563  -7.231  -8.663  -9.735
5.3145432472  3.8720  696.394   4.743  -2.189  -7.050  -8.565  -9.717
5.3145613670  3.8380  701.544   5.076  -1.994  -6.955  -8.510  -9.704
5.3145842552  3.7960  703.323   5.294  -1.864  -6.889  -8.471  -9.690
5.3146123886  3.7460  704.620   5.497  -1.742  -6.825  -8.431  -9.674
# 5.3146123886  3.7450  998.056  25.875  11.722   0.680  -3.889  -7.524
5.3146128654  3.7440  963.951  23.152   9.794  -0.469  -4.633  -7.953
5.3146142960  3.7410  884.617  16.812   5.346  -3.051  -6.238  -8.812
5.3146171570  3.7350  776.524   9.394   0.572  -5.650  -7.773  -9.483
5.3146224022  3.7250  624.676   2.591  -3.360  -7.548  -8.780  -9.644
5.3146295547  3.7100  661.082   3.694  -2.760  -7.305  -8.678  -9.691
5.3146400452  3.6890  686.365   4.873  -2.089  -6.989  -8.511  -9.673
5.3146538734  3.6610  699.608   5.526  -1.713  -6.805  -8.411  -9.654
5.3146724701  3.6250  704.296   5.868  -1.513  -6.706  -8.354  -9.638
5.3146953583  3.5800  706.407   6.102  -1.373  -6.634  -8.311  -9.622
5.3147234917  3.5260  707.221   6.327  -1.237  -6.565  -8.268  -9.605
# 5.3147234917  3.5250 1002.663  27.823  13.110   1.529  -3.326  -7.171
5.3147239685  3.5240  968.401  25.131  11.205   0.393  -4.060  -7.596
5.3147253990  3.5210  888.700  18.642   6.621  -2.309  -5.770  -8.546
5.3147282600  3.5140  780.648  10.695   1.390  -5.201  -7.494  -9.344
5.3147335052  3.5030  628.283   3.177  -3.005  -7.385  -8.681  -9.613
5.3147406578  3.4860  664.133   4.493  -2.277  -7.061  -8.525  -9.630
5.3147511482  3.4620  690.645   5.771  -1.545  -6.708  -8.336  -9.600
5.3147649765  3.4310  703.161   6.447  -1.158  -6.518  -8.232  -9.579
5.3147835732  3.3900  708.199   6.826  -0.939  -6.407  -8.170  -9.561
5.3148064613  3.3400  711.304   7.108  -0.774  -6.322  -8.120  -9.542
5.3148345947  3.2800  712.779   7.492  -0.537  -6.194  -8.040  -9.504
# 5.3148345947  3.2790 1009.381  30.401  14.934   2.637  -2.583  -6.700
5.3148350716  3.2780  974.889  27.662  13.008   1.492  -3.330  -7.142
5.3148365021  3.2730  896.097  21.091   8.359  -1.276  -5.112  -8.166
5.3148393631  3.2650  787.508  12.427   2.481  -4.597  -7.119  -9.156
5.3148446083  3.2510  634.534   3.926  -2.561  -7.172  -8.553  -9.574
5.3148517609  3.2310  671.050   5.683  -1.562  -6.694  -8.301  -9.541
5.3148622513  3.2010  697.678   7.019  -0.806  -6.323  -8.103  -9.506
5.3148760796  3.1620  711.631   8.048  -0.185  -5.998  -7.915  -9.437
5.3148946762  3.1130  718.547   8.790   0.273  -5.753  -7.767  -9.374
5.3149175644  3.0510  722.196   9.424   0.668  -5.539  -7.638  -9.314
5.3149456978  2.9770  726.198  10.120   1.099  -5.303  -7.492  -9.245
# 5.3149456978  2.9760 1027.910  35.093  18.235   4.597  -1.254  -5.823
5.3149461746  2.9740  993.700  32.172  16.186   3.399  -2.053  -6.327
5.3149476051  2.9660  915.072  25.437  11.450   0.595  -3.882  -7.417
5.3149504662  2.9510  806.966  16.150   4.949  -3.202  -6.255  -8.702
5.3149552345  2.9250  651.111   5.914  -1.389  -6.578  -8.199  -9.449
5.3149628639  2.8870  690.645   8.163  -0.082  -5.920  -7.838  -9.356
5.3149733543  2.8350  723.528  10.625   1.419  -5.122  -7.372  -9.170
5.3149871826  2.7650  743.798  12.312   2.454  -4.565  -7.044  -9.031
5.3150053024  2.6770  757.626  14.092   3.619  -3.913  -6.646  -8.831
5.3150281906  2.5700  769.051  15.968   4.860  -3.210  -6.215  -8.608
5.3150563240  2.4450  714.422  16.169   5.037  -3.037  -6.065  -8.524
# 5.3150563240  2.4440 1164.810  47.223  26.884   9.783   2.305  -3.498
5.3150568008  2.4370 1124.230  44.566  25.001   8.672   1.553  -3.970
5.3150582314  2.4180 1026.727  37.929  20.298   5.900  -0.324  -5.148
5.3150610924  2.3810  892.596  28.193  13.395   1.816  -3.063  -6.837
5.3150658607  2.3190  692.237  12.836   2.847  -4.275  -6.804  -8.833
5.3150734901  2.2290  746.028  18.348   6.527  -2.203  -5.553  -8.211
5.3150835037  2.1080  790.415  24.263  10.674   0.245  -4.009  -7.346
5.3150978088  1.9550  812.559  29.540  14.416   2.504  -2.531  -6.460
5.3151159286  1.7730  813.121  35.023  18.334   4.860  -0.913  -5.425
5.3151383400  1.5670  787.146  40.695  22.437   7.348   0.836  -4.294
5.3151664734  1.3470  518.508  37.052  19.990   6.142   0.223  -4.647
5.3151969910  0.9230    0.000  30.024  30.020  30.025  30.066  30.058
