# downloaded from PARSEC/CMD via ezpadova
# component=thick family=thick_disk component_index=7 logAge=10.07918 MH=-0.6 photometric_system=roman2021
# Zini MH logAge Mini int_IMF Mass logL logTe logg label McoreTP C_O period0 period1 period2 period3 period4 pmode Mloss tau1m X Y Xc Xn Xo Cexcess Z mbolmag F062mag F087mag F106mag F129mag F158mag F184mag F146mag F213mag SNprismmag Grism_1stOrdermag Grism_0thOrdermag
0.0038518 -0.6 10.07918 0.0900000036 1.081689593 0.09 -3.304 3.4144 5.306 1 0 0.545 0 0 0 0 0 -1 -4.58e-17 0 0.7384 0.2577 0.0006997 0.0001887 0.001712 -1 0.003891 13.03 15.65 12.375 11.44 10.876 10.578 10.507 10.934 10.292 11.27 10.83 10.6
0.0038518 -0.6 10.07918 0.0930351466 1.110143542 0.093 -3.238 3.4237 5.291 1 0 0.545 0 0 0 0 0 -1 -5.35e-17 0 0.7382 0.2579 0.0006997 0.0001887 0.001712 -1 0.003891 12.864 15.351 12.185 11.282 10.722 10.415 10.335 10.774 10.125 11.108 10.672 10.43
0.0038518 -0.6 10.07918 0.0999553651 1.170733441 0.1 -3.094 3.4438 5.259 1 0 0.545 0 0 0 0 0 -1 -7.48e-17 0 0.7376 0.2585 0.0006997 0.0001887 0.001712 -1 0.003891 12.505 14.604 11.751 10.944 10.4 10.064 9.967 10.433 9.769 10.76 10.337 10.064
0.0038518 -0.6 10.07918 0.1134802997 1.27476317 0.113 -2.904 3.4668 5.216 1 0 0.545 0 0 0 0 0 -1 -1.14e-16 0 0.7365 0.2596 0.0006997 0.0001887 0.001712 -1 0.003891 12.031 13.709 11.208 10.5 9.973 9.612 9.497 9.987 9.314 10.305 9.899 9.595
0.0038518 -0.6 10.07918 0.1198660806 1.318432194 0.12 -2.822 3.4768 5.198 1 0 0.545 0 0 0 0 0 -1 -1.38e-16 0 0.7361 0.26 0.0006997 0.0001887 0.001712 -1 0.003891 11.826 13.334 10.979 10.31 9.79 9.42 9.299 9.797 9.123 10.111 9.711 9.397
0.0038518 -0.6 10.07918 0.139776811 1.437247587 0.14 -2.637 3.496 5.156 1 0 0.545 0 0 0 0 0 -1 -1.24e-16 0 0.7348 0.2613 0.0006997 0.0001887 0.001712 -1 0.003891 11.362 12.558 10.48 9.878 9.37 8.987 8.855 9.366 8.693 9.672 9.285 8.953
0.0038518 -0.6 10.07918 0.159687534 1.535874577 0.16 -2.493 3.5091 5.122 1 0 0.545 0 0 0 0 0 -1 -2.78e-16 0 0.7336 0.2625 0.0006997 0.0001887 0.001712 -1 0.003891 11.002 12.013 10.104 9.541 9.042 8.652 8.513 9.031 8.361 9.332 8.953 8.611
0.0038518 -0.6 10.07918 0.199508965 1.692210573 0.199 -2.268 3.5266 5.065 1 0 0.545 0 0 0 0 0 -1 -4.45e-16 0 0.732 0.2641 0.0006997 0.0001888 0.001712 -1 0.003891 10.441 11.236 9.531 9.012 8.524 8.127 7.978 8.505 7.839 8.799 8.43 8.076
0.0038518 -0.6 10.07918 0.2492858022 1.8385096 0.249 -2.059 3.5398 5.004 1 0 0.545 0 0 0 0 0 -1 -8.47e-19 0 0.7313 0.2648 0.0006996 0.0001888 0.001712 -1 0.003891 9.917 10.577 9.001 8.511 8.033 7.629 7.474 8.007 7.345 8.297 7.935 7.571
0.0038518 -0.6 10.07918 0.2990626097 1.951032879 0.299 -1.897 3.5489 4.958 1 0 0.545 0 0 0 0 0 -1 -7.28e-16 0 0.7313 0.2648 0.0006996 0.0001888 0.001712 -1 0.003891 9.513 10.092 8.596 8.124 7.652 7.243 7.082 7.621 6.96 7.909 7.55 7.179
0.0038518 -0.6 10.07918 0.3488393724 2.041511129 0.349 -1.758 3.5569 4.919 1 0 0.545 0 0 0 0 0 -1 -1.22e-15 0 0.7398 0.2563 0.0006997 0.0001887 0.001712 -1 0.003891 9.166 9.678 8.251 7.795 7.326 6.913 6.745 7.291 6.63 7.577 7.222 6.843
0.0038518 -0.6 10.07918 0.3986161947 2.116591546 0.398 -1.604 3.5687 4.869 1 0 0.545 0 0 0 0 0 -1 -1.82e-15 0 0.7402 0.2559 0.0006997 0.0001887 0.001712 -1 0.003891 8.779 9.197 7.868 7.434 6.972 6.551 6.374 6.929 6.268 7.213 6.862 6.471
0.0038518 -0.6 10.07918 0.4483930469 2.180376786 0.448 -1.433 3.5837 4.809 1 0 0.545 0 0 0 0 0 -1 -2.73e-15 0 0.7402 0.2559 0.0006997 0.0001887 0.001712 -1 0.003891 8.353 8.67 7.447 7.039 6.585 6.155 5.968 6.533 5.876 6.815 6.469 6.065
0.0038518 -0.6 10.07918 0.4981698394 2.235562997 0.498 -1.245 3.6052 4.753 1 0 0.545 0 0 0 0 0 -1 -4.26e-15 0 0.7402 0.2559 0.0006997 0.0001887 0.001712 -1 0.003891 7.882 8.086 6.988 6.612 6.169 5.724 5.531 6.105 5.461 6.382 6.044 5.627
0.0038518 -0.6 10.07918 0.5479466915 2.281950922 0.547 -1.03 3.6359 4.702 1 0 0.544 0 0 0 0 0 -1 -7.07e-15 0 0.7713 0.2252 0.0006207 0.0001675 0.00152 -1 0.003491 7.344 7.418 6.472 6.136 5.702 5.243 5.064 5.631 5.023 5.898 5.571 5.158
0.0038518 -0.6 10.07918 0.5974621773 2.319392846 0.597 -0.828 3.6688 4.669 1 0 0.544 0 0 0 0 0 -1 -1.12e-14 0 0.7776 0.2191 0.0006074 0.000164 0.001489 -1 0.003312 6.839 6.78 5.989 5.701 5.296 4.877 4.727 5.243 4.701 5.484 5.184 4.815
0.0038518 -0.6 10.07918 0.5977234244 2.319571556 0.597 -0.827 3.669 4.669 1 0 0.544 0 0 0 0 0 -1 -1.12e-14 0 0.7776 0.2191 0.0006073 0.000164 0.001489 -1 0.003311 6.837 6.776 5.987 5.699 5.294 4.875 4.726 5.241 4.7 5.482 5.182 4.814
0.0038518 -0.6 10.07918 0.647500217 2.350619674 0.647 -0.624 3.7021 4.634 1 0 0.543 0 0 0 0 0 -1 -1.79e-14 0 0.783 0.2136 0.0005947 0.0001607 0.001459 -1 0.003327 6.331 6.178 5.504 5.267 4.917 4.568 4.449 4.887 4.427 5.091 4.832 4.527
0.0038518 -0.6 10.07918 0.6500179172 2.352045426 0.65 -0.614 3.7037 4.632 1 0 0.543 0 0 0 0 0 -1 -1.83e-14 0 0.7834 0.2133 0.000594 0.0001604 0.001457 -1 0.003309 6.306 6.15 5.481 5.246 4.898 4.552 4.434 4.869 4.412 5.072 4.814 4.512
0.0038518 -0.6 10.07918 0.661683023 2.358488761 0.661 -0.567 3.7108 4.621 1 0 0.544 0 0 0 0 0 -1 -2.04e-14 0 0.785 0.2117 0.0005903 0.0001595 0.001448 -1 0.003326 6.188 6.019 5.372 5.147 4.81 4.479 4.366 4.785 4.345 4.981 4.732 4.442
0.0038518 -0.6 10.07918 0.6729493737 2.364468597 0.673 -0.522 3.7176 4.61 1 0 0.543 0 0 0 0 0 -1 -2.1e-14 0 0.7865 0.2102 0.0005867 0.0001586 0.00144 -1 0.003306 6.075 5.896 5.268 5.053 4.726 4.407 4.3 4.704 4.28 4.893 4.652 4.374
0.0038518 -0.6 10.07918 0.6834019423 2.36981422 0.683 -0.48 3.7238 4.599 1 0 0.543 0 0 0 0 0 -1 -1.96e-14 0 0.7879 0.2088 0.0005834 0.0001576 0.001432 -1 0.003277 5.969 5.782 5.172 4.965 4.647 4.339 4.237 4.629 4.217 4.811 4.577 4.309
0.0038518 -0.6 10.07918 0.6931347847 2.374625426 0.693 -0.44 3.7294 4.588 1 0 0.543 0 0 0 0 0 -1 -1.37e-15 0 0.7893 0.2074 0.0005802 0.0001568 0.001425 -1 0.003221 5.871 5.676 5.081 4.882 4.572 4.275 4.177 4.557 4.158 4.734 4.506 4.247
0.0038518 -0.6 10.07918 0.6972770691 2.376626271 0.697 -0.423 3.7318 4.584 1 0 0.543 0 0 0 0 0 -1 -2.9e-14 0 0.7899 0.2068 0.0005789 0.0001565 0.001421 -1 0.003222 5.828 5.632 5.043 4.847 4.541 4.247 4.151 4.526 4.132 4.7 4.475 4.221
0.0038518 -0.6 10.07918 0.6996572018 2.377763628 0.699 -0.413 3.7331 4.581 1 0 0.543 0 0 0 0 0 -1 -2.97e-14 0 0.7903 0.2065 0.0005776 0.0001562 0.001419 -1 0.003209 5.804 5.606 5.021 4.826 4.522 4.231 4.136 4.508 4.117 4.681 4.457 4.205
0.0038518 -0.6 10.07918 0.7124392986 2.383722414 0.712 -0.36 3.7402 4.563 1 0 0.541 0 0 0 0 0 -1 -3.39e-14 0 0.7924 0.2044 0.0005708 0.0001549 0.001408 -1 0.003192 5.67 5.467 4.901 4.715 4.421 4.142 4.052 4.41 4.034 4.577 4.36 4.119
0.0038518 -0.6 10.07918 0.724542141 2.389142265 0.724 -0.309 3.7467 4.546 1 0 0.539 0 0 0 0 0 -1 -1.46e-14 0 0.7944 0.2024 0.0005643 0.0001536 0.001396 -1 0.003176 5.543 5.336 4.787 4.609 4.323 4.054 3.969 4.315 3.952 4.476 4.266 4.034
0.0038518 -0.6 10.07918 0.7356527448 2.393937648 0.735 -0.261 3.7525 4.528 1 0 0.537 0 0 0 0 0 -1 -2.54e-14 0 0.7964 0.2005 0.0005583 0.0001524 0.001386 -1 0.003113 5.423 5.215 4.681 4.51 4.231 3.97 3.89 4.224 3.873 4.38 4.176 3.953
0.0038518 -0.6 10.07918 0.7462280989 2.398349806 0.746 -0.215 3.7578 4.509 1 0 0.536 0 0 0 0 0 -1 -2.65e-14 0 0.7982 0.1987 0.0005526 0.0001512 0.001376 -1 0.003106 5.307 5.099 4.578 4.413 4.141 3.887 3.81 4.136 3.794 4.287 4.088 3.872
0.0038518 -0.6 10.07918 0.7471474409 2.398726586 0.747 -0.211 3.7583 4.507 1 0 0.535 0 0 0 0 0 -1 -4.51e-14 0 0.7983 0.1986 0.0005521 0.0001511 0.001375 -1 0.003105 5.297 5.088 4.569 4.404 4.133 3.879 3.803 4.128 3.787 4.279 4.08 3.865
0.0038518 -0.6 10.07918 0.756528914 2.402511326 0.756 -0.169 3.7622 4.486 1 0 0.535 0 0 0 0 0 -1 -5.16e-14 0 0.8005 0.1964 0.000547 0.0001497 0.001363 -1 0.003088 5.192 4.983 4.474 4.314 4.046 3.799 3.725 4.043 3.71 4.19 3.996 3.786
0.0038518 -0.6 10.07918 0.765798986 2.406146568 0.765 -0.126 3.7659 4.463 1 0 0.535 0 0 0 0 0 -1 -3.72e-14 0 0.8028 0.1942 0.0005417 0.0001483 0.00135 -1 0.003064 5.085 4.877 4.378 4.221 3.958 3.715 3.644 3.956 3.63 4.1 3.909 3.704
0.0038518 -0.6 10.07918 0.7748196721 2.409588151 0.774 -0.083 3.7693 4.439 1 0 0.535 0 0 0 0 0 -1 -2.53e-14 0 0.805 0.1919 0.0005366 0.0001469 0.001338 -1 0.00309 4.978 4.77 4.28 4.127 3.868 3.63 3.561 3.867 3.548 4.009 3.821 3.62
0.0038518 -0.6 10.07918 0.7829611897 2.412616141 0.782 -0.043 3.7723 4.415 1 0 0.535 0 0 0 0 0 -1 -3.85e-14 0 0.8071 0.1899 0.0005317 0.0001456 0.001326 -1 0.003033 4.877 4.671 4.189 4.039 3.783 3.549 3.482 3.782 3.469 3.922 3.737 3.54
0.0038518 -0.6 10.07918 0.7909873724 2.415531176 0.79 -0.002 3.775 4.389 1 0 0.534 0 0 0 0 0 -1 -2.67e-14 0 0.8091 0.1879 0.0005269 0.0001444 0.001315 -1 0.003015 4.774 4.569 4.094 3.947 3.694 3.463 3.399 3.694 3.386 3.832 3.649 3.456
0.0038518 -0.6 10.07918 0.7970178127 2.417677011 0.796 0.031 3.7769 4.368 1 0 0.534 0 0 0 0 0 -1 -8.04e-14 0 0.8107 0.1864 0.0005232 0.0001434 0.001306 -1 0.002981 4.694 4.49 4.02 3.875 3.624 3.396 3.333 3.625 3.32 3.761 3.58 3.389
0.0038518 -0.6 10.07918 0.8025589585 2.419616079 0.802 0.061 3.7785 4.347 1 0 0.534 0 0 0 0 0 -1 -9e-14 0 0.8127 0.1844 0.0005186 0.0001421 0.001295 -1 0.002926 4.618 4.415 3.949 3.806 3.557 3.33 3.268 3.558 3.256 3.692 3.513 3.324
0.0038518 -0.6 10.07918 0.8111625314 2.422566524 0.81 0.108 3.7804 4.312 1 0 0.534 0 0 0 0 0 -1 -1.08e-13 0 0.8157 0.1815 0.0005117 0.0001403 0.001279 -1 0.002893 4.499 4.296 3.836 3.694 3.448 3.224 3.163 3.449 3.151 3.582 3.405 3.219
0.0038518 -0.6 10.07918 0.8194493055 2.425341071 0.818 0.157 3.7818 4.273 1 0 0.533 0 0 0 0 0 -1 -1.3e-13 0 0.8176 0.1796 0.0005073 0.0001391 0.001268 -1 0.002824 4.378 4.176 3.719 3.579 3.334 3.113 3.053 3.336 3.041 3.468 3.292 3.108
0.0038518 -0.6 10.07918 0.8250456452 2.4271786 0.824 0.191 3.7825 4.245 1 0 0.533 0 0 0 0 0 -1 -5.37e-14 0 0.8181 0.179 0.000506 0.0001388 0.001265 -1 0.002859 4.292 4.09 3.635 3.496 3.252 3.032 2.972 3.254 2.96 3.385 3.21 3.027
0.0038518 -0.6 10.07918 0.8291569352 2.428510361 0.828 0.218 3.7826 4.22 1 0 0.533 0 0 0 0 0 -1 -6.81e-14 0 0.8183 0.1789 0.0005058 0.0001388 0.001265 -1 0.002851 4.224 4.023 3.568 3.429 3.185 2.965 2.905 3.187 2.893 3.318 3.143 2.96
0.0038518 -0.6 10.07918 0.8358895183 2.430658729 0.834 0.265 3.7819 4.174 1 0 0.533 0 0 0 0 0 -1 -1.01e-13 0 0.8181 0.179 0.0005068 0.000139 0.001267 -1 0.002848 4.106 3.905 3.449 3.309 3.064 2.843 2.783 3.066 2.771 3.198 3.022 2.838
0.0038518 -0.6 10.07918 0.8427553773 2.432809022 0.841 0.317 3.7799 4.118 1 0 0.533 0 0 0 0 0 -1 -1.56e-13 0 0.8167 0.1804 0.0005116 0.0001403 0.00128 -1 0.002904 3.978 3.776 3.315 3.173 2.925 2.702 2.64 2.927 2.629 3.061 2.882 2.696
0.0038518 -0.6 10.07918 0.8439489603 2.433178732 0.842 0.326 3.7794 4.107 1 0 0.533 0 0 0 0 0 -1 -1.68e-13 0 0.8162 0.1809 0.0005131 0.0001407 0.001283 -1 0.002913 3.955 3.753 3.291 3.148 2.9 2.675 2.614 2.902 2.602 3.036 2.857 2.67
0.0038518 -0.6 10.07918 0.8468881845 2.434084046 0.845 0.351 3.7772 4.075 2 0 0.533 0 0 0 0 0 -1 -2.05e-13 0 0.8126 0.1844 0.0005234 0.0001436 0.001309 -1 0.00297 3.893 3.69 3.223 3.077 2.827 2.599 2.536 2.828 2.524 2.964 2.783 2.592
0.0038518 -0.6 10.07918 0.8479385972 2.434405834 0.846 0.36 3.7763 4.063 2 0 0.533 0 0 0 0 0 -1 -2.13e-13 0 0.8114 0.1856 0.0005269 0.0001445 0.001318 -1 0.002989 3.871 3.668 3.198 3.052 2.8 2.572 2.508 2.801 2.496 2.938 2.756 2.564
0.0038518 -0.6 10.07918 0.8521797657 2.435695822 0.85 0.398 3.7703 4.003 2 0 0.533 0 0 0 0 0 -1 -2.54e-13 0 0.7992 0.1976 0.0005592 0.0001534 0.001398 -1 0.003209 3.776 3.572 3.087 2.934 2.675 2.438 2.37 2.674 2.357 2.816 2.628 2.428
0.0038518 -0.6 10.07918 0.8554435372 2.436678517 0.854 0.426 3.7616 3.941 2 0 0.534 0 0 0 0 0 -1 -2.97e-13 0 0.7843 0.2123 0.0005944 0.0001629 0.001483 -1 0.003376 3.704 3.5 2.994 2.831 2.562 2.312 2.238 2.558 2.224 2.707 2.511 2.299
0.0038518 -0.6 10.07918 0.8574351072 2.437273938 0.856 0.442 3.7527 3.891 2 0 0.535 0 0 0 0 0 -1 -3.31e-13 0 0.7742 0.2223 0.0006168 0.0001689 0.001537 -1 0.003463 3.664 3.463 2.933 2.761 2.48 2.217 2.137 2.473 2.121 2.63 2.425 2.2
0.0038518 -0.6 10.07918 0.8590764403 2.437762262 0.857 0.457 3.7425 3.836 2 0 0.536 0 0 0 0 0 -1 -3.69e-13 0 0.7665 0.2299 0.000633 0.0001732 0.001575 -1 0.003561 3.627 3.431 2.875 2.69 2.396 2.117 2.029 2.385 2.012 2.551 2.335 2.096
0.0038518 -0.6 10.07918 0.8603668809 2.438144686 0.858 0.478 3.7337 3.78 2 0 0.536 0 0 0 0 0 -1 -4.15e-13 0 0.7614 0.235 0.0006436 0.000176 0.0016 -1 0.003653 3.574 3.386 2.807 2.611 2.304 2.01 1.915 2.289 1.898 2.464 2.238 1.985
0.0038518 -0.6 10.07918 0.8614863753 2.438475383 0.86 0.509 3.7267 3.722 2 0 0.537 0 0 0 0 0 -1 -4.78e-13 0 0.7575 0.2388 0.0006513 0.000178 0.001618 -1 0.003692 3.497 3.317 2.719 2.513 2.196 1.889 1.79 2.178 1.771 2.36 2.126 1.861
0.0038518 -0.6 10.07918 0.8625236154 2.4387809 0.861 0.551 3.7216 3.66 2 0 0.537 0 0 0 0 0 -1 -5.69e-13 0 0.7542 0.2421 0.0006571 0.0001796 0.001632 -1 0.003726 3.393 3.22 2.608 2.396 2.07 1.753 1.65 2.05 1.631 2.237 1.997 1.723
0.0038518 -0.6 10.07918 0.8626717925 2.438824477 0.861 0.558 3.7209 3.651 2 0 0.537 0 0 0 0 0 -1 -5.86e-13 0 0.7537 0.2426 0.0006578 0.0001798 0.001634 -1 0.003696 3.376 3.203 2.591 2.377 2.051 1.732 1.628 2.03 1.61 2.217 1.977 1.702
0.0038518 -0.6 10.07918 0.8635367751 2.439078511 0.862 0.604 3.7179 3.593 3 0 0.537 0 0 0 0 0 -1 -6.98e-13 0 0.751 0.2453 0.0006615 0.0001808 0.001643 -1 0.003741 3.26 3.092 2.471 2.253 1.922 1.598 1.491 1.9 1.472 2.09 1.846 1.565
0.0038518 -0.6 10.07918 0.8642451167 2.439286106 0.862 0.646 3.7158 3.543 3 0 0.537 0 0 0 0 0 -1 -8.16e-13 0 0.7487 0.2475 0.000664 0.0001815 0.00165 -1 0.003784 3.154 2.99 2.364 2.143 1.808 1.479 1.37 1.784 1.352 1.977 1.73 1.446
0.0038518 -0.6 10.07918 0.8650215268 2.439513201 0.863 0.698 3.7139 3.484 3 0 0.536 0 0 0 0 0 -1 -9.86e-13 0 0.7461 0.2502 0.0006659 0.0001823 0.001655 -1 0.003752 3.026 2.866 2.233 2.01 1.671 1.338 1.228 1.646 1.209 1.842 1.592 1.304
0.0038518 -0.6 10.07918 0.8655905128 2.439679328 0.863 0.738 3.7125 3.438 3 0 0.535 0 0 0 0 0 -1 -1.14e-12 0 0.744 0.2522 0.0006663 0.0001831 0.001659 -1 0.003766 2.924 2.766 2.13 1.904 1.564 1.228 1.117 1.538 1.098 1.735 1.484 1.193
0.0038518 -0.6 10.07918 0.8662728667 2.439878225 0.864 0.791 3.711 3.379 3 0 0.533 0 0 0 0 0 -1 -1.39e-12 0 0.7415 0.2547 0.0006646 0.000185 0.001663 -1 0.003792 2.791 2.636 1.996 1.768 1.425 1.086 0.973 1.398 0.954 1.596 1.343 1.05
0.0038518 -0.6 10.07918 0.866779685 2.440025722 0.865 0.834 3.7098 3.331 3 0 0.529 0 0 0 0 0 -1 -1.62e-12 0 0.7395 0.2567 0.0006608 0.0001884 0.001666 -1 0.003798 2.684 2.531 1.887 1.657 1.312 0.971 0.857 1.285 0.838 1.485 1.23 0.934
0.0038518 -0.6 10.07918 0.8672232628 2.440154652 0.865 0.875 3.7086 3.287 3 0 0.524 0 0 0 0 0 -1 -1.88e-12 0 0.7379 0.2583 0.0006556 0.0001935 0.001668 -1 0.003814 2.583 2.432 1.785 1.553 1.206 0.862 0.748 1.178 0.729 1.379 1.123 0.825
0.0038518 -0.6 10.07918 0.867641747 2.440276149 0.865 0.916 3.7075 3.242 3 0 0.519 0 0 0 0 0 -1 -2.18e-12 0 0.7363 0.2598 0.0006495 0.0002001 0.001669 -1 0.00383 2.481 2.332 1.682 1.449 1.1 0.754 0.638 1.071 0.619 1.273 1.016 0.716
0.0038518 -0.6 10.07918 0.8680408001 2.44039188 0.866 0.957 3.7062 3.195 3 0 0.514 0 0 0 0 0 -1 -2.53e-12 0 0.735 0.2612 0.0006431 0.0002075 0.001671 -1 0.003818 2.377 2.23 1.577 1.342 0.99 0.641 0.525 0.961 0.506 1.164 0.905 0.603
0.0038518 -0.6 10.07918 0.8683921099 2.440493663 0.866 0.997 3.705 3.151 3 0 0.509 0 0 0 0 0 -1 -2.92e-12 0 0.7339 0.2623 0.0006373 0.0002145 0.001671 -1 0.003801 2.278 2.134 1.477 1.24 0.887 0.535 0.417 0.856 0.398 1.061 0.801 0.496
0.0038518 -0.6 10.07918 0.8687262535 2.440590385 0.866 1.037 3.7037 3.105 3 0 0.504 0 0 0 0 0 -1 -3.39e-12 0 0.7329 0.2633 0.0006317 0.0002215 0.001672 -1 0.003796 2.176 2.035 1.375 1.136 0.78 0.426 0.307 0.749 0.288 0.955 0.693 0.386
0.0038518 -0.6 10.07918 0.8691033125 2.440699426 0.866 1.087 3.7021 3.049 3 0 0.5 0 0 0 0 0 -1 -4.06e-12 0 0.7319 0.2643 0.0006262 0.0002284 0.001673 -1 0.003807 2.052 1.914 1.249 1.007 0.649 0.292 0.171 0.617 0.152 0.825 0.561 0.251
0.0038518 -0.6 10.07918 0.8693851233 2.440780852 0.867 1.128 3.7006 3.002 3 0 0.497 0 0 0 0 0 -1 -4.71e-12 0 0.7314 0.2648 0.000623 0.0002325 0.001674 -1 0.003816 1.95 1.815 1.146 0.902 0.542 0.181 0.06 0.509 0.04 0.719 0.453 0.14
0.0038518 -0.6 10.07918 0.8697109818 2.440874929 0.867 1.179 3.6987 2.944 3 0 0.495 0 0 0 0 0 -1 -5.68e-12 0 0.7309 0.2653 0.0006204 0.0002359 0.001674 -1 0.003807 1.822 1.691 1.016 0.769 0.405 0.04 -0.083 0.371 -0.102 0.583 0.315 -0.002
0.0038518 -0.6 10.07918 0.869998157 2.44095777 0.867 1.229 3.6968 2.886 3 0 0.493 0 0 0 0 0 -1 -6.8e-12 0 0.7306 0.2656 0.0006185 0.0002383 0.001675 -1 0.003803 1.698 1.572 0.891 0.641 0.273 -0.096 -0.222 0.237 -0.241 0.452 0.181 -0.14
0.0038518 -0.6 10.07918 0.8702514172 2.441030776 0.867 1.277 3.6948 2.831 3 0 0.492 0 0 0 0 0 -1 -8.11e-12 0 0.7304 0.2658 0.0006177 0.0002394 0.001675 -1 0.003821 1.578 1.457 0.77 0.517 0.145 -0.229 -0.356 0.108 -0.375 0.325 0.051 -0.274
0.0038518 -0.6 10.07918 0.8704844713 2.441097915 0.867 1.325 3.6928 2.775 3 0 0.492 0 0 0 0 0 -1 -9.67e-12 0 0.7303 0.2658 0.0006175 0.0002397 0.001675 -1 0.003839 1.458 1.342 0.648 0.392 0.017 -0.362 -0.492 -0.022 -0.511 0.197 -0.079 -0.409
0.0038518 -0.6 10.07918 0.8706821799 2.441154838 0.867 1.369 3.6908 2.722 3 0 0.492 0 0 0 0 0 -1 -1.14e-11 0 0.7303 0.2659 0.0006174 0.0002398 0.001675 -1 0.003839 1.347 1.235 0.536 0.276 -0.102 -0.486 -0.617 -0.143 -0.637 0.079 -0.2 -0.534
0.0038518 -0.6 10.07918 0.8708657622 2.441207668 0.867 1.414 3.6888 2.67 3 0 0.492 0 0 0 0 0 -1 -1.34e-11 0 0.7303 0.2659 0.0006173 0.0002399 0.001675 -1 0.003839 1.235 1.129 0.423 0.16 -0.222 -0.611 -0.745 -0.265 -0.764 -0.04 -0.322 -0.66
0.0038518 -0.6 10.07918 0.8710332513 2.441255844 0.868 1.458 3.6867 2.617 3 0 0.492 0 0 0 0 0 -1 -1.58e-11 0 0.7303 0.2659 0.0006173 0.00024 0.001675 -1 0.00384 1.125 1.025 0.312 0.046 -0.341 -0.735 -0.871 -0.385 -0.89 -0.158 -0.443 -0.785
0.0038518 -0.6 10.07918 0.8711823821 2.441298722 0.868 1.5 3.6847 2.567 3 0 0.492 0 0 0 0 0 -1 -1.85e-11 0 0.7303 0.2659 0.0006172 0.0002401 0.001675 -1 0.00384 1.019 0.925 0.206 -0.064 -0.455 -0.854 -0.992 -0.501 -1.011 -0.271 -0.559 -0.906
0.0038518 -0.6 10.07918 0.8713185191 2.441337849 0.867 1.542 3.6826 2.517 3 0 0.492 0 0 0 0 0 -1 -2.15e-11 0 0.7303 0.2659 0.0006171 0.0002402 0.001675 -1 0.00384 0.915 0.827 0.102 -0.172 -0.566 -0.971 -1.111 -0.614 -1.13 -0.382 -0.672 -1.024
0.0038518 -0.6 10.07918 0.8714392185 2.441372527 0.867 1.581 3.6806 2.47 3 0 0.492 0 0 0 0 0 -1 -2.49e-11 0 0.7303 0.2659 0.0006171 0.0002402 0.001675 -1 0.003841 0.818 0.735 0.003 -0.274 -0.672 -1.081 -1.223 -0.721 -1.243 -0.487 -0.78 -1.136
0.0038518 -0.6 10.07918 0.871549964 2.441404336 0.867 1.619 3.6786 2.424 3 0 0.492 0 0 0 0 0 -1 -2.86e-11 0 0.7302 0.2659 0.0006171 0.0002403 0.001675 -1 0.003841 0.723 0.646 -0.093 -0.373 -0.775 -1.188 -1.332 -0.825 -1.352 -0.588 -0.884 -1.244
0.0038518 -0.6 10.07918 0.8716562986 2.441434869 0.867 1.656 3.6766 2.379 3 0 0.492 0 0 0 0 0 -1 -3.28e-11 0 0.7302 0.2659 0.000617 0.0002403 0.001675 -1 0.003841 0.631 0.559 -0.186 -0.469 -0.874 -1.292 -1.438 -0.926 -1.458 -0.687 -0.985 -1.349
0.0038518 -0.6 10.07918 0.8717637062 2.441465702 0.867 1.685 3.6751 2.344 3 0 0.492 0 0 0 0 0 -1 -3.66e-11 0 0.7302 0.2659 0.000617 0.0002404 0.001675 -1 0.003841 0.557 0.49 -0.26 -0.546 -0.953 -1.374 -1.522 -1.007 -1.542 -0.766 -1.066 -1.433
0.0038518 -0.6 10.07918 0.8718835711 2.4415001 0.867 1.712 3.6737 2.31 3 0 0.492 0 0 0 0 0 -1 -4.05e-11 0 0.7302 0.2659 0.0006169 0.0002405 0.001675 -1 0.003841 0.489 0.425 -0.33 -0.617 -1.027 -1.451 -1.6 -1.082 -1.62 -0.84 -1.141 -1.511
0.0038518 -0.6 10.07918 0.8719396591 2.441516192 0.867 1.702 3.6745 2.324 3 0 0.492 0 0 0 0 0 -1 -3.94e-11 0 0.7302 0.2659 0.0006169 0.0002405 0.001675 -1 0.003842 0.514 0.449 -0.304 -0.59 -0.999 -1.421 -1.569 -1.053 -1.589 -0.811 -1.112 -1.48
0.0038518 -0.6 10.07918 0.8720352054 2.4415436 0.867 1.672 3.6768 2.363 3 0 0.491 0 0 0 0 0 -1 -3.55e-11 0 0.7302 0.2659 0.0006169 0.0002406 0.001675 -1 0.003842 0.59 0.518 -0.227 -0.509 -0.914 -1.332 -1.477 -0.966 -1.497 -0.728 -1.025 -1.389
0.0038518 -0.6 10.07918 0.8720503449 2.441547942 0.867 1.678 3.6765 2.356 3 0 0.491 0 0 0 0 0 -1 -3.6e-11 0 0.7302 0.2659 0.0006168 0.0002406 0.001675 -1 0.003842 0.576 0.504 -0.242 -0.525 -0.93 -1.348 -1.494 -0.982 -1.514 -0.743 -1.042 -1.406
0.0038518 -0.6 10.07918 0.8721429706 2.441574504 0.867 1.721 3.674 2.302 3 0 0.491 0 0 0 0 0 -1 -4.18e-11 0 0.7302 0.266 0.0006168 0.0002406 0.001675 -1 0.003842 0.467 0.402 -0.352 -0.639 -1.049 -1.472 -1.621 -1.103 -1.641 -0.861 -1.162 -1.531
0.0038518 -0.6 10.07918 0.872236073 2.441601196 0.867 1.766 3.6714 2.247 3 0 0.491 0 0 0 0 0 -1 -4.94e-11 0 0.7302 0.266 0.0006168 0.0002407 0.001675 -1 0.003842 0.354 0.298 -0.466 -0.757 -1.171 -1.6 -1.751 -1.227 -1.771 -0.982 -1.287 -1.661
0.0038518 -0.6 10.07918 0.8723230362 2.441626122 0.866 1.811 3.6688 2.192 3 0 0.491 0 0 0 0 0 -1 -5.83e-11 0 0.7302 0.266 0.0006167 0.0002407 0.001675 -1 0.003842 0.242 0.193 -0.579 -0.874 -1.292 -1.727 -1.881 -1.351 -1.901 -1.103 -1.41 -1.79
0.0038518 -0.6 10.07918 0.872402072 2.441648771 0.866 1.855 3.6661 2.137 3 0 0.491 0 0 0 0 0 -1 -6.87e-11 0 0.7302 0.266 0.0006167 0.0002408 0.001675 -1 0.003842 0.133 0.092 -0.689 -0.988 -1.411 -1.851 -2.008 -1.471 -2.028 -1.221 -1.531 -1.916
0.0038518 -0.6 10.07918 0.8724761009 2.441669981 0.866 1.899 3.6634 2.082 3 0 0.491 0 0 0 0 0 -1 -8.11e-11 0 0.7302 0.266 0.0006167 0.0002408 0.001675 -1 0.003843 0.022 -0.01 -0.801 -1.104 -1.531 -1.977 -2.136 -1.594 -2.157 -1.34 -1.654 -2.044
0.0038518 -0.6 10.07918 0.8725414872 2.441688712 0.866 1.941 3.6608 2.029 3 0 0.491 0 0 0 0 0 -1 -9.5e-11 0 0.7302 0.266 0.0006167 0.0002409 0.001675 -1 0.003843 -0.083 -0.106 -0.907 -1.214 -1.646 -2.097 -2.259 -1.71 -2.281 -1.454 -1.771 -2.166
0.0038518 -0.6 10.07918 0.8726034164 2.441706449 0.865 1.984 3.6581 1.975 3 0 0.491 0 0 0 0 0 -1 -1.12e-10 0 0.7302 0.266 0.0006166 0.0002409 0.001675 -1 0.003843 -0.191 -0.205 -1.014 -1.326 -1.763 -2.219 -2.384 -1.829 -2.406 -1.57 -1.89 -2.29
0.0038518 -0.6 10.07918 0.8726602197 2.441722715 0.865 2.026 3.6554 1.922 3 0 0.491 0 0 0 0 0 -1 -1.31e-10 0 0.7302 0.266 0.0006166 0.0002409 0.001675 -1 0.003843 -0.296 -0.302 -1.118 -1.436 -1.878 -2.338 -2.506 -1.945 -2.529 -1.683 -2.006 -2.41
0.0038518 -0.6 10.07918 0.8727132082 2.441737887 0.865 2.069 3.6526 1.868 3 0 0.491 0 0 0 0 0 -1 -1.54e-10 0 0.7302 0.266 0.0006166 0.000241 0.001675 -1 0.003843 -0.403 -0.4 -1.224 -1.547 -1.994 -2.458 -2.629 -2.063 -2.653 -1.798 -2.124 -2.532
0.0038518 -0.6 10.07918 0.8727604151 2.441751402 0.864 2.11 3.6498 1.816 3 0 0.491 0 0 0 0 0 -1 -1.79e-10 0 0.7302 0.266 0.0006166 0.000241 0.001676 -1 0.003843 -0.506 -0.494 -1.325 -1.653 -2.106 -2.574 -2.748 -2.176 -2.773 -1.908 -2.238 -2.65
0.0038518 -0.6 10.07918 0.8728046417 2.441764061 0.864 2.152 3.647 1.763 3 0 0.491 0 0 0 0 0 -1 -2.1e-10 0 0.7302 0.266 0.0006165 0.000241 0.001676 -1 0.003843 -0.61 -0.587 -1.427 -1.76 -2.22 -2.691 -2.868 -2.29 -2.894 -2.019 -2.352 -2.769
0.0038518 -0.6 10.07918 0.8728450537 2.441775628 0.863 2.193 3.6442 1.71 3 0 0.491 0 0 0 0 0 -1 -2.45e-10 0 0.7302 0.266 0.0006165 0.000241 0.001676 -1 0.003843 -0.712 -0.678 -1.526 -1.866 -2.331 -2.806 -2.986 -2.402 -3.014 -2.129 -2.465 -2.886
0.0038518 -0.6 10.07918 0.8728826642 2.441786392 0.863 2.234 3.6414 1.658 3 0 0.491 0 0 0 0 0 -1 -2.86e-10 0 0.7302 0.266 0.0006165 0.0002411 0.001676 -1 0.003843 -0.815 -0.769 -1.626 -1.971 -2.442 -2.921 -3.105 -2.515 -3.134 -2.238 -2.578 -3.003
0.0038518 -0.6 10.07918 0.8729165792 2.441796097 0.862 2.274 3.6386 1.606 3 0 0.491 0 0 0 0 0 -1 -3.33e-10 0 0.7302 0.266 0.0006165 0.0002411 0.001676 -1 0.003843 -0.915 -0.857 -1.721 -2.073 -2.55 -3.033 -3.219 -2.623 -3.25 -2.343 -2.687 -3.117
0.0038518 -0.6 10.07918 0.8729486465 2.441805273 0.862 2.314 3.6358 1.554 3 0 0.491 0 0 0 0 0 -1 -3.88e-10 0 0.7302 0.266 0.0006165 0.0002411 0.001676 -1 0.003844 -1.015 -0.944 -1.818 -2.175 -2.659 -3.145 -3.336 -2.733 -3.368 -2.45 -2.797 -3.232
0.0038518 -0.6 10.07918 0.8729783893 2.441813783 0.861 2.354 3.6329 1.502 3 0 0.491 0 0 0 0 0 -1 -4.52e-10 0 0.7302 0.266 0.0006165 0.0002411 0.001676 -1 0.003844 -1.116 -1.031 -1.913 -2.278 -2.768 -3.258 -3.452 -2.843 -3.486 -2.557 -2.907 -3.347
0.0038518 -0.6 10.07918 0.8730050921 2.441821422 0.86 2.393 3.63 1.451 3 0 0.491 0 0 0 0 0 -1 -5.24e-10 0 0.7301 0.266 0.0006165 0.0002411 0.001676 -1 0.003844 -1.214 -1.112 -2.007 -2.378 -2.874 -3.369 -3.568 -2.951 -3.603 -2.661 -3.016 -3.462
0.0038518 -0.6 10.07918 0.8730307221 2.441828754 0.859 2.434 3.6271 1.399 3 0 0.491 0 0 0 0 0 -1 -6.11e-10 0 0.7301 0.266 0.0006165 0.0002411 0.001676 -1 0.003844 -1.315 -1.196 -2.104 -2.481 -2.983 -3.485 -3.688 -3.063 -3.723 -2.769 -3.128 -3.581
0.0038518 -0.6 10.07918 0.8730587363 2.441836768 0.858 2.482 3.6235 1.336 3 0 0.491 0 0 0 0 0 -1 -7.33e-10 0 0.7301 0.266 0.0006164 0.0002412 0.001676 -1 0.003844 -1.434 -1.293 -2.219 -2.603 -3.112 -3.623 -3.831 -3.196 -3.867 -2.898 -3.261 -3.723
0.0038518 -0.6 10.07918 0.8730793595 2.441842666 0.857 2.52 3.6206 1.286 3 0 0.491 10.78 8.01 5.6 4.34 3.52 3 -8.48e-10 0 0.7301 0.266 0.0006164 0.0002412 0.001676 -1 0.003844 -1.53 -1.371 -2.31 -2.7 -3.215 -3.732 -3.945 -3.303 -3.983 -3 -3.367 -3.836
0.0038518 -0.6 10.07918 0.8730995655 2.441848446 0.856 2.56 3.6177 1.234 3 0 0.491 12.03 8.79 6.12 4.75 3.85 3 -9.86e-10 0 0.7301 0.266 0.0006164 0.0002412 0.001676 -1 0.003844 -1.629 -1.451 -2.405 -2.802 -3.322 -3.846 -4.064 -3.413 -4.102 -3.106 -3.477 -3.953
0.0038518 -0.6 10.07918 0.8731213808 2.441854685 0.855 2.606 3.6141 1.172 3 0 0.491 13.69 9.82 6.81 5.29 4.29 3 -1.18e-09 0 0.7301 0.266 0.0006164 0.0002412 0.001676 -1 0.003844 -1.745 -1.542 -2.515 -2.919 -3.447 -3.979 -4.202 -3.541 -4.242 -3.23 -3.606 -4.091
0.0038518 -0.6 10.07918 0.8731380105 2.441859441 0.854 2.644 3.6112 1.122 3 0 0.491 15.21 10.75 7.42 5.78 4.68 3 -1.36e-09 0 0.7301 0.266 0.0006164 0.0002412 0.001676 -1 0.003844 -1.84 -1.618 -2.605 -3.015 -3.549 -4.088 -4.316 -3.647 -4.356 -3.332 -3.711 -4.203
0.0038518 -0.6 10.07918 0.8731538653 2.441863975 0.853 2.682 3.6082 1.071 3 0 0.491 16.92 11.78 8.1 6.31 5.12 3 -1.58e-09 0 0.7301 0.266 0.0006164 0.0002412 0.001676 -1 0.003844 -1.936 -1.692 -2.696 -3.112 -3.652 -4.198 -4.431 -3.753 -4.472 -3.434 -3.818 -4.317
0.0038518 -0.6 10.07918 0.8731715083 2.44186902 0.851 2.728 3.6046 1.01 3 0 0.491 19.25 13.16 9 7.03 5.7 2 -1.88e-09 0 0.7301 0.266 0.0006164 0.0002412 0.001676 -1 0.003844 -2.051 -1.779 -2.803 -3.228 -3.775 -4.329 -4.569 -3.88 -4.611 -3.556 -3.945 -4.453
0.0038518 -0.6 10.07918 0.8731877804 2.441873673 0.849 2.774 3.6009 0.948 3 0 0.491 21.9 14.7 10 7.82 6.35 2 -2.25e-09 0 0.7301 0.266 0.0006164 0.0002412 0.001676 -1 0.003844 -2.165 -1.865 -2.911 -3.344 -3.899 -4.461 -4.706 -4.008 -4.751 -3.679 -4.072 -4.59
0.0038518 -0.6 10.07918 0.8732004762 2.441877304 0.847 2.812 3.598 0.898 3 0 0.491 24.34 16.09 10.9 8.54 6.93 2 -2.61e-09 0 0.7301 0.266 0.0006164 0.0002412 0.001676 -1 0.003844 -2.26 -1.935 -3 -3.44 -4 -4.569 -4.819 -4.113 -4.865 -3.78 -4.177 -4.702
0.0038518 -0.6 10.07918 0.8732141256 2.441881206 0.845 2.856 3.5943 0.838 3 0 0.491 27.58 17.91 12.07 9.47 7.69 2 -3.09e-09 0 0.7301 0.266 0.0006164 0.0002413 0.001676 -1 0.003844 -2.369 -2.012 -3.101 -3.55 -4.118 -4.694 -4.952 -4.235 -4.999 -3.897 -4.299 -4.833
0.0038518 -0.6 10.07918 0.8732271194 2.441884921 0.843 2.9 3.5906 0.778 3 0 0.491 31.35 19.98 13.4 10.54 8.55 2 -3.67e-09 0 0.7301 0.266 0.0006164 0.0002413 0.001676 -1 0.003844 -2.481 -2.09 -3.205 -3.663 -4.238 -4.823 -5.087 -4.359 -5.136 -4.017 -4.423 -4.967
0.0038518 -0.6 10.07918 0.8732390404 2.44188833 0.84 2.944 3.5869 0.717 3 0 0.491 35.55 22.25 14.86 11.7 9.5 2 -4.36e-09 0 0.7301 0.266 0.0006164 0.0002413 0.001676 -1 0.003844 -2.591 -2.164 -3.307 -3.774 -4.357 -4.949 -5.219 -4.482 -5.27 -4.134 -4.546 -5.098
0.0038518 -0.6 10.07918 0.8732501864 2.441891517 0.837 2.988 3.5833 0.657 3 0 0.491 40.34 24.79 16.47 12.99 10.55 1 -5.18e-09 0 0.7301 0.266 0.0006164 0.0002413 0.001676 -1 0.003844 -2.701 -2.237 -3.409 -3.885 -4.475 -5.075 -5.352 -4.604 -5.404 -4.252 -4.668 -5.23
0.0038518 -0.6 10.07918 0.8732602 2.441894379 0.834 3.03 3.5795 0.599 3 0 0.491 45.6 27.53 18.2 14.38 11.68 1 -6.11e-09 0 0.7301 0.266 0.0006164 0.0002413 0.001676 -1 0.003844 -2.806 -2.303 -3.506 -3.99 -4.588 -5.196 -5.48 -4.722 -5.534 -4.364 -4.785 -5.356
0.0038518 -0.6 10.07918 0.8732697368 2.441897106 0.83 3.073 3.5758 0.539 3 0 0.491 51.65 30.61 20.14 15.94 12.95 1 -7.23e-09 0 0.7301 0.266 0.0006164 0.0002413 0.001676 -1 0.003844 -2.912 -2.363 -3.603 -4.098 -4.702 -5.319 -5.608 -4.841 -5.665 -4.478 -4.904 -5.484
0.0038518 -0.6 10.07918 0.873278439 2.441899594 0.826 3.114 3.572 0.481 3 0 0.491 58.36 33.98 22.25 17.64 14.34 1 -8.52e-09 0 0.7301 0.266 0.0006164 0.0002413 0.001676 -1 0.003844 -3.015 -2.42 -3.698 -4.203 -4.814 -5.438 -5.735 -4.957 -5.793 -4.59 -5.02 -5.609
0.0038518 -0.6 10.07918 0.8732866645 2.441901945 0.822 3.155 3.5683 0.422 3 0 0.491 66.01 37.73 24.59 19.53 15.87 1 -1e-08 0 0.7301 0.266 0.0006164 0.0002413 0.001676 -1 0.003844 -3.119 -2.469 -3.792 -4.309 -4.927 -5.558 -5.861 -5.074 -5.921 -4.702 -5.137 -5.734
0.0038518 -0.6 10.07918 0.8732941151 2.441904075 0.817 3.195 3.5645 0.365 3 0 0.491 74.44 41.79 27.1 21.56 17.53 1 -1.18e-08 0 0.7301 0.266 0.0006163 0.0002413 0.001676 -1 0.003844 -3.218 -2.51 -3.882 -4.411 -5.037 -5.674 -5.982 -5.188 -6.045 -4.81 -5.25 -5.855
0.0038518 -0.6 10.07918 0.8733009696 2.441906034 0.812 3.234 3.5607 0.309 3 0 0.491 83.75 46.19 29.82 23.76 19.33 1 -1.38e-08 0 0.7301 0.266 0.0006163 0.0002413 0.001676 -1 0.003844 -3.314 -2.546 -3.969 -4.509 -5.142 -5.786 -6.101 -5.297 -6.166 -4.914 -5.359 -5.972
0.0038518 -0.6 10.07918 0.8733073473 2.441907857 0.806 3.271 3.5568 0.252 3 0 0.491 94.2 51.04 32.8 26.18 21.3 1 -1.61e-08 0 0.7301 0.266 0.0006163 0.0002413 0.001676 -1 0.003844 -3.408 -2.568 -4.052 -4.607 -5.247 -5.898 -6.218 -5.406 -6.285 -5.018 -5.467 -6.088
0.0038518 -0.6 10.07918 0.8733134866 2.441909612 0.8 3.309 3.553 0.196 3 0 0.491 105.99 56.4 36.07 28.85 23.47 1 -1.88e-08 0 0.7301 0.266 0.0006163 0.0002413 0.001676 -1 0.003844 -3.502 -2.589 -4.135 -4.705 -5.352 -6.009 -6.334 -5.514 -6.404 -5.121 -5.576 -6.204
0.0038518 -0.6 10.07918 0.8733192682 2.441911265 0.793 3.345 3.5493 0.142 3 0 0.491 118.8 62.1 39.54 31.67 25.77 1 -2.18e-08 0 0.7301 0.266 0.0006163 0.0002413 0.001676 -1 0.003844 -3.593 -2.607 -4.215 -4.799 -5.453 -6.115 -6.446 -5.618 -6.518 -5.221 -5.68 -6.315
0.0038518 -0.6 10.07918 0.8733236194 2.441912509 0.788 3.371 3.5468 0.102 3 0 0.491 128.95 66.54 42.23 33.87 27.56 1 -2.44e-08 0 0.7301 0.266 0.0006163 0.0002413 0.001676 -1 0.003844 -3.657 -2.611 -4.27 -4.867 -5.525 -6.191 -6.525 -5.692 -6.599 -5.291 -5.754 -6.393
0.0038518 -0.6 10.07918 0.8733236194 2.441912509 0.787 1.711 3.7082 2.408 4 0 0.499 0 0 0 0 0 -1 -1e-30 0 0.731 0.2651 0.0006271 0.0002291 0.001676 -1 0.003891 0.494 0.344 -0.304 -0.54 -0.89 -1.237 -1.353 -0.919 -1.371 -0.716 -0.974 -1.275
0.0038518 -0.6 10.07918 0.8733813763 2.441929017 0.787 1.723 3.7073 2.393 4 0 0.499 0 0 0 0 0 -1 -1e-30 0 0.731 0.2651 0.0006271 0.0002291 0.001676 -1 0.003891 0.463 0.315 -0.336 -0.572 -0.924 -1.273 -1.39 -0.954 -1.407 -0.75 -1.009 -1.311
0.0038518 -0.6 10.07918 0.8734382987 2.441945284 0.787 1.726 3.7071 2.388 4 0 0.499 0 0 0 0 0 -1 -1e-30 0 0.731 0.2651 0.0006271 0.0002291 0.001676 -1 0.003891 0.454 0.307 -0.345 -0.582 -0.934 -1.284 -1.401 -0.964 -1.418 -0.759 -1.019 -1.322
0.0038518 -0.6 10.07918 0.873495996 2.44196177 0.787 1.728 3.7072 2.387 4 0 0.499 0 0 0 0 0 -1 -1e-30 0 0.731 0.2651 0.0006271 0.0002291 0.001676 -1 0.003891 0.451 0.303 -0.349 -0.585 -0.937 -1.287 -1.403 -0.967 -1.421 -0.763 -1.022 -1.325
0.0038518 -0.6 10.07918 0.8735553026 2.441978714 0.787 1.728 3.7076 2.389 4 0 0.499 0 0 0 0 0 -1 -1e-30 0 0.731 0.2651 0.0006271 0.0002292 0.001676 -1 0.003891 0.451 0.303 -0.348 -0.584 -0.935 -1.284 -1.4 -0.965 -1.418 -0.761 -1.02 -1.322
0.0038518 -0.6 10.07918 0.8736147285 2.441995688 0.788 1.726 3.7081 2.392 4 0 0.499 0 0 0 0 0 -1 -1e-30 0 0.731 0.2651 0.0006271 0.0002292 0.001676 -1 0.003891 0.454 0.305 -0.344 -0.58 -0.93 -1.278 -1.394 -0.959 -1.411 -0.756 -1.015 -1.315
0.0038518 -0.6 10.07918 0.8736746311 2.442012796 0.788 1.725 3.7088 2.397 4 0 0.499 0 0 0 0 0 -1 -1e-30 0 0.731 0.2651 0.0006271 0.0002292 0.001676 -1 0.003891 0.458 0.308 -0.339 -0.574 -0.923 -1.269 -1.385 -0.952 -1.402 -0.749 -1.007 -1.307
0.0038518 -0.6 10.07918 0.8737342954 2.442029834 0.788 1.723 3.7095 2.402 4 0 0.499 0 0 0 0 0 -1 -1e-30 0 0.731 0.2651 0.0006271 0.0002292 0.001676 -1 0.003891 0.463 0.312 -0.333 -0.567 -0.915 -1.26 -1.375 -0.943 -1.392 -0.741 -0.998 -1.297
0.0038518 -0.6 10.07918 0.8737928271 2.442046546 0.788 1.721 3.7101 2.406 4 0 0.499 0 0 0 0 0 -1 -1e-30 0 0.731 0.2651 0.0006271 0.0002292 0.001676 -1 0.003891 0.468 0.316 -0.328 -0.56 -0.908 -1.251 -1.365 -0.935 -1.382 -0.734 -0.99 -1.288
0.0038518 -0.6 10.07918 0.873850584 2.442063033 0.788 1.719 3.7107 2.41 4 0 0.499 0 0 0 0 0 -1 -1e-30 0 0.731 0.2651 0.0006271 0.0002292 0.001676 -1 0.003891 0.473 0.319 -0.322 -0.554 -0.9 -1.243 -1.356 -0.928 -1.373 -0.727 -0.983 -1.279
0.0038518 -0.6 10.07918 0.8739119768 2.442080556 0.788 1.717 3.7113 2.414 4 0 0.499 0 0 0 0 0 -1 -1e-30 0 0.731 0.2651 0.000627 0.0002292 0.001676 -1 0.003891 0.477 0.322 -0.318 -0.548 -0.894 -1.235 -1.348 -0.921 -1.365 -0.721 -0.976 -1.271
0.0038518 -0.6 10.07918 0.8739740849 2.44209828 0.788 1.716 3.7119 2.418 4 0 0.499 0 0 0 0 0 -1 -1e-30 0 0.731 0.2651 0.000627 0.0002292 0.001676 -1 0.003891 0.48 0.325 -0.313 -0.543 -0.888 -1.228 -1.34 -0.915 -1.357 -0.715 -0.969 -1.263
0.0038518 -0.6 10.07918 0.8740346432 2.442115559 0.788 1.715 3.7124 2.421 4 0 0.499 0 0 0 0 0 -1 -1e-30 0 0.731 0.2651 0.000627 0.0002292 0.001676 -1 0.003891 0.483 0.327 -0.309 -0.539 -0.883 -1.222 -1.334 -0.909 -1.351 -0.71 -0.964 -1.257
0.0038518 -0.6 10.07918 0.8740939498 2.442132479 0.788 1.714 3.7128 2.424 4 0 0.499 0 0 0 0 0 -1 -1e-30 0 0.731 0.2651 0.000627 0.0002292 0.001676 -1 0.003891 0.486 0.329 -0.307 -0.535 -0.879 -1.217 -1.328 -0.905 -1.345 -0.706 -0.959 -1.252
0.0038518 -0.6 10.07918 0.8741518259 2.442148987 0.788 1.713 3.7131 2.426 4 0 0.499 0 0 0 0 0 -1 -1e-30 0 0.731 0.2652 0.000627 0.0002292 0.001676 -1 0.003891 0.488 0.33 -0.304 -0.532 -0.875 -1.213 -1.324 -0.901 -1.341 -0.703 -0.956 -1.248
0.0038518 -0.6 10.07918 0.8741582632 2.442150824 0.788 1.713 3.7132 2.426 4 0 0.499 0 0 0 0 0 -1 -1e-30 0 0.731 0.2652 0.000627 0.0002292 0.001676 -1 0.003891 0.488 0.33 -0.304 -0.532 -0.875 -1.212 -1.324 -0.901 -1.341 -0.703 -0.955 -1.247
0.0038518 -0.6 10.07918 0.8741645813 2.442152625 0.788 1.713 3.7132 2.427 4 0 0.499 0 0 0 0 0 -1 -1e-30 0 0.731 0.2652 0.000627 0.0002292 0.001676 -1 0.003891 0.488 0.33 -0.304 -0.532 -0.875 -1.212 -1.323 -0.9 -1.34 -0.702 -0.955 -1.247
0.0038518 -0.6 10.07918 0.8742226362 2.442169182 0.788 1.712 3.7135 2.428 4 0 0.499 0 0 0 0 0 -1 -1e-30 0 0.731 0.2652 0.000627 0.0002292 0.001676 -1 0.003891 0.489 0.331 -0.302 -0.53 -0.872 -1.209 -1.32 -0.898 -1.337 -0.7 -0.952 -1.244
0.0038518 -0.6 10.07918 0.8742852211 2.442187028 0.788 1.712 3.7138 2.43 4 0 0.499 0 0 0 0 0 -1 -1e-30 0 0.731 0.2652 0.000627 0.0002292 0.001676 -1 0.003891 0.49 0.331 -0.302 -0.529 -0.871 -1.207 -1.318 -0.896 -1.335 -0.699 -0.951 -1.241
0.0038518 -0.6 10.07918 0.8743436933 2.442203698 0.788 1.712 3.714 2.43 4 0 0.499 0 0 0 0 0 -1 -1e-30 0 0.731 0.2652 0.000627 0.0002292 0.001676 -1 0.003891 0.489 0.33 -0.302 -0.529 -0.87 -1.206 -1.317 -0.896 -1.334 -0.699 -0.95 -1.241
0.0038518 -0.6 10.07918 0.8744068742 2.442221708 0.788 1.713 3.7141 2.43 4 0 0.499 0 0 0 0 0 -1 -1e-30 0 0.731 0.2652 0.000627 0.0002292 0.001676 -1 0.003891 0.488 0.329 -0.303 -0.53 -0.871 -1.206 -1.317 -0.896 -1.334 -0.699 -0.951 -1.241
0.0038518 -0.6 10.07918 0.8744676709 2.442239035 0.789 1.714 3.7141 2.429 4 0 0.499 0 0 0 0 0 -1 -1e-30 0 0.731 0.2652 0.000627 0.0002292 0.001676 -1 0.003891 0.486 0.327 -0.305 -0.532 -0.873 -1.209 -1.32 -0.898 -1.336 -0.701 -0.953 -1.243
0.0038518 -0.6 10.07918 0.8745285273 2.442256377 0.789 1.715 3.714 2.428 4 0 0.499 0 0 0 0 0 -1 -1e-30 0 0.731 0.2652 0.000627 0.0002292 0.001676 -1 0.003891 0.483 0.324 -0.308 -0.535 -0.877 -1.212 -1.323 -0.902 -1.34 -0.705 -0.956 -1.247
0.0038518 -0.6 10.07918 0.8745868802 2.442273003 0.789 1.717 3.7138 2.426 4 0 0.499 0 0 0 0 0 -1 -1e-30 0 0.731 0.2652 0.000627 0.0002292 0.001676 -1 0.003891 0.479 0.32 -0.312 -0.54 -0.881 -1.217 -1.328 -0.907 -1.345 -0.71 -0.961 -1.252
0.0038518 -0.6 10.07918 0.8745954037 2.442275431 0.789 1.717 3.7138 2.425 4 0 0.499 0 0 0 0 0 -1 -1e-30 0 0.731 0.2652 0.000627 0.0002292 0.001676 -1 0.003891 0.478 0.319 -0.313 -0.54 -0.882 -1.218 -1.329 -0.908 -1.346 -0.71 -0.962 -1.253
0.0038518 -0.6 10.07918 0.8746478558 2.442290373 0.789 1.719 3.7135 2.422 4 0 0.499 0 0 0 0 0 -1 -1e-30 0 0.731 0.2652 0.000627 0.0002292 0.001676 -1 0.003891 0.473 0.315 -0.319 -0.546 -0.888 -1.225 -1.336 -0.914 -1.353 -0.717 -0.969 -1.26
0.0038518 -0.6 10.07918 0.8747077584 2.442307435 0.789 1.722 3.7132 2.418 4 0 0.499 0 0 0 0 0 -1 -1e-30 0 0.731 0.2652 0.000627 0.0002292 0.001676 -1 0.003891 0.466 0.308 -0.326 -0.554 -0.897 -1.234 -1.346 -0.923 -1.363 -0.725 -0.978 -1.269
0.0038518 -0.6 10.07918 0.8747678399 2.442324545 0.789 1.725 3.7127 2.413 4 0 0.499 0 0 0 0 0 -1 -1e-30 0 0.731 0.2652 0.000627 0.0002292 0.001676 -1 0.003891 0.457 0.301 -0.335 -0.564 -0.907 -1.246 -1.358 -0.934 -1.375 -0.735 -0.988 -1.281
0.0038518 -0.6 10.07918 0.8748249412 2.442340804 0.789 1.729 3.7122 2.407 4 0 0.499 0 0 0 0 0 -1 -1e-30 0 0.731 0.2652 0.000627 0.0002292 0.001676 -1 0.003891 0.448 0.292 -0.346 -0.575 -0.919 -1.258 -1.371 -0.946 -1.388 -0.747 -1 -1.294
0.0038518 -0.6 10.07918 0.8748834729 2.442357467 0.789 1.733 3.7115 2.4 4 0 0.499 0 0 0 0 0 -1 -1e-30 0 0.731 0.2652 0.000627 0.0002292 0.001676 -1 0.003891 0.437 0.281 -0.358 -0.588 -0.933 -1.274 -1.387 -0.96 -1.404 -0.761 -1.015 -1.31
0.0038518 -0.6 10.07918 0.8749420643 2.442374145 0.789 1.739 3.7107 2.391 4 0 0.499 0 0 0 0 0 -1 -1e-30 0 0.731 0.2652 0.000627 0.0002292 0.001676 -1 0.003891 0.423 0.269 -0.373 -0.604 -0.951 -1.293 -1.406 -0.978 -1.423 -0.778 -1.033 -1.329
0.0038518 -0.6 10.07918 0.874999702 2.442390549 0.789 1.745 3.7099 2.382 4 0 0.499 0 0 0 0 0 -1 -1e-30 0 0.731 0.2652 0.000627 0.0002292 0.001676 -1 0.003891 0.407 0.254 -0.389 -0.622 -0.97 -1.314 -1.428 -0.998 -1.445 -0.796 -1.053 -1.35
0.0038518 -0.6 10.07918 0.8750571012 2.442406883 0.789 1.751 3.7091 2.373 4 0 0.499 0 0 0 0 0 -1 -1e-30 0 0.731 0.2652 0.000627 0.0002292 0.001676 -1 0.003891 0.392 0.241 -0.405 -0.639 -0.988 -1.334 -1.448 -1.016 -1.466 -0.814 -1.072 -1.371
0.0038518 -0.6 10.07918 0.8751167655 2.442423859 0.789 1.751 3.7094 2.374 4 0 0.499 0 0 0 0 0 -1 -1e-30 0 0.731 0.2652 0.000627 0.0002292 0.001676 -1 0.003891 0.393 0.241 -0.404 -0.637 -0.986 -1.331 -1.445 -1.014 -1.462 -0.812 -1.069 -1.367
0.0038518 -0.6 10.07918 0.8751747608 2.442440357 0.789 1.76 3.708 2.36 4 0 0.499 0 0 0 0 0 -1 -1e-30 0 0.731 0.2652 0.000627 0.0002292 0.001676 -1 0.003891 0.371 0.221 -0.428 -0.664 -1.015 -1.362 -1.478 -1.043 -1.495 -0.84 -1.099 -1.4
0.0038518 -0.6 10.07918 0.875233531 2.442457073 0.789 1.779 3.7056 2.331 4 0 0.499 0 0 0 0 0 -1 -1e-30 0 0.731 0.2652 0.000627 0.0002292 0.001676 -1 0.003891 0.323 0.177 -0.479 -0.718 -1.073 -1.425 -1.543 -1.103 -1.561 -0.897 -1.159 -1.464
0.0038518 -0.6 10.07918 0.8752923608 2.442473803 0.789 1.811 3.7017 2.283 4 0 0.499 0 0 0 0 0 -1 -1e-30 0 0.731 0.2652 0.000627 0.0002292 0.001676 -1 0.003891 0.243 0.105 -0.563 -0.808 -1.169 -1.529 -1.65 -1.201 -1.668 -0.991 -1.257 -1.57
0.0038518 -0.6 10.07918 0.8753253222 2.442483176 0.789 1.847 3.6975 2.23 4 0 0.499 0 0 0 0 0 -1 -1e-30 0 0.731 0.2652 0.000627 0.0002292 0.001676 -1 0.003891 0.153 0.022 -0.658 -0.909 -1.276 -1.645 -1.77 -1.312 -1.788 -1.097 -1.368 -1.689
0.0038518 -0.6 10.07918 0.8753418326 2.442487871 0.789 1.885 3.6932 2.175 4 0 0.499 0 0 0 0 0 -1 -1e-30 0 0.731 0.2652 0.000627 0.0002292 0.001676 -1 0.003891 0.058 -0.063 -0.757 -1.013 -1.388 -1.766 -1.895 -1.427 -1.913 -1.208 -1.484 -1.812
0.0038518 -0.6 10.07918 0.8753497601 2.442490125 0.789 1.923 3.6888 2.119 4 0 0.499 0 0 0 0 0 -1 -1e-30 0 0.731 0.2652 0.000627 0.0002292 0.001676 -1 0.003891 -0.038 -0.149 -0.856 -1.12 -1.502 -1.889 -2.022 -1.543 -2.041 -1.32 -1.601 -1.938
0.0038518 -0.6 10.07918 0.8753535151 2.442491192 0.789 1.96 3.6848 2.067 4 0 0.499 0 0 0 0 0 -1 -1e-30 0 0.731 0.2652 0.000627 0.0002292 0.001676 -1 0.003891 -0.129 -0.229 -0.949 -1.219 -1.609 -2.005 -2.143 -1.653 -2.162 -1.425 -1.712 -2.057
0.0038518 -0.6 10.07918 0.8753556013 2.442491785 0.789 1.996 3.6809 2.015 4 0 0.499 0 0 0 0 0 -1 -1e-30 0 0.731 0.2652 0.000627 0.0002292 0.001676 -1 0.003891 -0.22 -0.31 -1.042 -1.318 -1.715 -2.121 -2.263 -1.763 -2.281 -1.529 -1.822 -2.175
0.0038518 -0.6 10.07918 0.8753570318 2.442492192 0.789 2.034 3.677 1.961 4 0 0.499 0 0 0 0 0 -1 -1e-30 0 0.731 0.2652 0.000627 0.0002292 0.001676 -1 0.003891 -0.316 -0.396 -1.14 -1.422 -1.826 -2.239 -2.383 -1.876 -2.403 -1.638 -1.935 -2.295
0.0038518 -0.6 10.07918 0.8753573298 2.442492277 0.789 2.048 3.6757 1.942 7 0 0.499 0 0 0 0 0 -1 -9.33e-10 0 0.731 0.2637 0.000627 0.0002292 0.001676 -1 0.00539 -0.349 -0.427 -1.174 -1.458 -1.865 -2.279 -2.425 -1.915 -2.445 -1.676 -1.974 -2.336
0.0038518 -0.6 10.07918 0.8753582239 2.442492531 0.789 2.08 3.6725 1.897 7 0 0.499 0 0 0 0 0 -1 -1.12e-09 0 0.731 0.2637 0.000627 0.0002292 0.001676 -1 0.00539 -0.43 -0.501 -1.257 -1.546 -1.958 -2.377 -2.526 -2.009 -2.547 -1.768 -2.069 -2.436
0.0038518 -0.6 10.07918 0.8753591776 2.442492802 0.789 2.119 3.6687 1.843 7 0 0.499 0 0 0 0 0 -1 -1.39e-09 0 0.731 0.2637 0.000627 0.0002292 0.001676 -1 0.00539 -0.528 -0.59 -1.357 -1.652 -2.07 -2.495 -2.647 -2.123 -2.669 -1.878 -2.184 -2.555
0.0038518 -0.6 10.07918 0.8753601313 2.442493073 0.789 2.15 3.6659 1.801 7 0 0.499 0 0 0 0 0 -1 -1.65e-09 0 0.731 0.2637 0.000627 0.0002292 0.001676 -1 0.00539 -0.605 -0.659 -1.433 -1.733 -2.157 -2.586 -2.74 -2.211 -2.763 -1.963 -2.272 -2.647
0.0038518 -0.6 10.07918 0.8753610849 2.442493344 0.789 2.161 3.6648 1.785 7 0 0.499 0 0 0 0 0 -1 -1.75e-09 0 0.731 0.2637 0.000627 0.0002292 0.001676 -1 0.00539 -0.632 -0.684 -1.461 -1.763 -2.189 -2.619 -2.774 -2.243 -2.797 -1.994 -2.304 -2.681
0.0038518 -0.6 10.07918 0.8753626347 2.442493785 0.789 2.161 3.6649 1.786 7 0 0.499 0 0 0 0 0 -1 -1.75e-09 0 0.731 0.2637 0.000627 0.0002292 0.001676 -1 0.00539 -0.632 -0.683 -1.46 -1.763 -2.188 -2.618 -2.773 -2.242 -2.797 -1.993 -2.303 -2.68
0.0038518 -0.6 10.07918 0.8753652573 2.442494531 0.789 2.132 3.6676 1.826 7 0 0.499 0 0 0 0 0 -1 -1.48e-09 0 0.731 0.2637 0.000627 0.0002292 0.001676 -1 0.00539 -0.559 -0.618 -1.387 -1.685 -2.105 -2.531 -2.684 -2.158 -2.706 -1.912 -2.219 -2.592
0.0038518 -0.6 10.07918 0.8753684759 2.442495446 0.789 2.127 3.6681 1.832 7 0 0.499 0 0 0 0 0 -1 -1.44e-09 0 0.731 0.2637 0.000627 0.0002292 0.001676 -1 0.00539 -0.547 -0.607 -1.375 -1.672 -2.092 -2.517 -2.669 -2.145 -2.692 -1.899 -2.205 -2.578
0.0038518 -0.6 10.07918 0.8753905296 2.442501716 0.787 2.124 3.6683 1.835 7 0 0.499 0 0 0 0 0 -1 -1.43e-09 0 0.731 0.2637 0.000627 0.0002292 0.001676 -1 0.00539 -0.541 -0.602 -1.369 -1.666 -2.085 -2.51 -2.662 -2.138 -2.684 -1.892 -2.198 -2.57
0.0038518 -0.6 10.07918 0.8754118681 2.442507782 0.786 2.148 3.666 1.802 7 0 0.499 0 0 0 0 0 -1 -1.64e-09 0 0.731 0.2637 0.000627 0.0002292 0.001676 -1 0.00539 -0.6 -0.654 -1.428 -1.728 -2.151 -2.58 -2.734 -2.205 -2.757 -1.957 -2.266 -2.641
0.0038518 -0.6 10.07918 0.875433147 2.442513831 0.784 2.193 3.6616 1.738 7 0 0.499 0 0 0 0 0 -1 -2.11e-09 0 0.731 0.2637 0.000627 0.0002292 0.001676 -1 0.00539 -0.712 -0.754 -1.54 -1.848 -2.28 -2.714 -2.873 -2.335 -2.897 -2.083 -2.397 -2.779
0.0038518 -0.6 10.07918 0.8754534721 2.442519608 0.782 2.24 3.657 1.671 7 0 0.499 0 0 0 0 0 -1 -2.75e-09 0 0.731 0.2637 0.000627 0.0002292 0.001676 -1 0.00539 -0.831 -0.858 -1.657 -1.974 -2.414 -2.856 -3.019 -2.472 -3.045 -2.214 -2.534 -2.923
0.0038518 -0.6 10.07918 0.8754714727 2.442524725 0.779 2.282 3.6531 1.612 7 0 0.499 0 0 0 0 0 -1 -3.47e-09 0 0.7309 0.2637 0.000627 0.0002292 0.001676 -1 0.00539 -0.936 -0.949 -1.759 -2.083 -2.533 -2.98 -3.147 -2.591 -3.175 -2.33 -2.654 -3.05
0.0038518 -0.6 10.07918 0.8754873276 2.442529231 0.777 2.323 3.6493 1.555 7 0 0.499 0 0 0 0 0 -1 -4.36e-09 0 0.7309 0.2637 0.000627 0.0002292 0.001676 -1 0.00539 -1.037 -1.036 -1.857 -2.189 -2.646 -3.098 -3.27 -2.706 -3.3 -2.44 -2.769 -3.171
0.0038518 -0.6 10.07918 0.8755011559 2.442533161 0.774 2.362 3.6457 1.5 7 0 0.499 0 0 0 0 0 -1 -5.42e-09 0 0.7309 0.2637 0.000627 0.0002292 0.001676 -1 0.00539 -1.134 -1.118 -1.95 -2.289 -2.754 -3.211 -3.388 -2.816 -3.42 -2.546 -2.879 -3.288
0.0038518 -0.6 10.07918 0.875513196 2.442536583 0.77 2.399 3.6422 1.447 7 0 0.499 0 0 0 0 0 -1 -6.68e-09 0 0.7309 0.2637 0.000627 0.0002292 0.001676 -1 0.00539 -1.228 -1.194 -2.04 -2.387 -2.859 -3.323 -3.505 -2.923 -3.537 -2.649 -2.987 -3.403
0.0038518 -0.6 10.07918 0.8755239248 2.442539632 0.767 2.436 3.6388 1.394 7 0 0.499 0 0 0 0 0 -1 -8.22e-09 0 0.7309 0.2637 0.000627 0.0002292 0.001676 -1 0.00539 -1.32 -1.269 -2.129 -2.483 -2.962 -3.433 -3.62 -3.029 -3.653 -2.75 -3.093 -3.517
0.0038518 -0.6 10.07918 0.8755335212 2.442542359 0.763 2.473 3.6355 1.342 7 0 0.499 0 0 0 0 0 -1 -1.02e-08 0 0.7309 0.2637 0.0006268 0.0002292 0.001676 -1 0.00539 -1.412 -1.342 -2.216 -2.577 -3.063 -3.542 -3.733 -3.133 -3.767 -2.85 -3.197 -3.629
0.0038518 -0.6 10.07918 0.8755423427 2.442544866 0.758 2.51 3.6321 1.289 7 0 0.498 10.31 7.72 5.39 4.19 3.39 3 -1.26e-08 0 0.7309 0.2637 0.0006263 0.0002294 0.001676 -1 0.005346 -1.504 -1.415 -2.304 -2.672 -3.165 -3.651 -3.847 -3.238 -3.882 -2.951 -3.302 -3.742
0.0038518 -0.6 10.07918 0.8755464554 2.442546035 0.756 2.528 3.6303 1.262 7 0 0.498 10.91 8.1 5.64 4.4 3.56 3 -1.4e-08 0 0.7309 0.2637 0.0006257 0.0002298 0.001676 -1 0.005324 -1.55 -1.451 -2.348 -2.719 -3.215 -3.706 -3.905 -3.29 -3.94 -3.001 -3.355 -3.799
0.0038518 -0.6 10.07918 0.875554204 2.442548237 0.75 2.564 3.6261 1.206 7 0 0.496 12.26 8.95 6.21 4.84 3.92 3 -1.72e-08 0 0.7309 0.2638 0.0006238 0.0002312 0.001676 -1 0.005292 -1.64 -1.515 -2.432 -2.812 -3.317 -3.817 -4.023 -3.396 -4.059 -3.101 -3.461 -3.915
0.0038518 -0.6 10.07918 0.8755614758 2.442550304 0.744 2.6 3.6198 1.141 7 0 0.494 14.03 10.03 6.92 5.41 4.38 2 -2.1e-08 0 0.7309 0.2638 0.0006206 0.0002342 0.001676 -1 0.00529 -1.73 -1.566 -2.512 -2.905 -3.422 -3.937 -4.152 -3.508 -4.19 -3.205 -3.573 -4.042
0.0038518 -0.6 10.07918 0.8755685091 2.442552302 0.737 2.636 3.6142 1.078 7 0 0.49 16.02 11.22 7.7 6.03 4.89 2 -2.61e-08 0 0.7309 0.2638 0.0006157 0.0002397 0.001676 -1 0.00529 -1.821 -1.619 -2.593 -2.998 -3.526 -4.055 -4.279 -3.619 -4.319 -3.308 -3.684 -4.167
0.0038518 -0.6 10.07918 0.875575304 2.442554233 0.728 2.673 3.6108 1.022 7 0 0.485 17.97 12.37 8.45 6.63 5.37 2 -3.25e-08 0 0.7309 0.2638 0.0006102 0.0002461 0.001676 -1 0.005287 -1.913 -1.687 -2.678 -3.091 -3.626 -4.163 -4.392 -3.723 -4.434 -3.407 -3.787 -4.279
0.0038518 -0.6 10.07918 0.8755814433 2.442555977 0.718 2.707 3.6076 0.969 7 0 0.482 20.04 13.56 9.22 7.25 5.87 2 -3.99e-08 0 0.7309 0.2638 0.0006055 0.0002519 0.001676 -1 0.005257 -1.998 -1.749 -2.758 -3.177 -3.719 -4.263 -4.498 -3.819 -4.54 -3.499 -3.884 -4.384
0.0038518 -0.6 10.07918 0.8755875826 2.442557722 0.705 2.743 3.6043 0.913 7 0 0.478 22.49 14.94 10.12 7.97 6.46 2 -5e-08 0 0.7309 0.2639 0.0006009 0.0002576 0.001676 -1 0.005201 -2.087 -1.812 -2.841 -3.268 -3.816 -4.367 -4.608 -3.92 -4.651 -3.596 -3.984 -4.492
0.0038518 -0.6 10.07918 0.8755935431 2.442559415 0.69 2.78 3.601 0.852 7 0 0.475 25.46 16.58 11.17 8.82 7.14 1 -6.42e-08 0 0.7309 0.2639 0.0005966 0.0002628 0.001676 -1 0.005194 -2.181 -1.879 -2.928 -3.363 -3.918 -4.477 -4.723 -4.025 -4.768 -3.697 -4.09 -4.606
0.0038518 -0.6 10.07918 0.8755985498 2.442560838 0.674 2.814 3.5978 0.796 7 0 0.472 28.6 18.26 12.24 9.69 7.85 1 -8.15e-08 0 0.7309 0.2639 0.0005932 0.0002669 0.001676 -1 0.00519 -2.266 -1.937 -3.007 -3.449 -4.011 -4.576 -4.828 -4.121 -4.874 -3.788 -4.186 -4.71
0.0038518 -0.6 10.07918 0.8756021261 2.442561854 0.659 2.844 3.5952 0.746 7 0 0.47 31.66 19.87 13.26 10.52 8.52 1 -1e-07 0 0.7309 0.2639 0.0005908 0.00027 0.001676 -1 0.005191 -2.34 -1.987 -3.075 -3.524 -4.091 -4.662 -4.918 -4.204 -4.966 -3.868 -4.269 -4.8
0.0038518 -0.6 10.07918 0.8756049275 2.44256265 0.645 2.872 3.5927 0.698 7 0 0.468 34.89 21.53 14.31 11.37 9.21 1 -1.22e-07 0 0.7309 0.2639 0.0005885 0.0002727 0.001676 -1 0.005194 -2.41 -2.036 -3.141 -3.595 -4.167 -4.743 -5.004 -4.284 -5.053 -3.944 -4.348 -4.885
0.0038518 -0.6 10.07918 0.8756077886 2.442563463 0.628 2.905 3.5901 0.643 7 0 0.466 39.08 23.62 15.63 12.45 10.09 1 -1.55e-07 0 0.7309 0.264 0.0005861 0.0002757 0.001676 -1 0.005191 -2.493 -2.095 -3.218 -3.679 -4.256 -4.838 -5.104 -4.376 -5.154 -4.032 -4.44 -4.983
0.0038518 -0.6 10.07918 0.8756101131 2.442564124 0.609 2.938 3.5881 0.589 7 0 0.464 43.63 25.84 17.01 13.58 11.01 1 -1.97e-07 0 0.7308 0.264 0.000584 0.0002782 0.001676 -1 0.00519 -2.575 -2.155 -3.295 -3.761 -4.343 -4.928 -5.198 -4.465 -5.25 -4.118 -4.529 -5.077
0.0038518 -0.6 10.07918 0.8756123185 2.44256475 0.587 2.971 3.5875 0.538 7 0 0.463 48.36 28.06 18.39 14.72 11.93 1 -2.57e-07 0 0.7308 0.264 0.0005822 0.0002804 0.001676 -1 0.005191 -2.656 -2.23 -3.375 -3.844 -4.428 -5.012 -5.283 -4.549 -5.336 -4.202 -4.613 -5.162
0.0038518 -0.6 10.07918 0.8756144643 2.44256536 0.559 3.004 3.591 0.497 7 0 0.462 52.48 29.87 19.5 15.65 12.68 1 -3.51e-07 0 0.7308 0.264 0.0005807 0.0002823 0.001675 -1 0.00519 -2.741 -2.345 -3.469 -3.931 -4.508 -5.082 -5.349 -4.623 -5.4 -4.281 -4.688 -5.228
0.0038518 -0.6 10.07918 0.8756150007 2.442565512 0.55 3.013 3.594 0.493 7 0 0.462 52.74 29.94 19.54 15.69 12.71 1 -3.84e-07 0 0.7308 0.264 0.0005803 0.0002828 0.001675 -1 0.00519 -2.763 -2.393 -3.498 -3.954 -4.525 -5.09 -5.353 -4.636 -5.403 -4.298 -4.701 -5.233
0.0038518 -0.6 10.07918 0.8756150603 2.442565529 0.549 3.014 3.5947 0.494 7 0 0.462 52.62 29.88 19.5 15.66 12.69 1 -3.87e-07 0 0.7308 0.264 0.0005803 0.0002829 0.001675 -1 0.00519 -2.765 -2.401 -3.502 -3.957 -4.526 -5.09 -5.351 -4.636 -5.401 -4.299 -4.701 -5.231
0.0038518 -0.6 10.07918 0.8756151199 2.442565546 0.548 3.015 3.5954 0.495 7 0 0.462 52.55 29.83 19.47 15.64 12.67 1 -3.92e-07 0 0.7308 0.264 0.0005802 0.0002829 0.001675 -1 0.00519 -2.768 -2.41 -3.507 -3.96 -4.528 -5.09 -5.35 -4.637 -5.4 -4.301 -4.702 -5.23
0.0038518 -0.6 10.07918 0.8756152987 2.442565597 0.545 3.018 3.5967 0.496 7 0 0.462 52.41 29.75 19.41 15.6 12.63 1 -4.01e-07 0 0.7308 0.264 0.0005801 0.000283 0.001675 -1 0.00519 -2.774 -2.426 -3.515 -3.966 -4.532 -5.09 -5.348 -4.639 -5.398 -4.305 -4.704 -5.229
0.0038518 -0.6 10.07918 0.875615418 2.442565631 0.543 3.02 3.5979 0.496 7 0 0.462 52.27 29.67 19.36 15.56 12.6 1 -4.1e-07 0 0.7308 0.264 0.00058 0.0002832 0.001675 -1 0.00519 -2.78 -2.443 -3.524 -3.972 -4.536 -5.091 -5.346 -4.641 -5.396 -4.308 -4.706 -5.228
0.0038518 -0.6 10.07918 0.8756155372 2.442565665 0.541 3.022 3.5992 0.497 7 0 0.461 52.12 29.59 19.31 15.52 12.57 1 -4.2e-07 0 0.7308 0.264 0.0005799 0.0002833 0.001675 -1 0.00519 -2.786 -2.459 -3.533 -3.978 -4.539 -5.091 -5.344 -4.643 -5.393 -4.312 -4.708 -5.226
0.0038518 -0.6 10.07918 0.8756157756 2.442565732 0.537 3.026 3.6014 0.499 7 0 0.461 51.87 29.44 19.22 15.44 12.51 1 -4.36e-07 0 0.7308 0.264 0.0005798 0.0002834 0.001675 -1 0.00519 -2.796 -2.486 -3.548 -3.989 -4.546 -5.091 -5.341 -4.646 -5.389 -4.318 -4.711 -5.223
0.0038518 -0.6 10.07918 0.875616014 2.4425658 0.532 3.03 3.6045 0.504 7 0 0.461 51.23 29.11 19 15.28 12.37 1 -4.55e-07 0 0.7308 0.264 0.0005796 0.0002837 0.001675 -1 0.00519 -2.805 -2.519 -3.564 -3.998 -4.549 -5.086 -5.331 -4.645 -5.379 -4.321 -4.71 -5.215
0.0038518 -0.6 10.07918 0.875616312 2.442565885 0.522 3.035 3.6127 0.523 7 0 0.461 48.99 27.98 18.29 14.71 11.91 1 -4.8e-07 0 0.7308 0.264 0.0005793 0.000284 0.001675 -1 0.00519 -2.819 -2.595 -3.596 -4.014 -4.548 -5.063 -5.294 -4.634 -5.34 -4.321 -4.699 -5.181
0.0038518 -0.6 10.07918 0.8756164908 2.442565936 0.514 3.039 3.6198 0.541 7 0 0.461 47.02 26.99 17.67 14.2 11.5 1 -4.96e-07 0 0.7308 0.264 0.0005791 0.0002843 0.001675 -1 0.00519 -2.828 -2.655 -3.621 -4.024 -4.544 -5.041 -5.261 -4.621 -5.304 -4.318 -4.686 -5.15
0.0038518 -0.6 10.07918 0.8756166101 2.44256597 0.509 3.041 3.6234 0.549 7 0 0.461 46.09 26.52 17.37 13.97 11.3 1 -5.04e-07 0 0.7308 0.264 0.000579 0.0002844 0.001675 -1 0.00519 -2.833 -2.683 -3.633 -4.028 -4.541 -5.029 -5.243 -4.614 -5.286 -4.316 -4.679 -5.134
0.0038518 -0.6 10.07918 1.022283077 2.477463276 0.532 -9.999 3.6679 7.931 9 0.532 0 0 0 0 0 0 -1 -1e-30 0 0.7211 0.275 0.0005848 0.0003324 0.00171 -1 0.003947 29.767 29.695 28.886 28.606 28.223 27.832 27.687 28.178 27.655 28.409 28.121 27.771
