# downloaded from PARSEC/CMD via ezpadova
# component=thick family=thick_disk component_index=7 logAge=10.07918 MH=-1.2 photometric_system=twomass
# Zini MH logAge Mini int_IMF Mass logL logTe logg label McoreTP C_O period0 period1 period2 period3 period4 pmode Mloss tau1m X Y Xc Xn Xo Cexcess Z mbolmag Jmag Hmag Ksmag
0.00097797 -1.2 10.07918 0.0900000036 1.081689593 0.09 -3.211 3.4575 5.385 1 0 0.545 0 0 0 0 0 -1 -5.24e-17 0 0.7467 0.2523 0.0001769 4.773e-05 0.0004329 -1 0.0009839 12.796 10.698 10.353 10.233
0.00097797 -1.2 10.07918 0.0979278833 1.153560421 0.098 -3.005 3.4867 5.333 1 0 0.545 0 0 0 0 0 -1 -8.55e-17 0 0.7456 0.2534 0.0001769 4.773e-05 0.0004329 -1 0.0009839 12.284 10.285 9.839 9.699
0.00097797 -1.2 10.07918 0.1000000015 1.171106412 0.1 -2.955 3.494 5.32 1 0 0.545 0 0 0 0 0 -1 -9.65e-17 0 0.7453 0.2537 0.0001769 4.773e-05 0.0004329 -1 0.0009839 12.157 10.182 9.718 9.571
0.00097797 -1.2 10.07918 0.1180540919 1.306353886 0.118 -2.696 3.5237 5.253 1 0 0.545 0 0 0 0 0 -1 -1.74e-16 0 0.7432 0.2558 0.0001769 4.773e-05 0.0004329 -1 0.0009839 11.511 9.635 9.115 8.943
0.00097797 -1.2 10.07918 0.1199999973 1.319315425 0.12 -2.671 3.5267 5.247 1 0 0.545 0 0 0 0 0 -1 -1.84e-16 0 0.743 0.256 0.0001769 4.773e-05 0.0004329 -1 0.0009839 11.447 9.58 9.056 8.883
0.00097797 -1.2 10.07918 0.1379702687 1.427400412 0.138 -2.506 3.5414 5.201 1 0 0.545 0 0 0 0 0 -1 -2.65e-16 0 0.7414 0.2576 0.0001769 4.773e-05 0.0004329 -1 0.000984 11.036 9.214 8.675 8.494
0.00097797 -1.2 10.07918 0.1400000006 1.438452672 0.14 -2.489 3.543 5.197 1 0 0.545 0 0 0 0 0 -1 -2.75e-16 0 0.7413 0.2578 0.0001769 4.773e-05 0.0004329 -1 0.000984 10.993 9.176 8.636 8.454
0.00097797 -1.2 10.07918 0.1599999964 1.537293155 0.16 -2.349 3.5533 5.156 1 0 0.545 0 0 0 0 0 -1 -3.72e-16 0 0.74 0.259 0.0001769 4.773e-05 0.0004329 -1 0.000984 10.642 8.857 8.31 8.122
0.00097797 -1.2 10.07918 0.2000000179 1.693879137 0.2 -2.128 3.5674 5.088 1 0 0.545 0 0 0 0 0 -1 -3.75e-16 0 0.7386 0.2604 0.0001769 4.773e-05 0.0004329 -1 0.000984 10.089 8.347 7.792 7.598
0.00097797 -1.2 10.07918 0.25 1.8403258 0.25 -1.923 3.5786 5.026 1 0 0.545 0 0 0 0 0 -1 -2.26e-17 0 0.7383 0.2607 0.0001769 4.773e-05 0.0004329 -1 0.000984 9.578 7.868 7.309 7.111
0.00097797 -1.2 10.07918 0.3000000417 1.952914037 0.3 -1.766 3.5871 4.982 1 0 0.545 0 0 0 0 0 -1 -4.45e-18 0 0.7386 0.2604 0.0001769 4.774e-05 0.0004329 -1 0.0009839 9.186 7.501 6.939 6.741
0.00097797 -1.2 10.07918 0.349999994 2.043417464 0.35 -1.638 3.5943 4.95 1 0 0.545 0 0 0 0 0 -1 -1.64e-15 0 0.7478 0.2513 0.0001769 4.773e-05 0.0004329 -1 0.000984 8.866 7.201 6.637 6.442
0.00097797 -1.2 10.07918 0.400000006 2.11850244 0.4 -1.488 3.6054 4.902 1 0 0.545 0 0 0 0 0 -1 -2.29e-15 0 0.7489 0.2501 0.0001769 4.773e-05 0.0004329 -1 0.000984 8.49 6.855 6.287 6.101
0.00097797 -1.2 10.07918 0.4500000179 2.182280936 0.45 -1.31 3.6231 4.845 1 0 0.545 0 0 0 0 0 -1 -3.47e-15 0 0.7489 0.2501 0.0001769 4.773e-05 0.0004329 -1 0.000984 8.045 6.455 5.879 5.718
0.00097797 -1.2 10.07918 0.5 2.237454153 0.5 -1.105 3.6519 4.802 1 0 0.545 0 0 0 0 0 -1 -5.55e-15 0 0.7489 0.2501 0.0001769 4.773e-05 0.0004329 -1 0.000984 7.533 6.019 5.456 5.331
0.00097797 -1.2 10.07918 0.5500000715 2.283658313 0.55 -0.882 3.6828 4.743 1 0 0.544 0 0 0 0 0 -1 -9.45e-15 0 0.7834 0.2158 0.0001543 4.166e-05 0.000378 -1 0.0008178 6.974 5.56 5.058 4.957
0.00097797 -1.2 10.07918 0.6000000238 2.321121326 0.6 -0.673 3.7118 4.688 1 0 0.544 0 0 0 0 0 -1 -1.56e-14 0 0.7926 0.2065 0.0001486 4.012e-05 0.0003643 -1 0.0008366 6.453 5.147 4.721 4.637
0.00097797 -1.2 10.07918 0.6129174829 2.329664636 0.613 -0.618 3.7201 4.675 1 0 0.544 0 0 0 0 0 -1 -1.78e-14 0 0.7952 0.2039 0.0001469 3.969e-05 0.0003604 -1 0.000858 6.314 5.041 4.635 4.555
0.00097797 -1.2 10.07918 0.6258003712 2.337782371 0.625 -0.562 3.7283 4.661 1 0 0.543 0 0 0 0 0 -1 -1.95e-14 0 0.7979 0.2012 0.0001453 3.925e-05 0.0003564 -1 0.0008741 6.175 4.935 4.548 4.473
0.00097797 -1.2 10.07918 0.6382962465 2.345297293 0.638 -0.508 3.7361 4.647 1 0 0.543 0 0 0 0 0 -1 -7.22e-15 0 0.8007 0.1985 0.0001436 3.881e-05 0.0003524 -1 0.0007871 6.039 4.831 4.461 4.389
0.00097797 -1.2 10.07918 0.6499376893 2.352000189 0.65 -0.457 3.7433 4.632 1 0 0.543 0 0 0 0 0 -1 -2.52e-14 0 0.8033 0.1959 0.0001419 3.837e-05 0.0003486 -1 0.0007871 5.911 4.734 4.378 4.31
0.00097797 -1.2 10.07918 0.6499999762 2.352035311 0.65 -0.456 3.7433 4.632 1 0 0.543 0 0 0 0 0 -1 -2.63e-14 0 0.8033 0.1959 0.000142 3.837e-05 0.0003485 -1 0.0007872 5.91 4.733 4.378 4.309
0.00097797 -1.2 10.07918 0.6525263786 2.35345337 0.652 -0.445 3.7447 4.628 1 0 0.543 0 0 0 0 0 -1 -2.7e-14 0 0.804 0.1952 0.0001415 3.826e-05 0.0003475 -1 0.0007872 5.883 4.712 4.359 4.292
0.00097797 -1.2 10.07918 0.6656458974 2.360618681 0.665 -0.387 3.752 4.608 1 0 0.543 0 0 0 0 0 -1 -3.13e-14 0 0.8077 0.1915 0.0001392 3.765e-05 0.0003421 -1 0.0007871 5.737 4.6 4.259 4.197
0.00097797 -1.2 10.07918 0.6777921915 2.366968872 0.678 -0.332 3.7584 4.587 1 0 0.542 0 0 0 0 0 -1 -3.6e-14 0 0.8113 0.1879 0.000137 3.705e-05 0.0003367 -1 0.0007806 5.601 4.494 4.164 4.106
0.00097797 -1.2 10.07918 0.6889508963 2.372576372 0.689 -0.281 3.7642 4.566 1 0 0.542 0 0 0 0 0 -1 -2.11e-14 0 0.8148 0.1844 0.0001348 3.648e-05 0.0003316 -1 0.0007658 5.473 4.393 4.072 4.019
0.00097797 -1.2 10.07918 0.6995905042 2.377731878 0.699 -0.231 3.7695 4.543 1 0 0.542 0 0 0 0 0 -1 -3.52e-14 0 0.8183 0.1809 0.0001327 3.591e-05 0.0003265 -1 0.0007652 5.347 4.293 3.981 3.931
0.00097797 -1.2 10.07918 0.6999999881 2.377926697 0.7 -0.229 3.7697 4.543 1 0 0.542 0 0 0 0 0 -1 -4.74e-14 0 0.8185 0.1808 0.0001326 3.588e-05 0.0003263 -1 0.0007637 5.342 4.29 3.977 3.928
0.00097797 -1.2 10.07918 0.7077278495 2.381554817 0.707 -0.191 3.7734 4.524 1 0 0.541 0 0 0 0 0 -1 -5.24e-14 0 0.8217 0.1776 0.0001303 3.534e-05 0.0003214 -1 0.0007182 5.248 4.214 3.908 3.861
0.00097797 -1.2 10.07918 0.718598485 2.386506833 0.718 -0.136 3.7783 4.496 1 0 0.538 0 0 0 0 0 -1 -6.1e-14 0 0.8265 0.1728 0.0001269 3.453e-05 0.0003143 -1 0.0006871 5.111 4.102 3.804 3.761
0.00097797 -1.2 10.07918 0.7288810015 2.391034947 0.728 -0.082 3.7828 4.465 1 0 0.536 0 0 0 0 0 -1 -7.11e-14 0 0.8314 0.1679 0.0001235 3.371e-05 0.0003071 -1 0.0006871 4.975 3.988 3.697 3.656
0.00097797 -1.2 10.07918 0.7378600836 2.394870591 0.737 -0.032 3.7865 4.436 1 0 0.535 0 0 0 0 0 -1 -8.2e-14 0 0.8359 0.1634 0.0001204 3.295e-05 0.0003003 -1 0.0006879 4.85 3.881 3.596 3.558
0.00097797 -1.2 10.07918 0.746331811 2.398392365 0.746 0.018 3.7899 4.404 1 0 0.533 0 0 0 0 0 -1 -1.78e-14 0 0.8405 0.1589 0.0001174 3.219e-05 0.0002936 -1 0.0006873 4.726 3.774 3.494 3.458
0.00097797 -1.2 10.07918 0.75 2.399888909 0.749 0.04 3.7912 4.389 1 0 0.532 0 0 0 0 0 -1 -1.01e-13 0 0.8425 0.1568 0.000116 3.185e-05 0.0002906 -1 0.0006872 4.669 3.725 3.447 3.412
0.00097797 -1.2 10.07918 0.7533921599 2.401257934 0.753 0.061 3.7924 4.375 1 0 0.532 0 0 0 0 0 -1 -1.08e-13 0 0.8442 0.1551 0.0001151 3.16e-05 0.0002883 -1 0.0006872 4.617 3.679 3.403 3.368
0.00097797 -1.2 10.07918 0.7618591785 2.404614009 0.761 0.117 3.7952 4.336 1 0 0.532 0 0 0 0 0 -1 -1.27e-13 0 0.8482 0.1511 0.000113 3.105e-05 0.0002834 -1 0.0006871 4.478 3.554 3.284 3.251
0.00097797 -1.2 10.07918 0.769734621 2.407659504 0.769 0.171 3.7975 4.295 1 0 0.531 0 0 0 0 0 -1 -1.5e-13 0 0.8515 0.1479 0.0001114 3.063e-05 0.0002798 -1 0.0006683 4.342 3.429 3.163 3.131
0.00097797 -1.2 10.07918 0.776773572 2.410321503 0.776 0.223 3.7992 4.254 1 0 0.531 0 0 0 0 0 -1 -1.77e-13 0 0.8537 0.1457 0.0001104 3.037e-05 0.0002775 -1 0.0006442 4.212 3.308 3.046 3.014
0.00097797 -1.2 10.07918 0.7829419971 2.412609088 0.782 0.272 3.8002 4.212 1 0 0.53 0 0 0 0 0 -1 -2.07e-13 0 0.8541 0.1453 0.0001104 3.038e-05 0.0002777 -1 0.0006569 4.091 3.191 2.931 2.9
0.00097797 -1.2 10.07918 0.7848119736 2.413294413 0.784 0.287 3.8004 4.199 1 0 0.53 0 0 0 0 0 -1 -2.18e-13 0 0.8541 0.1452 0.0001105 3.04e-05 0.0002778 -1 0.0006606 4.052 3.154 2.894 2.863
0.00097797 -1.2 10.07918 0.7864578962 2.413894524 0.785 0.302 3.8003 4.184 1 0 0.53 0 0 0 0 0 -1 -2.29e-13 0 0.8541 0.1452 0.0001106 3.042e-05 0.000278 -1 0.0006639 4.015 3.116 2.856 2.825
0.00097797 -1.2 10.07918 0.7927892208 2.416176268 0.792 0.362 3.7991 4.123 1 0 0.53 0 0 0 0 0 -1 -9.51e-14 0 0.8542 0.1452 0.0001108 3.05e-05 0.0002788 -1 0.000679 3.864 2.959 2.698 2.666
0.00097797 -1.2 10.07918 0.7975348234 2.417859245 0.796 0.412 3.7966 4.065 1 0 0.53 0 0 0 0 0 -1 -7.22e-14 0 0.8542 0.1451 0.000111 3.056e-05 0.0002793 -1 0.0006894 3.74 2.822 2.556 2.524
0.00097797 -1.2 10.07918 0.7983381748 2.418141868 0.797 0.421 3.796 4.054 1 0 0.53 0 0 0 0 0 -1 -9.91e-14 0 0.8542 0.1451 0.000111 3.056e-05 0.0002794 -1 0.0006903 3.717 2.797 2.53 2.497
0.00097797 -1.2 10.07918 0.7998904586 2.418686121 0.799 0.44 3.7943 4.029 2 0 0.53 0 0 0 0 0 -1 -3.44e-13 0 0.8542 0.1451 0.0001111 3.058e-05 0.0002795 -1 0.0006903 3.669 2.741 2.471 2.437
0.00097797 -1.2 10.07918 0.8000000119 2.418724441 0.799 0.442 3.7941 4.027 2 0 0.53 0 0 0 0 0 -1 -3.75e-13 0 0.8542 0.1451 0.0001111 3.058e-05 0.0002795 -1 0.0006904 3.666 2.736 2.466 2.432
0.00097797 -1.2 10.07918 0.8030227423 2.419776981 0.802 0.483 3.7888 3.966 2 0 0.53 0 0 0 0 0 -1 -4.4e-13 0 0.8535 0.1458 0.0001117 3.074e-05 0.000281 -1 0.0006904 3.562 2.607 2.326 2.29
0.00097797 -1.2 10.07918 0.8052540421 2.420548111 0.804 0.518 3.7822 3.906 2 0 0.53 0 0 0 0 0 -1 -5.1e-13 0 0.8486 0.1508 0.0001153 3.172e-05 0.00029 -1 0.0006083 3.475 2.487 2.195 2.155
0.00097797 -1.2 10.07918 0.8069136143 2.421118475 0.805 0.547 3.775 3.85 2 0 0.532 0 0 0 0 0 -1 -5.81e-13 0 0.8255 0.1738 0.0001303 3.579e-05 0.0003267 -1 0.0006742 3.404 2.381 2.075 2.032
0.00097797 -1.2 10.07918 0.8084544539 2.421645623 0.807 0.574 3.7659 3.786 2 0 0.534 0 0 0 0 0 -1 -6.66e-13 0 0.7997 0.1995 0.0001456 3.992e-05 0.0003637 -1 0.0008411 3.335 2.27 1.946 1.897
0.00097797 -1.2 10.07918 0.8095493317 2.422018797 0.808 0.598 3.7575 3.73 2 0 0.535 0 0 0 0 0 -1 -7.51e-13 0 0.785 0.2141 0.0001538 4.212e-05 0.0003833 -1 0.0008801 3.276 2.172 1.833 1.779
0.00097797 -1.2 10.07918 0.8105480671 2.422358191 0.809 0.629 3.7496 3.667 2 0 0.536 0 0 0 0 0 -1 -8.66e-13 0 0.7757 0.2235 0.000159 4.35e-05 0.0003956 -1 0.0008909 3.197 2.059 1.705 1.646
0.00097797 -1.2 10.07918 0.8113239408 2.422621189 0.81 0.665 3.744 3.61 2 0 0.536 0 0 0 0 0 -1 -1e-12 0 0.7705 0.2286 0.0001618 4.425e-05 0.0004024 -1 0.0009019 3.109 1.947 1.582 1.52
0.00097797 -1.2 10.07918 0.8120679259 2.422872835 0.81 0.708 3.7394 3.549 2 0 0.537 0 0 0 0 0 -1 -1.19e-12 0 0.7667 0.2323 0.0001639 4.479e-05 0.0004072 -1 0.0009808 3.001 1.82 1.445 1.38
0.00097797 -1.2 10.07918 0.8121836782 2.422911939 0.81 0.716 3.7388 3.538 3 0 0.537 0 0 0 0 0 -1 -1.23e-12 0 0.7662 0.2328 0.0001641 4.486e-05 0.0004077 -1 0.0009807 2.981 1.797 1.422 1.356
0.00097797 -1.2 10.07918 0.8127929568 2.42311756 0.811 0.76 3.736 3.483 3 0 0.537 0 0 0 0 0 -1 -1.44e-12 0 0.7636 0.2354 0.0001652 4.516e-05 0.0004105 -1 0.0009759 2.869 1.674 1.292 1.225
0.00097797 -1.2 10.07918 0.813306272 2.423290519 0.811 0.802 3.734 3.433 3 0 0.537 0 0 0 0 0 -1 -1.68e-12 0 0.7616 0.2375 0.0001661 4.538e-05 0.0004124 -1 0.0008978 2.766 1.562 1.174 1.107
0.00097797 -1.2 10.07918 0.8138757944 2.423482124 0.812 0.852 3.732 3.376 3 0 0.537 0 0 0 0 0 -1 -2.01e-12 0 0.7594 0.2397 0.0001668 4.558e-05 0.0004142 -1 0.0009725 2.641 1.429 1.036 0.968
0.00097797 -1.2 10.07918 0.814402163 2.423658937 0.812 0.901 3.7301 3.319 3 0 0.537 0 0 0 0 0 -1 -2.41e-12 0 0.7574 0.2417 0.0001673 4.575e-05 0.0004156 -1 0.000891 2.516 1.297 0.898 0.829
0.00097797 -1.2 10.07918 0.8149302602 2.423836066 0.813 0.956 3.7284 3.258 3 0 0.536 0 0 0 0 0 -1 -2.93e-12 0 0.7552 0.2439 0.0001677 4.592e-05 0.0004169 -1 0.0009617 2.38 1.153 0.749 0.681
0.00097797 -1.2 10.07918 0.8153979182 2.423992703 0.813 1.009 3.7267 3.199 3 0 0.535 0 0 0 0 0 -1 -3.54e-12 0 0.7533 0.2458 0.0001677 4.614e-05 0.0004178 -1 0.0009038 2.249 1.015 0.606 0.537
0.00097797 -1.2 10.07918 0.8157947063 2.424125441 0.814 1.057 3.7252 3.144 3 0 0.533 0 0 0 0 0 -1 -4.21e-12 0 0.7516 0.2474 0.0001674 4.648e-05 0.0004185 -1 0.0009646 2.127 0.887 0.474 0.404
0.00097797 -1.2 10.07918 0.8161051869 2.424229203 0.814 1.098 3.7239 3.098 3 0 0.531 0 0 0 0 0 -1 -4.89e-12 0 0.7504 0.2486 0.0001669 4.691e-05 0.000419 -1 0.0009038 2.024 0.78 0.363 0.292
0.00097797 -1.2 10.07918 0.8164490461 2.424344014 0.814 1.148 3.7224 3.043 3 0 0.528 0 0 0 0 0 -1 -5.83e-12 0 0.7491 0.2499 0.0001661 4.763e-05 0.0004194 -1 0.0009546 1.901 0.65 0.229 0.158
0.00097797 -1.2 10.07918 0.8167777061 2.424453646 0.814 1.199 3.7207 2.984 3 0 0.524 0 0 0 0 0 -1 -7.02e-12 0 0.7479 0.2511 0.0001651 4.867e-05 0.0004199 -1 0.0009633 1.771 0.514 0.087 0.016
0.00097797 -1.2 10.07918 0.8170754313 2.424552872 0.814 1.251 3.719 2.926 3 0 0.521 0 0 0 0 0 -1 -8.45e-12 0 0.7469 0.2521 0.0001641 4.973e-05 0.0004201 -1 0.0009782 1.643 0.377 -0.054 -0.125
0.00097797 -1.2 10.07918 0.8173353076 2.424639416 0.815 1.3 3.7173 2.87 3 0 0.518 0 0 0 0 0 -1 -1.01e-11 0 0.7462 0.2529 0.0001633 5.069e-05 0.0004204 -1 0.0009081 1.519 0.247 -0.189 -0.261
0.00097797 -1.2 10.07918 0.8175702691 2.424717608 0.815 1.349 3.7155 2.814 3 0 0.516 0 0 0 0 0 -1 -1.2e-11 0 0.7456 0.2534 0.0001626 5.146e-05 0.0004205 -1 0.000968 1.398 0.118 -0.323 -0.396
0.00097797 -1.2 10.07918 0.8177815676 2.424787881 0.815 1.397 3.7137 2.759 3 0 0.514 0 0 0 0 0 -1 -1.43e-11 0 0.7453 0.2538 0.0001621 5.204e-05 0.0004206 -1 0.000918 1.278 -0.009 -0.455 -0.529
0.00097797 -1.2 10.07918 0.8179777861 2.424853101 0.815 1.445 3.7119 2.703 3 0 0.513 0 0 0 0 0 -1 -1.71e-11 0 0.7451 0.254 0.0001618 5.239e-05 0.0004207 -1 0.0009226 1.157 -0.138 -0.59 -0.664
0.00097797 -1.2 10.07918 0.818151474 2.424910803 0.815 1.493 3.7099 2.648 3 0 0.513 0 0 0 0 0 -1 -2.03e-11 0 0.745 0.2541 0.0001617 5.255e-05 0.0004207 -1 0.0009229 1.039 -0.264 -0.721 -0.796
0.00097797 -1.2 10.07918 0.8183134198 2.424964578 0.815 1.541 3.7079 2.592 3 0 0.513 0 0 0 0 0 -1 -2.42e-11 0 0.745 0.2541 0.0001617 5.258e-05 0.0004207 -1 0.0009233 0.918 -0.392 -0.855 -0.931
0.00097797 -1.2 10.07918 0.8184565902 2.425012098 0.815 1.587 3.7059 2.537 3 0 0.513 0 0 0 0 0 -1 -2.87e-11 0 0.7449 0.2541 0.0001617 5.26e-05 0.0004207 -1 0.0009236 0.802 -0.516 -0.985 -1.062
0.00097797 -1.2 10.07918 0.8185842037 2.425054439 0.815 1.632 3.7039 2.484 3 0 0.512 0 0 0 0 0 -1 -3.38e-11 0 0.7449 0.2541 0.0001617 5.262e-05 0.0004207 -1 0.0009238 0.689 -0.636 -1.111 -1.189
0.00097797 -1.2 10.07918 0.8187025189 2.425093681 0.815 1.678 3.7019 2.431 3 0 0.512 0 0 0 0 0 -1 -4e-11 0 0.7449 0.2542 0.0001617 5.264e-05 0.0004207 -1 0.0009241 0.576 -0.758 -1.238 -1.316
0.00097797 -1.2 10.07918 0.8188075423 2.425128504 0.814 1.721 3.6998 2.379 3 0 0.512 0 0 0 0 0 -1 -4.69e-11 0 0.7449 0.2542 0.0001616 5.265e-05 0.0004207 -1 0.0009243 0.467 -0.875 -1.361 -1.44
0.00097797 -1.2 10.07918 0.8189066052 2.425161341 0.814 1.766 3.6977 2.326 3 0 0.512 0 0 0 0 0 -1 -5.53e-11 0 0.7449 0.2542 0.0001616 5.267e-05 0.0004207 -1 0.0009245 0.355 -0.995 -1.486 -1.566
0.00097797 -1.2 10.07918 0.8189957738 2.42519089 0.814 1.809 3.6956 2.274 3 0 0.512 0 0 0 0 0 -1 -6.48e-11 0 0.7449 0.2542 0.0001616 5.268e-05 0.0004207 -1 0.0009247 0.247 -1.111 -1.608 -1.689
0.00097797 -1.2 10.07918 0.8190791607 2.425218517 0.814 1.852 3.6934 2.223 3 0 0.512 0 0 0 0 0 -1 -7.59e-11 0 0.7449 0.2542 0.0001616 5.269e-05 0.0004207 -1 0.0009249 0.141 -1.226 -1.729 -1.811
0.00097797 -1.2 10.07918 0.8191590309 2.425244972 0.814 1.894 3.6913 2.172 3 0 0.512 0 0 0 0 0 -1 -8.87e-11 0 0.7449 0.2542 0.0001616 5.27e-05 0.0004208 -1 0.000925 0.035 -1.34 -1.849 -1.931
0.00097797 -1.2 10.07918 0.8192409873 2.425272113 0.813 1.934 3.6893 2.123 3 0 0.512 0 0 0 0 0 -1 -1.03e-10 0 0.7449 0.2542 0.0001616 5.272e-05 0.0004208 -1 0.0009252 -0.065 -1.447 -1.963 -2.046
0.00097797 -1.2 10.07918 0.8193154335 2.425296761 0.813 1.957 3.6882 2.096 3 0 0.512 0 0 0 0 0 -1 -1.13e-10 0 0.7449 0.2542 0.0001616 5.273e-05 0.0004208 -1 0.0009252 -0.123 -1.509 -2.028 -2.112
0.00097797 -1.2 10.07918 0.8193690777 2.425314518 0.813 1.94 3.6894 2.117 3 0 0.512 0 0 0 0 0 -1 -1.06e-10 0 0.7449 0.2542 0.0001616 5.273e-05 0.0004208 -1 0.0009255 -0.081 -1.463 -1.977 -2.06
0.00097797 -1.2 10.07918 0.8193878531 2.425320733 0.813 1.934 3.6899 2.126 3 0 0.512 0 0 0 0 0 -1 -1.04e-10 0 0.7449 0.2542 0.0001616 5.274e-05 0.0004208 -1 0.0009254 -0.065 -1.445 -1.958 -2.041
0.00097797 -1.2 10.07918 0.8194454312 2.425339789 0.812 1.975 3.6877 2.075 3 0 0.512 0 0 0 0 0 -1 -1.2e-10 0 0.7449 0.2542 0.0001616 5.275e-05 0.0004208 -1 0.0009255 -0.168 -1.556 -2.076 -2.16
0.00097797 -1.2 10.07918 0.8194998503 2.425357796 0.812 2.016 3.6854 2.025 3 0 0.512 0 0 0 0 0 -1 -1.39e-10 0 0.7449 0.2542 0.0001616 5.275e-05 0.0004208 -1 0.0009257 -0.27 -1.667 -2.195 -2.28
0.00097797 -1.2 10.07918 0.819552958 2.425375367 0.812 2.058 3.6831 1.974 3 0 0.512 0 0 0 0 0 -1 -1.63e-10 0 0.7449 0.2542 0.0001616 5.276e-05 0.0004208 -1 0.0009258 -0.376 -1.782 -2.317 -2.402
0.00097797 -1.2 10.07918 0.8196022511 2.425391673 0.811 2.1 3.6807 1.922 3 0 0.512 0 0 0 0 0 -1 -1.9e-10 0 0.7449 0.2542 0.0001616 5.277e-05 0.0004208 -1 0.0009258 -0.48 -1.898 -2.439 -2.525
0.00097797 -1.2 10.07918 0.8196462393 2.425406223 0.811 2.141 3.6784 1.872 3 0 0.512 0 0 0 0 0 -1 -2.21e-10 0 0.7448 0.2542 0.0001616 5.278e-05 0.0004208 -1 0.000926 -0.581 -2.009 -2.557 -2.643
0.00097797 -1.2 10.07918 0.8196871877 2.425419765 0.81 2.181 3.676 1.822 3 0 0.512 0 0 0 0 0 -1 -2.57e-10 0 0.7448 0.2542 0.0001616 5.278e-05 0.0004208 -1 0.000926 -0.682 -2.12 -2.674 -2.76
0.00097797 -1.2 10.07918 0.819724977 2.425432262 0.81 2.221 3.6735 1.772 3 0 0.512 0 0 0 0 0 -1 -2.99e-10 0 0.7448 0.2542 0.0001616 5.279e-05 0.0004208 -1 0.0009261 -0.783 -2.23 -2.791 -2.878
0.00097797 -1.2 10.07918 0.8197601438 2.42544389 0.809 2.261 3.6711 1.721 3 0 0.512 0 0 0 0 0 -1 -3.48e-10 0 0.7448 0.2542 0.0001615 5.279e-05 0.0004208 -1 0.0009262 -0.883 -2.341 -2.908 -2.996
0.00097797 -1.2 10.07918 0.8197915554 2.425454275 0.809 2.3 3.6686 1.672 3 0 0.512 0 0 0 0 0 -1 -4.03e-10 0 0.7448 0.2542 0.0001615 5.28e-05 0.0004208 -1 0.0009263 -0.98 -2.448 -3.022 -3.11
0.00097797 -1.2 10.07918 0.8198210001 2.425464009 0.808 2.339 3.6661 1.623 3 0 0.512 0 0 0 0 0 -1 -4.67e-10 0 0.7448 0.2542 0.0001615 5.28e-05 0.0004208 -1 0.0009263 -1.078 -2.556 -3.136 -3.225
0.00097797 -1.2 10.07918 0.8198543787 2.425475043 0.807 2.387 3.663 1.562 3 0 0.512 0 0 0 0 0 -1 -5.59e-10 0 0.7448 0.2542 0.0001615 5.281e-05 0.0004208 -1 0.0009264 -1.198 -2.688 -3.276 -3.366
0.00097797 -1.2 10.07918 0.8198843002 2.425484933 0.806 2.434 3.6599 1.502 3 0 0.512 0 0 0 0 0 -1 -6.68e-10 0 0.7448 0.2542 0.0001615 5.281e-05 0.0004208 -1 0.0009263 -1.315 -2.817 -3.413 -3.505
0.00097797 -1.2 10.07918 0.8199121952 2.425494153 0.805 2.482 3.6568 1.441 3 0 0.512 0 0 0 0 0 -1 -7.98e-10 0 0.7448 0.2542 0.0001615 5.282e-05 0.0004208 -1 0.0009264 -1.434 -2.947 -3.552 -3.645
0.00097797 -1.2 10.07918 0.8199371099 2.425502387 0.804 2.527 3.6536 1.382 3 0 0.512 8.61 6.61 4.66 3.61 2.92 3 -9.5e-10 0 0.7448 0.2542 0.0001615 5.282e-05 0.0004208 -1 0.0009265 -1.548 -3.072 -3.686 -3.783
0.00097797 -1.2 10.07918 0.8199598789 2.425509911 0.803 2.573 3.6504 1.324 3 0 0.512 9.75 7.35 5.15 4 3.24 3 -1.13e-09 0 0.7448 0.2542 0.0001615 5.282e-05 0.0004208 -1 0.0009265 -1.662 -3.195 -3.82 -3.919
0.00097797 -1.2 10.07918 0.8199817538 2.425517139 0.802 2.62 3.6472 1.263 3 0 0.512 11.07 8.2 5.72 4.44 3.6 3 -1.35e-09 0 0.7448 0.2543 0.0001615 5.283e-05 0.0004208 -1 0.0009266 -1.779 -3.322 -3.957 -4.059
0.00097797 -1.2 10.07918 0.8200007081 2.425523402 0.8 2.663 3.644 1.206 3 0 0.512 12.5 9.09 6.31 4.91 3.98 3 -1.6e-09 0 0.7448 0.2543 0.0001615 5.283e-05 0.0004208 -1 0.0009266 -1.889 -3.441 -4.087 -4.191
0.00097797 -1.2 10.07918 0.8200185299 2.425529291 0.799 2.708 3.6408 1.148 3 0 0.512 14.13 10.09 6.98 5.44 4.41 2 -1.89e-09 0 0.7448 0.2543 0.0001615 5.283e-05 0.0004208 -1 0.0009267 -2 -3.562 -4.218 -4.326
0.00097797 -1.2 10.07918 0.820035398 2.425534864 0.797 2.753 3.6376 1.088 3 0 0.512 16.01 11.23 7.72 6.03 4.89 2 -2.25e-09 0 0.7448 0.2543 0.0001615 5.283e-05 0.0004208 -1 0.0009267 -2.114 -3.684 -4.352 -4.462
0.00097797 -1.2 10.07918 0.8200500011 2.425539688 0.795 2.796 3.6343 1.032 3 0 0.512 18.02 12.42 8.5 6.65 5.39 2 -2.66e-09 0 0.7448 0.2543 0.0001615 5.284e-05 0.0004208 -1 0.0009268 -2.219 -3.798 -4.477 -4.59
0.00097797 -1.2 10.07918 0.8200640678 2.425544335 0.793 2.839 3.6311 0.974 3 0 0.512 20.35 13.78 9.39 7.36 5.96 2 -3.14e-09 0 0.7448 0.2543 0.0001615 5.284e-05 0.0004208 -1 0.0009267 -2.328 -3.916 -4.606 -4.722
0.00097797 -1.2 10.07918 0.8200773597 2.425548726 0.791 2.884 3.6278 0.916 3 0 0.512 23.02 15.31 10.38 8.14 6.6 2 -3.73e-09 0 0.7448 0.2543 0.0001615 5.284e-05 0.0004208 -1 0.0009268 -2.439 -4.035 -4.736 -4.856
0.00097797 -1.2 10.07918 0.8200888038 2.425552506 0.789 2.924 3.6245 0.861 3 0 0.512 25.86 16.9 11.41 8.97 7.27 2 -4.37e-09 0 0.7448 0.2543 0.0001615 5.284e-05 0.0004208 -1 0.0009268 -2.541 -4.145 -4.858 -4.981
0.00097797 -1.2 10.07918 0.8200998306 2.425556149 0.786 2.966 3.6213 0.804 3 0 0.512 29.13 18.7 12.57 9.89 8.03 1 -5.15e-09 0 0.7448 0.2543 0.0001615 5.284e-05 0.0004208 -1 0.0009267 -2.646 -4.258 -4.982 -5.109
0.00097797 -1.2 10.07918 0.8201104403 2.425559654 0.783 3.01 3.618 0.746 3 0 0.512 32.9 20.75 13.87 10.94 8.88 1 -6.09e-09 0 0.7448 0.2543 0.0001615 5.284e-05 0.0004208 -1 0.0009269 -2.754 -4.374 -5.109 -5.24
0.00097797 -1.2 10.07918 0.8201197386 2.425562725 0.78 3.05 3.6148 0.691 3 0 0.512 36.95 22.9 15.24 12.04 9.77 1 -7.13e-09 0 0.7448 0.2543 0.0001615 5.285e-05 0.0004208 -1 0.0009268 -2.855 -4.483 -5.229 -5.364
0.00097797 -1.2 10.07918 0.8201290369 2.425565796 0.776 3.093 3.6115 0.633 3 0 0.512 41.71 25.38 16.82 13.31 10.8 1 -8.42e-09 0 0.7448 0.2543 0.0001615 5.285e-05 0.0004208 -1 0.0009269 -2.961 -4.596 -5.354 -5.493
0.00097797 -1.2 10.07918 0.8201375604 2.425568611 0.772 3.134 3.6083 0.577 3 0 0.512 47.01 28.1 18.53 14.68 11.92 1 -9.93e-09 0 0.7448 0.2543 0.0001615 5.285e-05 0.0004208 -1 0.0009269 -3.066 -4.707 -5.477 -5.62
0.00097797 -1.2 10.07918 0.8201454282 2.42557121 0.768 3.175 3.6051 0.52 3 0 0.512 52.89 31.05 20.38 16.18 13.14 1 -1.17e-08 0 0.7448 0.2543 0.0001615 5.285e-05 0.0004208 -1 0.0009269 -3.168 -4.815 -5.597 -5.744
0.00097797 -1.2 10.07918 0.8201528788 2.425573671 0.763 3.217 3.6018 0.463 3 0 0.512 59.66 34.39 22.46 17.86 14.51 1 -1.38e-08 0 0.7448 0.2543 0.0001615 5.285e-05 0.0004208 -1 0.0009269 -3.272 -4.926 -5.718 -5.871
0.00097797 -1.2 10.07918 0.8201599717 2.425576013 0.758 3.258 3.5986 0.406 3 0 0.512 67.28 38.06 24.75 19.71 16.02 1 -1.62e-08 0 0.7448 0.2543 0.0001615 5.285e-05 0.0004208 -1 0.0009269 -3.374 -5.035 -5.839 -5.996
0.00097797 -1.2 10.07918 0.8201665878 2.425578198 0.752 3.297 3.5955 0.351 3 0 0.512 75.57 41.98 27.17 21.68 17.62 1 -1.9e-08 0 0.7448 0.2543 0.0001615 5.285e-05 0.0004208 -1 0.0009269 -3.473 -5.14 -5.955 -6.117
0.00097797 -1.2 10.07918 0.8201716542 2.425579871 0.746 3.326 3.5932 0.31 3 0 0.512 82.31 45.11 29.1 23.25 18.9 1 -2.14e-08 0 0.7448 0.2543 0.0001615 5.285e-05 0.0004208 -1 0.000927 -3.545 -5.217 -6.039 -6.204
0.00097797 -1.2 10.07918 0.8201716542 2.425579871 0.746 1.731 3.7448 2.512 4 0 0.518 0 0 0 0 0 -1 -1e-30 0 0.7405 0.2585 0.000166 5.17e-05 0.0004274 -1 0.000984 0.444 -0.718 -1.089 -1.147
0.00097797 -1.2 10.07918 0.8202220201 2.425596504 0.747 1.747 3.7436 2.49 4 0 0.518 0 0 0 0 0 -1 -1e-30 0 0.7405 0.2585 0.000166 5.17e-05 0.0004274 -1 0.000984 0.401 -0.765 -1.14 -1.198
0.00097797 -1.2 10.07918 0.820273459 2.425613488 0.747 1.75 3.7434 2.487 4 0 0.518 0 0 0 0 0 -1 -1e-30 0 0.7405 0.2585 0.000166 5.17e-05 0.0004274 -1 0.000984 0.396 -0.772 -1.146 -1.204
0.00097797 -1.2 10.07918 0.8203258514 2.425630785 0.747 1.751 3.7436 2.486 4 0 0.518 0 0 0 0 0 -1 -1e-30 0 0.7405 0.2585 0.000166 5.17e-05 0.0004274 -1 0.000984 0.392 -0.775 -1.149 -1.207
0.00097797 -1.2 10.07918 0.8203799725 2.425648649 0.747 1.752 3.744 2.487 4 0 0.518 0 0 0 0 0 -1 -1e-30 0 0.7405 0.2585 0.000166 5.17e-05 0.0004274 -1 0.000984 0.391 -0.775 -1.148 -1.206
0.00097797 -1.2 10.07918 0.8204326034 2.425666019 0.747 1.752 3.7445 2.49 4 0 0.518 0 0 0 0 0 -1 -1e-30 0 0.7405 0.2585 0.000166 5.17e-05 0.0004274 -1 0.0009839 0.391 -0.772 -1.144 -1.201
0.00097797 -1.2 10.07918 0.8204857111 2.425683545 0.747 1.751 3.7452 2.493 4 0 0.518 0 0 0 0 0 -1 -1e-30 0 0.7405 0.2585 0.000166 5.17e-05 0.0004274 -1 0.000984 0.393 -0.767 -1.137 -1.194
0.00097797 -1.2 10.07918 0.8205398917 2.425701421 0.747 1.75 3.7461 2.498 4 0 0.518 0 0 0 0 0 -1 -1e-30 0 0.7405 0.2585 0.000166 5.17e-05 0.0004274 -1 0.000984 0.396 -0.76 -1.128 -1.185
0.00097797 -1.2 10.07918 0.8205934763 2.425719098 0.747 1.748 3.747 2.503 4 0 0.518 0 0 0 0 0 -1 -1e-30 0 0.7405 0.2585 0.000166 5.17e-05 0.0004274 -1 0.000984 0.399 -0.753 -1.119 -1.175
0.00097797 -1.2 10.07918 0.8206478357 2.425737028 0.747 1.747 3.7479 2.508 4 0 0.518 0 0 0 0 0 -1 -1e-30 0 0.7405 0.2585 0.000166 5.17e-05 0.0004274 -1 0.0009839 0.403 -0.746 -1.109 -1.165
0.00097797 -1.2 10.07918 0.8206992745 2.425753992 0.747 1.746 3.7487 2.512 4 0 0.518 0 0 0 0 0 -1 -1e-30 0 0.7405 0.2585 0.000166 5.17e-05 0.0004274 -1 0.000984 0.406 -0.74 -1.101 -1.157
0.00097797 -1.2 10.07918 0.8207541704 2.425772093 0.747 1.745 3.7495 2.517 4 0 0.518 0 0 0 0 0 -1 -1e-30 0 0.7405 0.2585 0.000166 5.17e-05 0.0004274 -1 0.000984 0.408 -0.733 -1.093 -1.148
0.00097797 -1.2 10.07918 0.8208079934 2.425789838 0.747 1.744 3.7503 2.521 4 0 0.518 0 0 0 0 0 -1 -1e-30 0 0.7405 0.2585 0.000166 5.17e-05 0.0004274 -1 0.000984 0.411 -0.728 -1.085 -1.14
0.00097797 -1.2 10.07918 0.8208584189 2.42580646 0.747 1.743 3.7509 2.524 4 0 0.518 0 0 0 0 0 -1 -1e-30 0 0.7405 0.2585 0.000166 5.17e-05 0.0004274 -1 0.000984 0.413 -0.723 -1.08 -1.134
0.00097797 -1.2 10.07918 0.8209115863 2.425823984 0.747 1.742 3.7514 2.527 4 0 0.518 0 0 0 0 0 -1 -1e-30 0 0.7405 0.2585 0.000166 5.17e-05 0.0004274 -1 0.0009839 0.414 -0.719 -1.074 -1.128
0.00097797 -1.2 10.07918 0.8209240437 2.42582809 0.747 1.742 3.7515 2.527 4 0 0.518 0 0 0 0 0 -1 -1e-30 0 0.7405 0.2585 0.000166 5.17e-05 0.0004274 -1 0.000984 0.414 -0.719 -1.073 -1.127
0.00097797 -1.2 10.07918 0.8209301233 2.425830093 0.747 1.742 3.7516 2.528 4 0 0.518 0 0 0 0 0 -1 -1e-30 0 0.7405 0.2585 0.000166 5.17e-05 0.0004274 -1 0.000984 0.414 -0.718 -1.073 -1.127
0.00097797 -1.2 10.07918 0.8209834099 2.425847653 0.747 1.742 3.7519 2.529 4 0 0.518 0 0 0 0 0 -1 -1e-30 0 0.7405 0.2585 0.000166 5.17e-05 0.0004274 -1 0.0009841 0.415 -0.717 -1.07 -1.124
0.00097797 -1.2 10.07918 0.8210386634 2.425865857 0.747 1.742 3.7522 2.53 4 0 0.518 0 0 0 0 0 -1 -1e-30 0 0.7405 0.2585 0.000166 5.17e-05 0.0004274 -1 0.000984 0.414 -0.716 -1.069 -1.123
0.00097797 -1.2 10.07918 0.8210908771 2.425883058 0.748 1.743 3.7523 2.53 4 0 0.518 0 0 0 0 0 -1 -1e-30 0 0.7405 0.2585 0.000166 5.17e-05 0.0004274 -1 0.0009839 0.413 -0.717 -1.07 -1.124
0.00097797 -1.2 10.07918 0.8211433291 2.425900335 0.748 1.744 3.7522 2.529 4 0 0.518 0 0 0 0 0 -1 -1e-30 0 0.7405 0.2585 0.000166 5.17e-05 0.0004274 -1 0.000984 0.411 -0.719 -1.073 -1.126
0.00097797 -1.2 10.07918 0.8211957812 2.425917609 0.748 1.745 3.752 2.527 4 0 0.518 0 0 0 0 0 -1 -1e-30 0 0.7405 0.2585 0.000166 5.17e-05 0.0004274 -1 0.0009839 0.408 -0.723 -1.077 -1.13
0.00097797 -1.2 10.07918 0.8212473392 2.425934586 0.748 1.747 3.7516 2.524 4 0 0.518 0 0 0 0 0 -1 -1e-30 0 0.7405 0.2585 0.000166 5.17e-05 0.0004274 -1 0.000984 0.403 -0.729 -1.084 -1.138
0.00097797 -1.2 10.07918 0.8212996125 2.425951797 0.748 1.749 3.7511 2.52 4 0 0.518 0 0 0 0 0 -1 -1e-30 0 0.7405 0.2585 0.000166 5.17e-05 0.0004274 -1 0.000984 0.398 -0.737 -1.093 -1.147
0.00097797 -1.2 10.07918 0.8213092685 2.425954975 0.748 1.749 3.751 2.519 4 0 0.518 0 0 0 0 0 -1 -1e-30 0 0.7405 0.2585 0.000166 5.17e-05 0.0004274 -1 0.000984 0.397 -0.738 -1.094 -1.149
0.00097797 -1.2 10.07918 0.821318686 2.425958076 0.748 1.75 3.7509 2.518 4 0 0.518 0 0 0 0 0 -1 -1e-30 0 0.7405 0.2585 0.000166 5.17e-05 0.0004274 -1 0.0009839 0.396 -0.74 -1.096 -1.151
0.00097797 -1.2 10.07918 0.8213660121 2.425973654 0.748 1.752 3.7503 2.513 4 0 0.518 0 0 0 0 0 -1 -1e-30 0 0.7405 0.2585 0.000166 5.17e-05 0.0004274 -1 0.000984 0.389 -0.75 -1.107 -1.162
0.00097797 -1.2 10.07918 0.8214124441 2.425988936 0.748 1.755 3.7496 2.507 4 0 0.518 0 0 0 0 0 -1 -1e-30 0 0.7405 0.2585 0.000166 5.17e-05 0.0004274 -1 0.000984 0.382 -0.76 -1.119 -1.174
0.00097797 -1.2 10.07918 0.8214604855 2.426004746 0.748 1.758 3.7488 2.501 4 0 0.518 0 0 0 0 0 -1 -1e-30 0 0.7405 0.2585 0.000166 5.17e-05 0.0004274 -1 0.0009839 0.374 -0.771 -1.132 -1.188
0.00097797 -1.2 10.07918 0.8215095401 2.426020887 0.748 1.762 3.7479 2.493 4 0 0.518 0 0 0 0 0 -1 -1e-30 0 0.7405 0.2585 0.000166 5.17e-05 0.0004274 -1 0.000984 0.364 -0.785 -1.149 -1.204
0.00097797 -1.2 10.07918 0.8215557933 2.426036104 0.748 1.768 3.7466 2.482 4 0 0.518 0 0 0 0 0 -1 -1e-30 0 0.7405 0.2585 0.000166 5.17e-05 0.0004274 -1 0.000984 0.351 -0.804 -1.171 -1.227
0.00097797 -1.2 10.07918 0.8216038942 2.426051927 0.748 1.774 3.7452 2.471 4 0 0.518 0 0 0 0 0 -1 -1e-30 0 0.7405 0.2585 0.000166 5.17e-05 0.0004274 -1 0.000984 0.336 -0.824 -1.194 -1.251
0.00097797 -1.2 10.07918 0.8216506839 2.426067317 0.748 1.78 3.7439 2.46 4 0 0.518 0 0 0 0 0 -1 -1e-30 0 0.7405 0.2585 0.000166 5.17e-05 0.0004274 -1 0.000984 0.32 -0.845 -1.218 -1.276
0.00097797 -1.2 10.07918 0.8216974735 2.426082704 0.748 1.786 3.7426 2.448 4 0 0.518 0 0 0 0 0 -1 -1e-30 0 0.7405 0.2585 0.000166 5.17e-05 0.0004274 -1 0.000984 0.304 -0.867 -1.243 -1.302
0.00097797 -1.2 10.07918 0.8217447996 2.426098266 0.748 1.795 3.741 2.433 4 0 0.518 0 0 0 0 0 -1 -1e-30 0 0.7405 0.2585 0.000166 5.17e-05 0.0004274 -1 0.000984 0.282 -0.896 -1.276 -1.336
0.00097797 -1.2 10.07918 0.8217942715 2.426114532 0.748 1.807 3.7389 2.413 4 0 0.518 0 0 0 0 0 -1 -1e-30 0 0.7405 0.2585 0.000166 5.17e-05 0.0004274 -1 0.0009839 0.252 -0.935 -1.319 -1.38
0.00097797 -1.2 10.07918 0.8218429089 2.42613052 0.748 1.823 3.7364 2.387 4 0 0.518 0 0 0 0 0 -1 -1e-30 0 0.7405 0.2585 0.000166 5.17e-05 0.0004274 -1 0.000984 0.212 -0.986 -1.376 -1.438
0.00097797 -1.2 10.07918 0.8218901157 2.426146037 0.748 1.856 3.7315 2.334 4 0 0.518 0 0 0 0 0 -1 -1e-30 0 0.7405 0.2585 0.000166 5.17e-05 0.0004274 -1 0.000984 0.13 -1.089 -1.491 -1.555
0.00097797 -1.2 10.07918 0.8219112158 2.426152972 0.748 1.888 3.7271 2.285 4 0 0.518 0 0 0 0 0 -1 -1e-30 0 0.7405 0.2585 0.000166 5.17e-05 0.0004274 -1 0.000984 0.051 -1.187 -1.599 -1.665
0.00097797 -1.2 10.07918 0.8219225407 2.426156693 0.748 1.92 3.7228 2.235 4 0 0.518 0 0 0 0 0 -1 -1e-30 0 0.7405 0.2585 0.000166 5.17e-05 0.0004274 -1 0.000984 -0.031 -1.286 -1.709 -1.777
0.00097797 -1.2 10.07918 0.8219280243 2.426158496 0.748 1.952 3.7188 2.187 4 0 0.518 0 0 0 0 0 -1 -1e-30 0 0.7405 0.2585 0.000166 5.17e-05 0.0004274 -1 0.000984 -0.111 -1.383 -1.816 -1.885
0.00097797 -1.2 10.07918 0.8219311833 2.426159534 0.748 1.989 3.7144 2.133 4 0 0.518 0 0 0 0 0 -1 -1e-30 0 0.7405 0.2585 0.000166 5.17e-05 0.0004274 -1 0.000984 -0.202 -1.491 -1.936 -2.006
0.00097797 -1.2 10.07918 0.8219327927 2.426160063 0.748 2.021 3.7108 2.086 4 0 0.518 0 0 0 0 0 -1 -1e-30 0 0.7405 0.2585 0.000166 5.17e-05 0.0004274 -1 0.000984 -0.284 -1.588 -2.042 -2.114
0.00097797 -1.2 10.07918 0.8219336867 2.426160356 0.748 2.046 3.7081 2.05 7 0 0.518 0 0 0 0 0 -1 -9.78e-10 0 0.7405 0.2569 0.000166 5.17e-05 0.0004274 -1 0.002584 -0.346 -1.661 -2.122 -2.195
0.00097797 -1.2 10.07918 0.8219346404 2.42616067 0.748 2.085 3.7044 1.997 7 0 0.518 0 0 0 0 0 -1 -1.25e-09 0 0.7405 0.2569 0.000166 5.17e-05 0.0004274 -1 0.002584 -0.443 -1.772 -2.243 -2.318
0.00097797 -1.2 10.07918 0.8219355941 2.426160983 0.748 2.127 3.7005 1.939 7 0 0.518 0 0 0 0 0 -1 -1.58e-09 0 0.7405 0.2569 0.000166 5.17e-05 0.0004274 -1 0.002584 -0.547 -1.892 -2.374 -2.451
0.00097797 -1.2 10.07918 0.8219364285 2.426161257 0.748 2.165 3.697 1.887 7 0 0.518 0 0 0 0 0 -1 -1.98e-09 0 0.7405 0.2569 0.000166 5.17e-05 0.0004274 -1 0.002584 -0.643 -2.003 -2.495 -2.573
0.00097797 -1.2 10.07918 0.8219373226 2.426161551 0.748 2.202 3.6937 1.837 7 0 0.518 0 0 0 0 0 -1 -2.45e-09 0 0.7405 0.2569 0.000166 5.17e-05 0.0004274 -1 0.002584 -0.735 -2.107 -2.609 -2.688
0.00097797 -1.2 10.07918 0.8219387531 2.426162021 0.748 2.242 3.6902 1.783 7 0 0.518 0 0 0 0 0 -1 -3.09e-09 0 0.7405 0.2569 0.000166 5.17e-05 0.0004274 -1 0.002584 -0.834 -2.22 -2.732 -2.813
0.00097797 -1.2 10.07918 0.8219413161 2.426162864 0.748 2.202 3.6938 1.837 7 0 0.518 0 0 0 0 0 -1 -2.42e-09 0 0.7405 0.2569 0.000166 5.17e-05 0.0004274 -1 0.002584 -0.735 -2.107 -2.608 -2.688
0.00097797 -1.2 10.07918 0.8219453692 2.426164196 0.747 2.162 3.6974 1.891 7 0 0.518 0 0 0 0 0 -1 -1.93e-09 0 0.7405 0.2569 0.000166 5.17e-05 0.0004274 -1 0.002584 -0.634 -1.992 -2.482 -2.561
0.00097797 -1.2 10.07918 0.82197088 2.426172579 0.745 2.161 3.6973 1.891 7 0 0.518 0 0 0 0 0 -1 -1.93e-09 0 0.7405 0.2569 0.000166 5.17e-05 0.0004274 -1 0.002584 -0.632 -1.99 -2.481 -2.559
0.00097797 -1.2 10.07918 0.8219892383 2.426178611 0.743 2.202 3.6935 1.833 7 0 0.518 0 0 0 0 0 -1 -2.48e-09 0 0.7405 0.2569 0.000166 5.17e-05 0.0004274 -1 0.002584 -0.734 -2.107 -2.609 -2.689
0.00097797 -1.2 10.07918 0.822008729 2.426185015 0.741 2.242 3.69 1.778 7 0 0.518 0 0 0 0 0 -1 -3.21e-09 0 0.7405 0.2569 0.000166 5.17e-05 0.0004274 -1 0.002584 -0.835 -2.222 -2.734 -2.816
0.00097797 -1.2 10.07918 0.8220276833 2.426191242 0.738 2.284 3.6863 1.719 7 0 0.518 0 0 0 0 0 -1 -4.07e-09 0 0.7405 0.2569 0.000166 5.17e-05 0.0004274 -1 0.002584 -0.941 -2.341 -2.867 -2.95
0.00097797 -1.2 10.07918 0.822044313 2.426196706 0.734 2.326 3.6827 1.661 7 0 0.518 0 0 0 0 0 -1 -5.25e-09 0 0.7405 0.2569 0.000166 5.17e-05 0.0004274 -1 0.002584 -1.044 -2.46 -2.996 -3.079
0.00097797 -1.2 10.07918 0.8220589757 2.426201523 0.73 2.367 3.6792 1.603 7 0 0.518 0 0 0 0 0 -1 -6.76e-09 0 0.7405 0.2569 0.000166 5.17e-05 0.0004274 -1 0.002583 -1.148 -2.579 -3.123 -3.208
0.00097797 -1.2 10.07918 0.8220717907 2.426205733 0.725 2.408 3.6757 1.545 7 0 0.518 0 0 0 0 0 -1 -8.71e-09 0 0.7405 0.257 0.0001659 5.17e-05 0.0004274 -1 0.002487 -1.251 -2.696 -3.25 -3.336
0.00097797 -1.2 10.07918 0.8220831156 2.426209453 0.72 2.449 3.6722 1.487 7 0 0.518 0 0 0 0 0 -1 -1.12e-08 0 0.7405 0.257 0.0001659 5.172e-05 0.0004274 -1 0.002483 -1.353 -2.813 -3.376 -3.462
0.00097797 -1.2 10.07918 0.8220931888 2.426212761 0.714 2.49 3.6688 1.429 7 0 0.517 0 0 0 0 0 -1 -1.44e-08 0 0.7405 0.257 0.0001657 5.18e-05 0.0004274 -1 0.002481 -1.456 -2.93 -3.5 -3.588
0.00097797 -1.2 10.07918 0.8221023679 2.426215777 0.707 2.531 3.6653 1.37 7 0 0.514 8.49 6.55 4.6 3.58 2.89 3 -1.86e-08 0 0.7405 0.2571 0.0001649 5.224e-05 0.0004274 -1 0.002386 -1.558 -3.046 -3.625 -3.714
0.00097797 -1.2 10.07918 0.8221107721 2.426218537 0.699 2.572 3.6617 1.31 7 0 0.509 9.61 7.27 5.09 3.97 3.21 2 -2.39e-08 0 0.7405 0.2571 0.000163 5.398e-05 0.0004274 -1 0.002381 -1.659 -3.162 -3.749 -3.84
0.00097797 -1.2 10.07918 0.822116673 2.426220475 0.692 2.602 3.6529 1.24 7 0 0.502 11.13 8.24 5.72 4.47 3.62 2 -3e-08 0 0.7405 0.2571 0.000161 5.631e-05 0.0004274 -1 0.00238 -1.735 -3.266 -3.88 -3.977
0.00097797 -1.2 10.07918 0.8221240044 2.426222883 0.681 2.642 3.649 1.176 7 0 0.493 12.69 9.2 6.36 4.98 4.03 2 -3.87e-08 0 0.7405 0.2572 0.0001579 6.002e-05 0.0004274 -1 0.002284 -1.836 -3.379 -4.006 -4.106
0.00097797 -1.2 10.07918 0.8221309781 2.426225174 0.666 2.683 3.6458 1.114 7 0 0.484 14.42 10.24 7.04 5.53 4.47 2 -5.1e-08 0 0.7405 0.2572 0.000155 6.35e-05 0.0004274 -1 0.002284 -1.937 -3.489 -4.127 -4.23
0.00097797 -1.2 10.07918 0.8221376538 2.426227367 0.648 2.723 3.6426 1.049 7 0 0.476 16.46 11.44 7.82 6.16 4.98 2 -6.88e-08 0 0.7404 0.2573 0.0001526 6.65e-05 0.0004274 -1 0.002283 -2.038 -3.599 -4.247 -4.353
0.00097797 -1.2 10.07918 0.8221442103 2.42622952 0.623 2.763 3.6396 0.98 7 0 0.469 18.92 12.83 8.72 6.89 5.57 1 -9.49e-08 0 0.7404 0.2573 0.0001505 6.911e-05 0.0004274 -1 0.002282 -2.139 -3.71 -4.367 -4.476
0.00097797 -1.2 10.07918 0.8221501708 2.426231478 0.592 2.804 3.6382 0.911 7 0 0.464 21.67 14.34 9.69 7.68 6.21 1 -1.37e-07 0 0.7404 0.2574 0.0001487 7.134e-05 0.0004274 -1 0.002187 -2.241 -3.819 -4.479 -4.589
0.00097797 -1.2 10.07918 0.8221556544 2.426233279 0.551 2.845 3.6421 0.855 7 0 0.458 24.09 15.58 10.47 8.33 6.74 1 -2.06e-07 0 0.7403 0.2575 0.0001469 7.341e-05 0.0004273 -1 0.002189 -2.342 -3.915 -4.559 -4.666
0.00097797 -1.2 10.07918 0.8221582174 2.42623412 0.51 2.866 3.6563 0.857 7 0 0.455 23.58 15.21 10.22 8.15 6.59 1 -2.54e-07 0 0.7403 0.2575 0.0001458 7.486e-05 0.0004273 -1 0.002183 -2.396 -3.935 -4.528 -4.623
0.00097797 -1.2 10.07918 1.094791055 2.490799608 0.546 -9.999 3.5838 7.958 9 0.546 0 0 0 0 0 0 -1 -1e-30 0 0.7277 0.2713 0.0001325 0.0001048 0.000432 -1 0.0009275 29.767 28.044 27.532 27.368
