# component component_index family logAge MH Zini Mini Mass radius_rsun Teff_K logg Vmag Imag Jmag_2mass Hmag_2mass Ksmag_2mass
NSD 9 NSD 9.84509804 0.25 0.025095 0.0955969095 0.095 0.1329696865 2302.501915 5.168 17.882 13.642 10.989 10.4 10.104
NSD 9 NSD 9.84509804 0.25 0.025095 0.1055120975 0.105 0.1437979335 2399.937877 5.141 17.519 13.292 10.639 10.051 9.753
NSD 9 NSD 9.84509804 0.25 0.025095 0.1253425032 0.125 0.1647223938 2550.938568 5.099 16.94 12.733 10.081 9.495 9.194
NSD 9 NSD 9.84509804 0.25 0.025095 0.145172894 0.145 0.1838030208 2663.176807 5.068 16.226 12.189 9.674 9.092 8.792
NSD 9 NSD 9.84509804 0.25 0.025095 0.1650032997 0.165 0.2015360047 2747.2615 5.043 15.455 11.668 9.368 8.788 8.493
NSD 9 NSD 9.84509804 0.25 0.025095 0.2046640813 0.204 0.2355877177 2874.087594 5.001 14.353 10.905 8.878 8.299 8.015
NSD 9 NSD 9.84509804 0.25 0.025095 0.2542400956 0.254 0.2765366165 2979.888403 4.957 13.456 10.253 8.407 7.826 7.553
NSD 9 NSD 9.84509804 0.25 0.025095 0.3086001873 0.308 0.3210351937 3071.142726 4.911 12.698 9.696 7.984 7.399 7.137
NSD 9 NSD 9.84509804 0.25 0.025095 0.3353772759 0.335 0.3443123851 3108.85166 4.887 12.383 9.455 7.791 7.203 6.945
NSD 9 NSD 9.84509804 0.25 0.025095 0.3533920944 0.353 0.3604563202 3132.564342 4.87 12.191 9.303 7.667 7.076 6.822
NSD 9 NSD 9.84509804 0.25 0.025095 0.4029681087 0.403 0.4018395186 3215.881224 4.832 11.642 8.89 7.342 6.742 6.497
NSD 9 NSD 9.84509804 0.25 0.025095 0.4033272862 0.403 0.4021171954 3216.621793 4.832 11.638 8.887 7.34 6.739 6.495
NSD 9 NSD 9.84509804 0.25 0.025095 0.4525440931 0.452 0.4475614218 3310.548845 4.789 11.075 8.47 7.014 6.4 6.164
NSD 9 NSD 9.84509804 0.25 0.025095 0.502120018 0.502 0.4977974239 3418.219914 4.742 10.521 8.047 6.68 6.049 5.821
NSD 9 NSD 9.84509804 0.25 0.025095 0.5464501381 0.546 0.5469563199 3540.788614 4.696 9.969 7.637 6.36 5.711 5.492
NSD 9 NSD 9.84509804 0.25 0.025095 0.5516960621 0.551 0.55341719 3554.67582 4.691 9.906 7.591 6.323 5.673 5.455
NSD 9 NSD 9.84509804 0.25 0.025095 0.5538143516 0.553 0.5553319299 3562.870194 4.689 9.874 7.57 6.308 5.657 5.439
NSD 9 NSD 9.84509804 0.25 0.025095 0.601271987 0.601 0.6016620856 3740.24456 4.656 9.208 7.127 5.986 5.313 5.113
NSD 9 NSD 9.84509804 0.25 0.025095 0.650848031 0.651 0.6409920525 3984.740097 4.635 8.481 6.664 5.645 4.959 4.793
NSD 9 NSD 9.84509804 0.25 0.025095 0.7004240751 0.7 0.6755424504 4260.886836 4.621 7.786 6.227 5.312 4.644 4.515
NSD 9 NSD 9.84509804 0.25 0.025095 0.7061772943 0.706 0.6786606127 4300.312336 4.621 7.699 6.175 5.274 4.612 4.488
NSD 9 NSD 9.84509804 0.25 0.025095 0.75 0.75 0.7010558939 4599.387494 4.619 7.073 5.79 4.995 4.408 4.308
NSD 9 NSD 9.84509804 0.25 0.025095 0.7876986265 0.787 0.7402060746 4768.699981 4.593 6.68 5.507 4.769 4.236 4.144
NSD 9 NSD 9.84509804 0.25 0.025095 0.8000000119 0.8 0.7530999952 4823.918924 4.585 6.558 5.418 4.698 4.18 4.091
NSD 9 NSD 9.84509804 0.25 0.025095 0.8022063971 0.802 0.7551837649 4833.926025 4.583 6.536 5.401 4.684 4.17 4.081
NSD 9 NSD 9.84509804 0.25 0.025095 0.8334408998 0.833 0.7893191597 4979.663542 4.561 6.232 5.175 4.501 4.026 3.944
NSD 9 NSD 9.84509804 0.25 0.025095 0.8500000238 0.849 0.8091939831 5055.917748 4.549 6.077 5.057 4.406 3.95 3.871
NSD 9 NSD 9.84509804 0.25 0.025095 0.8743642569 0.874 0.8407224504 5164.163693 4.528 5.856 4.884 4.264 3.835 3.76
NSD 9 NSD 9.84509804 0.25 0.025095 0.8993965983 0.899 0.8744855646 5274.727157 4.505 5.636 4.709 4.118 3.715 3.644
NSD 9 NSD 9.84509804 0.25 0.025095 0.8999999762 0.899 0.875694546 5277.156818 4.505 5.63 4.705 4.115 3.712 3.641
NSD 9 NSD 9.84509804 0.25 0.025095 0.9205154181 0.92 0.9079305822 5361.669006 4.483 5.455 4.562 3.994 3.61 3.542
NSD 9 NSD 9.84509804 0.25 0.025095 0.9350830913 0.934 0.9320788316 5421.257051 4.467 5.333 4.461 3.908 3.535 3.47
NSD 9 NSD 9.84509804 0.25 0.025095 0.9494526982 0.949 0.9570897052 5477.722157 4.45 5.213 4.362 3.823 3.462 3.399
NSD 9 NSD 9.84509804 0.25 0.025095 0.9500000477 0.949 0.9584128873 5480.245322 4.45 5.209 4.359 3.819 3.459 3.396
NSD 9 NSD 9.84509804 0.25 0.025095 0.962040484 0.961 0.9823192275 5523.317389 4.434 5.11 4.276 3.746 3.394 3.333
NSD 9 NSD 9.84509804 0.25 0.025095 0.9745793939 0.974 1.007517608 5568.009916 4.417 5.008 4.19 3.671 3.326 3.268
NSD 9 NSD 9.84509804 0.25 0.025095 0.9862320423 0.986 1.033362375 5606.605516 4.401 4.913 4.11 3.599 3.262 3.205
NSD 9 NSD 9.84509804 0.25 0.025095 0.9977447391 0.997 1.059138231 5644.168882 4.384 4.821 4.031 3.528 3.198 3.143
NSD 9 NSD 9.84509804 0.25 0.025095 1 1 1.065252703 5650.670713 4.381 4.804 4.015 3.514 3.186 3.13
NSD 9 NSD 9.84509804 0.25 0.025095 1.009790778 1.009 1.090316652 5679.367868 4.365 4.726 3.948 3.453 3.129 3.075
NSD 9 NSD 9.84509804 0.25 0.025095 1.020653367 1.02 1.118542898 5708.210762 4.346 4.642 3.873 3.384 3.065 3.012
NSD 9 NSD 9.84509804 0.25 0.025095 1.03147769 1.031 1.148292808 5731.918412 4.328 4.56 3.8 3.316 3.002 2.95
NSD 9 NSD 9.84509804 0.25 0.025095 1.041836739 1.041 1.179105445 5751.749985 4.309 4.484 3.731 3.251 2.94 2.889
NSD 9 NSD 9.84509804 0.25 0.025095 1.049999952 1.049 1.206014821 5766.336733 4.294 4.423 3.674 3.197 2.889 2.838
NSD 9 NSD 9.84509804 0.25 0.025095 1.065973997 1.065 1.264598449 5795.621302 4.259 4.293 3.554 3.083 2.78 2.73
NSD 9 NSD 9.84509804 0.25 0.025095 1.070689559 1.07 1.282486035 5804.970272 4.249 4.254 3.518 3.048 2.746 2.697
NSD 9 NSD 9.84509804 0.25 0.025095 1.082547307 1.081 1.334604684 5819.69199 4.219 4.154 3.423 2.957 2.657 2.609
NSD 9 NSD 9.84509804 0.25 0.025095 1.094849467 1.093 1.394609582 5829.079789 4.186 4.049 3.322 2.857 2.559 2.511
NSD 9 NSD 9.84509804 0.25 0.025095 1.100000024 1.099 1.423156448 5830.422138 4.17 4.004 3.278 2.813 2.515 2.467
NSD 9 NSD 9.84509804 0.25 0.025095 1.103123665 1.102 1.44129422 5830.422138 4.16 3.976 3.25 2.785 2.488 2.439
NSD 9 NSD 9.84509804 0.25 0.025095 1.113268733 1.112 1.505749213 5823.713479 4.126 3.886 3.159 2.692 2.394 2.345
NSD 9 NSD 9.84509804 0.25 0.025095 1.116366982 1.115 1.527047846 5819.69199 4.115 3.859 3.13 2.663 2.364 2.315
NSD 9 NSD 9.84509804 0.25 0.025095 1.119256258 1.118 1.550074761 5812.995677 4.103 3.833 3.102 2.634 2.334 2.284
NSD 9 NSD 9.84509804 0.25 0.025095 1.126973033 1.125 1.61455426 5791.619211 4.071 3.765 3.028 2.555 2.251 2.201
NSD 9 NSD 9.84509804 0.25 0.025095 1.135060191 1.133 1.693373054 5750.425748 4.032 3.698 2.949 2.467 2.156 2.104
NSD 9 NSD 9.84509804 0.25 0.025095 1.143507361 1.142 1.799503289 5662.39289 3.982 3.65 2.872 2.371 2.045 1.99
NSD 9 NSD 9.84509804 0.25 0.025095 1.149999976 1.148 1.900870999 5547.53435 3.937 3.646 2.831 2.304 1.954 1.895
NSD 9 NSD 9.84509804 0.25 0.025095 1.150893211 1.149 1.917134775 5527.134079 3.93 3.648 2.827 2.294 1.941 1.881
NSD 9 NSD 9.84509804 0.25 0.025095 1.154247046 1.153 1.993667113 5388.898454 3.898 3.71 2.842 2.276 1.894 1.828
NSD 9 NSD 9.84509804 0.25 0.025095 1.156393528 1.155 2.056613323 5266.232149 3.872 3.78 2.869 2.27 1.862 1.792
NSD 9 NSD 9.84509804 0.25 0.025095 1.157750368 1.156 2.107912818 5180.837851 3.851 3.826 2.884 2.262 1.834 1.76
NSD 9 NSD 9.84509804 0.25 0.025095 1.158736348 1.157 2.15254701 5117.996682 3.833 3.856 2.89 2.25 1.807 1.73
NSD 9 NSD 9.84509804 0.25 0.025095 1.15969944 1.158 2.211325351 5064.073495 3.81 3.866 2.878 2.222 1.766 1.687
NSD 9 NSD 9.84509804 0.25 0.025095 1.160877466 1.159 2.291145367 5003.800659 3.779 3.865 2.852 2.178 1.707 1.625
NSD 9 NSD 9.84509804 0.25 0.025095 1.162403107 1.161 2.424111796 4946.522627 3.731 3.819 2.781 2.09 1.604 1.519
NSD 9 NSD 9.84509804 0.25 0.025095 1.162567973 1.161 2.440914936 4940.831009 3.725 3.813 2.773 2.08 1.592 1.507
NSD 9 NSD 9.84509804 0.25 0.025095 1.163058162 1.161 2.490305598 4928.332492 3.708 3.785 2.74 2.043 1.552 1.467
NSD 9 NSD 9.84509804 0.25 0.025095 1.164534688 1.163 2.654927371 4895.533198 3.653 3.69 2.632 1.924 1.425 1.338
NSD 9 NSD 9.84509804 0.25 0.025095 1.166009903 1.164 2.837609601 4870.796665 3.595 3.577 2.509 1.793 1.287 1.199
NSD 9 NSD 9.84509804 0.25 0.025095 1.167431951 1.166 3.043355211 4851.767712 3.535 3.452 2.377 1.655 1.143 1.054
NSD 9 NSD 9.84509804 0.25 0.025095 1.168488741 1.167 3.215530585 4838.380287 3.488 3.351 2.271 1.544 1.028 0.938
NSD 9 NSD 9.84509804 0.25 0.025095 1.169716239 1.168 3.445503099 4821.697939 3.428 3.223 2.136 1.403 0.883 0.792
NSD 9 NSD 9.84509804 0.25 0.025095 1.170588851 1.169 3.636240879 4808.393484 3.382 3.125 2.033 1.295 0.771 0.68
NSD 9 NSD 9.84509804 0.25 0.025095 1.171396017 1.17 3.834887648 4794.021749 3.336 3.029 1.93 1.188 0.661 0.568
NSD 9 NSD 9.84509804 0.25 0.025095 1.172346473 1.171 4.106318624 4776.392415 3.277 2.905 1.798 1.049 0.518 0.424
NSD 9 NSD 9.84509804 0.25 0.025095 1.173020244 1.171 4.334636113 4759.923797 3.23 2.811 1.697 0.942 0.406 0.311
NSD 9 NSD 9.84509804 0.25 0.025095 1.173812509 1.172 4.647855792 4739.145036 3.17 2.69 1.566 0.804 0.263 0.166
NSD 9 NSD 9.84509804 0.25 0.025095 1.174520373 1.173 4.980267209 4717.370643 3.11 2.572 1.438 0.668 0.12 0.023
NSD 9 NSD 9.84509804 0.25 0.025095 1.175140381 1.173 5.32417896 4695.696293 3.052 2.459 1.315 0.536 -0.018 -0.117
NSD 9 NSD 9.84509804 0.25 0.025095 1.175723195 1.174 5.710217423 4671.969512 2.991 2.342 1.186 0.399 -0.162 -0.263
NSD 9 NSD 9.84509804 0.25 0.025095 1.176211953 1.174 6.096107893 4648.362619 2.935 2.235 1.068 0.272 -0.295 -0.398
NSD 9 NSD 9.84509804 0.25 0.025095 1.176576137 1.175 6.429136474 4629.136638 2.889 2.15 0.973 0.17 -0.402 -0.507
NSD 9 NSD 9.84509804 0.25 0.025095 1.176993847 1.175 6.874682489 4604.685784 2.831 2.044 0.854 0.042 -0.537 -0.644
NSD 9 NSD 9.84509804 0.25 0.025095 1.177388549 1.175 7.366355004 4578.255228 2.771 1.936 0.732 -0.09 -0.677 -0.785
NSD 9 NSD 9.84509804 0.25 0.025095 1.177735686 1.176 7.865976504 4551.976381 2.714 1.834 0.617 -0.215 -0.809 -0.92
NSD 9 NSD 9.84509804 0.25 0.025095 1.178069234 1.176 8.409160562 4525.848374 2.656 1.732 0.499 -0.343 -0.945 -1.058
NSD 9 NSD 9.84509804 0.25 0.025095 1.178389907 1.176 8.979510132 4499.870339 2.6 1.634 0.387 -0.464 -1.075 -1.19
NSD 9 NSD 9.84509804 0.25 0.025095 1.178823352 1.176 9.535701437 4476.102262 2.547 1.541 0.281 -0.58 -1.198 -1.315
NSD 9 NSD 9.84509804 0.25 0.025095 1.179089069 1.176 9.048001103 4500.906591 2.593 1.614 0.368 -0.483 -1.093 -1.209
NSD 9 NSD 9.84509804 0.25 0.025095 1.179257274 1.177 8.599092979 4524.806379 2.637 1.685 0.453 -0.389 -0.992 -1.106
NSD 9 NSD 9.84509804 0.25 0.025095 1.17929554 1.177 8.684656483 4520.640796 2.628 1.67 0.435 -0.408 -1.012 -1.126
NSD 9 NSD 9.84509804 0.25 0.025095 1.17954874 1.177 9.297210089 4491.588901 2.569 1.569 0.319 -0.536 -1.148 -1.265
NSD 9 NSD 9.84509804 0.25 0.025095 1.179804683 1.177 9.948386393 4463.751406 2.51 1.469 0.203 -0.663 -1.284 -1.402
NSD 9 NSD 9.84509804 0.25 0.025095 1.180039883 1.177 10.63292241 4436.086439 2.453 1.375 0.089 -0.787 -1.416 -1.538
NSD 9 NSD 9.84509804 0.25 0.025095 1.180262208 1.177 11.388136 4406.563167 2.393 1.279 -0.027 -0.915 -1.551 -1.676
NSD 9 NSD 9.84509804 0.25 0.025095 1.180458426 1.177 12.16333435 4378.244391 2.336 1.188 -0.138 -1.037 -1.681 -1.81
NSD 9 NSD 9.84509804 0.25 0.025095 1.180644631 1.177 13.01225738 4349.106072 2.278 1.095 -0.252 -1.163 -1.815 -1.947
NSD 9 NSD 9.84509804 0.25 0.025095 1.180810094 1.177 13.88841371 4320.161676 2.221 1.007 -0.362 -1.285 -1.945 -2.08
NSD 9 NSD 9.84509804 0.25 0.025095 1.180963874 1.177 14.8406405 4291.409912 2.163 0.92 -0.471 -1.407 -2.075 -2.214
NSD 9 NSD 9.84509804 0.25 0.025095 1.181104422 1.177 15.84720386 4261.868054 2.106 0.833 -0.58 -1.528 -2.204 -2.347
NSD 9 NSD 9.84509804 0.25 0.025095 1.181230903 1.177 16.92203718 4232.529561 2.049 0.752 -0.687 -1.647 -2.331 -2.478
NSD 9 NSD 9.84509804 0.25 0.025095 1.181348562 1.177 18.06977084 4203.393032 1.992 0.669 -0.794 -1.767 -2.459 -2.609
NSD 9 NSD 9.84509804 0.25 0.025095 1.181454539 1.177 19.28202514 4173.495985 1.936 0.585 -0.897 -1.883 -2.577 -2.735
NSD 9 NSD 9.84509804 0.25 0.025095 1.181552053 1.177 20.57560646 4143.811583 1.879 0.504 -0.999 -2 -2.696 -2.862
NSD 9 NSD 9.84509804 0.25 0.025095 1.181640387 1.177 21.95597082 4114.338314 1.823 0.426 -1.098 -2.115 -2.814 -2.987
NSD 9 NSD 9.84509804 0.25 0.025095 1.181722045 1.177 23.40198221 4085.074677 1.767 0.348 -1.197 -2.229 -2.931 -3.112
NSD 9 NSD 9.84509804 0.25 0.025095 1.181797862 1.176 24.95471676 4055.085354 1.711 0.273 -1.296 -2.344 -3.049 -3.238
NSD 9 NSD 9.84509804 0.25 0.025095 1.181865692 1.176 26.57985729 4025.31619 1.656 0.204 -1.39 -2.455 -3.164 -3.36
NSD 9 NSD 9.84509804 0.25 0.025095 1.181928754 1.176 28.34344562 3995.765566 1.601 0.134 -1.484 -2.567 -3.279 -3.483
NSD 9 NSD 9.84509804 0.25 0.025095 1.181987166 1.176 30.18927231 3966.431879 1.546 0.067 -1.577 -2.679 -3.394 -3.606
NSD 9 NSD 9.84509804 0.25 0.025095 1.182039738 1.175 32.14790267 3935.500755 1.492 0.01 -1.666 -2.788 -3.508 -3.728
NSD 9 NSD 9.84509804 0.25 0.025095 1.182088613 1.175 34.162736 3906.609483 1.438 -0.042 -1.759 -2.899 -3.627 -3.852
NSD 9 NSD 9.84509804 0.25 0.025095 1.182134271 1.174 36.42106532 3876.144867 1.383 -0.088 -1.851 -3.01 -3.746 -3.977
NSD 9 NSD 9.84509804 0.25 0.025095 1.18217504 1.174 38.69480344 3845.91782 1.33 -0.123 -1.938 -3.118 -3.862 -4.098
NSD 9 NSD 9.84509804 0.25 0.025095 1.182213306 1.173 41.09156149 3816.805242 1.277 -0.161 -2.026 -3.227 -3.978 -4.22
NSD 9 NSD 9.84509804 0.25 0.025095 1.182249069 1.173 43.72729826 3786.169041 1.223 -0.188 -2.112 -3.337 -4.095 -4.343
NSD 9 NSD 9.84509804 0.25 0.025095 1.182281017 1.172 46.4250783 3755.778747 1.171 -0.201 -2.192 -3.442 -4.208 -4.462
NSD 9 NSD 9.84509804 0.25 0.025095 1.182310462 1.172 49.26660603 3726.490342 1.119 -0.214 -2.27 -3.546 -4.319 -4.579
NSD 9 NSD 9.84509804 0.25 0.025095 1.182338595 1.171 52.33023016 3695.727997 1.067 -0.214 -2.346 -3.652 -4.432 -4.697
NSD 9 NSD 9.84509804 0.25 0.025095 1.182364702 1.17 55.49484527 3666.063642 1.015 -0.205 -2.419 -3.757 -4.544 -4.815
NSD 9 NSD 9.84509804 0.25 0.025095 1.182394028 1.169 59.73827047 3628.273359 0.951 -0.183 -2.504 -3.884 -4.68 -4.958
NSD 9 NSD 9.84509804 0.25 0.025095 1.182421446 1.168 64.26176429 3590.04589 0.887 -0.131 -2.578 -4.013 -4.815 -5.102
NSD 9 NSD 9.84509804 0.25 0.025095 1.182446122 1.167 69.01645447 3553.039208 0.825 -0.077 -2.649 -4.138 -4.948 -5.243
NSD 9 NSD 9.84509804 0.25 0.025095 1.182468653 1.166 73.95246334 3516.413996 0.764 0.007 -2.702 -4.26 -5.076 -5.38
NSD 9 NSD 9.84509804 0.25 0.025095 1.182489872 1.164 79.40587666 3478.564015 0.702 0.098 -2.754 -4.382 -5.206 -5.519
NSD 9 NSD 9.84509804 0.25 0.025095 1.182509303 1.163 85.08492979 3442.706504 0.641 0.208 -2.788 -4.502 -5.332 -5.654
NSD 9 NSD 9.84509804 0.25 0.025095 1.182527185 1.161 91.1071885 3406.434166 0.581 0.333 -2.812 -4.62 -5.455 -5.787
NSD 9 NSD 9.84509804 0.25 0.025095 1.182543874 1.159 97.48833313 3369.767986 0.521 0.478 -2.818 -4.736 -5.577 -5.919
NSD 9 NSD 9.84509804 0.25 0.025095 1.182559133 1.157 104.1004591 3335.031959 0.463 0.644 -2.805 -4.849 -5.695 -6.047
NSD 9 NSD 9.84509804 0.25 0.025095 1.182573438 1.155 111.2634814 3299.134338 0.405 0.832 -2.777 -4.962 -5.813 -6.176
NSD 9 NSD 9.84509804 0.25 0.025095 1.182587028 1.152 118.9741594 3262.871721 0.346 1.063 -2.719 -5.074 -5.931 -6.304
NSD 9 NSD 9.84509804 0.25 0.025095 1.182599544 1.149 127.0143075 3227.750819 0.288 1.294 -2.656 -5.182 -6.046 -6.429
NSD 9 NSD 9.84509804 0.25 0.025095 1.182610989 1.146 135.2859342 3193.007951 0.231 1.47 -2.605 -5.287 -6.157 -6.549
NSD 9 NSD 9.84509804 0.25 0.025095 1.182621837 1.143 144.2290174 3157.184776 0.175 1.652 -2.546 -5.391 -6.267 -6.668
NSD 9 NSD 9.84509804 0.25 0.025095 1.182632089 1.139 153.6924893 3122.482406 0.119 1.812 -2.476 -5.491 -6.375 -6.786
NSD 9 NSD 9.84509804 0.25 0.025095 1.182641745 1.135 163.5131348 3088.872627 0.064 1.966 -2.407 -5.59 -6.482 -6.903
NSD 9 NSD 9.84509804 0.25 0.025095 1.182650804 1.131 173.6411466 3054.921113 0.009 2.005 -2.389 -5.684 -6.586 -7.014
NSD 9 NSD 9.84509804 0.25 0.025095 1.182659745 1.126 183.5492629 3024.823232 -0.04 2.04 -2.374 -5.771 -6.679 -7.114
NSD 9 NSD 9.84509804 0.25 0.025095 1.182659745 1.126 183.5492629 3024.823232 -0.04 1.071 -0.147 -5.771 -6.679 -7.114
NSD 9 NSD 9.84509804 0.25 0.025095 1.182811737 1.126 11.45388042 4530.018754 2.369 1.048 -0.175 -1.018 -1.613 -1.73
NSD 9 NSD 9.84509804 0.25 0.025095 1.182959199 1.126 11.49350912 4530.018754 2.366 1.042 -0.182 -1.025 -1.62 -1.737
NSD 9 NSD 9.84509804 0.25 0.025095 1.183107019 1.127 11.45124337 4533.149061 2.369 1.043 -0.179 -1.021 -1.615 -1.731
NSD 9 NSD 9.84509804 0.25 0.025095 1.183255434 1.127 11.39862969 4538.371048 2.374 1.046 -0.173 -1.013 -1.606 -1.721
NSD 9 NSD 9.84509804 0.25 0.025095 1.18340683 1.127 11.33842273 4542.552967 2.379 1.05 -0.166 -1.005 -1.596 -1.711
NSD 9 NSD 9.84509804 0.25 0.025095 1.183558703 1.127 11.27334102 4547.785786 2.383 1.053 -0.16 -0.996 -1.586 -1.701
NSD 9 NSD 9.84509804 0.25 0.025095 1.183705807 1.127 11.21379584 4551.976381 2.388 1.056 -0.154 -0.989 -1.577 -1.692
NSD 9 NSD 9.84509804 0.25 0.025095 1.183851004 1.127 11.16741472 4556.170838 2.392 1.059 -0.148 -0.982 -1.569 -1.683
NSD 9 NSD 9.84509804 0.25 0.025095 1.183991075 1.128 11.12122545 4560.36916 2.396 1.062 -0.143 -0.975 -1.561 -1.675
NSD 9 NSD 9.84509804 0.25 0.025095 1.184141993 1.128 11.07522722 4564.57135 2.399 1.064 -0.138 -0.969 -1.554 -1.667
NSD 9 NSD 9.84509804 0.25 0.025095 1.184293032 1.128 11.03449964 4567.725533 2.402 1.066 -0.134 -0.963 -1.547 -1.66
NSD 9 NSD 9.84509804 0.25 0.025095 1.184431434 1.128 10.98886011 4571.934502 2.405 1.067 -0.131 -0.959 -1.542 -1.655
NSD 9 NSD 9.84509804 0.25 0.025095 1.184581518 1.128 10.96611118 4574.04044 2.408 1.068 -0.128 -0.955 -1.537 -1.649
NSD 9 NSD 9.84509804 0.25 0.025095 1.184634328 1.128 10.96106227 4575.093773 2.408 1.069 -0.127 -0.954 -1.535 -1.648
NSD 9 NSD 9.84509804 0.25 0.025095 1.184721589 1.128 10.93837089 4577.201167 2.41 1.069 -0.126 -0.952 -1.533 -1.645
NSD 9 NSD 9.84509804 0.25 0.025095 1.184870362 1.129 10.91572648 4579.309532 2.412 1.07 -0.124 -0.949 -1.529 -1.642
NSD 9 NSD 9.84509804 0.25 0.025095 1.185014844 1.129 10.90567735 4581.418867 2.413 1.07 -0.122 -0.947 -1.527 -1.639
NSD 9 NSD 9.84509804 0.25 0.025095 1.185167193 1.129 10.88310063 4583.529174 2.414 1.069 -0.122 -0.945 -1.525 -1.637
NSD 9 NSD 9.84509804 0.25 0.025095 1.185312748 1.129 10.87808993 4584.584692 2.415 1.068 -0.122 -0.945 -1.524 -1.636
NSD 9 NSD 9.84509804 0.25 0.025095 1.185458303 1.129 10.88560684 4585.640454 2.415 1.067 -0.123 -0.946 -1.525 -1.636
NSD 9 NSD 9.84509804 0.25 0.025095 1.18560946 1.129 10.89312895 4586.696458 2.414 1.064 -0.125 -0.948 -1.526 -1.638
NSD 9 NSD 9.84509804 0.25 0.025095 1.18567586 1.13 10.89312895 4586.696458 2.414 1.063 -0.126 -0.949 -1.528 -1.639
NSD 9 NSD 9.84509804 0.25 0.025095 1.185762405 1.13 10.91070076 4585.640454 2.413 1.061 -0.129 -0.952 -1.53 -1.642
NSD 9 NSD 9.84509804 0.25 0.025095 1.185910344 1.13 10.93585252 4585.640454 2.411 1.057 -0.133 -0.957 -1.535 -1.647
NSD 9 NSD 9.84509804 0.25 0.025095 1.186053634 1.13 10.97116243 4583.529174 2.408 1.052 -0.139 -0.963 -1.542 -1.654
NSD 9 NSD 9.84509804 0.25 0.025095 1.186195493 1.13 11.01926544 4581.418867 2.404 1.045 -0.147 -0.971 -1.551 -1.663
NSD 9 NSD 9.84509804 0.25 0.025095 1.186337352 1.13 11.08032872 4579.309532 2.399 1.038 -0.156 -0.982 -1.562 -1.675
NSD 9 NSD 9.84509804 0.25 0.025095 1.186478853 1.13 11.16484363 4575.093773 2.393 1.028 -0.168 -0.995 -1.576 -1.689
NSD 9 NSD 9.84509804 0.25 0.025095 1.186621189 1.131 11.26815065 4569.829533 2.386 1.017 -0.181 -1.01 -1.593 -1.706
NSD 9 NSD 9.84509804 0.25 0.025095 1.186764121 1.131 11.37241357 4564.57135 2.377 1.005 -0.197 -1.028 -1.612 -1.726
NSD 9 NSD 9.84509804 0.25 0.025095 1.186903834 1.131 11.52796488 4557.220056 2.366 0.989 -0.217 -1.051 -1.637 -1.752
NSD 9 NSD 9.84509804 0.25 0.025095 1.187046409 1.131 11.74769452 4545.691936 2.349 0.966 -0.248 -1.085 -1.675 -1.79
NSD 9 NSD 9.84509804 0.25 0.025095 1.187187076 1.131 12.07682143 4530.018754 2.325 0.933 -0.291 -1.135 -1.729 -1.846
NSD 9 NSD 9.84509804 0.25 0.025095 1.187327743 1.131 12.83667793 4493.657831 2.272 0.861 -0.385 -1.243 -1.846 -1.967
NSD 9 NSD 9.84509804 0.25 0.025095 1.187384963 1.132 13.57227482 4461.696246 2.223 0.795 -0.472 -1.342 -1.955 -2.078
NSD 9 NSD 9.84509804 0.25 0.025095 1.187418461 1.132 14.39635823 4427.922388 2.172 0.727 -0.563 -1.446 -2.068 -2.196
NSD 9 NSD 9.84509804 0.25 0.025095 1.187438011 1.132 15.29511141 4393.392456 2.12 0.657 -0.655 -1.552 -2.183 -2.315
NSD 9 NSD 9.84509804 0.25 0.025095 1.18744874 1.132 16.19021607 4362.144019 2.071 0.592 -0.742 -1.651 -2.292 -2.426
NSD 9 NSD 9.84509804 0.25 0.025095 1.187455654 1.132 17.17325604 4329.123745 2.019 0.526 -0.833 -1.756 -2.406 -2.544
NSD 9 NSD 9.84509804 0.25 0.025095 1.187459946 1.132 18.20759753 4297.342812 1.969 0.458 -0.922 -1.858 -2.514 -2.658
NSD 9 NSD 9.84509804 0.25 0.025095 1.187462926 1.132 19.27314749 4266.777537 1.919 0.391 -1.007 -1.957 -2.616 -2.767
NSD 9 NSD 9.84509804 0.25 0.025095 1.187464476 1.132 19.99643818 4247.173475 1.887 0.349 -1.062 -2.02 -2.682 -2.837
NSD 9 NSD 9.84509804 0.25 0.025095 1.187464833 1.132 20.19075899 4241.309839 1.878 0.337 -1.078 -2.038 -2.701 -2.857
NSD 9 NSD 9.84509804 0.25 0.025095 1.187467098 1.132 21.46607512 4209.204248 1.826 0.268 -1.168 -2.143 -2.81 -2.973
NSD 9 NSD 9.84509804 0.25 0.025095 1.187469482 1.132 22.84297397 4175.418393 1.771 0.195 -1.261 -2.252 -2.923 -3.093
NSD 9 NSD 9.84509804 0.25 0.025095 1.187475562 1.132 24.65770457 4136.185426 1.705 0.113 -1.372 -2.383 -3.059 -3.239
NSD 9 NSD 9.84509804 0.25 0.025095 1.187487721 1.132 22.64918843 4181.190933 1.779 0.204 -1.249 -2.238 -2.907 -3.077
NSD 9 NSD 9.84509804 0.25 0.025095 1.18753171 1.132 20.74687283 4227.659485 1.855 0.305 -1.118 -2.085 -2.749 -2.908
NSD 9 NSD 9.84509804 0.25 0.025095 1.187650204 1.132 21.30358262 4213.082854 1.832 0.275 -1.157 -2.131 -2.797 -2.959
NSD 9 NSD 9.84509804 0.25 0.025095 1.187725544 1.132 22.69617361 4179.265867 1.778 0.203 -1.251 -2.24 -2.91 -3.08
NSD 9 NSD 9.84509804 0.25 0.025095 1.187782168 1.132 24.14085485 4146.675015 1.724 0.135 -1.342 -2.347 -3.022 -3.199
NSD 9 NSD 9.84509804 0.25 0.025095 1.187829137 1.132 25.7189151 4113.391062 1.669 0.068 -1.433 -2.455 -3.134 -3.32
NSD 9 NSD 9.84509804 0.25 0.025095 1.187868714 1.132 27.36860394 4080.374267 1.614 0 -1.524 -2.564 -3.248 -3.441
NSD 9 NSD 9.84509804 0.25 0.025095 1.187902451 1.132 29.17108917 4046.690595 1.559 -0.063 -1.614 -2.673 -3.362 -3.563
NSD 9 NSD 9.84509804 0.25 0.025095 1.187931657 1.132 31.09228535 4013.284983 1.504 -0.125 -1.704 -2.782 -3.476 -3.686
NSD 9 NSD 9.84509804 0.25 0.025095 1.187957406 1.132 33.14001074 3980.155135 1.449 -0.181 -1.796 -2.893 -3.595 -3.811
NSD 9 NSD 9.84509804 0.25 0.025095 1.187980413 1.132 35.28195525 3947.298777 1.394 -0.227 -1.887 -3.003 -3.715 -3.937
NSD 9 NSD 9.84509804 0.25 0.025095 1.188001513 1.132 37.62293263 3913.812356 1.339 -0.271 -1.977 -3.114 -3.835 -4.062
NSD 9 NSD 9.84509804 0.25 0.025095 1.188021183 1.132 40.07307275 3880.610014 1.283 -0.312 -2.067 -3.225 -3.955 -4.188
NSD 9 NSD 9.84509804 0.25 0.025095 1.188039541 1.132 42.70243545 3846.803478 1.228 -0.343 -2.155 -3.337 -4.075 -4.315
NSD 9 NSD 9.84509804 0.25 0.025095 1.188056946 1.132 45.59871927 3811.535771 1.171 -0.373 -2.244 -3.449 -4.197 -4.443
NSD 9 NSD 9.84509804 0.25 0.025095 1.188073278 1.132 48.71387135 3775.721909 1.114 -0.386 -2.33 -3.564 -4.321 -4.574
NSD 9 NSD 9.84509804 0.25 0.025095 1.188088536 1.132 52.01787957 3741.105883 1.057 -0.393 -2.415 -3.678 -4.444 -4.703
NSD 9 NSD 9.84509804 0.25 0.025095 1.188103199 1.132 55.59716476 3705.100563 0.999 -0.391 -2.496 -3.792 -4.567 -4.833
NSD 9 NSD 9.84509804 0.25 0.025095 1.188117266 1.132 59.73827047 3666.063642 0.937 -0.364 -2.578 -3.916 -4.699 -4.974
NSD 9 NSD 9.84509804 0.25 0.025095 1.188128233 1.132 64.66252284 3622.429984 0.869 -0.324 -2.665 -4.053 -4.846 -5.128
NSD 9 NSD 9.84509804 0.25 0.025095 1.188135266 1.132 69.46285748 3582.613846 0.805 -0.258 -2.732 -4.178 -4.979 -5.271
NSD 9 NSD 9.84509804 0.25 0.025095 1.188140512 1.132 74.37939557 3544.867445 0.746 -0.19 -2.793 -4.295 -5.104 -5.403
NSD 9 NSD 9.84509804 0.25 0.025095 1.188145161 1.132 79.71731174 3505.903839 0.687 -0.089 -2.838 -4.412 -5.228 -5.537
NSD 9 NSD 9.84509804 0.25 0.025095 1.188149571 1.132 85.43830913 3467.368505 0.626 0.018 -2.882 -4.532 -5.355 -5.672
NSD 9 NSD 9.84509804 0.25 0.025095 1.188153744 1.132 91.65425778 3427.677865 0.565 0.159 -2.9 -4.65 -5.48 -5.808
NSD 9 NSD 9.84509804 0.25 0.025095 1.188157678 1.132 98.20930662 3388.441561 0.505 0.306 -2.917 -4.768 -5.605 -5.943
NSD 9 NSD 9.84509804 0.25 0.025095 1.188161492 1.132 104.7255488 3351.96905 0.449 0.484 -2.895 -4.876 -5.718 -6.066
NSD 9 NSD 9.84509804 0.25 0.025095 1.188165903 1.132 112.3188491 3312.07376 0.388 0.685 -2.87 -4.995 -5.842 -6.202
NSD 9 NSD 9.84509804 0.25 0.025095 1.188170671 1.132 120.2687078 3273.406949 0.329 0.942 -2.799 -5.106 -5.96 -6.332
NSD 9 NSD 9.84509804 0.25 0.025095 1.18817544 1.132 128.2190766 3236.681757 0.274 1.199 -2.725 -5.211 -6.072 -6.454
NSD 9 NSD 9.84509804 0.25 0.025095 1.188179731 1.132 135.7540031 3204.055277 0.224 1.368 -2.673 -5.305 -6.171 -6.562
NSD 9 NSD 9.84509804 0.25 0.025095 1.188180924 1.132 136.9155089 3199.631767 0.216 1.393 -2.666 -5.319 -6.186 -6.578
NSD 9 NSD 9.84509804 0.25 0.025095 1.188181162 1.132 135.7540031 3204.055277 0.224 1.368 -2.673 -5.305 -6.17 -6.561
NSD 9 NSD 9.84509804 0.25 0.025095 1.188181281 1.132 134.6023508 3208.484902 0.231 1.346 -2.68 -5.292 -6.157 -6.546
NSD 9 NSD 9.84509804 0.25 0.025095 1.18818152 1.132 136.4120215 3201.842758 0.22 1.383 -2.669 -5.313 -6.179 -6.57
NSD 9 NSD 9.84509804 0.25 0.025095 1.188181639 1.132 137.9280654 3195.214365 0.209 1.417 -2.658 -5.332 -6.2 -6.593
NSD 9 NSD 9.84509804 0.25 0.025095 1.188181877 1.132 139.9112526 3187.131627 0.198 1.455 -2.646 -5.353 -6.222 -6.617
NSD 9 NSD 9.84509804 0.25 0.025095 1.188182235 1.132 141.9229549 3179.069336 0.186 1.499 -2.631 -5.376 -6.246 -6.643
NSD 9 NSD 9.84509804 0.25 0.025095 1.188182592 1.132 144.3286817 3168.837727 0.17 1.559 -2.61 -5.405 -6.277 -6.677
NSD 9 NSD 9.84509804 0.25 0.025095 1.18818295 1.132 147.2490986 3157.184776 0.153 1.62 -2.586 -5.436 -6.311 -6.713
NSD 9 NSD 9.84509804 0.25 0.025095 1.188183665 1.132 151.6535723 3139.785648 0.127 1.702 -2.548 -5.482 -6.361 -6.768
NSD 9 NSD 9.84509804 0.25 0.025095 1.1881845 1.132 158.3626078 3115.300896 0.09 1.822 -2.491 -5.548 -6.434 -6.847
NSD 9 NSD 9.84509804 0.25 0.025095 1.188184619 1.095 172.8831412 3031.79617 -0.001 2.118 -2.284 -5.649 -6.557 -6.989
NSD 9 NSD 9.84509804 0.25 0.025095 1.188184619 1.095 172.8831412 3031.79617 -0.001 1.654 -2.315 -5.649 -6.557 -6.989
NSD 9 NSD 9.84509804 0.25 0.025095 1.188184738 1.095 91.38031375 3333.496473 0.553 0.932 -2.512 -4.563 -5.413 -5.762
NSD 9 NSD 9.84509804 0.25 0.025095 1.188184857 1.094 67.97553664 3514.795001 0.809 0.202 -2.513 -4.075 -4.894 -5.197
NSD 9 NSD 9.84509804 0.25 0.025095 1.188184977 1.094 71.83773732 3478.564015 0.762 0.321 -2.532 -4.163 -4.989 -5.3
NSD 9 NSD 9.84509804 0.25 0.025095 1.188185215 1.093 90.64683497 3333.496473 0.56 0.952 -2.492 -4.544 -5.395 -5.743
NSD 9 NSD 9.84509804 0.25 0.025095 1.188185453 1.092 121.2139615 3160.821713 0.307 1.952 -2.198 -5.013 -5.894 -6.288
NSD 9 NSD 9.84509804 0.25 0.025095 1.188185811 1.091 154.2952814 3022.73448 0.097 2.339 -2.033 -5.392 -6.303 -6.729
NSD 9 NSD 9.84509804 0.25 0.025095 1.188186169 1.09 180.7809419 2934.269504 -0.042 2.39 -2.046 -5.633 -6.564 -7.004
NSD 9 NSD 9.84509804 0.25 0.025095 1.188186526 1.089 197.2207676 2884.695652 -0.118 2.408 -2.067 -5.763 -6.704 -7.152
NSD 9 NSD 9.84509804 0.25 0.025095 1.188187003 1.087 206.4679496 2856.932635 -0.158 2.426 -2.086 -5.828 -6.773 -7.224
NSD 9 NSD 9.84509804 0.25 0.025095 1.18818748 1.086 212.9377422 2835.95934 -0.186 2.446 -2.093 -5.869 -6.817 -7.27
NSD 9 NSD 9.84509804 0.25 0.025095 1.18818748 1.086 212.9377422 2835.95934 -0.186 2.376 -1.976 -5.869 -6.817 -7.27
NSD 9 NSD 9.84509804 0.25 0.025095 1.188187599 1.085 106.7216779 3211.441387 0.415 1.764 -2.198 -4.785 -5.658 -6.039
NSD 9 NSD 9.84509804 0.25 0.025095 1.188187718 1.085 79.22324821 3387.661434 0.673 0.775 -2.438 -4.299 -5.142 -5.474
NSD 9 NSD 9.84509804 0.25 0.025095 1.188187838 1.084 83.37822489 3355.83037 0.629 0.937 -2.408 -4.382 -5.23 -5.571
NSD 9 NSD 9.84509804 0.25 0.025095 1.188188076 1.083 104.5568871 3220.327198 0.431 1.728 -2.202 -4.75 -5.623 -6
NSD 9 NSD 9.84509804 0.25 0.025095 1.188188434 1.082 138.9481103 3057.736096 0.184 2.37 -1.967 -5.202 -6.106 -6.521
NSD 9 NSD 9.84509804 0.25 0.025095 1.188188672 1.081 175.6922663 2928.869355 -0.02 2.458 -1.973 -5.563 -6.495 -6.934
NSD 9 NSD 9.84509804 0.25 0.025095 1.188189149 1.08 204.2455696 2847.7378 -0.152 2.476 -2.043 -5.793 -6.739 -7.189
NSD 9 NSD 9.84509804 0.25 0.025095 1.188189507 1.078 221.1325351 2805.433638 -0.221 2.487 -2.093 -5.912 -6.863 -7.316
NSD 9 NSD 9.84509804 0.25 0.025095 1.188189983 1.076 229.4841235 2784.197249 -0.254 2.492 -2.121 -5.966 -6.918 -7.371
NSD 9 NSD 9.84509804 0.25 0.025095 1.188190579 1.074 234.2894025 2771.405025 -0.274 2.498 -2.135 -5.995 -6.948 -7.401
NSD 9 NSD 9.84509804 0.25 0.025095 1.188190579 1.074 234.2894025 2771.405025 -0.274 2.474 -1.923 -5.995 -6.948 -7.401
NSD 9 NSD 9.84509804 0.25 0.025095 1.188190699 1.073 118.0463722 3139.062769 0.322 2.159 -2.028 -4.935 -5.822 -6.219
NSD 9 NSD 9.84509804 0.25 0.025095 1.188190818 1.073 87.428423 3315.125698 0.582 1.185 -2.331 -4.451 -5.306 -5.658
NSD 9 NSD 9.84509804 0.25 0.025095 1.188190937 1.072 91.86554267 3284.732443 0.539 1.363 -2.282 -4.53 -5.391 -5.751
NSD 9 NSD 9.84509804 0.25 0.025095 1.188191176 1.071 115.014513 3152.825976 0.344 2.107 -2.046 -4.891 -5.776 -6.169
NSD 9 NSD 9.84509804 0.25 0.025095 1.188191533 1.069 152.1782708 2995.021884 0.1 2.466 -1.909 -5.329 -6.247 -6.674
NSD 9 NSD 9.84509804 0.25 0.025095 1.188191772 1.068 191.4928862 2870.780582 -0.101 2.509 -1.974 -5.681 -6.624 -7.07
NSD 9 NSD 9.84509804 0.25 0.025095 1.188192248 1.066 221.94872 2793.830151 -0.229 2.525 -2.073 -5.905 -6.856 -7.309
NSD 9 NSD 9.84509804 0.25 0.025095 1.188192606 1.064 239.0301284 2754.862961 -0.295 2.52 -2.138 -6.017 -6.971 -7.424
NSD 9 NSD 9.84509804 0.25 0.025095 1.188193083 1.061 246.8042561 2737.789162 -0.324 2.542 -2.156 -6.065 -7.02 -7.475
NSD 9 NSD 9.84509804 0.25 0.025095 1.188193679 1.058 250.8722615 2729.606226 -0.339 2.557 -2.163 -6.087 -7.044 -7.501
NSD 9 NSD 9.84509804 0.25 0.025095 1.188193679 1.058 250.8722615 2729.606226 -0.339 2.508 -1.927 -6.087 -7.044 -7.501
NSD 9 NSD 9.84509804 0.25 0.025095 1.188193798 1.057 127.2484922 3093.855315 0.25 2.362 -1.937 -5.051 -5.948 -6.356
NSD 9 NSD 9.84509804 0.25 0.025095 1.188193917 1.056 93.983723 3271.899836 0.513 1.444 -2.26 -4.568 -5.43 -5.794
NSD 9 NSD 9.84509804 0.25 0.025095 1.188194156 1.055 98.75353368 3241.902878 0.469 1.645 -2.198 -4.647 -5.516 -5.888
NSD 9 NSD 9.84509804 0.25 0.025095 1.188194394 1.053 123.4674972 3110.283669 0.274 2.294 -1.965 -5.002 -5.896 -6.299
NSD 9 NSD 9.84509804 0.25 0.025095 1.188194752 1.051 163.1370651 2953.248554 0.032 2.508 -1.898 -5.431 -6.359 -6.793
NSD 9 NSD 9.84509804 0.25 0.025095 1.188195109 1.048 204.9994259 2829.436815 -0.169 2.541 -2 -5.779 -6.728 -7.178
NSD 9 NSD 9.84509804 0.25 0.025095 1.188195586 1.044 237.4393227 2752.960626 -0.296 2.543 -2.118 -5.999 -6.953 -7.405
NSD 9 NSD 9.84509804 0.25 0.025095 1.188196182 1.041 255.4774925 2715.813858 -0.362 2.6 -2.156 -6.106 -7.066 -7.526
NSD 9 NSD 9.84509804 0.25 0.025095 1.188196778 1.037 263.1192635 2700.847108 -0.39 2.631 -2.167 -6.149 -7.113 -7.579
NSD 9 NSD 9.84509804 0.25 0.025095 1.188197374 1.032 266.8410524 2695.876544 -0.403 2.646 -2.172 -6.167 -7.134 -7.603
NSD 9 NSD 9.84509804 0.25 0.025095 1.188197374 1.032 266.8410524 2695.876544 -0.403 2.518 -1.951 -6.167 -7.134 -7.603
NSD 9 NSD 9.84509804 0.25 0.025095 1.188197494 1.03 136.5062841 3058.440247 0.178 2.408 -1.93 -5.165 -6.069 -6.484
NSD 9 NSD 9.84509804 0.25 0.025095 1.188197613 1.028 100.4968952 3239.664224 0.443 1.636 -2.224 -4.683 -5.551 -5.925
NSD 9 NSD 9.84509804 0.25 0.025095 1.188197851 1.026 105.6945624 3208.484902 0.398 1.812 -2.163 -4.762 -5.635 -6.017
NSD 9 NSD 9.84509804 0.25 0.025095 1.18819809 1.022 131.9327591 3075.388599 0.204 2.398 -1.929 -5.11 -6.01 -6.423
NSD 9 NSD 9.84509804 0.25 0.025095 1.188198447 1.018 174.1215982 2916.755329 -0.039 2.527 -1.915 -5.53 -6.465 -6.905
NSD 9 NSD 9.84509804 0.25 0.025095 1.188198805 1.013 218.6012519 2792.543841 -0.239 2.563 -2.037 -5.872 -6.824 -7.277
NSD 9 NSD 9.84509804 0.25 0.025095 1.188199282 1.007 252.8439957 2715.813858 -0.367 2.63 -2.129 -6.083 -7.044 -7.506
NSD 9 NSD 9.84509804 0.25 0.025095 1.188199758 1.001 271.5517743 2678.551495 -0.432 2.738 -2.143 -6.172 -7.145 -7.62
NSD 9 NSD 9.84509804 0.25 0.025095 1.188200355 0.994 279.7387596 2665.0171 -0.461 2.811 -2.135 -6.198 -7.18 -7.665
NSD 9 NSD 9.84509804 0.25 0.025095 1.188200951 0.985 282.6523788 2661.950651 -0.474 2.861 -2.12 -6.202 -7.192 -7.686
NSD 9 NSD 9.84509804 0.25 0.025095 1.188200951 0.985 282.6523788 2661.950651 -0.474 2.543 -1.983 -6.202 -7.192 -7.686
NSD 9 NSD 9.84509804 0.25 0.025095 1.18820107 0.983 146.2354429 3022.03855 0.098 2.459 -1.912 -5.273 -6.185 -6.61
NSD 9 NSD 9.84509804 0.25 0.025095 1.188201189 0.979 107.2636682 3207.00768 0.365 1.808 -2.183 -4.794 -5.666 -6.05
NSD 9 NSD 9.84509804 0.25 0.025095 1.188201427 0.974 113.0713676 3172.488087 0.317 2.002 -2.11 -4.874 -5.752 -6.144
NSD 9 NSD 9.84509804 0.25 0.025095 1.188201666 0.967 141.3359508 3035.288664 0.12 2.465 -1.898 -5.215 -6.124 -6.546
NSD 9 NSD 9.84509804 0.25 0.025095 1.188202023 0.959 186.7465747 2872.10293 -0.125 2.574 -1.915 -5.628 -6.571 -7.019
NSD 9 NSD 9.84509804 0.25 0.025095 1.1882025 0.949 234.9917659 2743.468639 -0.329 2.636 -2.056 -5.963 -6.919 -7.376
NSD 9 NSD 9.84509804 0.25 0.025095 1.188202977 0.938 272.1777658 2663.176807 -0.462 2.88 -2.07 -6.136 -7.117 -7.603
NSD 9 NSD 9.84509804 0.25 0.025095 1.188203454 0.925 293.1248547 2623.010324 -0.532 3.417 -1.865 -6.095 -7.148 -7.702
NSD 9 NSD 9.84509804 0.25 0.025095 1.18820405 0.911 302.4493426 2606.15355 -0.566 3.968 -1.603 -5.971 -7.105 -7.733
NSD 9 NSD 9.84509804 0.25 0.025095 1.188204765 0.896 306.1629578 2600.758341 -0.584 4.005 -1.595 -5.979 -7.12 -7.754
NSD 9 NSD 9.84509804 0.25 0.025095 1.188204765 0.896 306.1629578 2600.758341 -0.584 2.621 -2.004 -5.979 -7.12 -7.754
NSD 9 NSD 9.84509804 0.25 0.025095 1.188204884 0.891 159.6807798 2959.374995 -0.021 2.566 -1.855 -5.391 -6.317 -6.755
NSD 9 NSD 9.84509804 0.25 0.025095 1.188205004 0.884 116.5339976 3148.473193 0.249 2.149 -2.043 -4.917 -5.799 -6.198
NSD 9 NSD 9.84509804 0.25 0.025095 1.188205242 0.875 122.8719201 3112.432919 0.199 2.329 -1.952 -4.994 -5.884 -6.292
NSD 9 NSD 9.84509804 0.25 0.025095 1.188205481 0.863 153.6924893 2971.666032 -0.002 2.592 -1.821 -5.324 -6.248 -6.684
NSD 9 NSD 9.84509804 0.25 0.025095 1.188205838 0.849 203.3071465 2805.433638 -0.252 2.681 -1.904 -5.728 -6.68 -7.134
NSD 9 NSD 9.84509804 0.25 0.025095 1.188206315 0.832 255.9485331 2673.006409 -0.461 2.967 -1.961 -6.017 -6.999 -7.485
NSD 9 NSD 9.84509804 0.25 0.025095 1.188206792 0.813 296.2461022 2591.194421 -0.598 4.055 -1.529 -5.907 -7.041 -7.67
NSD 9 NSD 9.84509804 0.25 0.025095 1.188207269 0.791 318.9720612 2550.938568 -0.674 4.184 -1.509 -5.945 -7.107 -7.766
NSD 9 NSD 9.84509804 0.25 0.025095 1.188207865 0.768 327.9084776 2536.296369 -0.711 4.284 -1.476 -5.947 -7.127 -7.804
NSD 9 NSD 9.84509804 0.25 0.025095 1.18820858 0.743 331.0187885 2534.544963 -0.733 4.361 -1.444 -5.938 -7.13 -7.82
NSD 9 NSD 9.84509804 0.25 0.025095 1.188211918 0.544 3.335436253e-06 10000 1.764 30.016 30.004 30.008 30.033 30.044
