# component component_index family logAge MH Zini Mini Mass radius_rsun Teff_K logg Vmag Imag Jmag_2mass Hmag_2mass Ksmag_2mass
NSD 9 NSD 9.84509804 -0.5 0.0048313 0.0900000036 0.09 0.1117513157 2545.071572 5.293 17.689 13.111 10.888 10.434 10.235
NSD 9 NSD 9.84509804 -0.5 0.0048313 0.1000000015 0.1 0.1239232072 2725.837739 5.249 16.564 12.426 10.422 9.939 9.722
NSD 9 NSD 9.84509804 -0.5 0.0048313 0.1199999973 0.12 0.1453960623 2936.297126 5.189 14.951 11.519 9.846 9.326 9.095
NSD 9 NSD 9.84509804 -0.5 0.0048313 0.1344330013 0.134 0.1593869077 3034.589844 5.159 14.228 11.096 9.547 9.015 8.782
NSD 9 NSD 9.84509804 -0.5 0.0048313 0.1400000006 0.14 0.1647223938 3070.435651 5.148 13.974 10.948 9.44 8.905 8.673
NSD 9 NSD 9.84509804 -0.5 0.0048313 0.1496412009 0.15 0.1734014181 3117.453613 5.132 13.641 10.74 9.282 8.743 8.511
NSD 9 NSD 9.84509804 -0.5 0.0048313 0.1599999964 0.16 0.1825377298 3165.191567 5.116 13.318 10.535 9.122 8.58 8.349
NSD 9 NSD 9.84509804 -0.5 0.0048313 0.1999999881 0.2 0.2163977022 3297.61538 5.065 12.423 9.928 8.627 8.075 7.848
NSD 9 NSD 9.84509804 -0.5 0.0048313 0.25 0.25 0.2576633476 3406.434166 5.011 11.687 9.375 8.148 7.588 7.366
NSD 9 NSD 9.84509804 -0.5 0.0048313 0.3000000119 0.3 0.2974079989 3482.571166 4.966 11.154 8.951 7.767 7.201 6.983
NSD 9 NSD 9.84509804 -0.5 0.0048313 0.3499999642 0.35 0.3389632732 3548.133892 4.919 10.69 8.572 7.424 6.852 6.636
NSD 9 NSD 9.84509804 -0.5 0.0048313 0.3999999762 0.4 0.3831357212 3642.503687 4.87 10.18 8.178 7.077 6.495 6.283
NSD 9 NSD 9.84509804 -0.5 0.0048313 0.4344754517 0.434 0.4182660787 3729.0654 4.83 9.781 7.878 6.817 6.227 6.017
NSD 9 NSD 9.84509804 -0.5 0.0048313 0.4499999881 0.45 0.4343628208 3766.170697 4.813 9.616 7.75 6.705 6.112 5.905
NSD 9 NSD 9.84509804 -0.5 0.0048313 0.4999999404 0.5 0.4873631008 3939.127154 4.758 8.999 7.293 6.313 5.702 5.512
NSD 9 NSD 9.84509804 -0.5 0.0048313 0.5500000119 0.55 0.5400732224 4188.90007 4.711 8.314 6.797 5.89 5.253 5.106
NSD 9 NSD 9.84509804 -0.5 0.0048313 0.5631993413 0.563 0.5515090518 4268.742913 4.703 8.129 6.669 5.783 5.144 5.009
NSD 9 NSD 9.84509804 -0.5 0.0048313 0.5999999642 0.6 0.5828444225 4490.554794 4.682 7.62 6.325 5.501 4.888 4.78
NSD 9 NSD 9.84509804 -0.5 0.0048313 0.6499999166 0.65 0.6209443001 4833.926025 4.662 6.944 5.862 5.144 4.616 4.531
NSD 9 NSD 9.84509804 -0.5 0.0048313 0.6565055251 0.656 0.6268341442 4875.284901 4.659 6.865 5.804 5.1 4.584 4.502
NSD 9 NSD 9.84509804 -0.5 0.0048313 0.6814067364 0.681 0.6485637108 5036.165574 4.645 6.576 5.59 4.933 4.461 4.385
NSD 9 NSD 9.84509804 -0.5 0.0048313 0.6999999881 0.7 0.6658135739 5157.034063 4.634 6.372 5.437 4.813 4.369 4.298
NSD 9 NSD 9.84509804 -0.5 0.0048313 0.7093499899 0.709 0.6750759634 5216.749703 4.628 6.273 5.361 4.753 4.323 4.254
NSD 9 NSD 9.84509804 -0.5 0.0048313 0.7294484973 0.729 0.6952686461 5345.643594 4.614 6.067 5.201 4.625 4.223 4.158
NSD 9 NSD 9.84509804 -0.5 0.0048313 0.7479583621 0.748 0.7147474998 5463.865499 4.601 5.884 5.056 4.508 4.131 4.069
NSD 9 NSD 9.84509804 -0.5 0.0048313 0.7487857342 0.749 0.7159004656 5468.900223 4.6 5.876 5.05 4.503 4.127 4.065
NSD 9 NSD 9.84509804 -0.5 0.0048313 0.7580053806 0.758 0.7280356479 5520.774393 4.591 5.788 4.979 4.443 4.077 4.018
NSD 9 NSD 9.84509804 -0.5 0.0048313 0.7749931812 0.775 0.7508490659 5614.356681 4.573 5.629 4.849 4.334 3.984 3.928
NSD 9 NSD 9.84509804 -0.5 0.0048313 0.790073216 0.79 0.7734863338 5696.393733 4.556 5.491 4.735 4.236 3.9 3.848
NSD 9 NSD 9.84509804 -0.5 0.0048313 0.7975714207 0.797 0.784788526 5737.200135 4.548 5.423 4.678 4.188 3.858 3.807
NSD 9 NSD 9.84509804 -0.5 0.0048313 0.8018419147 0.801 0.7916854163 5758.375745 4.542 5.384 4.646 4.159 3.833 3.783
NSD 9 NSD 9.84509804 -0.5 0.0048313 0.8176843524 0.817 0.8196956773 5834.451043 4.52 5.243 4.526 4.053 3.738 3.691
NSD 9 NSD 9.84509804 -0.5 0.0048313 0.8328984976 0.832 0.8486969567 5904.729404 4.497 5.107 4.41 3.95 3.645 3.601
NSD 9 NSD 9.84509804 -0.5 0.0048313 0.8463571072 0.846 0.8769051988 5964.856499 4.476 4.987 4.306 3.857 3.561 3.52
NSD 9 NSD 9.84509804 -0.5 0.0048313 0.8610752821 0.86 0.9121213993 6022.82161 4.45 4.855 4.19 3.752 3.465 3.425
NSD 9 NSD 9.84509804 -0.5 0.0048313 0.8817898035 0.881 0.9668356258 6100.985601 4.409 4.666 4.022 3.597 3.322 3.285
NSD 9 NSD 9.84509804 -0.5 0.0048313 0.8951427937 0.894 1.008213817 6148.936385 4.38 4.54 3.908 3.492 3.224 3.188
NSD 9 NSD 9.84509804 -0.5 0.0048313 0.8993811011 0.898 1.021063249 6163.111147 4.37 4.499 3.872 3.458 3.192 3.156
NSD 9 NSD 9.84509804 -0.5 0.0048313 0.914396286 0.913 1.074614373 6211.550208 4.333 4.352 3.737 3.33 3.071 3.037
NSD 9 NSD 9.84509804 -0.5 0.0048313 0.9286060929 0.927 1.130713676 6250.28758 4.295 4.211 3.606 3.205 2.952 2.919
NSD 9 NSD 9.84509804 -0.5 0.0048313 0.9420609474 0.941 1.190015573 6277.691938 4.257 4.079 3.481 3.084 2.834 2.802
NSD 9 NSD 9.84509804 -0.5 0.0048313 0.9439284801 0.943 1.199920975 6280.583588 4.252 4.06 3.464 3.067 2.818 2.786
NSD 9 NSD 9.84509804 -0.5 0.0048313 0.9451497793 0.944 1.204904551 6282.029912 4.248 4.048 3.452 3.056 2.807 2.775
NSD 9 NSD 9.84509804 -0.5 0.0048313 0.9546385407 0.953 1.256760854 6297.961479 4.217 3.947 3.355 2.961 2.715 2.683
NSD 9 NSD 9.84509804 -0.5 0.0048313 0.9627497792 0.961 1.304225373 6308.120779 4.187 3.856 3.267 2.875 2.63 2.598
NSD 9 NSD 9.84509804 -0.5 0.0048313 0.9636724591 0.962 1.311754748 6308.120779 4.184 3.845 3.257 2.865 2.62 2.588
NSD 9 NSD 9.84509804 -0.5 0.0048313 0.9659583569 0.965 1.326333212 6309.573445 4.174 3.819 3.23 2.839 2.594 2.562
NSD 9 NSD 9.84509804 -0.5 0.0048313 0.9734025598 0.972 1.383097018 6308.120779 4.142 3.73 3.142 2.75 2.505 2.473
NSD 9 NSD 9.84509804 -0.5 0.0048313 0.9819267392 0.981 1.457647946 6295.061829 4.099 3.623 3.032 2.638 2.392 2.36
NSD 9 NSD 9.84509804 -0.5 0.0048313 0.9905145168 0.989 1.553290352 6261.811646 4.048 3.509 2.911 2.512 2.262 2.229
NSD 9 NSD 9.84509804 -0.5 0.0048313 0.9923760891 0.991 1.578165862 6251.726928 4.035 3.483 2.883 2.483 2.231 2.198
NSD 9 NSD 9.84509804 -0.5 0.0048313 0.9927142262 0.991 1.583261477 6248.848564 4.033 3.479 2.878 2.477 2.225 2.191
NSD 9 NSD 9.84509804 -0.5 0.0048313 0.9940698743 0.993 1.603808995 6237.348355 4.022 3.459 2.856 2.453 2.2 2.166
NSD 9 NSD 9.84509804 -0.5 0.0048313 1.00086844 0.999 1.718908047 6161.692202 3.964 3.364 2.743 2.327 2.065 2.028
NSD 9 NSD 9.84509804 -0.5 0.0048313 1.006340504 1.005 1.843964878 6056.197087 3.906 3.295 2.648 2.214 1.934 1.895
NSD 9 NSD 9.84509804 -0.5 0.0048313 1.010439754 1.009 1.969938395 5916.97862 3.85 3.266 2.583 2.122 1.82 1.777
NSD 9 NSD 9.84509804 -0.5 0.0048313 1.012863994 1.011 2.064679496 5786.287388 3.81 3.276 2.558 2.073 1.749 1.702
NSD 9 NSD 9.84509804 -0.5 0.0048313 1.014500737 1.013 2.142656955 5663.696855 3.779 3.306 2.554 2.044 1.7 1.648
NSD 9 NSD 9.84509804 -0.5 0.0048313 1.016002059 1.014 2.231272664 5537.32482 3.744 3.337 2.548 2.011 1.644 1.587
NSD 9 NSD 9.84509804 -0.5 0.0048313 1.01749146 1.016 2.35045881 5420.008904 3.7 3.341 2.518 1.954 1.563 1.502
NSD 9 NSD 9.84509804 -0.5 0.0048313 1.019202828 1.017 2.530187145 5314.959995 3.637 3.29 2.436 1.845 1.431 1.367
NSD 9 NSD 9.84509804 -0.5 0.0048313 1.020335555 1.018 2.673330448 5263.807518 3.589 3.225 2.355 1.751 1.325 1.26
NSD 9 NSD 9.84509804 -0.5 0.0048313 1.020534873 1.019 2.702418746 5256.54032 3.58 3.21 2.338 1.732 1.304 1.239
NSD 9 NSD 9.84509804 -0.5 0.0048313 1.021942854 1.02 2.917108917 5213.147344 3.514 3.091 2.205 1.587 1.149 1.082
NSD 9 NSD 9.84509804 -0.5 0.0048313 1.023048043 1.021 3.11209356 5185.611777 3.458 2.98 2.086 1.461 1.016 0.948
NSD 9 NSD 9.84509804 -0.5 0.0048313 1.024186969 1.022 3.345435375 5159.409512 3.396 2.853 1.95 1.318 0.867 0.798
NSD 9 NSD 9.84509804 -0.5 0.0048313 1.02510643 1.023 3.561661525 5140.436516 3.342 2.739 1.83 1.192 0.736 0.667
NSD 9 NSD 9.84509804 -0.5 0.0048313 1.026102781 1.024 3.836654086 5117.996682 3.278 2.604 1.687 1.043 0.582 0.512
NSD 9 NSD 9.84509804 -0.5 0.0048313 1.026923418 1.025 4.100649453 5098.001982 3.22 2.482 1.559 0.909 0.442 0.371
NSD 9 NSD 9.84509804 -0.5 0.0048313 1.027662277 1.025 4.377767017 5078.085397 3.163 2.362 1.433 0.777 0.305 0.233
NSD 9 NSD 9.84509804 -0.5 0.0048313 1.028364778 1.026 4.694103324 5055.917748 3.104 2.237 1.301 0.639 0.161 0.089
NSD 9 NSD 9.84509804 -0.5 0.0048313 1.028963089 1.026 5.007865369 5035.006088 3.047 2.121 1.178 0.509 0.026 -0.047
NSD 9 NSD 9.84509804 -0.5 0.0048313 1.02954483 1.027 5.374680405 5010.718443 2.986 1.996 1.046 0.37 -0.119 -0.193
NSD 9 NSD 9.84509804 -0.5 0.0048313 1.030028701 1.027 5.732613272 4987.696283 2.93 1.884 0.925 0.242 -0.254 -0.328
NSD 9 NSD 9.84509804 -0.5 0.0048313 1.030489564 1.028 6.138364094 4963.636849 2.871 1.768 0.798 0.108 -0.395 -0.47
NSD 9 NSD 9.84509804 -0.5 0.0048313 1.030894995 1.028 6.553188264 4938.556196 2.814 1.655 0.676 -0.022 -0.532 -0.608
NSD 9 NSD 9.84509804 -0.5 0.0048313 1.031262398 1.028 7.004104948 4913.602273 2.757 1.544 0.555 -0.151 -0.668 -0.746
NSD 9 NSD 9.84509804 -0.5 0.0048313 1.03159225 1.029 7.472271526 4887.648887 2.701 1.436 0.437 -0.278 -0.802 -0.881
NSD 9 NSD 9.84509804 -0.5 0.0048313 1.031900167 1.029 7.984590448 4860.713235 2.643 1.327 0.318 -0.406 -0.939 -1.018
NSD 9 NSD 9.84509804 -0.5 0.0048313 1.032183886 1.029 8.532035324 4833.926025 2.585 1.219 0.199 -0.534 -1.075 -1.156
NSD 9 NSD 9.84509804 -0.5 0.0048313 1.032433629 1.029 9.100235783 4806.179647 2.53 1.117 0.085 -0.656 -1.205 -1.288
NSD 9 NSD 9.84509804 -0.5 0.0048313 1.032672763 1.029 9.717457387 4778.592532 2.473 1.011 -0.032 -0.783 -1.34 -1.423
NSD 9 NSD 9.84509804 -0.5 0.0048313 1.032884836 1.029 10.34076443 4751.163764 2.419 0.914 -0.142 -0.902 -1.467 -1.551
NSD 9 NSD 9.84509804 -0.5 0.0048313 1.033100963 1.029 11.03449964 4722.804844 2.363 0.813 -0.256 -1.024 -1.597 -1.684
NSD 9 NSD 9.84509804 -0.5 0.0048313 1.033393502 1.029 11.75581234 4695.696293 2.308 0.714 -0.368 -1.145 -1.726 -1.814
NSD 9 NSD 9.84509804 -0.5 0.0048313 1.033419728 1.029 11.78833977 4694.615194 2.305 0.709 -0.374 -1.151 -1.733 -1.82
NSD 9 NSD 9.84509804 -0.5 0.0048313 1.033545017 1.029 11.44070124 4710.857854 2.331 0.75 -0.325 -1.097 -1.674 -1.761
NSD 9 NSD 9.84509804 -0.5 0.0048313 1.033669591 1.029 10.86307167 4738.053933 2.376 0.826 -0.236 -1 -1.569 -1.654
NSD 9 NSD 9.84509804 -0.5 0.0048313 1.033702493 1.029 10.70909188 4744.604321 2.389 0.847 -0.212 -0.973 -1.54 -1.625
NSD 9 NSD 9.84509804 -0.5 0.0048313 1.033832789 1.029 11.25259388 4722.804844 2.345 0.77 -0.3 -1.069 -1.642 -1.728
NSD 9 NSD 9.84509804 -0.5 0.0048313 1.033998966 1.029 12.0130323 4693.534343 2.289 0.671 -0.413 -1.191 -1.773 -1.86
NSD 9 NSD 9.84509804 -0.5 0.0048313 1.034154653 1.029 12.79536399 4664.445252 2.233 0.574 -0.523 -1.311 -1.901 -1.99
NSD 9 NSD 9.84509804 -0.5 0.0048313 1.034299254 1.029 13.62864392 4635.536446 2.178 0.479 -0.633 -1.43 -2.029 -2.12
NSD 9 NSD 9.84509804 -0.5 0.0048313 1.034431457 1.029 14.51619003 4606.806808 2.124 0.387 -0.74 -1.547 -2.154 -2.247
NSD 9 NSD 9.84509804 -0.5 0.0048313 1.034553886 1.029 15.45085955 4577.201167 2.07 0.295 -0.846 -1.663 -2.279 -2.373
NSD 9 NSD 9.84509804 -0.5 0.0048313 1.034664869 1.028 16.41922464 4548.833073 2.017 0.208 -0.949 -1.776 -2.4 -2.497
NSD 9 NSD 9.84509804 -0.5 0.0048313 1.034772873 1.028 17.50461829 4518.559444 1.961 0.116 -1.056 -1.895 -2.526 -2.625
NSD 9 NSD 9.84509804 -0.5 0.0048313 1.034866452 1.028 18.58885522 4489.520924 1.909 0.028 -1.157 -2.007 -2.643 -2.746
NSD 9 NSD 9.84509804 -0.5 0.0048313 1.034955144 1.028 19.76298972 4460.669021 1.855 -0.061 -1.259 -2.12 -2.763 -2.868
NSD 9 NSD 9.84509804 -0.5 0.0048313 1.035035968 1.027 21.02096479 4430.982145 1.802 -0.146 -1.358 -2.232 -2.88 -2.989
NSD 9 NSD 9.84509804 -0.5 0.0048313 1.035110474 1.027 22.3230044 4402.506441 1.749 -0.23 -1.457 -2.342 -2.996 -3.109
NSD 9 NSD 9.84509804 -0.5 0.0048313 1.035179615 1.027 23.71661179 4373.206652 1.697 -0.314 -1.554 -2.452 -3.112 -3.229
NSD 9 NSD 9.84509804 -0.5 0.0048313 1.035243034 1.026 25.19722098 4344.10186 1.644 -0.396 -1.65 -2.561 -3.225 -3.347
NSD 9 NSD 9.84509804 -0.5 0.0048313 1.035302281 1.026 26.75177757 4314.197273 1.591 -0.477 -1.745 -2.67 -3.34 -3.467
NSD 9 NSD 9.84509804 -0.5 0.0048313 1.035354853 1.025 28.34344562 4286.472087 1.541 -0.554 -1.835 -2.773 -3.449 -3.581
NSD 9 NSD 9.84509804 -0.5 0.0048313 1.035405755 1.024 30.12677506 4256.964221 1.488 -0.632 -1.929 -2.881 -3.564 -3.7
NSD 9 NSD 9.84509804 -0.5 0.0048313 1.03545177 1.024 31.93395029 4228.633052 1.437 -0.703 -2.022 -2.987 -3.679 -3.819
NSD 9 NSD 9.84509804 -0.5 0.0048313 1.035494566 1.023 33.90413314 4199.523347 1.385 -0.773 -2.113 -3.092 -3.793 -3.938
NSD 9 NSD 9.84509804 -0.5 0.0048313 1.035534143 1.022 35.93789578 4171.574461 1.334 -0.843 -2.204 -3.196 -3.907 -4.055
NSD 9 NSD 9.84509804 -0.5 0.0048313 1.035570145 1.022 38.00604208 4143.811583 1.284 -0.908 -2.291 -3.297 -4.017 -4.169
NSD 9 NSD 9.84509804 -0.5 0.0048313 1.035604835 1.021 40.30441712 4115.285784 1.233 -0.974 -2.381 -3.401 -4.13 -4.287
NSD 9 NSD 9.84509804 -0.5 0.0048313 1.035635591 1.02 42.62384706 4087.897521 1.184 -1.037 -2.465 -3.499 -4.238 -4.398
NSD 9 NSD 9.84509804 -0.5 0.0048313 1.035665393 1.019 45.12868147 4060.691534 1.134 -1.099 -2.552 -3.599 -4.348 -4.512
NSD 9 NSD 9.84509804 -0.5 0.0048313 1.035692811 1.018 47.7477207 4032.73793 1.085 -1.158 -2.636 -3.697 -4.456 -4.625
NSD 9 NSD 9.84509804 -0.5 0.0048313 1.035724163 1.016 51.18617119 3999.447498 1.024 -1.23 -2.739 -3.817 -4.588 -4.762
NSD 9 NSD 9.84509804 -0.5 0.0048313 1.035752892 1.015 54.74603174 3966.431879 0.965 -1.297 -2.839 -3.936 -4.718 -4.899
NSD 9 NSD 9.84509804 -0.5 0.0048313 1.035774589 1.013 57.8565649 3939.127154 0.916 -1.346 -2.919 -4.031 -4.822 -5.008
NSD 9 NSD 9.84509804 -0.5 0.0048313 1.035799503 1.011 61.9088369 3905.710057 0.857 -1.408 -3.017 -4.148 -4.95 -5.142
NSD 9 NSD 9.84509804 -0.5 0.0048313 1.035821795 1.009 66.0317253 3874.360247 0.8 -1.462 -3.111 -4.26 -5.073 -5.271
NSD 9 NSD 9.84509804 -0.5 0.0048313 1.035842657 1.007 70.46162339 3842.37723 0.742 -1.514 -3.204 -4.372 -5.196 -5.4
NSD 9 NSD 9.84509804 -0.5 0.0048313 1.035861969 1.004 75.10219752 3810.658234 0.686 -1.564 -3.295 -4.482 -5.317 -5.527
NSD 9 NSD 9.84509804 -0.5 0.0048313 1.035879731 1.002 79.9562919 3779.20108 0.63 -1.602 -3.381 -4.59 -5.435 -5.652
NSD 9 NSD 9.84509804 -0.5 0.0048313 1.035896182 0.999 85.12412188 3748.003606 0.575 -1.637 -3.467 -4.696 -5.551 -5.774
NSD 9 NSD 9.84509804 -0.5 0.0048313 1.035911202 0.996 90.41753123 3717.063668 0.521 -1.67 -3.549 -4.798 -5.664 -5.893
NSD 9 NSD 9.84509804 -0.5 0.0048313 1.035925388 0.992 96.04010912 3686.379141 0.467 -1.685 -3.629 -4.902 -5.778 -6.013
NSD 9 NSD 9.84509804 -0.5 0.0048313 1.035938382 0.988 101.8949463 3655.947916 0.414 -1.696 -3.706 -5.003 -5.887 -6.128
NSD 9 NSD 9.84509804 -0.5 0.0048313 1.035950422 0.984 107.85807 3625.767902 0.363 -1.701 -3.778 -5.1 -5.992 -6.24
NSD 9 NSD 9.84509804 -0.5 0.0048313 1.035961628 0.98 114.117604 3596.665093 0.312 -1.689 -3.847 -5.196 -6.096 -6.35
NSD 9 NSD 9.84509804 -0.5 0.0048313 1.035972238 0.975 120.6570339 3566.974462 0.262 -1.676 -3.913 -5.29 -6.198 -6.458
NSD 9 NSD 9.84509804 -0.5 0.0048313 1.03598249 0.97 127.1606224 3539.158396 0.213 -1.654 -3.975 -5.381 -6.295 -6.561
NSD 9 NSD 9.84509804 -0.5 0.0048313 1.0359869 0.968 129.9130099 3527.767866 0.194 -1.639 -3.998 -5.417 -6.334 -6.603
NSD 9 NSD 9.84509804 -0.5 0.0048313 1.0359869 0.968 129.9130099 3527.767866 0.194 0.657 -0.303 -5.417 -6.334 -6.603
NSD 9 NSD 9.84509804 -0.5 0.0048313 1.03610754 0.968 10.2790421 4972.788632 2.398 0.633 -0.33 -1.021 -1.521 -1.596
NSD 9 NSD 9.84509804 -0.5 0.0048313 1.036224484 0.968 10.34076443 4969.354738 2.392 0.623 -0.341 -1.032 -1.533 -1.608
NSD 9 NSD 9.84509804 -0.5 0.0048313 1.036344647 0.968 10.34791005 4970.499106 2.391 0.619 -0.345 -1.036 -1.537 -1.611
NSD 9 NSD 9.84509804 -0.5 0.0048313 1.036463738 0.969 10.33362375 4973.933791 2.393 0.618 -0.345 -1.035 -1.534 -1.609
NSD 9 NSD 9.84509804 -0.5 0.0048313 1.036584496 0.969 10.29799425 4979.663542 2.395 0.618 -0.343 -1.031 -1.529 -1.604
NSD 9 NSD 9.84509804 -0.5 0.0048313 1.036706209 0.969 10.26721473 4984.252094 2.399 0.619 -0.339 -1.026 -1.523 -1.598
NSD 9 NSD 9.84509804 -0.5 0.0048313 1.036827922 0.969 10.23181419 4989.993731 2.402 0.62 -0.336 -1.021 -1.517 -1.591
NSD 9 NSD 9.84509804 -0.5 0.0048313 1.036948681 0.969 10.19653572 4995.741982 2.405 0.621 -0.333 -1.017 -1.511 -1.585
NSD 9 NSD 9.84509804 -0.5 0.0048313 1.037072182 0.969 10.16137888 5001.496854 2.408 0.621 -0.331 -1.013 -1.506 -1.579
NSD 9 NSD 9.84509804 -0.5 0.0048313 1.037186861 0.969 10.13567426 5004.95296 2.41 0.621 -0.329 -1.01 -1.502 -1.575
NSD 9 NSD 9.84509804 -0.5 0.0048313 1.037302256 0.97 10.11702085 5009.564815 2.412 0.621 -0.328 -1.008 -1.498 -1.571
NSD 9 NSD 9.84509804 -0.5 0.0048313 1.037415862 0.97 10.10305332 5013.026495 2.413 0.62 -0.327 -1.006 -1.495 -1.568
NSD 9 NSD 9.84509804 -0.5 0.0048313 1.037538886 0.97 10.07749624 5016.490568 2.415 0.62 -0.327 -1.004 -1.493 -1.566
NSD 9 NSD 9.84509804 -0.5 0.0048313 1.037661433 0.97 10.06358328 5019.957034 2.416 0.619 -0.326 -1.003 -1.491 -1.563
NSD 9 NSD 9.84509804 -0.5 0.0048313 1.037672281 0.97 10.06358328 5019.957034 2.416 0.619 -0.326 -1.003 -1.49 -1.563
NSD 9 NSD 9.84509804 -0.5 0.0048313 1.037734389 0.97 10.05431864 5022.269342 2.417 0.618 -0.326 -1.002 -1.49 -1.562
NSD 9 NSD 9.84509804 -0.5 0.0048313 1.037846088 0.97 10.04506254 5024.582715 2.418 0.617 -0.327 -1.002 -1.489 -1.561
NSD 9 NSD 9.84509804 -0.5 0.0048313 1.037956715 0.97 10.04737576 5026.897154 2.418 0.615 -0.327 -1.002 -1.488 -1.561
NSD 9 NSD 9.84509804 -0.5 0.0048313 1.038071394 0.97 10.04274984 5028.054773 2.418 0.614 -0.328 -1.003 -1.488 -1.561
NSD 9 NSD 9.84509804 -0.5 0.0048313 1.038185 0.971 10.04968952 5029.212659 2.418 0.611 -0.33 -1.004 -1.489 -1.562
NSD 9 NSD 9.84509804 -0.5 0.0048313 1.038295269 0.971 10.056634 5030.370811 2.418 0.609 -0.332 -1.006 -1.491 -1.564
NSD 9 NSD 9.84509804 -0.5 0.0048313 1.038416982 0.971 10.0682188 5030.370811 2.416 0.606 -0.336 -1.009 -1.494 -1.567
NSD 9 NSD 9.84509804 -0.5 0.0048313 1.038527846 0.971 10.09607678 5029.212659 2.415 0.602 -0.339 -1.013 -1.498 -1.571
NSD 9 NSD 9.84509804 -0.5 0.0048313 1.038536072 0.971 10.09607678 5029.212659 2.415 0.602 -0.339 -1.013 -1.498 -1.571
NSD 9 NSD 9.84509804 -0.5 0.0048313 1.038626552 0.971 10.11236286 5028.054773 2.413 0.598 -0.343 -1.018 -1.503 -1.575
NSD 9 NSD 9.84509804 -0.5 0.0048313 1.038737178 0.971 10.14034299 5026.897154 2.41 0.594 -0.349 -1.024 -1.51 -1.582
NSD 9 NSD 9.84509804 -0.5 0.0048313 1.038846254 0.971 10.18480328 5024.582715 2.407 0.588 -0.356 -1.031 -1.518 -1.59
NSD 9 NSD 9.84509804 -0.5 0.0048313 1.038959265 0.971 10.23888452 5019.957034 2.402 0.581 -0.364 -1.041 -1.528 -1.601
NSD 9 NSD 9.84509804 -0.5 0.0048313 1.039072514 0.972 10.30511031 5015.335611 2.396 0.572 -0.375 -1.053 -1.541 -1.614
NSD 9 NSD 9.84509804 -0.5 0.0048313 1.03918457 0.972 10.38849523 5009.564815 2.39 0.562 -0.387 -1.066 -1.556 -1.629
NSD 9 NSD 9.84509804 -0.5 0.0048313 1.039292693 0.972 10.47737878 5002.648624 2.382 0.552 -0.399 -1.081 -1.573 -1.646
NSD 9 NSD 9.84509804 -0.5 0.0048313 1.039402008 0.972 10.59626095 4994.591802 2.373 0.539 -0.416 -1.1 -1.594 -1.668
NSD 9 NSD 9.84509804 -0.5 0.0048313 1.039511323 0.972 10.7041613 4986.547956 2.364 0.527 -0.431 -1.117 -1.613 -1.687
NSD 9 NSD 9.84509804 -0.5 0.0048313 1.039621949 0.972 10.90567735 4971.643737 2.347 0.503 -0.461 -1.151 -1.652 -1.726
NSD 9 NSD 9.84509804 -0.5 0.0048313 1.039732099 0.972 11.25000317 4948.801109 2.321 0.466 -0.507 -1.204 -1.71 -1.786
NSD 9 NSD 9.84509804 -0.5 0.0048313 1.039840341 0.972 11.9385792 4904.559414 2.269 0.391 -0.599 -1.309 -1.827 -1.904
NSD 9 NSD 9.84509804 -0.5 0.0048313 1.039890289 0.973 12.68389519 4860.713235 2.216 0.317 -0.692 -1.416 -1.946 -2.025
NSD 9 NSD 9.84509804 -0.5 0.0048313 1.039915204 0.973 13.49126413 4817.259036 2.163 0.241 -0.786 -1.524 -2.067 -2.148
NSD 9 NSD 9.84509804 -0.5 0.0048313 1.039926767 0.973 14.35994065 4775.292737 2.109 0.163 -0.881 -1.633 -2.188 -2.272
NSD 9 NSD 9.84509804 -0.5 0.0048313 1.039932609 0.973 15.24237509 4734.782132 2.057 0.089 -0.974 -1.739 -2.306 -2.391
NSD 9 NSD 9.84509804 -0.5 0.0048313 1.039935827 0.973 16.13810901 4697.859239 2.008 0.018 -1.062 -1.839 -2.417 -2.504
NSD 9 NSD 9.84509804 -0.5 0.0048313 1.039937854 0.973 16.89478404 4668.743344 1.968 -0.042 -1.135 -1.922 -2.505 -2.595
NSD 9 NSD 9.84509804 -0.5 0.0048313 1.039938808 0.973 17.41215982 4649.433067 1.941 -0.081 -1.183 -1.976 -2.563 -2.654
NSD 9 NSD 9.84509804 -0.5 0.0048313 1.039940953 0.972 18.61884107 4608.92881 1.883 -0.168 -1.289 -2.095 -2.69 -2.785
NSD 9 NSD 9.84509804 -0.5 0.0048313 1.039942741 0.972 19.70392042 4574.04044 1.834 -0.24 -1.376 -2.195 -2.796 -2.895
NSD 9 NSD 9.84509804 -0.5 0.0048313 1.039944649 0.972 20.6420414 4546.738741 1.794 -0.299 -1.448 -2.277 -2.885 -2.986
NSD 9 NSD 9.84509804 -0.5 0.0048313 1.039946675 0.972 21.29867786 4527.933084 1.767 -0.339 -1.496 -2.333 -2.944 -3.047
NSD 9 NSD 9.84509804 -0.5 0.0048313 1.039951444 0.972 20.92438223 4539.416167 1.782 -0.317 -1.469 -2.301 -2.91 -3.012
NSD 9 NSD 9.84509804 -0.5 0.0048313 1.039954662 0.972 20.19075899 4560.36916 1.813 -0.272 -1.414 -2.238 -2.843 -2.942
NSD 9 NSD 9.84509804 -0.5 0.0048313 1.039963007 0.972 19.41121165 4584.584692 1.847 -0.222 -1.353 -2.168 -2.768 -2.865
NSD 9 NSD 9.84509804 -0.5 0.0048313 1.040013075 0.971 19.00433358 4596.211447 1.865 -0.194 -1.321 -2.131 -2.728 -2.825
NSD 9 NSD 9.84509804 -0.5 0.0048313 1.040060163 0.97 19.79031217 4571.934502 1.83 -0.245 -1.382 -2.202 -2.804 -2.903
NSD 9 NSD 9.84509804 -0.5 0.0048313 1.040106654 0.969 21.11313112 4532.105385 1.772 -0.327 -1.483 -2.318 -2.928 -3.032
NSD 9 NSD 9.84509804 -0.5 0.0048313 1.040148139 0.968 22.58669279 4491.588901 1.713 -0.411 -1.585 -2.435 -3.054 -3.162
NSD 9 NSD 9.84509804 -0.5 0.0048313 1.04018414 0.966 24.10197573 4454.510634 1.656 -0.494 -1.685 -2.551 -3.178 -3.29
NSD 9 NSD 9.84509804 -0.5 0.0048313 1.040215373 0.965 25.74261401 4415.704474 1.598 -0.574 -1.783 -2.665 -3.3 -3.418
NSD 9 NSD 9.84509804 -0.5 0.0048313 1.040242434 0.963 27.46961957 4379.252635 1.542 -0.654 -1.879 -2.778 -3.42 -3.543
NSD 9 NSD 9.84509804 -0.5 0.0048313 1.040266037 0.961 29.27875765 4343.101709 1.485 -0.73 -1.974 -2.89 -3.54 -3.669
NSD 9 NSD 9.84509804 -0.5 0.0048313 1.040287137 0.959 31.20704483 4307.24921 1.429 -0.802 -2.07 -3.001 -3.663 -3.796
NSD 9 NSD 9.84509804 -0.5 0.0048313 1.040306211 0.956 33.26232823 4271.692675 1.372 -0.873 -2.165 -3.113 -3.786 -3.923
NSD 9 NSD 9.84509804 -0.5 0.0048313 1.040323615 0.954 35.4856402 4234.479162 1.315 -0.941 -2.26 -3.224 -3.91 -4.051
NSD 9 NSD 9.84509804 -0.5 0.0048313 1.040336013 0.951 37.64893061 4185.043727 1.262 -0.971 -2.325 -3.312 -4.015 -4.162
NSD 9 NSD 9.84509804 -0.5 0.0048313 1.040351152 0.948 40.51843334 4130.47502 1.197 -1.016 -2.412 -3.426 -4.148 -4.303
NSD 9 NSD 9.84509804 -0.5 0.0048313 1.040365577 0.944 43.20685395 4095.434646 1.139 -1.081 -2.506 -3.536 -4.27 -4.431
NSD 9 NSD 9.84509804 -0.5 0.0048313 1.040379524 0.939 46.07365276 4060.691534 1.081 -1.144 -2.598 -3.646 -4.393 -4.558
NSD 9 NSD 9.84509804 -0.5 0.0048313 1.040392637 0.933 49.2099184 4025.31619 1.022 -1.204 -2.69 -3.756 -4.516 -4.687
NSD 9 NSD 9.84509804 -0.5 0.0048313 1.040405035 0.926 52.41464453 3991.167918 0.963 -1.261 -2.781 -3.865 -4.637 -4.814
NSD 9 NSD 9.84509804 -0.5 0.0048313 1.040417194 0.918 56.03413148 3954.576671 0.901 -1.313 -2.873 -3.977 -4.761 -4.945
NSD 9 NSD 9.84509804 -0.5 0.0048313 1.040427923 0.909 60.12466157 3915.615148 0.836 -1.367 -2.969 -4.095 -4.892 -5.083
NSD 9 NSD 9.84509804 -0.5 0.0048313 1.040435672 0.901 64.54351971 3876.144867 0.77 -1.416 -3.064 -4.213 -5.024 -5.223
NSD 9 NSD 9.84509804 -0.5 0.0048313 1.040441275 0.893 69.06414582 3838.839899 0.708 -1.458 -3.154 -4.326 -5.15 -5.355
NSD 9 NSD 9.84509804 -0.5 0.0048313 1.04044652 0.884 74.08881436 3799.268615 0.643 -1.499 -3.247 -4.442 -5.28 -5.493
NSD 9 NSD 9.84509804 -0.5 0.0048313 1.040451169 0.874 79.51565575 3759.23954 0.576 -1.524 -3.337 -4.559 -5.41 -5.631
NSD 9 NSD 9.84509804 -0.5 0.0048313 1.040455103 0.864 85.04575576 3719.632212 0.513 -1.543 -3.419 -4.667 -5.532 -5.761
NSD 9 NSD 9.84509804 -0.5 0.0048313 1.040459395 0.85 91.27516881 3676.207358 0.444 -1.537 -3.502 -4.783 -5.661 -5.898
NSD 9 NSD 9.84509804 -0.5 0.0048313 1.040461898 0.839 95.29116682 3650.059971 0.401 -1.528 -3.55 -4.853 -5.739 -5.982
NSD 9 NSD 9.84509804 -0.5 0.0048313 1.040462732 0.835 96.15074306 3644.181508 0.391 -1.524 -3.559 -4.866 -5.753 -5.997
NSD 9 NSD 9.84509804 -0.5 0.0048313 1.040462852 0.835 94.613399 3652.582214 0.405 -1.522 -3.538 -4.839 -5.724 -5.966
NSD 9 NSD 9.84509804 -0.5 0.0048313 1.040463209 0.833 96.23934196 3642.503687 0.389 -1.521 -3.559 -4.867 -5.755 -6
NSD 9 NSD 9.84509804 -0.5 0.0048313 1.040463448 0.832 99.1636822 3625.767902 0.363 -1.518 -3.595 -4.916 -5.809 -6.057
NSD 9 NSD 9.84509804 -0.5 0.0048313 1.040463686 0.831 103.0511031 3604.126286 0.329 -1.503 -3.638 -4.98 -5.879 -6.131
NSD 9 NSD 9.84509804 -0.5 0.0048313 1.040464044 0.829 106.9676968 3582.613846 0.296 -1.486 -3.68 -5.042 -5.946 -6.203
NSD 9 NSD 9.84509804 -0.5 0.0048313 1.040464401 0.826 110.7267734 3562.049907 0.264 -1.467 -3.717 -5.099 -6.009 -6.27
NSD 9 NSD 9.84509804 -0.5 0.0048313 1.040465236 0.82 114.961559 3538.343568 0.228 -1.433 -3.753 -5.159 -6.075 -6.342
NSD 9 NSD 9.84509804 -0.5 0.0048313 1.040465951 0.813 97.3985844 3624.933135 0.368 -1.474 -3.553 -4.875 -5.769 -6.017
NSD 9 NSD 9.84509804 -0.5 0.0048313 1.04046607 0.812 110.8288035 3556.313186 0.255 -1.444 -3.709 -5.097 -6.008 -6.27
NSD 9 NSD 9.84509804 -0.5 0.0048313 1.040466189 0.811 115.4656075 3532.645026 0.219 -1.413 -3.752 -5.165 -6.082 -6.35
NSD 9 NSD 9.84509804 -0.5 0.0048313 1.040466309 0.81 105.2816408 3584.26408 0.299 -1.458 -3.649 -5.01 -5.914 -6.17
NSD 9 NSD 9.84509804 -0.5 0.0048313 1.040466428 0.809 101.4034299 3604.126286 0.331 -1.466 -3.603 -4.945 -5.844 -6.096
NSD 9 NSD 9.84509804 -0.5 0.0048313 1.040466905 0.805 104.6291374 3585.089483 0.302 -1.45 -3.637 -4.997 -5.9 -6.156
NSD 9 NSD 9.84509804 -0.5 0.0048313 1.040467262 0.802 111.2891037 3548.950974 0.246 -1.42 -3.706 -5.1 -6.013 -6.277
NSD 9 NSD 9.84509804 -0.5 0.0048313 1.04046762 0.799 117.1258201 3519.654225 0.201 -1.372 -3.755 -5.184 -6.104 -6.375
NSD 9 NSD 9.84509804 -0.5 0.0048313 1.040467858 0.795 122.9285177 3491.403155 0.156 -1.322 -3.801 -5.263 -6.191 -6.468
NSD 9 NSD 9.84509804 -0.5 0.0048313 1.040468216 0.791 127.6593547 3469.764505 0.121 -1.28 -3.836 -5.325 -6.259 -6.542
NSD 9 NSD 9.84509804 -0.5 0.0048313 1.040468574 0.785 133.4604684 3442.706504 0.079 -1.208 -3.869 -5.398 -6.337 -6.626
NSD 9 NSD 9.84509804 -0.5 0.0048313 1.04046917 0.778 139.1402069 3416.646128 0.039 -1.132 -3.898 -5.466 -6.41 -6.704
NSD 9 NSD 9.84509804 -0.5 0.0048313 1.040469885 0.765 145.5970732 3388.441561 -0.007 -1.038 -3.924 -5.537 -6.487 -6.789
NSD 9 NSD 9.84509804 -0.5 0.0048313 1.040470243 0.759 136.9785753 3427.677865 0.043 -1.162 -3.887 -5.439 -6.381 -6.674
NSD 9 NSD 9.84509804 -0.5 0.0048313 1.040470362 0.758 92.88650985 3627.438015 0.38 -1.384 -3.454 -4.774 -5.667 -5.915
NSD 9 NSD 9.84509804 -0.5 0.0048313 1.040470362 0.758 92.88650985 3627.438015 0.38 -1.4 -3.202 -4.774 -5.667 -5.915
NSD 9 NSD 9.84509804 -0.5 0.0048313 1.0404706 0.753 54.36916271 3971.001033 0.841 -1.286 -2.834 -3.931 -4.705 -4.888
NSD 9 NSD 9.84509804 -0.5 0.0048313 1.040470839 0.749 55.77667803 3954.576671 0.817 -1.3 -2.865 -3.972 -4.751 -4.937
NSD 9 NSD 9.84509804 -0.5 0.0048313 1.040471196 0.743 68.43096192 3821.202032 0.636 -1.387 -3.109 -4.293 -5.121 -5.331
NSD 9 NSD 9.84509804 -0.5 0.0048313 1.040471554 0.737 90.14728363 3648.379443 0.392 -1.399 -3.427 -4.731 -5.617 -5.861
NSD 9 NSD 9.84509804 -0.5 0.0048313 1.040472031 0.729 113.5148409 3509.942485 0.188 -1.249 -3.666 -5.106 -6.029 -6.302
NSD 9 NSD 9.84509804 -0.5 0.0048313 1.040472627 0.719 131.2963475 3425.310927 0.055 -1.061 -3.792 -5.347 -6.29 -6.582
NSD 9 NSD 9.84509804 -0.5 0.0048313 1.040473223 0.709 141.466186 3384.542719 -0.015 -0.936 -3.846 -5.47 -6.421 -6.725
NSD 9 NSD 9.84509804 -0.5 0.0048313 1.040473938 0.698 145.8319372 3368.216508 -0.049 -0.87 -3.862 -5.522 -6.476 -6.784
NSD 9 NSD 9.84509804 -0.5 0.0048313 1.040474653 0.686 147.8947116 3362.017735 -0.068 -0.846 -3.872 -5.547 -6.502 -6.812
NSD 9 NSD 9.84509804 -0.5 0.0048313 1.040474653 0.686 147.8947116 3362.017735 -0.068 -1.335 -3.629 -5.547 -6.502 -6.812
NSD 9 NSD 9.84509804 -0.5 0.0048313 1.040474773 0.682 78.84109453 3742.829122 0.476 -1.445 -3.291 -4.527 -5.38 -5.607
NSD 9 NSD 9.84509804 -0.5 0.0048313 1.040475011 0.678 57.5774789 3950.936048 0.746 -1.354 -2.929 -4.039 -4.818 -5.006
NSD 9 NSD 9.84509804 -0.5 0.0048313 1.040475369 0.672 58.98650231 3937.313537 0.721 -1.373 -2.962 -4.081 -4.863 -5.054
NSD 9 NSD 9.84509804 -0.5 0.0048313 1.040475726 0.664 72.23582627 3808.026833 0.54 -1.459 -3.205 -4.399 -5.228 -5.443
NSD 9 NSD 9.84509804 -0.5 0.0048313 1.040476203 0.654 94.76602074 3639.150361 0.297 -1.458 -3.518 -4.833 -5.719 -5.968
NSD 9 NSD 9.84509804 -0.5 0.0048313 1.040476799 0.643 118.8646305 3505.903839 0.094 -1.302 -3.751 -5.202 -6.124 -6.404
NSD 9 NSD 9.84509804 -0.5 0.0048313 1.040477514 0.63 137.0416708 3426.888704 -0.039 -1.116 -3.874 -5.438 -6.38 -6.68
NSD 9 NSD 9.84509804 -0.5 0.0048313 1.040478229 0.616 147.1135396 3392.344895 -0.11 -1.018 -3.934 -5.557 -6.508 -6.819
NSD 9 NSD 9.84509804 -0.5 0.0048313 1.040479064 0.601 150.9915505 3385.322128 -0.144 -1.001 -3.963 -5.605 -6.557 -6.874
NSD 9 NSD 9.84509804 -0.5 0.0048313 1.040480018 0.584 152.1782708 3391.563869 -0.163 -1.035 -3.986 -5.624 -6.577 -6.897
NSD 9 NSD 9.84509804 -0.5 0.0048313 1.040483355 0.511 3.335436253e-06 10000 1.816 30.061 30.042 30.036 30.057 30.065
