# component component_index family logAge MH Zini Mini Mass radius_rsun Teff_K logg Jmag_2mass Hmag_2mass Ksmag_2mass F087mag F146mag F213mag
thin1 0 thin_disk 8 -0.5 0.0048313 0.0900000036 0.09 0.1897372688 2818.382931 4.834 9.412 8.904 8.644 10.773 9.433 8.707
thin1 0 thin_disk 8 -0.5 0.0048313 0.0948086083 0.095 0.1935765052 2850.361872 4.838 9.331 8.82 8.561 10.661 9.345 8.622
thin1 0 thin_disk 8 -0.5 0.0048313 0.1000000015 0.1 0.1977209301 2886.02441 4.843 9.245 8.729 8.471 10.539 9.251 8.531
thin1 0 thin_disk 8 -0.5 0.0048313 0.1038407609 0.104 0.2009799088 2907.367959 4.846 9.188 8.67 8.413 10.464 9.19 8.472
thin1 0 thin_disk 8 -0.5 0.0048313 0.1138021648 0.114 0.2088587358 2964.14879 4.852 9.043 8.518 8.265 10.269 9.034 8.321
thin1 0 thin_disk 8 -0.5 0.0048313 0.1199999973 0.12 0.213183037 3000.544002 4.856 8.958 8.43 8.178 10.154 8.942 8.233
thin1 0 thin_disk 8 -0.5 0.0048313 0.1223272085 0.122 0.2149080308 3010.925432 4.858 8.929 8.4 8.149 10.117 8.911 8.203
thin1 0 thin_disk 8 -0.5 0.0048313 0.1400000006 0.14 0.2285349597 3087.450476 4.864 8.72 8.184 7.938 9.848 8.689 7.988
thin1 0 thin_disk 8 -0.5 0.0048313 0.1565605998 0.157 0.2402440524 3147.748314 4.868 8.549 8.007 7.766 9.638 8.509 7.814
thin1 0 thin_disk 8 -0.5 0.0048313 0.1599999964 0.16 0.2428022153 3160.09399 4.869 8.514 7.971 7.731 9.596 8.472 7.778
thin1 0 thin_disk 8 -0.5 0.0048313 0.1883870661 0.188 0.2622120494 3243.396173 4.873 8.265 7.716 7.482 9.299 8.213 7.526
thin1 0 thin_disk 8 -0.5 0.0048313 0.1999999881 0.2 0.2702418746 3274.914756 4.873 8.17 7.619 7.386 9.188 8.113 7.429
thin1 0 thin_disk 8 -0.5 0.0048313 0.25 0.25 0.3016147977 3381.426875 4.874 7.829 7.269 7.044 8.795 7.759 7.082
thin1 0 thin_disk 8 -0.5 0.0048313 0.3000000119 0.3 0.3330831359 3465.77209 4.867 7.535 6.967 6.747 8.465 7.455 6.782
thin1 0 thin_disk 8 -0.5 0.0048313 0.3499999642 0.35 0.3670731721 3549.768245 4.849 7.249 6.674 6.458 8.147 7.16 6.49
thin1 0 thin_disk 8 -0.5 0.0048313 0.3675231636 0.368 0.3805858565 3585.915075 4.84 7.141 6.563 6.348 8.026 7.048 6.379
thin1 0 thin_disk 8 -0.5 0.0048313 0.3999999762 0.4 0.4054643215 3652.582214 4.821 6.947 6.362 6.15 7.809 6.846 6.178
thin1 0 thin_disk 8 -0.5 0.0048313 0.4015866518 0.402 0.4066798408 3657.63193 4.82 6.936 6.351 6.138 7.796 6.834 6.166
thin1 0 thin_disk 8 -0.5 0.0048313 0.4499999881 0.45 0.4525354905 3793.14985 4.777 6.594 5.996 5.791 7.411 6.479 5.813
thin1 0 thin_disk 8 -0.5 0.0048313 0.4999999404 0.5 0.4961952984 4031.809464 4.744 6.2 5.579 5.405 6.958 6.067 5.419
thin1 0 thin_disk 8 -0.5 0.0048313 0.5046813488 0.505 0.4984856318 4064.433292 4.743 6.164 5.539 5.37 6.914 6.028 5.384
thin1 0 thin_disk 8 -0.5 0.0048313 0.5415663719 0.541 0.5149352764 4253.045217 4.745 5.942 5.308 5.17 6.656 5.8 5.18
thin1 0 thin_disk 8 -0.5 0.0048313 0.5500000119 0.55 0.5186240411 4279.568675 4.746 5.908 5.274 5.14 6.617 5.765 5.149
thin1 0 thin_disk 8 -0.5 0.0048313 0.5650381446 0.565 0.524508638 4322.151642 4.748 5.851 5.22 5.092 6.552 5.709 5.101
thin1 0 thin_disk 8 -0.5 0.0048313 0.5990000367 0.599 0.5474603174 4445.288991 4.736 5.668 5.05 4.937 6.345 5.531 4.945
thin1 0 thin_disk 8 -0.5 0.0048313 0.5999999642 0.6 0.5480909673 4450.409766 4.736 5.661 5.044 4.931 6.337 5.525 4.939
thin1 0 thin_disk 8 -0.5 0.0048313 0.6135290861 0.613 0.5580237006 4528.975799 4.73 5.569 4.966 4.861 6.227 5.437 4.868
thin1 0 thin_disk 8 -0.5 0.0048313 0.6499999166 0.65 0.5823078501 4742.419853 4.718 5.338 4.785 4.695 5.947 5.225 4.7
thin1 0 thin_disk 8 -0.5 0.0048313 0.6999999881 0.7 0.6179490157 5030.370811 4.698 5.041 4.568 4.491 5.579 4.957 4.495
thin1 0 thin_disk 8 -0.5 0.0048313 0.7487857342 0.749 0.6523079099 5303.957067 4.68 4.781 4.371 4.305 5.26 4.718 4.308
thin1 0 thin_disk 8 -0.5 0.0048313 0.7564343214 0.756 0.6591020233 5340.722341 4.676 4.742 4.34 4.275 5.213 4.681 4.278
thin1 0 thin_disk 8 -0.5 0.0048313 0.7975714207 0.797 0.6904824504 5546.25713 4.658 4.544 4.183 4.125 4.977 4.496 4.128
thin1 0 thin_disk 8 -0.5 0.0048313 0.8463571072 0.846 0.7334198245 5766.336733 4.632 4.321 3.997 3.947 4.717 4.284 3.95
thin1 0 thin_disk 8 -0.5 0.0048313 0.8690447211 0.868 0.756053703 5858.683001 4.617 4.218 3.907 3.861 4.6 4.184 3.864
thin1 0 thin_disk 8 -0.5 0.0048313 0.8951427937 0.894 0.7799246467 5967.60405 4.603 4.112 3.816 3.775 4.478 4.082 3.777
thin1 0 thin_disk 8 -0.5 0.0048313 0.9136040211 0.913 0.8019598849 6032.537079 4.588 4.028 3.742 3.702 4.385 4.001 3.705
thin1 0 thin_disk 8 -0.5 0.0048313 0.9439284801 0.943 0.8333983664 6143.275613 4.569 3.906 3.636 3.601 4.248 3.884 3.603
thin1 0 thin_disk 8 -0.5 0.0048313 0.9927142262 0.993 0.8899234377 6308.120779 4.533 3.706 3.457 3.427 4.027 3.689 3.429
thin1 0 thin_disk 8 -0.5 0.0048313 1.041499853 1.041 0.9494074709 6465.468498 4.498 3.514 3.285 3.258 3.816 3.502 3.26
thin1 0 thin_disk 8 -0.5 0.0048313 1.090285659 1.089 1.007285645 6622.165037 4.466 3.334 3.125 3.102 3.618 3.327 3.103
thin1 0 thin_disk 8 -0.5 0.0048313 1.139071226 1.138 1.064517107 6784.221205 4.438 3.164 2.977 2.955 3.428 3.162 2.957
thin1 0 thin_disk 8 -0.5 0.0048313 1.187857151 1.187 1.115199702 6956.647535 4.415 3.01 2.846 2.825 3.254 3.013 2.826
thin1 0 thin_disk 8 -0.5 0.0048313 1.236642718 1.236 1.156252394 7149.900532 4.401 2.874 2.734 2.714 3.096 2.882 2.715
thin1 0 thin_disk 8 -0.5 0.0048313 1.285428286 1.285 1.185366488 7377.34341 4.397 2.759 2.646 2.627 2.956 2.772 2.628
thin1 0 thin_disk 8 -0.5 0.0048313 1.334214211 1.334 1.198816315 7641.87624 4.403 2.664 2.579 2.561 2.833 2.681 2.562
thin1 0 thin_disk 8 -0.5 0.0048313 1.382999897 1.383 1.207960254 7921.364542 4.412 2.581 2.524 2.507 2.723 2.602 2.508
thin1 0 thin_disk 8 -0.5 0.0048313 1.399462581 1.399 1.209630266 8016.780634 4.415 2.555 2.506 2.489 2.688 2.576 2.49
thin1 0 thin_disk 8 -0.5 0.0048313 1.431785583 1.432 1.215773421 8201.626732 4.422 2.505 2.473 2.456 2.622 2.528 2.456
thin1 0 thin_disk 8 -0.5 0.0048313 1.48057127 1.48 1.222792158 8480.080989 4.431 2.436 2.423 2.406 2.53 2.46 2.407
thin1 0 thin_disk 8 -0.5 0.0048313 1.529356957 1.529 1.232686514 8747.82326 4.438 2.373 2.375 2.359 2.448 2.398 2.359
thin1 0 thin_disk 8 -0.5 0.0048313 1.578142643 1.578 1.242374832 9009.485694 4.445 2.314 2.326 2.312 2.372 2.338 2.312
thin1 0 thin_disk 8 -0.5 0.0048313 1.62692833 1.626 1.252716059 9266.164375 4.451 2.256 2.277 2.265 2.299 2.28 2.265
thin1 0 thin_disk 8 -0.5 0.0048313 1.675714135 1.675 1.263434247 9512.61675 4.456 2.2 2.228 2.218 2.231 2.224 2.218
thin1 0 thin_disk 8 -0.5 0.0048313 1.724499702 1.723 1.276299634 9752.141632 4.459 2.145 2.179 2.171 2.164 2.169 2.171
thin1 0 thin_disk 8 -0.5 0.0048313 1.773285389 1.772 1.291673188 9977.000638 4.462 2.089 2.128 2.123 2.099 2.113 2.123
thin1 0 thin_disk 8 -0.5 0.0048313 1.822966337 1.822 1.308737796 10195.29978 4.463 2.034 2.076 2.073 2.033 2.057 2.073
thin1 0 thin_disk 8 -0.5 0.0048313 1.872647524 1.871 1.326638647 10403.99177 4.462 1.977 2.022 2.022 1.969 2 2.022
thin1 0 thin_disk 8 -0.5 0.0048313 1.922328472 1.921 1.344784345 10604.73938 4.462 1.922 1.969 1.971 1.905 1.944 1.971
thin1 0 thin_disk 8 -0.5 0.0048313 1.97200954 1.972 1.364120215 10799.40927 4.46 1.866 1.916 1.92 1.843 1.889 1.92
thin1 0 thin_disk 8 -0.5 0.0048313 2.021690607 2.022 1.385647124 10990.05839 4.458 1.811 1.863 1.869 1.782 1.834 1.868
thin1 0 thin_disk 8 -0.5 0.0048313 2.071371555 2.071 1.407513746 11171.20445 4.455 1.757 1.81 1.818 1.721 1.779 1.817
thin1 0 thin_disk 8 -0.5 0.0048313 2.121052504 2.12 1.429396271 11350.10816 4.451 1.702 1.757 1.767 1.661 1.724 1.766
thin1 0 thin_disk 8 -0.5 0.0048313 2.17073369 2.169 1.451953289 11523.91377 4.448 1.648 1.705 1.716 1.602 1.671 1.715
thin1 0 thin_disk 8 -0.5 0.0048313 2.220414638 2.219 1.474526713 11694.99391 4.444 1.595 1.654 1.666 1.544 1.617 1.665
thin1 0 thin_disk 8 -0.5 0.0048313 2.270095587 2.269 1.498830924 11863.14941 4.44 1.542 1.602 1.616 1.487 1.565 1.615
thin1 0 thin_disk 8 -0.5 0.0048313 2.276645422 2.275 1.501940212 11885.02227 4.439 1.535 1.596 1.609 1.479 1.558 1.608
thin1 0 thin_disk 8 -0.5 0.0048313 2.319776535 2.318 1.521432345 12028.18225 4.436 1.49 1.552 1.567 1.43 1.512 1.566
thin1 0 thin_disk 8 -0.5 0.0048313 2.369457722 2.368 1.545797658 12189.89599 4.431 1.439 1.502 1.518 1.375 1.461 1.517
thin1 0 thin_disk 8 -0.5 0.0048313 2.419138908 2.418 1.570191582 12348.09608 4.427 1.389 1.453 1.47 1.321 1.411 1.469
thin1 0 thin_disk 8 -0.5 0.0048313 2.500110626 2.499 1.610099239 12600.85459 4.419 1.308 1.374 1.393 1.234 1.33 1.392
thin1 0 thin_disk 8 -0.5 0.0048313 2.617862701 2.617 1.670139105 12962.83521 4.407 1.192 1.261 1.282 1.111 1.215 1.281
thin1 0 thin_disk 8 -0.5 0.0048313 2.665778399 2.665 1.695714153 13103.8828 4.402 1.145 1.215 1.238 1.062 1.168 1.236
thin1 0 thin_disk 8 -0.5 0.0048313 2.813869715 2.814 1.777676146 13533.18442 4.385 1.003 1.076 1.101 0.911 1.026 1.1
thin1 0 thin_disk 8 -0.5 0.0048313 2.816586971 2.816 1.779314201 13542.53604 4.385 1.001 1.074 1.099 0.909 1.024 1.097
thin1 0 thin_disk 8 -0.5 0.0048313 2.937568188 2.937 1.848215656 13873.94601 4.37 0.887 0.962 0.989 0.789 0.91 0.988
thin1 0 thin_disk 8 -0.5 0.0048313 3.015311241 3.015 1.895625948 14083.15632 4.359 0.815 0.891 0.919 0.713 0.838 0.918
thin1 0 thin_disk 8 -0.5 0.0048313 3.060493469 3.06 1.921111823 14200.38111 4.353 0.773 0.85 0.879 0.669 0.796 0.877
thin1 0 thin_disk 8 -0.5 0.0048313 3.172539473 3.172 1.996423369 14477.71423 4.336 0.667 0.746 0.776 0.559 0.69 0.774
thin1 0 thin_disk 8 -0.5 0.0048313 3.214035034 3.213 2.024196385 14578.06895 4.329 0.628 0.708 0.738 0.518 0.651 0.736
thin1 0 thin_disk 8 -0.5 0.0048313 3.237134934 3.236 2.041045305 14635.2451 4.326 0.607 0.687 0.717 0.495 0.63 0.716
thin1 0 thin_disk 8 -0.5 0.0048313 3.338161945 3.336 2.112772059 14873.0487 4.309 0.512 0.593 0.625 0.396 0.535 0.623
thin1 0 thin_disk 8 -0.5 0.0048313 3.412759304 3.411 2.168965504 15038.34348 4.296 0.441 0.523 0.556 0.323 0.464 0.554
thin1 0 thin_disk 8 -0.5 0.0048313 3.507244587 3.505 2.244670737 15240.52754 4.278 0.351 0.434 0.468 0.23 0.374 0.466
thin1 0 thin_disk 8 -0.5 0.0048313 3.611483097 3.609 2.332666459 15448.98673 4.257 0.25 0.334 0.369 0.126 0.273 0.367
thin1 0 thin_disk 8 -0.5 0.0048313 3.631576061 3.629 2.35045881 15488.16619 4.253 0.23 0.315 0.35 0.106 0.253 0.348
thin1 0 thin_disk 8 -0.5 0.0048313 3.766236067 3.764 2.481147853 15721.71792 4.222 0.095 0.181 0.217 -0.034 0.118 0.215
thin1 0 thin_disk 8 -0.5 0.0048313 3.810207129 3.808 2.528439957 15790.64973 4.21 0.048 0.134 0.17 -0.082 0.071 0.168
thin1 0 thin_disk 8 -0.5 0.0048313 3.876693249 3.875 2.604069943 15885.46749 4.192 -0.023 0.063 0.1 -0.154 -0 0.098
thin1 0 thin_disk 8 -0.5 0.0048313 3.986628532 3.987 2.741906524 16025.07239 4.16 -0.145 -0.058 -0.02 -0.278 -0.122 -0.023
thin1 0 thin_disk 8 -0.5 0.0048313 4.00893116 4.009 2.771102849 16050.92258 4.153 -0.171 -0.083 -0.046 -0.304 -0.148 -0.048
thin1 0 thin_disk 8 -0.5 0.0048313 4.083377361 4.083 2.875097949 16125.01027 4.129 -0.256 -0.168 -0.13 -0.391 -0.233 -0.132
thin1 0 thin_disk 8 -0.5 0.0048313 4.166822434 4.165 3.008518212 16177.07504 4.098 -0.359 -0.271 -0.233 -0.495 -0.336 -0.235
thin1 0 thin_disk 8 -0.5 0.0048313 4.20765543 4.206 3.081432401 16188.25363 4.081 -0.414 -0.326 -0.287 -0.55 -0.391 -0.289
thin1 0 thin_disk 8 -0.5 0.0048313 4.273022175 4.271 3.207396455 16199.43994 4.053 -0.501 -0.413 -0.375 -0.638 -0.479 -0.377
thin1 0 thin_disk 8 -0.5 0.0048313 4.367800236 4.365 3.418634293 16177.07504 4.008 -0.637 -0.55 -0.511 -0.773 -0.615 -0.513
thin1 0 thin_disk 8 -0.5 0.0048313 4.4063797 4.404 3.520891523 16143.58557 3.986 -0.698 -0.611 -0.572 -0.834 -0.676 -0.574
thin1 0 thin_disk 8 -0.5 0.0048313 4.452025414 4.449 3.643784171 16099.04076 3.96 -0.771 -0.684 -0.646 -0.907 -0.749 -0.648
thin1 0 thin_disk 8 -0.5 0.0048313 4.522613049 4.52 3.874829923 15984.53475 3.914 -0.896 -0.81 -0.772 -1.03 -0.874 -0.774
thin1 0 thin_disk 8 -0.5 0.0048313 4.600811958 4.598 4.175924565 15801.56129 3.856 -1.046 -0.961 -0.924 -1.179 -1.024 -0.926
thin1 0 thin_disk 8 -0.5 0.0048313 4.605103493 4.603 4.196165849 15790.64973 3.853 -1.055 -0.97 -0.932 -1.187 -1.032 -0.935
thin1 0 thin_disk 8 -0.5 0.0048313 4.611490726 4.609 4.220390578 15772.48053 3.848 -1.067 -0.982 -0.945 -1.199 -1.045 -0.947
thin1 0 thin_disk 8 -0.5 0.0048313 4.67350769 4.671 4.541011951 15541.75291 3.79 -1.208 -1.124 -1.088 -1.337 -1.186 -1.09
thin1 0 thin_disk 8 -0.5 0.0048313 4.731548309 4.729 4.897254172 15279.17834 3.731 -1.351 -1.27 -1.234 -1.477 -1.329 -1.236
thin1 0 thin_disk 8 -0.5 0.0048313 4.782464504 4.78 5.263233587 15021.03991 3.672 -1.488 -1.408 -1.374 -1.611 -1.466 -1.376
thin1 0 thin_disk 8 -0.5 0.0048313 4.803827286 4.802 5.426910319 14921.07111 3.648 -1.546 -1.468 -1.434 -1.668 -1.525 -1.436
thin1 0 thin_disk 8 -0.5 0.0048313 4.825404167 4.824 5.595677092 14821.76762 3.623 -1.606 -1.527 -1.494 -1.726 -1.584 -1.496
thin1 0 thin_disk 8 -0.5 0.0048313 4.845593929 4.844 5.745828311 14753.66778 3.602 -1.658 -1.58 -1.547 -1.777 -1.636 -1.549
thin1 0 thin_disk 8 -0.5 0.0048313 4.863874912 4.862 5.663079323 15041.80658 3.616 -1.649 -1.57 -1.535 -1.773 -1.628 -1.537
thin1 0 thin_disk 8 -0.5 0.0048313 4.872778893 4.871 5.496074928 15409.90637 3.643 -1.613 -1.531 -1.495 -1.741 -1.591 -1.497
thin1 0 thin_disk 8 -0.5 0.0048313 4.875874996 4.874 5.313156947 15790.64973 3.673 -1.569 -1.485 -1.447 -1.703 -1.547 -1.449
thin1 0 thin_disk 8 -0.5 0.0048313 4.87735033 4.876 5.148167218 16180.80038 3.7 -1.529 -1.443 -1.403 -1.668 -1.507 -1.406
thin1 0 thin_disk 8 -0.5 0.0048313 4.878128529 4.877 5.015943603 16534.84012 3.722 -1.501 -1.412 -1.372 -1.644 -1.479 -1.374
thin1 0 thin_disk 8 -0.5 0.0048313 4.878574371 4.877 4.93915488 16768.72336 3.737 -1.483 -1.393 -1.351 -1.629 -1.461 -1.354
thin1 0 thin_disk 8 -0.5 0.0048313 4.878835678 4.877 4.979120592 16462.65966 3.729 -1.48 -1.392 -1.351 -1.622 -1.458 -1.353
thin1 0 thin_disk 8 -0.5 0.0048313 4.879013062 4.877 5.078700996 16151.02168 3.712 -1.499 -1.413 -1.373 -1.637 -1.477 -1.376
thin1 0 thin_disk 8 -0.5 0.0048313 4.879224777 4.878 5.32417896 15710.8615 3.671 -1.567 -1.484 -1.446 -1.7 -1.546 -1.449
thin1 0 thin_disk 8 -0.5 0.0048313 4.879446983 4.878 5.673520714 15289.73647 3.615 -1.674 -1.593 -1.558 -1.801 -1.653 -1.56
thin1 0 thin_disk 8 -0.5 0.0048313 4.879692078 4.878 6.104535798 14876.47374 3.553 -1.798 -1.72 -1.686 -1.92 -1.777 -1.689
thin1 0 thin_disk 8 -0.5 0.0048313 4.879953861 4.878 6.556206814 14471.04853 3.491 -1.92 -1.845 -1.813 -2.036 -1.899 -1.815
thin1 0 thin_disk 8 -0.5 0.0048313 4.880226135 4.879 7.017018877 14076.67228 3.432 -2.034 -1.961 -1.931 -2.144 -2.013 -1.933
thin1 0 thin_disk 8 -0.5 0.0048313 4.880504608 4.879 7.475713427 13693.04388 3.376 -2.14 -2.07 -2.042 -2.244 -2.12 -2.044
thin1 0 thin_disk 8 -0.5 0.0048313 4.880784988 4.879 7.958892611 13316.80376 3.322 -2.24 -2.174 -2.148 -2.338 -2.22 -2.149
thin1 0 thin_disk 8 -0.5 0.0048313 4.881063938 4.879 8.449920926 12953.88389 3.27 -2.337 -2.274 -2.249 -2.428 -2.317 -2.251
thin1 0 thin_disk 8 -0.5 0.0048313 4.88133955 4.88 8.969178038 12595.05302 3.218 -2.429 -2.37 -2.347 -2.515 -2.41 -2.348
thin1 0 thin_disk 8 -0.5 0.0048313 4.881607056 4.88 9.50501146 12248.9821 3.168 -2.519 -2.462 -2.441 -2.597 -2.5 -2.443
thin1 0 thin_disk 8 -0.5 0.0048313 4.881865501 4.88 10.06126632 11912.42008 3.119 -2.606 -2.552 -2.534 -2.677 -2.587 -2.535
thin1 0 thin_disk 8 -0.5 0.0048313 4.882113934 4.88 10.63782018 11585.10569 3.07 -2.69 -2.64 -2.623 -2.754 -2.672 -2.625
thin1 0 thin_disk 8 -0.5 0.0048313 4.882350445 4.881 11.2396463 11264.19085 3.022 -2.772 -2.726 -2.711 -2.829 -2.755 -2.712
thin1 0 thin_disk 8 -0.5 0.0048313 4.882575512 4.881 11.87552026 10952.16555 2.975 -2.852 -2.809 -2.797 -2.901 -2.835 -2.798
thin1 0 thin_disk 8 -0.5 0.0048313 4.882787705 4.881 12.54159132 10651.23582 2.928 -2.93 -2.891 -2.881 -2.97 -2.913 -2.882
thin1 0 thin_disk 8 -0.5 0.0048313 4.882988453 4.881 13.22064503 10356.18977 2.881 -3.006 -2.972 -2.964 -3.037 -2.99 -2.965
thin1 0 thin_disk 8 -0.5 0.0048313 4.883177757 4.882 13.94609582 10071.6355 2.835 -3.081 -3.05 -3.045 -3.103 -3.066 -3.046
thin1 0 thin_disk 8 -0.5 0.0048313 4.883355618 4.882 14.69442663 9794.899854 2.79 -3.154 -3.128 -3.126 -3.166 -3.139 -3.127
thin1 0 thin_disk 8 -0.5 0.0048313 4.883522987 4.882 15.48291198 9525.767999 2.744 -3.225 -3.205 -3.206 -3.226 -3.211 -3.206
thin1 0 thin_disk 8 -0.5 0.0048313 4.883679867 4.882 16.29493547 9264.031007 2.7 -3.296 -3.28 -3.284 -3.284 -3.282 -3.285
thin1 0 thin_disk 8 -0.5 0.0048313 4.883828163 4.882 17.14954669 9009.485694 2.655 -3.365 -3.355 -3.363 -3.34 -3.351 -3.363
thin1 0 thin_disk 8 -0.5 0.0048313 4.883967876 4.882 18.04066927 8763.952196 2.611 -3.432 -3.429 -3.441 -3.393 -3.419 -3.441
thin1 0 thin_disk 8 -0.5 0.0048313 4.884099007 4.883 18.96499117 8523.147415 2.568 -3.499 -3.503 -3.518 -3.444 -3.486 -3.518
thin1 0 thin_disk 8 -0.5 0.0048313 4.884222507 4.883 19.95044765 8290.867986 2.524 -3.563 -3.577 -3.595 -3.49 -3.55 -3.595
thin1 0 thin_disk 8 -0.5 0.0048313 4.884338379 4.883 20.97261792 8063.062014 2.481 -3.625 -3.652 -3.672 -3.533 -3.612 -3.672
thin1 0 thin_disk 8 -0.5 0.0048313 4.884447098 4.883 22.03700879 7843.321189 2.438 -3.686 -3.726 -3.749 -3.572 -3.673 -3.749
thin1 0 thin_disk 8 -0.5 0.0048313 4.884549618 4.883 23.13942937 7627.812341 2.395 -3.744 -3.801 -3.827 -3.608 -3.732 -3.826
thin1 0 thin_disk 8 -0.5 0.0048313 4.884646416 4.883 24.31378908 7419.933278 2.352 -3.802 -3.877 -3.904 -3.642 -3.791 -3.904
thin1 0 thin_disk 8 -0.5 0.0048313 4.884736538 4.883 25.51835324 7217.719497 2.31 -3.858 -3.953 -3.982 -3.675 -3.849 -3.981
thin1 0 thin_disk 8 -0.5 0.0048313 4.884821892 4.883 26.78259443 7021.016602 2.268 -3.913 -4.029 -4.06 -3.704 -3.905 -4.059
thin1 0 thin_disk 8 -0.5 0.0048313 4.884902 4.883 28.12889325 6831.24718 2.226 -3.965 -4.104 -4.137 -3.731 -3.961 -4.136
thin1 0 thin_disk 8 -0.5 0.0048313 4.884977818 4.883 29.52246693 6645.076729 2.184 -4.014 -4.179 -4.213 -3.755 -4.014 -4.212
thin1 0 thin_disk 8 -0.5 0.0048313 4.885048866 4.883 30.95655647 6466.957398 2.143 -4.062 -4.251 -4.288 -3.776 -4.066 -4.287
thin1 0 thin_disk 8 -0.5 0.0048313 4.885116577 4.883 32.42295883 6293.612504 2.102 -4.106 -4.321 -4.362 -3.795 -4.115 -4.36
thin1 0 thin_disk 8 -0.5 0.0048313 4.885180473 4.884 33.98229024 6126.324544 2.061 -4.148 -4.39 -4.434 -3.81 -4.163 -4.432
thin1 0 thin_disk 8 -0.5 0.0048313 4.885241032 4.884 35.5756337 5963.483198 2.021 -4.189 -4.46 -4.507 -3.825 -4.211 -4.505
thin1 0 thin_disk 8 -0.5 0.0048313 4.885298729 4.884 37.21796686 5810.31931 1.983 -4.227 -4.528 -4.578 -3.835 -4.257 -4.576
thin1 0 thin_disk 8 -0.5 0.0048313 4.885354519 4.884 38.78400417 5668.915715 1.947 -4.257 -4.587 -4.64 -3.84 -4.295 -4.638
thin1 0 thin_disk 8 -0.5 0.0048313 4.885410309 4.884 40.23950641 5539.875439 1.915 -4.282 -4.638 -4.695 -3.841 -4.327 -4.692
thin1 0 thin_disk 8 -0.5 0.0048313 4.885470867 4.884 41.60568195 5420.008904 1.886 -4.299 -4.681 -4.742 -3.835 -4.353 -4.739
thin1 0 thin_disk 8 -0.5 0.0048313 4.885541916 4.884 42.83045074 5305.178489 1.86 -4.308 -4.716 -4.78 -3.82 -4.369 -4.777
thin1 0 thin_disk 8 -0.5 0.0048313 4.885635853 4.884 43.75751445 5197.565847 1.842 -4.301 -4.735 -4.802 -3.79 -4.371 -4.799
thin1 0 thin_disk 8 -0.5 0.0048313 4.885773659 4.884 44.65320591 5074.578791 1.824 -4.279 -4.745 -4.816 -3.74 -4.36 -4.813
thin1 0 thin_disk 8 -0.5 0.0048313 4.885939598 4.884 45.90422344 4947.661737 1.8 -4.269 -4.768 -4.844 -3.699 -4.361 -4.841
thin1 0 thin_disk 8 -0.5 0.0048313 4.885983467 4.884 46.33963886 4915.865592 1.792 -4.272 -4.779 -4.856 -3.694 -4.366 -4.854
thin1 0 thin_disk 8 -0.5 0.0048313 4.886030674 4.884 47.30996697 4882.025011 1.775 -4.295 -4.812 -4.891 -3.708 -4.393 -4.888
thin1 0 thin_disk 8 -0.5 0.0048313 4.886165619 4.885 50.77531716 4786.300923 1.712 -4.394 -4.933 -5.018 -3.782 -4.5 -5.015
thin1 0 thin_disk 8 -0.5 0.0048313 4.886251926 4.885 53.90792864 4726.068369 1.66 -4.488 -5.038 -5.127 -3.858 -4.597 -5.124
thin1 0 thin_disk 8 -0.5 0.0048313 4.886343479 4.885 57.7102087 4668.743344 1.601 -4.601 -5.16 -5.256 -3.953 -4.712 -5.252
thin1 0 thin_disk 8 -0.5 0.0048313 4.886432171 4.885 61.2847819 4622.745665 1.549 -4.701 -5.268 -5.369 -4.038 -4.815 -5.366
thin1 0 thin_disk 8 -0.5 0.0048313 4.886476517 4.885 62.97274792 4602.565736 1.525 -4.747 -5.319 -5.422 -4.077 -4.863 -5.418
thin1 0 thin_disk 8 -0.5 0.0048313 4.8865242 4.885 64.57324995 4584.584692 1.504 -4.789 -5.364 -5.469 -4.113 -4.906 -5.465
thin1 0 thin_disk 8 -0.5 0.0048313 4.88655138 4.885 65.23079099 4577.201167 1.495 -4.808 -5.383 -5.489 -4.129 -4.924 -5.486
thin1 0 thin_disk 8 -0.5 0.0048313 4.886793137 4.885 69.92824758 4528.975799 1.435 -4.925 -5.511 -5.623 -4.229 -5.045 -5.619
thin1 0 thin_disk 8 -0.5 0.0048313 4.887229443 4.886 75.29266075 4479.195313 1.371 -5.051 -5.651 -5.768 -4.338 -5.177 -5.764
thin1 0 thin_disk 8 -0.5 0.0048313 4.887699604 4.886 80.43640365 4437.108004 1.313 -5.165 -5.778 -5.899 -4.436 -5.295 -5.896
thin1 0 thin_disk 8 -0.5 0.0048313 4.888203144 4.887 86.0305392 4395.416154 1.255 -5.281 -5.906 -6.032 -4.538 -5.417 -6.029
thin1 0 thin_disk 8 -0.5 0.0048313 4.88870573 4.887 91.59096713 4359.131797 1.201 -5.39 -6.026 -6.157 -4.634 -5.53 -6.153
thin1 0 thin_disk 8 -0.5 0.0048313 4.889242649 4.888 96.57231557 4329.123745 1.155 -5.482 -6.128 -6.262 -4.715 -5.626 -6.258
thin1 0 thin_disk 8 -0.5 0.0048313 4.890575409 4.889 100.9607678 4305.266105 1.116 -5.561 -6.214 -6.351 -4.785 -5.708 -6.347
thin1 0 thin_disk 8 -0.5 0.0048313 4.899419785 4.898 97.73556881 4328.127042 1.145 -5.509 -6.155 -6.289 -4.741 -5.653 -6.285
thin1 0 thin_disk 8 -0.5 0.0048313 4.915344715 4.914 92.07731461 4370.186791 1.198 -5.411 -6.043 -6.172 -4.658 -5.549 -6.168
thin1 0 thin_disk 8 -0.5 0.0048313 4.927401543 4.926 87.24743036 4407.577932 1.246 -5.321 -5.942 -6.067 -4.582 -5.455 -6.063
thin1 0 thin_disk 8 -0.5 0.0048313 4.938402176 4.937 82.49975234 4447.336594 1.296 -5.229 -5.838 -5.959 -4.504 -5.358 -5.955
thin1 0 thin_disk 8 -0.5 0.0048313 4.949095726 4.948 78.28032947 4487.453899 1.343 -5.143 -5.739 -5.856 -4.432 -5.267 -5.852
thin1 0 thin_disk 8 -0.5 0.0048313 4.96198225 4.961 74.1058759 4538.371048 1.391 -5.061 -5.643 -5.754 -4.367 -5.179 -5.75
thin1 0 thin_disk 8 -0.5 0.0048313 4.979606152 4.978 70.10558939 4609.990177 1.441 -4.987 -5.555 -5.658 -4.319 -5.101 -5.655
thin1 0 thin_disk 8 -0.5 0.0048313 4.982736587 4.982 69.55889029 4622.745665 1.448 -4.979 -5.544 -5.645 -4.315 -5.092 -5.642
thin1 0 thin_disk 8 -0.5 0.0048313 4.996486664 4.995 68.33648633 4731.51259 1.464 -5.012 -5.557 -5.646 -4.384 -5.119 -5.644
thin1 0 thin_disk 8 -0.5 0.0048313 5.002421379 5.001 67.22837979 4861.832585 1.479 -5.054 -5.572 -5.652 -4.463 -5.152 -5.649
thin1 0 thin_disk 8 -0.5 0.0048313 5.002552032 5.002 67.18195611 4866.312561 1.48 -5.055 -5.571 -5.651 -4.465 -5.152 -5.648
thin1 0 thin_disk 8 -0.5 0.0048313 5.004444122 5.003 66.19918532 4936.282431 1.492 -5.066 -5.563 -5.639 -4.494 -5.157 -5.637
thin1 0 thin_disk 8 -0.5 0.0048313 5.006680012 5.006 64.27656281 5050.100257 1.518 -5.065 -5.531 -5.603 -4.522 -5.145 -5.601
thin1 0 thin_disk 8 -0.5 0.0048313 5.008153439 5.007 62.46728703 5146.35807 1.543 -5.055 -5.496 -5.565 -4.534 -5.127 -5.562
thin1 0 thin_disk 8 -0.5 0.0048313 5.009665966 5.009 60.23551736 5265.019694 1.576 -5.034 -5.447 -5.512 -4.54 -5.097 -5.509
thin1 0 thin_disk 8 -0.5 0.0048313 5.011045456 5.01 57.80330157 5390.139436 1.611 -5.008 -5.391 -5.453 -4.539 -5.061 -5.451
thin1 0 thin_disk 8 -0.5 0.0048313 5.012362957 5.011 55.53319299 5518.232568 1.647 -4.977 -5.332 -5.391 -4.534 -5.022 -5.388
thin1 0 thin_disk 8 -0.5 0.0048313 5.013707161 5.013 53.18052799 5651.971978 1.683 -4.943 -5.27 -5.325 -4.525 -4.98 -5.323
thin1 0 thin_disk 8 -0.5 0.0048313 5.015133858 5.014 50.89236636 5794.286964 1.722 -4.905 -5.204 -5.255 -4.513 -4.934 -5.253
thin1 0 thin_disk 8 -0.5 0.0048313 5.016661644 5.016 48.63541711 5944.290152 1.762 -4.863 -5.133 -5.181 -4.498 -4.885 -5.179
thin1 0 thin_disk 8 -0.5 0.0048313 5.018327713 5.017 46.40370368 6099.580959 1.802 -4.817 -5.059 -5.104 -4.479 -4.833 -5.102
thin1 0 thin_disk 8 -0.5 0.0048313 5.020066738 5.019 44.36624211 6256.04696 1.841 -4.774 -4.99 -5.032 -4.461 -4.784 -5.031
thin1 0 thin_disk 8 -0.5 0.0048313 5.022452354 5.022 41.94233888 6456.54229 1.891 -4.719 -4.905 -4.943 -4.436 -4.723 -4.942
thin1 0 thin_disk 8 -0.5 0.0048313 5.024382591 5.023 40.24877296 6609.977787 1.927 -4.677 -4.842 -4.877 -4.417 -4.677 -4.876
thin1 0 thin_disk 8 -0.5 0.0048313 5.026365757 5.026 38.74829923 6756.161151 1.961 -4.637 -4.781 -4.816 -4.397 -4.634 -4.814
thin1 0 thin_disk 8 -0.5 0.0048313 5.029141903 5.028 36.86826028 6950.243176 2.004 -4.583 -4.704 -4.736 -4.37 -4.577 -4.735
thin1 0 thin_disk 8 -0.5 0.0048313 5.031511307 5.031 35.4856402 7100.680963 2.037 -4.541 -4.645 -4.675 -4.347 -4.533 -4.674
thin1 0 thin_disk 8 -0.5 0.0048313 5.034691334 5.034 33.61651163 7324.871327 2.084 -4.478 -4.56 -4.588 -4.313 -4.469 -4.587
thin1 0 thin_disk 8 -0.5 0.0048313 5.037657738 5.037 32.34838809 7488.589075 2.118 -4.435 -4.501 -4.528 -4.289 -4.424 -4.527
thin1 0 thin_disk 8 -0.5 0.0048313 5.040637493 5.04 31.27178308 7638.357836 2.147 -4.396 -4.451 -4.476 -4.268 -4.386 -4.475
thin1 0 thin_disk 8 -0.5 0.0048313 5.044930935 5.044 30.11983891 7814.478489 2.181 -4.353 -4.395 -4.418 -4.244 -4.342 -4.417
thin1 0 thin_disk 8 -0.5 0.0048313 5.052750588 5.052 29.11069974 7994.660025 2.211 -4.318 -4.349 -4.369 -4.226 -4.307 -4.369
thin1 0 thin_disk 8 -0.5 0.0048313 5.058612347 5.058 28.65844651 8085.371885 2.224 -4.305 -4.33 -4.349 -4.221 -4.293 -4.349
thin1 0 thin_disk 8 -0.5 0.0048313 5.063916683 5.063 29.47492067 7990.979196 2.201 -4.345 -4.376 -4.396 -4.253 -4.334 -4.396
thin1 0 thin_disk 8 -0.5 0.0048313 5.068624973 5.068 30.53181659 7865.023055 2.171 -4.394 -4.432 -4.454 -4.29 -4.383 -4.454
thin1 0 thin_disk 8 -0.5 0.0048313 5.072518349 5.072 31.59021959 7741.052271 2.142 -4.44 -4.487 -4.51 -4.324 -4.43 -4.51
thin1 0 thin_disk 8 -0.5 0.0048313 5.0759449 5.075 32.76066018 7610.268859 2.11 -4.489 -4.545 -4.57 -4.357 -4.478 -4.57
thin1 0 thin_disk 8 -0.5 0.0048313 5.079039097 5.078 34.10771653 7462.76902 2.076 -4.541 -4.609 -4.636 -4.393 -4.531 -4.636
thin1 0 thin_disk 8 -0.5 0.0048313 5.08165741 5.081 35.66585543 7297.935152 2.037 -4.598 -4.682 -4.711 -4.431 -4.589 -4.71
thin1 0 thin_disk 8 -0.5 0.0048313 5.083769321 5.083 37.32094611 7130.171895 1.997 -4.657 -4.757 -4.788 -4.468 -4.649 -4.787
thin1 0 thin_disk 8 -0.5 0.0048313 5.085565567 5.085 39.25117344 6948.643007 1.953 -4.719 -4.84 -4.872 -4.507 -4.714 -4.871
thin1 0 thin_disk 8 -0.5 0.0048313 5.08722496 5.087 41.49087988 6754.605666 1.906 -4.786 -4.93 -4.964 -4.547 -4.783 -4.963
thin1 0 thin_disk 8 -0.5 0.0048313 5.088878155 5.088 44.15223015 6540.335094 1.852 -4.857 -5.03 -5.067 -4.587 -4.858 -5.065
thin1 0 thin_disk 8 -0.5 0.0048313 5.089685917 5.089 45.8408482 6415.049325 1.82 -4.897 -5.088 -5.127 -4.609 -4.902 -5.126
thin1 0 thin_disk 8 -0.5 0.0048313 5.090473652 5.09 47.97916051 6263.253648 1.781 -4.945 -5.158 -5.2 -4.633 -4.954 -5.199
thin1 0 thin_disk 8 -0.5 0.0048313 5.091129303 5.091 50.18254062 6113.641945 1.741 -4.992 -5.23 -5.275 -4.657 -5.007 -5.273
thin1 0 thin_disk 8 -0.5 0.0048313 5.091700554 5.091 52.57177552 5966.230116 1.701 -5.04 -5.304 -5.352 -4.68 -5.061 -5.35
thin1 0 thin_disk 8 -0.5 0.0048313 5.09220171 5.092 54.98606547 5823.713479 1.662 -5.086 -5.378 -5.429 -4.7 -5.114 -5.427
thin1 0 thin_disk 8 -0.5 0.0048313 5.092647076 5.092 57.51122852 5684.601168 1.622 -5.128 -5.447 -5.501 -4.717 -5.163 -5.498
thin1 0 thin_disk 8 -0.5 0.0048313 5.093049526 5.092 60.15235638 5548.811864 1.584 -5.167 -5.514 -5.572 -4.73 -5.21 -5.569
thin1 0 thin_disk 8 -0.5 0.0048313 5.093445301 5.093 62.90028958 5413.772479 1.545 -5.204 -5.58 -5.642 -4.74 -5.255 -5.639
thin1 0 thin_disk 8 -0.5 0.0048313 5.09385252 5.093 65.87985655 5274.727157 1.505 -5.236 -5.645 -5.71 -4.744 -5.298 -5.707
thin1 0 thin_disk 8 -0.5 0.0048313 5.094274044 5.094 68.81017222 5140.436516 1.467 -5.263 -5.704 -5.773 -4.741 -5.335 -5.77
thin1 0 thin_disk 8 -0.5 0.0048313 5.094902039 5.094 72.33569272 4970.499106 1.424 -5.278 -5.764 -5.839 -4.716 -5.365 -5.836
thin1 0 thin_disk 8 -0.5 0.0048313 5.095452786 5.095 74.60237349 4843.953885 1.397 -5.271 -5.792 -5.873 -4.676 -5.37 -5.87
thin1 0 thin_disk 8 -0.5 0.0048313 5.09596777 5.095 76.11191426 4743.511961 1.379 -5.256 -5.796 -5.885 -4.631 -5.361 -5.882
thin1 0 thin_disk 8 -0.5 0.0048313 5.096838951 5.096 79.84590448 4588.809196 1.338 -5.258 -5.827 -5.933 -4.582 -5.372 -5.93
thin1 0 thin_disk 8 -0.5 0.0048313 5.097202301 5.097 82.55676084 4520.640796 1.309 -5.284 -5.869 -5.983 -4.583 -5.403 -5.979
thin1 0 thin_disk 8 -0.5 0.0048313 5.097291946 5.097 85.34000124 4487.453899 1.28 -5.332 -5.928 -6.045 -4.621 -5.456 -6.041
thin1 0 thin_disk 8 -0.5 0.0048313 5.097455978 5.097 91.33824125 4430.982145 1.221 -5.441 -6.053 -6.176 -4.709 -5.571 -6.172
thin1 0 thin_disk 8 -0.5 0.0048313 5.097977638 5.097 95.31311095 4400.479478 1.184 -5.509 -6.131 -6.257 -4.767 -5.643 -6.254
thin1 0 thin_disk 8 -0.5 0.0048313 5.098518372 5.098 100.56634 4351.109371 1.138 -5.59 -6.226 -6.358 -4.829 -5.73 -6.355
thin1 0 thin_disk 8 -0.5 0.0048313 5.098770618 5.098 106.5743383 4315.190768 1.087 -5.689 -6.337 -6.473 -4.915 -5.834 -6.469
thin1 0 thin_disk 8 -0.5 0.0048313 5.099137306 5.099 114.7764122 4274.644475 1.023 -5.817 -6.478 -6.62 -5.029 -5.967 -6.616
thin1 0 thin_disk 8 -0.5 0.0048313 5.099514484 5.099 121.6893706 4243.263484 0.972 -5.921 -6.591 -6.737 -5.12 -6.075 -6.733
thin1 0 thin_disk 8 -0.5 0.0048313 5.099975109 5.099 129.2268163 4211.143104 0.92 -6.025 -6.706 -6.857 -5.212 -6.184 -6.853
thin1 0 thin_disk 8 -0.5 0.0048313 5.100520611 5.099 137.0732294 4179.265867 0.869 -6.129 -6.82 -6.975 -5.303 -6.292 -6.971
thin1 0 thin_disk 8 -0.5 0.0048313 5.10115242 5.1 145.630602 4146.675015 0.816 -6.234 -6.935 -7.096 -5.395 -6.402 -7.091
thin1 0 thin_disk 8 -0.5 0.0048313 5.101866722 5.1 155.043172 4112.444027 0.762 -6.341 -7.053 -7.219 -5.488 -6.514 -7.215
thin1 0 thin_disk 8 -0.5 0.0048313 5.102626324 5.101 165.520826 4077.556618 0.706 -6.452 -7.176 -7.348 -5.585 -6.631 -7.343
thin1 0 thin_disk 8 -0.5 0.0048313 5.103344917 5.101 176.5032249 4042.965171 0.649 -6.565 -7.3 -7.478 -5.683 -6.749 -7.474
thin1 0 thin_disk 8 -0.5 0.0048313 5.103975773 5.101 188.4311267 4008.667176 0.593 -6.675 -7.422 -7.606 -5.779 -6.865 -7.602
thin1 0 thin_disk 8 -0.5 0.0048313 5.10452795 5.1 200.9336368 3974.660145 0.537 -6.784 -7.543 -7.733 -5.874 -6.979 -7.728
thin1 0 thin_disk 8 -0.5 0.0048313 5.105024815 5.099 214.0191549 3940.941607 0.481 -6.893 -7.663 -7.859 -5.968 -7.094 -7.855
thin1 0 thin_disk 8 -0.5 0.0048313 5.105478764 5.098 228.3245681 3906.609483 0.426 -7.001 -7.782 -7.985 -6.06 -7.207 -7.98
thin1 0 thin_disk 8 -0.5 0.0048313 5.105954647 5.095 244.9924184 3868.120546 0.364 -7.121 -7.915 -8.126 -6.164 -7.334 -8.121
thin1 0 thin_disk 8 -0.5 0.0048313 5.106341362 5.091 260.6469485 3835.305825 0.31 -7.226 -8.03 -8.248 -6.252 -7.444 -8.243
thin1 0 thin_disk 8 -0.5 0.0048313 5.106772423 5.085 282.9779818 3790.530539 0.238 -7.362 -8.182 -8.41 -6.366 -7.588 -8.404
thin1 0 thin_disk 8 -0.5 0.0048313 5.106975555 5.081 298.6432099 3758.374043 0.191 -7.449 -8.28 -8.514 -6.437 -7.68 -8.508
thin1 0 thin_disk 8 -0.5 0.0048313 5.107134819 5.076 318.3117314 3718.775833 0.135 -7.55 -8.395 -8.639 -6.517 -7.789 -8.634
thin1 0 thin_disk 8 -0.5 0.0048313 5.10727644 5.069 340.2143633 3678.74767 0.076 -7.655 -8.515 -8.769 -6.598 -7.901 -8.763
thin1 0 thin_disk 8 -0.5 0.0048313 5.10740757 5.058 363.8753573 3639.988403 0.018 -7.759 -8.634 -8.9 -6.676 -8.013 -8.894
thin1 0 thin_disk 8 -0.5 0.0048313 5.107534409 5.043 388.7341053 3601.637504 -0.041 -7.859 -8.751 -9.033 -6.742 -8.121 -9.026
thin1 0 thin_disk 8 -0.5 0.0048313 5.107674599 5.016 417.8810188 3558.770648 -0.106 -7.963 -8.875 -9.178 -6.802 -8.234 -9.17
thin1 0 thin_disk 8 -0.5 0.0048313 5.10781002 4.976 444.0712375 3520.464749 -0.163 -8.039 -8.973 -9.302 -6.829 -8.32 -9.292
thin1 0 thin_disk 8 -0.5 0.0048313 5.107997417 4.897 439.6961317 3519.654225 -0.161 -8.019 -8.952 -9.279 -6.81 -8.3 -9.27
thin1 0 thin_disk 8 -0.5 0.0048313 5.108029366 4.883 437.0716573 3522.086356 -0.157 -8.01 -8.941 -9.266 -6.805 -8.29 -9.257
thin1 0 thin_disk 8 -0.5 0.0048313 5.108039856 4.878 435.8656507 3522.89744 -0.155 -8.006 -8.937 -9.261 -6.802 -8.286 -9.252
thin1 0 thin_disk 8 -0.5 0.0048313 5.108047485 4.875 434.4628481 3524.520168 -0.152 -8.001 -8.931 -9.253 -6.8 -8.28 -9.244
thin1 0 thin_disk 8 -0.5 0.0048313 5.10806179 4.87 429.3907107 3531.018557 -0.143 -7.986 -8.912 -9.231 -6.793 -8.263 -9.222
thin1 0 thin_disk 8 -0.5 0.0048313 5.108076096 4.865 424.5732663 3536.714476 -0.133 -7.969 -8.891 -9.206 -6.785 -8.245 -9.197
thin1 0 thin_disk 8 -0.5 0.0048313 5.108123779 4.852 392.5117344 3580.139918 -0.066 -7.856 -8.756 -9.045 -6.722 -8.123 -9.038
thin1 0 thin_disk 8 -0.5 0.0048313 5.108175755 4.842 400.0853461 3568.617493 -0.084 -7.886 -8.79 -9.085 -6.74 -8.154 -9.077
thin1 0 thin_disk 8 -0.5 0.0048313 5.108189106 4.84 400.0853461 3568.617493 -0.084 -7.885 -8.79 -9.085 -6.739 -8.154 -9.077
thin1 0 thin_disk 8 -0.5 0.0048313 5.10821104 4.836 398.1554317 3571.083458 -0.08 -7.877 -8.781 -9.074 -6.734 -8.145 -9.066
thin1 0 thin_disk 8 -0.5 0.0048313 5.108211994 4.835 397.5141979 3571.905825 -0.079 -7.876 -8.78 -9.073 -6.733 -8.144 -9.065
thin1 0 thin_disk 8 -0.5 0.0048313 5.108218193 4.834 400.9153133 3566.974462 -0.087 -7.889 -8.794 -9.089 -6.741 -8.157 -9.082
thin1 0 thin_disk 8 -0.5 0.0048313 5.108225822 4.833 409.9705352 3553.85742 -0.107 -7.921 -8.833 -9.135 -6.761 -8.193 -9.127
thin1 0 thin_disk 8 -0.5 0.0048313 5.108242989 4.828 421.2623488 3538.343568 -0.13 -7.956 -8.877 -9.189 -6.775 -8.231 -9.181
thin1 0 thin_disk 8 -0.5 0.0048313 5.108265877 4.828 421.2623488 3538.343568 -0.13 -7.956 -8.877 -9.189 -6.775 -8.232 -9.181
thin1 0 thin_disk 8 -0.5 0.0048313 5.108266354 4.827 544.4432839 3397.034832 -0.353 -8.161 -9.23 -9.714 -6.653 -8.496 -9.697
thin1 0 thin_disk 8 -0.5 0.0048313 5.108266354 4.827 573.3933407 3369.767986 -0.398 -8.141 -9.264 -9.811 -6.653 -8.496 -9.697
thin1 0 thin_disk 8 -0.5 0.0048313 5.10826683 4.827 534.3830137 3407.218617 -0.337 -8.154 -9.209 -9.677 -6.677 -8.483 -9.661
thin1 0 thin_disk 8 -0.5 0.0048313 5.108268261 4.826 477.477207 3468.166988 -0.239 -8.101 -9.074 -9.447 -6.805 -8.399 -9.435
thin1 0 thin_disk 8 -0.5 0.0048313 5.108270168 4.826 396.3260737 3571.083458 -0.077 -7.868 -8.771 -9.063 -6.726 -8.136 -9.056
thin1 0 thin_disk 8 -0.5 0.0048313 5.108273506 4.825 406.5862101 3556.313186 -0.099 -7.906 -8.816 -9.115 -6.75 -8.177 -9.107
thin1 0 thin_disk 8 -0.5 0.0048313 5.108277798 4.823 420.6807552 3536.714476 -0.13 -7.953 -8.874 -9.186 -6.772 -8.229 -9.177
thin1 0 thin_disk 8 -0.5 0.0048313 5.10828352 4.821 429.2918512 3525.331812 -0.147 -7.979 -8.907 -9.227 -6.782 -8.258 -9.218
thin1 0 thin_disk 8 -0.5 0.0048313 5.108291149 4.818 435.2638958 3517.223774 -0.16 -7.998 -8.93 -9.256 -6.789 -8.278 -9.247
thin1 0 thin_disk 8 -0.5 0.0048313 5.108300686 4.815 441.8273996 3509.134384 -0.172 -8.016 -8.953 -9.284 -6.796 -8.298 -9.274
thin1 0 thin_disk 8 -0.5 0.0048313 5.108312607 4.811 448.6964617 3500.257542 -0.186 -8.034 -8.978 -9.316 -6.799 -8.319 -9.306
thin1 0 thin_disk 8 -0.5 0.0048313 5.108312607 4.81 626.9784947 3320.473358 -0.477 -7.988 -9.253 -9.953 -6.799 -8.319 -9.306
thin1 0 thin_disk 8 -0.5 0.0048313 5.108313084 4.81 610.1725202 3335.031959 -0.453 -8.06 -9.271 -9.915 -6.231 -8.448 -9.892
thin1 0 thin_disk 8 -0.5 0.0048313 5.108313561 4.81 568.659953 3372.096543 -0.392 -8.146 -9.259 -9.793 -6.533 -8.497 -9.775
thin1 0 thin_disk 8 -0.5 0.0048313 5.108314991 4.809 508.3380807 3431.626398 -0.295 -8.138 -9.152 -9.573 -6.746 -8.452 -9.559
thin1 0 thin_disk 8 -0.5 0.0048313 5.108317375 4.808 421.9418909 3533.458541 -0.133 -7.954 -8.877 -9.19 -6.769 -8.23 -9.182
thin1 0 thin_disk 8 -0.5 0.0048313 5.108320713 4.806 432.8651726 3518.843888 -0.156 -7.988 -8.92 -9.243 -6.783 -8.268 -9.234
thin1 0 thin_disk 8 -0.5 0.0048313 5.108325005 4.804 448.3866202 3499.45167 -0.187 -8.032 -8.977 -9.316 -6.797 -8.318 -9.306
thin1 0 thin_disk 8 -0.5 0.0048313 5.10833168 4.8 457.7756045 3487.385841 -0.205 -8.053 -9.008 -9.359 -6.796 -8.343 -9.349
thin1 0 thin_disk 8 -0.5 0.0048313 5.108339787 4.796 465.428148 3478.564015 -0.219 -8.069 -9.032 -9.392 -6.794 -8.362 -9.381
thin1 0 thin_disk 8 -0.5 0.0048313 5.1083498 4.791 472.8818494 3468.965654 -0.233 -8.084 -9.055 -9.424 -6.793 -8.381 -9.412
thin1 0 thin_disk 8 -0.5 0.0048313 5.108362198 4.784 481.229946 3458.597315 -0.249 -8.102 -9.081 -9.46 -6.79 -8.402 -9.448
thin1 0 thin_disk 8 -0.5 0.0048313 5.108362198 4.784 673.3682651 3278.687312 -0.542 -7.69 -9.138 -10.022 -6.79 -8.402 -9.448
thin1 0 thin_disk 8 -0.5 0.0048313 5.108362675 4.783 655.3188264 3293.062702 -0.518 -7.8 -9.179 -9.993 -5.623 -8.251 -9.964
thin1 0 thin_disk 8 -0.5 0.0048313 5.108363152 4.783 610.4535798 3330.427623 -0.456 -8.048 -9.264 -9.913 -6.204 -8.438 -9.89
thin1 0 thin_disk 8 -0.5 0.0048313 5.108364582 4.782 545.4471098 3390.002356 -0.359 -8.151 -9.225 -9.714 -6.629 -8.488 -9.697
thin1 0 thin_disk 8 -0.5 0.0048313 5.108366966 4.78 453.0567913 3491.403155 -0.197 -8.038 -8.989 -9.335 -6.788 -8.326 -9.324
thin1 0 thin_disk 8 -0.5 0.0048313 5.108370781 4.777 464.7855792 3476.962446 -0.22 -8.064 -9.028 -9.389 -6.787 -8.358 -9.378
thin1 0 thin_disk 8 -0.5 0.0048313 5.108375549 4.773 481.8952492 3456.209026 -0.252 -8.101 -9.081 -9.462 -6.785 -8.402 -9.45
thin1 0 thin_disk 8 -0.5 0.0048313 5.108382225 4.767 491.985887 3444.292294 -0.271 -8.114 -9.108 -9.506 -6.765 -8.42 -9.493
thin1 0 thin_disk 8 -0.5 0.0048313 5.108390808 4.76 500.4407253 3434.788499 -0.286 -8.118 -9.126 -9.54 -6.738 -8.429 -9.526
thin1 0 thin_disk 8 -0.5 0.0048313 5.108401775 4.752 508.6893495 3424.522311 -0.301 -8.116 -9.14 -9.574 -6.701 -8.434 -9.559
thin1 0 thin_disk 8 -0.5 0.0048313 5.108415127 4.741 518.5046372 3413.500729 -0.318 -8.121 -9.161 -9.611 -6.672 -8.445 -9.596
thin1 0 thin_disk 8 -0.5 0.0048313 5.108415127 4.74 726.5284825 3233.702035 -0.611 -7.041 -8.808 -9.985 -6.672 -8.445 -9.596
thin1 0 thin_disk 8 -0.5 0.0048313 5.108415604 4.74 707.0540998 3247.880188 -0.587 -7.279 -8.929 -10 -4.556 -7.83 -9.963
thin1 0 thin_disk 8 -0.5 0.0048313 5.10841608 4.739 658.646889 3284.732443 -0.526 -7.743 -9.149 -9.99 -5.504 -8.204 -9.96
thin1 0 thin_disk 8 -0.5 0.0048313 5.108417511 4.737 588.2374155 3344.259735 -0.428 -8.073 -9.245 -9.845 -6.324 -8.446 -9.824
thin1 0 thin_disk 8 -0.5 0.0048313 5.108420372 4.734 487.5875915 3445.878814 -0.266 -8.101 -9.092 -9.486 -6.758 -8.405 -9.473
thin1 0 thin_disk 8 -0.5 0.0048313 5.108424187 4.729 499.9800145 3432.41665 -0.288 -8.108 -9.119 -9.537 -6.721 -8.421 -9.523
thin1 0 thin_disk 8 -0.5 0.0048313 5.108429432 4.723 517.5503956 3412.714832 -0.318 -8.116 -9.156 -9.607 -6.666 -8.44 -9.592
thin1 0 thin_disk 8 -0.5 0.0048313 5.108436584 4.715 527.7796549 3400.948065 -0.336 -8.122 -9.177 -9.646 -6.637 -8.451 -9.63
thin1 0 thin_disk 8 -0.5 0.0048313 5.108445644 4.705 535.9850112 3392.344895 -0.35 -8.124 -9.192 -9.674 -6.614 -8.458 -9.657
thin1 0 thin_disk 8 -0.5 0.0048313 5.108457088 4.691 542.8160055 3384.542719 -0.363 -8.126 -9.205 -9.7 -6.588 -8.464 -9.683
thin1 0 thin_disk 8 -0.5 0.0048313 5.108470917 4.675 551.255131 3375.981049 -0.378 -8.12 -9.215 -9.729 -6.543 -8.464 -9.711
thin1 0 thin_disk 8 -0.5 0.0048313 5.108470917 4.674 773.4863338 3195.950175 -0.672 -6.112 -8.284 -9.806 -6.543 -8.464 -9.711
thin1 0 thin_disk 8 -0.5 0.0048313 5.108471394 4.674 752.7532597 3209.962804 -0.648 -6.554 -8.537 -9.903 -3.193 -7.226 -9.856
thin1 0 thin_disk 8 -0.5 0.0048313 5.10847187 4.673 700.8944884 3247.132422 -0.586 -7.252 -8.905 -9.979 -4.521 -7.804 -9.942
thin1 0 thin_disk 8 -0.5 0.0048313 5.108473778 4.67 625.3924657 3307.501121 -0.488 -7.887 -9.189 -9.925 -5.866 -8.309 -9.899
thin1 0 thin_disk 8 -0.5 0.0048313 5.108476162 4.666 517.9080302 3409.573053 -0.324 -8.103 -9.149 -9.607 -6.641 -8.429 -9.591
thin1 0 thin_disk 8 -0.5 0.0048313 5.108480454 4.66 529.8496415 3396.252726 -0.345 -8.11 -9.175 -9.653 -6.608 -8.443 -9.637
thin1 0 thin_disk 8 -0.5 0.0048313 5.108485699 4.651 548.2171845 3377.536103 -0.375 -8.117 -9.208 -9.717 -6.551 -8.46 -9.7
thin1 0 thin_disk 8 -0.5 0.0048313 5.108493328 4.64 557.8952257 3367.441036 -0.391 -8.092 -9.209 -9.748 -6.467 -8.445 -9.729
thin1 0 thin_disk 8 -0.5 0.0048313 5.108502865 4.625 564.3553479 3359.696137 -0.403 -8.072 -9.208 -9.768 -6.406 -8.432 -9.748
thin1 0 thin_disk 8 -0.5 0.0048313 5.108514786 4.607 570.6274307 3352.740958 -0.414 -8.052 -9.206 -9.785 -6.345 -8.419 -9.765
thin1 0 thin_disk 8 -0.5 0.0048313 5.108529568 4.584 577.5008727 3344.259735 -0.426 -8.028 -9.202 -9.805 -6.275 -8.402 -9.783
thin1 0 thin_disk 8 -0.5 0.0048313 5.108529568 4.583 811.0593679 3164.462839 -0.721 -5.168 -7.733 -9.581 -6.275 -8.402 -9.783
thin1 0 thin_disk 8 -0.5 0.0048313 5.108530045 4.583 788.0479522 3179.069336 -0.697 -5.613 -7.987 -9.678 -1.519 -6.428 -9.624
thin1 0 thin_disk 8 -0.5 0.0048313 5.108530998 4.581 734.6029108 3215.881224 -0.636 -6.733 -8.627 -9.92 -3.533 -7.372 -9.876
thin1 0 thin_disk 8 -0.5 0.0048313 5.108532429 4.578 655.4697366 3275.668919 -0.537 -7.638 -9.081 -9.96 -5.318 -8.112 -9.929
thin1 0 thin_disk 8 -0.5 0.0048313 5.10853529 4.573 541.6922783 3378.313899 -0.372 -8.099 -9.187 -9.693 -6.537 -8.441 -9.676
thin1 0 thin_disk 8 -0.5 0.0048313 5.108539581 4.564 554.1822925 3365.115694 -0.393 -8.071 -9.191 -9.732 -6.439 -8.425 -9.714
thin1 0 thin_disk 8 -0.5 0.0048313 5.108545303 4.553 572.0745727 3346.570666 -0.421 -8.029 -9.194 -9.787 -6.294 -8.4 -9.766
thin1 0 thin_disk 8 -0.5 0.0048313 5.10855341 4.538 581.5039175 3336.568151 -0.437 -8.003 -9.194 -9.813 -6.213 -8.383 -9.791
thin1 0 thin_disk 8 -0.5 0.0048313 5.108563423 4.519 587.5605719 3328.894258 -0.448 -7.984 -9.191 -9.828 -6.155 -8.37 -9.805
thin1 0 thin_disk 8 -0.5 0.0048313 5.108575821 4.496 592.7241805 3322.002845 -0.457 -7.964 -9.186 -9.84 -6.101 -8.356 -9.817
thin1 0 thin_disk 8 -0.5 0.0048313 5.108591557 4.467 597.7955046 3313.599378 -0.468 -7.932 -9.175 -9.85 -6.022 -8.332 -9.826
thin1 0 thin_disk 8 -0.5 0.0048313 5.108591557 4.465 840.3353725 3134.007273 -0.764 -4.087 -7.076 -9.256 -6.022 -8.332 -9.826
thin1 0 thin_disk 8 -0.5 0.0048313 5.108592033 4.465 817.4339007 3148.473193 -0.74 -4.744 -7.469 -9.443 0.007 -5.684 -9.381
thin1 0 thin_disk 8 -0.5 0.0048313 5.108592987 4.463 761.1191426 3184.930795 -0.678 -5.995 -8.194 -9.74 -2.212 -6.745 -9.689
thin1 0 thin_disk 8 -0.5 0.0048313 5.108594894 4.459 678.8168981 3244.890157 -0.579 -7.295 -8.902 -9.934 -4.639 -7.83 -9.897
thin1 0 thin_disk 8 -0.5 0.0048313 5.108597755 4.452 561.633035 3346.570666 -0.414 -8.019 -9.17 -9.745 -6.31 -8.384 -9.725
thin1 0 thin_disk 8 -0.5 0.0048313 5.108602047 4.442 573.6574589 3334.264128 -0.434 -7.989 -9.171 -9.781 -6.21 -8.366 -9.759
thin1 0 thin_disk 8 -0.5 0.0048313 5.108608246 4.427 591.4971342 3315.889122 -0.463 -7.943 -9.172 -9.831 -6.062 -8.337 -9.807
thin1 0 thin_disk 8 -0.5 0.0048313 5.108616829 4.409 600.5548033 3305.978311 -0.478 -7.886 -9.15 -9.847 -5.926 -8.293 -9.822
thin1 0 thin_disk 8 -0.5 0.0048313 5.108627796 4.385 605.832608 3299.134338 -0.487 -7.84 -9.13 -9.853 -5.824 -8.257 -9.827
thin1 0 thin_disk 8 -0.5 0.0048313 5.108641148 4.355 609.4704374 3293.062702 -0.496 -7.799 -9.111 -9.856 -5.733 -8.224 -9.83
thin1 0 thin_disk 8 -0.5 0.0048313 5.108657837 4.318 613.6950846 3285.488868 -0.505 -7.752 -9.088 -9.859 -5.633 -8.186 -9.831
thin1 0 thin_disk 8 -0.5 0.0048313 5.108657837 4.317 863.4807197 3105.98962 -0.802 -3.039 -6.434 -8.92 -5.633 -8.186 -9.831
thin1 0 thin_disk 8 -0.5 0.0048313 5.108658314 4.316 839.9484729 3120.326217 -0.778 -3.808 -6.896 -9.154 1.617 -4.877 -9.085
thin1 0 thin_disk 8 -0.5 0.0048313 5.108659267 4.314 781.7225587 3157.184776 -0.716 -5.351 -7.81 -9.573 -1.072 -6.195 -9.517
thin1 0 thin_disk 8 -0.5 0.0048313 5.108661175 4.309 697.1924009 3216.621793 -0.617 -6.934 -8.701 -9.878 -3.951 -7.526 -9.837
thin1 0 thin_disk 8 -0.5 0.0048313 5.108664036 4.3 575.6422272 3318.944576 -0.452 -7.936 -9.142 -9.777 -6.097 -8.322 -9.754
thin1 0 thin_disk 8 -0.5 0.0048313 5.108668804 4.288 588.2374155 3305.978311 -0.471 -7.902 -9.14 -9.809 -5.989 -8.3 -9.785
thin1 0 thin_disk 8 -0.5 0.0048313 5.108675003 4.271 606.5305002 3287.759187 -0.5 -7.776 -9.091 -9.84 -5.695 -8.202 -9.813
thin1 0 thin_disk 8 -0.5 0.0048313 5.108684063 4.248 615.1097979 3277.932453 -0.514 -7.706 -9.062 -9.852 -5.539 -8.147 -9.823
thin1 0 thin_disk 8 -0.5 0.0048313 5.10869503 4.219 619.8015312 3271.14654 -0.524 -7.66 -9.041 -9.856 -5.439 -8.111 -9.826
thin1 0 thin_disk 8 -0.5 0.0048313 5.108708859 4.183 623.5232395 3265.126412 -0.532 -7.619 -9.02 -9.856 -5.35 -8.077 -9.826
thin1 0 thin_disk 8 -0.5 0.0048313 5.108726025 4.139 626.5455429 3259.117363 -0.541 -7.572 -8.996 -9.855 -5.253 -8.038 -9.824
thin1 0 thin_disk 8 -0.5 0.0048313 5.108726025 4.138 881.3585965 3079.640342 -0.838 -1.926 -5.743 -8.539 -5.253 -8.038 -9.824
thin1 0 thin_disk 8 -0.5 0.0048313 5.108726501 4.137 857.7340381 3093.143011 -0.814 -2.775 -6.259 -8.812 3.366 -3.985 -8.739
thin1 0 thin_disk 8 -0.5 0.0048313 5.108727455 4.134 798.2752139 3129.680472 -0.753 -4.607 -7.355 -9.35 0.218 -5.553 -9.287
thin1 0 thin_disk 8 -0.5 0.0048313 5.108729363 4.128 711.6273727 3189.33398 -0.653 -6.562 -8.486 -9.806 -3.259 -7.211 -9.761
thin1 0 thin_disk 8 -0.5 0.0048313 5.1087327 4.118 587.9665845 3291.546539 -0.489 -7.81 -9.082 -9.788 -5.808 -8.22 -9.762
thin1 0 thin_disk 8 -0.5 0.0048313 5.108737469 4.103 600.140098 3278.687312 -0.508 -7.724 -9.048 -9.807 -5.61 -8.153 -9.779
thin1 0 thin_disk 8 -0.5 0.0048313 5.108744144 4.082 618.0913202 3260.618588 -0.536 -7.593 -8.996 -9.834 -5.311 -8.051 -9.804
thin1 0 thin_disk 8 -0.5 0.0048313 5.108753204 4.054 626.8341442 3250.872974 -0.551 -7.521 -8.965 -9.844 -5.153 -7.995 -9.812
thin1 0 thin_disk 8 -0.5 0.0048313 5.108765125 4.018 631.1791509 3243.396173 -0.561 -7.473 -8.941 -9.846 -5.049 -7.955 -9.813
thin1 0 thin_disk 8 -0.5 0.0048313 5.10877943 3.973 633.5087896 3237.427116 -0.569 -7.421 -8.913 -9.842 -4.945 -7.912 -9.808
thin1 0 thin_disk 8 -0.5 0.0048313 5.10879755 3.919 636.4329333 3229.981241 -0.579 -7.33 -8.86 -9.824 -4.773 -7.835 -9.789
thin1 0 thin_disk 8 -0.5 0.0048313 5.10879755 3.919 895.6795216 3051.406029 -0.876 -0.675 -4.937 -8.059 -4.773 -7.835 -9.789
thin1 0 thin_disk 8 -0.5 0.0048313 5.108798027 3.917 871.2697681 3065.490679 -0.852 -1.611 -5.529 -8.4 5.284 -2.974 -8.321
thin1 0 thin_disk 8 -0.5 0.0048313 5.108798981 3.913 811.8067253 3101.701499 -0.791 -3.707 -6.8 -9.062 1.752 -4.776 -8.993
thin1 0 thin_disk 8 -0.5 0.0048313 5.108800888 3.906 723.6901221 3160.821713 -0.692 -5.936 -8.105 -9.629 -2.155 -6.672 -9.578
thin1 0 thin_disk 8 -0.5 0.0048313 5.108804226 3.894 597.2451681 3262.120504 -0.527 -7.615 -8.977 -9.774 -5.404 -8.057 -9.745
thin1 0 thin_disk 8 -0.5 0.0048313 5.108809471 3.875 609.3301178 3250.124519 -0.546 -7.527 -8.941 -9.791 -5.206 -7.989 -9.76
thin1 0 thin_disk 8 -0.5 0.0048313 5.108816624 3.849 627.1228785 3231.469044 -0.574 -7.382 -8.878 -9.812 -4.885 -7.874 -9.778
thin1 0 thin_disk 8 -0.5 0.0048313 5.10882616 3.815 635.5542758 3221.068791 -0.59 -7.236 -8.799 -9.794 -4.602 -7.752 -9.758
thin1 0 thin_disk 8 -0.5 0.0048313 5.108838558 3.772 639.2233707 3213.660539 -0.6 -7.139 -8.744 -9.778 -4.417 -7.67 -9.74
thin1 0 thin_disk 8 -0.5 0.0048313 5.108853817 3.718 642.1738917 3206.269325 -0.609 -7.05 -8.692 -9.759 -4.252 -7.594 -9.72
thin1 0 thin_disk 8 -0.5 0.0048313 5.108872414 3.653 643.6542554 3198.89511 -0.619 -6.952 -8.633 -9.736 -4.071 -7.51 -9.697
thin1 0 thin_disk 8 -0.5 0.0048313 5.108872414 3.652 905.2168821 3021.34278 -0.916 0.669 -4.052 -7.511 -4.071 -7.51 -9.697
thin1 0 thin_disk 8 -0.5 0.0048313 5.10887289 3.651 881.9676278 3034.589844 -0.893 -0.283 -4.662 -7.871 7.366 -1.806 -7.788
thin1 0 thin_disk 8 -0.5 0.0048313 5.108873844 3.646 820.8289114 3070.435651 -0.832 -2.602 -6.109 -8.679 3.594 -3.817 -8.604
thin1 0 thin_disk 8 -0.5 0.0048313 5.108876228 3.637 731.7330057 3128.959919 -0.733 -5.274 -7.695 -9.43 -1.007 -6.1 -9.372
thin1 0 thin_disk 8 -0.5 0.0048313 5.108879566 3.623 604.578425 3229.237596 -0.569 -7.397 -8.852 -9.745 -4.962 -7.873 -9.712
thin1 0 thin_disk 8 -0.5 0.0048313 5.108884811 3.601 615.3931317 3217.362533 -0.587 -7.276 -8.793 -9.747 -4.71 -7.774 -9.712
thin1 0 thin_disk 8 -0.5 0.0048313 5.108891964 3.571 633.3629356 3198.89511 -0.616 -6.995 -8.645 -9.72 -4.167 -7.542 -9.681
thin1 0 thin_disk 8 -0.5 0.0048313 5.108901978 3.531 641.4349871 3187.865576 -0.631 -6.844 -8.562 -9.699 -3.88 -7.415 -9.658
thin1 0 thin_disk 8 -0.5 0.0048313 5.108914375 3.48 644.69254 3179.801428 -0.642 -6.741 -8.502 -9.679 -3.687 -7.327 -9.636
thin1 0 thin_disk 8 -0.5 0.0048313 5.108930111 3.418 646.1787098 3172.488087 -0.652 -6.645 -8.444 -9.656 -3.512 -7.245 -9.612
thin1 0 thin_disk 8 -0.5 0.0048313 5.108949661 3.343 647.8174539 3163.005885 -0.663 -6.538 -8.378 -9.628 -3.317 -7.153 -9.583
thin1 0 thin_disk 8 -0.5 0.0048313 5.108949661 3.342 910.6524175 2988.133525 -0.96 2.06 -3.129 -6.932 -3.317 -7.153 -9.583
thin1 0 thin_disk 8 -0.5 0.0048313 5.108950138 3.34 886.2426468 3001.234983 -0.936 1.131 -3.726 -7.284 9.537 -0.556 -7.197
thin1 0 thin_disk 8 -0.5 0.0048313 5.108951092 3.335 825.7577243 3036.686788 -0.876 -1.315 -5.291 -8.204 5.686 -2.693 -8.122
thin1 0 thin_disk 8 -0.5 0.0048313 5.108953476 3.324 736.4659034 3093.855315 -0.777 -4.463 -7.188 -9.168 0.38 -5.396 -9.104
thin1 0 thin_disk 8 -0.5 0.0048313 5.108956814 3.307 608.7691624 3192.272818 -0.614 -7.034 -8.629 -9.657 -4.281 -7.559 -9.619
thin1 0 thin_disk 8 -0.5 0.0048313 5.108962536 3.281 618.945835 3180.533688 -0.632 -6.853 -8.533 -9.636 -3.935 -7.409 -9.596
thin1 0 thin_disk 8 -0.5 0.0048313 5.108970165 3.246 637.3128055 3161.549603 -0.662 -6.564 -8.378 -9.605 -3.383 -7.169 -9.56
thin1 0 thin_disk 8 -0.5 0.0048313 5.108980179 3.199 643.9507374 3150.648833 -0.678 -6.404 -8.288 -9.579 -3.083 -7.033 -9.532
thin1 0 thin_disk 8 -0.5 0.0048313 5.108993053 3.139 646.7741365 3141.955285 -0.69 -6.249 -8.194 -9.537 -2.807 -6.899 -9.489
thin1 0 thin_disk 8 -0.5 0.0048313 5.109009266 3.066 647.370112 3133.285724 -0.701 -6.067 -8.08 -9.48 -2.493 -6.742 -9.43
thin1 0 thin_disk 8 -0.5 0.0048313 5.109029293 2.979 647.8174539 3123.201467 -0.714 -5.864 -7.951 -9.414 -2.144 -6.565 -9.362
thin1 0 thin_disk 8 -0.5 0.0048313 5.109029293 2.978 910.6524175 2950.529764 -1.009 3.714 -1.998 -6.174 -2.144 -6.565 -9.362
thin1 0 thin_disk 8 -0.5 0.0048313 5.10902977 2.976 886.2426468 2963.466349 -0.986 2.716 -2.662 -6.602 11.941 0.852 -6.51
thin1 0 thin_disk 8 -0.5 0.0048313 5.109030724 2.969 826.1380873 2997.781672 -0.926 0.3 -4.219 -7.531 8.173 -1.265 -7.444
thin1 0 thin_disk 8 -0.5 0.0048313 5.109033108 2.956 736.8051366 3054.217773 -0.829 -3.306 -6.456 -8.765 2.301 -4.388 -8.692
thin1 0 thin_disk 8 -0.5 0.0048313 5.109036922 2.934 609.6107893 3149.923453 -0.667 -6.526 -8.311 -9.514 -3.365 -7.118 -9.469
thin1 0 thin_disk 8 -0.5 0.0048313 5.109042168 2.901 619.6588331 3136.89513 -0.687 -6.333 -8.206 -9.488 -3.001 -6.956 -9.441
thin1 0 thin_disk 8 -0.5 0.0048313 5.109050274 2.856 637.6063665 3117.453613 -0.718 -5.839 -7.92 -9.378 -2.117 -6.537 -9.327
thin1 0 thin_disk 8 -0.5 0.0048313 5.109060288 2.796 644.3957165 3104.559588 -0.737 -5.512 -7.725 -9.293 -1.544 -6.257 -9.238
thin1 0 thin_disk 8 -0.5 0.0048313 5.109073639 2.722 647.370112 3093.855315 -0.752 -5.259 -7.57 -9.219 -1.109 -6.039 -9.162
thin1 0 thin_disk 8 -0.5 0.0048313 5.109090328 2.631 647.6683056 3082.478102 -0.768 -5.004 -7.411 -9.138 -0.678 -5.818 -9.079
thin1 0 thin_disk 8 -0.5 0.0048313 5.109110832 2.524 647.5191916 3070.435651 -0.785 -4.712 -7.227 -9.044 -0.19 -5.564 -8.982
thin1 0 thin_disk 8 -0.5 0.0048313 5.109110832 2.523 910.8621271 2898.010803 -1.082 6.212 -0.282 -5.011 -0.19 -5.564 -8.982
thin1 0 thin_disk 8 -0.5 0.0048313 5.109111309 2.519 887.4678824 2910.717118 -1.06 5.242 -0.928 -5.427 15.754 3.11 -5.33
thin1 0 thin_disk 8 -0.5 0.0048313 5.109112263 2.508 827.6612924 2943.743734 -1.001 2.698 -2.62 -6.519 11.816 0.86 -6.425
thin1 0 thin_disk 8 -0.5 0.0048313 5.109114647 2.487 738.8438196 2997.781672 -0.906 -1.083 -5.042 -7.944 5.9 -2.446 -7.859
thin1 0 thin_disk 8 -0.5 0.0048313 5.109118462 2.452 611.2975354 3091.718894 -0.748 -5.416 -7.617 -9.177 -1.443 -6.155 -9.122
thin1 0 thin_disk 8 -0.5 0.0048313 5.109123707 2.4 622.2324337 3076.805194 -0.773 -4.969 -7.354 -9.063 -0.672 -5.773 -9.004
thin1 0 thin_disk 8 -0.5 0.0048313 5.109131813 2.329 641.2873082 3053.514594 -0.812 -4.165 -6.875 -8.847 0.706 -5.085 -8.78
thin1 0 thin_disk 8 -0.5 0.0048313 5.109142303 2.238 649.6099149 3037.386092 -0.841 -3.399 -6.405 -8.603 1.985 -4.424 -8.531
thin1 0 thin_disk 8 -0.5 0.0048313 5.109155655 2.126 652.7586639 3024.823232 -0.867 -2.607 -5.911 -8.333 3.284 -3.739 -8.257
thin1 0 thin_disk 8 -0.5 0.0048313 5.109172344 1.994 652.1577278 3015.782384 -0.894 -1.643 -5.303 -7.988 4.847 -2.903 -7.907
thin1 0 thin_disk 8 -0.5 0.0048313 5.109192848 1.842 648.2651049 3010.925432 -0.923 -0.398 -4.503 -7.512 6.819 -1.817 -7.428
thin1 0 thin_disk 8 -0.5 0.0048313 5.109240055 0.961 8.490878861e-08 62675.81645 4.11 35.452 35.577 35.626 35.183 35.467 35.626
