# component component_index family logAge MH Zini Mini Mass radius_rsun Teff_K logg Jmag_2mass Hmag_2mass Ksmag_2mass F087mag F146mag F213mag
thin2 1 thin_disk 8.76823025 -0.5 0.0048313 0.0900000036 0.09 0.1189467677 2605.55353 5.239 10.658 10.2 9.993 12.244 10.748 10.065
thin2 1 thin_disk 8.76823025 -0.5 0.0048313 0.0903933644 0.09 0.1191935198 2610.35756 5.239 10.646 10.188 9.981 12.23 10.736 10.052
thin2 1 thin_disk 8.76823025 -0.5 0.0048313 0.0973222032 0.097 0.1261689953 2707.696602 5.222 10.407 9.928 9.708 11.883 10.467 9.775
thin2 1 thin_disk 8.76823025 -0.5 0.0048313 0.1000000015 0.1 0.1291375804 2749.792987 5.213 10.308 9.82 9.597 11.738 10.356 9.663
thin2 1 thin_disk 8.76823025 -0.5 0.0048313 0.1199999973 0.12 0.1470119522 2936.973311 5.179 9.821 9.301 9.07 11.067 9.821 9.127
thin2 1 thin_disk 8.76823025 -0.5 0.0048313 0.1247995868 0.125 0.1517933147 2969.613986 5.169 9.72 9.195 8.963 10.937 9.712 9.019
thin2 1 thin_disk 8.76823025 -0.5 0.0048313 0.1400000006 0.14 0.1665914257 3069.021988 5.138 9.418 8.883 8.65 10.558 9.392 8.701
thin2 1 thin_disk 8.76823025 -0.5 0.0048313 0.156722635 0.157 0.17970189 3146.299056 5.121 9.176 8.634 8.403 10.263 9.137 8.451
thin2 1 thin_disk 8.76823025 -0.5 0.0048313 0.1599999964 0.16 0.1826218108 3160.821713 5.116 9.126 8.584 8.353 10.205 9.086 8.401
thin2 1 thin_disk 8.76823025 -0.5 0.0048313 0.1999999881 0.2 0.215254701 3293.062702 5.07 8.643 8.091 7.865 9.647 8.585 7.907
thin2 1 thin_disk 8.76823025 -0.5 0.0048313 0.2154054344 0.215 0.2269094822 3329.660852 5.056 8.494 7.94 7.715 9.48 8.431 7.756
thin2 1 thin_disk 8.76823025 -0.5 0.0048313 0.25 0.25 0.2528439957 3403.298168 5.028 8.192 7.633 7.411 9.145 8.121 7.449
thin2 1 thin_disk 8.76823025 -0.5 0.0048313 0.3092380464 0.309 0.2960415333 3494.620337 4.982 7.764 7.198 6.981 8.68 7.683 7.015
thin2 1 thin_disk 8.76823025 -0.5 0.0048313 0.3182283342 0.318 0.3041954017 3507.51874 4.971 7.694 7.127 6.91 8.606 7.612 6.944
thin2 1 thin_disk 8.76823025 -0.5 0.0048313 0.3499999642 0.35 0.3275311762 3557.951306 4.949 7.491 6.919 6.704 8.383 7.402 6.736
thin2 1 thin_disk 8.76823025 -0.5 0.0048313 0.3999999762 0.4 0.3717514275 3653.423349 4.897 7.134 6.554 6.342 7.994 7.035 6.37
thin2 1 thin_disk 8.76823025 -0.5 0.0048313 0.4499999881 0.45 0.4223306928 3771.37745 4.837 6.761 6.169 5.962 7.583 6.649 5.985
thin2 1 thin_disk 8.76823025 -0.5 0.0048313 0.4999999404 0.5 0.4746272237 3930.067413 4.782 6.378 5.771 5.579 7.158 6.253 5.597
thin2 1 thin_disk 8.76823025 -0.5 0.0048313 0.5437498093 0.543 0.511743865 4138.090648 4.752 6.046 5.417 5.26 6.781 5.907 5.273
thin2 1 thin_disk 8.76823025 -0.5 0.0048313 0.5500000119 0.55 0.5168358669 4167.734068 4.748 6.001 5.37 5.218 6.731 5.861 5.229
thin2 1 thin_disk 8.76823025 -0.5 0.0048313 0.5999999642 0.6 0.5603413148 4426.902938 4.716 5.63 5.008 4.893 6.311 5.491 4.9
thin2 1 thin_disk 8.76823025 -0.5 0.0048313 0.6010135412 0.601 0.5613744529 4433.023158 4.716 5.622 5.001 4.887 6.303 5.484 4.894
thin2 1 thin_disk 8.76823025 -0.5 0.0048313 0.6499999166 0.65 0.594227361 4727.156712 4.7 5.303 4.746 4.656 5.916 5.189 4.661
thin2 1 thin_disk 8.76823025 -0.5 0.0048313 0.6999999881 0.7 0.6272672955 5024.582715 4.686 5.013 4.537 4.461 5.552 4.928 4.465
thin2 1 thin_disk 8.76823025 -0.5 0.0048313 0.7487857342 0.749 0.6609257079 5302.735926 4.669 4.754 4.344 4.277 5.233 4.691 4.281
thin2 1 thin_disk 8.76823025 -0.5 0.0048313 0.7563637495 0.756 0.667502113 5340.722341 4.665 4.715 4.313 4.248 5.186 4.654 4.251
thin2 1 thin_disk 8.76823025 -0.5 0.0048313 0.7975714207 0.797 0.7017018877 5546.25713 4.645 4.51 4.149 4.091 4.943 4.462 4.094
thin2 1 thin_disk 8.76823025 -0.5 0.0048313 0.7983955145 0.798 0.7023484767 5550.089672 4.644 4.506 4.146 4.087 4.938 4.458 4.091
thin2 1 thin_disk 8.76823025 -0.5 0.0048313 0.8463571072 0.846 0.7456802573 5771.650172 4.617 4.283 3.959 3.91 4.678 4.246 3.912
thin2 1 thin_disk 8.76823025 -0.5 0.0048313 0.8951427937 0.894 0.7962558661 5974.478464 4.585 4.064 3.77 3.728 4.43 4.035 3.731
thin2 1 thin_disk 8.76823025 -0.5 0.0048313 0.9439284801 0.943 0.8516333201 6154.602374 4.55 3.855 3.587 3.551 4.195 3.833 3.553
thin2 1 thin_disk 8.76823025 -0.5 0.0048313 0.9817242026 0.981 0.8985715101 6284.92356 4.52 3.694 3.442 3.411 4.018 3.677 3.413
thin2 1 thin_disk 8.76823025 -0.5 0.0048313 0.9927142262 0.993 0.9117014486 6322.662499 4.512 3.648 3.402 3.371 3.968 3.632 3.373
thin2 1 thin_disk 8.76823025 -0.5 0.0048313 1.041499853 1.041 0.9744344843 6481.865275 4.475 3.451 3.224 3.198 3.752 3.44 3.2
thin2 1 thin_disk 8.76823025 -0.5 0.0048313 1.063259482 1.062 1.002657588 6553.902858 4.459 3.366 3.149 3.124 3.658 3.357 3.125
thin2 1 thin_disk 8.76823025 -0.5 0.0048313 1.090285659 1.089 1.038849523 6642.017263 4.44 3.262 3.057 3.033 3.543 3.256 3.035
thin2 1 thin_disk 8.76823025 -0.5 0.0048313 1.125147819 1.124 1.081316039 6762.386672 4.418 3.136 2.946 2.924 3.403 3.134 2.925
thin2 1 thin_disk 8.76823025 -0.5 0.0048313 1.139071226 1.138 1.098886011 6809.261297 4.409 3.086 2.903 2.881 3.348 3.086 2.882
thin2 1 thin_disk 8.76823025 -0.5 0.0048313 1.187857151 1.187 1.153593087 6987.148926 4.385 2.927 2.767 2.746 3.167 2.931 2.747
thin2 1 thin_disk 8.76823025 -0.5 0.0048313 1.236642718 1.236 1.198264367 7191.177358 4.37 2.785 2.651 2.631 3.002 2.794 2.632
thin2 1 thin_disk 8.76823025 -0.5 0.0048313 1.250385881 1.25 1.207404096 7259.387846 4.369 2.751 2.624 2.605 2.96 2.761 2.606
thin2 1 thin_disk 8.76823025 -0.5 0.0048313 1.285428286 1.285 1.229568263 7433.613897 4.365 2.664 2.558 2.539 2.855 2.678 2.54
thin2 1 thin_disk 8.76823025 -0.5 0.0048313 1.321716189 1.321 1.243519629 7638.357836 4.367 2.587 2.503 2.485 2.756 2.604 2.486
thin2 1 thin_disk 8.76823025 -0.5 0.0048313 1.334214211 1.334 1.247822019 7709.034691 4.368 2.561 2.484 2.466 2.723 2.579 2.467
thin2 1 thin_disk 8.76823025 -0.5 0.0048313 1.347319961 1.347 1.251851012 7785.741853 4.37 2.535 2.466 2.448 2.69 2.554 2.449
thin2 1 thin_disk 8.76823025 -0.5 0.0048313 1.382999897 1.383 1.263143364 7990.979196 4.373 2.467 2.417 2.4 2.602 2.488 2.401
thin2 1 thin_disk 8.76823025 -0.5 0.0048313 1.431785583 1.432 1.282486035 8266.087535 4.375 2.377 2.35 2.333 2.488 2.4 2.333
thin2 1 thin_disk 8.76823025 -0.5 0.0048313 1.46680522 1.467 1.297635281 8452.788452 4.375 2.314 2.3 2.283 2.409 2.338 2.284
thin2 1 thin_disk 8.76823025 -0.5 0.0048313 1.48057127 1.48 1.303925098 8525.110168 4.375 2.29 2.28 2.263 2.379 2.314 2.264
thin2 1 thin_disk 8.76823025 -0.5 0.0048313 1.499073982 1.499 1.313265831 8617.87122 4.374 2.257 2.252 2.236 2.34 2.281 2.236
thin2 1 thin_disk 8.76823025 -0.5 0.0048313 1.529356957 1.529 1.331841811 8761.934454 4.371 2.204 2.206 2.19 2.277 2.228 2.191
thin2 1 thin_disk 8.76823025 -0.5 0.0048313 1.535659313 1.535 1.335526915 8790.225168 4.37 2.193 2.196 2.18 2.263 2.216 2.181
thin2 1 thin_disk 8.76823025 -0.5 0.0048313 1.578142643 1.578 1.364434352 8976.354589 4.363 2.115 2.127 2.112 2.174 2.139 2.112
thin2 1 thin_disk 8.76823025 -0.5 0.0048313 1.615626574 1.615 1.394288498 9128.512193 4.355 2.045 2.062 2.049 2.095 2.069 2.049
thin2 1 thin_disk 8.76823025 -0.5 0.0048313 1.62692833 1.626 1.403306849 9172.759354 4.352 2.024 2.042 2.029 2.071 2.047 2.029
thin2 1 thin_disk 8.76823025 -0.5 0.0048313 1.675714135 1.675 1.447613568 9354.056741 4.338 1.93 1.954 1.943 1.967 1.954 1.943
thin2 1 thin_disk 8.76823025 -0.5 0.0048313 1.695102215 1.694 1.464713367 9423.234526 4.332 1.893 1.919 1.909 1.927 1.916 1.909
thin2 1 thin_disk 8.76823025 -0.5 0.0048313 1.724499702 1.723 1.494695217 9523.574862 4.323 1.836 1.864 1.855 1.864 1.859 1.855
thin2 1 thin_disk 8.76823025 -0.5 0.0048313 1.760526061 1.759 1.53197841 9642.729855 4.31 1.765 1.796 1.788 1.787 1.788 1.788
thin2 1 thin_disk 8.76823025 -0.5 0.0048313 1.773285389 1.772 1.546509688 9680.549277 4.305 1.739 1.771 1.763 1.759 1.762 1.763
thin2 1 thin_disk 8.76823025 -0.5 0.0048313 1.79606545 1.795 1.572000373 9752.141632 4.296 1.693 1.727 1.72 1.71 1.716 1.72
thin2 1 thin_disk 8.76823025 -0.5 0.0048313 1.822966337 1.822 1.60491725 9831.052153 4.284 1.638 1.673 1.667 1.651 1.661 1.667
thin2 1 thin_disk 8.76823025 -0.5 0.0048313 1.828537583 1.827 1.612696505 9846.910714 4.282 1.627 1.662 1.656 1.639 1.649 1.656
thin2 1 thin_disk 8.76823025 -0.5 0.0048313 1.872647524 1.871 1.673989173 9958.639241 4.26 1.53 1.568 1.563 1.537 1.552 1.563
thin2 1 thin_disk 8.76823025 -0.5 0.0048313 1.877812386 1.877 1.680941676 9972.407117 4.257 1.519 1.557 1.552 1.525 1.541 1.552
thin2 1 thin_disk 8.76823025 -0.5 0.0048313 1.921437264 1.92 1.751268132 10066.99841 4.232 1.419 1.458 1.455 1.42 1.441 1.454
thin2 1 thin_disk 8.76823025 -0.5 0.0048313 1.922328472 1.921 1.752478283 10069.31669 4.232 1.417 1.456 1.453 1.418 1.438 1.452
thin2 1 thin_disk 8.76823025 -0.5 0.0048313 1.923145175 1.922 1.75368927 10071.6355 4.231 1.415 1.454 1.451 1.416 1.437 1.45
thin2 1 thin_disk 8.76823025 -0.5 0.0048313 1.961298585 1.961 1.821598436 10141.44874 4.207 1.324 1.364 1.361 1.322 1.345 1.361
thin2 1 thin_disk 8.76823025 -0.5 0.0048313 1.97200954 1.972 1.840995152 10157.80801 4.199 1.297 1.337 1.335 1.294 1.319 1.335
thin2 1 thin_disk 8.76823025 -0.5 0.0048313 2.013566017 2.013 1.928202514 10209.39484 4.169 1.191 1.232 1.231 1.186 1.212 1.23
thin2 1 thin_disk 8.76823025 -0.5 0.0048313 2.021690607 2.022 1.947837151 10216.44967 4.162 1.17 1.211 1.209 1.164 1.191 1.209
thin2 1 thin_disk 8.76823025 -0.5 0.0048313 2.025219917 2.025 1.955026483 10221.15561 4.16 1.16 1.202 1.2 1.154 1.182 1.2
thin2 1 thin_disk 8.76823025 -0.5 0.0048313 2.060824871 2.06 2.047164043 10232.92992 4.127 1.059 1.101 1.1 1.052 1.08 1.099
thin2 1 thin_disk 8.76823025 -0.5 0.0048313 2.071371555 2.071 2.075642932 10232.92992 4.117 1.028 1.07 1.069 1.021 1.049 1.068
thin2 1 thin_disk 8.76823025 -0.5 0.0048313 2.077045679 2.076 2.092438223 10232.92992 4.111 1.012 1.053 1.052 1.004 1.032 1.051
thin2 1 thin_disk 8.76823025 -0.5 0.0048313 2.118896008 2.118 2.22614088 10204.69432 4.066 0.88 0.92 0.919 0.873 0.9 0.919
thin2 1 thin_disk 8.76823025 -0.5 0.0048313 2.121052504 2.12 2.234871951 10202.34487 4.063 0.873 0.913 0.912 0.866 0.893 0.912
thin2 1 thin_disk 8.76823025 -0.5 0.0048313 2.141643047 2.14 2.308089498 10178.88013 4.039 0.805 0.845 0.844 0.799 0.825 0.843
thin2 1 thin_disk 8.76823025 -0.5 0.0048313 2.17073369 2.169 2.436983815 10113.46556 3.998 0.697 0.736 0.734 0.693 0.718 0.734
thin2 1 thin_disk 8.76823025 -0.5 0.0048313 2.17114234 2.17 2.438106346 10111.13712 3.997 0.696 0.735 0.733 0.692 0.716 0.732
thin2 1 thin_disk 8.76823025 -0.5 0.0048313 2.205995321 2.204 2.620913241 9990.7939 3.942 0.555 0.592 0.589 0.555 0.575 0.589
thin2 1 thin_disk 8.76823025 -0.5 0.0048313 2.220414638 2.219 2.706778043 9933.447482 3.917 0.494 0.53 0.527 0.497 0.514 0.526
thin2 1 thin_disk 8.76823025 -0.5 0.0048313 2.247031212 2.245 2.892361985 9788.136113 3.864 0.371 0.404 0.399 0.378 0.391 0.399
thin2 1 thin_disk 8.76823025 -0.5 0.0048313 2.269349813 2.268 3.084271813 9627.20013 3.813 0.254 0.284 0.277 0.268 0.274 0.277
thin2 1 thin_disk 8.76823025 -0.5 0.0048313 2.270095587 2.269 3.092093692 9620.552192 3.811 0.25 0.28 0.273 0.265 0.27 0.273
thin2 1 thin_disk 8.76823025 -0.5 0.0048313 2.290551424 2.289 3.292703648 9458.015034 3.76 0.138 0.164 0.155 0.16 0.157 0.155
thin2 1 thin_disk 8.76823025 -0.5 0.0048313 2.309488535 2.308 3.512793697 9278.974901 3.707 0.023 0.044 0.034 0.053 0.042 0.034
thin2 1 thin_disk 8.76823025 -0.5 0.0048313 2.319776535 2.318 3.642106532 9191.788017 3.678 -0.04 -0.021 -0.033 -0.006 -0.021 -0.033
thin2 1 thin_disk 8.76823025 -0.5 0.0048313 2.334323883 2.333 3.818147 9086.57049 3.639 -0.128 -0.112 -0.125 -0.088 -0.109 -0.124
thin2 1 thin_disk 8.76823025 -0.5 0.0048313 2.337279797 2.336 3.854363277 9069.847815 3.632 -0.145 -0.129 -0.142 -0.104 -0.126 -0.142
thin2 1 thin_disk 8.76823025 -0.5 0.0048313 2.345687389 2.344 3.804106306 9261.898131 3.645 -0.147 -0.126 -0.136 -0.117 -0.128 -0.136
thin2 1 thin_disk 8.76823025 -0.5 0.0048313 2.348325253 2.347 3.718370363 9449.30789 3.665 -0.124 -0.099 -0.107 -0.104 -0.106 -0.107
thin2 1 thin_disk 8.76823025 -0.5 0.0048313 2.349511146 2.348 3.620367394 9653.837851 3.689 -0.096 -0.066 -0.072 -0.085 -0.077 -0.072
thin2 1 thin_disk 8.76823025 -0.5 0.0048313 2.35014534 2.349 3.526571105 9860.524125 3.712 -0.068 -0.035 -0.038 -0.067 -0.05 -0.039
thin2 1 thin_disk 8.76823025 -0.5 0.0048313 2.350529194 2.349 3.443123851 10071.6355 3.733 -0.045 -0.008 -0.009 -0.052 -0.026 -0.01
thin2 1 thin_disk 8.76823025 -0.5 0.0048313 2.35076642 2.349 3.373281968 10275.42988 3.75 -0.029 0.011 0.012 -0.044 -0.01 0.012
thin2 1 thin_disk 8.76823025 -0.5 0.0048313 2.350960016 2.35 3.310187885 10468.87466 3.766 -0.014 0.028 0.032 -0.036 0.005 0.031
thin2 1 thin_disk 8.76823025 -0.5 0.0048313 2.350995064 2.35 3.301054122 10495.42429 3.769 -0.01 0.032 0.036 -0.033 0.009 0.035
thin2 1 thin_disk 8.76823025 -0.5 0.0048313 2.351098776 2.35 3.310187885 10301.48893 3.767 0.009 0.049 0.051 -0.007 0.028 0.05
thin2 1 thin_disk 8.76823025 -0.5 0.0048313 2.351168871 2.35 3.368624825 10106.48184 3.751 -0.004 0.034 0.033 -0.012 0.015 0.033
thin2 1 thin_disk 8.76823025 -0.5 0.0048313 2.351257801 2.35 3.518460217 9849.17831 3.714 -0.063 -0.029 -0.033 -0.06 -0.044 -0.033
thin2 1 thin_disk 8.76823025 -0.5 0.0048313 2.351364613 2.35 3.750184589 9589.589129 3.658 -0.164 -0.135 -0.142 -0.151 -0.145 -0.142
thin2 1 thin_disk 8.76823025 -0.5 0.0048313 2.351494312 2.35 4.023950641 9332.543008 3.596 -0.28 -0.257 -0.266 -0.254 -0.261 -0.266
thin2 1 thin_disk 8.76823025 -0.5 0.0048313 2.351643086 2.35 4.309755622 9080.295876 3.538 -0.387 -0.371 -0.383 -0.348 -0.369 -0.383
thin2 1 thin_disk 8.76823025 -0.5 0.0048313 2.351808071 2.35 4.586196355 8832.832605 3.483 -0.483 -0.475 -0.49 -0.43 -0.465 -0.49
thin2 1 thin_disk 8.76823025 -0.5 0.0048313 2.351988554 2.351 4.869144295 8592.113395 3.431 -0.571 -0.572 -0.59 -0.503 -0.553 -0.589
thin2 1 thin_disk 8.76823025 -0.5 0.0048313 2.352180242 2.351 5.160034969 8356.030182 3.381 -0.652 -0.664 -0.684 -0.566 -0.634 -0.684
thin2 1 thin_disk 8.76823025 -0.5 0.0048313 2.352378607 2.351 5.455727181 8126.433766 3.333 -0.727 -0.754 -0.775 -0.622 -0.71 -0.775
thin2 1 thin_disk 8.76823025 -0.5 0.0048313 2.352579117 2.351 5.76438056 7901.326352 3.285 -0.799 -0.841 -0.864 -0.673 -0.782 -0.863
thin2 1 thin_disk 8.76823025 -0.5 0.0048313 2.352777004 2.351 6.079286974 7680.68581 3.239 -0.866 -0.926 -0.95 -0.718 -0.85 -0.949
thin2 1 thin_disk 8.76823025 -0.5 0.0048313 2.352968693 2.352 6.401071007 7467.925899 3.194 -0.928 -1.009 -1.034 -0.758 -0.914 -1.033
thin2 1 thin_disk 8.76823025 -0.5 0.0048313 2.353152037 2.352 6.742992007 7259.387846 3.149 -0.987 -1.089 -1.116 -0.793 -0.976 -1.115
thin2 1 thin_disk 8.76823025 -0.5 0.0048313 2.353325367 2.352 7.091737385 7058.298159 3.105 -1.042 -1.167 -1.195 -0.823 -1.033 -1.194
thin2 1 thin_disk 8.76823025 -0.5 0.0048313 2.353488445 2.352 7.446507733 6864.359179 3.063 -1.092 -1.243 -1.272 -0.849 -1.088 -1.271
thin2 1 thin_disk 8.76823025 -0.5 0.0048313 2.353641033 2.352 7.815425811 6677.286335 3.021 -1.139 -1.314 -1.346 -0.871 -1.139 -1.344
thin2 1 thin_disk 8.76823025 -0.5 0.0048313 2.353783846 2.352 8.174339007 6502.794055 2.983 -1.18 -1.38 -1.413 -0.889 -1.185 -1.412
thin2 1 thin_disk 8.76823025 -0.5 0.0048313 2.35391736 2.353 8.508492979 6344.537958 2.947 -1.214 -1.436 -1.472 -0.901 -1.224 -1.471
thin2 1 thin_disk 8.76823025 -0.5 0.0048313 2.354045153 2.353 8.80547209 6204.403012 2.917 -1.239 -1.483 -1.522 -0.907 -1.254 -1.52
thin2 1 thin_disk 8.76823025 -0.5 0.0048313 2.354179144 2.353 9.077215475 6075.751461 2.891 -1.256 -1.521 -1.563 -0.905 -1.277 -1.561
thin2 1 thin_disk 8.76823025 -0.5 0.0048313 2.354334116 2.353 9.295069574 5952.508168 2.87 -1.263 -1.55 -1.594 -0.892 -1.29 -1.592
thin2 1 thin_disk 8.76823025 -0.5 0.0048313 2.35454464 2.353 9.463518705 5818.35211 2.854 -1.25 -1.561 -1.609 -0.856 -1.283 -1.607
thin2 1 thin_disk 8.76823025 -0.5 0.0048313 2.354736328 2.353 9.524729372 5713.47064 2.849 -1.217 -1.549 -1.6 -0.806 -1.256 -1.597
thin2 1 thin_disk 8.76823025 -0.5 0.0048313 2.354927301 2.354 9.507200322 5620.824171 2.851 -1.173 -1.522 -1.576 -0.745 -1.217 -1.574
thin2 1 thin_disk 8.76823025 -0.5 0.0048313 2.355155468 2.354 9.487518699 5514.422024 2.852 -1.121 -1.494 -1.551 -0.673 -1.172 -1.548
thin2 1 thin_disk 8.76823025 -0.5 0.0048313 2.355381727 2.354 9.612860608 5412.526055 2.842 -1.101 -1.495 -1.555 -0.632 -1.159 -1.553
thin2 1 thin_disk 8.76823025 -0.5 0.0048313 2.355438471 2.354 9.657231557 5387.657757 2.837 -1.1 -1.5 -1.561 -0.626 -1.16 -1.558
thin2 1 thin_disk 8.76823025 -0.5 0.0048313 2.355492353 2.354 9.755569895 5366.60956 2.828 -1.113 -1.518 -1.579 -0.635 -1.174 -1.577
thin2 1 thin_disk 8.76823025 -0.5 0.0048313 2.355761528 2.354 10.4460631 5267.444883 2.769 -1.212 -1.639 -1.703 -0.714 -1.28 -1.7
thin2 1 thin_disk 8.76823025 -0.5 0.0048313 2.35597682 2.355 11.10842903 5205.950088 2.715 -1.315 -1.756 -1.823 -0.803 -1.388 -1.82
thin2 1 thin_disk 8.76823025 -0.5 0.0048313 2.356192112 2.355 11.78019949 5158.221651 2.666 -1.415 -1.869 -1.936 -0.893 -1.492 -1.934
thin2 1 thin_disk 8.76823025 -0.5 0.0048313 2.35646081 2.355 12.54447946 5112.107761 2.611 -1.529 -1.993 -2.063 -0.996 -1.609 -2.06
thin2 1 thin_disk 8.76823025 -0.5 0.0048313 2.356729269 2.355 13.29084658 5073.41046 2.561 -1.633 -2.108 -2.179 -1.091 -1.717 -2.176
thin2 1 thin_disk 8.76823025 -0.5 0.0048313 2.356997252 2.356 14.04599938 5038.485348 2.512 -1.734 -2.218 -2.29 -1.184 -1.821 -2.288
thin2 1 thin_disk 8.76823025 -0.5 0.0048313 2.357265234 2.356 14.83722371 5004.95296 2.465 -1.835 -2.328 -2.401 -1.277 -1.925 -2.398
thin2 1 thin_disk 8.76823025 -0.5 0.0048313 2.357318878 2.356 14.99866637 4998.043136 2.456 -1.855 -2.349 -2.423 -1.295 -1.946 -2.42
thin2 1 thin_disk 8.76823025 -0.5 0.0048313 2.35743475 2.356 15.35156461 4983.10456 2.435 -1.899 -2.397 -2.471 -1.336 -1.991 -2.468
thin2 1 thin_disk 8.76823025 -0.5 0.0048313 2.357550383 2.356 15.72362381 4969.354738 2.414 -1.943 -2.444 -2.519 -1.376 -2.036 -2.516
thin2 1 thin_disk 8.76823025 -0.5 0.0048313 2.357839107 2.356 16.68601558 4936.282431 2.363 -2.053 -2.563 -2.639 -1.478 -2.149 -2.636
thin2 1 thin_disk 8.76823025 -0.5 0.0048313 2.358127832 2.357 17.68693765 4903.430228 2.312 -2.163 -2.681 -2.759 -1.58 -2.262 -2.756
thin2 1 thin_disk 8.76823025 -0.5 0.0048313 2.358416081 2.357 18.76085578 4871.918336 2.261 -2.271 -2.798 -2.877 -1.68 -2.373 -2.874
thin2 1 thin_disk 8.76823025 -0.5 0.0048313 2.358704329 2.357 19.87708271 4840.608956 2.212 -2.377 -2.913 -2.994 -1.779 -2.483 -2.991
thin2 1 thin_disk 8.76823025 -0.5 0.0048313 2.358992338 2.358 21.0500264 4810.608341 2.162 -2.485 -3.03 -3.111 -1.878 -2.593 -3.108
thin2 1 thin_disk 8.76823025 -0.5 0.0048313 2.359279871 2.358 22.30245362 4779.69297 2.111 -2.592 -3.146 -3.229 -1.977 -2.704 -3.226
thin2 1 thin_disk 8.76823025 -0.5 0.0048313 2.359567404 2.358 23.64028156 4747.882909 2.06 -2.701 -3.264 -3.348 -2.077 -2.816 -3.345
thin2 1 thin_disk 8.76823025 -0.5 0.0048313 2.35987258 2.358 25.19722098 4714.113124 2.005 -2.818 -3.39 -3.477 -2.185 -2.937 -3.474
thin2 1 thin_disk 8.76823025 -0.5 0.0048313 2.360177994 2.359 26.86907062 4679.505909 1.95 -2.937 -3.515 -3.604 -2.294 -3.057 -3.601
thin2 1 thin_disk 8.76823025 -0.5 0.0048313 2.360434294 2.359 28.35650126 4650.503762 1.903 -3.036 -3.62 -3.712 -2.386 -3.159 -3.709
thin2 1 thin_disk 8.76823025 -0.5 0.0048313 2.360746145 2.359 30.23797091 4616.363515 1.847 -3.152 -3.742 -3.838 -2.491 -3.277 -3.834
thin2 1 thin_disk 8.76823025 -0.5 0.0048313 2.360921383 2.36 31.07081498 4601.506078 1.823 -3.204 -3.796 -3.893 -2.538 -3.329 -3.89
thin2 1 thin_disk 8.76823025 -0.5 0.0048313 2.361081362 2.36 30.15453563 4617.426595 1.85 -3.148 -3.737 -3.832 -2.487 -3.272 -3.829
thin2 1 thin_disk 8.76823025 -0.5 0.0048313 2.361331463 2.36 28.45461048 4650.503762 1.9 -3.044 -3.627 -3.719 -2.393 -3.166 -3.716
thin2 1 thin_disk 8.76823025 -0.5 0.0048313 2.361699343 2.36 26.9806647 4680.583529 1.946 -2.946 -3.525 -3.614 -2.304 -3.067 -3.611
thin2 1 thin_disk 8.76823025 -0.5 0.0048313 2.362226486 2.361 25.6361406 4708.688923 1.991 -2.851 -3.425 -3.511 -2.217 -2.97 -3.509
thin2 1 thin_disk 8.76823025 -0.5 0.0048313 2.363049984 2.362 24.09642669 4743.511961 2.045 -2.739 -3.302 -3.387 -2.114 -2.854 -3.384
thin2 1 thin_disk 8.76823025 -0.5 0.0048313 2.363692284 2.362 22.84823436 4774.193311 2.091 -2.642 -3.198 -3.281 -2.026 -2.755 -3.278
thin2 1 thin_disk 8.76823025 -0.5 0.0048313 2.364313364 2.363 21.61487084 4805.073111 2.139 -2.541 -3.088 -3.17 -1.933 -2.65 -3.167
thin2 1 thin_disk 8.76823025 -0.5 0.0048313 2.364830732 2.363 20.60405236 4831.700432 2.181 -2.453 -2.991 -3.072 -1.852 -2.559 -3.069
thin2 1 thin_disk 8.76823025 -0.5 0.0048313 2.365342617 2.364 19.63146205 4859.594143 2.223 -2.363 -2.893 -2.972 -1.769 -2.466 -2.97
thin2 1 thin_disk 8.76823025 -0.5 0.0048313 2.365865707 2.365 18.65316985 4888.774439 2.268 -2.269 -2.791 -2.869 -1.683 -2.369 -2.866
thin2 1 thin_disk 8.76823025 -0.5 0.0048313 2.366423369 2.365 17.69508466 4919.262524 2.314 -2.171 -2.685 -2.762 -1.592 -2.268 -2.759
thin2 1 thin_disk 8.76823025 -0.5 0.0048313 2.367021084 2.366 16.74760251 4949.940744 2.361 -2.07 -2.576 -2.651 -1.498 -2.164 -2.648
thin2 1 thin_disk 8.76823025 -0.5 0.0048313 2.367793798 2.366 15.69830074 4987.696283 2.418 -1.949 -2.445 -2.519 -1.386 -2.04 -2.516
thin2 1 thin_disk 8.76823025 -0.5 0.0048313 2.368742704 2.367 14.62017748 5030.370811 2.48 -1.818 -2.304 -2.376 -1.266 -1.906 -2.373
thin2 1 thin_disk 8.76823025 -0.5 0.0048313 2.369457722 2.368 14.00079333 5058.24662 2.517 -1.739 -2.218 -2.289 -1.193 -1.825 -2.287
thin2 1 thin_disk 8.76823025 -0.5 0.0048313 2.370085001 2.369 13.51613886 5080.42448 2.548 -1.673 -2.146 -2.217 -1.133 -1.757 -2.214
thin2 1 thin_disk 8.76823025 -0.5 0.0048313 2.372123241 2.371 12.4753473 5138.069802 2.618 -1.532 -1.99 -2.059 -1.005 -1.61 -2.056
thin2 1 thin_disk 8.76823025 -0.5 0.0048313 2.37596631 2.375 11.56518661 5217.951042 2.685 -1.406 -1.845 -1.911 -0.898 -1.478 -1.908
thin2 1 thin_disk 8.76823025 -0.5 0.0048313 2.377810717 2.377 11.26815065 5252.910485 2.707 -1.37 -1.8 -1.865 -0.869 -1.439 -1.862
thin2 1 thin_disk 8.76823025 -0.5 0.0048313 2.379000187 2.378 11.24741306 5263.807518 2.709 -1.372 -1.799 -1.864 -0.873 -1.44 -1.861
thin2 1 thin_disk 8.76823025 -0.5 0.0048313 2.395363092 2.394 11.61321977 5297.854174 2.684 -1.457 -1.877 -1.941 -0.965 -1.523 -1.938
thin2 1 thin_disk 8.76823025 -0.5 0.0048313 2.418724298 2.417 12.33822384 5311.289819 2.636 -1.594 -2.011 -2.074 -1.105 -1.659 -2.072
thin2 1 thin_disk 8.76823025 -0.5 0.0048313 2.419138908 2.418 12.35243692 5311.289819 2.636 -1.597 -2.014 -2.077 -1.107 -1.662 -2.074
thin2 1 thin_disk 8.76823025 -0.5 0.0048313 2.439249277 2.438 13.1145274 5317.408188 2.587 -1.73 -2.145 -2.208 -1.241 -1.794 -2.205
thin2 1 thin_disk 8.76823025 -0.5 0.0048313 2.459376335 2.458 13.94288498 5319.857509 2.537 -1.866 -2.281 -2.343 -1.377 -1.93 -2.341
thin2 1 thin_disk 8.76823025 -0.5 0.0048313 2.480261564 2.479 14.87142704 5313.736321 2.484 -2.004 -2.42 -2.483 -1.514 -2.068 -2.48
thin2 1 thin_disk 8.76823025 -0.5 0.0048313 2.483361483 2.482 15.02286086 5311.289819 2.477 -2.024 -2.44 -2.503 -1.533 -2.088 -2.501
thin2 1 thin_disk 8.76823025 -0.5 0.0048313 2.491619587 2.49 15.41887348 5288.104149 2.455 -2.07 -2.491 -2.555 -1.575 -2.136 -2.552
thin2 1 thin_disk 8.76823025 -0.5 0.0048313 2.515723467 2.515 16.89478404 5160.597647 2.38 -2.203 -2.655 -2.722 -1.681 -2.279 -2.72
thin2 1 thin_disk 8.76823025 -0.5 0.0048313 2.52180028 2.521 18.0947524 5050.100257 2.321 -2.295 -2.774 -2.845 -1.748 -2.38 -2.843
thin2 1 thin_disk 8.76823025 -0.5 0.0048313 2.522760391 2.522 19.33982967 4978.517064 2.264 -2.4 -2.897 -2.972 -1.836 -2.491 -2.969
thin2 1 thin_disk 8.76823025 -0.5 0.0048313 2.523006201 2.522 20.5898245 4926.063433 2.21 -2.507 -3.017 -3.094 -1.93 -2.603 -3.091
thin2 1 thin_disk 8.76823025 -0.5 0.0048313 2.523068666 2.522 21.17154953 4905.688861 2.185 -2.556 -3.073 -3.15 -1.975 -2.655 -3.147
thin2 1 thin_disk 8.76823025 -0.5 0.0048313 2.523132563 2.522 22.55031666 4864.072057 2.131 -2.668 -3.196 -3.276 -2.075 -2.771 -3.273
thin2 1 thin_disk 8.76823025 -0.5 0.0048313 2.523190498 2.522 23.71115147 4831.700432 2.087 -2.758 -3.296 -3.376 -2.157 -2.864 -3.373
thin2 1 thin_disk 8.76823025 -0.5 0.0048313 2.523448229 2.522 24.06315923 4823.918924 2.074 -2.787 -3.327 -3.407 -2.183 -2.893 -3.405
thin2 1 thin_disk 8.76823025 -0.5 0.0048313 2.524998188 2.524 23.60764386 4833.926025 2.091 -2.751 -3.288 -3.369 -2.151 -2.857 -3.366
thin2 1 thin_disk 8.76823025 -0.5 0.0048313 2.52560544 2.525 24.85150215 4801.75503 2.047 -2.842 -3.388 -3.47 -2.233 -2.951 -3.467
thin2 1 thin_disk 8.76823025 -0.5 0.0048313 2.52614522 2.525 26.40296165 4764.309868 1.994 -2.952 -3.509 -3.592 -2.332 -3.064 -3.589
thin2 1 thin_disk 8.76823025 -0.5 0.0048313 2.526750326 2.526 28.16129648 4726.068369 1.939 -3.068 -3.632 -3.719 -2.438 -3.183 -3.716
thin2 1 thin_disk 8.76823025 -0.5 0.0048313 2.527331352 2.526 30.10597141 4682.739514 1.881 -3.187 -3.759 -3.85 -2.545 -3.305 -3.847
thin2 1 thin_disk 8.76823025 -0.5 0.0048313 2.527853727 2.527 32.29629065 4629.136638 1.819 -3.306 -3.89 -3.985 -2.648 -3.428 -3.982
thin2 1 thin_disk 8.76823025 -0.5 0.0048313 2.528212309 2.527 34.02927095 4590.922908 1.774 -3.394 -3.986 -4.084 -2.724 -3.519 -4.081
thin2 1 thin_disk 8.76823025 -0.5 0.0048313 2.52865243 2.527 36.19533869 4555.121862 1.72 -3.506 -4.104 -4.207 -2.824 -3.633 -4.204
thin2 1 thin_disk 8.76823025 -0.5 0.0048313 2.529050112 2.527 38.52588686 4520.640796 1.666 -3.617 -4.223 -4.33 -2.924 -3.747 -4.326
thin2 1 thin_disk 8.76823025 -0.5 0.0048313 2.529406309 2.527 41.11995634 4480.226804 1.61 -3.731 -4.344 -4.456 -3.022 -3.863 -4.452
thin2 1 thin_disk 8.76823025 -0.5 0.0048313 2.529727697 2.528 43.74744007 4447.336594 1.556 -3.841 -4.461 -4.578 -3.12 -3.976 -4.574
thin2 1 thin_disk 8.76823025 -0.5 0.0048313 2.530017137 2.528 46.51067526 4413.671435 1.503 -3.951 -4.577 -4.699 -3.217 -4.088 -4.695
thin2 1 thin_disk 8.76823025 -0.5 0.0048313 2.530281067 2.528 49.50540808 4380.261112 1.449 -4.061 -4.697 -4.822 -3.315 -4.202 -4.819
thin2 1 thin_disk 8.76823025 -0.5 0.0048313 2.530522823 2.528 52.63233587 4347.103696 1.396 -4.17 -4.816 -4.945 -3.412 -4.315 -4.942
thin2 1 thin_disk 8.76823025 -0.5 0.0048313 2.530746221 2.527 55.93100781 4315.190768 1.342 -4.279 -4.935 -5.068 -3.509 -4.428 -5.065
thin2 1 thin_disk 8.76823025 -0.5 0.0048313 2.530953884 2.527 59.49118845 4281.539943 1.289 -4.388 -5.055 -5.192 -3.605 -4.541 -5.188
thin2 1 thin_disk 8.76823025 -0.5 0.0048313 2.531146526 2.527 63.35087896 4248.151535 1.235 -4.496 -5.174 -5.315 -3.701 -4.654 -5.311
thin2 1 thin_disk 8.76823025 -0.5 0.0048313 2.531325817 2.527 67.38335721 4215.023497 1.181 -4.604 -5.293 -5.439 -3.797 -4.767 -5.435
thin2 1 thin_disk 8.76823025 -0.5 0.0048313 2.531493664 2.526 71.67251511 4182.153799 1.127 -4.712 -5.412 -5.562 -3.892 -4.88 -5.558
thin2 1 thin_disk 8.76823025 -0.5 0.0048313 2.531651974 2.526 76.23469109 4149.540426 1.073 -4.82 -5.531 -5.686 -3.988 -4.993 -5.682
thin2 1 thin_disk 8.76823025 -0.5 0.0048313 2.531803369 2.525 81.25547714 4115.285784 1.018 -4.929 -5.652 -5.812 -4.084 -5.107 -5.808
thin2 1 thin_disk 8.76823025 -0.5 0.0048313 2.531950235 2.525 86.66677674 4082.253781 0.962 -5.04 -5.774 -5.939 -4.181 -5.223 -5.935
thin2 1 thin_disk 8.76823025 -0.5 0.0048313 2.532095194 2.524 92.56624461 4046.690595 0.905 -5.154 -5.899 -6.07 -4.28 -5.342 -6.066
thin2 1 thin_disk 8.76823025 -0.5 0.0048313 2.532243013 2.523 99.14085154 4010.513661 0.845 -5.271 -6.028 -6.206 -4.382 -5.465 -6.202
thin2 1 thin_disk 8.76823025 -0.5 0.0048313 2.532433033 2.521 107.9077519 3965.51868 0.771 -5.417 -6.19 -6.375 -4.509 -5.619 -6.371
thin2 1 thin_disk 8.76823025 -0.5 0.0048313 2.532610178 2.518 116.3731111 3925.54536 0.704 -5.545 -6.333 -6.526 -4.62 -5.754 -6.521
thin2 1 thin_disk 8.76823025 -0.5 0.0048313 2.532678366 2.517 120.9908826 3905.710057 0.671 -5.61 -6.404 -6.601 -4.677 -5.823 -6.596
thin2 1 thin_disk 8.76823025 -0.5 0.0048313 2.532737493 2.516 125.3004541 3886.869861 0.64 -5.671 -6.471 -6.671 -4.729 -5.886 -6.667
thin2 1 thin_disk 8.76823025 -0.5 0.0048313 2.532800674 2.515 131.3265831 3862.78023 0.599 -5.749 -6.558 -6.762 -4.796 -5.968 -6.758
thin2 1 thin_disk 8.76823025 -0.5 0.0048313 2.532873154 2.513 138.4371484 3834.422814 0.552 -5.839 -6.658 -6.868 -4.873 -6.064 -6.863
thin2 1 thin_disk 8.76823025 -0.5 0.0048313 2.532963038 2.511 148.5431553 3796.645079 0.492 -5.954 -6.786 -7.004 -4.971 -6.186 -6.999
thin2 1 thin_disk 8.76823025 -0.5 0.0048313 2.532997131 2.51 151.2002972 3787.040939 0.475 -5.987 -6.822 -7.042 -4.999 -6.22 -7.037
thin2 1 thin_disk 8.76823025 -0.5 0.0048313 2.533005238 2.509 153.6571044 3778.330987 0.462 -6.013 -6.851 -7.072 -5.021 -6.248 -7.067
thin2 1 thin_disk 8.76823025 -0.5 0.0048313 2.533014774 2.509 156.1538315 3769.641066 0.448 -6.041 -6.881 -7.104 -5.044 -6.277 -7.099
thin2 1 thin_disk 8.76823025 -0.5 0.0048313 2.533025742 2.509 158.8739323 3760.971133 0.433 -6.069 -6.912 -7.137 -5.068 -6.306 -7.132
thin2 1 thin_disk 8.76823025 -0.5 0.0048313 2.533045769 2.508 161.7903613 3750.593529 0.417 -6.099 -6.946 -7.173 -5.093 -6.338 -7.168
thin2 1 thin_disk 8.76823025 -0.5 0.0048313 2.533064127 2.507 161.9767366 3750.593529 0.416 -6.101 -6.948 -7.175 -5.095 -6.34 -7.17
thin2 1 thin_disk 8.76823025 -0.5 0.0048313 2.533064365 2.507 155.5795979 3772.245942 0.451 -6.033 -6.873 -7.096 -5.038 -6.269 -7.091
thin2 1 thin_disk 8.76823025 -0.5 0.0048313 2.533064604 2.507 174.6435878 3706.807218 0.35 -6.225 -7.086 -7.322 -5.196 -6.472 -7.317
thin2 1 thin_disk 8.76823025 -0.5 0.0048313 2.533065081 2.507 170.8648166 3719.632212 0.37 -6.189 -7.046 -7.279 -5.167 -6.433 -7.273
thin2 1 thin_disk 8.76823025 -0.5 0.0048313 2.533065319 2.507 166.0935031 3735.940923 0.394 -6.143 -6.995 -7.225 -5.13 -6.385 -7.219
thin2 1 thin_disk 8.76823025 -0.5 0.0048313 2.533065796 2.507 165.8260076 3736.801254 0.395 -6.142 -6.993 -7.223 -5.128 -6.383 -7.217
thin2 1 thin_disk 8.76823025 -0.5 0.0048313 2.533066273 2.507 163.362603 3745.41547 0.408 -6.115 -6.964 -7.192 -5.106 -6.355 -7.186
thin2 1 thin_disk 8.76823025 -0.5 0.0048313 2.533067226 2.507 160.7506156 3754.049545 0.422 -6.089 -6.934 -7.161 -5.085 -6.328 -7.156
thin2 1 thin_disk 8.76823025 -0.5 0.0048313 2.53306818 2.507 158.618064 3761.837228 0.434 -6.066 -6.909 -7.133 -5.065 -6.303 -7.128
thin2 1 thin_disk 8.76823025 -0.5 0.0048313 2.533069372 2.507 156.4057247 3768.773174 0.446 -6.042 -6.883 -7.107 -5.045 -6.278 -7.101
thin2 1 thin_disk 8.76823025 -0.5 0.0048313 2.533070564 2.507 154.1532356 3776.591401 0.458 -6.019 -6.858 -7.08 -5.026 -6.254 -7.074
thin2 1 thin_disk 8.76823025 -0.5 0.0048313 2.533072233 2.507 152.1782708 3783.554551 0.47 -5.996 -6.832 -7.053 -5.006 -6.23 -7.048
thin2 1 thin_disk 8.76823025 -0.5 0.0048313 2.533074141 2.507 150.055751 3790.530539 0.482 -5.973 -6.807 -7.026 -4.986 -6.205 -7.021
thin2 1 thin_disk 8.76823025 -0.5 0.0048313 2.53307724 2.507 147.7245395 3798.393902 0.495 -5.945 -6.777 -6.994 -4.963 -6.177 -6.989
thin2 1 thin_disk 8.76823025 -0.5 0.0048313 2.533085346 2.506 145.3625875 3807.150104 0.509 -5.918 -6.747 -6.963 -4.94 -6.148 -6.957
thin2 1 thin_disk 8.76823025 -0.5 0.0048313 2.533089161 2.506 146.7751878 3801.893963 0.501 -5.934 -6.765 -6.982 -4.954 -6.165 -6.976
thin2 1 thin_disk 8.76823025 -0.5 0.0048313 2.533092737 2.506 149.8140846 3791.403442 0.483 -5.97 -6.804 -7.023 -4.984 -6.202 -7.017
thin2 1 thin_disk 8.76823025 -0.5 0.0048313 2.533097029 2.506 153.4096379 3779.20108 0.463 -6.01 -6.847 -7.069 -5.018 -6.244 -7.064
thin2 1 thin_disk 8.76823025 -0.5 0.0048313 2.533102035 2.506 157.6712987 3764.436711 0.439 -6.057 -6.899 -7.123 -5.057 -6.293 -7.118
thin2 1 thin_disk 8.76823025 -0.5 0.0048313 2.533107281 2.506 162.8368321 3747.140695 0.411 -6.11 -6.957 -7.185 -5.102 -6.349 -7.18
thin2 1 thin_disk 8.76823025 -0.5 0.0048313 2.533114672 2.505 163.7014947 3743.69104 0.406 -6.119 -6.968 -7.197 -5.11 -6.36 -7.191
thin2 1 thin_disk 8.76823025 -0.5 0.0048313 2.533126354 2.505 181.3646511 3688.077172 0.317 -6.29 -7.156 -7.396 -5.25 -6.539 -7.39
thin2 1 thin_disk 8.76823025 -0.5 0.0048313 2.533147812 2.503 198.9539861 3636.637393 0.236 -6.444 -7.326 -7.577 -5.375 -6.702 -7.571
thin2 1 thin_disk 8.76823025 -0.5 0.0048313 2.533168793 2.501 206.6582012 3615.763364 0.203 -6.507 -7.395 -7.65 -5.425 -6.768 -7.644
thin2 1 thin_disk 8.76823025 -0.5 0.0048313 2.533170462 2.501 206.6582012 3615.763364 0.203 -6.507 -7.395 -7.65 -5.425 -6.768 -7.644
thin2 1 thin_disk 8.76823025 -0.5 0.0048313 2.533171415 2.501 196.812485 3645.860102 0.246 -6.428 -7.307 -7.556 -5.365 -6.684 -7.55
thin2 1 thin_disk 8.76823025 -0.5 0.0048313 2.533171654 2.501 192.7314749 3656.789826 0.263 -6.395 -7.271 -7.517 -5.337 -6.649 -7.511
thin2 1 thin_disk 8.76823025 -0.5 0.0048313 2.533173561 2.501 148.8170341 3797.51939 0.488 -5.961 -6.792 -7.01 -4.978 -6.192 -7.005
thin2 1 thin_disk 8.76823025 -0.5 0.0048313 2.533176899 2.5 126.4889667 3888.660243 0.63 -5.691 -6.491 -6.691 -4.75 -5.906 -6.686
thin2 1 thin_disk 8.76823025 -0.5 0.0048313 2.533181191 2.5 133.5219434 3857.447287 0.582 -5.782 -6.592 -6.798 -4.826 -6.002 -6.793
thin2 1 thin_disk 8.76823025 -0.5 0.0048313 2.533187151 2.499 154.0822618 3777.461094 0.458 -6.017 -6.855 -7.077 -5.024 -6.252 -7.072
thin2 1 thin_disk 8.76823025 -0.5 0.0048313 2.533194542 2.498 177.60396 3699.133457 0.334 -6.256 -7.119 -7.357 -5.222 -6.503 -7.351
thin2 1 thin_disk 8.76823025 -0.5 0.0048313 2.533203602 2.498 196.2242351 3645.020708 0.248 -6.421 -7.301 -7.55 -5.358 -6.678 -7.544
thin2 1 thin_disk 8.76823025 -0.5 0.0048313 2.533214331 2.496 206.4679496 3617.428868 0.203 -6.508 -7.395 -7.65 -5.427 -6.768 -7.644
thin2 1 thin_disk 8.76823025 -0.5 0.0048313 2.533226967 2.495 211.034104 3604.956263 0.184 -6.544 -7.435 -7.692 -5.454 -6.806 -7.685
thin2 1 thin_disk 8.76823025 -0.5 0.0048313 2.533241272 2.494 213.183037 3599.15044 0.175 -6.561 -7.453 -7.712 -5.467 -6.823 -7.705
thin2 1 thin_disk 8.76823025 -0.5 0.0048313 2.53324151 2.494 242.858129 3531.018557 0.061 -6.782 -7.693 -7.967 -5.639 -7.054 -7.959
thin2 1 thin_disk 8.76823025 -0.5 0.0048313 2.533242941 2.493 200.8411247 3629.944626 0.226 -6.458 -7.343 -7.595 -5.386 -6.717 -7.589
thin2 1 thin_disk 8.76823025 -0.5 0.0048313 2.533245325 2.493 155.3290352 3768.773174 0.45 -6.027 -6.868 -7.092 -5.03 -6.264 -7.086
thin2 1 thin_disk 8.76823025 -0.5 0.0048313 2.533249378 2.493 131.9631412 3860.112837 0.592 -5.757 -6.566 -6.772 -4.802 -5.977 -6.767
thin2 1 thin_disk 8.76823025 -0.5 0.0048313 2.5332551 2.492 139.4609582 3829.129021 0.543 -5.848 -6.669 -6.88 -4.88 -6.074 -6.875
thin2 1 thin_disk 8.76823025 -0.5 0.0048313 2.53326273 2.491 160.6766043 3750.593529 0.42 -6.084 -6.93 -7.157 -5.077 -6.323 -7.152
thin2 1 thin_disk 8.76823025 -0.5 0.0048313 2.533272266 2.49 184.9066987 3673.668801 0.297 -6.32 -7.191 -7.434 -5.273 -6.572 -7.428
thin2 1 thin_disk 8.76823025 -0.5 0.0048313 2.533283711 2.488 204.1045305 3621.595985 0.212 -6.485 -7.372 -7.626 -5.407 -6.745 -7.62
thin2 1 thin_disk 8.76823025 -0.5 0.0048313 2.533297539 2.487 214.7596289 3594.181463 0.167 -6.572 -7.466 -7.726 -5.476 -6.836 -7.719
thin2 1 thin_disk 8.76823025 -0.5 0.0048313 2.533313751 2.485 219.6608424 3582.613846 0.147 -6.61 -7.507 -7.769 -5.506 -6.875 -7.763
thin2 1 thin_disk 8.76823025 -0.5 0.0048313 2.533332109 2.482 222.2555654 3576.020502 0.137 -6.63 -7.528 -7.792 -5.521 -6.896 -7.785
thin2 1 thin_disk 8.76823025 -0.5 0.0048313 2.533332348 2.482 254.9486079 3504.289683 0.017 -6.863 -7.781 -8.061 -5.697 -7.139 -8.053
thin2 1 thin_disk 8.76823025 -0.5 0.0048313 2.533333778 2.482 210.9855172 3603.296501 0.182 -6.541 -7.432 -7.69 -5.451 -6.803 -7.684
thin2 1 thin_disk 8.76823025 -0.5 0.0048313 2.533336639 2.481 163.362603 3741.105883 0.404 -6.112 -6.961 -7.191 -5.101 -6.352 -7.185
thin2 1 thin_disk 8.76823025 -0.5 0.0048313 2.533340931 2.481 138.5647124 3832.657404 0.547 -5.838 -6.657 -6.868 -4.871 -6.063 -6.863
thin2 1 thin_disk 8.76823025 -0.5 0.0048313 2.53334713 2.48 146.5050668 3801.018646 0.498 -5.929 -6.759 -6.976 -4.948 -6.159 -6.971
thin2 1 thin_disk 8.76823025 -0.5 0.0048313 2.533355236 2.479 168.3265587 3723.917063 0.377 -6.162 -7.017 -7.25 -5.142 -6.405 -7.244
thin2 1 thin_disk 8.76823025 -0.5 0.0048313 2.533365488 2.477 193.3982967 3648.379443 0.256 -6.393 -7.272 -7.521 -5.331 -6.649 -7.515
thin2 1 thin_disk 8.76823025 -0.5 0.0048313 2.533378124 2.475 212.7417096 3596.665093 0.173 -6.555 -7.448 -7.707 -5.46 -6.818 -7.701
thin2 1 thin_disk 8.76823025 -0.5 0.0048313 2.533392906 2.473 223.8477043 3569.439292 0.129 -6.639 -7.54 -7.804 -5.526 -6.906 -7.798
thin2 1 thin_disk 8.76823025 -0.5 0.0048313 2.533410311 2.47 228.6928806 3557.951306 0.11 -6.675 -7.579 -7.846 -5.554 -6.944 -7.839
thin2 1 thin_disk 8.76823025 -0.5 0.0048313 2.533430338 2.467 231.1280445 3551.40335 0.1 -6.693 -7.599 -7.867 -5.567 -6.963 -7.86
thin2 1 thin_disk 8.76823025 -0.5 0.0048313 2.533430815 2.467 267.3946076 3475.361614 -0.027 -6.94 -7.865 -8.153 -5.749 -7.219 -8.145
thin2 1 thin_disk 8.76823025 -0.5 0.0048313 2.533432245 2.467 221.1834586 3574.374063 0.138 -6.619 -7.518 -7.782 -5.509 -6.885 -7.775
thin2 1 thin_disk 8.76823025 -0.5 0.0048313 2.533435583 2.466 171.6534928 3711.077295 0.358 -6.192 -7.051 -7.287 -5.165 -6.438 -7.281
thin2 1 thin_disk 8.76823025 -0.5 0.0048313 2.53344059 2.465 145.2956609 3803.645203 0.502 -5.915 -6.745 -6.961 -4.935 -6.145 -6.956
thin2 1 thin_disk 8.76823025 -0.5 0.0048313 2.533447981 2.464 153.6924893 3771.37745 0.454 -6.007 -6.847 -7.07 -5.012 -6.243 -7.065
thin2 1 thin_disk 8.76823025 -0.5 0.0048313 2.533457518 2.462 176.3813429 3694.877123 0.333 -6.237 -7.101 -7.34 -5.201 -6.485 -7.334
thin2 1 thin_disk 8.76823025 -0.5 0.0048313 2.533469439 2.46 202.0936393 3620.762178 0.215 -6.463 -7.351 -7.605 -5.385 -6.724 -7.598
thin2 1 thin_disk 8.76823025 -0.5 0.0048313 2.533484221 2.457 221.94872 3570.26128 0.133 -6.622 -7.522 -7.787 -5.509 -6.889 -7.78
thin2 1 thin_disk 8.76823025 -0.5 0.0048313 2.533501625 2.454 232.9982423 3543.235349 0.09 -6.703 -7.611 -7.882 -5.571 -6.974 -7.874
thin2 1 thin_disk 8.76823025 -0.5 0.0048313 2.533522129 2.45 238.0414817 3531.831698 0.071 -6.738 -7.649 -7.922 -5.596 -7.011 -7.915
thin2 1 thin_disk 8.76823025 -0.5 0.0048313 2.533545494 2.446 240.5761912 3525.331812 0.061 -6.756 -7.669 -7.943 -5.608 -7.029 -7.936
thin2 1 thin_disk 8.76823025 -0.5 0.0048313 2.533545971 2.445 280.8359135 3444.292294 -0.074 -7.019 -7.951 -8.246 -5.794 -7.302 -8.238
thin2 1 thin_disk 8.76823025 -0.5 0.0048313 2.53354764 2.445 232.5694388 3542.419583 0.091 -6.698 -7.606 -7.876 -5.565 -6.969 -7.869
thin2 1 thin_disk 8.76823025 -0.5 0.0048313 2.533550739 2.444 180.6145132 3678.74767 0.31 -6.273 -7.143 -7.385 -5.229 -6.524 -7.379
thin2 1 thin_disk 8.76823025 -0.5 0.0048313 2.533555984 2.443 152.7399503 3772.245942 0.456 -5.993 -6.833 -7.056 -4.998 -6.229 -7.051
thin2 1 thin_disk 8.76823025 -0.5 0.0048313 2.533563614 2.441 161.3810901 3740.24456 0.407 -6.085 -6.935 -7.164 -5.074 -6.326 -7.159
thin2 1 thin_disk 8.76823025 -0.5 0.0048313 2.533573389 2.439 184.7790138 3664.375746 0.289 -6.31 -7.184 -7.429 -5.257 -6.563 -7.423
thin2 1 thin_disk 8.76823025 -0.5 0.0048313 2.533585787 2.436 211.1313112 3591.699548 0.173 -6.532 -7.427 -7.687 -5.434 -6.796 -7.68
thin2 1 thin_disk 8.76823025 -0.5 0.0048313 2.533600807 2.432 231.0748314 3541.604004 0.094 -6.684 -7.593 -7.863 -5.551 -6.955 -7.856
thin2 1 thin_disk 8.76823025 -0.5 0.0048313 2.533618689 2.428 242.1880134 3515.604405 0.052 -6.762 -7.677 -7.954 -5.607 -7.037 -7.946
thin2 1 thin_disk 8.76823025 -0.5 0.0048313 2.533639431 2.423 247.1454645 3504.289683 0.034 -6.795 -7.713 -7.993 -5.629 -7.071 -7.985
thin2 1 thin_disk 8.76823025 -0.5 0.0048313 2.533663511 2.417 249.6046345 3497.035169 0.024 -6.811 -7.731 -8.012 -5.64 -7.088 -8.004
thin2 1 thin_disk 8.76823025 -0.5 0.0048313 2.533663988 2.417 293.8682352 3411.929116 -0.118 -7.088 -8.028 -8.331 -5.826 -7.374 -8.323
thin2 1 thin_disk 8.76823025 -0.5 0.0048313 2.533665419 2.417 243.4179748 3510.750772 0.046 -6.767 -7.684 -7.962 -5.608 -7.043 -7.954
thin2 1 thin_disk 8.76823025 -0.5 0.0048313 2.533668757 2.416 189.2573021 3645.860102 0.264 -6.345 -7.225 -7.473 -5.282 -6.601 -7.467
thin2 1 thin_disk 8.76823025 -0.5 0.0048313 2.533673763 2.414 159.7175519 3740.24456 0.411 -6.062 -6.912 -7.141 -5.051 -6.303 -7.136
thin2 1 thin_disk 8.76823025 -0.5 0.0048313 2.533680916 2.412 168.675748 3709.368674 0.363 -6.152 -7.013 -7.248 -5.125 -6.399 -7.243
thin2 1 thin_disk 8.76823025 -0.5 0.0048313 2.533690214 2.409 192.9090689 3634.126161 0.247 -6.373 -7.257 -7.507 -5.303 -6.631 -7.501
thin2 1 thin_disk 8.76823025 -0.5 0.0048313 2.533702135 2.406 219.2061048 3563.69067 0.134 -6.59 -7.493 -7.758 -5.473 -6.858 -7.752
thin2 1 thin_disk 8.76823025 -0.5 0.0048313 2.533716679 2.402 239.4157101 3515.604405 0.058 -6.736 -7.652 -7.929 -5.581 -7.011 -7.921
thin2 1 thin_disk 8.76823025 -0.5 0.0048313 2.533733845 2.397 250.2376454 3490.599322 0.018 -6.81 -7.733 -8.015 -5.634 -7.089 -8.007
thin2 1 thin_disk 8.76823025 -0.5 0.0048313 2.533753872 2.391 254.9486079 3480.166322 0.001 -6.84 -7.765 -8.05 -5.655 -7.12 -8.042
thin2 1 thin_disk 8.76823025 -0.5 0.0048313 2.533776999 2.384 257.2483778 3474.561475 -0.008 -6.854 -7.78 -8.067 -5.663 -7.134 -8.058
thin2 1 thin_disk 8.76823025 -0.5 0.0048313 2.533777475 2.384 305.1073324 3385.322128 -0.156 -7.138 -8.087 -8.401 -5.841 -7.428 -8.391
thin2 1 thin_disk 8.76823025 -0.5 0.0048313 2.533778906 2.383 252.7275835 3483.37315 0.008 -6.823 -7.747 -8.032 -5.64 -7.102 -8.023
thin2 1 thin_disk 8.76823025 -0.5 0.0048313 2.533782244 2.382 196.8578079 3618.261907 0.224 -6.404 -7.292 -7.546 -5.324 -6.665 -7.54
thin2 1 thin_disk 8.76823025 -0.5 0.0048313 2.533787489 2.38 165.8641948 3712.786703 0.372 -6.119 -6.978 -7.213 -5.094 -6.364 -7.207
thin2 1 thin_disk 8.76823025 -0.5 0.0048313 2.533794642 2.378 175.2478283 3681.289736 0.324 -6.21 -7.079 -7.32 -5.167 -6.461 -7.314
thin2 1 thin_disk 8.76823025 -0.5 0.0048313 2.533804417 2.375 200.10256 3607.447339 0.209 -6.428 -7.32 -7.576 -5.342 -6.691 -7.569
thin2 1 thin_disk 8.76823025 -0.5 0.0048313 2.533816338 2.371 227.014002 3538.343568 0.098 -6.641 -7.551 -7.822 -5.505 -6.913 -7.815
thin2 1 thin_disk 8.76823025 -0.5 0.0048313 2.533831358 2.366 247.2593054 3491.403155 0.023 -6.785 -7.707 -7.989 -5.61 -7.063 -7.981
thin2 1 thin_disk 8.76823025 -0.5 0.0048313 2.533848762 2.36 258.1978638 3468.166988 -0.016 -6.858 -7.786 -8.074 -5.662 -7.139 -8.065
thin2 1 thin_disk 8.76823025 -0.5 0.0048313 2.533869266 2.353 263.1798559 3457.004939 -0.033 -6.889 -7.819 -8.109 -5.681 -7.171 -8.1
thin2 1 thin_disk 8.76823025 -0.5 0.0048313 2.53389287 2.345 265.5538761 3451.437393 -0.043 -6.904 -7.835 -8.126 -5.69 -7.186 -8.118
thin2 1 thin_disk 8.76823025 -0.5 0.0048313 2.533893347 2.344 316.8492218 3360.469825 -0.197 -7.092 -8.033 -8.363 -5.831 -7.381 -8.354
thin2 1 thin_disk 8.76823025 -0.5 0.0048313 2.533895016 2.343 262.8165106 3455.413296 -0.034 -6.809 -7.711 -8.017 -5.598 -7.075 -8.008
thin2 1 thin_disk 8.76823025 -0.5 0.0048313 2.533898592 2.341 205.5666435 3585.915075 0.179 -6.435 -7.281 -7.558 -5.293 -6.671 -7.551
thin2 1 thin_disk 8.76823025 -0.5 0.0048313 2.533904076 2.339 173.2018972 3679.59483 0.327 -6.169 -6.978 -7.235 -5.076 -6.385 -7.229
thin2 1 thin_disk 8.76823025 -0.5 0.0048313 2.533911943 2.335 183.2536548 3645.860102 0.278 -6.254 -7.076 -7.34 -5.144 -6.477 -7.333
thin2 1 thin_disk 8.76823025 -0.5 0.0048313 2.533922434 2.33 209.1474842 3569.439292 0.162 -6.451 -7.305 -7.586 -5.301 -6.691 -7.578
thin2 1 thin_disk 8.76823025 -0.5 0.0048313 2.533935547 2.324 237.6033967 3494.620337 0.049 -6.638 -7.525 -7.821 -5.449 -6.896 -7.813
thin2 1 thin_disk 8.76823025 -0.5 0.0048313 2.533951759 2.317 259.9876059 3440.329188 -0.029 -6.762 -7.673 -7.982 -5.545 -7.033 -7.973
thin2 1 thin_disk 8.76823025 -0.5 0.0048313 2.533970833 2.308 272.6795979 3408.003248 -0.072 -6.824 -7.749 -8.066 -5.591 -7.103 -8.057
thin2 1 thin_disk 8.76823025 -0.5 0.0048313 2.533993006 2.298 278.9026526 3389.221869 -0.094 -6.85 -7.783 -8.104 -5.606 -7.133 -8.095
thin2 1 thin_disk 8.76823025 -0.5 0.0048313 2.534018517 2.286 282.5873032 3376.758486 -0.108 -6.862 -7.802 -8.126 -5.609 -7.15 -8.116
thin2 1 thin_disk 8.76823025 -0.5 0.0048313 2.534018993 2.286 343.4413992 3265.126412 -0.278 -7.107 -8.105 -8.485 -5.779 -7.426 -8.473
thin2 1 thin_disk 8.76823025 -0.5 0.0048313 2.534020662 2.285 281.9373704 3376.758486 -0.106 -6.852 -7.793 -8.12 -5.6 -7.14 -8.111
thin2 1 thin_disk 8.76823025 -0.5 0.0048313 2.534024 2.282 217.5467727 3530.205604 0.118 -6.489 -7.361 -7.649 -5.319 -6.739 -7.642
thin2 1 thin_disk 8.76823025 -0.5 0.0048313 2.534029245 2.279 180.9891935 3643.342501 0.278 -6.225 -7.049 -7.313 -5.114 -6.449 -7.306
thin2 1 thin_disk 8.76823025 -0.5 0.0048313 2.534036636 2.274 192.1111823 3604.126286 0.225 -6.309 -7.148 -7.421 -5.177 -6.541 -7.414
thin2 1 thin_disk 8.76823025 -0.5 0.0048313 2.53404665 2.268 220.8272402 3513.985782 0.103 -6.501 -7.38 -7.671 -5.323 -6.754 -7.663
thin2 1 thin_disk 8.76823025 -0.5 0.0048313 2.534059048 2.26 252.5530658 3426.888704 -0.015 -6.68 -7.599 -7.91 -5.457 -6.956 -7.901
thin2 1 thin_disk 8.76823025 -0.5 0.0048313 2.534074306 2.25 277.1740992 3362.791957 -0.098 -6.797 -7.744 -8.074 -5.539 -7.089 -8.064
thin2 1 thin_disk 8.76823025 -0.5 0.0048313 2.534092188 2.238 292.1814533 3322.767852 -0.146 -6.854 -7.82 -8.161 -5.575 -7.157 -8.151
thin2 1 thin_disk 8.76823025 -0.5 0.0048313 2.534113407 2.225 300.1598812 3295.338255 -0.172 -6.877 -7.855 -8.203 -5.584 -7.187 -8.193
thin2 1 thin_disk 8.76823025 -0.5 0.0048313 2.534137487 2.21 306.2334625 3271.899836 -0.192 -6.888 -7.875 -8.229 -5.584 -7.203 -8.218
thin2 1 thin_disk 8.76823025 -0.5 0.0048313 2.534137964 2.209 379.9729187 3138.340056 -0.38 -6.997 -8.113 -8.629 -5.515 -7.371 -8.609
thin2 1 thin_disk 8.76823025 -0.5 0.0048313 2.534139395 2.208 307.5053279 3268.887692 -0.197 -6.851 -7.86 -8.25 -5.519 -7.175 -8.237
thin2 1 thin_disk 8.76823025 -0.5 0.0048313 2.534142494 2.205 233.9120768 3445.878814 0.041 -6.532 -7.446 -7.758 -5.315 -6.804 -7.749
thin2 1 thin_disk 8.76823025 -0.5 0.0048313 2.534147501 2.2 191.9785225 3578.491583 0.211 -6.275 -7.128 -7.405 -5.13 -6.513 -7.398
thin2 1 thin_disk 8.76823025 -0.5 0.0048313 2.534154653 2.193 204.8107014 3531.018557 0.154 -6.356 -7.229 -7.519 -5.185 -6.606 -7.511
thin2 1 thin_disk 8.76823025 -0.5 0.0048313 2.534163952 2.184 236.9477804 3427.677865 0.025 -6.537 -7.46 -7.776 -5.311 -6.813 -7.767
thin2 1 thin_disk 8.76823025 -0.5 0.0048313 2.534175873 2.173 272.2404443 3331.194571 -0.098 -6.697 -7.669 -8.02 -5.414 -7.001 -8.009
thin2 1 thin_disk 8.76823025 -0.5 0.0048313 2.534190178 2.16 300.0216843 3262.120504 -0.184 -6.795 -7.804 -8.186 -5.467 -7.119 -8.174
thin2 1 thin_disk 8.76823025 -0.5 0.0048313 2.534207344 2.144 316.2661012 3219.585776 -0.234 -6.84 -7.871 -8.275 -5.482 -7.176 -8.261
thin2 1 thin_disk 8.76823025 -0.5 0.0048313 2.534227133 2.126 325.8762011 3190.068436 -0.263 -6.856 -7.901 -8.318 -5.478 -7.2 -8.303
thin2 1 thin_disk 8.76823025 -0.5 0.0048313 2.534250021 2.105 333.15984 3162.27766 -0.287 -6.863 -7.921 -8.346 -5.469 -7.214 -8.331
thin2 1 thin_disk 8.76823025 -0.5 0.0048313 2.534250498 2.104 416.3443207 3027.610481 -0.481 -6.745 -8.005 -8.696 -5.043 -7.18 -8.668
thin2 1 thin_disk 8.76823025 -0.5 0.0048313 2.534251928 2.103 337.3281968 3153.552025 -0.298 -6.814 -7.903 -8.376 -5.377 -7.177 -8.358
thin2 1 thin_disk 8.76823025 -0.5 0.0048313 2.534255028 2.1 256.774945 3325.063932 -0.062 -6.547 -7.53 -7.891 -5.256 -6.856 -7.88
thin2 1 thin_disk 8.76823025 -0.5 0.0048313 2.534260035 2.095 210.6457227 3453.822385 0.11 -6.311 -7.225 -7.534 -5.1 -6.583 -7.526
thin2 1 thin_disk 8.76823025 -0.5 0.0048313 2.534266949 2.089 224.8291636 3407.218617 0.052 -6.387 -7.324 -7.648 -5.148 -6.67 -7.639
thin2 1 thin_disk 8.76823025 -0.5 0.0048313 2.534276009 2.08 259.6884564 3308.262789 -0.075 -6.547 -7.538 -7.904 -5.247 -6.86 -7.892
thin2 1 thin_disk 8.76823025 -0.5 0.0048313 2.534287691 2.07 297.4079989 3216.621793 -0.196 -6.688 -7.729 -8.141 -5.324 -7.029 -8.126
thin2 1 thin_disk 8.76823025 -0.5 0.0048313 2.534301758 2.057 326.401875 3152.825976 -0.28 -6.767 -7.846 -8.3 -5.346 -7.127 -8.284
thin2 1 thin_disk 8.76823025 -0.5 0.0048313 2.534318686 2.041 343.4413992 3114.583654 -0.327 -6.791 -7.897 -8.383 -5.329 -7.164 -8.365
thin2 1 thin_disk 8.76823025 -0.5 0.0048313 2.534338236 2.024 353.0633559 3089.583948 -0.354 -6.797 -7.918 -8.422 -5.311 -7.178 -8.403
thin2 1 thin_disk 8.76823025 -0.5 0.0048313 2.534360647 2.003 359.6272937 3068.315401 -0.375 -6.796 -7.926 -8.441 -5.292 -7.181 -8.421
thin2 1 thin_disk 8.76823025 -0.5 0.0048313 2.534360886 2.003 452.1188818 2935.621096 -0.573 -6.168 -7.657 -8.616 -4.089 -6.691 -8.578
thin2 1 thin_disk 8.76823025 -0.5 0.0048313 2.534362555 2.002 366.8196945 3055.624616 -0.392 -6.695 -7.879 -8.466 -5.113 -7.1 -8.443
thin2 1 thin_disk 8.76823025 -0.5 0.0048313 2.534365416 1.999 280.1900088 3218.103443 -0.159 -6.564 -7.604 -8.01 -5.204 -6.904 -7.997
thin2 1 thin_disk 8.76823025 -0.5 0.0048313 2.534370422 1.995 229.748479 3343.48978 0.013 -6.334 -7.309 -7.659 -5.057 -6.638 -7.648
thin2 1 thin_disk 8.76823025 -0.5 0.0048313 2.534377098 1.989 244.8796212 3300.653995 -0.043 -6.402 -7.401 -7.771 -5.097 -6.72 -7.759
thin2 1 thin_disk 8.76823025 -0.5 0.0048313 2.534386158 1.981 281.8724594 3208.484902 -0.168 -6.56 -7.605 -8.015 -5.195 -6.903 -8.001
thin2 1 thin_disk 8.76823025 -0.5 0.0048313 2.534397364 1.972 321.9976075 3121.763511 -0.285 -6.671 -7.77 -8.245 -5.222 -7.041 -8.227
thin2 1 thin_disk 8.76823025 -0.5 0.0048313 2.534411192 1.96 352.4947433 3061.963434 -0.367 -6.691 -7.844 -8.387 -5.157 -7.085 -8.366
thin2 1 thin_disk 8.76823025 -0.5 0.0048313 2.534427404 1.946 370.2990901 3025.519804 -0.413 -6.658 -7.852 -8.45 -5.055 -7.069 -8.427
thin2 1 thin_disk 8.76823025 -0.5 0.0048313 2.534446478 1.93 379.8854368 3002.617421 -0.439 -6.635 -7.85 -8.475 -4.995 -7.055 -8.451
thin2 1 thin_disk 8.76823025 -0.5 0.0048313 2.534468412 1.912 387.2154209 2982.634246 -0.459 -7.015 -8.074 -8.49 -5.575 -7.379 -8.477
thin2 1 thin_disk 8.76823025 -0.5 0.0048313 2.534468651 1.911 493.0064996 2840.534053 -0.669 -7.316 -8.38 -8.854 -5.782 -7.683 -8.84
thin2 1 thin_disk 8.76823025 -0.5 0.0048313 2.534470081 1.911 398.4305628 2964.14879 -0.484 -7.048 -8.11 -8.533 -5.596 -7.413 -8.52
thin2 1 thin_disk 8.76823025 -0.5 0.0048313 2.534472942 1.909 303.2163704 3131.122075 -0.247 -6.567 -7.658 -8.118 -5.134 -6.933 -8.102
thin2 1 thin_disk 8.76823025 -0.5 0.0048313 2.534477472 1.907 246.8042561 3261.369459 -0.069 -6.365 -7.382 -7.761 -5.041 -6.693 -7.749
thin2 1 thin_disk 8.76823025 -0.5 0.0048313 2.53448391 1.904 264.1512346 3212.920651 -0.128 -6.433 -7.473 -7.875 -5.076 -6.774 -7.861
thin2 1 thin_disk 8.76823025 -0.5 0.0048313 2.534492254 1.901 305.3884761 3114.583654 -0.255 -6.56 -7.657 -8.121 -5.119 -6.93 -8.104
thin2 1 thin_disk 8.76823025 -0.5 0.0048313 2.534502983 1.896 349.8264515 3022.73448 -0.375 -6.584 -7.759 -8.325 -5.013 -6.989 -8.303
thin2 1 thin_disk 8.76823025 -0.5 0.0048313 2.534515858 1.89 384.461313 2957.331437 -0.458 -6.962 -8.025 -8.447 -5.509 -7.328 -8.434
thin2 1 thin_disk 8.76823025 -0.5 0.0048313 2.534531117 1.883 405.7445031 2915.412423 -0.506 -7.014 -8.08 -8.518 -5.536 -7.382 -8.504
thin2 1 thin_disk 8.76823025 -0.5 0.0048313 2.534549236 1.875 418.1697805 2886.689018 -0.534 -7.033 -8.102 -8.551 -5.536 -7.403 -8.538
thin2 1 thin_disk 8.76823025 -0.5 0.0048313 2.53456974 1.866 427.910206 2860.223694 -0.557 -7.044 -8.111 -8.568 -5.531 -7.413 -8.555
thin2 1 thin_disk 8.76823025 -0.5 0.0048313 2.534569979 1.865 551.255131 2712.688961 -0.777 -7.101 -8.246 -8.894 -5.351 -7.493 -8.875
thin2 1 thin_disk 8.76823025 -0.5 0.0048313 2.534571409 1.865 443.8667822 2839.226239 -0.588 -7.069 -8.143 -8.621 -5.532 -7.441 -8.607
thin2 1 thin_disk 8.76823025 -0.5 0.0048313 2.534574032 1.864 335.31474 3010.232221 -0.345 -6.526 -7.682 -8.219 -4.982 -6.925 -8.199
thin2 1 thin_disk 8.76823025 -0.5 0.0048313 2.534578323 1.862 270.6154856 3150.648833 -0.159 -6.389 -7.457 -7.878 -4.997 -6.746 -7.864
thin2 1 thin_disk 8.76823025 -0.5 0.0048313 2.534584045 1.86 287.5760041 3113.149665 -0.213 -6.453 -7.54 -7.984 -5.03 -6.82 -7.968
thin2 1 thin_disk 8.76823025 -0.5 0.0048313 2.534591913 1.857 329.8015139 3028.307694 -0.332 -6.533 -7.679 -8.204 -5.007 -6.927 -8.184
thin2 1 thin_disk 8.76823025 -0.5 0.0048313 2.534601927 1.853 373.1235363 2953.928643 -0.441 -6.886 -7.953 -8.379 -5.431 -7.254 -8.365
thin2 1 thin_disk 8.76823025 -0.5 0.0048313 2.534613848 1.849 404.1593634 2909.376992 -0.51 -6.979 -8.053 -8.503 -5.488 -7.35 -8.489
thin2 1 thin_disk 8.76823025 -0.5 0.0048313 2.534628153 1.843 418.4587417 2894.009817 -0.542 -7.029 -8.104 -8.562 -5.525 -7.401 -8.548
thin2 1 thin_disk 8.76823025 -0.5 0.0048313 2.534645081 1.837 421.7476243 2896.009619 -0.551 -7.047 -8.123 -8.583 -5.541 -7.419 -8.569
thin2 1 thin_disk 8.76823025 -0.5 0.0048313 2.534664154 1.83 420.583901 2906.69859 -0.55 -7.057 -8.131 -8.59 -5.556 -7.428 -8.575
thin2 1 thin_disk 8.76823025 -0.5 0.0048313 2.534664392 1.829 549.3544475 2744.100418 -0.782 -7.059 -8.244 -8.926 -5.279 -7.467 -8.904
thin2 1 thin_disk 8.76823025 -0.5 0.0048313 2.534665823 1.828 440.4054096 2876.735946 -0.591 -7.083 -8.171 -8.658 -5.548 -7.46 -8.643
thin2 1 thin_disk 8.76823025 -0.5 0.0048313 2.534668446 1.826 332.6232823 3055.624616 -0.347 -6.479 -7.665 -8.25 -4.901 -6.886 -8.227
thin2 1 thin_disk 8.76823025 -0.5 0.0048313 2.534672499 1.823 267.4561846 3200.368595 -0.159 -6.417 -7.474 -7.899 -5.036 -6.765 -7.884
thin2 1 thin_disk 8.76823025 -0.5 0.0048313 2.534678459 1.819 286.9145976 3149.19824 -0.22 -6.461 -7.552 -8.015 -5.032 -6.826 -7.998
thin2 1 thin_disk 8.76823025 -0.5 0.0048313 2.534686327 1.813 331.7818656 3047.193267 -0.348 -6.472 -7.656 -8.236 -4.895 -6.878 -8.213
thin2 1 thin_disk 8.76823025 -0.5 0.0048313 2.534696102 1.806 379.6231118 2953.928643 -0.467 -6.916 -7.985 -8.418 -5.454 -7.285 -8.404
thin2 1 thin_disk 8.76823025 -0.5 0.0048313 2.534708023 1.798 416.5360985 2887.353779 -0.55 -6.981 -8.069 -8.549 -5.455 -7.357 -8.533
thin2 1 thin_disk 8.76823025 -0.5 0.0048313 2.534722328 1.787 439.6961317 2844.461107 -0.598 -7.003 -8.1 -8.61 -5.437 -7.383 -8.594
thin2 1 thin_disk 8.76823025 -0.5 0.0048313 2.534738779 1.776 454.5196304 2810.6062 -0.63 -7.007 -8.106 -8.635 -5.413 -7.387 -8.619
thin2 1 thin_disk 8.76823025 -0.5 0.0048313 2.534757853 1.762 467.8995687 2776.514846 -0.659 -6.928 -8.056 -8.64 -5.266 -7.317 -8.622
thin2 1 thin_disk 8.76823025 -0.5 0.0048313 2.534758091 1.761 615.2514485 2616.977568 -0.896 -5.884 -7.461 -8.635 -3.402 -6.426 -8.594
thin2 1 thin_disk 8.76823025 -0.5 0.0048313 2.534759283 1.76 494.0292294 2742.837004 -0.707 -6.69 -7.93 -8.669 -4.841 -7.119 -8.644
thin2 1 thin_disk 8.76823025 -0.5 0.0048313 2.534761906 1.756 374.0697977 2911.387413 -0.466 -6.804 -7.884 -8.337 -5.309 -7.177 -8.323
thin2 1 thin_disk 8.76823025 -0.5 0.0048313 2.53476572 1.75 300.5056521 3050.703498 -0.277 -6.398 -7.526 -8.024 -4.906 -6.784 -8.006
thin2 1 thin_disk 8.76823025 -0.5 0.0048313 2.534771442 1.742 321.7011733 3003.308879 -0.339 -6.398 -7.566 -8.118 -4.836 -6.801 -8.097
thin2 1 thin_disk 8.76823025 -0.5 0.0048313 2.534778595 1.731 370.8964229 2908.70716 -0.465 -6.776 -7.859 -8.317 -5.277 -7.151 -8.303
thin2 1 thin_disk 8.76823025 -0.5 0.0048313 2.534787893 1.717 422.9145675 2822.929291 -0.582 -6.842 -7.957 -8.495 -5.242 -7.228 -8.478
thin2 1 thin_disk 8.76823025 -0.5 0.0048313 2.534799337 1.7 461.2672756 2764.394371 -0.663 -6.705 -7.901 -8.574 -4.94 -7.119 -8.552
thin2 1 thin_disk 8.76823025 -0.5 0.0048313 2.534812689 1.681 484.3425733 2728.977783 -0.709 -6.465 -7.761 -8.57 -4.524 -6.914 -8.542
thin2 1 thin_disk 8.76823025 -0.5 0.0048313 2.534828425 1.658 497.2246433 2705.826838 -0.738 -6.309 -7.664 -8.554 -4.26 -6.778 -8.523
thin2 1 thin_disk 8.76823025 -0.5 0.0048313 2.534846306 1.633 506.3521342 2685.96284 -0.761 -6.095 -7.522 -8.496 -3.92 -6.589 -8.461
thin2 1 thin_disk 8.76823025 -0.5 0.0048313 2.534846544 1.632 676.6321742 2517.097278 -1.012 -3.994 -6.185 -7.927 -0.537 -4.76 -7.869
thin2 1 thin_disk 8.76823025 -0.5 0.0048313 2.534847736 1.629 542.1914251 2642.408757 -0.821 -5.268 -6.983 -8.265 -2.608 -5.863 -8.219
thin2 1 thin_disk 8.76823025 -0.5 0.0048313 2.534850359 1.622 410.0649453 2808.018728 -0.581 -6.693 -7.829 -8.403 -5.051 -7.087 -8.384
thin2 1 thin_disk 8.76823025 -0.5 0.0048313 2.534854174 1.612 329.4220343 2942.388402 -0.393 -6.591 -7.663 -8.092 -5.13 -6.961 -8.078
thin2 1 thin_disk 8.76823025 -0.5 0.0048313 2.534859657 1.598 356.9050104 2879.386738 -0.466 -6.636 -7.725 -8.198 -5.115 -7.014 -8.183
thin2 1 thin_disk 8.76823025 -0.5 0.0048313 2.534867048 1.579 417.6886218 2766.304607 -0.608 -6.519 -7.706 -8.361 -4.775 -6.93 -8.339
thin2 1 thin_disk 8.76823025 -0.5 0.0048313 2.534876108 1.556 484.0081168 2660.112476 -0.742 -5.869 -7.315 -8.319 -3.641 -6.367 -8.284
thin2 1 thin_disk 8.76823025 -0.5 0.0048313 2.534887314 1.528 538.0871797 2578.69513 -0.842 -4.717 -6.552 -7.969 -1.825 -5.352 -7.921
thin2 1 thin_disk 8.76823025 -0.5 0.0048313 2.534900427 1.495 575.509696 2519.416678 -0.91 -4.07 -6.129 -7.757 -0.827 -4.788 -7.702
thin2 1 thin_disk 8.76823025 -0.5 0.0048313 2.534915924 1.458 603.4657754 2471.724145 -0.962 -3.82 -5.963 -7.663 -0.44 -4.568 -7.607
thin2 1 thin_disk 8.76823025 -0.5 0.0048313 2.534933806 1.416 627.7007461 2427.727848 -1.01 -3.673 -5.864 -7.608 -0.214 -4.439 -7.55
thin2 1 thin_disk 8.76823025 -0.5 0.0048313 2.534934044 1.415 857.9315614 2254.75833 -1.28 -2.781 -5.365 -7.439 1.3 -3.691 -7.374
thin2 1 thin_disk 8.76823025 -0.5 0.0048313 2.534935236 1.41 684.7824869 2373.012358 -1.086 -2.808 -5.299 -7.295 1.128 -3.684 -7.232
thin2 1 thin_disk 8.76823025 -0.5 0.0048313 2.534937382 1.4 516.9548865 2526.969499 -0.845 -4.207 -6.151 -7.668 -1.148 -4.883 -7.617
thin2 1 thin_disk 8.76823025 -0.5 0.0048313 2.534940958 1.385 413.5734444 2650.33029 -0.657 -5.743 -7.108 -8.025 -3.637 -6.211 -7.995
thin2 1 thin_disk 8.76823025 -0.5 0.0048313 2.534946203 1.363 455.4625202 2573.94937 -0.747 -5.081 -6.681 -7.872 -2.565 -5.63 -7.831
thin2 1 thin_disk 8.76823025 -0.5 0.0048313 2.534952879 1.335 542.441171 2448.499389 -0.908 -3.431 -5.611 -7.341 0.006 -4.193 -7.284
thin2 1 thin_disk 8.76823025 -0.5 0.0048313 2.534961224 1.3 638.1938942 2333.995423 -1.06 -4.325 -6.265 -7.787 -1.259 -4.999 -7.736
thin2 1 thin_disk 8.76823025 -0.5 0.0048313 2.534971476 1.259 716.560138 2250.090572 -1.175 -4.509 -6.419 -7.914 -1.489 -5.172 -7.863
thin2 1 thin_disk 8.76823025 -0.5 0.0048313 2.534983635 1.212 767.8080212 2196.342169 -1.251 -4.746 -6.594 -8.032 -1.823 -5.386 -7.983
thin2 1 thin_disk 8.76823025 -0.5 0.0048313 2.53499794 1.159 794.2416265 2168.203295 -1.3 -5.082 -6.827 -8.17 -2.318 -5.684 -8.124
thin2 1 thin_disk 8.76823025 -0.5 0.0048313 2.535014391 1.101 801.0371258 2162.718524 -1.33 -5.574 -7.162 -8.362 -3.052 -6.119 -8.32
thin2 1 thin_disk 8.76823025 -0.5 0.0048313 2.535014629 1.1 1142.490624 1969.699615 -1.639 -5.59 -7.291 -8.594 -2.893 -6.176 -8.55
thin2 1 thin_disk 8.76823025 -0.5 0.0048313 2.535015583 1.095 907.3036225 2080.654643 -1.44 -5.503 -7.147 -8.398 -2.894 -6.068 -8.355
thin2 1 thin_disk 8.76823025 -0.5 0.0048313 2.535017729 1.085 682.5785632 2220.751683 -1.198 -5.724 -7.179 -8.246 -3.399 -6.22 -8.21
thin2 1 thin_disk 8.76823025 -0.5 0.0048313 2.535021305 1.069 546.8303931 2327.555257 -1.011 -3.16 -5.36 -7.111 0.314 -3.929 -7.053
thin2 1 thin_disk 8.76823025 -0.5 0.0048313 2.535026074 1.048 627.2672955 2213.604352 -1.139 -2.802 -5.14 -7.007 0.89 -3.622 -6.947
thin2 1 thin_disk 8.76823025 -0.5 0.0048313 2.535032272 1.02 782.0826381 2056.837587 -1.342 -2.348 -4.879 -6.908 1.651 -3.238 -6.844
thin2 1 thin_disk 8.76823025 -0.5 0.0048313 2.535040379 0.986 943.5233336 1932.858226 -1.52 -2.515 -5.037 -7.059 1.469 -3.402 -6.995
thin2 1 thin_disk 8.76823025 -0.5 0.0048313 2.535050154 0.946 1043.884971 1874.994508 -1.626 -3.187 -5.525 -7.392 0.506 -4.006 -7.332
thin2 1 thin_disk 8.76823025 -0.5 0.0048313 2.535061598 0.901 1030.036572 1905.02202 -1.636 -3.922 -6.042 -7.725 -0.575 -4.662 -7.669
thin2 1 thin_disk 8.76823025 -0.5 0.0048313 2.535075188 0.851 898.3646302 2046.915902 -1.542 -4.485 -6.43 -7.956 -1.414 -5.161 -7.904
thin2 1 thin_disk 8.76823025 -0.5 0.0048313 2.535090685 0.797 682.2642965 2352.881202 -1.331 -1.987 -4.722 -6.924 2.337 -2.952 -6.856
thin2 1 thin_disk 8.76823025 -0.5 0.0048313 2.535118341 0.704 1.854183213e-06 13412.19935 1.72 30.906 30.965 30.994 30.799 30.925 30.992
