# component component_index family logAge MH Zini Mini Mass radius_rsun Teff_K logg Jmag_2mass Hmag_2mass Ksmag_2mass F087mag F146mag F213mag
thin2 1 thin_disk 8.76823025 0.25 0.025095 0.0955969095 0.095 0.1446613937 2332.920826 5.095 10.752 10.167 9.865 12.614 10.779 9.944
thin2 1 thin_disk 8.76823025 0.25 0.025095 0.1055120975 0.105 0.1526696271 2413.792869 5.09 10.487 9.902 9.6 12.349 10.514 9.678
thin2 1 thin_disk 8.76823025 0.25 0.025095 0.109941192 0.11 0.1558664503 2444.556053 5.09 10.387 9.802 9.5 12.249 10.414 9.578
thin2 1 thin_disk 8.76823025 0.25 0.025095 0.1253425032 0.125 0.1703149004 2553.877136 5.07 10.003 9.419 9.116 11.866 10.03 9.194
thin2 1 thin_disk 8.76823025 0.25 0.025095 0.145172894 0.145 0.1878246745 2661.950651 5.049 9.63 9.048 8.747 11.413 9.646 8.821
thin2 1 thin_disk 8.76823025 0.25 0.025095 0.1599026024 0.159 0.1980398756 2723.955447 5.044 9.434 8.854 8.557 11.121 9.438 8.626
thin2 1 thin_disk 8.76823025 0.25 0.025095 0.1650032997 0.165 0.2026061597 2744.732343 5.039 9.361 8.781 8.485 11.016 9.36 8.553
thin2 1 thin_disk 8.76823025 0.25 0.025095 0.1841325313 0.184 0.2187019447 2808.018728 5.02 9.117 8.538 8.248 10.685 9.105 8.312
thin2 1 thin_disk 8.76823025 0.25 0.025095 0.2046640813 0.204 0.2362395708 2870.119636 4.999 8.877 8.297 8.012 10.364 8.853 8.072
thin2 1 thin_disk 8.76823025 0.25 0.025095 0.2189226449 0.218 0.2462366221 2903.354056 4.992 8.747 8.167 7.886 10.196 8.719 7.944
thin2 1 thin_disk 8.76823025 0.25 0.025095 0.2542400956 0.254 0.273245265 2977.145088 4.967 8.436 7.855 7.582 9.806 8.397 7.636
thin2 1 thin_disk 8.76823025 0.25 0.025095 0.3038160801 0.303 0.3097081577 3062.668558 4.936 8.071 7.486 7.223 9.358 8.019 7.273
thin2 1 thin_disk 8.76823025 0.25 0.025095 0.3062126935 0.306 0.3117113707 3066.902715 4.933 8.053 7.467 7.205 9.336 8 7.255
thin2 1 thin_disk 8.76823025 0.25 0.025095 0.3533920944 0.353 0.347898571 3144.850465 4.901 7.73 7.139 6.886 8.95 7.667 6.932
thin2 1 thin_disk 8.76823025 0.25 0.025095 0.4029681087 0.403 0.3901688961 3229.981241 4.858 7.392 6.791 6.548 8.552 7.316 6.591
thin2 1 thin_disk 8.76823025 0.25 0.025095 0.4525440931 0.452 0.4366692848 3322.767852 4.811 7.058 6.443 6.208 8.158 6.966 6.246
thin2 1 thin_disk 8.76823025 0.25 0.025095 0.502120018 0.502 0.4856827119 3426.888704 4.763 6.724 6.093 5.866 7.767 6.616 5.9
thin2 1 thin_disk 8.76823025 0.25 0.025095 0.5516960621 0.551 0.5358616103 3558.770648 4.719 6.39 5.742 5.523 7.366 6.264 5.552
thin2 1 thin_disk 8.76823025 0.25 0.025095 0.601271987 0.601 0.5811023675 3734.220854 4.686 6.067 5.398 5.196 6.961 5.921 5.218
thin2 1 thin_disk 8.76823025 0.25 0.025095 0.650848031 0.651 0.6180913202 3956.39824 4.667 5.749 5.067 4.895 6.566 5.59 4.911
thin2 1 thin_disk 8.76823025 0.25 0.025095 0.6852259636 0.685 0.6406969327 4125.722371 4.658 5.531 4.859 4.709 6.302 5.375 4.722
thin2 1 thin_disk 8.76823025 0.25 0.025095 0.7004240751 0.701 0.6506578066 4201.457744 4.654 5.44 4.773 4.634 6.192 5.285 4.645
thin2 1 thin_disk 8.76823025 0.25 0.025095 0.7089336514 0.709 0.6544140951 4255.004268 4.654 5.387 4.722 4.591 6.127 5.233 4.601
thin2 1 thin_disk 8.76823025 0.25 0.025095 0.7463415861 0.746 0.6644352194 4509.205209 4.664 5.173 4.56 4.455 5.848 5.039 4.461
thin2 1 thin_disk 8.76823025 0.25 0.025095 0.75 0.75 0.6644352194 4535.237135 4.665 5.154 4.548 4.444 5.822 5.022 4.451
thin2 1 thin_disk 8.76823025 0.25 0.025095 0.8000000119 0.8 0.7064031787 4729.334149 4.64 4.893 4.347 4.254 5.51 4.785 4.259
thin2 1 thin_disk 8.76823025 0.25 0.025095 0.8500000238 0.85 0.7479156913 4930.602596 4.617 4.646 4.158 4.074 5.213 4.559 4.078
thin2 1 thin_disk 8.76823025 0.25 0.025095 0.8999999762 0.899 0.7900464844 5128.61384 4.594 4.416 3.979 3.903 4.936 4.346 3.907
thin2 1 thin_disk 8.76823025 0.25 0.025095 0.9500000477 0.95 0.8360892602 5317.408188 4.568 4.193 3.799 3.73 4.671 4.137 3.733
thin2 1 thin_disk 8.76823025 0.25 0.025095 1 1 0.8872635589 5499.206144 4.539 3.976 3.62 3.558 4.417 3.932 3.561
thin2 1 thin_disk 8.76823025 0.25 0.025095 1.049999952 1.049 0.9417868992 5670.221182 4.509 3.774 3.449 3.394 4.183 3.738 3.397
thin2 1 thin_disk 8.76823025 0.25 0.025095 1.064731598 1.064 0.9588543544 5717.418729 4.499 3.715 3.398 3.346 4.116 3.682 3.348
thin2 1 thin_disk 8.76823025 0.25 0.025095 1.100000024 1.099 0.9998909667 5829.079789 4.477 3.578 3.28 3.232 3.961 3.55 3.234
thin2 1 thin_disk 8.76823025 0.25 0.025095 1.127665997 1.127 1.034076443 5912.892727 4.458 3.472 3.187 3.142 3.841 3.447 3.144
thin2 1 thin_disk 8.76823025 0.25 0.025095 1.149999976 1.149 1.06280269 5978.606914 4.443 3.389 3.115 3.072 3.748 3.367 3.074
thin2 1 thin_disk 8.76823025 0.25 0.025095 1.200000048 1.199 1.130453349 6119.275411 4.408 3.205 2.953 2.915 3.542 3.189 2.917
thin2 1 thin_disk 8.76823025 0.25 0.025095 1.221623063 1.221 1.159184712 6180.164001 4.394 3.13 2.887 2.85 3.458 3.116 2.852
thin2 1 thin_disk 8.76823025 0.25 0.025095 1.25 1.25 1.196885608 6256.04696 4.376 3.033 2.802 2.767 3.351 3.022 2.769
thin2 1 thin_disk 8.76823025 0.25 0.025095 1.299999952 1.3 1.266346764 6387.045353 4.344 2.87 2.656 2.625 3.169 2.863 2.627
thin2 1 thin_disk 8.76823025 0.25 0.025095 1.350000024 1.35 1.335219434 6513.283772 4.315 2.715 2.518 2.49 2.998 2.712 2.491
thin2 1 thin_disk 8.76823025 0.25 0.025095 1.399999976 1.4 1.402660751 6638.959205 4.288 2.567 2.388 2.36 2.834 2.568 2.362
thin2 1 thin_disk 8.76823025 0.25 0.025095 1.450000048 1.45 1.469104351 6765.501583 4.263 2.428 2.265 2.239 2.679 2.432 2.24
thin2 1 thin_disk 8.76823025 0.25 0.025095 1.5 1.5 1.53197841 6897.631677 4.241 2.298 2.151 2.126 2.533 2.305 2.128
thin2 1 thin_disk 8.76823025 0.25 0.025095 1.506607413 1.507 1.539404121 6916.716893 4.239 2.282 2.138 2.113 2.515 2.29 2.114
thin2 1 thin_disk 8.76823025 0.25 0.025095 1.549999952 1.55 1.588373544 7040.443215 4.224 2.177 2.048 2.024 2.396 2.188 2.025
thin2 1 thin_disk 8.76823025 0.25 0.025095 1.600000024 1.6 1.640033219 7192.833378 4.21 2.066 1.954 1.931 2.268 2.08 1.932
thin2 1 thin_disk 8.76823025 0.25 0.025095 1.613651395 1.613 1.652542528 7236.024023 4.207 2.038 1.931 1.908 2.234 2.052 1.909
thin2 1 thin_disk 8.76823025 0.25 0.025095 1.649999976 1.649 1.688311757 7346.830157 4.198 1.963 1.868 1.846 2.148 1.979 1.847
thin2 1 thin_disk 8.76823025 0.25 0.025095 1.674999952 1.674 1.711010382 7425.060557 4.193 1.913 1.826 1.804 2.089 1.93 1.805
thin2 1 thin_disk 8.76823025 0.25 0.025095 1.700000048 1.699 1.735212409 7497.215597 4.187 1.864 1.785 1.763 2.033 1.882 1.764
thin2 1 thin_disk 8.76823025 0.25 0.025095 1.725000143 1.724 1.760972788 7571.815097 4.181 1.815 1.743 1.722 1.976 1.834 1.723
thin2 1 thin_disk 8.76823025 0.25 0.025095 1.746441483 1.745 1.782184429 7631.325887 4.175 1.773 1.707 1.686 1.929 1.793 1.687
thin2 1 thin_disk 8.76823025 0.25 0.025095 1.75 1.749 1.786292788 7640.116835 4.174 1.766 1.701 1.68 1.921 1.786 1.681
thin2 1 thin_disk 8.76823025 0.25 0.025095 1.775000095 1.774 1.814064167 7709.034691 4.167 1.718 1.659 1.638 1.866 1.738 1.639
thin2 1 thin_disk 8.76823025 0.25 0.025095 1.797564268 1.796 1.838876848 7767.835144 4.161 1.674 1.621 1.6 1.816 1.695 1.601
thin2 1 thin_disk 8.76823025 0.25 0.025095 1.799999952 1.799 1.841843157 7774.99288 4.16 1.67 1.617 1.596 1.811 1.69 1.597
thin2 1 thin_disk 8.76823025 0.25 0.025095 1.825000048 1.824 1.870478174 7836.100549 4.152 1.621 1.574 1.553 1.757 1.643 1.554
thin2 1 thin_disk 8.76823025 0.25 0.025095 1.850000143 1.849 1.901746584 7897.688494 4.144 1.573 1.531 1.51 1.703 1.595 1.511
thin2 1 thin_disk 8.76823025 0.25 0.025095 1.865160823 1.864 1.919343229 7934.142568 4.139 1.544 1.504 1.484 1.67 1.565 1.485
thin2 1 thin_disk 8.76823025 0.25 0.025095 1.875 1.874 1.93309254 7956.095729 4.135 1.524 1.487 1.467 1.649 1.546 1.467
thin2 1 thin_disk 8.76823025 0.25 0.025095 1.900000095 1.899 1.965860266 8013.08962 4.127 1.477 1.443 1.423 1.596 1.499 1.424
thin2 1 thin_disk 8.76823025 0.25 0.025095 1.905797243 1.905 1.975389063 8026.015609 4.125 1.465 1.433 1.413 1.583 1.487 1.414
thin2 1 thin_disk 8.76823025 0.25 0.025095 1.924999952 1.924 2.0010256 8066.776046 4.117 1.427 1.398 1.378 1.542 1.449 1.379
thin2 1 thin_disk 8.76823025 0.25 0.025095 1.934929132 1.934 2.015360047 8089.096194 4.113 1.408 1.38 1.36 1.52 1.43 1.361
thin2 1 thin_disk 8.76823025 0.25 0.025095 1.949016094 1.949 2.036351031 8117.083247 4.107 1.379 1.354 1.334 1.489 1.402 1.335
thin2 1 thin_disk 8.76823025 0.25 0.025095 1.99704814 1.997 2.11034104 8211.074641 4.087 1.283 1.264 1.245 1.385 1.306 1.245
thin2 1 thin_disk 8.76823025 0.25 0.025095 2.005693912 2.006 2.123501856 8228.108313 4.083 1.266 1.248 1.228 1.367 1.288 1.229
thin2 1 thin_disk 8.76823025 0.25 0.025095 2.045080185 2.045 2.192061048 8296.597093 4.064 1.185 1.171 1.152 1.28 1.208 1.153
thin2 1 thin_disk 8.76823025 0.25 0.025095 2.051689386 2.051 2.203700879 8308.067187 4.061 1.172 1.158 1.139 1.265 1.194 1.14
thin2 1 thin_disk 8.76823025 0.25 0.025095 2.093112469 2.092 2.282720005 8367.582443 4.039 1.084 1.075 1.056 1.173 1.107 1.057
thin2 1 thin_disk 8.76823025 0.25 0.025095 2.110084534 2.109 2.316608496 8392.66716 4.03 1.049 1.041 1.022 1.135 1.071 1.022
thin2 1 thin_disk 8.76823025 0.25 0.025095 2.141144752 2.14 2.380414817 8433.347578 4.012 0.981 0.975 0.957 1.064 1.003 0.957
thin2 1 thin_disk 8.76823025 0.25 0.025095 2.167435169 2.166 2.438667805 8462.525688 3.996 0.923 0.919 0.901 1.004 0.946 0.902
thin2 1 thin_disk 8.76823025 0.25 0.025095 2.189176798 2.188 2.492600311 8482.033825 3.982 0.873 0.87 0.852 0.952 0.895 0.853
thin2 1 thin_disk 8.76823025 0.25 0.025095 2.219152212 2.217 2.570115524 8503.54472 3.961 0.803 0.802 0.784 0.88 0.825 0.784
thin2 1 thin_disk 8.76823025 0.25 0.025095 2.237208843 2.236 2.620309822 8509.42079 3.948 0.759 0.758 0.74 0.836 0.781 0.741
thin2 1 thin_disk 8.76823025 0.25 0.025095 2.246311665 2.245 2.648211364 8513.340425 3.941 0.737 0.736 0.718 0.813 0.759 0.719
thin2 1 thin_disk 8.76823025 0.25 0.025095 2.285241127 2.284 2.770464852 8517.261866 3.909 0.639 0.638 0.62 0.714 0.66 0.621
thin2 1 thin_disk 8.76823025 0.25 0.025095 2.295669079 2.294 2.801255001 8519.223264 3.901 0.613 0.612 0.594 0.687 0.634 0.595
thin2 1 thin_disk 8.76823025 0.25 0.025095 2.337828159 2.336 2.952926552 8505.502959 3.863 0.502 0.501 0.483 0.577 0.524 0.484
thin2 1 thin_disk 8.76823025 0.25 0.025095 2.376493216 2.375 3.114244061 8470.323553 3.824 0.394 0.391 0.373 0.471 0.415 0.373
thin2 1 thin_disk 8.76823025 0.25 0.025095 2.381305456 2.38 3.136553104 8464.474481 3.819 0.379 0.376 0.358 0.457 0.4 0.358
thin2 1 thin_disk 8.76823025 0.25 0.025095 2.39280653 2.391 3.191924754 8448.896695 3.806 0.346 0.342 0.324 0.424 0.367 0.324
thin2 1 thin_disk 8.76823025 0.25 0.025095 2.428496361 2.427 3.374058785 8384.940786 3.764 0.236 0.229 0.21 0.319 0.257 0.211
thin2 1 thin_disk 8.76823025 0.25 0.025095 2.465198755 2.464 3.59544496 8292.777249 3.716 0.117 0.105 0.086 0.206 0.138 0.086
thin2 1 thin_disk 8.76823025 0.25 0.025095 2.496487618 2.495 3.822545335 8182.763513 3.667 0.005 -0.013 -0.034 0.103 0.025 -0.033
thin2 1 thin_disk 8.76823025 0.25 0.025095 2.523062229 2.522 4.0583794 8061.205639 3.621 -0.098 -0.123 -0.145 0.01 -0.078 -0.145
thin2 1 thin_disk 8.76823025 0.25 0.025095 2.547388792 2.546 4.298853497 7932.315874 3.574 -0.198 -0.231 -0.254 -0.079 -0.178 -0.254
thin2 1 thin_disk 8.76823025 0.25 0.025095 2.573433876 2.572 4.597827197 7776.783345 3.52 -0.311 -0.355 -0.379 -0.179 -0.292 -0.379
thin2 1 thin_disk 8.76823025 0.25 0.025095 2.576209068 2.575 4.632896999 7760.683997 3.514 -0.324 -0.369 -0.393 -0.19 -0.305 -0.393
thin2 1 thin_disk 8.76823025 0.25 0.025095 2.592848778 2.592 4.869144295 7640.116835 3.474 -0.405 -0.46 -0.485 -0.259 -0.387 -0.484
thin2 1 thin_disk 8.76823025 0.25 0.025095 2.612383842 2.611 5.148167218 7524.887302 3.428 -0.499 -0.564 -0.59 -0.342 -0.482 -0.589
thin2 1 thin_disk 8.76823025 0.25 0.025095 2.62114048 2.62 5.263233587 7493.763796 3.411 -0.539 -0.607 -0.633 -0.379 -0.522 -0.632
thin2 1 thin_disk 8.76823025 0.25 0.025095 2.630684853 2.63 5.225798319 7647.156884 3.418 -0.559 -0.613 -0.639 -0.415 -0.542 -0.638
thin2 1 thin_disk 8.76823025 0.25 0.025095 2.634155273 2.633 5.124513539 7816.278046 3.436 -0.553 -0.593 -0.617 -0.425 -0.534 -0.617
thin2 1 thin_disk 8.76823025 0.25 0.025095 2.635628462 2.635 5.002103169 7998.34255 3.458 -0.538 -0.566 -0.589 -0.427 -0.519 -0.588
thin2 1 thin_disk 8.76823025 0.25 0.025095 2.636426926 2.635 4.883741236 8188.417919 3.479 -0.524 -0.54 -0.561 -0.429 -0.504 -0.561
thin2 1 thin_disk 8.76823025 0.25 0.025095 2.636856317 2.636 4.789086098 8359.879163 3.496 -0.514 -0.521 -0.54 -0.434 -0.495 -0.54
thin2 1 thin_disk 8.76823025 0.25 0.025095 2.637152672 2.636 4.696265537 8554.605763 3.512 -0.51 -0.507 -0.525 -0.445 -0.491 -0.525
thin2 1 thin_disk 8.76823025 0.25 0.025095 2.63734746 2.636 4.628631908 8731.724006 3.525 -0.51 -0.501 -0.516 -0.458 -0.491 -0.516
thin2 1 thin_disk 8.76823025 0.25 0.025095 2.637465 2.637 4.591479449 8822.669282 3.533 -0.505 -0.493 -0.508 -0.459 -0.487 -0.508
thin2 1 thin_disk 8.76823025 0.25 0.025095 2.637543201 2.637 4.555674063 8735.74604 3.539 -0.476 -0.467 -0.482 -0.424 -0.457 -0.482
thin2 1 thin_disk 8.76823025 0.25 0.025095 2.637615204 2.637 4.577756045 8570.378452 3.535 -0.456 -0.454 -0.471 -0.392 -0.437 -0.471
thin2 1 thin_disk 8.76823025 0.25 0.025095 2.637682438 2.637 4.672535879 8390.734899 3.517 -0.468 -0.474 -0.493 -0.39 -0.449 -0.493
thin2 1 thin_disk 8.76823025 0.25 0.025095 2.637773514 2.637 4.902895591 8167.70418 3.476 -0.528 -0.545 -0.566 -0.431 -0.508 -0.566
thin2 1 thin_disk 8.76823025 0.25 0.025095 2.637880325 2.637 5.219785358 7952.432655 3.421 -0.619 -0.65 -0.673 -0.505 -0.601 -0.673
thin2 1 thin_disk 8.76823025 0.25 0.025095 2.638004541 2.637 5.571249971 7737.488205 3.365 -0.715 -0.762 -0.786 -0.582 -0.698 -0.786
thin2 1 thin_disk 8.76823025 0.25 0.025095 2.638142109 2.637 5.919058671 7528.353438 3.312 -0.8 -0.864 -0.89 -0.646 -0.784 -0.889
thin2 1 thin_disk 8.76823025 0.25 0.025095 2.638290405 2.637 6.266898269 7324.871327 3.263 -0.875 -0.957 -0.984 -0.698 -0.86 -0.984
thin2 1 thin_disk 8.76823025 0.25 0.025095 2.638448238 2.637 6.612301455 7126.889085 3.216 -0.94 -1.042 -1.072 -0.741 -0.927 -1.071
thin2 1 thin_disk 8.76823025 0.25 0.025095 2.63861227 2.638 6.960695647 6934.25806 3.172 -0.998 -1.122 -1.154 -0.776 -0.989 -1.152
thin2 1 thin_disk 8.76823025 0.25 0.025095 2.638780117 2.638 7.31059365 6746.833614 3.129 -1.051 -1.197 -1.23 -0.805 -1.045 -1.229
thin2 1 thin_disk 8.76823025 0.25 0.025095 2.638948679 2.638 7.656894176 6565.98672 3.088 -1.096 -1.267 -1.302 -0.827 -1.095 -1.3
thin2 1 thin_disk 8.76823025 0.25 0.025095 2.639115334 2.638 8.0048398 6395.875481 3.05 -1.138 -1.331 -1.369 -0.844 -1.141 -1.368
thin2 1 thin_disk 8.76823025 0.25 0.025095 2.63927865 2.638 8.326311315 6238.784723 3.016 -1.173 -1.389 -1.431 -0.856 -1.18 -1.429
thin2 1 thin_disk 8.76823025 0.25 0.025095 2.639438629 2.638 8.614947692 6098.17664 2.986 -1.198 -1.437 -1.482 -0.859 -1.211 -1.48
thin2 1 thin_disk 8.76823025 0.25 0.025095 2.639603138 2.639 8.862426468 5967.60405 2.961 -1.214 -1.476 -1.525 -0.854 -1.233 -1.523
thin2 1 thin_disk 8.76823025 0.25 0.025095 2.639776945 2.639 9.089764778 5845.208404 2.94 -1.22 -1.505 -1.557 -0.839 -1.245 -1.555
thin2 1 thin_disk 8.76823025 0.25 0.025095 2.639984369 2.639 9.269421798 5718.735365 2.922 -1.213 -1.522 -1.577 -0.808 -1.244 -1.575
thin2 1 thin_disk 8.76823025 0.25 0.025095 2.64016819 2.639 9.374597814 5618.236281 2.913 -1.193 -1.523 -1.581 -0.769 -1.229 -1.579
thin2 1 thin_disk 8.76823025 0.25 0.025095 2.640365839 2.639 9.422207079 5520.774393 2.908 -1.16 -1.511 -1.573 -0.716 -1.202 -1.571
thin2 1 thin_disk 8.76823025 0.25 0.025095 2.640568018 2.64 9.417868992 5427.502098 2.909 -1.114 -1.485 -1.55 -0.649 -1.162 -1.548
thin2 1 thin_disk 8.76823025 0.25 0.025095 2.640749216 2.64 9.376756644 5349.337509 2.913 -1.066 -1.454 -1.522 -0.585 -1.119 -1.519
thin2 1 thin_disk 8.76823025 0.25 0.025095 2.640977859 2.64 9.307920062 5258.961604 2.919 -1.007 -1.414 -1.486 -0.504 -1.065 -1.484
thin2 1 thin_disk 8.76823025 0.25 0.025095 2.641227961 2.64 9.342274952 5165.352922 2.916 -0.964 -1.393 -1.469 -0.44 -1.03 -1.467
thin2 1 thin_disk 8.76823025 0.25 0.025095 2.641488314 2.641 9.513769932 5074.578791 2.901 -0.954 -1.405 -1.485 -0.407 -1.026 -1.482
thin2 1 thin_disk 8.76823025 0.25 0.025095 2.641583204 2.641 9.672809726 5044.28946 2.886 -0.973 -1.431 -1.512 -0.419 -1.048 -1.51
thin2 1 thin_disk 8.76823025 0.25 0.025095 2.641952753 2.641 10.50636888 4938.556196 2.814 -1.092 -1.576 -1.664 -0.511 -1.176 -1.661
thin2 1 thin_disk 8.76823025 0.25 0.025095 2.642219305 2.641 11.27593711 4875.284901 2.752 -1.21 -1.71 -1.801 -0.611 -1.299 -1.799
thin2 1 thin_disk 8.76823025 0.25 0.025095 2.64246273 2.641 12.02964039 4827.252321 2.697 -1.32 -1.832 -1.926 -0.708 -1.413 -1.924
thin2 1 thin_disk 8.76823025 0.25 0.025095 2.642703056 2.642 12.76299634 4787.403137 2.645 -1.424 -1.947 -2.044 -0.801 -1.521 -2.041
thin2 1 thin_disk 8.76823025 0.25 0.025095 2.642942905 2.642 13.51302701 4750.069894 2.595 -1.525 -2.058 -2.157 -0.892 -1.626 -2.154
thin2 1 thin_disk 8.76823025 0.25 0.025095 2.643179894 2.642 14.28738161 4716.284553 2.547 -1.624 -2.166 -2.268 -0.981 -1.728 -2.265
thin2 1 thin_disk 8.76823025 0.25 0.025095 2.643411875 2.642 15.09915505 4683.817879 2.499 -1.722 -2.274 -2.378 -1.07 -1.83 -2.375
thin2 1 thin_disk 8.76823025 0.25 0.025095 2.643638611 2.643 15.95705143 4651.574703 2.452 -1.82 -2.38 -2.487 -1.159 -1.931 -2.484
thin2 1 thin_disk 8.76823025 0.25 0.025095 2.643694878 2.643 16.1566994 4644.083289 2.44 -1.845 -2.406 -2.514 -1.181 -1.956 -2.511
thin2 1 thin_disk 8.76823025 0.25 0.025095 2.643755197 2.643 16.40410894 4635.536446 2.427 -1.871 -2.435 -2.543 -1.205 -1.984 -2.54
thin2 1 thin_disk 8.76823025 0.25 0.025095 2.643995762 2.643 17.39613002 4603.625638 2.377 -1.977 -2.549 -2.66 -1.301 -2.092 -2.657
thin2 1 thin_disk 8.76823025 0.25 0.025095 2.644055605 2.643 17.63407343 4596.211447 2.365 -2.003 -2.577 -2.689 -1.325 -2.119 -2.686
thin2 1 thin_disk 8.76823025 0.25 0.025095 2.644115448 2.643 17.89586294 4588.809196 2.352 -2.029 -2.605 -2.718 -1.349 -2.146 -2.715
thin2 1 thin_disk 8.76823025 0.25 0.025095 2.644355297 2.643 18.93880816 4559.319217 2.302 -2.134 -2.717 -2.833 -1.444 -2.254 -2.83
thin2 1 thin_disk 8.76823025 0.25 0.025095 2.644594193 2.644 20.07486553 4528.975799 2.253 -2.239 -2.83 -2.949 -1.54 -2.362 -2.945
thin2 1 thin_disk 8.76823025 0.25 0.025095 2.644825697 2.644 21.23501856 4500.906591 2.203 -2.342 -2.941 -3.063 -1.634 -2.468 -3.059
thin2 1 thin_disk 8.76823025 0.25 0.025095 2.645051241 2.644 22.47256498 4471.981518 2.155 -2.444 -3.052 -3.176 -1.728 -2.574 -3.173
thin2 1 thin_disk 8.76823025 0.25 0.025095 2.645270348 2.644 23.75486928 4443.242331 2.106 -2.546 -3.161 -3.288 -1.82 -2.679 -3.285
thin2 1 thin_disk 8.76823025 0.25 0.025095 2.64548707 2.645 25.15084871 4413.671435 2.056 -2.649 -3.272 -3.402 -1.914 -2.785 -3.399
thin2 1 thin_disk 8.76823025 0.25 0.025095 2.645697117 2.645 26.6166041 4385.306978 2.007 -2.75 -3.381 -3.515 -2.006 -2.889 -3.512
thin2 1 thin_disk 8.76823025 0.25 0.025095 2.645903349 2.645 28.18075634 4356.121655 1.958 -2.851 -3.486 -3.625 -2.097 -2.992 -3.622
thin2 1 thin_disk 8.76823025 0.25 0.025095 2.646101952 2.645 29.7682048 4327.130569 1.91 -2.95 -3.587 -3.733 -2.185 -3.091 -3.729
thin2 1 thin_disk 8.76823025 0.25 0.025095 2.64632082 2.645 31.7214218 4294.375337 1.856 -3.06 -3.701 -3.853 -2.283 -3.203 -3.849
thin2 1 thin_disk 8.76823025 0.25 0.025095 2.646543503 2.646 33.80279759 4261.868054 1.799 -3.173 -3.818 -3.978 -2.384 -3.317 -3.973
thin2 1 thin_disk 8.76823025 0.25 0.025095 2.646765471 2.646 36.09546532 4227.659485 1.743 -3.287 -3.936 -4.103 -2.485 -3.433 -4.098
thin2 1 thin_disk 8.76823025 0.25 0.025095 2.646981716 2.646 38.29593213 4197.58984 1.691 -3.391 -4.043 -4.218 -2.577 -3.538 -4.213
thin2 1 thin_disk 8.76823025 0.25 0.025095 2.647147179 2.646 39.71482424 4179.265867 1.66 -3.454 -4.108 -4.287 -2.633 -3.602 -4.282
thin2 1 thin_disk 8.76823025 0.25 0.025095 2.647243977 2.646 38.8823625 4189.864711 1.678 -3.418 -4.071 -4.247 -2.601 -3.565 -4.242
thin2 1 thin_disk 8.76823025 0.25 0.025095 2.647369385 2.646 37.70098047 4206.297637 1.705 -3.364 -4.015 -4.187 -2.553 -3.51 -4.182
thin2 1 thin_disk 8.76823025 0.25 0.025095 2.647543192 2.647 36.17867396 4227.659485 1.741 -3.292 -3.94 -4.108 -2.49 -3.437 -4.103
thin2 1 thin_disk 8.76823025 0.25 0.025095 2.647731304 2.647 34.75782921 4249.129821 1.776 -3.221 -3.867 -4.03 -2.427 -3.366 -4.025
thin2 1 thin_disk 8.76823025 0.25 0.025095 2.64795351 2.647 33.15527579 4273.660315 1.816 -3.141 -3.784 -3.941 -2.356 -3.284 -3.937
thin2 1 thin_disk 8.76823025 0.25 0.025095 2.648197174 2.647 31.57567511 4299.322267 1.859 -3.056 -3.695 -3.847 -2.281 -3.198 -3.843
thin2 1 thin_disk 8.76823025 0.25 0.025095 2.648464441 2.648 30.00907748 4327.130569 1.904 -2.965 -3.602 -3.748 -2.2 -3.107 -3.744
thin2 1 thin_disk 8.76823025 0.25 0.025095 2.648760557 2.648 28.36303134 4357.124805 1.953 -2.866 -3.5 -3.639 -2.112 -3.006 -3.636
thin2 1 thin_disk 8.76823025 0.25 0.025095 2.649084806 2.648 26.6166041 4390.358656 2.008 -2.754 -3.383 -3.516 -2.011 -2.892 -3.513
thin2 1 thin_disk 8.76823025 0.25 0.025095 2.649415255 2.648 24.85722508 4426.902938 2.067 -2.633 -3.252 -3.381 -1.902 -2.767 -3.378
thin2 1 thin_disk 8.76823025 0.25 0.025095 2.649738789 2.649 23.25158938 4462.723708 2.125 -2.513 -3.122 -3.248 -1.793 -2.643 -3.245
thin2 1 thin_disk 8.76823025 0.25 0.025095 2.650065899 2.649 21.77472329 4498.834325 2.183 -2.394 -2.994 -3.115 -1.686 -2.521 -3.112
thin2 1 thin_disk 8.76823025 0.25 0.025095 2.650405407 2.649 20.40105585 4534.192978 2.239 -2.278 -2.868 -2.986 -1.581 -2.401 -2.983
thin2 1 thin_disk 8.76823025 0.25 0.025095 2.650773287 2.65 19.14487984 4568.777412 2.295 -2.163 -2.744 -2.859 -1.476 -2.282 -2.856
thin2 1 thin_disk 8.76823025 0.25 0.025095 2.651186228 2.65 17.96605169 4603.625638 2.35 -2.048 -2.619 -2.731 -1.372 -2.163 -2.728
thin2 1 thin_disk 8.76823025 0.25 0.025095 2.651655912 2.651 16.87923054 4638.739668 2.404 -1.936 -2.498 -2.606 -1.27 -2.047 -2.603
thin2 1 thin_disk 8.76823025 0.25 0.025095 2.652199984 2.651 15.88373544 4673.045396 2.457 -1.826 -2.379 -2.485 -1.17 -1.934 -2.482
thin2 1 thin_disk 8.76823025 0.25 0.025095 2.65302515 2.652 14.76225302 4715.198713 2.52 -1.694 -2.237 -2.339 -1.051 -1.799 -2.336
thin2 1 thin_disk 8.76823025 0.25 0.025095 2.654112101 2.653 13.74525005 4758.82791 2.583 -1.567 -2.097 -2.196 -0.936 -1.667 -2.193
thin2 1 thin_disk 8.76823025 0.25 0.025095 2.655467033 2.655 12.95545424 4798.439241 2.635 -1.462 -1.981 -2.078 -0.842 -1.558 -2.075
thin2 1 thin_disk 8.76823025 0.25 0.025095 2.658077478 2.657 12.13815405 4847.301126 2.691 -1.352 -1.859 -1.953 -0.746 -1.444 -1.95
thin2 1 thin_disk 8.76823025 0.25 0.025095 2.659549236 2.659 11.84547948 4867.4332 2.713 -1.31 -1.812 -1.904 -0.709 -1.4 -1.901
thin2 1 thin_disk 8.76823025 0.25 0.025095 2.690304279 2.689 12.4323333 4861.832585 2.675 -1.414 -1.917 -2.01 -0.811 -1.504 -2.007
thin2 1 thin_disk 8.76823025 0.25 0.025095 2.722439051 2.722 13.08737796 4857.356733 2.636 -1.522 -2.026 -2.119 -0.918 -1.613 -2.116
thin2 1 thin_disk 8.76823025 0.25 0.025095 2.748043299 2.747 13.70101194 4849.533905 2.601 -1.616 -2.122 -2.216 -1.01 -1.707 -2.213
thin2 1 thin_disk 8.76823025 0.25 0.025095 2.765562296 2.765 14.16291487 4841.723676 2.575 -1.683 -2.191 -2.285 -1.074 -1.775 -2.282
thin2 1 thin_disk 8.76823025 0.25 0.025095 2.789557695 2.789 14.91257514 4822.808304 2.534 -1.783 -2.296 -2.391 -1.169 -1.877 -2.388
thin2 1 thin_disk 8.76823025 0.25 0.025095 2.793411016 2.793 15.04363005 4818.368378 2.526 -1.801 -2.314 -2.41 -1.186 -1.895 -2.407
thin2 1 thin_disk 8.76823025 0.25 0.025095 2.801108599 2.8 15.32684074 4809.500785 2.512 -1.835 -2.351 -2.447 -1.218 -1.93 -2.445
thin2 1 thin_disk 8.76823025 0.25 0.025095 2.820229053 2.819 16.38523388 4765.407017 2.456 -1.955 -2.481 -2.581 -1.325 -2.053 -2.578
thin2 1 thin_disk 8.76823025 0.25 0.025095 2.827046633 2.826 17.40013608 4718.456982 2.405 -2.055 -2.594 -2.697 -1.411 -2.158 -2.694
thin2 1 thin_disk 8.76823025 0.25 0.025095 2.829372168 2.829 18.52049734 4671.969512 2.352 -2.161 -2.712 -2.819 -1.504 -2.268 -2.816
thin2 1 thin_disk 8.76823025 0.25 0.025095 2.830365419 2.83 19.79486959 4627.005332 2.294 -2.277 -2.839 -2.95 -1.606 -2.388 -2.947
thin2 1 thin_disk 8.76823025 0.25 0.025095 2.830824375 2.83 21.34286144 4578.255228 2.228 -2.408 -2.984 -3.099 -1.723 -2.525 -3.096
thin2 1 thin_disk 8.76823025 0.25 0.025095 2.830988884 2.83 22.75897217 4539.416167 2.173 -2.521 -3.107 -3.226 -1.824 -2.642 -3.223
thin2 1 thin_disk 8.76823025 0.25 0.025095 2.831058025 2.83 23.7767584 4513.360253 2.135 -2.599 -3.192 -3.313 -1.894 -2.722 -3.31
thin2 1 thin_disk 8.76823025 0.25 0.025095 2.831068993 2.83 24.03547143 4507.129121 2.126 -2.617 -3.212 -3.334 -1.91 -2.741 -3.331
thin2 1 thin_disk 8.76823025 0.25 0.025095 2.831138849 2.83 25.68932214 4468.893449 2.068 -2.736 -3.341 -3.467 -2.017 -2.864 -3.464
thin2 1 thin_disk 8.76823025 0.25 0.025095 2.83120513 2.83 26.77026343 4446.312675 2.032 -2.809 -3.42 -3.549 -2.083 -2.94 -3.546
thin2 1 thin_disk 8.76823025 0.25 0.025095 2.831393957 2.831 26.84433469 4445.288991 2.029 -2.815 -3.427 -3.556 -2.089 -2.946 -3.552
thin2 1 thin_disk 8.76823025 0.25 0.025095 2.831656933 2.831 25.430368 4476.102262 2.077 -2.718 -3.321 -3.446 -2.001 -2.845 -3.443
thin2 1 thin_disk 8.76823025 0.25 0.025095 2.833427906 2.833 25.08722615 4483.322704 2.089 -2.694 -3.295 -3.419 -1.979 -2.82 -3.416
thin2 1 thin_disk 8.76823025 0.25 0.025095 2.8343997 2.834 26.48211364 4452.459728 2.042 -2.789 -3.398 -3.526 -2.064 -2.919 -3.523
thin2 1 thin_disk 8.76823025 0.25 0.025095 2.835231304 2.834 27.99965272 4420.791169 1.993 -2.888 -3.506 -3.638 -2.154 -3.022 -3.634
thin2 1 thin_disk 8.76823025 0.25 0.025095 2.836047888 2.835 29.78191672 4386.316848 1.94 -2.995 -3.617 -3.755 -2.249 -3.13 -3.752
thin2 1 thin_disk 8.76823025 0.25 0.025095 2.836772203 2.836 31.62661012 4353.113592 1.888 -3.1 -3.726 -3.871 -2.343 -3.237 -3.867
thin2 1 thin_disk 8.76823025 0.25 0.025095 2.837434053 2.837 33.624253 4320.161676 1.835 -3.206 -3.836 -3.987 -2.437 -3.344 -3.983
thin2 1 thin_disk 8.76823025 0.25 0.025095 2.838031769 2.837 35.76454011 4286.472087 1.782 -3.314 -3.947 -4.106 -2.532 -3.453 -4.101
thin2 1 thin_disk 8.76823025 0.25 0.025095 2.838568687 2.838 38.04106306 4253.045217 1.728 -3.422 -4.059 -4.226 -2.627 -3.563 -4.221
thin2 1 thin_disk 8.76823025 0.25 0.025095 2.83905077 2.838 40.52776413 4218.907466 1.673 -3.53 -4.172 -4.346 -2.723 -3.673 -4.341
thin2 1 thin_disk 8.76823025 0.25 0.025095 2.839480162 2.839 43.10748094 4186.00748 1.619 -3.638 -4.285 -4.466 -2.818 -3.783 -4.461
thin2 1 thin_disk 8.76823025 0.25 0.025095 2.839865923 2.839 45.90422344 4153.364055 1.565 -3.746 -4.398 -4.587 -2.912 -3.893 -4.581
thin2 1 thin_disk 8.76823025 0.25 0.025095 2.840213537 2.839 48.84865888 4120.026411 1.511 -3.853 -4.51 -4.706 -3.005 -4.002 -4.7
thin2 1 thin_disk 8.76823025 0.25 0.025095 2.840530872 2.84 51.9819593 4086.956356 1.457 -3.962 -4.626 -4.829 -3.101 -4.114 -4.822
thin2 1 thin_disk 8.76823025 0.25 0.025095 2.840821981 2.84 55.29077085 4055.085354 1.403 -4.07 -4.744 -4.952 -3.196 -4.227 -4.946
thin2 1 thin_disk 8.76823025 0.25 0.025095 2.841090202 2.84 58.86438959 4021.610443 1.349 -4.178 -4.861 -5.075 -3.291 -4.34 -5.069
thin2 1 thin_disk 8.76823025 0.25 0.025095 2.841336489 2.841 62.56805359 3989.330341 1.296 -4.286 -4.978 -5.197 -3.385 -4.451 -5.191
thin2 1 thin_disk 8.76823025 0.25 0.025095 2.841563463 2.841 66.58135739 3957.309339 1.243 -4.393 -5.093 -5.319 -3.478 -4.562 -5.312
thin2 1 thin_disk 8.76823025 0.25 0.025095 2.841773272 2.841 70.68913133 3925.54536 1.19 -4.499 -5.208 -5.439 -3.569 -4.672 -5.432
thin2 1 thin_disk 8.76823025 0.25 0.025095 2.841968536 2.841 75.17140107 3893.139807 1.137 -4.604 -5.322 -5.559 -3.66 -4.782 -5.552
thin2 1 thin_disk 8.76823025 0.25 0.025095 2.842150688 2.841 79.80914254 3861.890894 1.085 -4.708 -5.435 -5.678 -3.748 -4.89 -5.671
thin2 1 thin_disk 8.76823025 0.25 0.025095 2.842321634 2.841 84.63551571 3830.892806 1.034 -4.811 -5.546 -5.795 -3.835 -4.997 -5.787
thin2 1 thin_disk 8.76823025 0.25 0.025095 2.842483044 2.842 89.79510132 3799.268615 0.983 -4.912 -5.655 -5.91 -3.92 -5.102 -5.902
thin2 1 thin_disk 8.76823025 0.25 0.025095 2.842636824 2.842 94.96261052 3769.641066 0.933 -5.011 -5.762 -6.022 -4.002 -5.205 -6.015
thin2 1 thin_disk 8.76823025 0.25 0.025095 2.842784882 2.842 100.4737576 3739.383436 0.885 -5.108 -5.866 -6.132 -4.08 -5.305 -6.124
thin2 1 thin_disk 8.76823025 0.25 0.025095 2.842930794 2.842 106.0114183 3710.222886 0.838 -5.202 -5.966 -6.238 -4.155 -5.402 -6.23
thin2 1 thin_disk 8.76823025 0.25 0.025095 2.84307766 2.842 111.6741472 3682.137482 0.793 -5.293 -6.063 -6.341 -4.224 -5.497 -6.333
thin2 1 thin_disk 8.76823025 0.25 0.025095 2.843227148 2.842 117.0718941 3656.789826 0.752 -5.374 -6.151 -6.433 -4.285 -5.581 -6.425
thin2 1 thin_disk 8.76823025 0.25 0.025095 2.843487024 2.843 136.1609726 3575.197187 0.621 -5.635 -6.429 -6.729 -4.47 -5.85 -6.72
thin2 1 thin_disk 8.76823025 0.25 0.025095 2.843563557 2.843 146.7413955 3534.272244 0.556 -5.763 -6.566 -6.875 -4.552 -5.982 -6.866
thin2 1 thin_disk 8.76823025 0.25 0.025095 2.84361577 2.843 154.6153632 3505.096668 0.51 -5.854 -6.662 -6.978 -4.602 -6.075 -6.969
thin2 1 thin_disk 8.76823025 0.25 0.025095 2.843675613 2.843 164.4949785 3471.362759 0.457 -5.96 -6.775 -7.098 -4.661 -6.184 -7.089
thin2 1 thin_disk 8.76823025 0.25 0.025095 2.843750715 2.843 175.449706 3435.579479 0.401 -6.071 -6.891 -7.224 -4.706 -6.297 -7.215
thin2 1 thin_disk 8.76823025 0.25 0.025095 2.843804121 2.843 183.7607035 3409.573053 0.361 -6.151 -6.975 -7.314 -4.737 -6.377 -7.304
thin2 1 thin_disk 8.76823025 0.25 0.025095 2.843874931 2.843 194.1121165 3379.091874 0.313 -6.244 -7.072 -7.419 -4.766 -6.471 -7.41
thin2 1 thin_disk 8.76823025 0.25 0.025095 2.843905926 2.843 207.4687283 3342.720001 0.256 -6.357 -7.19 -7.548 -4.782 -6.585 -7.538
thin2 1 thin_disk 8.76823025 0.25 0.025095 2.843914032 2.843 217.3965486 3316.652722 0.214 -6.437 -7.274 -7.64 -4.791 -6.666 -7.63
thin2 1 thin_disk 8.76823025 0.25 0.025095 2.843922854 2.843 225.8669279 3295.338255 0.181 -6.501 -7.341 -7.714 -4.782 -6.73 -7.703
thin2 1 thin_disk 8.76823025 0.25 0.025095 2.843926191 2.843 227.5373233 3290.78872 0.174 -6.513 -7.355 -7.728 -4.779 -6.742 -7.718
thin2 1 thin_disk 8.76823025 0.25 0.025095 2.84392786 2.837 238.6451677 3233.702035 0.133 -6.559 -7.414 -7.804 -4.616 -6.789 -7.792
thin2 1 thin_disk 8.76823025 0.25 0.025095 2.843929052 2.838 197.35705 3382.205567 0.297 -6.284 -7.111 -7.459 -4.814 -6.511 -7.449
thin2 1 thin_disk 8.76823025 0.25 0.025095 2.843929052 2.838 197.35705 3382.205567 0.298 -6.284 -7.111 -7.458 -4.814 -6.511 -7.449
thin2 1 thin_disk 8.76823025 0.25 0.025095 2.84393096 2.837 151.5837493 3531.831698 0.527 -5.834 -6.636 -6.946 -4.619 -6.052 -6.938
thin2 1 thin_disk 8.76823025 0.25 0.025095 2.843934059 2.837 129.1375804 3624.933135 0.666 -5.563 -6.345 -6.635 -4.448 -5.772 -6.627
thin2 1 thin_disk 8.76823025 0.25 0.025095 2.843938589 2.837 139.012113 3579.315656 0.602 -5.685 -6.477 -6.776 -4.524 -5.899 -6.768
thin2 1 thin_disk 8.76823025 0.25 0.025095 2.84394455 2.836 164.9121466 3476.962446 0.453 -5.972 -6.784 -7.107 -4.681 -6.194 -7.098
thin2 1 thin_disk 8.76823025 0.25 0.025095 2.843952179 2.836 197.3116121 3372.873087 0.298 -6.274 -7.103 -7.453 -4.779 -6.502 -7.443
thin2 1 thin_disk 8.76823025 0.25 0.025095 2.843961716 2.835 225.3474484 3295.338255 0.182 -6.495 -7.337 -7.709 -4.779 -6.725 -7.699
thin2 1 thin_disk 8.76823025 0.25 0.025095 2.84397316 2.834 243.9229394 3248.628126 0.113 -6.622 -7.472 -7.859 -4.734 -6.852 -7.848
thin2 1 thin_disk 8.76823025 0.25 0.025095 2.843986511 2.833 254.8899105 3220.327198 0.075 -6.691 -7.546 -7.941 -4.698 -6.919 -7.929
thin2 1 thin_disk 8.76823025 0.25 0.025095 2.844002008 2.831 263.2404623 3198.158622 0.047 -6.739 -7.599 -8 -4.662 -6.967 -7.987
thin2 1 thin_disk 8.76823025 0.25 0.025095 2.844002247 2.832 282.8476956 3160.821713 -0.016 -6.857 -7.725 -8.138 -4.627 -7.085 -8.125
thin2 1 thin_disk 8.76823025 0.25 0.025095 2.8440032 2.832 228.1669016 3274.914756 0.171 -6.502 -7.348 -7.726 -4.711 -6.732 -7.715
thin2 1 thin_disk 8.76823025 0.25 0.025095 2.844005346 2.831 175.1671423 3420.581953 0.4 -6.056 -6.879 -7.215 -4.663 -6.283 -7.206
thin2 1 thin_disk 8.76823025 0.25 0.025095 2.844008923 2.831 148.7827716 3513.985782 0.542 -5.778 -6.585 -6.898 -4.538 -5.998 -6.889
thin2 1 thin_disk 8.76823025 0.25 0.025095 2.844013929 2.83 159.5705143 3472.162162 0.482 -5.894 -6.71 -7.032 -4.596 -6.118 -7.023
thin2 1 thin_disk 8.76823025 0.25 0.025095 2.844020605 2.83 187.9977471 3376.758486 0.339 -6.173 -7.003 -7.35 -4.688 -6.401 -7.34
thin2 1 thin_disk 8.76823025 0.25 0.025095 2.84402895 2.829 223.0245362 3280.197551 0.19 -6.458 -7.303 -7.679 -4.687 -6.688 -7.668
thin2 1 thin_disk 8.76823025 0.25 0.025095 2.844039679 2.828 252.49492 3211.441387 0.082 -6.661 -7.519 -7.915 -4.635 -6.89 -7.903
thin2 1 thin_disk 8.76823025 0.25 0.025095 2.844052315 2.827 270.1796563 3173.218664 0.023 -6.77 -7.636 -8.044 -4.594 -6.998 -8.03
thin2 1 thin_disk 8.76823025 0.25 0.025095 2.844067097 2.825 278.8384403 3154.27824 -0.004 -6.819 -7.69 -8.103 -4.57 -7.048 -8.089
thin2 1 thin_disk 8.76823025 0.25 0.025095 2.844084263 2.824 283.8916669 3144.12642 -0.02 -6.847 -7.72 -8.136 -4.558 -7.075 -8.122
thin2 1 thin_disk 8.76823025 0.25 0.025095 2.844084501 2.824 307.4345303 3102.415775 -0.089 -6.976 -7.859 -8.287 -4.526 -7.203 -8.271
thin2 1 thin_disk 8.76823025 0.25 0.025095 2.844085693 2.824 247.6581616 3216.621793 0.098 -6.625 -7.482 -7.876 -4.619 -6.854 -7.864
thin2 1 thin_disk 8.76823025 0.25 0.025095 2.844088077 2.823 189.9995817 3362.791957 0.328 -6.183 -7.016 -7.367 -4.661 -6.412 -7.357
thin2 1 thin_disk 8.76823025 0.25 0.025095 2.844091892 2.823 160.9728543 3457.004939 0.472 -5.902 -6.72 -7.046 -4.578 -6.127 -7.037
thin2 1 thin_disk 8.76823025 0.25 0.025095 2.844097376 2.822 172.287054 3417.432931 0.413 -6.016 -6.841 -7.177 -4.616 -6.243 -7.167
thin2 1 thin_disk 8.76823025 0.25 0.025095 2.844104528 2.822 202.3264422 3325.063932 0.273 -6.287 -7.126 -7.487 -4.664 -6.517 -7.477
thin2 1 thin_disk 8.76823025 0.25 0.025095 2.844114065 2.821 238.8650693 3232.213203 0.129 -6.562 -7.417 -7.807 -4.612 -6.792 -7.795
thin2 1 thin_disk 8.76823025 0.25 0.025095 2.844125748 2.819 269.1241337 3166.649527 0.025 -6.755 -7.623 -8.032 -4.555 -6.984 -8.019
thin2 1 thin_disk 8.76823025 0.25 0.025095 2.844139576 2.818 286.5844651 3131.122075 -0.03 -6.856 -7.732 -8.151 -4.52 -7.084 -8.136
thin2 1 thin_disk 8.76823025 0.25 0.025095 2.844156027 2.816 294.5456714 3115.300896 -0.054 -6.898 -7.779 -8.202 -4.501 -7.125 -8.186
thin2 1 thin_disk 8.76823025 0.25 0.025095 2.844174862 2.814 298.7119829 3105.98962 -0.066 -6.919 -7.801 -8.227 -4.487 -7.146 -8.211
thin2 1 thin_disk 8.76823025 0.25 0.025095 2.8441751 2.814 326.251596 3060.553672 -0.142 -7.06 -7.954 -8.392 -4.482 -7.285 -8.372
thin2 1 thin_disk 8.76823025 0.25 0.025095 2.844176292 2.814 262.8770333 3174.680322 0.045 -6.712 -7.578 -7.984 -4.546 -6.94 -7.97
thin2 1 thin_disk 8.76823025 0.25 0.025095 2.844178677 2.813 201.7217118 3320.473358 0.275 -6.276 -7.116 -7.479 -4.64 -6.506 -7.468
thin2 1 thin_disk 8.76823025 0.25 0.025095 2.844182491 2.813 170.6682144 3415.859507 0.421 -5.993 -6.819 -7.154 -4.591 -6.22 -7.145
thin2 1 thin_disk 8.76823025 0.25 0.025095 2.844188213 2.812 182.3696837 3377.536103 0.363 -6.106 -6.937 -7.283 -4.623 -6.334 -7.273
thin2 1 thin_disk 8.76823025 0.25 0.025095 2.844195843 2.811 213.4777638 3287.759187 0.225 -6.37 -7.215 -7.587 -4.627 -6.6 -7.577
thin2 1 thin_disk 8.76823025 0.25 0.025095 2.844205379 2.81 250.9878191 3198.89511 0.084 -6.637 -7.498 -7.897 -4.565 -6.865 -7.884
thin2 1 thin_disk 8.76823025 0.25 0.025095 2.8442173 2.809 281.6129648 3136.89513 -0.015 -6.822 -7.697 -8.114 -4.507 -7.05 -8.099
thin2 1 thin_disk 8.76823025 0.25 0.025095 2.844231606 2.807 298.9872336 3104.559588 -0.067 -6.918 -7.801 -8.227 -4.48 -7.145 -8.21
thin2 1 thin_disk 8.76823025 0.25 0.025095 2.844248295 2.805 306.021997 3091.718894 -0.088 -6.956 -7.842 -8.272 -4.468 -7.183 -8.255
thin2 1 thin_disk 8.76823025 0.25 0.025095 2.844267845 2.802 309.2805755 3086.028979 -0.098 -6.973 -7.861 -8.292 -4.468 -7.199 -8.275
thin2 1 thin_disk 8.76823025 0.25 0.025095 2.844268084 2.802 340.4494562 3035.987646 -0.182 -7.126 -8.027 -8.471 -4.477 -7.35 -8.449
thin2 1 thin_disk 8.76823025 0.25 0.025095 2.844269276 2.802 274.5065078 3149.923453 0.006 -6.781 -7.653 -8.066 -4.517 -7.009 -8.052
thin2 1 thin_disk 8.76823025 0.25 0.025095 2.844271898 2.802 211.1313112 3294.579562 0.234 -6.351 -7.194 -7.565 -4.632 -6.581 -7.554
thin2 1 thin_disk 8.76823025 0.25 0.025095 2.84427619 2.801 178.1774113 3391.563869 0.381 -6.067 -6.897 -7.239 -4.619 -6.296 -7.229
thin2 1 thin_disk 8.76823025 0.25 0.025095 2.844282389 2.8 190.4814309 3352.740958 0.323 -6.179 -7.013 -7.367 -4.63 -6.408 -7.357
thin2 1 thin_disk 8.76823025 0.25 0.025095 2.844290733 2.799 222.7166291 3263.623112 0.187 -6.437 -7.287 -7.667 -4.606 -6.668 -7.656
thin2 1 thin_disk 8.76823025 0.25 0.025095 2.844301224 2.798 260.9472022 3175.411403 0.049 -6.698 -7.564 -7.97 -4.535 -6.926 -7.956
thin2 1 thin_disk 8.76823025 0.25 0.025095 2.844314337 2.796 292.1141837 3113.866577 -0.049 -6.878 -7.758 -8.182 -4.476 -7.105 -8.166
thin2 1 thin_disk 8.76823025 0.25 0.025095 2.844330072 2.793 309.2805755 3082.478102 -0.1 -6.97 -7.859 -8.291 -4.454 -7.196 -8.273
thin2 1 thin_disk 8.76823025 0.25 0.025095 2.844348431 2.791 316.703341 3069.021988 -0.121 -7.006 -7.898 -8.334 -4.454 -7.232 -8.314
thin2 1 thin_disk 8.76823025 0.25 0.025095 2.84436965 2.788 320.2230907 3062.668558 -0.13 -7.022 -7.916 -8.352 -4.452 -7.247 -8.333
thin2 1 thin_disk 8.76823025 0.25 0.025095 2.844369888 2.788 355.8382624 3007.460971 -0.222 -7.188 -8.096 -8.547 -4.466 -7.41 -8.523
thin2 1 thin_disk 8.76823025 0.25 0.025095 2.84437108 2.788 286.6504612 3121.763511 -0.034 -6.846 -7.725 -8.146 -4.474 -7.074 -8.131
thin2 1 thin_disk 8.76823025 0.25 0.025095 2.844373703 2.787 220.6239444 3265.878322 0.193 -6.421 -7.27 -7.649 -4.597 -6.651 -7.638
thin2 1 thin_disk 8.76823025 0.25 0.025095 2.844377756 2.787 185.9313595 3364.340936 0.341 -6.137 -6.97 -7.32 -4.619 -6.366 -7.31
thin2 1 thin_disk 8.76823025 0.25 0.025095 2.844383478 2.786 198.5421154 3325.829644 0.284 -6.247 -7.086 -7.447 -4.627 -6.477 -7.436
thin2 1 thin_disk 8.76823025 0.25 0.025095 2.844391346 2.784 231.6608496 3238.91835 0.151 -6.499 -7.353 -7.741 -4.575 -6.73 -7.73
thin2 1 thin_disk 8.76823025 0.25 0.025095 2.84440136 2.783 270.5531812 3152.825976 0.016 -6.752 -7.623 -8.035 -4.5 -6.98 -8.021
thin2 1 thin_disk 8.76823025 0.25 0.025095 2.844413757 2.781 301.4065215 3093.855315 -0.079 -6.926 -7.812 -8.241 -4.446 -7.152 -8.224
thin2 1 thin_disk 8.76823025 0.25 0.025095 2.844428778 2.778 318.825203 3064.079294 -0.128 -7.014 -7.907 -8.343 -4.447 -7.239 -8.324
thin2 1 thin_disk 8.76823025 0.25 0.025095 2.844446182 2.775 325.8011739 3052.108722 -0.147 -7.047 -7.944 -8.383 -4.448 -7.272 -8.362
thin2 1 thin_disk 8.76823025 0.25 0.025095 2.844466448 2.772 328.361813 3047.193267 -0.155 -7.061 -7.958 -8.399 -4.448 -7.285 -8.378
thin2 1 thin_disk 8.76823025 0.25 0.025095 2.844466686 2.772 368.1736007 2987.445561 -0.254 -7.238 -8.152 -8.608 -4.472 -7.459 -8.581
thin2 1 thin_disk 8.76823025 0.25 0.025095 2.844467878 2.772 296.7923106 3101.701499 -0.067 -6.9 -7.784 -8.211 -4.452 -7.127 -8.194
thin2 1 thin_disk 8.76823025 0.25 0.025095 2.844470501 2.772 228.8509106 3245.637406 0.159 -6.48 -7.333 -7.718 -4.58 -6.71 -7.707
thin2 1 thin_disk 8.76823025 0.25 0.025095 2.844474792 2.771 192.5540443 3344.259735 0.309 -6.196 -7.032 -7.388 -4.624 -6.425 -7.378
thin2 1 thin_disk 8.76823025 0.25 0.025095 2.844480753 2.77 205.6139825 3305.978311 0.251 -6.305 -7.147 -7.514 -4.625 -6.535 -7.504
thin2 1 thin_disk 8.76823025 0.25 0.025095 2.844488859 2.768 239.470844 3218.844524 0.119 -6.553 -7.411 -7.804 -4.556 -6.783 -7.792
thin2 1 thin_disk 8.76823025 0.25 0.025095 2.84449935 2.766 279.0311216 3133.285724 -0.014 -6.799 -7.676 -8.093 -4.473 -7.027 -8.078
thin2 1 thin_disk 8.76823025 0.25 0.025095 2.844511986 2.764 310.4935943 3074.680546 -0.108 -6.969 -7.86 -8.294 -4.433 -7.195 -8.275
thin2 1 thin_disk 8.76823025 0.25 0.025095 2.844527483 2.761 328.2106316 3044.38799 -0.156 -7.055 -7.953 -8.394 -4.433 -7.279 -8.373
thin2 1 thin_disk 8.76823025 0.25 0.025095 2.844545364 2.758 335.31474 3031.098154 -0.175 -7.088 -7.99 -8.435 -4.43 -7.312 -8.412
thin2 1 thin_disk 8.76823025 0.25 0.025095 2.844566345 2.754 338.6512203 3024.823232 -0.184 -7.102 -8.006 -8.452 -4.425 -7.326 -8.429
thin2 1 thin_disk 8.76823025 0.25 0.025095 2.844566584 2.754 382.6948738 2960.738152 -0.291 -7.289 -8.211 -8.674 -4.464 -7.509 -8.644
thin2 1 thin_disk 8.76823025 0.25 0.025095 2.844567776 2.754 308.7113841 3074.680546 -0.104 -6.957 -7.847 -8.281 -4.421 -7.182 -8.262
thin2 1 thin_disk 8.76823025 0.25 0.025095 2.84457016 2.753 238.3156949 3217.362533 0.121 -6.541 -7.4 -7.793 -4.541 -6.771 -7.78
thin2 1 thin_disk 8.76823025 0.25 0.025095 2.844573975 2.753 200.2408337 3317.416497 0.272 -6.258 -7.098 -7.461 -4.613 -6.488 -7.451
thin2 1 thin_disk 8.76823025 0.25 0.025095 2.844579458 2.751 213.8221267 3279.442344 0.215 -6.364 -7.211 -7.586 -4.589 -6.594 -7.575
thin2 1 thin_disk 8.76823025 0.25 0.025095 2.844586849 2.75 248.3434127 3193.743253 0.085 -6.607 -7.47 -7.869 -4.519 -6.836 -7.856
thin2 1 thin_disk 8.76823025 0.25 0.025095 2.844596147 2.748 288.3053124 3110.99992 -0.045 -6.846 -7.728 -8.152 -4.434 -7.074 -8.136
thin2 1 thin_disk 8.76823025 0.25 0.025095 2.84460783 2.746 319.7809916 3054.217773 -0.136 -7.01 -7.906 -8.345 -4.418 -7.235 -8.324
thin2 1 thin_disk 8.76823025 0.25 0.025095 2.844621897 2.743 337.0952592 3024.823232 -0.182 -7.092 -7.996 -8.442 -4.417 -7.316 -8.419
thin2 1 thin_disk 8.76823025 0.25 0.025095 2.844638109 2.739 343.916209 3013.699874 -0.201 -7.123 -8.03 -8.479 -4.418 -7.346 -8.455
thin2 1 thin_disk 8.76823025 0.25 0.025095 2.844657183 2.735 347.178358 3008.153544 -0.208 -7.135 -8.043 -8.493 -4.419 -7.358 -8.469
thin2 1 thin_disk 8.76823025 0.25 0.025095 2.844657421 2.735 395.2324958 2940.356574 -0.321 -7.331 -8.26 -8.727 -4.466 -7.55 -8.695
thin2 1 thin_disk 8.76823025 0.25 0.025095 2.844658613 2.735 318.6784123 3054.217773 -0.135 -7.003 -7.899 -8.337 -4.411 -7.228 -8.317
thin2 1 thin_disk 8.76823025 0.25 0.025095 2.844660997 2.734 246.1799306 3196.686154 0.089 -6.592 -7.455 -7.853 -4.513 -6.821 -7.84
thin2 1 thin_disk 8.76823025 0.25 0.025095 2.844664812 2.734 206.7533927 3296.856164 0.241 -6.308 -7.151 -7.521 -4.596 -6.538 -7.51
thin2 1 thin_disk 8.76823025 0.25 0.025095 2.844670296 2.732 220.5223667 3259.117363 0.185 -6.413 -7.263 -7.644 -4.563 -6.643 -7.633
thin2 1 thin_disk 8.76823025 0.25 0.025095 2.844677448 2.731 255.7129043 3174.680322 0.056 -6.652 -7.519 -7.923 -4.487 -6.88 -7.91
thin2 1 thin_disk 8.76823025 0.25 0.025095 2.844686985 2.728 296.1778968 3092.43087 -0.072 -6.885 -7.772 -8.2 -4.401 -7.112 -8.183
thin2 1 thin_disk 8.76823025 0.25 0.025095 2.844698667 2.726 327.7575049 3035.987646 -0.16 -7.044 -7.945 -8.387 -4.402 -7.268 -8.365
thin2 1 thin_disk 8.76823025 0.25 0.025095 2.844712496 2.722 344.788399 3008.153544 -0.205 -7.122 -8.031 -8.48 -4.406 -7.345 -8.455
thin2 1 thin_disk 8.76823025 0.25 0.025095 2.844728947 2.719 351.9270466 2996.40146 -0.223 -7.151 -8.062 -8.514 -4.41 -7.373 -8.488
thin2 1 thin_disk 8.76823025 0.25 0.025095 2.844747782 2.714 354.2849018 2991.575722 -0.23 -7.161 -8.074 -8.527 -4.409 -7.383 -8.501
thin2 1 thin_disk 8.76823025 0.25 0.025095 2.84474802 2.714 406.4926009 2919.442997 -0.349 -7.364 -8.3 -8.772 -4.461 -7.58 -8.736
thin2 1 thin_disk 8.76823025 0.25 0.025095 2.844748974 2.714 327.98399 3033.192685 -0.163 -7.042 -7.944 -8.387 -4.391 -7.266 -8.365
thin2 1 thin_disk 8.76823025 0.25 0.025095 2.84475112 2.713 253.6603836 3174.680322 0.06 -6.636 -7.503 -7.908 -4.474 -6.865 -7.894
thin2 1 thin_disk 8.76823025 0.25 0.025095 2.844754458 2.712 212.7417096 3276.423257 0.213 -6.351 -7.198 -7.574 -4.564 -6.581 -7.563
thin2 1 thin_disk 8.76823025 0.25 0.025095 2.844759464 2.711 227.014002 3238.172647 0.156 -6.456 -7.31 -7.698 -4.529 -6.686 -7.686
thin2 1 thin_disk 8.76823025 0.25 0.025095 2.84476614 2.709 262.8165106 3155.004623 0.029 -6.691 -7.563 -7.973 -4.448 -6.919 -7.959
thin2 1 thin_disk 8.76823025 0.25 0.025095 2.844774723 2.707 303.5656622 3073.972656 -0.097 -6.92 -7.811 -8.244 -4.384 -7.146 -8.225
thin2 1 thin_disk 8.76823025 0.25 0.025095 2.844785213 2.704 335.7783146 3018.561301 -0.185 -7.076 -7.982 -8.428 -4.385 -7.299 -8.405
thin2 1 thin_disk 8.76823025 0.25 0.025095 2.844797611 2.701 353.225985 2990.886965 -0.229 -7.153 -8.066 -8.519 -4.4 -7.374 -8.492
thin2 1 thin_disk 8.76823025 0.25 0.025095 2.844812393 2.697 360.1244805 2979.202337 -0.247 -7.182 -8.098 -8.554 -4.404 -7.403 -8.526
thin2 1 thin_disk 8.76823025 0.25 0.025095 2.844829559 2.693 363.372992 2974.404298 -0.255 -7.194 -8.111 -8.568 -4.404 -7.414 -8.539
thin2 1 thin_disk 8.76823025 0.25 0.025095 2.844829798 2.693 418.844334 2899.345693 -0.379 -7.399 -8.343 -8.822 -4.456 -7.614 -8.783
thin2 1 thin_disk 8.76823025 0.25 0.025095 2.844830751 2.692 338.3394546 3012.312334 -0.193 -7.085 -7.992 -8.44 -4.38 -7.308 -8.416
thin2 1 thin_disk 8.76823025 0.25 0.025095 2.844832897 2.692 261.8500402 3153.552025 0.029 -6.683 -7.555 -7.966 -4.437 -6.911 -7.952
thin2 1 thin_disk 8.76823025 0.25 0.025095 2.844836235 2.691 219.2565847 3255.367325 0.183 -6.398 -7.249 -7.631 -4.534 -6.628 -7.62
thin2 1 thin_disk 8.76823025 0.25 0.025095 2.844841242 2.689 233.9659432 3217.362533 0.126 -6.502 -7.36 -7.753 -4.5 -6.732 -7.741
thin2 1 thin_disk 8.76823025 0.25 0.025095 2.844847918 2.687 270.6778043 3134.007273 0 -6.733 -7.61 -8.026 -4.412 -6.961 -8.011
thin2 1 thin_disk 8.76823025 0.25 0.025095 2.844856262 2.685 312.1423135 3054.217773 -0.124 -6.958 -7.854 -8.291 -4.368 -7.183 -8.271
thin2 1 thin_disk 8.76823025 0.25 0.025095 2.844866753 2.682 344.3123851 2999.853181 -0.211 -7.109 -8.02 -8.47 -4.377 -7.331 -8.445
thin2 1 thin_disk 8.76823025 0.25 0.025095 2.84487915 2.678 361.7867396 2972.350362 -0.254 -7.185 -8.103 -8.559 -4.391 -7.404 -8.53
thin2 1 thin_disk 8.76823025 0.25 0.025095 2.844893932 2.674 369.2773281 2960.738152 -0.272 -7.213 -8.134 -8.594 -4.394 -7.432 -8.563
thin2 1 thin_disk 8.76823025 0.25 0.025095 2.84491086 2.669 371.9226648 2955.289291 -0.28 -7.224 -8.147 -8.608 -4.392 -7.442 -8.577
thin2 1 thin_disk 8.76823025 0.25 0.025095 2.844911098 2.669 431.8696104 2876.735946 -0.409 -7.426 -8.381 -8.868 -4.44 -7.64 -8.826
thin2 1 thin_disk 8.76823025 0.25 0.025095 2.844912052 2.668 348.70056 2989.509928 -0.223 -7.125 -8.038 -8.49 -4.371 -7.346 -8.463
thin2 1 thin_disk 8.76823025 0.25 0.025095 2.844913959 2.668 270.3663543 3130.40119 -0.002 -6.727 -7.605 -8.022 -4.391 -6.955 -8.006
thin2 1 thin_disk 8.76823025 0.25 0.025095 2.844917059 2.667 226.2833736 3232.213203 0.152 -6.442 -7.298 -7.687 -4.494 -6.672 -7.675
thin2 1 thin_disk 8.76823025 0.25 0.025095 2.844921589 2.665 241.1863054 3194.478724 0.096 -6.545 -7.408 -7.807 -4.461 -6.774 -7.794
thin2 1 thin_disk 8.76823025 0.25 0.025095 2.844927788 2.663 278.5817389 3112.432919 -0.029 -6.773 -7.655 -8.077 -4.37 -7 -8.061
thin2 1 thin_disk 8.76823025 0.25 0.025095 2.844935656 2.66 320.7396455 3033.891184 -0.152 -6.994 -7.895 -8.337 -4.347 -7.218 -8.315
thin2 1 thin_disk 8.76823025 0.25 0.025095 2.844945192 2.657 353.225985 2980.574626 -0.237 -7.142 -8.057 -8.512 -4.368 -7.362 -8.484
thin2 1 thin_disk 8.76823025 0.25 0.025095 2.844956875 2.653 371.1527176 2953.248554 -0.28 -7.215 -8.139 -8.599 -4.381 -7.434 -8.568
thin2 1 thin_disk 8.76823025 0.25 0.025095 2.844970465 2.649 378.2271017 2942.388402 -0.297 -7.242 -8.169 -8.632 -4.386 -7.46 -8.6
thin2 1 thin_disk 8.76823025 0.25 0.025095 2.8449862 2.644 381.3753725 2936.973311 -0.305 -7.253 -8.181 -8.646 -4.387 -7.47 -8.612
thin2 1 thin_disk 8.76823025 0.25 0.025095 2.844986439 2.644 444.6851686 2856.274877 -0.438 -7.441 -8.411 -8.91 -4.412 -7.655 -8.865
thin2 1 thin_disk 8.76823025 0.25 0.025095 2.844987392 2.643 358.8828002 2968.930286 -0.253 -7.164 -8.082 -8.539 -4.364 -7.383 -8.509
thin2 1 thin_disk 8.76823025 0.25 0.025095 2.8449893 2.643 278.71006 3108.135903 -0.032 -6.769 -7.653 -8.076 -4.351 -6.997 -8.059
thin2 1 thin_disk 8.76823025 0.25 0.025095 2.844992399 2.641 232.7837418 3210.702011 0.123 -6.485 -7.344 -7.739 -4.46 -6.714 -7.726
thin2 1 thin_disk 8.76823025 0.25 0.025095 2.844996929 2.64 248.4006025 3173.218664 0.067 -6.587 -7.455 -7.859 -4.42 -6.816 -7.846
thin2 1 thin_disk 8.76823025 0.25 0.025095 2.845003128 2.637 286.2547124 3091.718894 -0.057 -6.812 -7.699 -8.127 -4.329 -7.039 -8.109
thin2 1 thin_disk 8.76823025 0.25 0.025095 2.845010996 2.634 329.1945562 3013.699874 -0.179 -7.028 -7.935 -8.381 -4.329 -7.251 -8.357
thin2 1 thin_disk 8.76823025 0.25 0.025095 2.845020533 2.63 361.9533869 2961.419965 -0.263 -7.173 -8.094 -8.552 -4.357 -7.392 -8.522
thin2 1 thin_disk 8.76823025 0.25 0.025095 2.845032215 2.626 379.8854368 2934.269504 -0.305 -7.244 -8.172 -8.636 -4.375 -7.46 -8.603
thin2 1 thin_disk 8.76823025 0.25 0.025095 2.845045805 2.621 387.3045908 2922.806066 -0.322 -7.269 -8.201 -8.668 -4.381 -7.485 -8.633
thin2 1 thin_disk 8.76823025 0.25 0.025095 2.845061541 2.615 390.5284204 2917.427014 -0.33 -7.279 -8.213 -8.681 -4.381 -7.494 -8.645
thin2 1 thin_disk 8.76823025 0.25 0.025095 2.845061779 2.615 457.4594936 2834.001006 -0.468 -7.446 -8.434 -8.951 -4.364 -7.66 -8.901
thin2 1 thin_disk 8.76823025 0.25 0.025095 2.845062733 2.614 369.4474258 2946.456271 -0.283 -7.2 -8.124 -8.586 -4.354 -7.417 -8.553
thin2 1 thin_disk 8.76823025 0.25 0.025095 2.84506464 2.613 286.9806698 3086.028979 -0.063 -6.809 -7.698 -8.127 -4.309 -7.036 -8.109
thin2 1 thin_disk 8.76823025 0.25 0.025095 2.845067501 2.612 239.470844 3189.33398 0.094 -6.524 -7.389 -7.789 -4.419 -6.753 -7.775
thin2 1 thin_disk 8.76823025 0.25 0.025095 2.845072031 2.61 255.3598678 3151.37438 0.038 -6.626 -7.499 -7.909 -4.374 -6.854 -7.895
thin2 1 thin_disk 8.76823025 0.25 0.025095 2.845077992 2.607 294.2745097 3070.435651 -0.086 -6.847 -7.74 -8.172 -4.306 -7.073 -8.153
thin2 1 thin_disk 8.76823025 0.25 0.025095 2.845085621 2.604 337.483578 2993.642943 -0.206 -7.059 -7.971 -8.421 -4.317 -7.28 -8.395
thin2 1 thin_disk 8.76823025 0.25 0.025095 2.845094919 2.6 370.6403052 2941.71097 -0.288 -7.201 -8.127 -8.589 -4.347 -7.418 -8.556
thin2 1 thin_disk 8.76823025 0.25 0.025095 2.845106125 2.595 388.823625 2915.412423 -0.33 -7.268 -8.203 -8.67 -4.367 -7.483 -8.634
thin2 1 thin_disk 8.76823025 0.25 0.025095 2.845119476 2.589 395.778907 2904.691407 -0.347 -7.293 -8.231 -8.701 -4.372 -7.507 -8.663
thin2 1 thin_disk 8.76823025 0.25 0.025095 2.845134735 2.582 398.6140891 2899.345693 -0.354 -7.302 -8.242 -8.713 -4.371 -7.515 -8.674
thin2 1 thin_disk 8.76823025 0.25 0.025095 2.845134973 2.582 469.6265537 2813.196057 -0.497 -7.436 -8.446 -8.986 -4.295 -7.651 -8.932
thin2 1 thin_disk 8.76823025 0.25 0.025095 2.845135689 2.582 379.5357104 2925.49931 -0.311 -7.231 -8.162 -8.626 -4.35 -7.447 -8.591
thin2 1 thin_disk 8.76823025 0.25 0.025095 2.845137596 2.581 294.681346 3064.784905 -0.092 -6.845 -7.739 -8.173 -4.288 -7.071 -8.153
thin2 1 thin_disk 8.76823025 0.25 0.025095 2.845140457 2.579 245.783455 3168.108159 0.065 -6.56 -7.429 -7.835 -4.374 -6.789 -7.821
thin2 1 thin_disk 8.76823025 0.25 0.025095 2.845144749 2.577 262.0913241 3130.40119 0.009 -6.661 -7.539 -7.955 -4.329 -6.889 -7.94
thin2 1 thin_disk 8.76823025 0.25 0.025095 2.845150232 2.574 301.5453563 3050.703498 -0.113 -6.88 -7.777 -8.214 -4.284 -7.104 -8.193
thin2 1 thin_disk 8.76823025 0.25 0.025095 2.845157385 2.57 345.4241081 2974.404298 -0.232 -7.088 -8.005 -8.459 -4.305 -7.307 -8.43
thin2 1 thin_disk 8.76823025 0.25 0.025095 2.845166206 2.566 379.360968 2922.806066 -0.313 -7.226 -8.157 -8.622 -4.341 -7.441 -8.587
thin2 1 thin_disk 8.76823025 0.25 0.025095 2.845176935 2.56 397.331178 2897.343588 -0.355 -7.292 -8.232 -8.703 -4.359 -7.505 -8.664
thin2 1 thin_disk 8.76823025 0.25 0.025095 2.845189333 2.554 404.4386433 2886.689018 -0.371 -7.316 -8.26 -8.733 -4.362 -7.528 -8.693
thin2 1 thin_disk 8.76823025 0.25 0.025095 2.845203876 2.546 407.3358598 2881.376435 -0.379 -7.322 -8.269 -8.745 -4.359 -7.534 -8.703
thin2 1 thin_disk 8.76823025 0.25 0.025095 2.845204115 2.546 482.1172213 2792.543841 -0.525 -7.389 -8.438 -9.014 -4.181 -7.613 -8.957
thin2 1 thin_disk 8.76823025 0.25 0.025095 2.84520483 2.546 389.719956 2905.360314 -0.34 -7.261 -8.198 -8.667 -4.344 -7.475 -8.629
thin2 1 thin_disk 8.76823025 0.25 0.025095 2.845206737 2.545 302.5886577 3043.687074 -0.121 -6.88 -7.78 -8.218 -4.266 -7.105 -8.196
thin2 1 thin_disk 8.76823025 0.25 0.025095 2.845209598 2.543 252.1463262 3147.748314 0.037 -6.595 -7.469 -7.88 -4.331 -6.823 -7.865
thin2 1 thin_disk 8.76823025 0.25 0.025095 2.845213652 2.54 268.8763753 3110.283669 -0.019 -6.695 -7.579 -8 -4.285 -6.923 -7.984
thin2 1 thin_disk 8.76823025 0.25 0.025095 2.845219374 2.537 309.1381793 3030.400298 -0.141 -6.911 -7.814 -8.255 -4.259 -7.135 -8.233
thin2 1 thin_disk 8.76823025 0.25 0.025095 2.845226526 2.532 353.714322 2954.608888 -0.259 -7.116 -8.039 -8.496 -4.29 -7.334 -8.465
thin2 1 thin_disk 8.76823025 0.25 0.025095 2.845235348 2.527 387.8400417 2904.022654 -0.339 -7.25 -8.187 -8.656 -4.331 -7.463 -8.617
thin2 1 thin_disk 8.76823025 0.25 0.025095 2.845245838 2.521 405.9313984 2878.061036 -0.38 -7.312 -8.259 -8.734 -4.345 -7.523 -8.692
thin2 1 thin_disk 8.76823025 0.25 0.025095 2.845258236 2.513 413.3830306 2866.817191 -0.397 -7.33 -8.282 -8.762 -4.342 -7.539 -8.718
thin2 1 thin_disk 8.76823025 0.25 0.025095 2.845272541 2.504 416.3443207 2861.541179 -0.405 -7.336 -8.29 -8.773 -4.338 -7.545 -8.728
thin2 1 thin_disk 8.76823025 0.25 0.025095 2.84527278 2.504 495.6243611 2770.129039 -0.556 -7.328 -8.422 -9.041 -4.042 -7.562 -8.979
thin2 1 thin_disk 8.76823025 0.25 0.025095 2.845273495 2.503 399.9932337 2882.703663 -0.371 -7.29 -8.234 -8.707 -4.332 -7.501 -8.666
thin2 1 thin_disk 8.76823025 0.25 0.025095 2.845275164 2.502 311.1377056 3020.64717 -0.152 -6.914 -7.82 -8.263 -4.235 -7.138 -8.24
thin2 1 thin_disk 8.76823025 0.25 0.025095 2.845278025 2.5 259.0315384 3125.359644 0.007 -6.628 -7.508 -7.926 -4.277 -6.856 -7.91
thin2 1 thin_disk 8.76823025 0.25 0.025095 2.845282078 2.497 276.0276861 3087.450476 -0.05 -6.729 -7.618 -8.045 -4.235 -6.956 -8.028
thin2 1 thin_disk 8.76823025 0.25 0.025095 2.845287561 2.493 317.5065177 3007.460971 -0.171 -6.942 -7.85 -8.296 -4.234 -7.164 -8.271
thin2 1 thin_disk 8.76823025 0.25 0.025095 2.845294476 2.488 362.8713203 2932.243282 -0.288 -7.143 -8.071 -8.533 -4.278 -7.359 -8.499
thin2 1 thin_disk 8.76823025 0.25 0.025095 2.845303059 2.481 397.4226774 2882.039973 -0.368 -7.273 -8.217 -8.69 -4.316 -7.484 -8.649
thin2 1 thin_disk 8.76823025 0.25 0.025095 2.845313311 2.474 415.9610299 2856.274877 -0.409 -7.326 -8.282 -8.764 -4.321 -7.534 -8.718
thin2 1 thin_disk 8.76823025 0.25 0.025095 2.845325232 2.465 423.3042656 2844.461107 -0.426 -7.344 -8.305 -8.792 -4.317 -7.55 -8.745
thin2 1 thin_disk 8.76823025 0.25 0.025095 2.845339298 2.454 426.5330074 2838.572559 -0.435 -7.35 -8.313 -8.803 -4.311 -7.555 -8.755
thin2 1 thin_disk 8.76823025 0.25 0.025095 2.845339537 2.454 509.8619996 2745.364414 -0.59 -7.204 -8.371 -9.06 -3.8 -7.458 -8.991
thin2 1 thin_disk 8.76823025 0.25 0.025095 2.845340252 2.453 411.957719 2856.932635 -0.405 -7.312 -8.265 -8.745 -4.312 -7.519 -8.7
thin2 1 thin_disk 8.76823025 0.25 0.025095 2.845341921 2.452 320.665801 2994.332334 -0.187 -6.948 -7.861 -8.309 -4.212 -7.169 -8.282
thin2 1 thin_disk 8.76823025 0.25 0.025095 2.845344543 2.449 266.5340171 3098.846042 -0.027 -6.664 -7.55 -7.974 -4.213 -6.891 -7.957
thin2 1 thin_disk 8.76823025 0.25 0.025095 2.845348597 2.445 284.3496152 3061.258472 -0.084 -6.763 -7.658 -8.091 -4.2 -6.988 -8.071
thin2 1 thin_disk 8.76823025 0.25 0.025095 2.845353842 2.44 326.0263072 2983.321102 -0.204 -6.972 -7.887 -8.338 -4.212 -7.192 -8.31
thin2 1 thin_disk 8.76823025 0.25 0.025095 2.845360518 2.433 372.008313 2909.376992 -0.32 -7.17 -8.104 -8.569 -4.265 -7.383 -8.532
thin2 1 thin_disk 8.76823025 0.25 0.025095 2.845368862 2.426 406.773493 2860.223694 -0.399 -7.291 -8.242 -8.72 -4.298 -7.498 -8.676
thin2 1 thin_disk 8.76823025 0.25 0.025095 2.845378637 2.416 424.8666524 2835.95934 -0.439 -7.339 -8.303 -8.793 -4.297 -7.543 -8.744
thin2 1 thin_disk 8.76823025 0.25 0.025095 2.84539032 2.405 432.4666726 2825.530502 -0.455 -7.348 -8.321 -8.819 -4.28 -7.553 -8.769
thin2 1 thin_disk 8.76823025 0.25 0.025095 2.84540391 2.392 435.3641305 2820.979954 -0.463 -7.349 -8.326 -8.829 -4.268 -7.554 -8.778
thin2 1 thin_disk 8.76823025 0.25 0.025095 2.845404148 2.392 522.3392304 2726.465459 -0.622 -6.705 -8.107 -9.011 -2.969 -7.044 -8.934
thin2 1 thin_disk 8.76823025 0.25 0.025095 2.845404863 2.391 422.2334588 2836.612419 -0.438 -7.294 -8.273 -8.779 -4.233 -7.504 -8.729
thin2 1 thin_disk 8.76823025 0.25 0.025095 2.845406532 2.388 329.1945562 2972.350362 -0.221 -6.978 -7.896 -8.35 -4.191 -7.197 -8.321
thin2 1 thin_disk 8.76823025 0.25 0.025095 2.845409155 2.385 273.4970491 3076.805194 -0.061 -6.695 -7.587 -8.017 -4.174 -6.921 -7.998
thin2 1 thin_disk 8.76823025 0.25 0.025095 2.845412731 2.38 291.4423398 3039.484969 -0.118 -6.793 -7.694 -8.133 -4.169 -7.018 -8.111
thin2 1 thin_disk 8.76823025 0.25 0.025095 2.845417976 2.374 334.0047513 2962.784064 -0.237 -6.998 -7.92 -8.376 -4.191 -7.217 -8.346
thin2 1 thin_disk 8.76823025 0.25 0.025095 2.845424414 2.365 380.3230479 2890.679882 -0.351 -7.186 -8.13 -8.603 -4.241 -7.398 -8.563
thin2 1 thin_disk 8.76823025 0.25 0.025095 2.845432281 2.355 415.0043461 2843.151486 -0.429 -7.273 -8.246 -8.747 -4.227 -7.483 -8.699
thin2 1 thin_disk 8.76823025 0.25 0.025095 2.845441818 2.343 433.2640398 2819.681143 -0.469 -7.277 -8.283 -8.816 -4.156 -7.493 -8.763
thin2 1 thin_disk 8.76823025 0.25 0.025095 2.845453024 2.329 440.6082705 2810.6062 -0.485 -7.279 -8.296 -8.84 -4.132 -7.496 -8.786
thin2 1 thin_disk 8.76823025 0.25 0.025095 2.845466137 2.313 443.3560558 2806.725885 -0.493 -7.264 -8.292 -8.848 -4.098 -7.484 -8.793
thin2 1 thin_disk 8.76823025 0.25 0.025095 2.845466375 2.312 533.3995499 2712.064413 -0.654 -6.664 -8.098 -9.029 -2.874 -7.011 -8.95
thin2 1 thin_disk 8.76823025 0.25 0.025095 2.845467091 2.311 432.2675602 2819.681143 -0.472 -7.265 -8.274 -8.81 -4.138 -7.482 -8.757
thin2 1 thin_disk 8.76823025 0.25 0.025095 2.845468521 2.308 337.6390307 2951.888846 -0.258 -7.009 -7.933 -8.392 -4.176 -7.227 -8.361
thin2 1 thin_disk 8.76823025 0.25 0.025095 2.845471144 2.303 280.771256 3054.217773 -0.099 -6.728 -7.625 -8.061 -4.143 -6.953 -8.04
thin2 1 thin_disk 8.76823025 0.25 0.025095 2.84547472 2.296 299.0560859 3017.866332 -0.156 -6.825 -7.732 -8.176 -4.139 -7.048 -8.153
thin2 1 thin_disk 8.76823025 0.25 0.025095 2.845479727 2.287 341.8634293 2943.743734 -0.274 -7.026 -7.953 -8.414 -4.178 -7.244 -8.381
thin2 1 thin_disk 8.76823025 0.25 0.025095 2.845485926 2.275 388.3762328 2875.411465 -0.386 -7.199 -8.152 -8.633 -4.22 -7.411 -8.591
thin2 1 thin_disk 8.76823025 0.25 0.025095 2.845493794 2.261 422.5252281 2830.740119 -0.462 -7.248 -8.246 -8.772 -4.151 -7.464 -8.722
thin2 1 thin_disk 8.76823025 0.25 0.025095 2.845502853 2.244 440.3040142 2809.959109 -0.501 -7.23 -8.268 -8.836 -4.049 -7.455 -8.781
thin2 1 thin_disk 8.76823025 0.25 0.025095 2.845513821 2.225 446.4292531 2803.496382 -0.517 -7.198 -8.262 -8.856 -3.976 -7.431 -8.799
thin2 1 thin_disk 8.76823025 0.25 0.025095 2.845526457 2.202 448.3866202 2802.205622 -0.525 -7.178 -8.255 -8.862 -3.937 -7.416 -8.805
thin2 1 thin_disk 8.76823025 0.25 0.025095 2.845526695 2.201 539.7002818 2710.191632 -0.686 -7.736 -8.701 -9.19 -4.567 -7.903 -9.122
thin2 1 thin_disk 8.76823025 0.25 0.025095 2.84552741 2.198 439.6961317 2811.90083 -0.509 -7.419 -8.37 -8.847 -4.355 -7.611 -8.796
thin2 1 thin_disk 8.76823025 0.25 0.025095 2.845528841 2.193 345.742402 2935.621096 -0.301 -7.049 -7.973 -8.432 -4.188 -7.264 -8.399
thin2 1 thin_disk 8.76823025 0.25 0.025095 2.845531225 2.185 288.7038961 3031.098154 -0.146 -6.764 -7.666 -8.107 -4.114 -6.988 -8.084
thin2 1 thin_disk 8.76823025 0.25 0.025095 2.845534801 2.173 307.2222354 2996.40146 -0.203 -6.861 -7.772 -8.219 -4.126 -7.082 -8.193
thin2 1 thin_disk 8.76823025 0.25 0.025095 2.845539331 2.157 349.8264515 2926.846862 -0.319 -7.065 -7.991 -8.451 -4.189 -7.278 -8.417
thin2 1 thin_disk 8.76823025 0.25 0.025095 2.84554553 2.137 395.6877861 2863.518544 -0.429 -7.254 -8.195 -8.665 -4.27 -7.458 -8.622
thin2 1 thin_disk 8.76823025 0.25 0.025095 2.845552921 2.112 428.4031395 2824.229597 -0.504 -7.379 -8.328 -8.804 -4.328 -7.575 -8.755
thin2 1 thin_disk 8.76823025 0.25 0.025095 2.845561743 2.083 444.8900008 2806.725885 -0.543 -7.44 -8.392 -8.87 -4.368 -7.632 -8.818
thin2 1 thin_disk 8.76823025 0.25 0.025095 2.845571995 2.049 450.1452221 2804.787737 -0.56 -7.462 -8.414 -8.893 -4.386 -7.653 -8.841
thin2 1 thin_disk 8.76823025 0.25 0.025095 2.845584154 2.011 450.2488838 2809.312166 -0.568 -6.965 -8.144 -8.859 -3.583 -7.246 -8.801
thin2 1 thin_disk 8.76823025 0.25 0.025095 2.845584154 2.011 540.6953627 2723.328305 -0.727 -7.371 -8.49 -9.003 -3.583 -7.246 -8.801
thin2 1 thin_disk 8.76823025 0.25 0.025095 2.845584631 2.01 444.7875729 2811.90083 -0.558 -7.073 -8.201 -8.683 -5.437 -7.485 -8.671
thin2 1 thin_disk 8.76823025 0.25 0.025095 2.845585823 2.009 354.5297177 2917.427014 -0.361 -6.726 -7.845 -8.29 -5.163 -7.128 -8.278
thin2 1 thin_disk 8.76823025 0.25 0.025095 2.845587492 2.007 298.8495766 2996.40146 -0.213 -6.466 -7.567 -7.988 -4.956 -6.854 -7.976
thin2 1 thin_disk 8.76823025 0.25 0.025095 2.845589638 2.005 320.3705928 2951.209227 -0.274 -6.551 -7.666 -8.099 -5.013 -6.949 -8.088
thin2 1 thin_disk 8.76823025 0.25 0.025095 2.845592976 2.002 367.9193632 2868.798202 -0.395 -6.737 -7.867 -8.327 -5.143 -7.147 -8.315
thin2 1 thin_disk 8.76823025 0.25 0.025095 2.845597029 1.998 421.7476243 2784.838408 -0.514 -7.293 -8.248 -8.725 -4.206 -7.478 -8.669
thin2 1 thin_disk 8.76823025 0.25 0.025095 2.845601797 1.993 466.2862885 2716.439269 -0.603 -7.423 -8.387 -8.869 -4.271 -7.589 -8.802
thin2 1 thin_disk 8.76823025 0.25 0.025095 2.845607758 1.986 496.9957156 2663.176807 -0.659 -7.49 -8.458 -8.943 -4.296 -7.639 -8.866
thin2 1 thin_disk 8.76823025 0.25 0.025095 2.84561491 1.979 517.9080302 2619.389004 -0.697 -7.517 -8.488 -8.973 -4.294 -7.652 -8.889
thin2 1 thin_disk 8.76823025 0.25 0.025095 2.845623016 1.971 536.3553844 2576.914445 -0.729 -7.525 -8.497 -8.984 -4.292 -7.657 -8.899
thin2 1 thin_disk 8.76823025 0.25 0.025095 2.845623016 1.971 654.5647969 2480.847108 -0.902 -7.43 -8.389 -8.928 -4.292 -7.657 -8.899
thin2 1 thin_disk 8.76823025 0.25 0.025095 2.845623493 1.97 531.1933688 2580.477044 -0.72 -7.149 -8.11 -8.63 -5.526 -7.467 -8.621
thin2 1 thin_disk 8.76823025 0.25 0.025095 2.845624447 1.969 415.6737934 2702.091181 -0.508 -6.759 -7.822 -8.331 -5.174 -7.141 -8.317
thin2 1 thin_disk 8.76823025 0.25 0.025095 2.845625877 1.968 344.9472165 2797.048519 -0.346 -6.485 -7.563 -8.044 -4.951 -6.871 -8.029
thin2 1 thin_disk 8.76823025 0.25 0.025095 2.845628023 1.966 369.6176018 2755.497365 -0.407 -6.575 -7.651 -8.138 -5.019 -6.961 -8.124
thin2 1 thin_disk 8.76823025 0.25 0.025095 2.845630884 1.963 425.8460712 2674.237657 -0.53 -6.77 -7.835 -8.349 -5.16 -7.153 -8.336
thin2 1 thin_disk 8.76823025 0.25 0.025095 2.84563446 1.959 487.8121856 2595.374301 -0.649 -6.951 -7.997 -8.528 -5.301 -7.325 -8.517
thin2 1 thin_disk 8.76823025 0.25 0.025095 2.84563899 1.954 537.8394385 2535.12863 -0.735 -7.064 -8.112 -8.649 -5.4 -7.439 -8.637
thin2 1 thin_disk 8.76823025 0.25 0.025095 2.845644236 1.949 569.315024 2494.020391 -0.785 -7.119 -8.172 -8.712 -5.439 -7.497 -8.701
thin2 1 thin_disk 8.76823025 0.25 0.025095 2.845650434 1.942 587.8312158 2464.336446 -0.815 -7.138 -8.201 -8.744 -5.439 -7.521 -8.732
thin2 1 thin_disk 8.76823025 0.25 0.025095 2.845657826 1.935 602.0778427 2437.810818 -0.838 -7.145 -8.222 -8.768 -5.42 -7.535 -8.756
thin2 1 thin_disk 8.76823025 0.25 0.025095 2.845657826 1.935 745.8519763 2330.773115 -1.024 -6.896 -8.043 -8.852 -5.42 -7.535 -8.756
thin2 1 thin_disk 8.76823025 0.25 0.025095 2.845658302 1.934 596.0087626 2444.556053 -0.828 -7.062 -8.034 -8.617 -5.439 -7.383 -8.602
thin2 1 thin_disk 8.76823025 0.25 0.025095 2.845659256 1.932 456.8279263 2586.425658 -0.599 -6.751 -7.716 -8.27 -5.155 -7.068 -8.257
thin2 1 thin_disk 8.76823025 0.25 0.025095 2.845660687 1.928 371.9226648 2704.581045 -0.42 -6.547 -7.529 -8.016 -5.037 -6.878 -8.004
thin2 1 thin_disk 8.76823025 0.25 0.025095 2.845663071 1.923 395.1415006 2674.237657 -0.474 -6.634 -7.607 -8.104 -5.105 -6.96 -8.093
thin2 1 thin_disk 8.76823025 0.25 0.025095 2.845665932 1.917 451.182914 2605.55353 -0.591 -6.764 -7.731 -8.278 -5.169 -7.083 -8.265
thin2 1 thin_disk 8.76823025 0.25 0.025095 2.845669508 1.909 510.6844627 2543.899793 -0.7 -6.932 -7.897 -8.453 -5.325 -7.25 -8.44
thin2 1 thin_disk 8.76823025 0.25 0.025095 2.845674038 1.899 553.41719 2504.955413 -0.772 -7.045 -8.01 -8.569 -5.431 -7.363 -8.556
thin2 1 thin_disk 8.76823025 0.25 0.025095 2.84567976 1.887 575.1122852 2487.13867 -0.808 -7.106 -8.069 -8.627 -5.488 -7.424 -8.613
thin2 1 thin_disk 8.76823025 0.25 0.025095 2.845686197 1.873 584.3225474 2477.422058 -0.825 -7.138 -8.098 -8.65 -5.52 -7.455 -8.637
thin2 1 thin_disk 8.76823025 0.25 0.025095 2.845693588 1.857 591.9058671 2464.336446 -0.84 -7.16 -8.117 -8.661 -5.541 -7.476 -8.649
thin2 1 thin_disk 8.76823025 0.25 0.025095 2.845693588 1.857 736.2963454 2353.964993 -1.03 -6.474 -7.765 -8.738 -5.541 -7.476 -8.649
thin2 1 thin_disk 8.76823025 0.25 0.025095 2.845694065 1.855 589.3219875 2465.471576 -0.837 -6.605 -7.747 -8.548 -4.76 -6.984 -8.52
thin2 1 thin_disk 8.76823025 0.25 0.025095 2.845695019 1.852 454.6242995 2603.154831 -0.612 -6.669 -7.656 -8.253 -5.058 -6.991 -8.237
thin2 1 thin_disk 8.76823025 0.25 0.025095 2.845696449 1.848 371.9226648 2713.938488 -0.438 -6.545 -7.513 -8.004 -5.061 -6.867 -7.99
thin2 1 thin_disk 8.76823025 0.25 0.025095 2.845698595 1.841 398.9813953 2670.545612 -0.502 -6.614 -7.575 -8.09 -5.095 -6.93 -8.076
thin2 1 thin_disk 8.76823025 0.25 0.025095 2.845701695 1.832 461.6923141 2584.639636 -0.63 -6.684 -7.668 -8.26 -5.074 -7.005 -8.243
thin2 1 thin_disk 8.76823025 0.25 0.025095 2.845705271 1.821 530.0937025 2502.649326 -0.753 -6.588 -7.678 -8.407 -4.823 -6.949 -8.384
thin2 1 thin_disk 8.76823025 0.25 0.025095 2.845709801 1.807 584.0535188 2443.993238 -0.841 -6.668 -7.77 -8.52 -4.879 -7.033 -8.495
thin2 1 thin_disk 8.76823025 0.25 0.025095 2.845715284 1.79 616.1020372 2407.132519 -0.891 -6.696 -7.807 -8.571 -4.886 -7.064 -8.546
thin2 1 thin_disk 8.76823025 0.25 0.025095 2.845721722 1.771 633.5087896 2383.416821 -0.92 -6.719 -7.83 -8.593 -4.908 -7.087 -8.567
thin2 1 thin_disk 8.76823025 0.25 0.025095 2.845729113 1.749 645.5838312 2363.741608 -0.942 -6.743 -7.849 -8.604 -4.939 -7.11 -8.578
thin2 1 thin_disk 8.76823025 0.25 0.025095 2.845729113 1.748 816.6813628 2240.268127 -1.146 -5.905 -7.384 -8.56 -4.939 -7.11 -8.578
thin2 1 thin_disk 8.76823025 0.25 0.025095 2.845729589 1.746 644.5441111 2364.285942 -0.941 -6.376 -7.593 -8.5 -4.425 -6.782 -8.466
thin2 1 thin_disk 8.76823025 0.25 0.025095 2.845730543 1.743 489.0493036 2517.097278 -0.702 -6.313 -7.433 -8.213 -4.518 -6.684 -8.186
thin2 1 thin_disk 8.76823025 0.25 0.025095 2.845731974 1.738 394.7777294 2641.80039 -0.517 -6.489 -7.447 -7.996 -4.958 -6.802 -7.98
thin2 1 thin_disk 8.76823025 0.25 0.025095 2.845733881 1.73 424.8666524 2595.374301 -0.584 -6.224 -7.314 -8.048 -4.482 -6.583 -8.024
thin2 1 thin_disk 8.76823025 0.25 0.025095 2.845736504 1.72 493.8017729 2504.955413 -0.717 -6.334 -7.449 -8.221 -4.546 -6.703 -8.195
thin2 1 thin_disk 8.76823025 0.25 0.025095 2.84574008 1.707 569.4461287 2421.586573 -0.843 -6.399 -7.549 -8.372 -4.549 -6.781 -8.343
thin2 1 thin_disk 8.76823025 0.25 0.025095 2.845744133 1.691 626.9784947 2364.285942 -0.931 -6.412 -7.597 -8.463 -4.507 -6.807 -8.431
thin2 1 thin_disk 8.76823025 0.25 0.025095 2.845749378 1.673 659.8612795 2331.309857 -0.98 -6.409 -7.615 -8.504 -4.473 -6.812 -8.47
thin2 1 thin_disk 8.76823025 0.25 0.025095 2.845755339 1.651 676.9438466 2311.00029 -1.008 -6.408 -7.621 -8.518 -4.459 -6.813 -8.485
thin2 1 thin_disk 8.76823025 0.25 0.025095 2.845762253 1.626 688.5772103 2294.034791 -1.029 -6.405 -7.623 -8.523 -4.45 -6.812 -8.489
thin2 1 thin_disk 8.76823025 0.25 0.025095 2.845762253 1.625 875.694546 2169.701554 -1.239 -5.062 -6.814 -8.25 -4.45 -6.812 -8.489
thin2 1 thin_disk 8.76823025 0.25 0.025095 2.84576273 1.623 690.3234792 2292.450675 -1.032 -6.049 -7.378 -8.409 -3.941 -6.496 -8.369
thin2 1 thin_disk 8.76823025 0.25 0.025095 2.845763445 1.619 522.0987397 2444.556053 -0.792 -6.187 -7.352 -8.198 -4.328 -6.574 -8.167
thin2 1 thin_disk 8.76823025 0.25 0.025095 2.845764875 1.612 419.7132163 2570.987706 -0.603 -6.062 -7.177 -7.953 -4.286 -6.43 -7.927
thin2 1 thin_disk 8.76823025 0.25 0.025095 2.845766783 1.602 452.222998 2525.806055 -0.67 -6.122 -7.248 -8.039 -4.327 -6.495 -8.012
thin2 1 thin_disk 8.76823025 0.25 0.025095 2.845769405 1.589 524.9919508 2437.810818 -0.804 -6.208 -7.367 -8.205 -4.356 -6.593 -8.175
thin2 1 thin_disk 8.76823025 0.25 0.025095 2.845772743 1.572 604.3000704 2356.134074 -0.931 -6.235 -7.442 -8.343 -4.303 -6.637 -8.309
thin2 1 thin_disk 8.76823025 0.25 0.025095 2.845776796 1.551 664.7412736 2301.441817 -1.019 -6.173 -7.44 -8.406 -4.153 -6.597 -8.368
thin2 1 thin_disk 8.76823025 0.25 0.025095 2.845781803 1.527 697.9955356 2271.956438 -1.069 -6.068 -7.389 -8.409 -3.966 -6.512 -8.369
thin2 1 thin_disk 8.76823025 0.25 0.025095 2.845787525 1.498 713.1036261 2256.835995 -1.095 -5.991 -7.345 -8.398 -3.841 -6.447 -8.357
thin2 1 thin_disk 8.76823025 0.25 0.025095 2.845794201 1.466 721.0288544 2246.984104 -1.114 -5.905 -7.29 -8.375 -3.709 -6.372 -8.333
thin2 1 thin_disk 8.76823025 0.25 0.025095 2.845794201 1.466 929.7210089 2113.002447 -1.335 -4.187 -6.225 -7.921 -3.709 -6.372 -8.333
thin2 1 thin_disk 8.76823025 0.25 0.025095 2.845794678 1.464 726.1939808 2242.848816 -1.121 -5.758 -7.193 -8.331 -3.493 -6.244 -8.287
thin2 1 thin_disk 8.76823025 0.25 0.025095 2.845795393 1.46 543.8168311 2404.916489 -0.872 -6.131 -7.321 -8.205 -4.229 -6.527 -8.171
thin2 1 thin_disk 8.76823025 0.25 0.025095 2.845796824 1.453 433.3638141 2540.387692 -0.676 -6.041 -7.169 -7.968 -4.241 -6.414 -7.94
thin2 1 thin_disk 8.76823025 0.25 0.025095 2.845798492 1.443 467.2535879 2493.446188 -0.745 -6.078 -7.224 -8.048 -4.249 -6.458 -8.018
thin2 1 thin_disk 8.76823025 0.25 0.025095 2.845801115 1.429 544.694067 2401.596268 -0.882 -6.113 -7.308 -8.198 -4.204 -6.511 -8.165
thin2 1 thin_disk 8.76823025 0.25 0.025095 2.845804215 1.413 627.4117457 2318.996003 -1.01 -5.996 -7.288 -8.283 -3.943 -6.429 -8.244
thin2 1 thin_disk 8.76823025 0.25 0.025095 2.845808029 1.392 689.3704206 2265.165821 -1.098 -5.757 -7.167 -8.281 -3.529 -6.233 -8.237
thin2 1 thin_disk 8.76823025 0.25 0.025095 2.845812797 1.368 722.524611 2238.205713 -1.146 -5.576 -7.065 -8.26 -3.232 -6.081 -8.213
thin2 1 thin_disk 8.76823025 0.25 0.025095 2.845818281 1.34 735.2798167 2226.38363 -1.171 -5.388 -6.944 -8.204 -2.942 -5.918 -8.154
thin2 1 thin_disk 8.76823025 0.25 0.025095 2.845824718 1.309 741.058759 2220.240395 -1.188 -5.159 -6.79 -8.119 -2.599 -5.716 -8.067
thin2 1 thin_disk 8.76823025 0.25 0.025095 2.845824718 1.308 961.2860608 2084.010967 -1.414 -2.16 -4.834 -7.071 -2.599 -5.716 -8.067
thin2 1 thin_disk 8.76823025 0.25 0.025095 2.845825195 1.306 750.6761965 2213.604352 -1.199 -5.03 -6.706 -8.077 -2.4 -5.603 -8.024
thin2 1 thin_disk 8.76823025 0.25 0.025095 2.845825911 1.3 561.7623706 2375.745963 -0.95 -5.928 -7.192 -8.162 -3.92 -6.351 -8.125
thin2 1 thin_disk 8.76823025 0.25 0.025095 2.845827103 1.291 445.7102738 2513.622181 -0.752 -5.946 -7.111 -7.962 -4.093 -6.333 -7.931
thin2 1 thin_disk 8.76823025 0.25 0.025095 2.84582901 1.278 480.3443037 2467.743405 -0.821 -5.96 -7.15 -8.036 -4.066 -6.356 -8.002
thin2 1 thin_disk 8.76823025 0.25 0.025095 2.845831156 1.261 558.5378962 2378.482717 -0.958 -5.868 -7.15 -8.139 -3.833 -6.297 -8.101
thin2 1 thin_disk 8.76823025 0.25 0.025095 2.845834255 1.239 641.5827 2299.852587 -1.086 -5.534 -6.986 -8.146 -3.249 -6.026 -8.1
thin2 1 thin_disk 8.76823025 0.25 0.025095 2.84583807 1.213 700.8944884 2251.645417 -1.172 -4.998 -6.659 -8.018 -2.392 -5.566 -7.965
thin2 1 thin_disk 8.76823025 0.25 0.025095 2.845842361 1.183 729.0421614 2232.029859 -1.217 -4.527 -6.356 -7.869 -1.663 -5.157 -7.811
thin2 1 thin_disk 8.76823025 0.25 0.025095 2.845847607 1.148 735.9573464 2230.488559 -1.238 -4.204 -6.142 -7.756 -1.172 -4.874 -7.695
thin2 1 thin_disk 8.76823025 0.25 0.025095 2.845853805 1.109 731.3961078 2238.721139 -1.249 -3.809 -5.873 -7.598 -0.578 -4.525 -7.534
thin2 1 thin_disk 8.76823025 0.25 0.025095 2.845853805 1.108 957.9716235 2093.630324 -1.483 1.949 -2.063 -5.317 -0.578 -4.525 -7.534
thin2 1 thin_disk 8.76823025 0.25 0.025095 2.845854282 1.106 746.0237349 2226.896332 -1.267 -3.51 -5.674 -7.484 -0.12 -4.263 -7.418
thin2 1 thin_disk 8.76823025 0.25 0.025095 2.845854998 1.101 556.8684906 2394.418173 -1.014 -5.471 -6.896 -8.032 -3.225 -5.952 -7.987
thin2 1 thin_disk 8.76823025 0.25 0.025095 2.845855951 1.093 438.6848586 2540.972706 -0.811 -5.811 -7.027 -7.946 -3.88 -6.216 -7.911
thin2 1 thin_disk 8.76823025 0.25 0.025095 2.84585762 1.081 473.2086175 2493.446188 -0.881 -5.739 -7.009 -7.988 -3.724 -6.164 -7.95
thin2 1 thin_disk 8.76823025 0.25 0.025095 2.845860004 1.066 550.74764 2399.385334 -1.019 -5.42 -6.857 -8.006 -3.156 -5.906 -7.961
thin2 1 thin_disk 8.76823025 0.25 0.025095 2.845862627 1.047 633.2171152 2316.327696 -1.148 -4.666 -6.401 -7.829 -1.947 -5.261 -7.774
thin2 1 thin_disk 8.76823025 0.25 0.025095 2.845866203 1.023 690.0056467 2266.731083 -1.233 -3.816 -5.855 -7.558 -0.625 -4.523 -7.495
thin2 1 thin_disk 8.76823025 0.25 0.025095 2.845870495 0.996 712.7753054 2252.163937 -1.272 -2.941 -5.268 -7.214 0.708 -3.753 -7.146
thin2 1 thin_disk 8.76823025 0.25 0.025095 2.845875263 0.965 708.1946553 2264.644308 -1.281 -2.431 -4.922 -7.007 1.476 -3.304 -6.935
thin2 1 thin_disk 8.76823025 0.25 0.025095 2.845880985 0.93 687.9432992 2297.735319 -1.271 -2.055 -4.663 -6.847 2.041 -2.97 -6.773
thin2 1 thin_disk 8.76823025 0.25 0.025095 2.845880985 0.93 935.0883469 2110.571163 -1.538 6.829 1.211 -3.124 2.041 -2.97 -6.773
thin2 1 thin_disk 8.76823025 0.25 0.025095 2.845881462 0.928 708.5208661 2277.193838 -1.298 -1.627 -4.378 -6.683 2.695 -2.595 -6.606
thin2 1 thin_disk 8.76823025 0.25 0.025095 2.845881939 0.925 514.5796946 2483.704934 -1.021 -4.912 -6.519 -7.831 -2.39 -5.46 -7.779
thin2 1 thin_disk 8.76823025 0.25 0.025095 2.845883131 0.92 399.0732748 2656.439932 -0.803 -5.663 -6.945 -7.905 -3.681 -6.095 -7.866
thin2 1 thin_disk 8.76823025 0.25 0.025095 2.845884562 0.914 439.4936907 2579.882936 -0.89 -5.428 -6.801 -7.885 -3.26 -5.891 -7.842
thin2 1 thin_disk 8.76823025 0.25 0.025095 2.845886707 0.905 524.2671484 2450.755579 -1.048 -4.852 -6.473 -7.798 -2.308 -5.405 -7.746
thin2 1 thin_disk 8.76823025 0.25 0.025095 2.84588933 0.893 614.6850419 2341.531475 -1.191 -3.711 -5.749 -7.45 -0.524 -4.418 -7.387
thin2 1 thin_disk 8.76823025 0.25 0.025095 2.845892668 0.879 678.8168981 2276.145393 -1.284 -2.191 -4.735 -6.865 1.803 -3.083 -6.792
thin2 1 thin_disk 8.76823025 0.25 0.025095 2.845896483 0.863 707.3797852 2251.645417 -1.328 -1.244 -4.101 -6.49 3.247 -2.251 -6.411
thin2 1 thin_disk 8.76823025 0.25 0.025095 2.845901251 0.844 707.8685947 2257.355711 -1.338 -0.573 -3.649 -6.208 4.272 -1.66 -6.127
thin2 1 thin_disk 8.76823025 0.25 0.025095 2.845906496 0.823 688.8943848 2288.231712 -1.326 -0.161 -3.37 -6.031 4.897 -1.296 -5.948
thin2 1 thin_disk 8.76823025 0.25 0.025095 2.845906496 0.822 903.7590201 2141.903991 -1.562 10.525 3.733 -1.382 4.897 -1.296 -5.948
thin2 1 thin_disk 8.76823025 0.25 0.025095 2.845906973 0.821 708.6840278 2273.002953 -1.351 0.626 -2.846 -5.711 6.108 -0.606 -5.625
thin2 1 thin_disk 8.76823025 0.25 0.025095 2.84590745 0.818 533.2767442 2435.566545 -1.106 -4.185 -6.026 -7.551 -1.304 -4.819 -7.493
thin2 1 thin_disk 8.76823025 0.25 0.025095 2.845908642 0.813 422.4279492 2577.50787 -0.906 -5.324 -6.702 -7.791 -3.149 -5.788 -7.748
thin2 1 thin_disk 8.76823025 0.25 0.025095 2.845910072 0.806 451.7026567 2537.464646 -0.968 -5.122 -6.598 -7.785 -2.802 -5.622 -7.738
thin2 1 thin_disk 8.76823025 0.25 0.025095 2.845912218 0.798 515.7659233 2463.769077 -1.088 -4.195 -6.024 -7.54 -1.33 -4.825 -7.482
thin2 1 thin_disk 8.76823025 0.25 0.025095 2.845914841 0.786 574.0538644 2413.237137 -1.186 -2.541 -4.94 -6.947 1.221 -3.38 -6.877
thin2 1 thin_disk 8.76823025 0.25 0.025095 2.845918179 0.773 599.8637869 2408.795882 -1.233 -0.979 -3.9 -6.338 3.616 -2.008 -6.258
thin2 1 thin_disk 8.76823025 0.25 0.025095 2.845921993 0.757 587.6958783 2454.708916 -1.224 0.076 -3.196 -5.906 5.236 -1.082 -5.822
thin2 1 thin_disk 8.76823025 0.25 0.025095 2.845926762 0.738 545.8240214 2551.526011 -1.17 0.39 -2.986 -5.775 5.716 -0.806 -5.69
thin2 1 thin_disk 8.76823025 0.25 0.025095 2.845932007 0.717 483.7852742 2707.073204 -1.078 -0.412 -3.562 -6.149 4.466 -1.532 -6.064
thin2 1 thin_disk 8.76823025 0.25 0.025095 2.845938206 0.689 2.56184379e-06 11410.37716 1.467 30.383 30.425 30.444 30.308 30.4 30.443
