# component component_index family logAge MH Zini Mini Mass radius_rsun Teff_K logg Vmag Imag Jmag_2mass Hmag_2mass Ksmag_2mass
thin2 1 thin_disk 8.76823025 -0.25 0.0084736 0.0900000036 0.09 0.1253004541 2483.704934 5.194 17.629 13.16 10.774 10.234 9.994
thin2 1 thin_disk 8.76823025 -0.25 0.0084736 0.092935212 0.093 0.1274537579 2519.996862 5.193 17.529 13.061 10.675 10.135 9.894
thin2 1 thin_disk 8.76823025 -0.25 0.0084736 0.1000000015 0.1 0.1341073698 2618.785937 5.18 17.189 12.764 10.402 9.861 9.618
thin2 1 thin_disk 8.76823025 -0.25 0.0084736 0.1200000048 0.12 0.1524588519 2798.98132 5.148 15.718 11.893 9.909 9.351 9.098
thin2 1 thin_disk 8.76823025 -0.25 0.0084736 0.1400000006 0.14 0.1721284448 2923.479144 5.109 14.708 11.278 9.508 8.942 8.688
thin2 1 thin_disk 8.76823025 -0.25 0.0084736 0.1599999964 0.16 0.1905252959 3013.699874 5.08 14 10.831 9.192 8.622 8.37
thin2 1 thin_disk 8.76823025 -0.25 0.0084736 0.1836439818 0.184 0.2068962622 3091.718894 5.068 13.424 10.47 8.934 8.361 8.113
thin2 1 thin_disk 8.76823025 -0.25 0.0084736 0.200000003 0.2 0.220167213 3141.955285 5.051 13.068 10.23 8.747 8.172 7.927
thin2 1 thin_disk 8.76823025 -0.25 0.0084736 0.2471173406 0.247 0.2558896056 3245.637406 5.013 12.32 9.701 8.317 7.739 7.501
thin2 1 thin_disk 8.76823025 -0.25 0.0084736 0.25 0.25 0.2579007736 3251.621601 5.011 12.28 9.673 8.294 7.715 7.477
thin2 1 thin_disk 8.76823025 -0.25 0.0084736 0.3040840924 0.304 0.2967923106 3338.873767 4.973 11.665 9.212 7.903 7.319 7.087
thin2 1 thin_disk 8.76823025 -0.25 0.0084736 0.311013639 0.311 0.3032861966 3348.883194 4.964 11.586 9.148 7.846 7.262 7.03
thin2 1 thin_disk 8.76823025 -0.25 0.0084736 0.3500000536 0.35 0.3327764963 3411.929116 4.935 11.187 8.843 7.585 6.996 6.769
thin2 1 thin_disk 8.76823025 -0.25 0.0084736 0.4000000358 0.4 0.3771834641 3501.869841 4.884 10.656 8.433 7.23 6.634 6.411
thin2 1 thin_disk 8.76823025 -0.25 0.0084736 0.4500000179 0.45 0.4272210517 3609.940136 4.828 10.098 8.008 6.865 6.259 6.042
thin2 1 thin_disk 8.76823025 -0.25 0.0084736 0.5 0.5 0.4783575632 3751.457235 4.774 9.5 7.57 6.499 5.88 5.672
thin2 1 thin_disk 8.76823025 -0.25 0.0084736 0.5500000119 0.55 0.5262021822 3944.573021 4.733 8.872 7.126 6.133 5.496 5.311
thin2 1 thin_disk 8.76823025 -0.25 0.0084736 0.6000000238 0.6 0.5699708496 4177.341687 4.702 8.257 6.693 5.772 5.117 4.971
thin2 1 thin_disk 8.76823025 -0.25 0.0084736 0.6341283321 0.634 0.5958715423 4360.13564 4.687 7.828 6.404 5.534 4.89 4.77
thin2 1 thin_disk 8.76823025 -0.25 0.0084736 0.6499999762 0.65 0.6061116685 4449.38514 4.683 7.628 6.274 5.432 4.802 4.692
thin2 1 thin_disk 8.76823025 -0.25 0.0084736 0.7000001073 0.7 0.636726089 4743.511961 4.672 7.031 5.877 5.13 4.576 4.487
thin2 1 thin_disk 8.76823025 -0.25 0.0084736 0.7391360998 0.739 0.6618394415 4962.494061 4.662 6.631 5.594 4.914 4.421 4.343
thin2 1 thin_disk 8.76823025 -0.25 0.0084736 0.75 0.75 0.6690408643 5024.582715 4.66 6.527 5.52 4.858 4.381 4.305
thin2 1 thin_disk 8.76823025 -0.25 0.0084736 0.7983130813 0.798 0.7062405421 5261.384003 4.639 6.119 5.211 4.614 4.193 4.127
thin2 1 thin_disk 8.76823025 -0.25 0.0084736 0.8466261625 0.846 0.7472271526 5484.032249 4.616 5.756 4.926 4.383 4.011 3.951
thin2 1 thin_disk 8.76823025 -0.25 0.0084736 0.8949391842 0.894 0.7933277482 5689.839292 4.588 5.426 4.663 4.165 3.829 3.778
thin2 1 thin_disk 8.76823025 -0.25 0.0084736 0.9432522058 0.943 0.8424665084 5878.95316 4.558 5.127 4.419 3.958 3.653 3.609
thin2 1 thin_disk 8.76823025 -0.25 0.0084736 0.9915652275 0.991 0.8971243505 6052.015059 4.526 4.847 4.189 3.76 3.483 3.444
thin2 1 thin_disk 8.76823025 -0.25 0.0084736 1.022218227 1.022 0.9353036837 6153.185387 4.503 4.679 4.047 3.636 3.374 3.338
thin2 1 thin_disk 8.76823025 -0.25 0.0084736 1.039878368 1.039 0.9566490506 6211.550208 4.49 4.584 3.968 3.566 3.311 3.277
thin2 1 thin_disk 8.76823025 -0.25 0.0084736 1.065666556 1.065 0.9909520601 6292.163513 4.471 4.449 3.853 3.463 3.22 3.188
thin2 1 thin_disk 8.76823025 -0.25 0.0084736 1.088191509 1.087 1.019653572 6362.092806 4.454 4.334 3.755 3.377 3.142 3.112
thin2 1 thin_disk 8.76823025 -0.25 0.0084736 1.136504412 1.136 1.086057064 6507.287578 4.419 4.094 3.551 3.194 2.979 2.952
thin2 1 thin_disk 8.76823025 -0.25 0.0084736 1.161225676 1.16 1.119058125 6582.638416 4.402 3.976 3.45 3.105 2.899 2.874
thin2 1 thin_disk 8.76823025 -0.25 0.0084736 1.184817553 1.184 1.150674913 6654.263586 4.387 3.865 3.356 3.021 2.825 2.8
thin2 1 thin_disk 8.76823025 -0.25 0.0084736 1.218607545 1.218 1.193583056 6759.273195 4.367 3.711 3.226 2.908 2.725 2.702
thin2 1 thin_disk 8.76823025 -0.25 0.0084736 1.233130455 1.233 1.212697954 6802.992623 4.358 3.647 3.172 2.86 2.684 2.66
thin2 1 thin_disk 8.76823025 -0.25 0.0084736 1.281443477 1.281 1.269558288 6966.265141 4.336 3.439 3.002 2.713 2.557 2.535
thin2 1 thin_disk 8.76823025 -0.25 0.0084736 1.329756737 1.33 1.316899537 7149.900532 4.32 3.241 2.845 2.581 2.448 2.427
thin2 1 thin_disk 8.76823025 -0.25 0.0084736 1.348285437 1.348 1.328472733 7234.358059 4.318 3.167 2.79 2.537 2.414 2.394
thin2 1 thin_disk 8.76823025 -0.25 0.0084736 1.378069639 1.378 1.347884393 7370.551753 4.315 3.051 2.704 2.468 2.361 2.341
thin2 1 thin_disk 8.76823025 -0.25 0.0084736 1.424785018 1.425 1.370101194 7606.765008 4.316 2.876 2.582 2.374 2.292 2.273
thin2 1 thin_disk 8.76823025 -0.25 0.0084736 1.42638278 1.426 1.370732294 7613.774325 4.316 2.87 2.577 2.371 2.29 2.271
thin2 1 thin_disk 8.76823025 -0.25 0.0084736 1.474695921 1.475 1.391081724 7859.591965 4.317 2.698 2.459 2.279 2.223 2.204
thin2 1 thin_disk 8.76823025 -0.25 0.0084736 1.490215063 1.49 1.397824489 7935.969682 4.317 2.645 2.421 2.25 2.2 2.182
thin2 1 thin_disk 8.76823025 -0.25 0.0084736 1.523008823 1.523 1.416291487 8090.958992 4.316 2.537 2.345 2.189 2.152 2.134
thin2 1 thin_disk 8.76823025 -0.25 0.0084736 1.557923913 1.558 1.438641701 8243.279017 4.312 2.429 2.266 2.125 2.099 2.082
thin2 1 thin_disk 8.76823025 -0.25 0.0084736 1.571321964 1.571 1.447613568 8298.507675 4.31 2.388 2.235 2.1 2.078 2.061
thin2 1 thin_disk 8.76823025 -0.25 0.0084736 1.595541239 1.595 1.466063039 8394.599865 4.306 2.318 2.182 2.055 2.04 2.022
thin2 1 thin_disk 8.76823025 -0.25 0.0084736 1.619634867 1.619 1.485089559 8485.940845 4.301 2.249 2.129 2.009 2 1.983
thin2 1 thin_disk 8.76823025 -0.25 0.0084736 1.667948127 1.667 1.528454957 8653.66343 4.289 2.117 2.023 1.917 1.916 1.9
thin2 1 thin_disk 8.76823025 -0.25 0.0084736 1.69074142 1.69 1.549361089 8729.713684 4.283 2.057 1.974 1.873 1.877 1.86
thin2 1 thin_disk 8.76823025 -0.25 0.0084736 1.716261029 1.715 1.575624208 8812.517654 4.275 1.992 1.919 1.824 1.831 1.815
thin2 1 thin_disk 8.76823025 -0.25 0.0084736 1.761818647 1.76 1.623875183 8949.525298 4.26 1.877 1.821 1.736 1.748 1.734
thin2 1 thin_disk 8.76823025 -0.25 0.0084736 1.76457417 1.763 1.626494671 8957.771912 4.259 1.87 1.815 1.731 1.743 1.729
thin2 1 thin_disk 8.76823025 -0.25 0.0084736 1.812887192 1.812 1.682878046 9094.943386 4.241 1.751 1.71 1.635 1.653 1.639
thin2 1 thin_disk 8.76823025 -0.25 0.0084736 1.832485437 1.831 1.705503617 9149.555587 4.234 1.704 1.668 1.597 1.616 1.603
thin2 1 thin_disk 8.76823025 -0.25 0.0084736 1.863396049 1.862 1.746838056 9229.963848 4.221 1.63 1.602 1.535 1.557 1.545
thin2 1 thin_disk 8.76823025 -0.25 0.0084736 1.880882382 1.88 1.771138994 9272.567426 4.213 1.588 1.563 1.499 1.522 1.51
thin2 1 thin_disk 8.76823025 -0.25 0.0084736 1.913904667 1.913 1.818664732 9347.597419 4.197 1.506 1.489 1.429 1.454 1.443
thin2 1 thin_disk 8.76823025 -0.25 0.0084736 1.964413404 1.964 1.902184528 9444.957325 4.17 1.382 1.372 1.318 1.345 1.335
thin2 1 thin_disk 8.76823025 -0.25 0.0084736 1.97614944 1.976 1.924210787 9466.7302 4.163 1.353 1.344 1.291 1.32 1.31
thin2 1 thin_disk 8.76823025 -0.25 0.0084736 2.014922142 2.015 1.995044765 9530.155787 4.139 1.255 1.251 1.202 1.232 1.223
thin2 1 thin_disk 8.76823025 -0.25 0.0084736 2.025122881 2.025 2.016288369 9545.528969 4.133 1.229 1.227 1.179 1.208 1.2
thin2 1 thin_disk 8.76823025 -0.25 0.0084736 2.065430641 2.065 2.101612509 9589.589129 4.104 1.126 1.127 1.081 1.112 1.103
thin2 1 thin_disk 8.76823025 -0.25 0.0084736 2.099357128 2.098 2.184502997 9613.908845 4.078 1.036 1.039 0.994 1.025 1.017
thin2 1 thin_disk 8.76823025 -0.25 0.0084736 2.115939379 2.115 2.230758954 9618.337233 4.064 0.991 0.993 0.949 0.98 0.972
thin2 1 thin_disk 8.76823025 -0.25 0.0084736 2.124927998 2.124 2.255550966 9620.552192 4.056 0.966 0.969 0.925 0.956 0.949
thin2 1 thin_disk 8.76823025 -0.25 0.0084736 2.166448355 2.165 2.383156949 9616.122784 4.017 0.848 0.851 0.807 0.838 0.83
thin2 1 thin_disk 8.76823025 -0.25 0.0084736 2.169421673 2.168 2.391402312 9616.122784 4.014 0.84 0.843 0.798 0.829 0.822
thin2 1 thin_disk 8.76823025 -0.25 0.0084736 2.207433462 2.206 2.531352607 9580.760857 3.972 0.727 0.728 0.681 0.712 0.704
thin2 1 thin_disk 8.76823025 -0.25 0.0084736 2.216956854 2.215 2.57189151 9565.330934 3.961 0.697 0.697 0.65 0.68 0.672
thin2 1 thin_disk 8.76823025 -0.25 0.0084736 2.250648737 2.249 2.729308607 9490.738339 3.915 0.587 0.584 0.532 0.56 0.551
thin2 1 thin_disk 8.76823025 -0.25 0.0084736 2.267465591 2.266 2.818724594 9436.262203 3.89 0.53 0.523 0.468 0.495 0.486
thin2 1 thin_disk 8.76823025 -0.25 0.0084736 2.288480997 2.287 2.939359086 9369.145857 3.858 0.459 0.447 0.388 0.414 0.404
thin2 1 thin_disk 8.76823025 -0.25 0.0084736 2.317974329 2.316 3.140166274 9238.468875 3.807 0.353 0.333 0.266 0.288 0.277
thin2 1 thin_disk 8.76823025 -0.25 0.0084736 2.318057775 2.317 3.140166274 9238.468875 3.807 0.353 0.333 0.266 0.288 0.277
thin2 1 thin_disk 8.76823025 -0.25 0.0084736 2.341556788 2.34 3.335436253 9099.132726 3.759 0.263 0.233 0.157 0.175 0.162
thin2 1 thin_disk 8.76823025 -0.25 0.0084736 2.362411022 2.361 3.533073276 8953.647655 3.712 0.182 0.139 0.053 0.067 0.053
thin2 1 thin_disk 8.76823025 -0.25 0.0084736 2.368483067 2.367 3.599586753 8906.354964 3.697 0.157 0.111 0.022 0.034 0.019
thin2 1 thin_disk 8.76823025 -0.25 0.0084736 2.384305477 2.383 3.771834641 8786.178052 3.659 0.096 0.038 -0.06 -0.052 -0.068
thin2 1 thin_disk 8.76823025 -0.25 0.0084736 2.403375626 2.402 4.019320562 8619.855787 3.608 0.019 -0.057 -0.167 -0.166 -0.183
thin2 1 thin_disk 8.76823025 -0.25 0.0084736 2.418991804 2.417 4.224279492 8505.502959 3.567 -0.047 -0.136 -0.255 -0.259 -0.277
thin2 1 thin_disk 8.76823025 -0.25 0.0084736 2.422495127 2.421 4.269260398 8480.080989 3.558 -0.061 -0.153 -0.275 -0.28 -0.299
thin2 1 thin_disk 8.76823025 -0.25 0.0084736 2.431625843 2.43 4.390890885 8429.464772 3.536 -0.099 -0.198 -0.324 -0.331 -0.35
thin2 1 thin_disk 8.76823025 -0.25 0.0084736 2.438828707 2.437 4.364682375 8552.636219 3.542 -0.136 -0.219 -0.334 -0.336 -0.354
thin2 1 thin_disk 8.76823025 -0.25 0.0084736 2.442539692 2.441 4.267294784 8739.769926 3.562 -0.157 -0.218 -0.319 -0.313 -0.329
thin2 1 thin_disk 8.76823025 -0.25 0.0084736 2.444055319 2.443 4.156737934 8937.169609 3.586 -0.165 -0.207 -0.294 -0.281 -0.295
thin2 1 thin_disk 8.76823025 -0.25 0.0084736 2.44483614 2.443 4.049977821 9132.716997 3.608 -0.17 -0.195 -0.269 -0.25 -0.262
thin2 1 thin_disk 8.76823025 -0.25 0.0084736 2.445302486 2.444 3.951415006 9336.841793 3.63 -0.175 -0.186 -0.247 -0.223 -0.233
thin2 1 thin_disk 8.76823025 -0.25 0.0084736 2.44558382 2.444 3.873045908 9534.545597 3.648 -0.183 -0.183 -0.232 -0.204 -0.21
thin2 1 thin_disk 8.76823025 -0.25 0.0084736 2.445781231 2.444 3.802354854 9722.993603 3.663 -0.193 -0.183 -0.221 -0.189 -0.194
thin2 1 thin_disk 8.76823025 -0.25 0.0084736 2.445897818 2.444 3.764893061 9822.001588 3.672 -0.194 -0.179 -0.212 -0.178 -0.181
thin2 1 thin_disk 8.76823025 -0.25 0.0084736 2.445946217 2.444 3.75969526 9749.896377 3.673 -0.173 -0.162 -0.198 -0.166 -0.17
thin2 1 thin_disk 8.76823025 -0.25 0.0084736 2.446038723 2.445 3.778789021 9558.725719 3.669 -0.137 -0.135 -0.182 -0.153 -0.16
thin2 1 thin_disk 8.76823025 -0.25 0.0084736 2.44610858 2.445 3.865918061 9358.365436 3.649 -0.133 -0.143 -0.202 -0.178 -0.187
thin2 1 thin_disk 8.76823025 -0.25 0.0084736 2.446199656 2.445 4.059313984 9111.71233 3.607 -0.168 -0.195 -0.27 -0.252 -0.264
thin2 1 thin_disk 8.76823025 -0.25 0.0084736 2.446305513 2.445 4.324666726 8873.603108 3.551 -0.232 -0.279 -0.37 -0.36 -0.374
thin2 1 thin_disk 8.76823025 -0.25 0.0084736 2.446429968 2.445 4.625435666 8639.726607 3.493 -0.296 -0.367 -0.476 -0.473 -0.491
thin2 1 thin_disk 8.76823025 -0.25 0.0084736 2.446568727 2.445 4.928929937 8408.141272 3.438 -0.344 -0.443 -0.571 -0.579 -0.598
thin2 1 thin_disk 8.76823025 -0.25 0.0084736 2.446719885 2.445 5.231818206 8184.647881 3.387 -0.376 -0.507 -0.655 -0.676 -0.697
thin2 1 thin_disk 8.76823025 -0.25 0.0084736 2.446881771 2.445 5.5341719 7967.095078 3.338 -0.395 -0.563 -0.732 -0.767 -0.79
thin2 1 thin_disk 8.76823025 -0.25 0.0084736 2.447051525 2.446 5.836502083 7753.539434 3.291 -0.403 -0.612 -0.803 -0.854 -0.878
thin2 1 thin_disk 8.76823025 -0.25 0.0084736 2.447226048 2.446 6.151097979 7543.970822 3.245 -0.401 -0.655 -0.869 -0.938 -0.964
thin2 1 thin_disk 8.76823025 -0.25 0.0084736 2.447402 2.446 6.475191916 7340.066592 3.201 -0.392 -0.691 -0.93 -1.019 -1.046
thin2 1 thin_disk 8.76823025 -0.25 0.0084736 2.447576523 2.446 6.80851886 7141.673641 3.158 -0.376 -0.723 -0.986 -1.097 -1.125
thin2 1 thin_disk 8.76823025 -0.25 0.0084736 2.447746992 2.446 7.15076729 6948.643007 3.115 -0.355 -0.748 -1.038 -1.172 -1.202
thin2 1 thin_disk 8.76823025 -0.25 0.0084736 2.447911739 2.446 7.492946726 6760.829754 3.074 -0.329 -0.77 -1.086 -1.245 -1.276
thin2 1 thin_disk 8.76823025 -0.25 0.0084736 2.448069811 2.447 7.844272008 6581.122882 3.034 -0.299 -0.785 -1.129 -1.313 -1.346
thin2 1 thin_disk 8.76823025 -0.25 0.0084736 2.448221207 2.447 8.187525108 6412.095766 2.997 -0.267 -0.797 -1.167 -1.374 -1.41
thin2 1 thin_disk 8.76823025 -0.25 0.0084736 2.448367357 2.447 8.510452358 6260.369977 2.964 -0.231 -0.803 -1.198 -1.427 -1.465
thin2 1 thin_disk 8.76823025 -0.25 0.0084736 2.448518991 2.447 8.795340249 6119.275411 2.935 -0.19 -0.801 -1.22 -1.471 -1.513
thin2 1 thin_disk 8.76823025 -0.25 0.0084736 2.448687553 2.447 9.037590201 5988.25106 2.912 -0.139 -0.787 -1.232 -1.506 -1.55
thin2 1 thin_disk 8.76823025 -0.25 0.0084736 2.448900223 2.447 9.241716562 5850.59452 2.892 -0.066 -0.756 -1.228 -1.528 -1.576
thin2 1 thin_disk 8.76823025 -0.25 0.0084736 2.44909358 2.448 9.33367436 5745.131848 2.884 0.008 -0.712 -1.206 -1.526 -1.577
thin2 1 thin_disk 8.76823025 -0.25 0.0084736 2.449299574 2.448 9.361655271 5641.570244 2.882 0.101 -0.651 -1.167 -1.508 -1.562
thin2 1 thin_disk 8.76823025 -0.25 0.0084736 2.449487925 2.448 9.327229113 5555.203848 2.884 0.192 -0.585 -1.122 -1.481 -1.537
thin2 1 thin_disk 8.76823025 -0.25 0.0084736 2.44972539 2.448 9.303634593 5451.298957 2.887 0.303 -0.507 -1.068 -1.449 -1.509
thin2 1 thin_disk 8.76823025 -0.25 0.0084736 2.450013399 2.449 9.420037786 5330.893422 2.876 0.402 -0.447 -1.037 -1.445 -1.508
thin2 1 thin_disk 8.76823025 -0.25 0.0084736 2.450099945 2.449 9.487518699 5296.634439 2.87 0.424 -0.436 -1.035 -1.451 -1.515
thin2 1 thin_disk 8.76823025 -0.25 0.0084736 2.450382948 2.449 10.09607678 5199.959965 2.816 0.398 -0.495 -1.12 -1.559 -1.626
thin2 1 thin_disk 8.76823025 -0.25 0.0084736 2.450628042 2.449 10.75604585 5128.61384 2.761 0.341 -0.576 -1.22 -1.676 -1.746
thin2 1 thin_disk 8.76823025 -0.25 0.0084736 2.450876713 2.449 11.4749987 5072.242399 2.705 0.266 -0.67 -1.331 -1.8 -1.873
thin2 1 thin_disk 8.76823025 -0.25 0.0084736 2.45118165 2.45 12.32970384 5018.801279 2.643 0.174 -0.781 -1.457 -1.94 -2.014
thin2 1 thin_disk 8.76823025 -0.25 0.0084736 2.451486587 2.45 13.15990169 4973.933791 2.586 0.088 -0.884 -1.574 -2.069 -2.145
thin2 1 thin_disk 8.76823025 -0.25 0.0084736 2.451791048 2.45 14.02014951 4934.009712 2.531 0.003 -0.986 -1.688 -2.193 -2.272
thin2 1 thin_disk 8.76823025 -0.25 0.0084736 2.452156067 2.451 15.11654861 4887.648887 2.466 -0.101 -1.108 -1.824 -2.342 -2.422
thin2 1 thin_disk 8.76823025 -0.25 0.0084736 2.452216864 2.451 15.30568055 4879.777273 2.455 -0.119 -1.129 -1.847 -2.366 -2.448
thin2 1 thin_disk 8.76823025 -0.25 0.0084736 2.452459097 2.451 16.08987406 4850.65068 2.411 -0.189 -1.212 -1.94 -2.466 -2.549
thin2 1 thin_disk 8.76823025 -0.25 0.0084736 2.452580452 2.451 16.50641063 4836.152643 2.389 -0.224 -1.254 -1.986 -2.517 -2.6
thin2 1 thin_disk 8.76823025 -0.25 0.0084736 2.452641249 2.451 16.72448082 4829.475864 2.378 -0.242 -1.275 -2.009 -2.542 -2.626
thin2 1 thin_disk 8.76823025 -0.25 0.0084736 2.452944994 2.452 17.80543732 4795.125741 2.324 -0.332 -1.379 -2.125 -2.667 -2.753
thin2 1 thin_disk 8.76823025 -0.25 0.0084736 2.453248501 2.452 18.93444784 4761.019936 2.27 -0.419 -1.483 -2.24 -2.79 -2.878
thin2 1 thin_disk 8.76823025 -0.25 0.0084736 2.453551769 2.452 20.14896047 4728.245305 2.216 -0.507 -1.587 -2.355 -2.914 -3.004
thin2 1 thin_disk 8.76823025 -0.25 0.0084736 2.453854799 2.452 21.46113294 4693.534343 2.161 -0.595 -1.691 -2.47 -3.039 -3.131
thin2 1 thin_disk 8.76823025 -0.25 0.0084736 2.454157829 2.453 22.87455451 4660.151117 2.106 -0.684 -1.796 -2.587 -3.166 -3.26
thin2 1 thin_disk 8.76823025 -0.25 0.0084736 2.454460383 2.453 24.40914936 4627.005332 2.05 -0.773 -1.903 -2.706 -3.294 -3.39
thin2 1 thin_disk 8.76823025 -0.25 0.0084736 2.454769611 2.453 26.12478018 4589.86593 1.991 -0.865 -2.013 -2.829 -3.427 -3.527
thin2 1 thin_disk 8.76823025 -0.25 0.0084736 2.455034733 2.454 27.70464852 4558.269515 1.939 -0.946 -2.109 -2.937 -3.54 -3.644
thin2 1 thin_disk 8.76823025 -0.25 0.0084736 2.455323696 2.454 29.59052325 4523.764623 1.883 -1.034 -2.213 -3.054 -3.663 -3.771
thin2 1 thin_disk 8.76823025 -0.25 0.0084736 2.455621719 2.454 31.63389326 4487.453899 1.824 -1.124 -2.32 -3.176 -3.791 -3.904
thin2 1 thin_disk 8.76823025 -0.25 0.0084736 2.455952644 2.455 33.91194076 4450.409766 1.765 -1.215 -2.429 -3.299 -3.92 -4.039
thin2 1 thin_disk 8.76823025 -0.25 0.0084736 2.456016302 2.455 34.17060316 4446.312675 1.758 -1.224 -2.44 -3.312 -3.934 -4.053
thin2 1 thin_disk 8.76823025 -0.25 0.0084736 2.456049681 2.455 33.91194076 4450.409766 1.764 -1.215 -2.429 -3.3 -3.921 -4.04
thin2 1 thin_disk 8.76823025 -0.25 0.0084736 2.456257105 2.455 32.24427711 4478.164058 1.808 -1.151 -2.351 -3.21 -3.826 -3.941
thin2 1 thin_disk 8.76823025 -0.25 0.0084736 2.456508398 2.455 30.65862298 4506.091436 1.852 -1.085 -2.273 -3.121 -3.733 -3.843
thin2 1 thin_disk 8.76823025 -0.25 0.0084736 2.456813812 2.455 29.1174035 4534.192978 1.897 -1.017 -2.191 -3.028 -3.635 -3.742
thin2 1 thin_disk 8.76823025 -0.25 0.0084736 2.457251787 2.456 27.52026711 4565.622502 1.946 -0.943 -2.102 -2.927 -3.528 -3.63
thin2 1 thin_disk 8.76823025 -0.25 0.0084736 2.457762003 2.456 26.01073622 4597.269885 1.995 -0.868 -2.012 -2.826 -3.422 -3.521
thin2 1 thin_disk 8.76823025 -0.25 0.0084736 2.4582479 2.457 24.66338287 4627.005332 2.042 -0.796 -1.926 -2.728 -3.316 -3.413
thin2 1 thin_disk 8.76823025 -0.25 0.0084736 2.458682537 2.457 23.39659432 4655.860935 2.087 -0.727 -1.841 -2.634 -3.213 -3.308
thin2 1 thin_disk 8.76823025 -0.25 0.0084736 2.459098339 2.458 22.18465324 4685.975353 2.134 -0.655 -1.754 -2.537 -3.107 -3.2
thin2 1 thin_disk 8.76823025 -0.25 0.0084736 2.459509373 2.458 21.01128651 4716.284553 2.181 -0.582 -1.666 -2.438 -3.001 -3.091
thin2 1 thin_disk 8.76823025 -0.25 0.0084736 2.459931135 2.459 19.89081806 4747.882909 2.229 -0.506 -1.576 -2.338 -2.892 -2.981
thin2 1 thin_disk 8.76823025 -0.25 0.0084736 2.460370779 2.459 18.81709792 4778.592532 2.277 -0.43 -1.485 -2.236 -2.781 -2.868
thin2 1 thin_disk 8.76823025 -0.25 0.0084736 2.460844755 2.459 17.76448595 4811.716153 2.327 -0.35 -1.39 -2.131 -2.667 -2.752
thin2 1 thin_disk 8.76823025 -0.25 0.0084736 2.461366415 2.46 16.75917534 4843.953885 2.378 -0.268 -1.294 -2.024 -2.552 -2.635
thin2 1 thin_disk 8.76823025 -0.25 0.0084736 2.461960554 2.461 15.78892802 4879.777273 2.43 -0.185 -1.195 -1.914 -2.433 -2.514
thin2 1 thin_disk 8.76823025 -0.25 0.0084736 2.462658167 2.461 14.86458007 4914.733802 2.482 -0.101 -1.096 -1.804 -2.314 -2.393
thin2 1 thin_disk 8.76823025 -0.25 0.0084736 2.463654995 2.462 13.83734104 4957.925539 2.544 -0.001 -0.979 -1.674 -2.172 -2.25
thin2 1 thin_disk 8.76823025 -0.25 0.0084736 2.46500206 2.464 12.89296028 5004.95296 2.606 0.094 -0.867 -1.547 -2.033 -2.109
thin2 1 thin_disk 8.76823025 -0.25 0.0084736 2.467127562 2.466 11.96885608 5061.74194 2.671 0.187 -0.753 -1.417 -1.889 -1.961
thin2 1 thin_disk 8.76823025 -0.25 0.0084736 2.470844746 2.469 11.24482355 5129.794883 2.726 0.242 -0.674 -1.319 -1.774 -1.844
thin2 1 thin_disk 8.76823025 -0.25 0.0084736 2.472285271 2.471 11.06248373 5151.100225 2.74 0.252 -0.657 -1.295 -1.745 -1.814
thin2 1 thin_disk 8.76823025 -0.25 0.0084736 2.486452579 2.485 11.38551408 5151.100225 2.718 0.192 -0.717 -1.355 -1.805 -1.874
thin2 1 thin_disk 8.76823025 -0.25 0.0084736 2.515575647 2.514 12.08516669 5154.659708 2.672 0.058 -0.849 -1.487 -1.936 -2.005
thin2 1 thin_disk 8.76823025 -0.25 0.0084736 2.549315214 2.548 13.05126611 5152.286446 2.61 -0.109 -1.016 -1.654 -2.103 -2.172
thin2 1 thin_disk 8.76823025 -0.25 0.0084736 2.580706358 2.58 14.10433598 5139.253023 2.548 -0.262 -1.173 -1.815 -2.267 -2.337
thin2 1 thin_disk 8.76823025 -0.25 0.0084736 2.589351177 2.589 14.41626128 5133.339644 2.531 -0.303 -1.216 -1.86 -2.313 -2.383
thin2 1 thin_disk 8.76823025 -0.25 0.0084736 2.59724021 2.596 14.73508498 5115.6403 2.513 -0.331 -1.249 -1.898 -2.356 -2.426
thin2 1 thin_disk 8.76823025 -0.25 0.0084736 2.618366718 2.618 16.07136057 5026.897154 2.441 -0.413 -1.365 -2.039 -2.518 -2.592
thin2 1 thin_disk 8.76823025 -0.25 0.0084736 2.621026516 2.62 16.29118385 5013.026495 2.43 -0.424 -1.381 -2.059 -2.542 -2.617
thin2 1 thin_disk 8.76823025 -0.25 0.0084736 2.627110243 2.626 16.77848117 4979.663542 2.405 -0.448 -1.418 -2.106 -2.597 -2.674
thin2 1 thin_disk 8.76823025 -0.25 0.0084736 2.629626274 2.629 18.05729299 4909.078762 2.342 -0.518 -1.516 -2.225 -2.735 -2.815
thin2 1 thin_disk 8.76823025 -0.25 0.0084736 2.630253315 2.63 19.39334149 4852.885002 2.28 -0.598 -1.62 -2.347 -2.872 -2.955
thin2 1 thin_disk 8.76823025 -0.25 0.0084736 2.6304245 2.63 20.52828388 4812.824219 2.23 -0.668 -1.708 -2.448 -2.983 -3.068
thin2 1 thin_disk 8.76823025 -0.25 0.0084736 2.630480289 2.63 21.13258599 4792.918012 2.205 -0.705 -1.754 -2.5 -3.04 -3.126
thin2 1 thin_disk 8.76823025 -0.25 0.0084736 2.630497932 2.63 21.46607512 4782.995805 2.192 -0.723 -1.776 -2.526 -3.069 -3.156
thin2 1 thin_disk 8.76823025 -0.25 0.0084736 2.630570173 2.63 23.0013139 4739.145036 2.132 -0.812 -1.886 -2.65 -3.205 -3.295
thin2 1 thin_disk 8.76823025 -0.25 0.0084736 2.630634546 2.63 24.29140556 4705.4374 2.084 -0.883 -1.972 -2.748 -3.312 -3.404
thin2 1 thin_disk 8.76823025 -0.25 0.0084736 2.630880594 2.63 24.26904265 4707.604833 2.086 -0.882 -1.971 -2.746 -3.309 -3.401
thin2 1 thin_disk 8.76823025 -0.25 0.0084736 2.631445646 2.631 22.76945548 4746.789795 2.141 -0.801 -1.87 -2.632 -3.185 -3.274
thin2 1 thin_disk 8.76823025 -0.25 0.0084736 2.633470774 2.633 24.10752606 4709.773264 2.091 -0.873 -1.961 -2.735 -3.298 -3.389
thin2 1 thin_disk 8.76823025 -0.25 0.0084736 2.634220362 2.634 25.60074742 4674.121529 2.039 -0.951 -2.056 -2.842 -3.415 -3.509
thin2 1 thin_disk 8.76823025 -0.25 0.0084736 2.634990931 2.634 27.35600314 4632.335437 1.982 -1.032 -2.158 -2.959 -3.542 -3.639
thin2 1 thin_disk 8.76823025 -0.25 0.0084736 2.635683537 2.635 29.23160388 4590.922908 1.925 -1.115 -2.259 -3.075 -3.665 -3.767
thin2 1 thin_disk 8.76823025 -0.25 0.0084736 2.636319399 2.635 31.19267676 4553.024633 1.869 -1.198 -2.36 -3.189 -3.787 -3.893
thin2 1 thin_disk 8.76823025 -0.25 0.0084736 2.636879206 2.636 33.66298665 4487.453899 1.802 -1.26 -2.455 -3.31 -3.922 -4.037
thin2 1 thin_disk 8.76823025 -0.25 0.0084736 2.637378693 2.636 35.88001739 4450.409766 1.746 -1.34 -2.552 -3.423 -4.042 -4.162
thin2 1 thin_disk 8.76823025 -0.25 0.0084736 2.63782692 2.637 38.28711519 4413.671435 1.69 -1.419 -2.649 -3.535 -4.161 -4.286
thin2 1 thin_disk 8.76823025 -0.25 0.0084736 2.638227701 2.637 40.75234881 4380.261112 1.636 -1.501 -2.746 -3.647 -4.278 -4.409
thin2 1 thin_disk 8.76823025 -0.25 0.0084736 2.638588905 2.637 43.42628166 4347.103696 1.581 -1.581 -2.842 -3.757 -4.394 -4.531
thin2 1 thin_disk 8.76823025 -0.25 0.0084736 2.638915539 2.637 46.24370743 4313.204007 1.527 -1.659 -2.936 -3.867 -4.51 -4.653
thin2 1 thin_disk 8.76823025 -0.25 0.0084736 2.639213562 2.637 49.2212507 4280.554196 1.473 -1.735 -3.031 -3.977 -4.628 -4.776
thin2 1 thin_disk 8.76823025 -0.25 0.0084736 2.63948822 2.637 52.36639109 4249.129821 1.419 -1.807 -3.127 -4.087 -4.748 -4.9
thin2 1 thin_disk 8.76823025 -0.25 0.0084736 2.639741659 2.637 55.76383646 4215.994154 1.364 -1.878 -3.222 -4.197 -4.868 -5.025
thin2 1 thin_disk 8.76823025 -0.25 0.0084736 2.639976502 2.637 59.31337613 4183.116887 1.31 -1.947 -3.316 -4.307 -4.988 -5.151
thin2 1 thin_disk 8.76823025 -0.25 0.0084736 2.640195131 2.637 63.21973118 4148.585069 1.255 -2.014 -3.41 -4.417 -5.109 -5.276
thin2 1 thin_disk 8.76823025 -0.25 0.0084736 2.640398979 2.637 67.32132342 4116.233473 1.2 -2.079 -3.503 -4.527 -5.229 -5.402
thin2 1 thin_disk 8.76823025 -0.25 0.0084736 2.640590191 2.637 71.75507866 4082.253781 1.145 -2.144 -3.595 -4.636 -5.349 -5.527
thin2 1 thin_disk 8.76823025 -0.25 0.0084736 2.640772104 2.636 76.4104302 4050.419451 1.09 -2.206 -3.688 -4.745 -5.469 -5.652
thin2 1 thin_disk 8.76823025 -0.25 0.0084736 2.640946627 2.636 81.31162582 4017.908108 1.036 -2.267 -3.78 -4.854 -5.588 -5.777
thin2 1 thin_disk 8.76823025 -0.25 0.0084736 2.64111805 2.636 86.70669746 3983.822682 0.98 -2.325 -3.871 -4.963 -5.709 -5.903
thin2 1 thin_disk 8.76823025 -0.25 0.0084736 2.641290665 2.635 92.41716562 3950.936048 0.925 -2.378 -3.962 -5.073 -5.829 -6.03
thin2 1 thin_disk 8.76823025 -0.25 0.0084736 2.641471386 2.634 98.54909601 3917.418771 0.869 -2.429 -4.053 -5.183 -5.95 -6.157
thin2 1 thin_disk 8.76823025 -0.25 0.0084736 2.641729116 2.633 105.8650592 3878.823338 0.806 -2.481 -4.152 -5.304 -6.083 -6.298
thin2 1 thin_disk 8.76823025 -0.25 0.0084736 2.64182806 2.632 111.7255869 3850.348147 0.759 -2.517 -4.228 -5.397 -6.186 -6.405
thin2 1 thin_disk 8.76823025 -0.25 0.0084736 2.641895533 2.631 117.9105445 3822.081997 0.712 -2.551 -4.301 -5.488 -6.285 -6.511
thin2 1 thin_disk 8.76823025 -0.25 0.0084736 2.641957045 2.631 124.3805992 3794.897062 0.666 -2.582 -4.375 -5.579 -6.385 -6.616
thin2 1 thin_disk 8.76823025 -0.25 0.0084736 2.642020941 2.63 131.5990169 3764.436711 0.617 -2.604 -4.449 -5.675 -6.49 -6.727
thin2 1 thin_disk 8.76823025 -0.25 0.0084736 2.642091036 2.629 139.685924 3732.501578 0.565 -2.624 -4.527 -5.775 -6.6 -6.844
thin2 1 thin_disk 8.76823025 -0.25 0.0084736 2.642172813 2.628 147.8606615 3701.68961 0.515 -2.634 -4.599 -5.871 -6.705 -6.955
thin2 1 thin_disk 8.76823025 -0.25 0.0084736 2.642245054 2.626 155.3290352 3674.514792 0.472 -2.63 -4.66 -5.955 -6.796 -7.051
thin2 1 thin_disk 8.76823025 -0.25 0.0084736 2.64226079 2.626 152.8454957 3682.985423 0.486 -2.631 -4.64 -5.928 -6.768 -7.021
thin2 1 thin_disk 8.76823025 -0.25 0.0084736 2.642262697 2.626 146.7413955 3705.100563 0.521 -2.632 -4.59 -5.858 -6.692 -6.94
thin2 1 thin_disk 8.76823025 -0.25 0.0084736 2.642264128 2.626 140.7189691 3727.348497 0.558 -2.625 -4.537 -5.788 -6.615 -6.859
thin2 1 thin_disk 8.76823025 -0.25 0.0084736 2.642268419 2.626 145.3291203 3710.222886 0.53 -2.631 -4.577 -5.842 -6.674 -6.922
thin2 1 thin_disk 8.76823025 -0.25 0.0084736 2.64227128 2.626 151.6186568 3687.228059 0.493 -2.631 -4.63 -5.914 -6.752 -7.004
thin2 1 thin_disk 8.76823025 -0.25 0.0084736 2.642275095 2.626 158.2532526 3663.53209 0.456 -2.627 -4.681 -5.985 -6.83 -7.087
thin2 1 thin_disk 8.76823025 -0.25 0.0084736 2.64228034 2.626 165.520826 3638.312512 0.417 -2.622 -4.737 -6.062 -6.914 -7.176
thin2 1 thin_disk 8.76823025 -0.25 0.0084736 2.642287254 2.625 173.6811335 3611.602958 0.375 -2.603 -4.792 -6.144 -7.002 -7.27
thin2 1 thin_disk 8.76823025 -0.25 0.0084736 2.642297029 2.625 183.1271113 3582.613846 0.329 -2.574 -4.851 -6.234 -7.1 -7.373
thin2 1 thin_disk 8.76823025 -0.25 0.0084736 2.64231348 2.624 195.8631094 3544.867445 0.271 -2.53 -4.922 -6.346 -7.221 -7.502
thin2 1 thin_disk 8.76823025 -0.25 0.0084736 2.642347574 2.623 210.7912818 3502.676269 0.206 -2.444 -4.989 -6.471 -7.355 -7.645
thin2 1 thin_disk 8.76823025 -0.25 0.0084736 2.642349005 2.623 210.7912818 3502.676269 0.206 -2.444 -4.989 -6.471 -7.355 -7.645
thin2 1 thin_disk 8.76823025 -0.25 0.0084736 2.642350197 2.623 186.7035797 3576.844006 0.311 -2.587 -4.883 -6.272 -7.139 -7.414
thin2 1 thin_disk 8.76823025 -0.25 0.0084736 2.642350197 2.623 186.7035797 3576.844006 0.311 -2.594 -4.867 -6.272 -7.139 -7.414
thin2 1 thin_disk 8.76823025 -0.25 0.0084736 2.642352104 2.622 140.7513746 3733.361117 0.557 -2.644 -4.546 -5.793 -6.617 -6.861
thin2 1 thin_disk 8.76823025 -0.25 0.0084736 2.642355204 2.622 119.8816315 3825.603887 0.697 -2.595 -4.342 -5.527 -6.322 -6.548
thin2 1 thin_disk 8.76823025 -0.25 0.0084736 2.642359734 2.622 127.2777956 3790.530539 0.644 -2.618 -4.418 -5.626 -6.433 -6.665
thin2 1 thin_disk 8.76823025 -0.25 0.0084736 2.642365694 2.622 149.2631645 3699.133457 0.506 -2.646 -4.617 -5.891 -6.725 -6.975
thin2 1 thin_disk 8.76823025 -0.25 0.0084736 2.642373323 2.621 176.1783932 3606.616789 0.362 -2.608 -4.813 -6.17 -7.029 -7.298
thin2 1 thin_disk 8.76823025 -0.25 0.0084736 2.642382383 2.621 198.176724 3542.419583 0.26 -2.54 -4.942 -6.371 -7.245 -7.527
thin2 1 thin_disk 8.76823025 -0.25 0.0084736 2.642393351 2.62 210.9369416 3507.51874 0.205 -2.472 -5.002 -6.477 -7.36 -7.649
thin2 1 thin_disk 8.76823025 -0.25 0.0084736 2.642406225 2.619 216.7467753 3492.207173 0.181 -2.439 -5.026 -6.522 -7.409 -7.702
thin2 1 thin_disk 8.76823025 -0.25 0.0084736 2.642421007 2.618 219.8632507 3483.37315 0.169 -2.419 -5.037 -6.545 -7.434 -7.729
thin2 1 thin_disk 8.76823025 -0.25 0.0084736 2.642421246 2.618 237.9866769 3441.913883 0.1 -2.319 -5.104 -6.681 -7.578 -7.883
thin2 1 thin_disk 8.76823025 -0.25 0.0084736 2.642422438 2.618 194.8285709 3548.133892 0.274 -2.539 -4.918 -6.338 -7.211 -7.492
thin2 1 thin_disk 8.76823025 -0.25 0.0084736 2.642424822 2.618 148.8513044 3695.727997 0.508 -2.628 -4.606 -5.882 -6.718 -6.968
thin2 1 thin_disk 8.76823025 -0.25 0.0084736 2.642428875 2.618 126.7221827 3787.913038 0.648 -2.599 -4.404 -5.614 -6.422 -6.654
thin2 1 thin_disk 8.76823025 -0.25 0.0084736 2.642434359 2.617 134.5403784 3753.185242 0.595 -2.613 -4.479 -5.713 -6.532 -6.771
thin2 1 thin_disk 8.76823025 -0.25 0.0084736 2.64244175 2.617 157.4536182 3664.375746 0.459 -2.619 -4.673 -5.976 -6.821 -7.077
thin2 1 thin_disk 8.76823025 -0.25 0.0084736 2.642451048 2.616 185.2476233 3574.374063 0.318 -2.56 -4.86 -6.252 -7.119 -7.394
thin2 1 thin_disk 8.76823025 -0.25 0.0084736 2.642462492 2.615 207.707723 3512.367905 0.217 -2.466 -4.979 -6.448 -7.33 -7.618
thin2 1 thin_disk 8.76823025 -0.25 0.0084736 2.64247632 2.614 220.8780934 3479.365076 0.165 -2.403 -5.037 -6.551 -7.44 -7.736
thin2 1 thin_disk 8.76823025 -0.25 0.0084736 2.642492294 2.613 226.4918843 3465.77209 0.142 -2.373 -5.06 -6.594 -7.487 -7.786
thin2 1 thin_disk 8.76823025 -0.25 0.0084736 2.642510652 2.612 229.2728581 3458.597315 0.131 -2.352 -5.068 -6.615 -7.509 -7.81
thin2 1 thin_disk 8.76823025 -0.25 0.0084736 2.642510891 2.612 250.2952713 3412.714832 0.055 -2.223 -5.134 -6.765 -7.667 -7.981
thin2 1 thin_disk 8.76823025 -0.25 0.0084736 2.642512083 2.612 204.9050419 3518.033738 0.229 -2.473 -4.962 -6.423 -7.303 -7.59
thin2 1 thin_disk 8.76823025 -0.25 0.0084736 2.642514706 2.611 156.9107307 3664.375746 0.461 -2.613 -4.666 -5.969 -6.814 -7.07
thin2 1 thin_disk 8.76823025 -0.25 0.0084736 2.642518759 2.611 133.4297416 3755.778747 0.602 -2.605 -4.466 -5.698 -6.515 -6.754
thin2 1 thin_disk 8.76823025 -0.25 0.0084736 2.642524481 2.61 141.5965412 3722.20253 0.55 -2.618 -4.54 -5.795 -6.624 -6.869
thin2 1 thin_disk 8.76823025 -0.25 0.0084736 2.642532349 2.61 165.2542528 3634.963045 0.416 -2.603 -4.726 -6.055 -6.908 -7.17
thin2 1 thin_disk 8.76823025 -0.25 0.0084736 2.642542124 2.609 193.5765052 3547.316998 0.278 -2.521 -4.903 -6.324 -7.198 -7.479
thin2 1 thin_disk 8.76823025 -0.25 0.0084736 2.642553806 2.608 216.4475353 3486.582934 0.181 -2.404 -5.01 -6.514 -7.402 -7.696
thin2 1 thin_disk 8.76823025 -0.25 0.0084736 2.642568111 2.607 229.4312889 3455.413296 0.13 -2.331 -5.06 -6.613 -7.508 -7.809
thin2 1 thin_disk 8.76823025 -0.25 0.0084736 2.642584801 2.605 234.9917659 3441.913883 0.109 -2.292 -5.076 -6.653 -7.55 -7.855
thin2 1 thin_disk 8.76823025 -0.25 0.0084736 2.642603874 2.603 237.4940015 3435.579479 0.1 -2.272 -5.082 -6.671 -7.569 -7.876
thin2 1 thin_disk 8.76823025 -0.25 0.0084736 2.642604113 2.603 261.6089784 3384.542719 0.015 -2.114 -5.151 -6.837 -7.745 -8.065
thin2 1 thin_disk 8.76823025 -0.25 0.0084736 2.642605543 2.603 214.3150376 3489.795674 0.189 -2.402 -4.996 -6.495 -7.383 -7.676
thin2 1 thin_disk 8.76823025 -0.25 0.0084736 2.642608643 2.603 164.4949785 3634.963045 0.418 -2.593 -4.717 -6.045 -6.898 -7.161
thin2 1 thin_disk 8.76823025 -0.25 0.0084736 2.642613172 2.602 139.7502665 3727.348497 0.56 -2.606 -4.519 -5.771 -6.598 -6.842
thin2 1 thin_disk 8.76823025 -0.25 0.0084736 2.642619848 2.602 148.2015155 3693.17596 0.509 -2.607 -4.591 -5.87 -6.707 -6.957
thin2 1 thin_disk 8.76823025 -0.25 0.0084736 2.64262867 2.601 172.6842167 3607.447339 0.376 -2.567 -4.77 -6.126 -6.986 -7.254
thin2 1 thin_disk 8.76823025 -0.25 0.0084736 2.642639875 2.599 201.7217118 3521.275459 0.241 -2.457 -4.934 -6.391 -7.271 -7.557
thin2 1 thin_disk 8.76823025 -0.25 0.0084736 2.642653465 2.598 224.9327251 3461.784268 0.146 -2.335 -5.035 -6.576 -7.469 -7.769
thin2 1 thin_disk 8.76823025 -0.25 0.0084736 2.642669916 2.596 238.1511291 3430.836328 0.096 -2.248 -5.076 -6.673 -7.572 -7.88
thin2 1 thin_disk 8.76823025 -0.25 0.0084736 2.64268899 2.594 243.8106346 3418.219914 0.075 -2.207 -5.092 -6.713 -7.614 -7.925
thin2 1 thin_disk 8.76823025 -0.25 0.0084736 2.642710924 2.592 246.4067751 3411.929116 0.065 -2.186 -5.098 -6.731 -7.633 -7.946
thin2 1 thin_disk 8.76823025 -0.25 0.0084736 2.642711163 2.592 274.7594541 3354.285308 -0.029 -1.966 -5.15 -6.917 -7.83 -8.158
thin2 1 thin_disk 8.76823025 -0.25 0.0084736 2.642712831 2.591 225.1399912 3460.190425 0.144 -2.324 -5.032 -6.575 -7.469 -7.77
thin2 1 thin_disk 8.76823025 -0.25 0.0084736 2.642715692 2.591 173.0026059 3604.126286 0.372 -2.557 -4.769 -6.129 -6.99 -7.259
thin2 1 thin_disk 8.76823025 -0.25 0.0084736 2.642720461 2.59 146.6738341 3697.430335 0.516 -2.602 -4.576 -5.851 -6.687 -6.937
thin2 1 thin_disk 8.76823025 -0.25 0.0084736 2.642727375 2.589 155.7229581 3663.53209 0.464 -2.593 -4.647 -5.95 -6.795 -7.052
thin2 1 thin_disk 8.76823025 -0.25 0.0084736 2.642736435 2.588 180.7393204 3579.315656 0.334 -2.53 -4.816 -6.203 -7.069 -7.343
thin2 1 thin_disk 8.76823025 -0.25 0.0084736 2.642747879 2.587 210.4518001 3495.425096 0.202 -2.395 -4.967 -6.459 -7.345 -7.637
thin2 1 thin_disk 8.76823025 -0.25 0.0084736 2.642761707 2.585 233.9120768 3437.953513 0.11 -2.255 -5.055 -6.639 -7.537 -7.843
thin2 1 thin_disk 8.76823025 -0.25 0.0084736 2.642778635 2.583 246.9748014 3408.003248 0.062 -2.165 -5.093 -6.732 -7.636 -7.949
thin2 1 thin_disk 8.76823025 -0.25 0.0084736 2.642798185 2.58 252.5530658 3395.4708 0.042 -2.125 -5.108 -6.77 -7.676 -7.993
thin2 1 thin_disk 8.76823025 -0.25 0.0084736 2.642820597 2.577 255.2422973 3389.221869 0.033 -2.104 -5.114 -6.787 -7.695 -8.013
thin2 1 thin_disk 8.76823025 -0.25 0.0084736 2.642820835 2.577 287.9735796 3325.829644 -0.072 -1.82 -5.149 -6.994 -7.91 -8.246
thin2 1 thin_disk 8.76823025 -0.25 0.0084736 2.642822504 2.577 235.8591043 3431.626398 0.101 -2.233 -5.057 -6.653 -7.552 -7.859
thin2 1 thin_disk 8.76823025 -0.25 0.0084736 2.642825603 2.576 181.7827398 3575.197187 0.328 -2.522 -4.82 -6.21 -7.078 -7.353
thin2 1 thin_disk 8.76823025 -0.25 0.0084736 2.642830372 2.575 153.7278824 3670.286785 0.473 -2.592 -4.631 -5.929 -6.772 -7.027
thin2 1 thin_disk 8.76823025 -0.25 0.0084736 2.642837286 2.574 163.0244129 3636.637393 0.422 -2.581 -4.7 -6.026 -6.879 -7.141
thin2 1 thin_disk 8.76823025 -0.25 0.0084736 2.642846584 2.573 188.7785495 3553.039208 0.294 -2.497 -4.86 -6.274 -7.147 -7.426
thin2 1 thin_disk 8.76823025 -0.25 0.0084736 2.642858267 2.571 218.8530709 3471.362759 0.166 -2.337 -4.999 -6.523 -7.415 -7.712
thin2 1 thin_disk 8.76823025 -0.25 0.0084736 2.64287281 2.569 242.1880134 3415.859507 0.076 -2.178 -5.072 -6.697 -7.599 -7.911
thin2 1 thin_disk 8.76823025 -0.25 0.0084736 2.642889738 2.566 255.3010758 3386.881486 0.03 -2.085 -5.106 -6.786 -7.694 -8.012
thin2 1 thin_disk 8.76823025 -0.25 0.0084736 2.642909765 2.563 260.9472022 3375.20379 0.011 -2.032 -5.111 -6.821 -7.731 -8.053
thin2 1 thin_disk 8.76823025 -0.25 0.0084736 2.642932892 2.559 263.3010826 3369.767986 0.002 -2.005 -5.111 -6.837 -7.748 -8.071
thin2 1 thin_disk 8.76823025 -0.25 0.0084736 2.64293313 2.559 300.367296 3299.894079 -0.112 -1.664 -5.133 -7.062 -7.982 -8.326
thin2 1 thin_disk 8.76823025 -0.25 0.0084736 2.642934799 2.558 246.1799306 3405.649896 0.061 -2.142 -5.079 -6.722 -7.626 -7.94
thin2 1 thin_disk 8.76823025 -0.25 0.0084736 2.64293766 2.558 189.9558377 3548.133892 0.286 -2.487 -4.864 -6.284 -7.158 -7.438
thin2 1 thin_disk 8.76823025 -0.25 0.0084736 2.642942667 2.557 160.4178328 3645.020708 0.433 -2.58 -4.679 -5.999 -6.849 -7.109
thin2 1 thin_disk 8.76823025 -0.25 0.0084736 2.642949343 2.556 170.0014575 3610.771451 0.382 -2.553 -4.744 -6.097 -6.956 -7.223
thin2 1 thin_disk 8.76823025 -0.25 0.0084736 2.642958641 2.554 196.5407662 3528.580258 0.256 -2.445 -4.894 -6.34 -7.218 -7.502
thin2 1 thin_disk 8.76823025 -0.25 0.0084736 2.642970085 2.552 226.5962117 3449.054048 0.131 -2.264 -5.018 -6.582 -7.478 -7.781
thin2 1 thin_disk 8.76823025 -0.25 0.0084736 2.64298439 2.549 250.4682289 3393.907488 0.044 -2.097 -5.085 -6.75 -7.656 -7.973
thin2 1 thin_disk 8.76823025 -0.25 0.0084736 2.643001318 2.545 263.6043938 3365.890629 -0 -1.979 -5.101 -6.835 -7.746 -8.07
thin2 1 thin_disk 8.76823025 -0.25 0.0084736 2.643021107 2.542 268.8144714 3354.285308 -0.019 -1.923 -5.104 -6.87 -7.782 -8.11
thin2 1 thin_disk 8.76823025 -0.25 0.0084736 2.643043757 2.537 271.2393187 3348.883194 -0.028 -1.894 -5.103 -6.885 -7.798 -8.127
thin2 1 thin_disk 8.76823025 -0.25 0.0084736 2.643043995 2.537 312.7178308 3273.406949 -0.151 -1.478 -5.096 -7.125 -8.049 -8.401
thin2 1 thin_disk 8.76823025 -0.25 0.0084736 2.643045425 2.537 256.184379 3379.091874 0.022 -2.031 -5.088 -6.787 -7.696 -8.017
thin2 1 thin_disk 8.76823025 -0.25 0.0084736 2.643048525 2.536 198.2680087 3521.275459 0.245 -2.419 -4.896 -6.353 -7.233 -7.519
thin2 1 thin_disk 8.76823025 -0.25 0.0084736 2.643053293 2.535 167.090841 3619.095139 0.393 -2.553 -4.721 -6.065 -6.922 -7.188
thin2 1 thin_disk 8.76823025 -0.25 0.0084736 2.643059969 2.533 177.0731222 3585.089483 0.342 -2.514 -4.783 -6.163 -7.029 -7.301
thin2 1 thin_disk 8.76823025 -0.25 0.0084736 2.64306879 2.531 204.2455696 3503.482883 0.219 -2.38 -4.921 -6.402 -7.286 -7.576
thin2 1 thin_disk 8.76823025 -0.25 0.0084736 2.643079996 2.528 234.8294954 3425.310927 0.096 -2.179 -5.031 -6.639 -7.539 -7.848
thin2 1 thin_disk 8.76823025 -0.25 0.0084736 2.643093824 2.525 258.8526675 3371.320179 0.012 -1.988 -5.082 -6.801 -7.712 -8.034
thin2 1 thin_disk 8.76823025 -0.25 0.0084736 2.643110275 2.521 271.989817 3344.259735 -0.032 -1.862 -5.092 -6.885 -7.799 -8.129
thin2 1 thin_disk 8.76823025 -0.25 0.0084736 2.643129587 2.517 277.3656305 3332.728996 -0.05 -1.803 -5.094 -6.919 -7.835 -8.168
thin2 1 thin_disk 8.76823025 -0.25 0.0084736 2.64315176 2.511 279.9965272 3326.595533 -0.06 -1.771 -5.093 -6.935 -7.851 -8.186
thin2 1 thin_disk 8.76823025 -0.25 0.0084736 2.643151999 2.511 325.7261641 3246.384828 -0.191 -1.273 -5.05 -7.188 -8.115 -8.477
thin2 1 thin_disk 8.76823025 -0.25 0.0084736 2.643153429 2.511 267.0254434 3351.96905 -0.018 -1.892 -5.082 -6.853 -7.766 -8.094
thin2 1 thin_disk 8.76823025 -0.25 0.0084736 2.64315629 2.51 206.8962622 3493.011376 0.203 -2.346 -4.927 -6.421 -7.308 -7.601
thin2 1 thin_disk 8.76823025 -0.25 0.0084736 2.64316082 2.509 174.0013608 3591.699548 0.353 -2.511 -4.759 -6.131 -6.995 -7.266
thin2 1 thin_disk 8.76823025 -0.25 0.0084736 2.643167257 2.507 184.6089044 3557.951306 0.302 -2.471 -4.82 -6.229 -7.101 -7.379
thin2 1 thin_disk 8.76823025 -0.25 0.0084736 2.64317584 2.504 212.0081932 3478.564015 0.181 -2.311 -4.947 -6.462 -7.353 -7.648
thin2 1 thin_disk 8.76823025 -0.25 0.0084736 2.643186808 2.501 243.0819126 3401.731253 0.061 -2.088 -5.042 -6.693 -7.599 -7.913
thin2 1 thin_disk 8.76823025 -0.25 0.0084736 2.643199921 2.497 267.0869353 3349.654392 -0.021 -1.872 -5.073 -6.851 -7.765 -8.093
thin2 1 thin_disk 8.76823025 -0.25 0.0084736 2.643215895 2.493 280.1900088 3323.533036 -0.063 -1.745 -5.082 -6.931 -7.848 -8.184
thin2 1 thin_disk 8.76823025 -0.25 0.0084736 2.643234253 2.487 285.39913 3312.07376 -0.08 -1.689 -5.082 -6.963 -7.882 -8.221
thin2 1 thin_disk 8.76823025 -0.25 0.0084736 2.643255711 2.481 287.9735796 3306.739628 -0.089 -1.655 -5.077 -6.977 -7.896 -8.236
thin2 1 thin_disk 8.76823025 -0.25 0.0084736 2.643255949 2.481 337.6390307 3221.810555 -0.227 -1.093 -5.005 -7.243 -8.173 -8.543
thin2 1 thin_disk 8.76823025 -0.25 0.0084736 2.64325738 2.48 276.8551744 3328.12784 -0.055 -1.762 -5.074 -6.911 -7.827 -8.161
thin2 1 thin_disk 8.76823025 -0.25 0.0084736 2.643260241 2.479 215.0070224 3468.166988 0.165 -2.277 -4.952 -6.482 -7.375 -7.673
thin2 1 thin_disk 8.76823025 -0.25 0.0084736 2.643264532 2.478 180.4482376 3567.795883 0.316 -2.47 -4.791 -6.19 -7.059 -7.336
thin2 1 thin_disk 8.76823025 -0.25 0.0084736 2.643270969 2.476 191.3165959 3533.458541 0.265 -2.415 -4.847 -6.287 -7.165 -7.448
thin2 1 thin_disk 8.76823025 -0.25 0.0084736 2.643279314 2.473 219.711427 3454.617749 0.145 -2.236 -4.964 -6.517 -7.412 -7.713
thin2 1 thin_disk 8.76823025 -0.25 0.0084736 2.643290043 2.469 251.1034299 3379.870029 0.028 -1.991 -5.044 -6.743 -7.652 -7.972
thin2 1 thin_disk 8.76823025 -0.25 0.0084736 2.643302917 2.465 275.1393107 3328.894258 -0.052 -1.759 -5.064 -6.897 -7.813 -8.147
thin2 1 thin_disk 8.76823025 -0.25 0.0084736 2.643318415 2.459 287.8409934 3303.69541 -0.093 -1.622 -5.063 -6.975 -7.894 -8.235
thin2 1 thin_disk 8.76823025 -0.25 0.0084736 2.643336534 2.453 293.5301016 3292.304533 -0.11 -1.552 -5.053 -7.006 -7.926 -8.27
thin2 1 thin_disk 8.76823025 -0.25 0.0084736 2.643357515 2.446 295.8371056 3287.00224 -0.118 -1.514 -5.046 -7.019 -7.94 -8.286
thin2 1 thin_disk 8.76823025 -0.25 0.0084736 2.643357754 2.445 349.8264515 3198.158622 -0.264 -0.862 -4.927 -7.281 -8.221 -8.608
thin2 1 thin_disk 8.76823025 -0.25 0.0084736 2.643359184 2.445 286.9806698 3302.934794 -0.092 -1.607 -5.052 -6.966 -7.886 -8.228
thin2 1 thin_disk 8.76823025 -0.25 0.0084736 2.643361807 2.444 223.230044 3441.121444 0.125 -2.179 -4.964 -6.542 -7.44 -7.745
thin2 1 thin_disk 8.76823025 -0.25 0.0084736 2.643366098 2.442 187.4790071 3540.788614 0.277 -2.412 -4.818 -6.248 -7.124 -7.405
thin2 1 thin_disk 8.76823025 -0.25 0.0084736 2.643372297 2.439 198.5421154 3506.711196 0.227 -2.34 -4.869 -6.344 -7.228 -7.517
thin2 1 thin_disk 8.76823025 -0.25 0.0084736 2.643380642 2.436 227.1708719 3430.836328 0.109 -2.145 -4.974 -6.571 -7.471 -7.777
thin2 1 thin_disk 8.76823025 -0.25 0.0084736 2.643391132 2.432 258.7930714 3358.149296 -0.005 -1.88 -5.037 -6.791 -7.703 -8.029
thin2 1 thin_disk 8.76823025 -0.25 0.0084736 2.643403768 2.426 282.7174694 3310.548845 -0.082 -1.654 -5.055 -6.94 -7.859 -8.198
thin2 1 thin_disk 8.76823025 -0.25 0.0084736 2.643419027 2.42 295.1566992 3287.00224 -0.121 -1.509 -5.041 -7.015 -7.936 -8.282
thin2 1 thin_disk 8.76823025 -0.25 0.0084736 2.64343667 2.413 300.367296 3277.177768 -0.138 -1.448 -5.034 -7.045 -7.966 -8.315
thin2 1 thin_disk 8.76823025 -0.25 0.0084736 2.643457174 2.404 302.7977508 3273.406949 -0.146 -1.419 -5.03 -7.057 -7.979 -8.329
thin2 1 thin_disk 8.76823025 -0.25 0.0084736 2.643457413 2.404 360.0415684 3183.464418 -0.296 -0.87 -4.968 -7.36 -8.287 -8.66
thin2 1 thin_disk 8.76823025 -0.25 0.0084736 2.643458843 2.403 296.2461022 3284.732443 -0.127 -1.504 -5.043 -7.023 -7.942 -8.287
thin2 1 thin_disk 8.76823025 -0.25 0.0084736 2.643461466 2.402 231.3410193 3417.432931 0.087 -2.095 -4.979 -6.6 -7.502 -7.811
thin2 1 thin_disk 8.76823025 -0.25 0.0084736 2.643465519 2.4 194.2462507 3514.795001 0.239 -2.338 -4.838 -6.303 -7.185 -7.472
thin2 1 thin_disk 8.76823025 -0.25 0.0084736 2.643471718 2.397 205.7560646 3482.571166 0.189 -2.271 -4.89 -6.399 -7.288 -7.583
thin2 1 thin_disk 8.76823025 -0.25 0.0084736 2.643479586 2.393 234.3433559 3411.143581 0.074 -2.075 -4.988 -6.621 -7.525 -7.836
thin2 1 thin_disk 8.76823025 -0.25 0.0084736 2.643489599 2.388 265.4927371 3344.259735 -0.035 -1.815 -5.044 -6.836 -7.749 -8.078
thin2 1 thin_disk 8.76823025 -0.25 0.0084736 2.643501997 2.382 288.5709737 3301.414086 -0.108 -1.613 -5.063 -6.981 -7.899 -8.239
thin2 1 thin_disk 8.76823025 -0.25 0.0084736 2.643516779 2.375 300.574854 3281.708485 -0.145 -1.501 -5.061 -7.053 -7.972 -8.318
thin2 1 thin_disk 8.76823025 -0.25 0.0084736 2.643533945 2.366 305.0370869 3276.423257 -0.159 -1.472 -5.066 -7.08 -7.999 -8.347
thin2 1 thin_disk 8.76823025 -0.25 0.0084736 2.643553734 2.357 306.5862298 3275.668919 -0.165 -1.476 -5.075 -7.091 -8.01 -8.358
thin2 1 thin_disk 8.76823025 -0.25 0.0084736 2.643553972 2.356 365.5549296 3188.599693 -0.318 -3.315 -5.544 -7.178 -8.174 -8.555
thin2 1 thin_disk 8.76823025 -0.25 0.0084736 2.643555403 2.356 302.9372264 3280.197551 -0.155 -3.22 -5.32 -6.888 -7.851 -8.209
thin2 1 thin_disk 8.76823025 -0.25 0.0084736 2.643558025 2.356 238.8650693 3400.165058 0.051 -3.094 -5.045 -6.529 -7.442 -7.77
thin2 1 thin_disk 8.76823025 -0.25 0.0084736 2.643562317 2.356 201.0724848 3490.599322 0.201 -3.002 -4.846 -6.269 -7.142 -7.45
thin2 1 thin_disk 8.76823025 -0.25 0.0084736 2.643568516 2.356 213.0358262 3456.209026 0.15 -3.026 -4.908 -6.354 -7.242 -7.557
thin2 1 thin_disk 8.76823025 -0.25 0.0084736 2.64357686 2.356 243.5300987 3379.091874 0.035 -3.069 -5.045 -6.543 -7.466 -7.799
thin2 1 thin_disk 8.76823025 -0.25 0.0084736 2.643587351 2.356 277.4295036 3299.894079 -0.079 -3.098 -5.17 -6.723 -7.68 -8.032
thin2 1 thin_disk 8.76823025 -0.25 0.0084736 2.643599987 2.355 304.8264476 3238.172647 -0.161 -3.101 -5.249 -6.843 -7.827 -8.193
thin2 1 thin_disk 8.76823025 -0.25 0.0084736 2.643615246 2.355 321.5530585 3196.686154 -0.207 -3.081 -5.282 -6.904 -7.904 -8.28
thin2 1 thin_disk 8.76823025 -0.25 0.0084736 2.643632889 2.355 331.1712634 3168.108159 -0.233 -3.048 -5.287 -6.929 -7.941 -8.323
thin2 1 thin_disk 8.76823025 -0.25 0.0084736 2.643653393 2.354 337.6390307 3144.850465 -0.25 -3.013 -5.283 -6.941 -7.961 -8.348
thin2 1 thin_disk 8.76823025 -0.25 0.0084736 2.643653631 2.354 415.7695169 3019.256431 -0.431 -2.868 -5.374 -7.165 -8.246 -8.707
thin2 1 thin_disk 8.76823025 -0.25 0.0084736 2.643655062 2.354 335.2375398 3150.648833 -0.243 -2.99 -5.26 -6.921 -7.944 -8.338
thin2 1 thin_disk 8.76823025 -0.25 0.0084736 2.643657684 2.354 255.4186734 3324.298396 -0.007 -3.001 -5.04 -6.574 -7.523 -7.867
thin2 1 thin_disk 8.76823025 -0.25 0.0084736 2.643661976 2.354 209.4366318 3457.801035 0.165 -2.994 -4.873 -6.316 -7.205 -7.519
thin2 1 thin_disk 8.76823025 -0.25 0.0084736 2.643667936 2.354 223.230044 3413.500729 0.109 -2.995 -4.926 -6.399 -7.308 -7.631
thin2 1 thin_disk 8.76823025 -0.25 0.0084736 2.643676043 2.354 257.7820332 3316.652722 -0.015 -2.996 -5.044 -6.583 -7.536 -7.882
thin2 1 thin_disk 8.76823025 -0.25 0.0084736 2.643686295 2.354 295.6328192 3226.264727 -0.134 -2.993 -5.154 -6.756 -7.748 -8.117
thin2 1 thin_disk 8.76823025 -0.25 0.0084736 2.643698931 2.354 324.0803094 3165.920463 -0.214 -2.981 -5.224 -6.871 -7.888 -8.275
thin2 1 thin_disk 8.76823025 -0.25 0.0084736 2.643713713 2.354 339.5882421 3134.007273 -0.255 -2.966 -5.258 -6.93 -7.958 -8.356
thin2 1 thin_disk 8.76823025 -0.25 0.0084736 2.643731356 2.354 347.178358 3117.453613 -0.274 -2.953 -5.268 -6.953 -7.988 -8.39
thin2 1 thin_disk 8.76823025 -0.25 0.0084736 2.643751383 2.354 351.1984939 3106.704883 -0.284 -2.94 -5.271 -6.964 -8.002 -8.408
thin2 1 thin_disk 8.76823025 -0.25 0.0084736 2.643751621 2.354 437.2729826 2973.03485 -0.474 -2.397 -5.099 -7.036 -8.197 -8.768
thin2 1 thin_disk 8.76823025 -0.25 0.0084736 2.643752813 2.354 351.7650155 3105.98962 -0.285 -2.858 -5.216 -6.933 -7.987 -8.418
thin2 1 thin_disk 8.76823025 -0.25 0.0084736 2.643755436 2.354 268.1344679 3280.197551 -0.05 -2.949 -5.045 -6.613 -7.585 -7.945
thin2 1 thin_disk 8.76823025 -0.25 0.0084736 2.643759727 2.354 219.3070762 3414.286808 0.125 -2.959 -4.888 -6.36 -7.27 -7.593
thin2 1 thin_disk 8.76823025 -0.25 0.0084736 2.64376545 2.354 234.2894025 3366.665744 0.067 -2.949 -4.936 -6.441 -7.373 -7.708
thin2 1 thin_disk 8.76823025 -0.25 0.0084736 2.643773317 2.354 270.8648465 3267.382661 -0.058 -2.929 -5.041 -6.617 -7.595 -7.957
thin2 1 thin_disk 8.76823025 -0.25 0.0084736 2.643783093 2.354 310.4935943 3175.411403 -0.177 -2.895 -5.132 -6.778 -7.798 -8.191
thin2 1 thin_disk 8.76823025 -0.25 0.0084736 2.643795252 2.354 340.2143633 3113.149665 -0.257 -2.839 -5.176 -6.879 -7.928 -8.349
thin2 1 thin_disk 8.76823025 -0.25 0.0084736 2.643809557 2.354 357.4807372 3077.513736 -0.299 -2.8 -5.195 -6.93 -7.993 -8.429
thin2 1 thin_disk 8.76823025 -0.25 0.0084736 2.643826485 2.354 366.0603114 3057.032107 -0.32 -2.764 -5.194 -6.947 -8.018 -8.462
thin2 1 thin_disk 8.76823025 -0.25 0.0084736 2.643845797 2.354 371.6658384 3040.885026 -0.333 -2.733 -5.188 -6.954 -8.031 -8.481
thin2 1 thin_disk 8.76823025 -0.25 0.0084736 2.643846035 2.354 465.1067526 2909.376992 -0.528 -1.885 -4.812 -6.908 -8.145 -8.819
thin2 1 thin_disk 8.76823025 -0.25 0.0084736 2.643847227 2.354 375.6234047 3035.288664 -0.342 -2.601 -5.106 -6.914 -8.017 -8.503
thin2 1 thin_disk 8.76823025 -0.25 0.0084736 2.64384985 2.354 287.7084682 3199.631767 -0.111 -2.806 -5.012 -6.642 -7.656 -8.045
thin2 1 thin_disk 8.76823025 -0.25 0.0084736 2.643853664 2.354 235.5334778 3328.894258 0.063 -2.836 -4.865 -6.396 -7.349 -7.694
thin2 1 thin_disk 8.76823025 -0.25 0.0084736 2.643859386 2.354 251.1612552 3285.488868 0.007 -2.826 -4.912 -6.474 -7.448 -7.805
thin2 1 thin_disk 8.76823025 -0.25 0.0084736 2.643866777 2.354 288.6374273 3194.478724 -0.113 -2.798 -5.009 -6.641 -7.657 -8.047
thin2 1 thin_disk 8.76823025 -0.25 0.0084736 2.643876314 2.354 328.5887156 3111.716337 -0.226 -2.739 -5.08 -6.789 -7.845 -8.272
thin2 1 thin_disk 8.76823025 -0.25 0.0084736 2.643887997 2.354 358.3048154 3056.32828 -0.302 -2.648 -5.097 -6.87 -7.956 -8.419
thin2 1 thin_disk 8.76823025 -0.25 0.0084736 2.643901825 2.354 374.5007095 3027.610481 -0.34 -2.592 -5.1 -6.906 -8.008 -8.49
thin2 1 thin_disk 8.76823025 -0.25 0.0084736 2.643918037 2.354 382.2545335 3012.312334 -0.357 -2.551 -5.091 -6.916 -8.026 -8.519
thin2 1 thin_disk 8.76823025 -0.25 0.0084736 2.643936634 2.354 386.5028003 3002.617421 -0.367 -2.526 -5.085 -6.92 -8.034 -8.532
thin2 1 thin_disk 8.76823025 -0.25 0.0084736 2.643936872 2.354 486.6902487 2868.798202 -0.567 -1.275 -4.435 -6.713 -8.042 -8.83
thin2 1 thin_disk 8.76823025 -0.25 0.0084736 2.643938065 2.354 393.8697658 2991.575722 -0.384 -2.408 -5.021 -6.897 -8.033 -8.562
thin2 1 thin_disk 8.76823025 -0.25 0.0084736 2.643940449 2.354 302.7977508 3151.37438 -0.155 -2.705 -4.987 -6.665 -7.708 -8.123
thin2 1 thin_disk 8.76823025 -0.25 0.0084736 2.643944263 2.354 247.4871445 3279.442344 0.02 -2.767 -4.861 -6.429 -7.408 -7.77
thin2 1 thin_disk 8.76823025 -0.25 0.0084736 2.643949747 2.354 263.9080543 3236.681757 -0.035 -2.753 -4.905 -6.505 -7.505 -7.881
thin2 1 thin_disk 8.76823025 -0.25 0.0084736 2.6439569 2.354 302.5189921 3149.19824 -0.154 -2.698 -4.982 -6.66 -7.704 -8.119
thin2 1 thin_disk 8.76823025 -0.25 0.0084736 2.64396596 2.354 343.1252236 3069.728738 -0.264 -2.615 -5.038 -6.797 -7.879 -8.335
thin2 1 thin_disk 8.76823025 -0.25 0.0084736 2.643977165 2.354 373.2094611 3017.171523 -0.337 -2.5 -5.037 -6.863 -7.976 -8.472
thin2 1 thin_disk 8.76823025 -0.25 0.0084736 2.643990517 2.354 389.4508399 2989.509928 -0.374 -2.417 -5.02 -6.886 -8.016 -8.536
thin2 1 thin_disk 8.76823025 -0.25 0.0084736 2.644006252 2.354 397.331178 2975.089259 -0.391 -2.377 -5.01 -6.894 -8.033 -8.563
thin2 1 thin_disk 8.76823025 -0.25 0.0084736 2.644024134 2.354 401.7470023 2965.514146 -0.4 -2.352 -5.004 -6.898 -8.04 -8.575
thin2 1 thin_disk 8.76823025 -0.25 0.0084736 2.644024372 2.354 508.806493 2830.088392 -0.606 -0.583 -3.998 -6.479 -7.906 -8.816
thin2 1 thin_disk 8.76823025 -0.25 0.0084736 2.644025564 2.354 412.6222518 2949.850457 -0.424 -2.129 -4.875 -6.842 -8.023 -8.611
thin2 1 thin_disk 8.76823025 -0.25 0.0084736 2.64402771 2.354 317.8722711 3105.98962 -0.197 -2.622 -4.975 -6.695 -7.761 -8.196
thin2 1 thin_disk 8.76823025 -0.25 0.0084736 2.644031525 2.354 259.389651 3232.957534 -0.021 -2.693 -4.853 -6.459 -7.464 -7.844
thin2 1 thin_disk 8.76823025 -0.25 0.0084736 2.64403677 2.354 276.4729489 3191.537855 -0.076 -2.667 -4.888 -6.53 -7.556 -7.955
thin2 1 thin_disk 8.76823025 -0.25 0.0084736 2.644043684 2.354 316.2661012 3106.704883 -0.193 -2.621 -4.97 -6.687 -7.752 -8.185
thin2 1 thin_disk 8.76823025 -0.25 0.0084736 2.644052505 2.354 357.8101408 3030.400298 -0.3 -2.497 -4.998 -6.803 -7.908 -8.391
thin2 1 thin_disk 8.76823025 -0.25 0.0084736 2.644063234 2.354 388.1974201 2980.574626 -0.371 -2.344 -4.968 -6.849 -7.988 -8.518
thin2 1 thin_disk 8.76823025 -0.25 0.0084736 2.644076109 2.354 404.4386433 2953.928643 -0.407 -2.222 -4.923 -6.854 -8.016 -8.577
thin2 1 thin_disk 8.76823025 -0.25 0.0084736 2.644091129 2.354 412.2423877 2941.033694 -0.423 -2.147 -4.889 -6.847 -8.022 -8.601
thin2 1 thin_disk 8.76823025 -0.25 0.0084736 2.644108295 2.354 415.9610299 2932.918534 -0.431 -2.106 -4.871 -6.845 -8.025 -8.613
thin2 1 thin_disk 8.76823025 -0.25 0.0084736 2.644108534 2.354 531.1933688 2793.830151 -0.643 0.463 -3.305 -6.08 -7.652 -8.721
thin2 1 thin_disk 8.76823025 -0.25 0.0084736 2.644109726 2.354 430.5788018 2912.728465 -0.461 -1.832 -4.714 -6.779 -8.006 -8.658
thin2 1 thin_disk 8.76823025 -0.25 0.0084736 2.644111872 2.354 332.6232823 3066.196616 -0.237 -2.531 -4.956 -6.718 -7.805 -8.263
thin2 1 thin_disk 8.76823025 -0.25 0.0084736 2.644115448 2.354 271.1768707 3193.007951 -0.059 -2.62 -4.841 -6.484 -7.512 -7.913
thin2 1 thin_disk 8.76823025 -0.25 0.0084736 2.644120455 2.354 288.7038961 3152.100095 -0.114 -2.616 -4.892 -6.565 -7.609 -8.02
thin2 1 thin_disk 8.76823025 -0.25 0.0084736 2.64412713 2.354 329.4220343 3070.435651 -0.228 -2.535 -4.951 -6.707 -7.791 -8.245
thin2 1 thin_disk 8.76823025 -0.25 0.0084736 2.644135714 2.354 371.3236791 2997.091486 -0.333 -2.36 -4.941 -6.796 -7.925 -8.439
thin2 1 thin_disk 8.76823025 -0.25 0.0084736 2.644145966 2.354 401.8395186 2949.850457 -0.401 -2.144 -4.865 -6.811 -7.983 -8.555
thin2 1 thin_disk 8.76823025 -0.25 0.0084736 2.644158363 2.354 417.5924565 2925.49931 -0.435 -1.977 -4.787 -6.797 -7.996 -8.61
thin2 1 thin_disk 8.76823025 -0.25 0.0084736 2.644172907 2.354 424.7688345 2914.070135 -0.449 -1.906 -4.754 -6.79 -8.002 -8.632
thin2 1 thin_disk 8.76823025 -0.25 0.0084736 2.644189596 2.354 428.205898 2907.367959 -0.457 -1.871 -4.738 -6.788 -8.004 -8.642
thin2 1 thin_disk 8.76823025 -0.25 0.0084736 2.644189835 2.354 549.2279685 2768.216163 -0.672 -2.722 -5.566 -7.479 -8.535 -9.011
thin2 1 thin_disk 8.76823025 -0.25 0.0084736 2.644190788 2.354 446.5320591 2883.367507 -0.493 -1.547 -4.554 -6.711 -7.982 -8.693
thin2 1 thin_disk 8.76823025 -0.25 0.0084736 2.644192934 2.354 346.1406818 3031.79617 -0.272 -2.435 -4.93 -6.732 -7.839 -8.32
thin2 1 thin_disk 8.76823025 -0.25 0.0084736 2.64419651 2.354 282.3271505 3156.457891 -0.094 -2.584 -4.852 -6.521 -7.563 -7.973
thin2 1 thin_disk 8.76823025 -0.25 0.0084736 2.644201279 2.354 300.2981418 3117.453613 -0.148 -2.563 -4.89 -6.594 -7.654 -8.08
thin2 1 thin_disk 8.76823025 -0.25 0.0084736 2.644207716 2.354 341.62736 3039.484969 -0.259 -2.46 -4.934 -6.723 -7.824 -8.297
thin2 1 thin_disk 8.76823025 -0.25 0.0084736 2.644215822 2.354 383.3122024 2970.297844 -0.36 -2.247 -4.895 -6.792 -7.94 -8.48
thin2 1 thin_disk 8.76823025 -0.25 0.0084736 2.644225836 2.354 413.5734444 2926.173009 -0.426 -1.93 -4.746 -6.763 -7.968 -8.587
thin2 1 thin_disk 8.76823025 -0.25 0.0084736 2.644237757 2.354 428.9954093 2904.691407 -0.458 -1.767 -4.669 -6.747 -7.98 -8.639
thin2 1 thin_disk 8.76823025 -0.25 0.0084736 2.644251823 2.354 435.7653004 2895.342865 -0.471 -1.701 -4.638 -6.741 -7.985 -8.66
thin2 1 thin_disk 8.76823025 -0.25 0.0084736 2.644267797 2.354 438.6848586 2890.679882 -0.478 -1.67 -4.623 -6.739 -7.988 -8.67
thin2 1 thin_disk 8.76823025 -0.25 0.0084736 2.644268036 2.354 565.9168757 2749.159897 -0.698 -2.699 -5.579 -7.509 -8.564 -9.048
thin2 1 thin_disk 8.76823025 -0.25 0.0084736 2.64426899 2.354 461.054903 2862.200149 -0.52 -1.098 -4.271 -6.563 -7.902 -8.697
thin2 1 thin_disk 8.76823025 -0.25 0.0084736 2.644271135 2.354 357.9749564 3008.846277 -0.301 -2.335 -4.892 -6.736 -7.863 -8.371
thin2 1 thin_disk 8.76823025 -0.25 0.0084736 2.644274473 2.354 291.3752404 3134.007273 -0.122 -2.563 -4.865 -6.553 -7.607 -8.026
thin2 1 thin_disk 8.76823025 -0.25 0.0084736 2.644279003 2.354 309.4942928 3097.419299 -0.175 -2.522 -4.889 -6.618 -7.692 -8.133
thin2 1 thin_disk 8.76823025 -0.25 0.0084736 2.64428544 2.354 351.5221087 3020.64717 -0.284 -2.373 -4.901 -6.726 -7.845 -8.343
thin2 1 thin_disk 8.76823025 -0.25 0.0084736 2.644293308 2.354 393.5977842 2953.248554 -0.383 -2.063 -4.792 -6.75 -7.931 -8.513
thin2 1 thin_disk 8.76823025 -0.25 0.0084736 2.644302845 2.354 423.6943228 2909.376992 -0.447 -1.741 -4.64 -6.719 -7.955 -8.617
thin2 1 thin_disk 8.76823025 -0.25 0.0084736 2.644314289 2.354 439.4936907 2888.018694 -0.479 -1.568 -4.554 -6.698 -7.963 -8.666
thin2 1 thin_disk 8.76823025 -0.25 0.0084736 2.644327879 2.354 445.7102738 2879.386738 -0.491 -1.437 -4.476 -6.662 -7.948 -8.676
thin2 1 thin_disk 8.76823025 -0.25 0.0084736 2.644343376 2.354 448.7997898 2876.073629 -0.497 -1.381 -4.443 -6.647 -7.941 -8.681
thin2 1 thin_disk 8.76823025 -0.25 0.0084736 2.644343615 2.353 588.1019844 2717.064824 -0.732 -2.642 -5.582 -7.542 -8.593 -9.093
thin2 1 thin_disk 8.76823025 -0.25 0.0084736 2.644344568 2.353 475.5023251 2841.188185 -0.547 -0.667 -4 -6.422 -7.826 -8.701
thin2 1 thin_disk 8.76823025 -0.25 0.0084736 2.644346476 2.353 366.0603114 3001.234983 -0.321 -2.275 -4.871 -6.743 -7.884 -8.414
thin2 1 thin_disk 8.76823025 -0.25 0.0084736 2.644349813 2.353 295.6328192 3138.340056 -0.134 -2.577 -4.884 -6.579 -7.636 -8.063
thin2 1 thin_disk 8.76823025 -0.25 0.0084736 2.644354343 2.353 315.6113732 3093.855315 -0.192 -2.518 -4.901 -6.642 -7.723 -8.175
thin2 1 thin_disk 8.76823025 -0.25 0.0084736 2.644360304 2.353 359.7929463 3008.153544 -0.306 -2.302 -4.874 -6.73 -7.864 -8.383
thin2 1 thin_disk 8.76823025 -0.25 0.0084736 2.644367933 2.353 404.9045386 2933.593941 -0.407 -1.875 -4.689 -6.71 -7.922 -8.547
thin2 1 thin_disk 8.76823025 -0.25 0.0084736 2.644377232 2.353 436.9710295 2884.695652 -0.474 -1.502 -4.505 -6.662 -7.935 -8.645
thin2 1 thin_disk 8.76823025 -0.25 0.0084736 2.644388199 2.353 454.4149854 2858.248604 -0.508 -1.149 -4.297 -6.565 -7.89 -8.668
thin2 1 thin_disk 8.76823025 -0.25 0.0084736 2.644401074 2.353 462.7566248 2843.806221 -0.524 -0.992 -4.205 -6.523 -7.87 -8.676
thin2 1 thin_disk 8.76823025 -0.25 0.0084736 2.644416094 2.353 468.5464426 2832.6962 -0.534 -0.9 -4.154 -6.5 -7.858 -8.68
thin2 1 thin_disk 8.76823025 -0.25 0.0084736 2.644416332 2.353 613.6950846 2679.785297 -0.769 -2.563 -5.574 -7.569 -8.616 -9.135
thin2 1 thin_disk 8.76823025 -0.25 0.0084736 2.644417286 2.353 499.0598651 2795.760728 -0.589 0.167 -3.465 -6.124 -7.639 -8.641
thin2 1 thin_disk 8.76823025 -0.25 0.0084736 2.644419193 2.353 387.2154209 2945.09969 -0.369 -2.003 -4.74 -6.702 -7.885 -8.467
thin2 1 thin_disk 8.76823025 -0.25 0.0084736 2.644422293 2.353 313.2222788 3075.388599 -0.184 -2.449 -4.851 -6.601 -7.687 -8.139
thin2 1 thin_disk 8.76823025 -0.25 0.0084736 2.644426584 2.353 333.4668329 3035.987646 -0.24 -2.378 -4.861 -6.657 -7.764 -8.242
thin2 1 thin_disk 8.76823025 -0.25 0.0084736 2.644432306 2.352 378.1400217 2958.012467 -0.349 -2.103 -4.788 -6.712 -7.876 -8.434
thin2 1 thin_disk 8.76823025 -0.25 0.0084736 2.644439697 2.352 422.817199 2890.679882 -0.445 -1.621 -4.56 -6.666 -7.913 -8.588
thin2 1 thin_disk 8.76823025 -0.25 0.0084736 2.644448519 2.352 453.8921219 2848.393592 -0.507 -1.061 -4.237 -6.526 -7.859 -8.648
thin2 1 thin_disk 8.76823025 -0.25 0.0084736 2.644459248 2.351 470.7091547 2826.18118 -0.538 -0.729 -4.04 -6.433 -7.816 -8.668
thin2 1 thin_disk 8.76823025 -0.25 0.0084736 2.644471884 2.351 477.8071506 2816.436734 -0.552 -0.59 -3.958 -6.395 -7.797 -8.675
thin2 1 thin_disk 8.76823025 -0.25 0.0084736 2.644486189 2.35 481.6733794 2809.959109 -0.559 -0.52 -3.917 -6.376 -7.787 -8.677
thin2 1 thin_disk 8.76823025 -0.25 0.0084736 2.644486427 2.35 635.115402 2653.994387 -0.799 -2.486 -5.555 -7.581 -8.628 -9.165
thin2 1 thin_disk 8.76823025 -0.25 0.0084736 2.644487381 2.35 517.0739335 2768.853641 -0.621 -2.42 -5.308 -7.27 -8.362 -8.882
thin2 1 thin_disk 8.76823025 -0.25 0.0084736 2.64448905 2.349 401.8395186 2916.083799 -0.402 -1.786 -4.627 -6.663 -7.88 -8.511
thin2 1 thin_disk 8.76823025 -0.25 0.0084736 2.644492149 2.349 324.2295883 3047.193267 -0.216 -2.388 -4.843 -6.623 -7.722 -8.191
thin2 1 thin_disk 8.76823025 -0.25 0.0084736 2.644496203 2.349 345.5036541 3006.768557 -0.271 -2.274 -4.824 -6.662 -7.788 -8.291
thin2 1 thin_disk 8.76823025 -0.25 0.0084736 2.644501925 2.348 391.1583854 2930.21846 -0.379 -1.9 -4.681 -6.674 -7.87 -8.472
thin2 1 thin_disk 8.76823025 -0.25 0.0084736 2.644509077 2.348 436.6692848 2864.17797 -0.474 -1.331 -4.391 -6.587 -7.876 -8.607
thin2 1 thin_disk 8.76823025 -0.25 0.0084736 2.64451766 2.347 468.2228939 2822.279362 -0.535 -0.674 -3.999 -6.403 -7.791 -8.649
thin2 1 thin_disk 8.76823025 -0.25 0.0084736 2.644527912 2.346 484.5656727 2801.560464 -0.565 -0.248 -3.733 -6.265 -7.713 -8.644
thin2 1 thin_disk 8.76823025 -0.25 0.0084736 2.644540071 2.345 491.5329598 2791.258123 -0.578 -0.004 -3.576 -6.178 -7.661 -8.63
thin2 1 thin_disk 8.76823025 -0.25 0.0084736 2.6445539 2.344 496.0810583 2784.838408 -0.585 -2.488 -5.318 -7.241 -8.32 -8.814
thin2 1 thin_disk 8.76823025 -0.25 0.0084736 2.644554138 2.344 657.737563 2626.031916 -0.831 -2.335 -5.486 -7.564 -8.623 -9.194
thin2 1 thin_disk 8.76823025 -0.25 0.0084736 2.644555092 2.344 535.8616103 2740.311921 -0.653 1.949 -2.276 -5.435 -7.196 -8.463
thin2 1 thin_disk 8.76823025 -0.25 0.0084736 2.644556761 2.343 416.9199191 2886.02441 -0.435 -1.565 -4.512 -6.624 -7.874 -8.552
thin2 1 thin_disk 8.76823025 -0.25 0.0084736 2.644559622 2.342 335.9329818 3017.866332 -0.247 -2.29 -4.809 -6.629 -7.748 -8.24
thin2 1 thin_disk 8.76823025 -0.25 0.0084736 2.644563675 2.341 357.9749564 2977.83068 -0.303 -2.168 -4.786 -6.665 -7.809 -8.337
thin2 1 thin_disk 8.76823025 -0.25 0.0084736 2.644569159 2.34 404.9977821 2901.349182 -0.41 -1.692 -4.572 -6.636 -7.863 -8.51
thin2 1 thin_disk 8.76823025 -0.25 0.0084736 2.644575834 2.338 451.0790373 2835.95934 -0.504 -0.927 -4.143 -6.46 -7.806 -8.61
thin2 1 thin_disk 8.76823025 -0.25 0.0084736 2.644584417 2.336 483.3398966 2793.830151 -0.565 -0.137 -3.656 -6.213 -7.673 -8.616
thin2 1 thin_disk 8.76823025 -0.25 0.0084736 2.644594431 2.333 499.8649031 2772.681598 -0.595 -2.446 -5.3 -7.235 -8.315 -8.814
thin2 1 thin_disk 8.76823025 -0.25 0.0084736 2.644606113 2.33 507.6362706 2762.485455 -0.608 -2.327 -5.232 -7.206 -8.303 -8.832
thin2 1 thin_disk 8.76823025 -0.25 0.0084736 2.644619465 2.327 511.743865 2756.131914 -0.616 -2.323 -5.237 -7.214 -8.31 -8.84
thin2 1 thin_disk 8.76823025 -0.25 0.0084736 2.644619703 2.326 686.2030512 2588.808942 -0.871 -2.157 -5.393 -7.531 -8.607 -9.223
thin2 1 thin_disk 8.76823025 -0.25 0.0084736 2.644620657 2.326 557.2532947 2705.826838 -0.691 -2.486 -5.436 -7.403 -8.456 -8.96
thin2 1 thin_disk 8.76823025 -0.25 0.0084736 2.644622326 2.324 432.2675602 2855.617271 -0.47 -2.52 -5.211 -7.068 -8.148 -8.608
thin2 1 thin_disk 8.76823025 -0.25 0.0084736 2.644625187 2.323 346.5394205 2993.642943 -0.278 -2.192 -4.773 -6.631 -7.767 -8.282
thin2 1 thin_disk 8.76823025 -0.25 0.0084736 2.64462924 2.32 370.1286003 2950.529764 -0.336 -2.008 -4.708 -6.643 -7.813 -8.377
thin2 1 thin_disk 8.76823025 -0.25 0.0084736 2.644634724 2.317 419.2302816 2871.44168 -0.445 -2.52 -5.182 -7.026 -8.105 -8.559
thin2 1 thin_disk 8.76823025 -0.25 0.0084736 2.644641399 2.313 467.4688156 2803.496382 -0.54 -2.476 -5.259 -7.156 -8.233 -8.71
thin2 1 thin_disk 8.76823025 -0.25 0.0084736 2.644649982 2.308 500.7865369 2760.577856 -0.601 -2.169 -5.112 -7.121 -8.24 -8.798
thin2 1 thin_disk 8.76823025 -0.25 0.0084736 2.644659996 2.302 518.3852609 2738.419634 -0.632 -1.967 -5.006 -7.085 -8.231 -8.837
thin2 1 thin_disk 8.76823025 -0.25 0.0084736 2.644671678 2.295 525.8388202 2728.349485 -0.646 -1.696 -4.833 -6.992 -8.181 -8.844
thin2 1 thin_disk 8.76823025 -0.25 0.0084736 2.64468503 2.287 529.6056929 2723.328305 -0.653 -1.696 -4.841 -7.002 -8.189 -8.853
thin2 1 thin_disk 8.76823025 -0.25 0.0084736 2.644685268 2.286 717.7160278 2547.416749 -0.918 -1.844 -5.189 -7.422 -8.552 -9.239
thin2 1 thin_disk 8.76823025 -0.25 0.0084736 2.644685984 2.286 581.3700367 2667.472802 -0.735 -2.398 -5.421 -7.425 -8.472 -8.995
thin2 1 thin_disk 8.76823025 -0.25 0.0084736 2.644687653 2.284 449.9379703 2821.629583 -0.512 -2.467 -5.218 -7.102 -8.182 -8.653
thin2 1 thin_disk 8.76823025 -0.25 0.0084736 2.644690275 2.282 358.6349783 2964.83139 -0.316 -2.053 -4.712 -6.62 -7.779 -8.325
thin2 1 thin_disk 8.76823025 -0.25 0.0084736 2.64469409 2.278 383.5770766 2920.115301 -0.374 -1.765 -4.577 -6.592 -7.799 -8.415
thin2 1 thin_disk 8.76823025 -0.25 0.0084736 2.644699097 2.273 434.3628208 2840.534053 -0.483 -2.475 -5.189 -7.056 -8.135 -8.599
thin2 1 thin_disk 8.76823025 -0.25 0.0084736 2.644705296 2.267 483.2286163 2773.320105 -0.578 -2.302 -5.175 -7.13 -8.224 -8.741
thin2 1 thin_disk 8.76823025 -0.25 0.0084736 2.644713163 2.26 517.5503956 2729.606226 -0.639 -1.65 -4.789 -6.952 -8.145 -8.811
thin2 1 thin_disk 8.76823025 -0.25 0.0084736 2.644722462 2.252 536.2318983 2706.449949 -0.671 -1.422 -4.666 -6.906 -8.129 -8.847
thin2 1 thin_disk 8.76823025 -0.25 0.0084736 2.644733191 2.242 545.4471098 2692.774587 -0.687 -1.371 -4.65 -6.909 -8.136 -8.865
thin2 1 thin_disk 8.76823025 -0.25 0.0084736 2.644745588 2.23 551.5090518 2681.019668 -0.7 -1.057 -4.443 -6.791 -8.061 -8.846
thin2 1 thin_disk 8.76823025 -0.25 0.0084736 2.644745827 2.229 749.2946726 2508.996179 -0.966 -1.534 -4.984 -7.309 -8.496 -9.251
thin2 1 thin_disk 8.76823025 -0.25 0.0084736 2.644746542 2.228 609.6107893 2623.010324 -0.787 -2.245 -5.366 -7.422 -8.47 -9.023
thin2 1 thin_disk 8.76823025 -0.25 0.0084736 2.644748211 2.225 474.299476 2768.853641 -0.569 -2.034 -4.975 -6.993 -8.124 -8.691
thin2 1 thin_disk 8.76823025 -0.25 0.0084736 2.644750833 2.221 378.3142018 2906.69859 -0.374 -1.71 -4.535 -6.553 -7.758 -8.372
thin2 1 thin_disk 8.76823025 -0.25 0.0084736 2.644754648 2.215 404.4386433 2863.518544 -0.433 -1.412 -4.392 -6.52 -7.772 -8.455
thin2 1 thin_disk 8.76823025 -0.25 0.0084736 2.644759417 2.207 457.0383518 2786.762771 -0.541 -2.222 -5.072 -7.022 -8.122 -8.64
thin2 1 thin_disk 8.76823025 -0.25 0.0084736 2.644765854 2.197 507.4025493 2722.074455 -0.634 -1.428 -4.624 -6.833 -8.051 -8.751
thin2 1 thin_disk 8.76823025 -0.25 0.0084736 2.644773483 2.185 542.5660871 2679.785297 -0.694 -0.629 -4.132 -6.587 -7.918 -8.773
thin2 1 thin_disk 8.76823025 -0.25 0.0084736 2.644782543 2.171 561.7623706 2656.439932 -0.727 -0.288 -3.927 -6.487 -7.86 -8.778
thin2 1 thin_disk 8.76823025 -0.25 0.0084736 2.644793272 2.154 571.4163265 2643.017264 -0.745 -2.292 -5.345 -7.356 -8.392 -8.914
thin2 1 thin_disk 8.76823025 -0.25 0.0084736 2.64480567 2.135 577.899934 2632.691674 -0.759 -2.279 -5.348 -7.365 -8.397 -8.92
thin2 1 thin_disk 8.76823025 -0.25 0.0084736 2.644805908 2.134 790.9565828 2457.536631 -1.031 -1.089 -4.681 -7.136 -8.396 -9.236
thin2 1 thin_disk 8.76823025 -0.25 0.0084736 2.644806624 2.132 643.6542554 2570.395783 -0.853 -2.117 -5.31 -7.412 -8.468 -9.054
thin2 1 thin_disk 8.76823025 -0.25 0.0084736 2.644808054 2.128 500.0951525 2715.18859 -0.635 -1.416 -4.608 -6.811 -8.02 -8.712
thin2 1 thin_disk 8.76823025 -0.25 0.0084736 2.644810677 2.121 398.3388313 2852.331512 -0.439 -1.317 -4.32 -6.461 -7.716 -8.406
thin2 1 thin_disk 8.76823025 -0.25 0.0084736 2.644814014 2.111 426.6312316 2807.372232 -0.501 -2.321 -5.083 -6.97 -8.047 -8.517
thin2 1 thin_disk 8.76823025 -0.25 0.0084736 2.644818783 2.097 482.8949291 2728.349485 -0.611 -1.489 -4.628 -6.793 -7.989 -8.657
thin2 1 thin_disk 8.76823025 -0.25 0.0084736 2.644824743 2.081 537.2205843 2660.72506 -0.707 -0.296 -3.9 -6.432 -7.794 -8.695
thin2 1 thin_disk 8.76823025 -0.25 0.0084736 2.644831896 2.061 575.9073813 2614.568352 -0.772 0.873 -3.141 -6.012 -7.532 -8.622
thin2 1 thin_disk 8.76823025 -0.25 0.0084736 2.644840479 2.037 599.0356166 2585.83018 -0.81 -2.198 -5.32 -7.363 -8.386 -8.924
thin2 1 thin_disk 8.76823025 -0.25 0.0084736 2.644850492 2.01 612.001723 2565.665297 -0.835 -2.095 -5.258 -7.333 -8.375 -8.94
thin2 1 thin_disk 8.76823025 -0.25 0.0084736 2.644862175 1.978 622.6624051 2548.003381 -0.857 2.844 -1.78 -5.194 -6.999 -8.376
thin2 1 thin_disk 8.76823025 -0.25 0.0084736 2.644862413 1.977 862.4871728 2367.009495 -1.14 7.837 1.716 -3.146 -5.723 -7.781
thin2 1 thin_disk 8.76823025 -0.25 0.0084736 2.644863129 1.973 700.4104948 2479.704899 -0.961 5.393 0.002 -4.131 -6.32 -8.05
thin2 1 thin_disk 8.76823025 -0.25 0.0084736 2.644864559 1.963 544.4432839 2621.802662 -0.743 1.255 -2.83 -5.772 -7.34 -8.471
thin2 1 thin_disk 8.76823025 -0.25 0.0084736 2.644866943 1.948 431.9690635 2758.036441 -0.546 -1.879 -4.806 -6.806 -7.923 -8.473
thin2 1 thin_disk 8.76823025 -0.25 0.0084736 2.644870281 1.927 465.6425349 2705.826838 -0.616 -1.047 -4.305 -6.563 -7.803 -8.534
thin2 1 thin_disk 8.76823025 -0.25 0.0084736 2.644874811 1.9 531.0710711 2618.183008 -0.737 1.578 -2.586 -5.599 -7.206 -8.377
thin2 1 thin_disk 8.76823025 -0.25 0.0084736 2.644880533 1.866 596.1460145 2540.387692 -0.844 4.366 -0.659 -4.45 -6.461 -8.027
thin2 1 thin_disk 8.76823025 -0.25 0.0084736 2.644887447 1.825 645.1380317 2483.133105 -0.923 6.802 1.078 -3.39 -5.758 -7.638
thin2 1 thin_disk 8.76823025 -0.25 0.0084736 2.644895792 1.777 678.0358309 2441.743273 -0.978 8.158 2.055 -2.788 -5.356 -7.406
thin2 1 thin_disk 8.76823025 -0.25 0.0084736 2.644905567 1.723 702.5102171 2407.132519 -1.021 9.338 2.912 -2.255 -4.994 -7.19
thin2 1 thin_disk 8.76823025 -0.25 0.0084736 2.644916773 1.663 724.1902023 2373.558828 -1.064 9.726 3.193 -2.08 -4.876 -7.12
thin2 1 thin_disk 8.76823025 -0.25 0.0084736 2.644917011 1.661 1021.298384 2187.761624 -1.363 7.536 1.49 -3.298 -5.835 -7.859
thin2 1 thin_disk 8.76823025 -0.25 0.0084736 2.644917727 1.653 826.5186256 2297.206307 -1.181 9.913 3.291 -2.073 -4.917 -7.201
thin2 1 thin_disk 8.76823025 -0.25 0.0084736 2.644919157 1.638 640.2545078 2434.445184 -0.963 8.826 2.581 -2.407 -5.051 -7.166
thin2 1 thin_disk 8.76823025 -0.25 0.0084736 2.644921303 1.615 505.1875566 2568.029451 -0.764 3.81 -0.953 -4.513 -6.406 -7.854
thin2 1 thin_disk 8.76823025 -0.25 0.0084736 2.644924641 1.582 550.6208403 2505.532266 -0.847 6.112 0.668 -3.53 -5.76 -7.518
thin2 1 thin_disk 8.76823025 -0.25 0.0084736 2.644928932 1.539 635.9934528 2407.686846 -0.984 9.96 3.424 -1.853 -4.651 -6.896
thin2 1 thin_disk 8.76823025 -0.25 0.0084736 2.644934177 1.486 721.5270956 2321.132861 -1.109 10.349 3.677 -1.737 -4.608 -6.914
thin2 1 thin_disk 8.76823025 -0.25 0.0084736 2.644940853 1.424 787.1412006 2258.395501 -1.203 9.595 3.107 -2.121 -4.893 -7.117
thin2 1 thin_disk 8.76823025 -0.25 0.0084736 2.644948721 1.354 828.2332181 2218.19642 -1.27 8.309 2.16 -2.729 -5.321 -7.391
thin2 1 thin_disk 8.76823025 -0.25 0.0084736 2.644958019 1.276 850.4575576 2195.330949 -1.318 6.718 0.996 -3.466 -5.83 -7.708
thin2 1 thin_disk 8.76823025 -0.25 0.0084736 2.644968748 1.191 859.5133862 2186.250894 -1.357 4.814 -0.393 -4.342 -6.432 -8.078
thin2 1 thin_disk 8.76823025 -0.25 0.0084736 2.644968986 1.19 1288.405722 1957.9428 -1.709 4.866 -0.465 -4.535 -6.69 -8.392
thin2 1 thin_disk 8.76823025 -0.25 0.0084736 2.644969463 1.184 1034.552763 2063.953934 -1.521 4.677 -0.535 -4.488 -6.58 -8.228
thin2 1 thin_disk 8.76823025 -0.25 0.0084736 2.644970894 1.172 798.2752139 2192.804935 -1.3 4.324 -0.701 -4.481 -6.478 -8.039
thin2 1 thin_disk 8.76823025 -0.25 0.0084736 2.64497304 1.154 625.3924657 2320.064186 -1.095 2.873 -1.657 -4.973 -6.718 -8.048
thin2 1 thin_disk 8.76823025 -0.25 0.0084736 2.644976139 1.129 724.523781 2194.320195 -1.232 2.794 -1.735 -5.051 -6.795 -8.125
thin2 1 thin_disk 8.76823025 -0.25 0.0084736 2.644980192 1.096 903.9671422 2025.349607 -1.437 2.524 -1.966 -5.245 -6.97 -8.282
thin2 1 thin_disk 8.76823025 -0.25 0.0084736 2.644985437 1.056 1092.578487 1888.426125 -1.618 1.979 -2.386 -5.549 -7.211 -8.464
thin2 1 thin_disk 8.76823025 -0.25 0.0084736 2.644991636 1.009 1210.466138 1820.119908 -1.727 1.168 -2.98 -5.942 -7.491 -8.634
thin2 1 thin_disk 8.76823025 -0.25 0.0084736 2.644999266 0.956 1194.682893 1843.741368 -1.739 9.055 2.707 -2.382 -5.08 -7.24
thin2 1 thin_disk 8.76823025 -0.25 0.0084736 2.645007849 0.897 1027.667554 1990.215022 -1.636 7.257 1.394 -3.21 -5.649 -7.591
thin2 1 thin_disk 8.76823025 -0.25 0.0084736 2.645018101 0.833 755.3576724 2320.064186 -1.4 5.085 -0.19 -4.206 -6.331 -8.008
thin2 1 thin_disk 8.76823025 -0.25 0.0084736 2.645036697 0.736 3.335436253e-06 10000 1.165 30.047 30.03 30.028 30.05 30.059
