# component component_index family logAge MH Zini Mini Mass radius_rsun Teff_K logg Jmag_2mass Hmag_2mass Ksmag_2mass F087mag F146mag F213mag
thin3 2 thin_disk 9.18080146 0.25 0.025095 0.0955969095 0.095 0.133614209 2303.5625 5.164 10.977 10.388 10.092 12.839 11.004 10.171
thin3 2 thin_disk 9.18080146 0.25 0.025095 0.0995225608 0.099 0.1376108397 2341.531475 5.155 10.843 10.254 9.958 12.705 10.87 10.036
thin3 2 thin_disk 9.18080146 0.25 0.025095 0.1055120975 0.105 0.1440962387 2398.832919 5.14 10.638 10.051 9.753 12.5 10.665 9.832
thin3 2 thin_disk 9.18080146 0.25 0.025095 0.1095236242 0.109 0.1483380771 2430.524482 5.131 10.518 9.931 9.632 12.38 10.545 9.711
thin3 2 thin_disk 9.18080146 0.25 0.025095 0.1160217747 0.116 0.155043172 2480.847108 5.118 10.333 9.747 9.447 12.195 10.36 9.526
thin3 2 thin_disk 9.18080146 0.25 0.025095 0.125304848 0.125 0.1645707487 2549.177051 5.099 10.085 9.499 9.198 11.947 10.112 9.276
thin3 2 thin_disk 9.18080146 0.25 0.025095 0.1253425032 0.125 0.1646844694 2549.764088 5.099 10.084 9.498 9.197 11.946 10.111 9.276
thin3 2 thin_disk 9.18080146 0.25 0.025095 0.145172894 0.145 0.1836338099 2661.337785 5.068 9.677 9.095 8.794 11.462 9.694 8.868
thin3 2 thin_disk 9.18080146 0.25 0.025095 0.1650032997 0.165 0.2015824155 2745.364414 5.043 9.371 8.791 8.496 11.026 9.37 8.563
thin3 2 thin_disk 9.18080146 0.25 0.025095 0.1878082454 0.187 0.2208272402 2820.330474 5.02 9.08 8.501 8.212 10.631 9.066 8.275
thin3 2 thin_disk 9.18080146 0.25 0.025095 0.2046640813 0.204 0.2346673369 2871.44168 5.004 8.889 8.31 8.025 10.375 8.866 8.085
thin3 2 thin_disk 9.18080146 0.25 0.025095 0.2189093828 0.218 0.2458400552 2904.022654 4.993 8.749 8.169 7.888 10.197 8.72 7.945
thin3 2 thin_disk 9.18080146 0.25 0.025095 0.2542400956 0.254 0.2731194598 2977.83068 4.967 8.435 7.854 7.581 9.804 8.396 7.635
thin3 2 thin_disk 9.18080146 0.25 0.025095 0.3126661777 0.312 0.3185316893 3076.096815 4.924 7.996 7.41 7.149 9.271 7.942 7.198
thin3 2 thin_disk 9.18080146 0.25 0.025095 0.3250591755 0.325 0.3302574664 3093.143011 4.909 7.898 7.311 7.052 9.158 7.842 7.1
thin3 2 thin_disk 9.18080146 0.25 0.025095 0.3317702115 0.332 0.3361651163 3103.130215 4.903 7.849 7.261 7.003 9.101 7.791 7.051
thin3 2 thin_disk 9.18080146 0.25 0.025095 0.3533920944 0.353 0.3534700691 3136.172917 4.886 7.704 7.113 6.859 8.931 7.641 6.905
thin3 2 thin_disk 9.18080146 0.25 0.025095 0.4029681087 0.403 0.3949595731 3219.585776 4.847 7.375 6.775 6.531 8.543 7.301 6.574
thin3 2 thin_disk 9.18080146 0.25 0.025095 0.4333232939 0.433 0.4229145675 3278.687312 4.819 7.169 6.561 6.322 8.299 7.085 6.362
thin3 2 thin_disk 9.18080146 0.25 0.025095 0.4525440931 0.452 0.4406082705 3313.599378 4.803 7.047 6.433 6.197 8.154 6.957 6.236
thin3 2 thin_disk 9.18080146 0.25 0.025095 0.502120018 0.502 0.4898381936 3418.219914 4.756 6.715 6.085 5.857 7.763 6.608 5.892
thin3 2 thin_disk 9.18080146 0.25 0.025095 0.5202191472 0.52 0.508221045 3465.77209 4.739 6.588 5.952 5.727 7.612 6.475 5.759
thin3 2 thin_disk 9.18080146 0.25 0.025095 0.5591481328 0.559 0.5477124902 3575.197187 4.705 6.328 5.677 5.46 7.297 6.2 5.488
thin3 2 thin_disk 9.18080146 0.25 0.025095 0.5961793065 0.596 0.5824419468 3704.24753 4.68 6.086 5.42 5.215 6.994 5.943 5.238
thin3 2 thin_disk 9.18080146 0.25 0.025095 0.601271987 0.601 0.5871548395 3721.34556 4.677 6.054 5.386 5.183 6.954 5.91 5.205
thin3 2 thin_disk 9.18080146 0.25 0.025095 0.6066970229 0.606 0.5914971342 3746.277983 4.674 6.018 5.347 5.147 6.908 5.871 5.169
thin3 2 thin_disk 9.18080146 0.25 0.025095 0.6489886642 0.649 0.6238104487 3938.220241 4.658 5.743 5.061 4.887 6.567 5.585 4.903
thin3 2 thin_disk 9.18080146 0.25 0.025095 0.650848031 0.651 0.6248167231 3946.389982 4.657 5.732 5.049 4.876 6.553 5.573 4.892
thin3 2 thin_disk 9.18080146 0.25 0.025095 0.653041482 0.653 0.626401292 3957.309339 4.657 5.717 5.034 4.863 6.535 5.559 4.879
thin3 2 thin_disk 9.18080146 0.25 0.025095 0.7004240751 0.7 0.6566782692 4201.457744 4.646 5.42 4.752 4.613 6.172 5.265 4.624
thin3 2 thin_disk 9.18080146 0.25 0.025095 0.75 0.75 0.6725934673 4536.281532 4.655 5.127 4.522 4.418 5.795 4.996 4.425
thin3 2 thin_disk 9.18080146 0.25 0.025095 0.7636479735 0.764 0.6847824869 4589.86593 4.647 5.053 4.463 4.363 5.706 4.928 4.369
thin3 2 thin_disk 9.18080146 0.25 0.025095 0.8000000119 0.8 0.7162302258 4734.782132 4.628 4.861 4.317 4.224 5.476 4.754 4.229
thin3 2 thin_disk 9.18080146 0.25 0.025095 0.8500000238 0.85 0.758844245 4943.10687 4.605 4.609 4.124 4.041 5.172 4.523 4.045
thin3 2 thin_disk 9.18080146 0.25 0.025095 0.8999999762 0.899 0.8030685991 5148.728601 4.58 4.37 3.938 3.862 4.885 4.301 3.865
thin3 2 thin_disk 9.18080146 0.25 0.025095 0.9500000477 0.95 0.8522218108 5343.182401 4.552 4.14 3.752 3.684 4.613 4.086 3.688
thin3 2 thin_disk 9.18080146 0.25 0.025095 0.9660242796 0.966 0.8688656836 5402.564991 4.542 4.068 3.693 3.627 4.529 4.018 3.63
thin3 2 thin_disk 9.18080146 0.25 0.025095 1 1 0.9060510017 5527.134079 4.522 3.92 3.568 3.508 4.355 3.877 3.511
thin3 2 thin_disk 9.18080146 0.25 0.025095 1.049999952 1.049 0.9655008153 5697.705528 4.487 3.707 3.387 3.334 4.112 3.673 3.336
thin3 2 thin_disk 9.18080146 0.25 0.025095 1.07504499 1.074 0.9978210116 5778.298856 4.468 3.602 3.295 3.245 3.992 3.571 3.247
thin3 2 thin_disk 9.18080146 0.25 0.025095 1.100000024 1.099 1.031460604 5855.985598 4.449 3.499 3.204 3.157 3.877 3.472 3.16
thin3 2 thin_disk 9.18080146 0.25 0.025095 1.107834101 1.107 1.043164129 5880.306995 4.443 3.466 3.176 3.13 3.841 3.44 3.132
thin3 2 thin_disk 9.18080146 0.25 0.025095 1.149999976 1.149 1.105484467 6002.055404 4.409 3.295 3.025 2.983 3.65 3.275 2.985
thin3 2 thin_disk 9.18080146 0.25 0.025095 1.181585073 1.181 1.155187936 6088.355458 4.382 3.169 2.912 2.873 3.51 3.152 2.875
thin3 2 thin_disk 9.18080146 0.25 0.025095 1.200000048 1.199 1.184275227 6139.033454 4.367 3.096 2.848 2.81 3.431 3.081 2.812
thin3 2 thin_disk 9.18080146 0.25 0.025095 1.220715642 1.22 1.217734597 6191.558776 4.35 3.018 2.777 2.74 3.344 3.004 2.742
thin3 2 thin_disk 9.18080146 0.25 0.025095 1.25 1.25 1.266930072 6261.811646 4.326 2.908 2.677 2.643 3.224 2.897 2.645
thin3 2 thin_disk 9.18080146 0.25 0.025095 1.290904641 1.291 1.337989314 6354.77239 4.293 2.759 2.542 2.509 3.063 2.751 2.511
thin3 2 thin_disk 9.18080146 0.25 0.025095 1.299999952 1.3 1.354105945 6375.29081 4.285 2.726 2.512 2.48 3.027 2.719 2.482
thin3 2 thin_disk 9.18080146 0.25 0.025095 1.318440437 1.318 1.388201933 6413.572375 4.271 2.661 2.453 2.422 2.957 2.656 2.423
thin3 2 thin_disk 9.18080146 0.25 0.025095 1.350000024 1.35 1.446613937 6477.389307 4.245 2.552 2.352 2.322 2.84 2.548 2.324
thin3 2 thin_disk 9.18080146 0.25 0.025095 1.388897419 1.389 1.520731861 6550.885369 4.214 2.42 2.23 2.201 2.698 2.419 2.203
thin3 2 thin_disk 9.18080146 0.25 0.025095 1.399999976 1.4 1.542242422 6569.011165 4.205 2.383 2.195 2.167 2.658 2.382 2.168
thin3 2 thin_disk 9.18080146 0.25 0.025095 1.450000048 1.45 1.646465538 6649.668571 4.164 2.215 2.039 2.011 2.481 2.217 2.013
thin3 2 thin_disk 9.18080146 0.25 0.025095 1.470432401 1.47 1.691424609 6678.824014 4.146 2.148 1.976 1.948 2.409 2.15 1.949
thin3 2 thin_disk 9.18080146 0.25 0.025095 1.5 1.5 1.760567355 6714.288529 4.12 2.05 1.882 1.855 2.307 2.053 1.856
thin3 2 thin_disk 9.18080146 0.25 0.025095 1.51696384 1.517 1.803651573 6729.766563 4.105 1.994 1.829 1.801 2.249 1.998 1.803
thin3 2 thin_disk 9.18080146 0.25 0.025095 1.546536326 1.546 1.881709792 6749.941361 4.076 1.895 1.733 1.706 2.147 1.899 1.707
thin3 2 thin_disk 9.18080146 0.25 0.025095 1.549999952 1.55 1.89170166 6751.495772 4.072 1.883 1.722 1.694 2.135 1.888 1.695
thin3 2 thin_disk 9.18080146 0.25 0.025095 1.57197082 1.572 1.950979225 6763.943948 4.051 1.81 1.651 1.623 2.061 1.815 1.624
thin3 2 thin_disk 9.18080146 0.25 0.025095 1.595700979 1.595 2.02373035 6768.617929 4.025 1.729 1.57 1.543 1.979 1.734 1.544
thin3 2 thin_disk 9.18080146 0.25 0.025095 1.600000024 1.6 2.037758178 6768.617929 4.02 1.714 1.555 1.528 1.964 1.719 1.529
thin3 2 thin_disk 9.18080146 0.25 0.025095 1.623641968 1.623 2.115692979 6770.176641 3.995 1.633 1.475 1.447 1.883 1.638 1.448
thin3 2 thin_disk 9.18080146 0.25 0.025095 1.649999976 1.649 2.212343939 6759.273195 3.963 1.54 1.381 1.352 1.79 1.544 1.354
thin3 2 thin_disk 9.18080146 0.25 0.025095 1.660747886 1.66 2.253993425 6754.605666 3.95 1.501 1.342 1.313 1.752 1.506 1.315
thin3 2 thin_disk 9.18080146 0.25 0.025095 1.674999952 1.674 2.309152657 6746.833614 3.932 1.45 1.29 1.261 1.702 1.454 1.262
thin3 2 thin_disk 9.18080146 0.25 0.025095 1.689824581 1.689 2.371661179 6734.416927 3.913 1.396 1.234 1.206 1.649 1.4 1.207
thin3 2 thin_disk 9.18080146 0.25 0.025095 1.700000048 1.699 2.420207736 6720.475466 3.898 1.358 1.195 1.166 1.613 1.362 1.167
thin3 2 thin_disk 9.18080146 0.25 0.025095 1.714141727 1.713 2.487440178 6701.931737 3.878 1.304 1.139 1.11 1.561 1.307 1.111
thin3 2 thin_disk 9.18080146 0.25 0.025095 1.725000143 1.724 2.540695655 6684.978272 3.862 1.262 1.095 1.065 1.521 1.265 1.067
thin3 2 thin_disk 9.18080146 0.25 0.025095 1.743171692 1.742 2.642120647 6646.606991 3.833 1.191 1.019 0.989 1.455 1.193 0.991
thin3 2 thin_disk 9.18080146 0.25 0.025095 1.75 1.749 2.678876206 6631.320219 3.822 1.164 0.99 0.96 1.43 1.166 0.962
thin3 2 thin_disk 9.18080146 0.25 0.025095 1.761605501 1.76 2.746961957 6605.413352 3.803 1.118 0.941 0.911 1.387 1.119 0.912
thin3 2 thin_disk 9.18080146 0.25 0.025095 1.775000095 1.774 2.829779818 6572.037003 3.781 1.064 0.883 0.852 1.338 1.064 0.854
thin3 2 thin_disk 9.18080146 0.25 0.025095 1.77968812 1.779 2.861229176 6558.431698 3.773 1.045 0.863 0.831 1.321 1.045 0.833
thin3 2 thin_disk 9.18080146 0.25 0.025095 1.79812932 1.797 2.990560859 6496.807517 3.739 0.969 0.778 0.746 1.252 0.967 0.748
thin3 2 thin_disk 9.18080146 0.25 0.025095 1.799999952 1.799 3.00436466 6489.332095 3.735 0.961 0.77 0.737 1.245 0.959 0.739
thin3 2 thin_disk 9.18080146 0.25 0.025095 1.816650152 1.815 3.133665562 6423.918168 3.702 0.889 0.689 0.655 1.182 0.885 0.657
thin3 2 thin_disk 9.18080146 0.25 0.025095 1.825000048 1.824 3.202230907 6391.458892 3.686 0.854 0.649 0.615 1.151 0.849 0.616
thin3 2 thin_disk 9.18080146 0.25 0.025095 1.839150667 1.838 3.32240556 6332.861645 3.657 0.793 0.581 0.545 1.098 0.786 0.547
thin3 2 thin_disk 9.18080146 0.25 0.025095 1.850000143 1.849 3.418634293 6286.370884 3.635 0.746 0.528 0.49 1.058 0.738 0.492
thin3 2 thin_disk 9.18080146 0.25 0.025095 1.853679895 1.853 3.451855799 6270.468637 3.628 0.73 0.51 0.472 1.045 0.722 0.474
thin3 2 thin_disk 9.18080146 0.25 0.025095 1.871220827 1.87 3.619533869 6201.546437 3.589 0.648 0.417 0.378 0.973 0.637 0.379
thin3 2 thin_disk 9.18080146 0.25 0.025095 1.875 1.874 3.658075332 6190.133281 3.581 0.629 0.397 0.357 0.956 0.618 0.358
thin3 2 thin_disk 9.18080146 0.25 0.025095 1.880782366 1.88 3.719226648 6167.369945 3.568 0.601 0.365 0.325 0.931 0.589 0.327
thin3 2 thin_disk 9.18080146 0.25 0.025095 1.885277033 1.884 3.767494655 6156.019686 3.558 0.578 0.34 0.299 0.909 0.565 0.301
thin3 2 thin_disk 9.18080146 0.25 0.025095 1.889502645 1.888 3.810242745 6202.97456 3.55 0.538 0.308 0.268 0.862 0.527 0.27
thin3 2 thin_disk 9.18080146 0.25 0.025095 1.894293308 1.893 3.847269813 6309.573445 3.542 0.48 0.266 0.229 0.789 0.473 0.231
thin3 2 thin_disk 9.18080146 0.25 0.025095 1.895477772 1.894 3.848155781 6407.667976 3.543 0.449 0.25 0.215 0.744 0.446 0.216
thin3 2 thin_disk 9.18080146 0.25 0.025095 1.895959377 1.895 3.835770766 6507.287578 3.546 0.425 0.239 0.206 0.707 0.424 0.208
thin3 2 thin_disk 9.18080146 0.25 0.025095 1.896212459 1.895 3.819026262 6608.455958 3.549 0.401 0.229 0.197 0.669 0.403 0.198
thin3 2 thin_disk 9.18080146 0.25 0.025095 1.896371484 1.895 3.803230479 6714.288529 3.553 0.378 0.22 0.189 0.632 0.383 0.19
thin3 2 thin_disk 9.18080146 0.25 0.025095 1.896507144 1.895 3.778789021 6813.966593 3.559 0.362 0.217 0.186 0.603 0.369 0.188
thin3 2 thin_disk 9.18080146 0.25 0.025095 1.896533251 1.895 3.762293263 6785.78351 3.562 0.378 0.229 0.199 0.623 0.385 0.2
thin3 2 thin_disk 9.18080146 0.25 0.025095 1.896600604 1.896 3.738975719 6686.517722 3.567 0.422 0.26 0.229 0.68 0.426 0.23
thin3 2 thin_disk 9.18080146 0.25 0.025095 1.896655202 1.896 3.768362253 6584.154299 3.56 0.437 0.261 0.229 0.708 0.438 0.23
thin3 2 thin_disk 9.18080146 0.25 0.025095 1.896737456 1.896 3.889131652 6447.628406 3.534 0.413 0.219 0.185 0.702 0.411 0.186
thin3 2 thin_disk 9.18080146 0.25 0.025095 1.896852016 1.896 4.075234881 6309.573445 3.493 0.356 0.143 0.106 0.665 0.349 0.107
thin3 2 thin_disk 9.18080146 0.25 0.025095 1.897028327 1.896 4.289954093 6167.369945 3.448 0.293 0.058 0.017 0.622 0.281 0.019
thin3 2 thin_disk 9.18080146 0.25 0.025095 1.897286296 1.896 4.484898769 6021.434964 3.409 0.246 -0.012 -0.057 0.599 0.229 -0.055
thin3 2 thin_disk 9.18080146 0.25 0.025095 1.89765358 1.897 4.64357693 5873.540937 3.379 0.227 -0.058 -0.107 0.604 0.202 -0.105
thin3 2 thin_disk 9.18080146 0.25 0.025095 1.898124576 1.897 4.750645729 5724.004941 3.36 0.24 -0.072 -0.126 0.643 0.208 -0.124
thin3 2 thin_disk 9.18080146 0.25 0.025095 1.898515105 1.897 4.779171824 5615.649584 3.355 0.272 -0.061 -0.119 0.696 0.234 -0.117
thin3 2 thin_disk 9.18080146 0.25 0.025095 1.898878574 1.898 4.772573713 5523.317389 3.356 0.316 -0.037 -0.098 0.759 0.273 -0.096
thin3 2 thin_disk 9.18080146 0.25 0.025095 1.899199009 1.898 4.755023251 5445.026528 3.359 0.362 -0.007 -0.071 0.822 0.315 -0.068
thin3 2 thin_disk 9.18080146 0.25 0.025095 1.899610162 1.899 4.730996697 5346.874616 3.364 0.421 0.031 -0.036 0.902 0.367 -0.034
thin3 2 thin_disk 9.18080146 0.25 0.025095 1.900000095 1.899 4.744087001 5260.172664 3.362 0.46 0.051 -0.02 0.96 0.4 -0.018
thin3 2 thin_disk 9.18080146 0.25 0.025095 1.900023341 1.899 4.741902771 5255.330096 3.362 0.463 0.052 -0.019 0.964 0.402 -0.017
thin3 2 thin_disk 9.18080146 0.25 0.025095 1.900328159 1.899 4.797916051 5191.585371 3.352 0.471 0.046 -0.028 0.987 0.407 -0.025
thin3 2 thin_disk 9.18080146 0.25 0.025095 1.900547028 1.9 4.884865888 5151.100225 3.336 0.454 0.019 -0.056 0.979 0.386 -0.054
thin3 2 thin_disk 9.18080146 0.25 0.025095 1.901197433 1.9 5.263233587 5048.937562 3.271 0.346 -0.113 -0.194 0.897 0.27 -0.191
thin3 2 thin_disk 9.18080146 0.25 0.025095 1.901625752 1.901 5.631870303 4994.591802 3.213 0.231 -0.242 -0.325 0.795 0.15 -0.322
thin3 2 thin_disk 9.18080146 0.25 0.025095 1.902014613 1.901 6.02493887 4949.940744 3.154 0.11 -0.374 -0.459 0.686 0.026 -0.457
thin3 2 thin_disk 9.18080146 0.25 0.025095 1.902350068 1.901 6.404019488 4915.865592 3.102 -0.003 -0.495 -0.582 0.583 -0.089 -0.58
thin3 2 thin_disk 9.18080146 0.25 0.025095 1.902656913 1.902 6.781919724 4885.398559 3.051 -0.11 -0.61 -0.699 0.483 -0.2 -0.696
thin3 2 thin_disk 9.18080146 0.25 0.025095 1.902947307 1.902 7.17881307 4856.238414 3.003 -0.215 -0.722 -0.813 0.386 -0.307 -0.81
thin3 2 thin_disk 9.18080146 0.25 0.025095 1.903224349 1.902 7.574476889 4829.475864 2.956 -0.316 -0.831 -0.923 0.292 -0.411 -0.92
thin3 2 thin_disk 9.18080146 0.25 0.025095 1.903496146 1.903 7.988268334 4803.966829 2.91 -0.415 -0.936 -1.03 0.2 -0.512 -1.027
thin3 2 thin_disk 9.18080146 0.25 0.025095 1.903766036 1.903 8.407224504 4780.793661 2.865 -0.513 -1.04 -1.136 0.11 -0.612 -1.133
thin3 2 thin_disk 9.18080146 0.25 0.025095 1.904034138 1.903 8.862426468 4756.636893 2.82 -0.61 -1.144 -1.241 0.019 -0.711 -1.238
thin3 2 thin_disk 9.18080146 0.25 0.025095 1.904299259 1.903 9.33152545 4732.602186 2.775 -0.707 -1.247 -1.347 -0.071 -0.811 -1.344
thin3 2 thin_disk 9.18080146 0.25 0.025095 1.904560685 1.904 9.82998024 4707.604833 2.73 -0.805 -1.352 -1.453 -0.161 -0.911 -1.45
thin3 2 thin_disk 9.18080146 0.25 0.025095 1.904815674 1.904 10.3550606 4682.739514 2.685 -0.901 -1.455 -1.558 -0.251 -1.01 -1.555
thin3 2 thin_disk 9.18080146 0.25 0.025095 1.905065656 1.904 10.90818877 4658.005532 2.64 -0.997 -1.558 -1.663 -0.34 -1.109 -1.66
thin3 2 thin_disk 9.18080146 0.25 0.025095 1.905308485 1.904 11.49086295 4633.402194 2.595 -1.093 -1.661 -1.768 -0.428 -1.208 -1.765
thin3 2 thin_disk 9.18080146 0.25 0.025095 1.905544519 1.905 12.09630266 4607.867687 2.55 -1.188 -1.763 -1.872 -0.516 -1.305 -1.869
thin3 2 thin_disk 9.18080146 0.25 0.025095 1.90580821 1.905 12.82486035 4579.309532 2.499 -1.295 -1.879 -1.99 -0.614 -1.416 -1.987
thin3 2 thin_disk 9.18080146 0.25 0.025095 1.906032681 1.905 13.50058678 4554.073127 2.455 -1.39 -1.98 -2.093 -0.701 -1.513 -2.09
thin3 2 thin_disk 9.18080146 0.25 0.025095 1.906302333 1.905 14.36655517 4522.723108 2.4 -1.506 -2.104 -2.221 -0.808 -1.632 -2.218
thin3 2 thin_disk 9.18080146 0.25 0.025095 1.906558871 1.906 15.28103058 4492.623247 2.347 -1.618 -2.225 -2.344 -0.911 -1.748 -2.341
thin3 2 thin_disk 9.18080146 0.25 0.025095 1.906801224 1.906 16.19767366 4462.723708 2.297 -1.724 -2.339 -2.461 -1.007 -1.857 -2.458
thin3 2 thin_disk 9.18080146 0.25 0.025095 1.907010078 1.906 17.03149004 4438.129803 2.253 -1.815 -2.436 -2.561 -1.09 -1.95 -2.558
thin3 2 thin_disk 9.18080146 0.25 0.025095 1.907230377 1.906 17.88762348 4413.671435 2.21 -1.905 -2.533 -2.661 -1.172 -2.043 -2.658
thin3 2 thin_disk 9.18080146 0.25 0.025095 1.907517791 1.907 18.93008852 4385.306978 2.161 -2.007 -2.643 -2.774 -1.266 -2.149 -2.771
thin3 2 thin_disk 9.18080146 0.25 0.025095 1.907869458 1.907 19.67671725 4366.163553 2.128 -2.077 -2.718 -2.851 -1.329 -2.221 -2.848
thin3 2 thin_disk 9.18080146 0.25 0.025095 1.908035397 1.907 19.3264748 4375.221052 2.143 -2.046 -2.685 -2.817 -1.301 -2.189 -2.814
thin3 2 thin_disk 9.18080146 0.25 0.025095 1.908211708 1.907 18.38453479 4401.492843 2.187 -1.956 -2.587 -2.717 -1.219 -2.095 -2.713
thin3 2 thin_disk 9.18080146 0.25 0.025095 1.908328652 1.907 17.34413498 4430.982145 2.237 -1.851 -2.475 -2.601 -1.124 -1.988 -2.597
thin3 2 thin_disk 9.18080146 0.25 0.025095 1.908425689 1.908 16.36261247 4460.669021 2.288 -1.744 -2.359 -2.482 -1.027 -1.877 -2.479
thin3 2 thin_disk 9.18080146 0.25 0.025095 1.908515453 1.908 15.41177446 4491.588901 2.34 -1.637 -2.243 -2.363 -0.929 -1.766 -2.36
thin3 2 thin_disk 9.18080146 0.25 0.025095 1.908595562 1.908 14.63364937 4517.519127 2.385 -1.542 -2.141 -2.258 -0.842 -1.668 -2.255
thin3 2 thin_disk 9.18080146 0.25 0.025095 1.90868175 1.908 13.88841371 4544.645372 2.43 -1.447 -2.039 -2.154 -0.755 -1.571 -2.15
thin3 2 thin_disk 9.18080146 0.25 0.025095 1.90877378 1.908 13.22368955 4569.829533 2.473 -1.357 -1.943 -2.055 -0.673 -1.478 -2.052
thin3 2 thin_disk 9.18080146 0.25 0.025095 1.908930183 1.908 12.48109374 4599.387494 2.523 -1.251 -1.829 -1.938 -0.576 -1.369 -1.935
thin3 2 thin_disk 9.18080146 0.25 0.025095 1.909111738 1.908 13.12358973 4574.04044 2.48 -1.344 -1.928 -2.04 -0.661 -1.465 -2.037
thin3 2 thin_disk 9.18080146 0.25 0.025095 1.909361005 1.908 13.85328104 4547.785786 2.433 -1.442 -2.033 -2.147 -0.751 -1.565 -2.144
thin3 2 thin_disk 9.18080146 0.25 0.025095 1.909632683 1.909 14.58991107 4521.681832 2.388 -1.537 -2.136 -2.252 -0.839 -1.664 -2.249
thin3 2 thin_disk 9.18080146 0.25 0.025095 1.909924269 1.909 15.38341106 4495.727713 2.342 -1.636 -2.242 -2.361 -0.929 -1.765 -2.358
thin3 2 thin_disk 9.18080146 0.25 0.025095 1.910209417 1.909 16.20140374 4469.922568 2.297 -1.73 -2.342 -2.464 -1.015 -1.862 -2.461
thin3 2 thin_disk 9.18080146 0.25 0.025095 1.910492897 1.91 17.06289212 4444.265543 2.253 -1.823 -2.443 -2.567 -1.1 -1.958 -2.564
thin3 2 thin_disk 9.18080146 0.25 0.025095 1.910767555 1.91 17.92060407 4419.773361 2.21 -1.913 -2.539 -2.667 -1.183 -2.051 -2.663
thin3 2 thin_disk 9.18080146 0.25 0.025095 1.911046982 1.91 18.84311267 4395.416154 2.166 -2.006 -2.639 -2.769 -1.267 -2.146 -2.766
thin3 2 thin_disk 9.18080146 0.25 0.025095 1.911309362 1.91 19.79031217 4371.193179 2.124 -2.094 -2.733 -2.866 -1.347 -2.237 -2.863
thin3 2 thin_disk 9.18080146 0.25 0.025095 1.911564469 1.911 20.76120921 4347.103696 2.082 -2.181 -2.827 -2.963 -1.427 -2.327 -2.959
thin3 2 thin_disk 9.18080146 0.25 0.025095 1.911812425 1.911 21.80482698 4323.146969 2.04 -2.268 -2.921 -3.059 -1.506 -2.417 -3.056
thin3 2 thin_disk 9.18080146 0.25 0.025095 1.912042856 1.911 22.83771478 4300.312336 1.999 -2.352 -3.011 -3.153 -1.582 -2.503 -3.149
thin3 2 thin_disk 9.18080146 0.25 0.025095 1.912262082 1.911 23.89200763 4277.598315 1.96 -2.433 -3.095 -3.241 -1.655 -2.585 -3.237
thin3 2 thin_disk 9.18080146 0.25 0.025095 1.912470937 1.912 24.99497144 4255.004268 1.921 -2.513 -3.177 -3.328 -1.726 -2.666 -3.324
thin3 2 thin_disk 9.18080146 0.25 0.025095 1.912667155 1.912 26.11876542 4232.529561 1.882 -2.59 -3.256 -3.413 -1.795 -2.744 -3.409
thin3 2 thin_disk 9.18080146 0.25 0.025095 1.912849307 1.912 27.24913025 4211.143104 1.846 -2.664 -3.333 -3.494 -1.862 -2.819 -3.49
thin3 2 thin_disk 9.18080146 0.25 0.025095 1.913019419 1.912 28.3826306 4190.829574 1.811 -2.736 -3.406 -3.573 -1.925 -2.892 -3.568
thin3 2 thin_disk 9.18080146 0.25 0.025095 1.91318059 1.912 29.51566992 4171.574461 1.776 -2.805 -3.478 -3.649 -1.987 -2.962 -3.644
thin3 2 thin_disk 9.18080146 0.25 0.025095 1.913327575 1.912 30.65862298 4152.407818 1.744 -2.87 -3.546 -3.721 -2.044 -3.028 -3.716
thin3 2 thin_disk 9.18080146 0.25 0.025095 1.913466811 1.913 31.75796347 4134.28108 1.713 -2.932 -3.609 -3.789 -2.098 -3.09 -3.784
thin3 2 thin_disk 9.18080146 0.25 0.025095 1.913597822 1.913 32.85887156 4116.233473 1.684 -2.991 -3.671 -3.854 -2.149 -3.15 -3.849
thin3 2 thin_disk 9.18080146 0.25 0.025095 1.913720489 1.913 33.9431892 4099.208419 1.655 -3.048 -3.73 -3.918 -2.199 -3.209 -3.913
thin3 2 thin_disk 9.18080146 0.25 0.025095 1.913852096 1.913 35.11984939 4081.313916 1.626 -3.106 -3.791 -3.984 -2.25 -3.268 -3.978
thin3 2 thin_disk 9.18080146 0.25 0.025095 1.913852096 1.913 15.22133152 4514.399613 2.352 -1.625 -2.225 -2.342 -2.25 -3.268 -3.978
thin3 2 thin_disk 9.18080146 0.25 0.025095 1.915684938 1.915 12.72484922 4607.867687 2.508 -1.298 -1.873 -1.982 -0.625 -1.415 -1.979
thin3 2 thin_disk 9.18080146 0.25 0.025095 1.916235209 1.915 12.17454235 4630.202659 2.547 -1.218 -1.786 -1.893 -0.551 -1.332 -1.89
thin3 2 thin_disk 9.18080146 0.25 0.025095 1.916589618 1.916 11.84002569 4644.083289 2.571 -1.168 -1.732 -1.838 -0.505 -1.28 -1.835
thin3 2 thin_disk 9.18080146 0.25 0.025095 1.916883349 1.916 11.55986187 4656.93311 2.592 -1.123 -1.684 -1.789 -0.465 -1.235 -1.786
thin3 2 thin_disk 9.18080146 0.25 0.025095 1.917176485 1.916 11.26815065 4670.893875 2.614 -1.078 -1.635 -1.739 -0.423 -1.188 -1.736
thin3 2 thin_disk 9.18080146 0.25 0.025095 1.917472243 1.917 11.00151879 4683.817879 2.635 -1.033 -1.586 -1.689 -0.382 -1.141 -1.686
thin3 2 thin_disk 9.18080146 0.25 0.025095 1.917768955 1.917 10.71649202 4696.777642 2.658 -0.986 -1.535 -1.637 -0.339 -1.093 -1.634
thin3 2 thin_disk 9.18080146 0.25 0.025095 1.918060303 1.917 10.4460631 4710.857854 2.68 -0.939 -1.485 -1.586 -0.296 -1.045 -1.583
thin3 2 thin_disk 9.18080146 0.25 0.025095 1.918641567 1.918 10.26485088 4719.543572 2.695 -0.906 -1.449 -1.55 -0.266 -1.011 -1.547
thin3 2 thin_disk 9.18080146 0.25 0.025095 1.919064999 1.918 10.4172394 4711.942694 2.683 -0.933 -1.478 -1.579 -0.29 -1.039 -1.576
thin3 2 thin_disk 9.18080146 0.25 0.025095 1.919523478 1.919 10.3550606 4715.198713 2.688 -0.922 -1.467 -1.567 -0.281 -1.028 -1.564
thin3 2 thin_disk 9.18080146 0.25 0.025095 1.919538379 1.919 10.12634326 4727.156712 2.708 -0.881 -1.422 -1.522 -0.243 -0.985 -1.519
thin3 2 thin_disk 9.18080146 0.25 0.025095 1.919549704 1.919 9.918651811 4738.053933 2.725 -0.844 -1.382 -1.481 -0.209 -0.947 -1.478
thin3 2 thin_disk 9.18080146 0.25 0.025095 1.919561982 1.919 9.719695172 4747.882909 2.743 -0.807 -1.342 -1.441 -0.175 -0.909 -1.438
thin3 2 thin_disk 9.18080146 0.25 0.025095 1.919580817 1.919 9.489703532 4761.019936 2.764 -0.762 -1.294 -1.391 -0.134 -0.863 -1.388
thin3 2 thin_disk 9.18080146 0.25 0.025095 1.919605493 1.919 9.269421798 4773.094139 2.784 -0.718 -1.247 -1.344 -0.093 -0.818 -1.341
thin3 2 thin_disk 9.18080146 0.25 0.025095 1.919641614 1.919 9.043835303 4785.198964 2.805 -0.674 -1.199 -1.295 -0.053 -0.772 -1.292
thin3 2 thin_disk 9.18080146 0.25 0.025095 1.919698358 1.919 8.833903379 4797.334486 2.826 -0.631 -1.152 -1.248 -0.012 -0.728 -1.245
thin3 2 thin_disk 9.18080146 0.25 0.025095 1.919795275 1.919 8.628844543 4809.500785 2.846 -0.586 -1.105 -1.199 0.029 -0.682 -1.197
thin3 2 thin_disk 9.18080146 0.25 0.025095 1.919971943 1.919 8.405288892 4822.808304 2.869 -0.539 -1.054 -1.148 0.072 -0.634 -1.145
thin3 2 thin_disk 9.18080146 0.25 0.025095 1.920324445 1.919 8.196956773 4836.152643 2.891 -0.491 -1.003 -1.095 0.117 -0.584 -1.092
thin3 2 thin_disk 9.18080146 0.25 0.025095 1.92038691 1.92 8.272802281 4830.58802 2.883 -0.508 -1.022 -1.115 0.101 -0.603 -1.112
thin3 2 thin_disk 9.18080146 0.25 0.025095 1.920507789 1.92 8.736805044 4801.75503 2.836 -0.609 -1.13 -1.225 0.008 -0.706 -1.222
thin3 2 thin_disk 9.18080146 0.25 0.025095 1.920678258 1.92 8.930024386 4790.7113 2.817 -0.648 -1.172 -1.267 -0.028 -0.746 -1.264
thin3 2 thin_disk 9.18080146 0.25 0.025095 1.924999952 1.924 8.616931585 4807.286438 2.849 -0.581 -1.1 -1.195 0.034 -0.677 -1.192
thin3 2 thin_disk 9.18080146 0.25 0.025095 1.932645678 1.932 8.446030489 4825.029801 2.868 -0.55 -1.065 -1.159 0.061 -0.645 -1.156
thin3 2 thin_disk 9.18080146 0.25 0.025095 1.949016094 1.949 8.403353725 4842.838652 2.876 -0.551 -1.06 -1.153 0.055 -0.643 -1.15
thin3 2 thin_disk 9.18080146 0.25 0.025095 1.955928206 1.956 8.432428062 4848.417387 2.875 -0.56 -1.069 -1.161 0.044 -0.653 -1.158
thin3 2 thin_disk 9.18080146 0.25 0.025095 1.981445074 1.981 8.785220066 4855.120352 2.845 -0.653 -1.16 -1.252 -0.051 -0.745 -1.249
thin3 2 thin_disk 9.18080146 0.25 0.025095 1.99704814 1.997 9.062596517 4855.120352 2.822 -0.721 -1.227 -1.319 -0.118 -0.812 -1.316
thin3 2 thin_disk 9.18080146 0.25 0.025095 2.015669107 2.016 9.518152194 4845.069375 2.782 -0.823 -1.332 -1.424 -0.217 -0.915 -1.422
thin3 2 thin_disk 9.18080146 0.25 0.025095 2.032971144 2.033 10.14501386 4821.697939 2.731 -0.946 -1.461 -1.555 -0.333 -1.04 -1.552
thin3 2 thin_disk 9.18080146 0.25 0.025095 2.036457777 2.036 10.2908831 4815.041117 2.719 -0.973 -1.489 -1.584 -0.359 -1.068 -1.581
thin3 2 thin_disk 9.18080146 0.25 0.025095 2.040381432 2.04 10.57675988 4801.75503 2.696 -1.024 -1.544 -1.639 -0.406 -1.12 -1.637
thin3 2 thin_disk 9.18080146 0.25 0.025095 2.043302298 2.043 10.54029206 4807.286438 2.7 -1.019 -1.537 -1.633 -0.403 -1.115 -1.63
thin3 2 thin_disk 9.18080146 0.25 0.025095 2.045080185 2.045 10.8056935 4791.814529 2.679 -1.064 -1.586 -1.683 -0.443 -1.161 -1.68
thin3 2 thin_disk 9.18080146 0.25 0.025095 2.047374964 2.047 11.18542898 4769.798141 2.649 -1.125 -1.653 -1.751 -0.498 -1.225 -1.748
thin3 2 thin_disk 9.18080146 0.25 0.025095 2.049023151 2.048 11.99368518 4727.156712 2.589 -1.25 -1.789 -1.89 -0.61 -1.353 -1.887
thin3 2 thin_disk 9.18080146 0.25 0.025095 2.049691677 2.049 12.72191955 4691.373388 2.538 -1.354 -1.904 -2.007 -0.705 -1.461 -2.004
thin3 2 thin_disk 9.18080146 0.25 0.025095 2.050082207 2.05 13.48815801 4656.93311 2.487 -1.46 -2.019 -2.125 -0.8 -1.571 -2.122
thin3 2 thin_disk 9.18080146 0.25 0.025095 2.050340176 2.05 14.51284794 4615.300681 2.424 -1.59 -2.16 -2.27 -0.919 -1.705 -2.267
thin3 2 thin_disk 9.18080146 0.25 0.025095 2.050468922 2.05 15.54005834 4577.201167 2.364 -1.715 -2.295 -2.409 -1.032 -1.834 -2.406
thin3 2 thin_disk 9.18080146 0.25 0.025095 2.050530195 2.05 16.46086468 4545.691936 2.315 -1.818 -2.406 -2.522 -1.124 -1.94 -2.519
thin3 2 thin_disk 9.18080146 0.25 0.025095 2.050573111 2.05 17.44426377 4513.360253 2.264 -1.922 -2.519 -2.638 -1.219 -2.047 -2.635
thin3 2 thin_disk 9.18080146 0.25 0.025095 2.050582886 2.05 17.69101069 4505.053989 2.251 -1.949 -2.548 -2.668 -1.243 -2.075 -2.665
thin3 2 thin_disk 9.18080146 0.25 0.025095 2.050606489 2.05 18.38876848 4485.387826 2.218 -2.018 -2.623 -2.745 -1.306 -2.147 -2.742
thin3 2 thin_disk 9.18080146 0.25 0.025095 2.050635099 2.05 19.16252105 4462.723708 2.182 -2.093 -2.704 -2.828 -1.374 -2.224 -2.825
thin3 2 thin_disk 9.18080146 0.25 0.025095 2.050664425 2.05 19.60435891 4450.409766 2.162 -2.133 -2.747 -2.873 -1.41 -2.265 -2.87
thin3 2 thin_disk 9.18080146 0.25 0.025095 2.050724745 2.05 19.44700137 4455.536441 2.169 -2.118 -2.731 -2.857 -1.397 -2.25 -2.853
thin3 2 thin_disk 9.18080146 0.25 0.025095 2.050783396 2.05 19.0920536 4465.807513 2.185 -2.086 -2.696 -2.82 -1.368 -2.216 -2.817
thin3 2 thin_disk 9.18080146 0.25 0.025095 2.050864697 2.05 18.55037293 4481.258533 2.21 -2.034 -2.64 -2.762 -1.32 -2.163 -2.759
thin3 2 thin_disk 9.18080146 0.25 0.025095 2.051057577 2.051 18.08225731 4494.692653 2.233 -1.987 -2.59 -2.711 -1.278 -2.115 -2.708
thin3 2 thin_disk 9.18080146 0.25 0.025095 2.053400755 2.053 18.87785495 4473.011348 2.195 -2.067 -2.675 -2.799 -1.351 -2.197 -2.796
thin3 2 thin_disk 9.18080146 0.25 0.025095 2.054856062 2.054 19.87708271 4445.288991 2.151 -2.16 -2.775 -2.902 -1.435 -2.293 -2.898
thin3 2 thin_disk 9.18080146 0.25 0.025095 2.055819273 2.055 21.27417096 4409.608165 2.092 -2.281 -2.907 -3.037 -1.546 -2.418 -3.034
thin3 2 thin_disk 9.18080146 0.25 0.025095 2.056513071 2.056 22.73278502 4375.221052 2.035 -2.399 -3.034 -3.168 -1.652 -2.54 -3.165
thin3 2 thin_disk 9.18080146 0.25 0.025095 2.057048798 2.056 24.23553688 4341.102097 1.98 -2.513 -3.155 -3.294 -1.755 -2.657 -3.291
thin3 2 thin_disk 9.18080146 0.25 0.025095 2.057481527 2.057 25.78413966 4309.233228 1.926 -2.622 -3.268 -3.414 -1.852 -2.767 -3.41
thin3 2 thin_disk 9.18080146 0.25 0.025095 2.057847738 2.057 27.41275249 4276.613475 1.873 -2.729 -3.379 -3.532 -1.948 -2.876 -3.528
thin3 2 thin_disk 9.18080146 0.25 0.025095 2.058169603 2.058 29.14423398 4244.240644 1.82 -2.836 -3.489 -3.649 -2.042 -2.984 -3.645
thin3 2 thin_disk 9.18080146 0.25 0.025095 2.058457851 2.058 30.97081577 4213.082854 1.767 -2.942 -3.598 -3.766 -2.136 -3.091 -3.761
thin3 2 thin_disk 9.18080146 0.25 0.025095 2.058718443 2.058 32.92703648 4181.190933 1.714 -3.048 -3.709 -3.884 -2.23 -3.199 -3.879
thin3 2 thin_disk 9.18080146 0.25 0.025095 2.058950901 2.058 35.02294361 4148.585069 1.66 -3.157 -3.822 -4.004 -2.326 -3.31 -3.999
thin3 2 thin_disk 9.18080146 0.25 0.025095 2.059148788 2.059 37.338137 4116.233473 1.604 -3.269 -3.938 -4.128 -2.423 -3.424 -4.123
thin3 2 thin_disk 9.18080146 0.25 0.025095 2.059306383 2.059 39.88895371 4082.253781 1.547 -3.382 -4.056 -4.255 -2.522 -3.539 -4.248
thin3 2 thin_disk 9.18080146 0.25 0.025095 2.059427738 2.059 42.5650007 4048.554594 1.491 -3.493 -4.174 -4.38 -2.618 -3.653 -4.373
thin3 2 thin_disk 9.18080146 0.25 0.025095 2.059514999 2.059 45.00415843 4019.75885 1.443 -3.591 -4.279 -4.491 -2.704 -3.755 -4.484
thin3 2 thin_disk 9.18080146 0.25 0.025095 2.059589624 2.059 47.50645729 3992.087024 1.396 -3.686 -4.382 -4.598 -2.788 -3.853 -4.592
thin3 2 thin_disk 9.18080146 0.25 0.025095 2.059672356 2.059 50.8221045 3956.39824 1.337 -3.805 -4.51 -4.733 -2.891 -3.977 -4.726
thin3 2 thin_disk 9.18080146 0.25 0.025095 2.059745789 2.059 54.19417942 3922.834625 1.281 -3.917 -4.632 -4.86 -2.988 -4.093 -4.854
thin3 2 thin_disk 9.18080146 0.25 0.025095 2.059817076 2.059 57.7899934 3889.555744 1.225 -4.03 -4.753 -4.988 -3.085 -4.21 -4.981
thin3 2 thin_disk 9.18080146 0.25 0.025095 2.059877634 2.059 61.05941581 3861.001764 1.177 -4.125 -4.857 -5.096 -3.167 -4.309 -5.089
thin3 2 thin_disk 9.18080146 0.25 0.025095 2.059952259 2.059 65.32097294 3826.484866 1.119 -4.242 -4.982 -5.229 -3.266 -4.431 -5.221
thin3 2 thin_disk 9.18080146 0.25 0.025095 2.060027123 2.059 69.71924009 3792.276545 1.063 -4.355 -5.105 -5.357 -3.361 -4.548 -5.35
thin3 2 thin_disk 9.18080146 0.25 0.025095 2.060108185 2.059 74.56802573 3756.643646 1.004 -4.473 -5.232 -5.491 -3.457 -4.671 -5.484
thin3 2 thin_disk 9.18080146 0.25 0.025095 2.06019187 2.06 79.75403138 3721.34556 0.946 -4.59 -5.357 -5.623 -3.552 -4.791 -5.616
thin3 2 thin_disk 9.18080146 0.25 0.025095 2.060279131 2.06 85.24180647 3685.530419 0.888 -4.707 -5.482 -5.755 -3.641 -4.912 -5.747
thin3 2 thin_disk 9.18080146 0.25 0.025095 2.060369253 2.06 91.14915457 3649.21961 0.83 -4.823 -5.606 -5.886 -3.729 -5.032 -5.878
thin3 2 thin_disk 9.18080146 0.25 0.025095 2.060459852 2.06 97.30891829 3614.098626 0.773 -4.936 -5.726 -6.014 -3.811 -5.149 -6.006
thin3 2 thin_disk 9.18080146 0.25 0.025095 2.060526848 2.06 102.1768818 3588.392993 0.73 -5.021 -5.817 -6.11 -3.869 -5.237 -6.102
thin3 2 thin_disk 9.18080146 0.25 0.025095 2.060541153 2.06 103.0036572 3584.26408 0.723 -5.036 -5.832 -6.127 -3.879 -5.252 -6.118
thin3 2 thin_disk 9.18080146 0.25 0.025095 2.060547352 2.06 106.1335387 3567.795883 0.697 -5.087 -5.887 -6.185 -3.914 -5.304 -6.177
thin3 2 thin_disk 9.18080146 0.25 0.025095 2.060554266 2.06 108.8310063 3553.85742 0.676 -5.13 -5.933 -6.234 -3.943 -5.349 -6.226
thin3 2 thin_disk 9.18080146 0.25 0.025095 2.060556173 2.06 109.0065626 3553.039208 0.674 -5.133 -5.937 -6.238 -3.945 -5.352 -6.229
thin3 2 thin_disk 9.18080146 0.25 0.025095 2.06055665 2.055 109.5853868 3521.275459 0.668 -5.118 -5.93 -6.236 -3.887 -5.341 -6.228
thin3 2 thin_disk 9.18080146 0.25 0.025095 2.060557365 2.055 63.49691781 3808.026833 1.143 -4.165 -4.913 -5.16 -3.18 -4.357 -5.153
thin3 2 thin_disk 9.18080146 0.25 0.025095 2.060557604 2.055 58.83728778 3850.348147 1.208 -4.036 -4.773 -5.013 -3.073 -4.223 -5.006
thin3 2 thin_disk 9.18080146 0.25 0.025095 2.060559034 2.054 39.97170236 4075.679266 1.544 -3.38 -4.057 -4.256 -2.518 -3.538 -4.25
thin3 2 thin_disk 9.18080146 0.25 0.025095 2.06056118 2.054 40.48113166 4066.305463 1.533 -3.401 -4.079 -4.28 -2.535 -3.56 -4.274
thin3 2 thin_disk 9.18080146 0.25 0.025095 2.06056428 2.054 48.07869209 3963.692912 1.384 -3.69 -4.395 -4.615 -2.78 -3.861 -4.608
thin3 2 thin_disk 9.18080146 0.25 0.025095 2.060568094 2.054 64.97595103 3790.530539 1.123 -4.2 -4.953 -5.203 -3.205 -4.394 -5.196
thin3 2 thin_disk 9.18080146 0.25 0.025095 2.060572863 2.054 86.30831637 3633.289469 0.876 -4.691 -5.48 -5.761 -3.585 -4.903 -5.754
thin3 2 thin_disk 9.18080146 0.25 0.025095 2.060578346 2.054 105.500045 3525.331812 0.702 -5.037 -5.849 -6.154 -3.812 -5.26 -6.145
thin3 2 thin_disk 9.18080146 0.25 0.025095 2.060585022 2.053 118.1007471 3464.974158 0.603 -5.234 -6.057 -6.376 -3.922 -5.46 -6.367
thin3 2 thin_disk 9.18080146 0.25 0.025095 2.060592651 2.053 125.1562796 3432.41665 0.553 -5.333 -6.161 -6.489 -3.961 -5.561 -6.479
thin3 2 thin_disk 9.18080146 0.25 0.025095 2.060601473 2.053 130.0327193 3410.358227 0.519 -5.397 -6.229 -6.562 -3.982 -5.627 -6.553
thin3 2 thin_disk 9.18080146 0.25 0.025095 2.060601711 2.052 86.40773971 3620.762178 0.874 -4.683 -5.476 -5.759 -3.564 -4.897 -5.751
thin3 2 thin_disk 9.18080146 0.25 0.025095 2.060602427 2.052 69.99268355 3735.080789 1.057 -4.317 -5.085 -5.345 -3.289 -4.519 -5.338
thin3 2 thin_disk 9.18080146 0.25 0.025095 2.060603857 2.052 47.37537328 3956.39824 1.396 -3.65 -4.359 -4.579 -2.737 -3.823 -4.573
thin3 2 thin_disk 9.18080146 0.25 0.025095 2.060606241 2.052 47.75871629 3951.845889 1.389 -3.664 -4.374 -4.595 -2.75 -3.838 -4.589
thin3 2 thin_disk 9.18080146 0.25 0.025095 2.060609341 2.052 56.30573666 3857.447287 1.247 -3.945 -4.68 -4.918 -2.985 -4.13 -4.911
thin3 2 thin_disk 9.18080146 0.25 0.025095 2.060613394 2.052 75.13679133 3697.430335 0.995 -4.441 -5.218 -5.485 -3.386 -4.647 -5.478
thin3 2 thin_disk 9.18080146 0.25 0.025095 2.060618401 2.052 98.66262018 3552.221185 0.759 -4.915 -5.722 -6.02 -3.725 -5.135 -6.012
thin3 2 thin_disk 9.18080146 0.25 0.025095 2.060624361 2.051 118.8372641 3456.209026 0.597 -5.241 -6.065 -6.386 -3.912 -5.468 -6.377
thin3 2 thin_disk 9.18080146 0.25 0.025095 2.060631514 2.051 131.2358973 3406.434166 0.512 -5.412 -6.245 -6.579 -3.99 -5.642 -6.57
thin3 2 thin_disk 9.18080146 0.25 0.025095 2.06063962 2.051 136.6950049 3386.101717 0.475 -5.485 -6.321 -6.661 -4.024 -5.716 -6.651
thin3 2 thin_disk 9.18080146 0.25 0.025095 2.06064868 2.05 139.3004902 3377.536103 0.459 -5.52 -6.356 -6.699 -4.035 -5.751 -6.689
thin3 2 thin_disk 9.18080146 0.25 0.025095 2.060648918 2.05 93.40124061 3584.26408 0.806 -4.822 -5.622 -5.913 -3.665 -5.039 -5.905
thin3 2 thin_disk 9.18080146 0.25 0.025095 2.060649633 2.05 75.62278109 3698.281798 0.989 -4.456 -5.232 -5.5 -3.402 -4.662 -5.492
thin3 2 thin_disk 9.18080146 0.25 0.025095 2.060651302 2.05 51.11550371 3920.125763 1.33 -3.787 -4.505 -4.732 -2.857 -3.964 -4.725
thin3 2 thin_disk 9.18080146 0.25 0.025095 2.060653686 2.05 51.5291104 3915.615148 1.323 -3.8 -4.52 -4.747 -2.869 -3.978 -4.741
thin3 2 thin_disk 9.18080146 0.25 0.025095 2.060657024 2.05 60.68098822 3822.081997 1.181 -4.077 -4.822 -5.067 -3.1 -4.268 -5.06
thin3 2 thin_disk 9.18080146 0.25 0.025095 2.060661077 2.049 80.73328886 3662.688628 0.932 -4.57 -5.354 -5.628 -3.487 -4.779 -5.621
thin3 2 thin_disk 9.18080146 0.25 0.025095 2.060666323 2.049 105.8163178 3518.033738 0.698 -5.038 -5.851 -6.157 -3.802 -5.261 -6.149
thin3 2 thin_disk 9.18080146 0.25 0.025095 2.06067276 2.049 127.2191955 3422.157552 0.538 -5.359 -6.189 -6.519 -3.967 -5.588 -6.51
thin3 2 thin_disk 9.18080146 0.25 0.025095 2.060679913 2.048 140.1692162 3372.873087 0.453 -5.528 -6.365 -6.709 -4.03 -5.759 -6.7
thin3 2 thin_disk 9.18080146 0.25 0.025095 2.060688496 2.048 145.8319372 3352.740958 0.418 -5.598 -6.438 -6.788 -4.047 -5.83 -6.778
thin3 2 thin_disk 9.18080146 0.25 0.025095 2.060698032 2.047 148.6800316 3343.48978 0.402 -5.63 -6.471 -6.824 -4.054 -5.861 -6.814
thin3 2 thin_disk 9.18080146 0.25 0.025095 2.060698271 2.047 100.7285645 3544.051303 0.74 -4.952 -5.761 -6.061 -3.752 -5.173 -6.053
thin3 2 thin_disk 9.18080146 0.25 0.025095 2.060699224 2.047 81.61174141 3657.63193 0.923 -4.588 -5.373 -5.649 -3.501 -4.798 -5.641
thin3 2 thin_disk 9.18080146 0.25 0.025095 2.060700893 2.047 55.06208403 3880.610014 1.265 -3.915 -4.644 -4.878 -2.967 -4.098 -4.871
thin3 2 thin_disk 9.18080146 0.25 0.025095 2.060703278 2.047 55.5076249 3876.144867 1.258 -3.929 -4.659 -4.894 -2.978 -4.112 -4.887
thin3 2 thin_disk 9.18080146 0.25 0.025095 2.060706854 2.047 65.24581267 3782.683456 1.118 -4.203 -4.957 -5.209 -3.203 -4.398 -5.202
thin3 2 thin_disk 9.18080146 0.25 0.025095 2.060711384 2.046 86.60693013 3624.933135 0.872 -4.69 -5.482 -5.764 -3.576 -4.903 -5.756
thin3 2 thin_disk 9.18080146 0.25 0.025095 2.060716867 2.046 112.9932876 3481.769367 0.64 -5.152 -5.972 -6.287 -3.866 -5.378 -6.278
thin3 2 thin_disk 9.18080146 0.25 0.025095 2.060723543 2.046 135.6290266 3387.661434 0.481 -5.469 -6.304 -6.643 -4.009 -5.699 -6.634
thin3 2 thin_disk 9.18080146 0.25 0.025095 2.060731411 2.045 149.1600928 3338.105052 0.398 -5.635 -6.476 -6.83 -4.046 -5.866 -6.82
thin3 2 thin_disk 9.18080146 0.25 0.025095 2.060740233 2.045 155.1860378 3318.180448 0.364 -5.703 -6.547 -6.907 -4.06 -5.934 -6.896
thin3 2 thin_disk 9.18080146 0.25 0.025095 2.060750485 2.044 157.9620076 3309.786651 0.349 -5.733 -6.578 -6.94 -4.065 -5.964 -6.93
thin3 2 thin_disk 9.18080146 0.25 0.025095 2.060750723 2.044 108.4307957 3503.482883 0.675 -5.08 -5.896 -6.206 -3.823 -5.304 -6.197
thin3 2 thin_disk 9.18080146 0.25 0.025095 2.060751677 2.044 87.91290777 3616.59602 0.857 -4.717 -5.511 -5.795 -3.594 -4.931 -5.787
thin3 2 thin_disk 9.18080146 0.25 0.025095 2.060753345 2.044 59.23148825 3839.723926 1.2 -4.042 -4.781 -5.023 -3.073 -4.23 -5.016
thin3 2 thin_disk 9.18080146 0.25 0.025095 2.060755968 2.043 59.71076631 3835.305825 1.193 -4.056 -4.796 -5.039 -3.085 -4.244 -5.032
thin3 2 thin_disk 9.18080146 0.25 0.025095 2.060759783 2.043 70.073312 3743.69104 1.054 -4.326 -5.091 -5.351 -3.303 -4.527 -5.343
thin3 2 thin_disk 9.18080146 0.25 0.025095 2.060764313 2.043 92.73691507 3586.740858 0.811 -4.808 -5.608 -5.898 -3.654 -5.025 -5.89
thin3 2 thin_disk 9.18080146 0.25 0.025095 2.060770273 2.042 120.6570339 3445.878814 0.582 -5.264 -6.09 -6.414 -3.916 -5.492 -6.405
thin3 2 thin_disk 9.18080146 0.25 0.025095 2.060777187 2.042 144.5614996 3351.96905 0.426 -5.577 -6.417 -6.766 -4.024 -5.808 -6.756
thin3 2 thin_disk 9.18080146 0.25 0.025095 2.060785294 2.041 158.9105186 3303.69541 0.343 -5.74 -6.587 -6.951 -4.052 -5.972 -6.94
thin3 2 thin_disk 9.18080146 0.25 0.025095 2.060794592 2.041 165.216206 3283.220116 0.309 -5.807 -6.657 -7.027 -4.048 -6.038 -7.016
thin3 2 thin_disk 9.18080146 0.25 0.025095 2.060805321 2.04 168.2490594 3274.160765 0.293 -5.837 -6.689 -7.061 -4.046 -6.068 -7.05
thin3 2 thin_disk 9.18080146 0.25 0.025095 2.060805559 2.04 117.395823 3459.393778 0.606 -5.216 -6.04 -6.36 -3.894 -5.443 -6.351
thin3 2 thin_disk 9.18080146 0.25 0.025095 2.060806513 2.04 95.24729372 3571.905825 0.787 -4.855 -5.658 -5.952 -3.686 -5.073 -5.943
thin3 2 thin_disk 9.18080146 0.25 0.025095 2.06080842 2.04 64.15827 3794.897062 1.13 -4.178 -4.93 -5.179 -3.186 -4.372 -5.172
thin3 2 thin_disk 9.18080146 0.25 0.025095 2.060811043 2.039 64.78174539 3789.657838 1.122 -4.193 -4.946 -5.197 -3.198 -4.388 -5.19
thin3 2 thin_disk 9.18080146 0.25 0.025095 2.060814858 2.039 75.8844245 3698.281798 0.984 -4.463 -5.239 -5.507 -3.409 -4.669 -5.499
thin3 2 thin_disk 9.18080146 0.25 0.025095 2.060819864 2.039 100.035154 3544.051303 0.744 -4.939 -5.748 -6.048 -3.74 -5.16 -6.039
thin3 2 thin_disk 9.18080146 0.25 0.025095 2.060825825 2.038 129.9130099 3404.081897 0.517 -5.39 -6.223 -6.558 -3.964 -5.62 -6.549
thin3 2 thin_disk 9.18080146 0.25 0.025095 2.060833216 2.038 155.5437785 3310.548845 0.361 -5.701 -6.547 -6.909 -4.038 -5.933 -6.898
thin3 2 thin_disk 9.18080146 0.25 0.025095 2.06084156 2.037 171.3375864 3261.369459 0.277 -5.864 -6.718 -7.095 -4.026 -6.095 -7.083
thin3 2 thin_disk 9.18080146 0.25 0.025095 2.060851336 2.036 178.4237426 3240.41027 0.241 -5.935 -6.792 -7.176 -4.017 -6.166 -7.164
thin3 2 thin_disk 9.18080146 0.25 0.025095 2.060862541 2.035 182.3696837 3229.237596 0.222 -5.97 -6.829 -7.216 -4.014 -6.201 -7.204
thin3 2 thin_disk 9.18080146 0.25 0.025095 2.06086278 2.035 129.5545424 3404.865806 0.519 -5.383 -6.216 -6.55 -3.958 -5.613 -6.541
thin3 2 thin_disk 9.18080146 0.25 0.025095 2.060863733 2.035 105.1847175 3516.413996 0.7 -5.024 -5.838 -6.144 -3.786 -5.247 -6.135
thin3 2 thin_disk 9.18080146 0.25 0.025095 2.060865641 2.035 70.80316062 3739.383436 1.044 -4.345 -5.11 -5.371 -3.319 -4.545 -5.363
thin3 2 thin_disk 9.18080146 0.25 0.025095 2.060868502 2.034 71.29394469 3735.080789 1.038 -4.356 -5.123 -5.384 -3.328 -4.558 -5.377
thin3 2 thin_disk 9.18080146 0.25 0.025095 2.060872316 2.034 83.14816034 3646.699689 0.904 -4.62 -5.407 -5.685 -3.525 -4.831 -5.677
thin3 2 thin_disk 9.18080146 0.25 0.025095 2.060877323 2.034 108.7808993 3497.840484 0.67 -5.082 -5.899 -6.21 -3.817 -5.307 -6.201
thin3 2 thin_disk 9.18080146 0.25 0.025095 2.060883522 2.033 140.1692162 3361.24369 0.45 -5.519 -6.358 -6.705 -3.991 -5.75 -6.695
thin3 2 thin_disk 9.18080146 0.25 0.025095 2.060891151 2.032 166.7449327 3271.899836 0.299 -5.815 -6.668 -7.041 -4.015 -6.047 -7.03
thin3 2 thin_disk 9.18080146 0.25 0.025095 2.060899734 2.031 182.3696837 3225.521938 0.221 -5.967 -6.828 -7.215 -4 -6.198 -7.202
thin3 2 thin_disk 9.18080146 0.25 0.025095 2.060909748 2.031 188.996014 3207.00768 0.19 -6.028 -6.891 -7.283 -3.996 -6.258 -7.27
thin3 2 thin_disk 9.18080146 0.25 0.025095 2.060921192 2.029 191.8459542 3199.631767 0.176 -6.053 -6.918 -7.312 -3.994 -6.283 -7.298
thin3 2 thin_disk 9.18080146 0.25 0.025095 2.060921431 2.029 138.980108 3365.890629 0.457 -5.504 -6.343 -6.688 -3.988 -5.735 -6.678
thin3 2 thin_disk 9.18080146 0.25 0.025095 2.060922384 2.029 112.9932876 3477.763139 0.637 -5.148 -5.969 -6.284 -3.855 -5.374 -6.276
thin3 2 thin_disk 9.18080146 0.25 0.025095 2.060924292 2.029 76.16450867 3699.985312 0.979 -4.473 -5.248 -5.516 -3.42 -4.678 -5.508
thin3 2 thin_disk 9.18080146 0.25 0.025095 2.060926914 2.029 76.53368857 3697.430335 0.975 -4.481 -5.256 -5.525 -3.426 -4.686 -5.517
thin3 2 thin_disk 9.18080146 0.25 0.025095 2.060930729 2.028 89.01283738 3610.771451 0.843 -4.74 -5.535 -5.821 -3.611 -4.955 -5.813
thin3 2 thin_disk 9.18080146 0.25 0.025095 2.060935497 2.028 115.9184712 3463.378846 0.613 -5.193 -6.016 -6.335 -3.878 -5.42 -6.326
thin3 2 thin_disk 9.18080146 0.25 0.025095 2.060941458 2.027 148.8855827 3329.660852 0.397 -5.621 -6.465 -6.821 -4.008 -5.853 -6.81
thin3 2 thin_disk 9.18080146 0.25 0.025095 2.060948849 2.026 176.5845264 3240.41027 0.248 -5.911 -6.769 -7.152 -3.995 -6.142 -7.14
thin3 2 thin_disk 9.18080146 0.25 0.025095 2.060957193 2.025 193.1312916 3194.478724 0.171 -6.061 -6.926 -7.321 -3.984 -6.29 -7.308
thin3 2 thin_disk 9.18080146 0.25 0.025095 2.060966968 2.024 200.2408337 3175.411403 0.138 -6.122 -6.992 -7.392 -3.975 -6.351 -7.378
thin3 2 thin_disk 9.18080146 0.25 0.025095 2.060977936 2.023 203.6819972 3166.649527 0.123 -6.151 -7.022 -7.425 -3.968 -6.379 -7.41
thin3 2 thin_disk 9.18080146 0.25 0.025095 2.060978174 2.023 150.5402541 3322.767852 0.386 -5.64 -6.485 -6.843 -4.009 -5.872 -6.832
thin3 2 thin_disk 9.18080146 0.25 0.025095 2.060979128 2.023 122.532881 3433.207084 0.565 -5.287 -6.115 -6.442 -3.915 -5.515 -6.433
thin3 2 thin_disk 9.18080146 0.25 0.025095 2.060981035 2.023 82.80425323 3654.264678 0.905 -4.617 -5.403 -5.679 -3.528 -4.828 -5.672
thin3 2 thin_disk 9.18080146 0.25 0.025095 2.060983896 2.022 82.93782554 3653.423349 0.904 -4.62 -5.405 -5.682 -3.53 -4.83 -5.675
thin3 2 thin_disk 9.18080146 0.25 0.025095 2.060987949 2.022 96.23934196 3567.795883 0.774 -4.874 -5.677 -5.972 -3.7 -5.092 -5.964
thin3 2 thin_disk 9.18080146 0.25 0.025095 2.060992956 2.021 124.6386237 3423.733876 0.55 -5.315 -6.145 -6.474 -3.925 -5.544 -6.465
thin3 2 thin_disk 9.18080146 0.25 0.025095 2.060999155 2.02 158.8373544 3293.062702 0.338 -5.731 -6.58 -6.946 -4.005 -5.962 -6.936
thin3 2 thin_disk 9.18080146 0.25 0.025095 2.061006784 2.019 187.5653643 3206.269325 0.194 -6.01 -6.874 -7.266 -3.976 -6.24 -7.253
thin3 2 thin_disk 9.18080146 0.25 0.025095 2.061015606 2.018 204.4808514 3162.27766 0.119 -6.155 -7.027 -7.431 -3.956 -6.383 -7.416
thin3 2 thin_disk 9.18080146 0.25 0.025095 2.061025858 2.017 211.9105823 3144.12642 0.088 -6.213 -7.09 -7.498 -3.944 -6.441 -7.483
thin3 2 thin_disk 9.18080146 0.25 0.025095 2.061037302 2.016 215.2051425 3136.172917 0.074 -6.239 -7.117 -7.528 -3.939 -6.466 -7.513
thin3 2 thin_disk 9.18080146 0.25 0.025095 2.06103754 2.016 162.61202 3280.952931 0.318 -5.77 -6.621 -6.991 -4.002 -6.001 -6.98
thin3 2 thin_disk 9.18080146 0.25 0.025095 2.061038494 2.015 132.3892265 3391.563869 0.495 -5.421 -6.256 -6.594 -3.969 -5.651 -6.585
thin3 2 thin_disk 9.18080146 0.25 0.025095 2.061040402 2.015 89.73309448 3610.771451 0.834 -4.757 -5.551 -5.837 -3.629 -4.972 -5.829
thin3 2 thin_disk 9.18080146 0.25 0.025095 2.061043263 2.015 89.54733076 3612.434656 0.835 -4.754 -5.547 -5.833 -3.626 -4.968 -5.825
thin3 2 thin_disk 9.18080146 0.25 0.025095 2.061047077 2.014 103.5029302 3528.580258 0.709 -5 -5.811 -6.115 -3.779 -5.222 -6.107
thin3 2 thin_disk 9.18080146 0.25 0.025095 2.061052084 2.013 133.0922125 3388.441561 0.492 -5.427 -6.263 -6.602 -3.971 -5.658 -6.592
thin3 2 thin_disk 9.18080146 0.25 0.025095 2.061058283 2.013 168.4040938 3261.369459 0.286 -5.828 -6.682 -7.058 -3.991 -6.059 -7.047
thin3 2 thin_disk 9.18080146 0.25 0.025095 2.061065912 2.011 197.6754085 3177.605657 0.147 -6.096 -6.966 -7.365 -3.957 -6.325 -7.351
thin3 2 thin_disk 9.18080146 0.25 0.025095 2.061074495 2.01 214.6607512 3134.728988 0.075 -6.232 -7.111 -7.522 -3.929 -6.46 -7.506
thin3 2 thin_disk 9.18080146 0.25 0.025095 2.061084509 2.009 221.7443918 3118.171516 0.046 -6.285 -7.168 -7.584 -3.916 -6.513 -7.568
thin3 2 thin_disk 9.18080146 0.25 0.025095 2.061095953 2.007 224.8291636 3110.99992 0.034 -6.306 -7.192 -7.61 -3.91 -6.534 -7.593
thin3 2 thin_disk 9.18080146 0.25 0.025095 2.061096191 2.007 173.6811335 3244.890157 0.258 -5.879 -6.737 -7.118 -3.982 -6.111 -7.106
thin3 2 thin_disk 9.18080146 0.25 0.025095 2.061097145 2.007 141.6617638 3355.05775 0.435 -5.537 -6.377 -6.725 -3.991 -5.768 -6.715
thin3 2 thin_disk 9.18080146 0.25 0.025095 2.061098814 2.007 96.26150444 3573.551127 0.77 -4.88 -5.682 -5.976 -3.712 -5.098 -5.968
thin3 2 thin_disk 9.18080146 0.25 0.025095 2.061101437 2.006 95.90751642 3576.020502 0.774 -4.872 -5.674 -5.967 -3.707 -5.09 -5.959
thin3 2 thin_disk 9.18080146 0.25 0.025095 2.061105013 2.006 110.5993679 3493.011376 0.65 -5.115 -5.932 -6.244 -3.844 -5.339 -6.236
thin3 2 thin_disk 9.18080146 0.25 0.025095 2.061109781 2.005 141.2708782 3355.83037 0.437 -5.531 -6.371 -6.719 -3.989 -5.762 -6.709
thin3 2 thin_disk 9.18080146 0.25 0.025095 2.061115503 2.004 178.0543732 3230.725057 0.236 -5.919 -6.779 -7.165 -3.971 -6.151 -7.153
thin3 2 thin_disk 9.18080146 0.25 0.025095 2.061122417 2.003 208.5223664 3147.748314 0.099 -6.181 -7.057 -7.464 -3.929 -6.409 -7.449
thin3 2 thin_disk 9.18080146 0.25 0.025095 2.061130524 2.001 226.1791902 3105.274522 0.027 -6.314 -7.201 -7.621 -3.895 -6.542 -7.604
thin3 2 thin_disk 9.18080146 0.25 0.025095 2.061139822 2 234.2354616 3086.739646 -0.003 -6.369 -7.261 -7.686 -3.882 -6.597 -7.668
thin3 2 thin_disk 9.18080146 0.25 0.025095 2.061150312 1.998 238.0962991 3077.513736 -0.017 -6.394 -7.288 -7.715 -3.883 -6.621 -7.696
thin3 2 thin_disk 9.18080146 0.25 0.025095 2.061150551 1.998 187.8246745 3200.368595 0.188 -6.007 -6.872 -7.265 -3.953 -6.237 -7.252
thin3 2 thin_disk 9.18080146 0.25 0.025095 2.061151505 1.998 153.5509985 3309.024632 0.364 -5.671 -6.517 -6.879 -4.002 -5.903 -6.869
thin3 2 thin_disk 9.18080146 0.25 0.025095 2.061153173 1.998 104.6532319 3525.331812 0.696 -5.021 -5.832 -6.137 -3.796 -5.243 -6.129
thin3 2 thin_disk 9.18080146 0.25 0.025095 2.061155796 1.997 103.7654192 3530.205604 0.703 -5.007 -5.818 -6.122 -3.789 -5.229 -6.113
thin3 2 thin_disk 9.18080146 0.25 0.025095 2.061159611 1.996 119.4132848 3449.848314 0.582 -5.244 -6.069 -6.392 -3.904 -5.471 -6.383
thin3 2 thin_disk 9.18080146 0.25 0.025095 2.061164141 1.996 151.4441998 3316.652722 0.375 -5.647 -6.492 -6.852 -3.998 -5.879 -6.841
thin3 2 thin_disk 9.18080146 0.25 0.025095 2.061170101 1.994 189.3008852 3195.214365 0.18 -6.02 -6.886 -7.28 -3.946 -6.249 -7.266
thin3 2 thin_disk 9.18080146 0.25 0.025095 2.061177015 1.993 220.3700879 3115.300896 0.048 -6.268 -7.153 -7.569 -3.889 -6.496 -7.553
thin3 2 thin_disk 9.18080146 0.25 0.025095 2.061185121 1.992 238.6451677 3073.972656 -0.021 -6.395 -7.29 -7.717 -3.875 -6.622 -7.698
thin3 2 thin_disk 9.18080146 0.25 0.025095 2.06119442 1.99 246.2366221 3057.736096 -0.049 -6.446 -7.345 -7.776 -3.881 -6.672 -7.755
thin3 2 thin_disk 9.18080146 0.25 0.025095 2.061205149 1.988 249.7771149 3050.001128 -0.061 -6.468 -7.368 -7.801 -3.883 -6.693 -7.78
thin3 2 thin_disk 9.18080146 0.25 0.025095 2.061205387 1.988 201.4432154 3162.27766 0.126 -6.121 -6.993 -7.397 -3.924 -6.349 -7.382
thin3 2 thin_disk 9.18080146 0.25 0.025095 2.061206102 1.987 164.7982687 3270.393418 0.299 -5.789 -6.642 -7.016 -3.983 -6.021 -7.005
thin3 2 thin_disk 9.18080146 0.25 0.025095 2.061207771 1.987 112.7853379 3484.977672 0.63 -5.149 -5.968 -6.282 -3.867 -5.374 -6.273
thin3 2 thin_disk 9.18080146 0.25 0.025095 2.061210155 1.987 111.4173038 3492.207173 0.639 -5.13 -5.948 -6.261 -3.858 -5.355 -6.252
thin3 2 thin_disk 9.18080146 0.25 0.025095 2.061213493 1.986 127.7769875 3412.714832 0.52 -5.361 -6.192 -6.525 -3.95 -5.59 -6.516
thin3 2 thin_disk 9.18080146 0.25 0.025095 2.061217785 1.985 160.9728543 3282.464214 0.319 -5.75 -6.601 -6.971 -3.987 -5.982 -6.96
thin3 2 thin_disk 9.18080146 0.25 0.025095 2.06122303 1.984 200.3330693 3163.734278 0.13 -6.11 -6.982 -7.385 -3.92 -6.339 -7.37
thin3 2 thin_disk 9.18080146 0.25 0.025095 2.061229467 1.982 232.3018374 3085.318477 0.001 -6.348 -7.241 -7.666 -3.859 -6.576 -7.647
thin3 2 thin_disk 9.18080146 0.25 0.025095 2.061236858 1.981 250.5836004 3045.089067 -0.066 -6.471 -7.373 -7.807 -3.872 -6.696 -7.785
thin3 2 thin_disk 9.18080146 0.25 0.025095 2.061245203 1.979 258.6739202 3028.307694 -0.094 -6.521 -7.426 -7.865 -3.875 -6.745 -7.841
thin3 2 thin_disk 9.18080146 0.25 0.025095 2.061254978 1.977 262.514106 3019.95172 -0.107 -6.543 -7.451 -7.891 -3.874 -6.767 -7.867
thin3 2 thin_disk 9.18080146 0.25 0.025095 2.061255217 1.976 215.9497198 3121.763511 0.062 -6.231 -7.113 -7.528 -3.878 -6.458 -7.511
thin3 2 thin_disk 9.18080146 0.25 0.025095 2.061255932 1.976 177.0731222 3228.494122 0.235 -5.906 -6.767 -7.153 -3.948 -6.137 -7.14
thin3 2 thin_disk 9.18080146 0.25 0.025095 2.061257601 1.976 121.4933885 3441.913883 0.562 -5.275 -6.101 -6.427 -3.92 -5.503 -6.417
thin3 2 thin_disk 9.18080146 0.25 0.025095 2.061259985 1.975 119.6885608 3449.848314 0.575 -5.251 -6.075 -6.399 -3.912 -5.478 -6.389
thin3 2 thin_disk 9.18080146 0.25 0.025095 2.061263323 1.974 136.8209636 3372.873087 0.459 -5.475 -6.313 -6.656 -3.977 -5.706 -6.646
thin3 2 thin_disk 9.18080146 0.25 0.025095 2.061267614 1.973 171.1404402 3246.384828 0.263 -5.849 -6.706 -7.087 -3.956 -6.081 -7.075
thin3 2 thin_disk 9.18080146 0.25 0.025095 2.06127286 1.972 211.1313112 3131.843125 0.081 -6.193 -7.073 -7.484 -3.88 -6.421 -7.468
thin3 2 thin_disk 9.18080146 0.25 0.025095 2.061279297 1.97 243.3619322 3056.32828 -0.043 -6.42 -7.319 -7.75 -3.853 -6.646 -7.729
thin3 2 thin_disk 9.18080146 0.25 0.025095 2.061286688 1.968 261.5487476 3018.561301 -0.106 -6.535 -7.443 -7.883 -3.862 -6.758 -7.859
thin3 2 thin_disk 9.18080146 0.25 0.025095 2.061295271 1.966 269.1241337 3003.308879 -0.131 -6.579 -7.49 -7.933 -3.873 -6.801 -7.908
thin3 2 thin_disk 9.18080146 0.25 0.025095 2.061305046 1.963 272.1151018 2997.091486 -0.142 -6.596 -7.509 -7.954 -3.876 -6.817 -7.927
thin3 2 thin_disk 9.18080146 0.25 0.025095 2.061305284 1.963 229.0617872 3087.450476 0.009 -6.32 -7.212 -7.636 -3.837 -6.548 -7.618
thin3 2 thin_disk 9.18080146 0.25 0.025095 2.061306 1.963 187.954464 3193.743253 0.18 -6.003 -6.87 -7.264 -3.923 -6.232 -7.25
thin3 2 thin_disk 9.18080146 0.25 0.025095 2.06130743 1.963 129.3458934 3405.649896 0.504 -5.382 -6.214 -6.549 -3.958 -5.612 -6.54
thin3 2 thin_disk 9.18080146 0.25 0.025095 2.061309576 1.962 127.1020762 3415.859507 0.519 -5.353 -6.184 -6.516 -3.948 -5.582 -6.507
thin3 2 thin_disk 9.18080146 0.25 0.025095 2.061312437 1.961 145.0282628 3338.873767 0.405 -5.574 -6.415 -6.769 -3.986 -5.805 -6.759
thin3 2 thin_disk 9.18080146 0.25 0.025095 2.061316252 1.96 180.6145132 3215.140825 0.214 -5.935 -6.798 -7.187 -3.932 -6.165 -7.174
thin3 2 thin_disk 9.18080146 0.25 0.025095 2.06132102 1.958 221.5912691 3103.130215 0.036 -6.266 -7.153 -7.573 -3.842 -6.493 -7.556
thin3 2 thin_disk 9.18080146 0.25 0.025095 2.061326742 1.957 254.4208181 3029.005068 -0.085 -6.487 -7.392 -7.829 -3.844 -6.711 -7.806
thin3 2 thin_disk 9.18080146 0.25 0.025095 2.061333418 1.954 273.1194598 2991.575722 -0.147 -6.598 -7.512 -7.957 -3.867 -6.818 -7.93
thin3 2 thin_disk 9.18080146 0.25 0.025095 2.061341047 1.952 281.1594239 2975.774377 -0.173 -6.643 -7.56 -8.009 -3.876 -6.862 -7.98
thin3 2 thin_disk 9.18080146 0.25 0.025095 2.06134963 1.949 284.8738893 2968.246743 -0.185 -6.662 -7.582 -8.032 -3.878 -6.88 -8.002
thin3 2 thin_disk 9.18080146 0.25 0.025095 2.061349869 1.949 244.3164137 3048.596874 -0.051 -6.419 -7.32 -7.753 -3.832 -6.645 -7.731
thin3 2 thin_disk 9.18080146 0.25 0.025095 2.061350584 1.949 200.9336368 3153.552025 0.119 -6.108 -6.983 -7.388 -3.88 -6.336 -7.373
thin3 2 thin_disk 9.18080146 0.25 0.025095 2.061352015 1.948 138.6285386 3364.340936 0.441 -5.497 -6.336 -6.682 -3.977 -5.728 -6.672
thin3 2 thin_disk 9.18080146 0.25 0.025095 2.06135416 1.948 135.7227482 3376.758486 0.459 -5.462 -6.299 -6.642 -3.975 -5.693 -6.632
thin3 2 thin_disk 9.18080146 0.25 0.025095 2.061357021 1.946 154.4374581 3301.414086 0.347 -5.677 -6.524 -6.888 -3.981 -5.908 -6.878
thin3 2 thin_disk 9.18080146 0.25 0.025095 2.061360836 1.945 190.9645021 3181.266118 0.163 -6.024 -6.893 -7.29 -3.901 -6.253 -7.276
thin3 2 thin_disk 9.18080146 0.25 0.025095 2.061365604 1.943 232.5158938 3073.264929 -0.009 -6.339 -7.234 -7.661 -3.819 -6.565 -7.642
thin3 2 thin_disk 9.18080146 0.25 0.025095 2.061371326 1.941 265.6761963 3001.926122 -0.125 -6.548 -7.46 -7.903 -3.842 -6.77 -7.877
thin3 2 thin_disk 9.18080146 0.25 0.025095 2.061378002 1.939 283.826306 2966.88013 -0.183 -6.652 -7.572 -8.022 -3.865 -6.87 -7.992
thin3 2 thin_disk 9.18080146 0.25 0.025095 2.061385632 1.936 291.241088 2952.568622 -0.207 -6.691 -7.615 -8.069 -3.873 -6.908 -8.037
thin3 2 thin_disk 9.18080146 0.25 0.025095 2.061394215 1.933 294.4778576 2946.456271 -0.216 -6.706 -7.632 -8.086 -3.877 -6.923 -8.054
thin3 2 thin_disk 9.18080146 0.25 0.025095 2.061394453 1.932 257.3076183 3017.171523 -0.099 -6.497 -7.405 -7.845 -3.823 -6.72 -7.821
thin3 2 thin_disk 9.18080146 0.25 0.025095 2.06139493 1.932 212.0081932 3121.763511 0.069 -6.19 -7.073 -7.487 -3.84 -6.418 -7.47
thin3 2 thin_disk 9.18080146 0.25 0.025095 2.06139636 1.932 146.7076109 3331.194571 0.388 -5.592 -6.435 -6.791 -3.984 -5.824 -6.781
thin3 2 thin_disk 9.18080146 0.25 0.025095 2.061398268 1.931 143.3351301 3345.029868 0.408 -5.553 -6.394 -6.746 -3.982 -5.785 -6.736
thin3 2 thin_disk 9.18080146 0.25 0.025095 2.06140089 1.93 162.9118385 3270.393418 0.297 -5.763 -6.616 -6.989 -3.957 -5.994 -6.978
thin3 2 thin_disk 9.18080146 0.25 0.025095 2.061404228 1.928 200.4253473 3152.100095 0.116 -6.1 -6.975 -7.381 -3.865 -6.328 -7.366
thin3 2 thin_disk 9.18080146 0.25 0.025095 2.061408281 1.926 243.0819126 3045.790305 -0.052 -6.406 -7.307 -7.74 -3.81 -6.63 -7.718
thin3 2 thin_disk 9.18080146 0.25 0.025095 2.061413288 1.924 277.1102849 2975.089259 -0.165 -6.609 -7.527 -7.975 -3.843 -6.827 -7.946
thin3 2 thin_disk 9.18080146 0.25 0.025095 2.061419249 1.922 296.3143232 2939.002801 -0.224 -6.711 -7.638 -8.094 -3.869 -6.926 -8.06
thin3 2 thin_disk 9.18080146 0.25 0.025095 2.061425924 1.919 304.6861021 2923.479144 -0.249 -6.753 -7.684 -8.142 -3.883 -6.966 -8.106
thin3 2 thin_disk 9.18080146 0.25 0.025095 2.061433554 1.915 308.4982074 2915.412423 -0.261 -6.773 -7.705 -8.165 -3.888 -6.985 -8.128
thin3 2 thin_disk 9.18080146 0.25 0.025095 2.061433792 1.915 274.5065078 2977.145088 -0.16 -6.591 -7.508 -7.956 -3.829 -6.81 -7.927
thin3 2 thin_disk 9.18080146 0.25 0.025095 2.061434507 1.914 226.4397386 3080.349537 0.007 -6.289 -7.183 -7.608 -3.79 -6.516 -7.59
thin3 2 thin_disk 9.18080146 0.25 0.025095 2.0614357 1.914 157.3448906 3287.759187 0.324 -5.704 -6.553 -6.922 -3.959 -5.935 -6.911
thin3 2 thin_disk 9.18080146 0.25 0.025095 2.061437607 1.913 153.2331202 3302.934794 0.346 -5.661 -6.508 -6.872 -3.969 -5.892 -6.861
thin3 2 thin_disk 9.18080146 0.25 0.025095 2.061440229 1.911 173.5612003 3229.237596 0.237 -5.864 -6.724 -7.11 -3.909 -6.095 -7.098
thin3 2 thin_disk 9.18080146 0.25 0.025095 2.061443567 1.909 212.6927296 3113.149665 0.061 -6.188 -7.073 -7.489 -3.806 -6.416 -7.472
thin3 2 thin_disk 9.18080146 0.25 0.025095 2.061447859 1.907 256.5385554 3009.539169 -0.103 -6.482 -7.392 -7.833 -3.794 -6.704 -7.807
thin3 2 thin_disk 9.18080146 0.25 0.025095 2.061452866 1.904 291.0399753 2941.71097 -0.213 -6.675 -7.602 -8.056 -3.839 -6.89 -8.023
thin3 2 thin_disk 9.18080146 0.25 0.025095 2.061458826 1.901 309.9935409 2906.69859 -0.269 -6.773 -7.707 -8.168 -3.874 -6.983 -8.13
thin3 2 thin_disk 9.18080146 0.25 0.025095 2.06146574 1.897 318.2384458 2892.011396 -0.293 -6.811 -7.749 -8.213 -3.886 -7.02 -8.173
thin3 2 thin_disk 9.18080146 0.25 0.025095 2.06147337 1.892 322.0717587 2884.695652 -0.304 -6.827 -7.768 -8.233 -3.889 -7.036 -8.192
thin3 2 thin_disk 9.18080146 0.25 0.025095 2.061473608 1.892 291.7780684 2936.297126 -0.218 -6.675 -7.602 -8.057 -3.83 -6.889 -8.023
thin3 2 thin_disk 9.18080146 0.25 0.025095 2.061474085 1.891 241.0197573 3039.484969 -0.052 -6.38 -7.283 -7.717 -3.77 -6.604 -7.694
thin3 2 thin_disk 9.18080146 0.25 0.025095 2.061475277 1.89 167.7075617 3245.637406 0.263 -5.804 -6.662 -7.043 -3.908 -6.036 -7.031
thin3 2 thin_disk 9.18080146 0.25 0.025095 2.061476946 1.889 162.9118385 3262.871721 0.288 -5.756 -6.611 -6.986 -3.923 -5.988 -6.975
thin3 2 thin_disk 9.18080146 0.25 0.025095 2.061479568 1.887 184.3115897 3190.068436 0.18 -5.955 -6.822 -7.218 -3.863 -6.184 -7.204
thin3 2 thin_disk 9.18080146 0.25 0.025095 2.061482668 1.885 224.3637266 3076.805194 0.008 -6.265 -7.16 -7.586 -3.758 -6.492 -7.567
thin3 2 thin_disk 9.18080146 0.25 0.025095 2.061486483 1.882 269.1241337 2975.774377 -0.15 -6.548 -7.466 -7.913 -3.786 -6.766 -7.883
thin3 2 thin_disk 9.18080146 0.25 0.025095 2.061491013 1.878 304.1253662 2909.376992 -0.257 -6.733 -7.667 -8.126 -3.841 -6.944 -8.088
thin3 2 thin_disk 9.18080146 0.25 0.025095 2.061496496 1.874 323.2605034 2876.073629 -0.311 -6.824 -7.766 -8.231 -3.876 -7.03 -8.188
thin3 2 thin_disk 9.18080146 0.25 0.025095 2.061502695 1.869 331.4764239 2861.541179 -0.334 -6.859 -7.804 -8.27 -3.891 -7.062 -8.225
thin3 2 thin_disk 9.18080146 0.25 0.025095 2.061509848 1.864 334.9289168 2854.959817 -0.344 -6.873 -7.82 -8.287 -3.895 -7.074 -8.241
thin3 2 thin_disk 9.18080146 0.25 0.025095 2.061510086 1.863 308.1432401 2898.678171 -0.272 -6.749 -7.686 -8.147 -3.838 -6.959 -8.108
thin3 2 thin_disk 9.18080146 0.25 0.025095 2.061510563 1.863 255.0073187 3001.234983 -0.108 -6.459 -7.372 -7.813 -3.755 -6.681 -7.787
thin3 2 thin_disk 9.18080146 0.25 0.025095 2.061511517 1.861 177.8904546 3206.269325 0.205 -5.894 -6.759 -7.15 -3.861 -6.125 -7.137
thin3 2 thin_disk 9.18080146 0.25 0.025095 2.061513185 1.86 172.1680834 3225.521938 0.233 -5.842 -6.703 -7.089 -3.874 -6.073 -7.077
thin3 2 thin_disk 9.18080146 0.25 0.025095 2.06151557 1.857 194.6492097 3152.825976 0.126 -6.036 -6.911 -7.316 -3.807 -6.264 -7.301
thin3 2 thin_disk 9.18080146 0.25 0.025095 2.061518431 1.854 236.0220862 3041.585296 -0.042 -6.336 -7.239 -7.672 -3.733 -6.561 -7.65
thin3 2 thin_disk 9.18080146 0.25 0.025095 2.061522007 1.85 281.6778161 2942.388402 -0.197 -6.606 -7.533 -7.986 -3.775 -6.822 -7.953
thin3 2 thin_disk 9.18080146 0.25 0.025095 2.061526299 1.845 316.9221875 2878.061036 -0.301 -6.784 -7.725 -8.189 -3.841 -6.99 -8.147
thin3 2 thin_disk 9.18080146 0.25 0.025095 2.061531305 1.839 336.4748784 2845.116144 -0.354 -6.868 -7.818 -8.286 -3.877 -7.067 -8.237
thin3 2 thin_disk 9.18080146 0.25 0.025095 2.061537027 1.833 344.6296547 2830.740119 -0.376 -6.898 -7.852 -8.325 -3.881 -7.095 -8.274
thin3 2 thin_disk 9.18080146 0.25 0.025095 2.061543703 1.826 348.219145 2824.229597 -0.387 -6.91 -7.866 -8.342 -3.879 -7.106 -8.29
thin3 2 thin_disk 9.18080146 0.25 0.025095 2.061543942 1.825 326.0263072 2858.906816 -0.33 -6.819 -7.765 -8.23 -3.851 -7.021 -8.184
thin3 2 thin_disk 9.18080146 0.25 0.025095 2.061544418 1.824 269.4341527 2962.101936 -0.164 -6.533 -7.455 -7.904 -3.743 -6.75 -7.872
thin3 2 thin_disk 9.18080146 0.25 0.025095 2.061545372 1.822 188.2576551 3167.378759 0.147 -5.979 -6.851 -7.252 -3.804 -6.208 -7.237
thin3 2 thin_disk 9.18080146 0.25 0.025095 2.061547041 1.82 181.6153888 3187.865576 0.177 -5.922 -6.79 -7.186 -3.823 -6.151 -7.172
thin3 2 thin_disk 9.18080146 0.25 0.025095 2.061548948 1.816 205.0938534 3116.018303 0.071 -6.111 -6.995 -7.41 -3.739 -6.338 -7.394
thin3 2 thin_disk 9.18080146 0.25 0.025095 2.061551809 1.812 247.8292969 3006.076303 -0.095 -6.402 -7.314 -7.754 -3.709 -6.624 -7.728
thin3 2 thin_disk 9.18080146 0.25 0.025095 2.061555147 1.806 294.6135009 2908.70716 -0.246 -6.663 -7.597 -8.056 -3.772 -6.874 -8.018
thin3 2 thin_disk 9.18080146 0.25 0.025095 2.0615592 1.799 330.3335197 2845.116144 -0.348 -6.831 -7.78 -8.247 -3.842 -7.029 -8.198
thin3 2 thin_disk 9.18080146 0.25 0.025095 2.061563969 1.791 350.3100887 2812.548369 -0.4 -6.902 -7.864 -8.343 -3.852 -7.096 -8.289
thin3 2 thin_disk 9.18080146 0.25 0.025095 2.061569452 1.782 358.3873276 2798.336905 -0.423 -6.925 -7.893 -8.379 -3.852 -7.117 -8.323
thin3 2 thin_disk 9.18080146 0.25 0.025095 2.061575651 1.772 362.2869119 2791.258123 -0.434 -6.934 -7.905 -8.394 -3.849 -7.125 -8.337
thin3 2 thin_disk 9.18080146 0.25 0.025095 2.06157589 1.771 345.742402 2816.436734 -0.394 -6.882 -7.842 -8.319 -3.839 -7.077 -8.266
thin3 2 thin_disk 9.18080146 0.25 0.025095 2.061576366 1.77 284.7427302 2921.460374 -0.226 -6.605 -7.536 -7.993 -3.738 -6.817 -7.956
thin3 2 thin_disk 9.18080146 0.25 0.025095 2.06157732 1.767 199.3667113 3126.079367 0.084 -6.06 -6.942 -7.354 -3.73 -6.288 -7.338
thin3 2 thin_disk 9.18080146 0.25 0.025095 2.061578751 1.762 191.9343229 3147.748314 0.116 -6 -6.877 -7.283 -3.752 -6.229 -7.268
thin3 2 thin_disk 9.18080146 0.25 0.025095 2.061580658 1.756 216.547236 3074.680546 0.009 -6.184 -7.08 -7.506 -3.672 -6.411 -7.486
thin3 2 thin_disk 9.18080146 0.25 0.025095 2.061583281 1.748 261.0072944 2964.83139 -0.155 -6.467 -7.389 -7.836 -3.684 -6.685 -7.806
thin3 2 thin_disk 9.18080146 0.25 0.025095 2.061586618 1.738 309.4942928 2867.477376 -0.306 -6.719 -7.662 -8.125 -3.765 -6.922 -8.081
thin3 2 thin_disk 9.18080146 0.25 0.025095 2.061590433 1.727 346.6990446 2802.850928 -0.407 -6.865 -7.828 -8.309 -3.804 -7.056 -8.253
thin3 2 thin_disk 9.18080146 0.25 0.025095 2.061594963 1.713 366.9041676 2768.853641 -0.461 -6.907 -7.893 -8.397 -3.783 -7.097 -8.335
thin3 2 thin_disk 9.18080146 0.25 0.025095 2.061600208 1.698 376.6627257 2751.693133 -0.486 -6.899 -7.907 -8.431 -3.731 -7.092 -8.366
thin3 2 thin_disk 9.18080146 0.25 0.025095 2.061606169 1.68 381.1997831 2741.574172 -0.501 -6.884 -7.906 -8.444 -3.688 -7.078 -8.378
thin3 2 thin_disk 9.18080146 0.25 0.025095 2.061606407 1.679 370.1286003 2756.76661 -0.477 -6.89 -7.887 -8.402 -3.739 -7.08 -8.338
thin3 2 thin_disk 9.18080146 0.25 0.025095 2.061606884 1.676 304.1253662 2862.859271 -0.307 -6.676 -7.62 -8.083 -3.719 -6.878 -8.038
thin3 2 thin_disk 9.18080146 0.25 0.025095 2.061607599 1.67 213.1339554 3065.490679 0 -6.141 -7.04 -7.467 -3.605 -6.368 -7.447
thin3 2 thin_disk 9.18080146 0.25 0.025095 2.06160903 1.661 204.9522285 3086.739646 0.032 -6.079 -6.972 -7.394 -3.599 -6.306 -7.376
thin3 2 thin_disk 9.18080146 0.25 0.025095 2.061610937 1.648 231.6075139 3010.925432 -0.077 -6.261 -7.172 -7.611 -3.581 -6.484 -7.585
thin3 2 thin_disk 9.18080146 0.25 0.025095 2.061613321 1.633 279.4168838 2898.678171 -0.244 -6.535 -7.472 -7.93 -3.631 -6.744 -7.891
thin3 2 thin_disk 9.18080146 0.25 0.025095 2.061616421 1.613 330.8663838 2798.98132 -0.397 -6.767 -7.728 -8.204 -3.71 -6.956 -8.148
thin3 2 thin_disk 9.18080146 0.25 0.025095 2.061619997 1.59 371.3236791 2730.234813 -0.503 -6.813 -7.836 -8.374 -3.611 -7.004 -8.305
thin3 2 thin_disk 9.18080146 0.25 0.025095 2.061624289 1.563 394.9595731 2690.295592 -0.564 -6.593 -7.76 -8.434 -3.173 -6.826 -8.355
thin3 2 thin_disk 9.18080146 0.25 0.025095 2.061629057 1.533 407.242078 2666.244668 -0.599 -6.464 -7.705 -8.447 -2.93 -6.717 -8.363
thin3 2 thin_disk 9.18080146 0.25 0.025095 2.061634541 1.5 415.4824126 2647.28074 -0.625 -6.459 -7.713 -8.462 -2.899 -6.71 -8.375
thin3 2 thin_disk 9.18080146 0.25 0.025095 2.061634541 1.499 410.9156149 2652.772459 -0.616 -6.453 -7.701 -8.446 -2.899 -6.71 -8.375
thin3 2 thin_disk 9.18080146 0.25 0.025095 2.061635017 1.494 336.1651163 2759.306856 -0.443 -6.727 -7.703 -8.192 -3.615 -6.908 -8.129
thin3 2 thin_disk 9.18080146 0.25 0.025095 2.061635971 1.486 235.8591043 2958.012467 -0.138 -6.238 -7.162 -7.609 -3.447 -6.455 -7.577
thin3 2 thin_disk 9.18080146 0.25 0.025095 2.061637163 1.473 226.1791902 2979.202337 -0.105 -6.172 -7.091 -7.533 -3.428 -6.391 -7.504
thin3 2 thin_disk 9.18080146 0.25 0.025095 2.061639071 1.455 256.1253972 2901.349182 -0.218 -6.349 -7.286 -7.742 -3.454 -6.558 -7.702
thin3 2 thin_disk 9.18080146 0.25 0.025095 2.061641455 1.432 308.5692499 2788.688463 -0.388 -6.606 -7.566 -8.038 -3.547 -6.79 -7.98
thin3 2 thin_disk 9.18080146 0.25 0.025095 2.061644316 1.405 366.2289272 2686.581377 -0.545 -6.533 -7.65 -8.274 -3.183 -6.745 -8.195
thin3 2 thin_disk 9.18080146 0.25 0.025095 2.061647654 1.372 411.7680492 2615.170448 -0.656 -6.393 -7.651 -8.398 -2.814 -6.636 -8.307
thin3 2 thin_disk 9.18080146 0.25 0.025095 2.061651707 1.335 439.6961317 2570.395783 -0.725 -6.396 -7.69 -8.469 -2.764 -6.653 -8.376
thin3 2 thin_disk 9.18080146 0.25 0.025095 2.061656237 1.294 455.3576581 2540.387692 -0.769 -6.351 -7.678 -8.488 -2.669 -6.623 -8.396
thin3 2 thin_disk 9.18080146 0.25 0.025095 2.061661482 1.249 466.6084989 2515.359129 -0.806 -6.299 -7.655 -8.493 -2.574 -6.584 -8.401
thin3 2 thin_disk 9.18080146 0.25 0.025095 2.061661482 1.247 469.5184306 2511.886432 -0.812 -6.292 -7.655 -8.498 -2.574 -6.584 -8.401
thin3 2 thin_disk 9.18080146 0.25 0.025095 2.061661959 1.241 381.726794 2619.389004 -0.635 -6.296 -7.526 -8.246 -2.759 -6.529 -8.155
thin3 2 thin_disk 9.18080146 0.25 0.025095 2.061662912 1.229 266.6567888 2819.031963 -0.327 -6.335 -7.286 -7.748 -3.329 -6.524 -7.694
thin3 2 thin_disk 9.18080146 0.25 0.025095 2.061664105 1.211 255.0660431 2841.188185 -0.294 -6.266 -7.213 -7.672 -3.293 -6.461 -7.623
thin3 2 thin_disk 9.18080146 0.25 0.025095 2.061665773 1.186 289.3694274 2761.213576 -0.414 -6.424 -7.391 -7.868 -3.332 -6.602 -7.805
thin3 2 thin_disk 9.18080146 0.25 0.025095 2.061667919 1.155 350.3100887 2646.061903 -0.59 -6.215 -7.409 -8.101 -2.737 -6.441 -8.014
thin3 2 thin_disk 9.18080146 0.25 0.025095 2.061670542 1.118 416.4401985 2542.728554 -0.755 -6.261 -7.542 -8.312 -2.641 -6.515 -8.22
thin3 2 thin_disk 9.18080146 0.25 0.025095 2.06167388 1.076 468.9781886 2468.880105 -0.875 -6.14 -7.54 -8.418 -2.353 -6.444 -8.327
thin3 2 thin_disk 9.18080146 0.25 0.025095 2.061677694 1.028 501.5943603 2423.259924 -0.953 -5.984 -7.484 -8.451 -2.059 -6.328 -8.359
thin3 2 thin_disk 9.18080146 0.25 0.025095 2.061681986 0.975 520.1787957 2393.315756 -1.008 -5.824 -7.407 -8.445 -1.786 -6.201 -8.351
thin3 2 thin_disk 9.18080146 0.25 0.025095 2.061686993 0.919 533.2767442 2369.190595 -1.055 -5.536 -7.244 -8.382 -1.324 -5.96 -8.287
thin3 2 thin_disk 9.18080146 0.25 0.025095 2.06170249 0.625 3.335436253e-06 10000 1.361 30.008 30.033 30.044 29.973 30.023 30.043
