# component component_index family logAge MH Zini Mini Mass radius_rsun Teff_K logg Vmag Imag Jmag_2mass Hmag_2mass Ksmag_2mass
thin3 2 thin_disk 9.18080146 -0.25 0.0084736 0.0900000036 0.09 0.1168564382 2426.610095 5.254 17.914 13.411 11.024 10.484 10.251
thin3 2 thin_disk 9.18080146 -0.25 0.0084736 0.0908940658 0.091 0.1178833977 2441.181106 5.251 17.869 13.367 10.98 10.44 10.207
thin3 2 thin_disk 9.18080146 -0.25 0.0084736 0.0978757888 0.098 0.1257918907 2555.641901 5.227 17.515 13.027 10.641 10.1 9.865
thin3 2 thin_disk 9.18080146 -0.25 0.0084736 0.1000000015 0.1 0.1281895565 2590.597845 5.219 17.411 12.927 10.541 10.001 9.764
thin3 2 thin_disk 9.18080146 -0.25 0.0084736 0.1012994796 0.101 0.1296440665 2604.353905 5.216 17.349 12.876 10.495 9.955 9.717
thin3 2 thin_disk 9.18080146 -0.25 0.0084736 0.1200000048 0.12 0.1493663075 2793.830151 5.166 15.804 11.955 9.959 9.402 9.151
thin3 2 thin_disk 9.18080146 -0.25 0.0084736 0.1222076342 0.122 0.1515837493 2808.665373 5.161 15.682 11.878 9.911 9.353 9.101
thin3 2 thin_disk 9.18080146 -0.25 0.0084736 0.1400000006 0.14 0.1687145915 2920.78776 5.127 14.772 11.328 9.555 8.989 8.736
thin3 2 thin_disk 9.18080146 -0.25 0.0084736 0.1599999964 0.16 0.1866176193 3013.699874 5.097 14.051 10.875 9.235 8.665 8.414
thin3 2 thin_disk 9.18080146 -0.25 0.0084736 0.200000003 0.2 0.2200658456 3142.67883 5.052 13.067 10.23 8.748 8.173 7.928
thin3 2 thin_disk 9.18080146 -0.25 0.0084736 0.25 0.25 0.2580789867 3252.370401 5.01 12.275 9.669 8.29 7.711 7.474
thin3 2 thin_disk 9.18080146 -0.25 0.0084736 0.3120984733 0.312 0.3051073324 3350.425767 4.96 11.569 9.133 7.832 7.247 7.016
thin3 2 thin_disk 9.18080146 -0.25 0.0084736 0.3324190974 0.332 0.3246778376 3377.536103 4.934 11.348 8.954 7.671 7.084 6.855
thin3 2 thin_disk 9.18080146 -0.25 0.0084736 0.3498537838 0.35 0.3388852331 3402.51462 4.919 11.178 8.82 7.554 6.965 6.737
thin3 2 thin_disk 9.18080146 -0.25 0.0084736 0.3500000536 0.35 0.3392756138 3402.51462 4.919 11.176 8.819 7.553 6.964 6.736
thin3 2 thin_disk 9.18080146 -0.25 0.0084736 0.4000000358 0.4 0.3824306088 3489.795674 4.872 10.662 8.422 7.211 6.614 6.391
thin3 2 thin_disk 9.18080146 -0.25 0.0084736 0.4172459841 0.417 0.3996249959 3527.767866 4.852 10.461 8.27 7.081 6.482 6.261
thin3 2 thin_disk 9.18080146 -0.25 0.0084736 0.4500000179 0.45 0.4314720269 3598.3218 4.819 10.107 8.002 6.853 6.247 6.029
thin3 2 thin_disk 9.18080146 -0.25 0.0084736 0.4587035179 0.458 0.4403040142 3624.098559 4.809 9.995 7.922 6.786 6.178 5.961
thin3 2 thin_disk 9.18080146 -0.25 0.0084736 0.5 0.5 0.4827837512 3742.829122 4.767 9.502 7.564 6.488 5.869 5.66
thin3 2 thin_disk 9.18080146 -0.25 0.0084736 0.5500000119 0.55 0.5342599816 3928.257967 4.72 8.875 7.115 6.116 5.479 5.291
thin3 2 thin_disk 9.18080146 -0.25 0.0084736 0.6000000238 0.6 0.576570801 4167.734068 4.691 8.249 6.678 5.753 5.097 4.95
thin3 2 thin_disk 9.18080146 -0.25 0.0084736 0.6003066897 0.6 0.5767035766 4169.653822 4.691 8.245 6.675 5.751 5.095 4.948
thin3 2 thin_disk 9.18080146 -0.25 0.0084736 0.6499999762 0.65 0.6114383081 4455.536441 4.676 7.6 6.251 5.41 4.78 4.671
thin3 2 thin_disk 9.18080146 -0.25 0.0084736 0.7000001073 0.7 0.6432097883 4752.257886 4.664 6.995 5.847 5.103 4.551 4.464
thin3 2 thin_disk 9.18080146 -0.25 0.0084736 0.7048606873 0.705 0.6469230789 4779.69297 4.662 6.941 5.81 5.075 4.531 4.445
thin3 2 thin_disk 9.18080146 -0.25 0.0084736 0.75 0.75 0.6764763918 5037.325328 4.65 6.485 5.484 4.825 4.351 4.276
thin3 2 thin_disk 9.18080146 -0.25 0.0084736 0.7871098518 0.787 0.7068913133 5222.759167 4.632 6.161 5.239 4.631 4.201 4.133
thin3 2 thin_disk 9.18080146 -0.25 0.0084736 0.7983130813 0.798 0.7163951629 5278.372068 4.627 6.069 5.168 4.574 4.158 4.091
thin3 2 thin_disk 9.18080146 -0.25 0.0084736 0.809863925 0.81 0.7263612124 5333.348955 4.621 5.977 5.095 4.515 4.111 4.047
thin3 2 thin_disk 9.18080146 -0.25 0.0084736 0.8466261625 0.846 0.7600683437 5506.808828 4.601 5.697 4.875 4.337 3.968 3.91
thin3 2 thin_disk 9.18080146 -0.25 0.0084736 0.8949391842 0.894 0.8086352047 5717.418729 4.572 5.36 4.605 4.112 3.782 3.731
thin3 2 thin_disk 9.18080146 -0.25 0.0084736 0.9236607552 0.923 0.8409160562 5830.422138 4.551 5.173 4.453 3.982 3.67 3.623
thin3 2 thin_disk 9.18080146 -0.25 0.0084736 0.9432522058 0.943 0.8636795664 5907.449259 4.537 5.05 4.351 3.895 3.595 3.552
thin3 2 thin_disk 9.18080146 -0.25 0.0084736 0.9766837955 0.976 0.9062596517 6028.371389 4.511 4.846 4.181 3.748 3.467 3.428
thin3 2 thin_disk 9.18080146 -0.25 0.0084736 0.9915652275 0.991 0.9250232419 6081.350013 4.499 4.758 4.108 3.684 3.411 3.373
thin3 2 thin_disk 9.18080146 -0.25 0.0084736 0.992698729 0.992 0.9273691507 6084.151223 4.498 4.751 4.102 3.679 3.406 3.369
thin3 2 thin_disk 9.18080146 -0.25 0.0084736 1.039878368 1.039 0.995296885 6238.784723 4.456 4.478 3.869 3.472 3.221 3.188
thin3 2 thin_disk 9.18080146 -0.25 0.0084736 1.063484311 1.063 1.030985708 6312.47978 4.435 4.346 3.756 3.37 3.129 3.098
thin3 2 thin_disk 9.18080146 -0.25 0.0084736 1.088191509 1.087 1.069923299 6388.516194 4.413 4.211 3.64 3.265 3.034 3.005
thin3 2 thin_disk 9.18080146 -0.25 0.0084736 1.092786551 1.092 1.0778359 6401.769013 4.409 4.186 3.618 3.246 3.017 2.988
thin3 2 thin_disk 9.18080146 -0.25 0.0084736 1.124807358 1.124 1.129932876 6498.303635 4.38 4.014 3.47 3.112 2.895 2.869
thin3 2 thin_disk 9.18080146 -0.25 0.0084736 1.136504412 1.135 1.149350912 6532.809588 4.37 3.952 3.416 3.063 2.851 2.825
thin3 2 thin_disk 9.18080146 -0.25 0.0084736 1.159000397 1.158 1.186185593 6599.332343 4.35 3.835 3.314 2.972 2.769 2.744
thin3 2 thin_disk 9.18080146 -0.25 0.0084736 1.184817553 1.184 1.230701259 6675.74901 4.328 3.702 3.199 2.868 2.675 2.651
thin3 2 thin_disk 9.18080146 -0.25 0.0084736 1.233130455 1.232 1.313568257 6817.105263 4.289 3.463 2.993 2.683 2.51 2.486
thin3 2 thin_disk 9.18080146 -0.25 0.0084736 1.281443477 1.281 1.393967489 6961.454677 4.255 3.236 2.801 2.511 2.357 2.334
thin3 2 thin_disk 9.18080146 -0.25 0.0084736 1.329756737 1.329 1.470458069 7113.772955 4.224 3.02 2.62 2.351 2.216 2.194
thin3 2 thin_disk 9.18080146 -0.25 0.0084736 1.377070785 1.377 1.545085955 7262.731688 4.196 2.816 2.451 2.201 2.084 2.063
thin3 2 thin_disk 9.18080146 -0.25 0.0084736 1.378069639 1.378 1.547934732 7264.404186 4.196 2.812 2.447 2.198 2.082 2.06
thin3 2 thin_disk 9.18080146 -0.25 0.0084736 1.387682438 1.387 1.561897914 7294.575103 4.19 2.771 2.414 2.169 2.055 2.034
thin3 2 thin_disk 9.18080146 -0.25 0.0084736 1.42638278 1.426 1.629868795 7404.572675 4.165 2.609 2.278 2.046 1.946 1.925
thin3 2 thin_disk 9.18080146 -0.25 0.0084736 1.44582808 1.446 1.67090841 7449.034745 4.15 2.529 2.209 1.983 1.888 1.867
thin3 2 thin_disk 9.18080146 -0.25 0.0084736 1.472917318 1.473 1.730026059 7504.123969 4.127 2.418 2.111 1.892 1.803 1.782
thin3 2 thin_disk 9.18080146 -0.25 0.0084736 1.474695921 1.474 1.734413498 7507.580541 4.125 2.411 2.105 1.886 1.797 1.776
thin3 2 thin_disk 9.18080146 -0.25 0.0084736 1.498737574 1.498 1.802406085 7531.821172 4.1 2.313 2.014 1.797 1.712 1.691
thin3 2 thin_disk 9.18080146 -0.25 0.0084736 1.520127177 1.52 1.870908917 7538.761431 4.073 2.226 1.929 1.714 1.63 1.609
thin3 2 thin_disk 9.18080146 -0.25 0.0084736 1.523008823 1.523 1.87954464 7538.761431 4.069 2.214 1.918 1.703 1.619 1.598
thin3 2 thin_disk 9.18080146 -0.25 0.0084736 1.527338743 1.527 1.893880816 7540.497495 4.064 2.197 1.901 1.685 1.602 1.581
thin3 2 thin_disk 9.18080146 -0.25 0.0084736 1.550428867 1.55 1.98176724 7530.087105 4.032 2.104 1.807 1.591 1.507 1.485
thin3 2 thin_disk 9.18080146 -0.25 0.0084736 1.571321964 1.571 2.071822975 7505.852056 3.999 2.02 1.72 1.501 1.415 1.393
thin3 2 thin_disk 9.18080146 -0.25 0.0084736 1.586522102 1.586 2.1451252 7474.807282 3.972 1.96 1.654 1.432 1.343 1.321
thin3 2 thin_disk 9.18080146 -0.25 0.0084736 1.605866075 1.605 2.258149261 7416.517059 3.934 1.884 1.567 1.337 1.243 1.22
thin3 2 thin_disk 9.18080146 -0.25 0.0084736 1.619634867 1.619 2.347754301 7362.070975 3.904 1.831 1.503 1.267 1.167 1.144
thin3 2 thin_disk 9.18080146 -0.25 0.0084736 1.636194467 1.635 2.462366221 7292.895658 3.866 1.769 1.426 1.181 1.074 1.051
thin3 2 thin_disk 9.18080146 -0.25 0.0084736 1.65501368 1.654 2.621516798 7182.902973 3.817 1.7 1.334 1.075 0.956 0.931
thin3 2 thin_disk 9.18080146 -0.25 0.0084736 1.667948127 1.667 2.750759648 7089.245236 3.778 1.655 1.268 0.996 0.867 0.842
thin3 2 thin_disk 9.18080146 -0.25 0.0084736 1.682559729 1.682 2.914423398 6971.078929 3.732 1.606 1.193 0.905 0.762 0.735
thin3 2 thin_disk 9.18080146 -0.25 0.0084736 1.697338581 1.696 3.100649278 6840.691419 3.682 1.558 1.115 0.808 0.649 0.622
thin3 2 thin_disk 9.18080146 -0.25 0.0084736 1.712014079 1.711 3.307902078 6711.197197 3.63 1.505 1.033 0.708 0.532 0.503
thin3 2 thin_disk 9.18080146 -0.25 0.0084736 1.716261029 1.715 3.363199617 6686.517722 3.616 1.486 1.007 0.679 0.5 0.471
thin3 2 thin_disk 9.18080146 -0.25 0.0084736 1.722070813 1.721 3.440746247 6652.731562 3.597 1.459 0.973 0.639 0.456 0.427
thin3 2 thin_disk 9.18080146 -0.25 0.0084736 1.726952076 1.726 3.441538599 6740.622411 3.599 1.398 0.933 0.612 0.441 0.413
thin3 2 thin_disk 9.18080146 -0.25 0.0084736 1.729549885 1.728 3.385732519 6878.599123 3.614 1.337 0.906 0.605 0.453 0.425
thin3 2 thin_disk 9.18080146 -0.25 0.0084736 1.730602384 1.729 3.306379083 7037.201717 3.634 1.282 0.889 0.61 0.477 0.451
thin3 2 thin_disk 9.18080146 -0.25 0.0084736 1.731121421 1.73 3.228142108 7204.436204 3.655 1.225 0.872 0.616 0.503 0.477
thin3 2 thin_disk 9.18080146 -0.25 0.0084736 1.731381059 1.73 3.169951699 7350.214276 3.672 1.175 0.855 0.618 0.521 0.497
thin3 2 thin_disk 9.18080146 -0.25 0.0084736 1.731571317 1.73 3.112810228 7516.22894 3.687 1.114 0.832 0.614 0.535 0.512
thin3 2 thin_disk 9.18080146 -0.25 0.0084736 1.731727004 1.731 3.063745207 7677.149538 3.701 1.055 0.809 0.61 0.547 0.524
thin3 2 thin_disk 9.18080146 -0.25 0.0084736 1.731762528 1.731 3.058106775 7631.325887 3.703 1.087 0.83 0.626 0.558 0.535
thin3 2 thin_disk 9.18080146 -0.25 0.0084736 1.731824398 1.731 3.066568321 7498.942093 3.7 1.157 0.87 0.65 0.569 0.546
thin3 2 thin_disk 9.18080146 -0.25 0.0084736 1.73187542 1.731 3.135109 7348.522022 3.681 1.199 0.879 0.641 0.544 0.52
thin3 2 thin_disk 9.18080146 -0.25 0.0084736 1.731944084 1.731 3.285887156 7161.434102 3.64 1.214 0.851 0.589 0.472 0.446
thin3 2 thin_disk 9.18080146 -0.25 0.0084736 1.732028365 1.731 3.493434821 6977.502488 3.587 1.2 0.795 0.508 0.369 0.342
thin3 2 thin_disk 9.18080146 -0.25 0.0084736 1.732132196 1.731 3.713236791 6802.992623 3.534 1.185 0.738 0.427 0.265 0.237
thin3 2 thin_disk 9.18080146 -0.25 0.0084736 1.732257009 1.731 3.920600986 6643.54682 3.487 1.18 0.695 0.36 0.177 0.147
thin3 2 thin_disk 9.18080146 -0.25 0.0084736 1.732416153 1.731 4.112942565 6493.816316 3.446 1.185 0.663 0.305 0.101 0.07
thin3 2 thin_disk 9.18080146 -0.25 0.0084736 1.732630134 1.731 4.286991721 6353.309319 3.409 1.198 0.64 0.26 0.038 0.003
thin3 2 thin_disk 9.18080146 -0.25 0.0084736 1.732947469 1.732 4.457102738 6205.831793 3.376 1.227 0.631 0.226 -0.017 -0.055
thin3 2 thin_disk 9.18080146 -0.25 0.0084736 1.733385205 1.732 4.599945062 6056.197087 3.348 1.28 0.642 0.211 -0.057 -0.098
thin3 2 thin_disk 9.18080146 -0.25 0.0084736 1.733917117 1.733 4.699510723 5899.293451 3.33 1.367 0.685 0.223 -0.073 -0.118
thin3 2 thin_disk 9.18080146 -0.25 0.0084736 1.734333754 1.733 4.72555307 5782.291743 3.325 1.459 0.744 0.258 -0.058 -0.107
thin3 2 thin_disk 9.18080146 -0.25 0.0084736 1.734681845 1.734 4.715770321 5685.910247 3.327 1.552 0.809 0.303 -0.032 -0.083
thin3 2 thin_disk 9.18080146 -0.25 0.0084736 1.734980702 1.734 4.699510723 5601.444019 3.33 1.639 0.87 0.347 -0.005 -0.059
thin3 2 thin_disk 9.18080146 -0.25 0.0084736 1.735369086 1.734 4.708175519 5494.14352 3.329 1.743 0.942 0.393 0.019 -0.039
thin3 2 thin_disk 9.18080146 -0.25 0.0084736 1.735853553 1.735 4.816733794 5372.791656 3.309 1.817 0.979 0.401 0.001 -0.061
thin3 2 thin_disk 9.18080146 -0.25 0.0084736 1.735950708 1.735 4.872508942 5354.266701 3.299 1.813 0.968 0.385 -0.019 -0.081
thin3 2 thin_disk 9.18080146 -0.25 0.0084736 1.73653233 1.735 5.253547277 5249.283155 3.234 1.762 0.883 0.273 -0.155 -0.22
thin3 2 thin_disk 9.18080146 -0.25 0.0084736 1.737015963 1.736 5.673520714 5186.805946 3.167 1.667 0.767 0.139 -0.304 -0.372
thin3 2 thin_disk 9.18080146 -0.25 0.0084736 1.737395287 1.736 6.037437457 5145.173214 3.113 1.577 0.663 0.024 -0.429 -0.498
thin3 2 thin_disk 9.18080146 -0.25 0.0084736 1.737748146 1.737 6.404019488 5112.107761 3.062 1.488 0.562 -0.086 -0.547 -0.618
thin3 2 thin_disk 9.18080146 -0.25 0.0084736 1.738090754 1.737 6.786606127 5081.594426 3.012 1.399 0.462 -0.195 -0.664 -0.735
thin3 2 thin_disk 9.18080146 -0.25 0.0084736 1.738423347 1.737 7.188737821 5052.426449 2.962 1.31 0.363 -0.302 -0.778 -0.85
thin3 2 thin_disk 9.18080146 -0.25 0.0084736 1.7387501 1.738 7.60243376 5024.582715 2.914 1.221 0.265 -0.408 -0.891 -0.965
thin3 2 thin_disk 9.18080146 -0.25 0.0084736 1.739072204 1.738 8.036235309 4998.043136 2.866 1.134 0.168 -0.514 -1.003 -1.078
thin3 2 thin_disk 9.18080146 -0.25 0.0084736 1.739392877 1.738 8.485015595 4971.643737 2.818 1.049 0.072 -0.617 -1.113 -1.19
thin3 2 thin_disk 9.18080146 -0.25 0.0084736 1.739793181 1.739 9.073036225 4939.693472 2.76 0.944 -0.045 -0.744 -1.249 -1.327
thin3 2 thin_disk 9.18080146 -0.25 0.0084736 1.74019289 1.739 9.690644121 4907.948534 2.703 0.84 -0.162 -0.871 -1.384 -1.463
thin3 2 thin_disk 9.18080146 -0.25 0.0084736 1.740512133 1.739 10.23181419 4882.025011 2.656 0.757 -0.255 -0.972 -1.492 -1.573
thin3 2 thin_disk 9.18080146 -0.25 0.0084736 1.740831971 1.74 10.79077519 4856.238414 2.609 0.674 -0.348 -1.074 -1.601 -1.683
thin3 2 thin_disk 9.18080146 -0.25 0.0084736 1.741211772 1.74 11.52531078 4825.029801 2.553 0.575 -0.46 -1.196 -1.732 -1.816
thin3 2 thin_disk 9.18080146 -0.25 0.0084736 1.741541386 1.74 12.19979814 4796.229986 2.503 0.488 -0.559 -1.304 -1.847 -1.933
thin3 2 thin_disk 9.18080146 -0.25 0.0084736 1.741876245 1.741 12.96440665 4766.504419 2.451 0.4 -0.661 -1.416 -1.968 -2.055
thin3 2 thin_disk 9.18080146 -0.25 0.0084736 1.742215872 1.741 13.789631 4734.782132 2.397 0.309 -0.767 -1.533 -2.093 -2.182
thin3 2 thin_disk 9.18080146 -0.25 0.0084736 1.742506504 1.741 14.57312348 4707.604833 2.349 0.229 -0.86 -1.635 -2.202 -2.293
thin3 2 thin_disk 9.18080146 -0.25 0.0084736 1.742801905 1.742 15.40822618 4679.505909 2.3 0.148 -0.956 -1.74 -2.315 -2.408
thin3 2 thin_disk 9.18080146 -0.25 0.0084736 1.743148684 1.742 16.48741786 4645.152752 2.242 0.053 -1.068 -1.864 -2.449 -2.544
thin3 2 thin_disk 9.18080146 -0.25 0.0084736 1.743447542 1.742 17.46033793 4616.363515 2.192 -0.028 -1.164 -1.971 -2.565 -2.661
thin3 2 thin_disk 9.18080146 -0.25 0.0084736 1.74377954 1.743 18.60170038 4584.584692 2.137 -0.117 -1.27 -2.088 -2.69 -2.789
thin3 2 thin_disk 9.18080146 -0.25 0.0084736 1.744121909 1.743 19.76298972 4554.073127 2.085 -0.199 -1.368 -2.197 -2.809 -2.911
thin3 2 thin_disk 9.18080146 -0.25 0.0084736 1.744575143 1.743 20.93884128 4524.806379 2.035 -0.277 -1.463 -2.303 -2.924 -3.027
thin3 2 thin_disk 9.18080146 -0.25 0.0084736 1.744676828 1.743 21.06457227 4521.681832 2.03 -0.285 -1.472 -2.313 -2.935 -3.039
thin3 2 thin_disk 9.18080146 -0.25 0.0084736 1.745060801 1.744 19.91831723 4551.976381 2.079 -0.212 -1.382 -2.212 -2.825 -2.926
thin3 2 thin_disk 9.18080146 -0.25 0.0084736 1.745193839 1.744 18.88220224 4579.309532 2.125 -0.14 -1.295 -2.115 -2.719 -2.818
thin3 2 thin_disk 9.18080146 -0.25 0.0084736 1.745302796 1.744 17.82184429 4608.92881 2.175 -0.06 -1.2 -2.009 -2.605 -2.702
thin3 2 thin_disk 9.18080146 -0.25 0.0084736 1.745402932 1.744 16.75917534 4641.945102 2.228 0.023 -1.1 -1.897 -2.484 -2.579
thin3 2 thin_disk 9.18080146 -0.25 0.0084736 1.745492935 1.744 15.84355533 4670.893875 2.278 0.102 -1.006 -1.793 -2.371 -2.464
thin3 2 thin_disk 9.18080146 -0.25 0.0084736 1.745591879 1.744 14.91257514 4702.188121 2.33 0.188 -0.904 -1.681 -2.25 -2.341
thin3 2 thin_disk 9.18080146 -0.25 0.0084736 1.745699525 1.744 14.0363001 4733.692033 2.382 0.273 -0.804 -1.57 -2.13 -2.219
thin3 2 thin_disk 9.18080146 -0.25 0.0084736 1.745816827 1.745 13.27555373 4762.116327 2.431 0.353 -0.71 -1.466 -2.019 -2.106
thin3 2 thin_disk 9.18080146 -0.25 0.0084736 1.745959997 1.745 12.6751365 4787.403137 2.471 0.418 -0.633 -1.382 -1.927 -2.013
thin3 2 thin_disk 9.18080146 -0.25 0.0084736 1.746004224 1.745 12.77181576 4782.995805 2.464 0.407 -0.646 -1.396 -1.942 -2.029
thin3 2 thin_disk 9.18080146 -0.25 0.0084736 1.74627614 1.745 13.44474733 4756.636893 2.42 0.333 -0.732 -1.491 -2.045 -2.133
thin3 2 thin_disk 9.18080146 -0.25 0.0084736 1.746691823 1.745 14.39635823 4722.804844 2.361 0.235 -0.848 -1.617 -2.181 -2.271
thin3 2 thin_disk 9.18080146 -0.25 0.0084736 1.747169375 1.746 15.40467871 4688.133821 2.302 0.136 -0.963 -1.744 -2.317 -2.409
thin3 2 thin_disk 9.18080146 -0.25 0.0084736 1.74764967 1.746 16.45707487 4654.789007 2.244 0.042 -1.074 -1.867 -2.45 -2.544
thin3 2 thin_disk 9.18080146 -0.25 0.0084736 1.748128772 1.747 17.58136721 4621.681361 2.187 -0.05 -1.184 -1.988 -2.58 -2.677
thin3 2 thin_disk 9.18080146 -0.25 0.0084736 1.748608708 1.747 18.79111909 4587.752705 2.13 -0.143 -1.293 -2.11 -2.712 -2.81
thin3 2 thin_disk 9.18080146 -0.25 0.0084736 1.749078035 1.748 20.06100309 4554.073127 2.073 -0.233 -1.402 -2.231 -2.842 -2.943
thin3 2 thin_disk 9.18080146 -0.25 0.0084736 1.749530554 1.748 21.40684403 4521.681832 2.017 -0.32 -1.508 -2.349 -2.971 -3.074
thin3 2 thin_disk 9.18080146 -0.25 0.0084736 1.749970555 1.749 22.85349597 4488.487293 1.96 -0.409 -1.614 -2.468 -3.096 -3.204
thin3 2 thin_disk 9.18080146 -0.25 0.0084736 1.750392675 1.749 24.36983815 4455.536441 1.904 -0.498 -1.718 -2.585 -3.219 -3.331
thin3 2 thin_disk 9.18080146 -0.25 0.0084736 1.750797152 1.75 26.0167261 4422.827487 1.848 -0.584 -1.821 -2.702 -3.341 -3.459
thin3 2 thin_disk 9.18080146 -0.25 0.0084736 1.751175165 1.75 27.71102849 4390.358656 1.793 -0.669 -1.922 -2.816 -3.461 -3.583
thin3 2 thin_disk 9.18080146 -0.25 0.0084736 1.751534581 1.75 29.54967066 4358.128186 1.737 -0.754 -2.022 -2.929 -3.58 -3.708
thin3 2 thin_disk 9.18080146 -0.25 0.0084736 1.751873612 1.751 31.47405105 4326.134325 1.683 -0.835 -2.119 -3.041 -3.697 -3.831
thin3 2 thin_disk 9.18080146 -0.25 0.0084736 1.752193809 1.751 33.53919579 4293.386635 1.628 -0.916 -2.216 -3.152 -3.814 -3.954
thin3 2 thin_disk 9.18080146 -0.25 0.0084736 1.75249207 1.751 35.66585543 4262.849499 1.574 -0.996 -2.311 -3.262 -3.928 -4.074
thin3 2 thin_disk 9.18080146 -0.25 0.0084736 1.752776265 1.751 37.94483292 4231.555097 1.52 -1.074 -2.405 -3.371 -4.043 -4.195
thin3 2 thin_disk 9.18080146 -0.25 0.0084736 1.753038406 1.752 40.36943255 4200.490434 1.467 -1.147 -2.499 -3.48 -4.16 -4.317
thin3 2 thin_disk 9.18080146 -0.25 0.0084736 1.753284454 1.752 42.89954093 4169.653822 1.414 -1.217 -2.592 -3.588 -4.278 -4.439
thin3 2 thin_disk 9.18080146 -0.25 0.0084736 1.753515363 1.752 45.56723167 4139.996748 1.362 -1.284 -2.684 -3.694 -4.394 -4.56
thin3 2 thin_disk 9.18080146 -0.25 0.0084736 1.753732562 1.752 48.40081168 4110.550613 1.31 -1.35 -2.776 -3.8 -4.509 -4.68
thin3 2 thin_disk 9.18080146 -0.25 0.0084736 1.753932834 1.753 51.31598208 4080.374267 1.258 -1.414 -2.864 -3.903 -4.622 -4.797
thin3 2 thin_disk 9.18080146 -0.25 0.0084736 1.754120112 1.753 54.38168311 4051.352202 1.208 -1.473 -2.951 -4.005 -4.733 -4.913
thin3 2 thin_disk 9.18080146 -0.25 0.0084736 1.754297852 1.753 57.60400041 4023.46289 1.158 -1.533 -3.037 -4.106 -4.844 -5.029
thin3 2 thin_disk 9.18080146 -0.25 0.0084736 1.754461884 1.753 60.97511735 3994.845613 1.109 -1.59 -3.121 -4.205 -4.952 -5.142
thin3 2 thin_disk 9.18080146 -0.25 0.0084736 1.754616022 1.753 64.54351971 3966.431879 1.06 -1.642 -3.204 -4.303 -5.059 -5.254
thin3 2 thin_disk 9.18080146 -0.25 0.0084736 1.754761934 1.753 68.24214117 3938.220241 1.011 -1.692 -3.285 -4.399 -5.165 -5.365
thin3 2 thin_disk 9.18080146 -0.25 0.0084736 1.754832983 1.754 70.073312 3924.641574 0.988 -1.715 -3.323 -4.446 -5.216 -5.418
thin3 2 thin_disk 9.18080146 -0.25 0.0084736 1.754832983 1.754 70.073312 3924.641574 0.988 0.738 -0.218 -4.446 -5.216 -5.418
thin3 2 thin_disk 9.18080146 -0.25 0.0084736 1.756449699 1.755 9.688413025 5008.411453 2.707 0.712 -0.248 -0.927 -1.413 -1.488
thin3 2 thin_disk 9.18080146 -0.25 0.0084736 1.757997632 1.757 9.820930662 5000.34535 2.696 0.693 -0.27 -0.952 -1.44 -1.515
thin3 2 thin_disk 9.18080146 -0.25 0.0084736 1.759606004 1.758 9.886729336 4998.043136 2.69 0.681 -0.283 -0.965 -1.453 -1.529
thin3 2 thin_disk 9.18080146 -0.25 0.0084736 1.761213183 1.76 9.861719483 5001.496854 2.693 0.681 -0.281 -0.962 -1.45 -1.525
thin3 2 thin_disk 9.18080146 -0.25 0.0084736 1.76285708 1.762 9.832243938 5006.105525 2.696 0.682 -0.278 -0.958 -1.444 -1.519
thin3 2 thin_disk 9.18080146 -0.25 0.0084736 1.764435053 1.763 9.802856491 5010.718443 2.699 0.683 -0.275 -0.954 -1.439 -1.514
thin3 2 thin_disk 9.18080146 -0.25 0.0084736 1.764910817 1.764 9.798343148 5011.872336 2.7 0.684 -0.275 -0.952 -1.437 -1.512
thin3 2 thin_disk 9.18080146 -0.25 0.0084736 1.765443444 1.764 9.836772896 5010.718443 2.696 0.677 -0.282 -0.961 -1.446 -1.521
thin3 2 thin_disk 9.18080146 -0.25 0.0084736 1.766271472 1.765 9.891283391 5008.411453 2.692 0.667 -0.293 -0.971 -1.457 -1.532
thin3 2 thin_disk 9.18080146 -0.25 0.0084736 1.768496394 1.767 10.08910507 4999.19411 2.675 0.635 -0.329 -1.01 -1.498 -1.574
thin3 2 thin_disk 9.18080146 -0.25 0.0084736 1.770824075 1.77 10.31460604 4989.993731 2.656 0.598 -0.369 -1.054 -1.544 -1.62
thin3 2 thin_disk 9.18080146 -0.25 0.0084736 1.771466017 1.77 10.2365272 4994.591802 2.663 0.61 -0.355 -1.038 -1.528 -1.603
thin3 2 thin_disk 9.18080146 -0.25 0.0084736 1.771492362 1.77 10.14735011 4999.19411 2.671 0.622 -0.341 -1.023 -1.511 -1.586
thin3 2 thin_disk 9.18080146 -0.25 0.0084736 1.771516919 1.77 10.07053736 5003.800659 2.678 0.634 -0.327 -1.007 -1.494 -1.57
thin3 2 thin_disk 9.18080146 -0.25 0.0084736 1.771550775 1.77 9.966728887 5009.564815 2.686 0.648 -0.311 -0.989 -1.475 -1.55
thin3 2 thin_disk 9.18080146 -0.25 0.0084736 1.771593213 1.77 9.868534071 5014.18092 2.695 0.663 -0.294 -0.971 -1.455 -1.53
thin3 2 thin_disk 9.18080146 -0.25 0.0084736 1.771649361 1.77 9.778058807 5019.957034 2.703 0.678 -0.277 -0.953 -1.436 -1.51
thin3 2 thin_disk 9.18080146 -0.25 0.0084736 1.77172637 1.771 9.681722817 5024.582715 2.711 0.693 -0.261 -0.935 -1.417 -1.491
thin3 2 thin_disk 9.18080146 -0.25 0.0084736 1.771840095 1.771 9.592960249 5030.370811 2.72 0.708 -0.244 -0.917 -1.397 -1.471
thin3 2 thin_disk 9.18080146 -0.25 0.0084736 1.772022128 1.771 9.494074709 5036.165574 2.729 0.723 -0.227 -0.898 -1.377 -1.451
thin3 2 thin_disk 9.18080146 -0.25 0.0084736 1.772341728 1.771 9.385396934 5041.967013 2.738 0.739 -0.209 -0.878 -1.355 -1.429
thin3 2 thin_disk 9.18080146 -0.25 0.0084736 1.77297473 1.772 9.273691507 5048.937562 2.749 0.757 -0.189 -0.856 -1.331 -1.405
thin3 2 thin_disk 9.18080146 -0.25 0.0084736 1.774046779 1.773 9.173871336 5055.917748 2.759 0.773 -0.17 -0.835 -1.309 -1.382
thin3 2 thin_disk 9.18080146 -0.25 0.0084736 1.774402022 1.773 9.228957475 5052.426449 2.754 0.765 -0.18 -0.846 -1.321 -1.394
thin3 2 thin_disk 9.18080146 -0.25 0.0084736 1.778187394 1.777 9.127516881 5057.08205 2.765 0.783 -0.159 -0.824 -1.297 -1.37
thin3 2 thin_disk 9.18080146 -0.25 0.0084736 1.783491611 1.782 8.94442949 5067.572842 2.784 0.815 -0.124 -0.785 -1.256 -1.329
thin3 2 thin_disk 9.18080146 -0.25 0.0084736 1.791690826 1.79 8.702672589 5081.594426 2.809 0.858 -0.076 -0.734 -1.202 -1.273
thin3 2 thin_disk 9.18080146 -0.25 0.0084736 1.808336496 1.807 8.274707383 5107.401504 2.857 0.935 0.01 -0.64 -1.102 -1.172
thin3 2 thin_disk 9.18080146 -0.25 0.0084736 1.812887192 1.812 8.176221435 5114.462516 2.868 0.955 0.031 -0.617 -1.077 -1.147
thin3 2 thin_disk 9.18080146 -0.25 0.0084736 1.831844568 1.831 8.601073221 5114.462516 2.829 0.844 -0.079 -0.727 -1.187 -1.257
thin3 2 thin_disk 9.18080146 -0.25 0.0084736 1.851729035 1.85 9.186554267 5099.175976 2.776 0.718 -0.21 -0.863 -1.326 -1.397
thin3 2 thin_disk 9.18080146 -0.25 0.0084736 1.863396049 1.862 9.63502054 5080.42448 2.737 0.636 -0.298 -0.956 -1.424 -1.496
thin3 2 thin_disk 9.18080146 -0.25 0.0084736 1.864663362 1.863 9.688413025 5078.085397 2.733 0.627 -0.307 -0.966 -1.435 -1.507
thin3 2 thin_disk 9.18080146 -0.25 0.0084736 1.864829183 1.864 9.704041493 5076.916259 2.732 0.626 -0.31 -0.969 -1.438 -1.51
thin3 2 thin_disk 9.18080146 -0.25 0.0084736 1.866597176 1.865 9.909520601 5061.74194 2.714 0.599 -0.342 -1.005 -1.477 -1.55
thin3 2 thin_disk 9.18080146 -0.25 0.0084736 1.869323611 1.868 10.21768818 5039.645636 2.688 0.558 -0.39 -1.059 -1.537 -1.611
thin3 2 thin_disk 9.18080146 -0.25 0.0084736 1.873742938 1.873 11.04212464 4986.547956 2.622 0.456 -0.512 -1.198 -1.69 -1.766
thin3 2 thin_disk 9.18080146 -0.25 0.0084736 1.875079155 1.874 11.82367939 4939.693472 2.563 0.365 -0.621 -1.321 -1.825 -1.903
thin3 2 thin_disk 9.18080146 -0.25 0.0084736 1.875656843 1.874 12.62271117 4897.788194 2.506 0.277 -0.725 -1.438 -1.953 -2.033
thin3 2 thin_disk 9.18080146 -0.25 0.0084736 1.875911951 1.875 13.42000399 4860.713235 2.453 0.194 -0.825 -1.55 -2.075 -2.157
thin3 2 thin_disk 9.18080146 -0.25 0.0084736 1.876023531 1.875 14.14336159 4828.363965 2.407 0.122 -0.911 -1.646 -2.179 -2.263
thin3 2 thin_disk 9.18080146 -0.25 0.0084736 1.876087666 1.875 14.76225302 4802.860802 2.37 0.063 -0.981 -1.724 -2.263 -2.349
thin3 2 thin_disk 9.18080146 -0.25 0.0084736 1.876125812 1.875 15.33390064 4780.793661 2.337 0.011 -1.043 -1.793 -2.339 -2.425
thin3 2 thin_disk 9.18080146 -0.25 0.0084736 1.876129746 1.875 15.40113206 4778.592532 2.333 0.005 -1.05 -1.801 -2.347 -2.434
thin3 2 thin_disk 9.18080146 -0.25 0.0084736 1.876228809 1.875 17.2247388 4715.198713 2.236 -0.148 -1.234 -2.006 -2.57 -2.66
thin3 2 thin_disk 9.18080146 -0.25 0.0084736 1.876350641 1.875 17.5368927 4705.4374 2.22 -0.173 -1.263 -2.038 -2.605 -2.696
thin3 2 thin_disk 9.18080146 -0.25 0.0084736 1.877654195 1.876 15.75624208 4765.407017 2.314 -0.025 -1.087 -1.842 -2.392 -2.48
thin3 2 thin_disk 9.18080146 -0.25 0.0084736 1.879344106 1.878 16.57878291 4740.23639 2.27 -0.099 -1.173 -1.937 -2.493 -2.583
thin3 2 thin_disk 9.18080146 -0.25 0.0084736 1.880720735 1.879 17.37211297 4714.113124 2.23 -0.164 -1.249 -2.022 -2.586 -2.676
thin3 2 thin_disk 9.18080146 -0.25 0.0084736 1.881916285 1.88 18.31271113 4684.896492 2.184 -0.236 -1.336 -2.119 -2.69 -2.783
thin3 2 thin_disk 9.18080146 -0.25 0.0084736 1.882805347 1.881 19.3665671 4653.717326 2.136 -0.312 -1.428 -2.221 -2.802 -2.896
thin3 2 thin_disk 9.18080146 -0.25 0.0084736 1.883459926 1.881 20.47164043 4623.810214 2.088 -0.385 -1.517 -2.321 -2.91 -3.007
thin3 2 thin_disk 9.18080146 -0.25 0.0084736 1.883980393 1.882 21.59000012 4594.0953 2.042 -0.456 -1.603 -2.417 -3.015 -3.114
thin3 2 thin_disk 9.18080146 -0.25 0.0084736 1.884396672 1.882 22.69617361 4566.673896 1.998 -0.523 -1.684 -2.508 -3.115 -3.215
thin3 2 thin_disk 9.18080146 -0.25 0.0084736 1.884727955 1.882 23.83156949 4539.416167 1.956 -0.586 -1.761 -2.595 -3.206 -3.31
thin3 2 thin_disk 9.18080146 -0.25 0.0084736 1.885093331 1.882 25.16243377 4510.243611 1.908 -0.659 -1.848 -2.694 -3.309 -3.418
thin3 2 thin_disk 9.18080146 -0.25 0.0084736 1.885420203 1.883 26.6227335 4479.195313 1.86 -0.733 -1.935 -2.793 -3.414 -3.527
thin3 2 thin_disk 9.18080146 -0.25 0.0084736 1.885756493 1.883 28.24571969 4447.336594 1.809 -0.809 -2.028 -2.899 -3.525 -3.642
thin3 2 thin_disk 9.18080146 -0.25 0.0084736 1.886068821 1.883 30.02981418 4413.671435 1.755 -0.887 -2.122 -3.007 -3.639 -3.762
thin3 2 thin_disk 9.18080146 -0.25 0.0084736 1.886348009 1.883 32.05919734 4376.228599 1.698 -0.968 -2.221 -3.121 -3.761 -3.889
thin3 2 thin_disk 9.18080146 -0.25 0.0084736 1.886520982 1.883 33.80279759 4341.102097 1.652 -1.021 -2.292 -3.209 -3.855 -3.989
thin3 2 thin_disk 9.18080146 -0.25 0.0084736 1.886702061 1.883 35.9544496 4307.24921 1.599 -1.097 -2.385 -3.316 -3.969 -4.109
thin3 2 thin_disk 9.18080146 -0.25 0.0084736 1.886837363 1.883 38.09365505 4274.644475 1.548 -1.164 -2.469 -3.416 -4.075 -4.221
thin3 2 thin_disk 9.18080146 -0.25 0.0084736 1.886950135 1.882 40.37872903 4241.309839 1.498 -1.229 -2.551 -3.513 -4.179 -4.331
thin3 2 thin_disk 9.18080146 -0.25 0.0084736 1.887045622 1.882 42.65330074 4208.235154 1.45 -1.282 -2.629 -3.607 -4.284 -4.44
thin3 2 thin_disk 9.18080146 -0.25 0.0084736 1.887139559 1.882 45.07675505 4179.265867 1.402 -1.344 -2.712 -3.704 -4.389 -4.55
thin3 2 thin_disk 9.18080146 -0.25 0.0084736 1.887228012 1.882 47.53928492 4152.407818 1.356 -1.403 -2.794 -3.798 -4.493 -4.657
thin3 2 thin_disk 9.18080146 -0.25 0.0084736 1.887317896 1.882 50.24034868 4123.822843 1.307 -1.462 -2.877 -3.895 -4.599 -4.768
thin3 2 thin_disk 9.18080146 -0.25 0.0084736 1.887411475 1.881 53.2417896 4094.491746 1.258 -1.523 -2.962 -3.995 -4.708 -4.882
thin3 2 thin_disk 9.18080146 -0.25 0.0084736 1.887508869 1.881 56.35762005 4065.36927 1.207 -1.583 -3.048 -4.096 -4.819 -4.997
thin3 2 thin_disk 9.18080146 -0.25 0.0084736 1.887614012 1.88 59.84841385 4034.595502 1.155 -1.642 -3.137 -4.2 -4.933 -5.117
thin3 2 thin_disk 9.18080146 -0.25 0.0084736 1.887726426 1.879 63.65794942 4003.132822 1.101 -1.702 -3.226 -4.306 -5.049 -5.238
thin3 2 thin_disk 9.18080146 -0.25 0.0084736 1.887813807 1.878 66.36707003 3981.988487 1.065 -1.742 -3.287 -4.378 -5.129 -5.321
thin3 2 thin_disk 9.18080146 -0.25 0.0084736 1.887832999 1.878 66.36707003 3981.988487 1.065 -1.742 -3.287 -4.378 -5.128 -5.321
thin3 2 thin_disk 9.18080146 -0.25 0.0084736 1.887842536 1.878 68.17931677 3967.345289 1.042 -1.764 -3.325 -4.424 -5.179 -5.374
thin3 2 thin_disk 9.18080146 -0.25 0.0084736 1.887851834 1.878 70.00880181 3953.666201 1.019 -1.785 -3.361 -4.468 -5.227 -5.425
thin3 2 thin_disk 9.18080146 -0.25 0.0084736 1.887863636 1.878 71.80466243 3940.034276 0.996 -1.807 -3.398 -4.512 -5.277 -5.477
thin3 2 thin_disk 9.18080146 -0.25 0.0084736 1.887879729 1.878 73.76539033 3925.54536 0.973 -1.828 -3.436 -4.559 -5.328 -5.531
thin3 2 thin_disk 9.18080146 -0.25 0.0084736 1.887897372 1.877 73.52798167 3927.353556 0.975 -1.826 -3.432 -4.554 -5.322 -5.524
thin3 2 thin_disk 9.18080146 -0.25 0.0084736 1.887897849 1.877 72.0033404 3939.127154 0.994 -1.81 -3.403 -4.518 -5.282 -5.483
thin3 2 thin_disk 9.18080146 -0.25 0.0084736 1.887897968 1.877 70.42918209 3950.936048 1.014 -1.792 -3.371 -4.479 -5.239 -5.437
thin3 2 thin_disk 9.18080146 -0.25 0.0084736 1.887898087 1.877 67.1974271 3975.575449 1.054 -1.754 -3.306 -4.4 -5.153 -5.346
thin3 2 thin_disk 9.18080146 -0.25 0.0084736 1.887898207 1.877 65.23079099 3991.167918 1.08 -1.725 -3.261 -4.347 -5.094 -5.286
thin3 2 thin_disk 9.18080146 -0.25 0.0084736 1.887898326 1.877 64.84143907 3993.925872 1.085 -1.72 -3.254 -4.339 -5.085 -5.275
thin3 2 thin_disk 9.18080146 -0.25 0.0084736 1.887898445 1.877 73.05545414 3930.972449 0.982 -1.82 -3.422 -4.541 -5.308 -5.51
thin3 2 thin_disk 9.18080146 -0.25 0.0084736 1.887898684 1.877 79.82752139 3881.50366 0.904 -1.882 -3.543 -4.691 -5.474 -5.685
thin3 2 thin_disk 9.18080146 -0.25 0.0084736 1.887899041 1.877 80.82629002 3875.252454 0.894 -1.888 -3.559 -4.711 -5.496 -5.708
thin3 2 thin_disk 9.18080146 -0.25 0.0084736 1.88789928 1.877 79.02284202 3887.764949 0.914 -1.876 -3.529 -4.673 -5.454 -5.664
thin3 2 thin_disk 9.18080146 -0.25 0.0084736 1.887899518 1.877 77.22406253 3901.21603 0.933 -1.862 -3.499 -4.636 -5.413 -5.62
thin3 2 thin_disk 9.18080146 -0.25 0.0084736 1.887899756 1.877 75.50098974 3913.812356 0.953 -1.846 -3.468 -4.598 -5.37 -5.575
thin3 2 thin_disk 9.18080146 -0.25 0.0084736 1.887899995 1.877 73.76539033 3925.54536 0.973 -1.828 -3.436 -4.558 -5.327 -5.53
thin3 2 thin_disk 9.18080146 -0.25 0.0084736 1.887900352 1.877 71.34320981 3943.664854 1.002 -1.803 -3.39 -4.502 -5.265 -5.464
thin3 2 thin_disk 9.18080146 -0.25 0.0084736 1.887900591 1.877 70.42918209 3950.936048 1.014 -1.792 -3.37 -4.478 -5.239 -5.437
thin3 2 thin_disk 9.18080146 -0.25 0.0084736 1.887900829 1.877 69.11187012 3960.955835 1.029 -1.777 -3.346 -4.449 -5.206 -5.402
thin3 2 thin_disk 9.18080146 -0.25 0.0084736 1.887900949 1.877 67.63206453 3971.915495 1.048 -1.759 -3.314 -4.411 -5.164 -5.359
thin3 2 thin_disk 9.18080146 -0.25 0.0084736 1.887901068 1.877 66.87328306 3978.322628 1.058 -1.749 -3.298 -4.392 -5.143 -5.336
thin3 2 thin_disk 9.18080146 -0.25 0.0084736 1.887901187 1.877 65.2608378 3990.249024 1.08 -1.726 -3.262 -4.349 -5.096 -5.287
thin3 2 thin_disk 9.18080146 -0.25 0.0084736 1.887901425 1.877 65.12573607 3992.087024 1.082 -1.724 -3.259 -4.345 -5.092 -5.283
thin3 2 thin_disk 9.18080146 -0.25 0.0084736 1.887901545 1.877 69.89605185 3954.576671 1.02 -1.786 -3.361 -4.467 -5.227 -5.424
thin3 2 thin_disk 9.18080146 -0.25 0.0084736 1.887901664 1.877 72.23582627 3937.313537 0.991 -1.813 -3.408 -4.524 -5.289 -5.489
thin3 2 thin_disk 9.18080146 -0.25 0.0084736 1.887902379 1.877 74.6883121 3919.223225 0.962 -1.837 -3.453 -4.579 -5.35 -5.554
thin3 2 thin_disk 9.18080146 -0.25 0.0084736 1.887902617 1.877 73.49412858 3928.257967 0.977 -1.825 -3.431 -4.552 -5.319 -5.522
thin3 2 thin_disk 9.18080146 -0.25 0.0084736 1.887903094 1.877 71.68902021 3940.941607 0.998 -1.807 -3.397 -4.51 -5.274 -5.474
thin3 2 thin_disk 9.18080146 -0.25 0.0084736 1.887903452 1.877 70.12173366 3952.75594 1.017 -1.788 -3.365 -4.472 -5.232 -5.43
thin3 2 thin_disk 9.18080146 -0.25 0.0084736 1.88790381 1.877 68.47824869 3965.51868 1.038 -1.769 -3.331 -4.431 -5.187 -5.382
thin3 2 thin_disk 9.18080146 -0.25 0.0084736 1.887904167 1.877 67.30582389 3974.660145 1.053 -1.754 -3.307 -4.402 -5.154 -5.348
thin3 2 thin_disk 9.18080146 -0.25 0.0084736 1.887904763 1.877 64.94603539 3993.006342 1.083 -1.722 -3.256 -4.342 -5.088 -5.279
thin3 2 thin_disk 9.18080146 -0.25 0.0084736 1.887905002 1.877 63.93705742 4001.289735 1.097 -1.706 -3.232 -4.314 -5.057 -5.247
thin3 2 thin_disk 9.18080146 -0.25 0.0084736 1.887905359 1.877 63.73128055 4003.132822 1.101 -1.703 -3.227 -4.307 -5.05 -5.239
thin3 2 thin_disk 9.18080146 -0.25 0.0084736 1.887905598 1.877 65.23079099 3991.167918 1.08 -1.726 -3.262 -4.348 -5.095 -5.286
thin3 2 thin_disk 9.18080146 -0.25 0.0084736 1.887905836 1.877 69.44686491 3958.220648 1.026 -1.78 -3.351 -4.455 -5.213 -5.41
thin3 2 thin_disk 9.18080146 -0.25 0.0084736 1.887906075 1.877 70.88472272 3947.298777 1.008 -1.797 -3.38 -4.49 -5.251 -5.45
thin3 2 thin_disk 9.18080146 -0.25 0.0084736 1.887906909 1.877 70.20251078 3952.75594 1.016 -1.79 -3.368 -4.475 -5.235 -5.433
thin3 2 thin_disk 9.18080146 -0.25 0.0084736 1.887907386 1.877 68.81017222 3962.780343 1.033 -1.774 -3.339 -4.441 -5.197 -5.393
thin3 2 thin_disk 9.18080146 -0.25 0.0084736 1.887907982 1.877 67.1974271 3975.575449 1.054 -1.754 -3.305 -4.4 -5.152 -5.345
thin3 2 thin_disk 9.18080146 -0.25 0.0084736 1.887908578 1.877 65.65270808 3987.493609 1.074 -1.732 -3.271 -4.359 -5.108 -5.299
thin3 2 thin_disk 9.18080146 -0.25 0.0084736 1.887909293 1.877 64.32097883 3998.526697 1.093 -1.712 -3.241 -4.323 -5.068 -5.258
thin3 2 thin_disk 9.18080146 -0.25 0.0084736 1.887910247 1.877 62.77007461 4010.513661 1.113 -1.688 -3.206 -4.282 -5.022 -5.21
thin3 2 thin_disk 9.18080146 -0.25 0.0084736 1.887912035 1.877 63.55542758 4004.054683 1.102 -1.701 -3.225 -4.304 -5.047 -5.236
thin3 2 thin_disk 9.18080146 -0.25 0.0084736 1.887919307 1.877 63.17607562 4006.821542 1.107 -1.695 -3.216 -4.294 -5.035 -5.224
thin3 2 thin_disk 9.18080146 -0.25 0.0084736 1.887927294 1.877 64.84143907 3993.925872 1.086 -1.719 -3.252 -4.337 -5.083 -5.273
thin3 2 thin_disk 9.18080146 -0.25 0.0084736 1.887933135 1.877 66.36707003 3981.988487 1.065 -1.741 -3.286 -4.377 -5.127 -5.319
thin3 2 thin_disk 9.18080146 -0.25 0.0084736 1.887939215 1.877 68.11655021 3969.17274 1.042 -1.765 -3.324 -4.422 -5.177 -5.372
thin3 2 thin_disk 9.18080146 -0.25 0.0084736 1.887945414 1.877 69.78348346 3955.487351 1.021 -1.785 -3.359 -4.465 -5.224 -5.421
thin3 2 thin_disk 9.18080146 -0.25 0.0084736 1.887953162 1.877 71.54061098 3942.756896 1 -1.805 -3.393 -4.506 -5.269 -5.469
thin3 2 thin_disk 9.18080146 -0.25 0.0084736 1.887964845 1.877 73.37576546 3929.162586 0.977 -1.826 -3.43 -4.55 -5.318 -5.52
thin3 2 thin_disk 9.18080146 -0.25 0.0084736 1.887983441 1.876 74.14001078 3924.641574 0.969 -1.834 -3.444 -4.567 -5.336 -5.539
thin3 2 thin_disk 9.18080146 -0.25 0.0084736 1.88798511 1.876 72.78680308 3933.688807 0.985 -1.819 -3.418 -4.535 -5.301 -5.503
thin3 2 thin_disk 9.18080146 -0.25 0.0084736 1.887985349 1.876 69.52686461 3958.220648 1.025 -1.782 -3.353 -4.457 -5.215 -5.412
thin3 2 thin_disk 9.18080146 -0.25 0.0084736 1.887985468 1.876 67.92859701 3970.086781 1.044 -1.763 -3.321 -4.419 -5.173 -5.367
thin3 2 thin_disk 9.18080146 -0.25 0.0084736 1.887985587 1.876 64.87130653 3993.006342 1.084 -1.72 -3.254 -4.339 -5.085 -5.276
thin3 2 thin_disk 9.18080146 -0.25 0.0084736 1.887985706 1.876 66.18394415 3982.905479 1.067 -1.739 -3.282 -4.373 -5.123 -5.315
thin3 2 thin_disk 9.18080146 -0.25 0.0084736 1.887985825 1.876 70.65658528 3949.116993 1.01 -1.796 -3.376 -4.485 -5.246 -5.445
thin3 2 thin_disk 9.18080146 -0.25 0.0084736 1.887986064 1.876 75.50098974 3913.812356 0.952 -1.847 -3.47 -4.599 -5.371 -5.576
thin3 2 thin_disk 9.18080146 -0.25 0.0084736 1.887986541 1.876 77.93860798 3896.727173 0.925 -1.871 -3.514 -4.653 -5.431 -5.639
thin3 2 thin_disk 9.18080146 -0.25 0.0084736 1.887986779 1.876 76.940082 3903.911825 0.936 -1.862 -3.496 -4.632 -5.407 -5.614
thin3 2 thin_disk 9.18080146 -0.25 0.0084736 1.887987137 1.876 75.22334557 3916.516856 0.956 -1.845 -3.464 -4.592 -5.363 -5.568
thin3 2 thin_disk 9.18080146 -0.25 0.0084736 1.887987494 1.876 73.25759296 3930.067413 0.979 -1.824 -3.428 -4.547 -5.315 -5.517
thin3 2 thin_disk 9.18080146 -0.25 0.0084736 1.887987971 1.876 71.19551647 3945.481397 1.003 -1.802 -3.388 -4.499 -5.261 -5.461
thin3 2 thin_disk 9.18080146 -0.25 0.0084736 1.887988329 1.876 69.63901904 3957.309339 1.023 -1.784 -3.356 -4.461 -5.219 -5.416
thin3 2 thin_disk 9.18080146 -0.25 0.0084736 1.887988925 1.876 68.14792627 3968.25891 1.042 -1.764 -3.324 -4.423 -5.177 -5.372
thin3 2 thin_disk 9.18080146 -0.25 0.0084736 1.887989521 1.876 67.08920489 3976.490965 1.056 -1.751 -3.302 -4.396 -5.148 -5.341
thin3 2 thin_disk 9.18080146 -0.25 0.0084736 1.887989998 1.876 65.65270808 3987.493609 1.074 -1.731 -3.27 -4.358 -5.107 -5.298
thin3 2 thin_disk 9.18080146 -0.25 0.0084736 1.887990236 1.876 64.55838312 3995.765566 1.088 -1.715 -3.247 -4.331 -5.076 -5.267
thin3 2 thin_disk 9.18080146 -0.25 0.0084736 1.887990594 1.876 63.96650831 4000.36851 1.097 -1.705 -3.232 -4.313 -5.057 -5.247
thin3 2 thin_disk 9.18080146 -0.25 0.0084736 1.887990713 1.876 65.54697366 3988.411869 1.076 -1.729 -3.268 -4.356 -5.104 -5.295
thin3 2 thin_disk 9.18080146 -0.25 0.0084736 1.887990832 1.876 67.81919724 3971.001033 1.046 -1.76 -3.317 -4.414 -5.168 -5.362
thin3 2 thin_disk 9.18080146 -0.25 0.0084736 1.887990951 1.876 68.55713258 3965.51868 1.037 -1.77 -3.333 -4.433 -5.189 -5.385
thin3 2 thin_disk 9.18080146 -0.25 0.0084736 1.887991071 1.876 70.65658528 3949.116993 1.01 -1.795 -3.376 -4.485 -5.246 -5.445
thin3 2 thin_disk 9.18080146 -0.25 0.0084736 1.887991905 1.876 71.97018927 3940.034276 0.994 -1.81 -3.402 -4.517 -5.281 -5.481
thin3 2 thin_disk 9.18080146 -0.25 0.0084736 1.887992382 1.876 70.77056207 3948.20778 1.009 -1.797 -3.379 -4.488 -5.25 -5.448
thin3 2 thin_disk 9.18080146 -0.25 0.0084736 1.887992978 1.876 69.33501995 3959.132167 1.026 -1.78 -3.35 -4.454 -5.212 -5.409
thin3 2 thin_disk 9.18080146 -0.25 0.0084736 1.887993932 1.876 67.52314232 3972.830167 1.05 -1.756 -3.311 -4.407 -5.16 -5.354
thin3 2 thin_disk 9.18080146 -0.25 0.0084736 1.88800168 1.876 68.06951321 3968.25891 1.042 -1.763 -3.323 -4.421 -5.176 -5.371
thin3 2 thin_disk 9.18080146 -0.25 0.0084736 1.88800621 1.876 69.63901904 3957.309339 1.023 -1.783 -3.355 -4.46 -5.218 -5.416
thin3 2 thin_disk 9.18080146 -0.25 0.0084736 1.88801074 1.876 71.08085529 3946.389982 1.005 -1.801 -3.386 -4.497 -5.259 -5.458
thin3 2 thin_disk 9.18080146 -0.25 0.0084736 1.888015986 1.876 72.90421614 3932.783146 0.983 -1.821 -3.42 -4.539 -5.305 -5.507
thin3 2 thin_disk 9.18080146 -0.25 0.0084736 1.888022304 1.876 74.2938124 3922.834625 0.967 -1.836 -3.447 -4.571 -5.341 -5.544
thin3 2 thin_disk 9.18080146 -0.25 0.0084736 1.888030767 1.876 74.89496891 3918.320894 0.96 -1.841 -3.458 -4.585 -5.356 -5.56
thin3 2 thin_disk 9.18080146 -0.25 0.0084736 1.888040423 1.875 75.86695348 3911.109724 0.948 -1.85 -3.476 -4.607 -5.38 -5.586
thin3 2 thin_disk 9.18080146 -0.25 0.0084736 1.888052225 1.875 79.68060902 3885.080304 0.906 -1.886 -3.543 -4.689 -5.471 -5.681
thin3 2 thin_disk 9.18080146 -0.25 0.0084736 1.888067961 1.875 84.77204204 3852.121706 0.852 -1.925 -3.629 -4.795 -5.587 -5.804
thin3 2 thin_disk 9.18080146 -0.25 0.0084736 1.888085127 1.874 88.25770799 3830.010812 0.816 -1.95 -3.684 -4.864 -5.663 -5.884
thin3 2 thin_disk 9.18080146 -0.25 0.0084736 1.888085723 1.874 88.25770799 3830.010812 0.816 -1.95 -3.684 -4.864 -5.663 -5.884
thin3 2 thin_disk 9.18080146 -0.25 0.0084736 1.888087153 1.874 48.76998756 4139.996748 1.332 -1.43 -2.831 -3.842 -4.54 -4.707
thin3 2 thin_disk 9.18080146 -0.25 0.0084736 1.888087869 1.874 44.38667822 4189.864711 1.414 -1.332 -2.692 -3.679 -4.361 -4.52
thin3 2 thin_disk 9.18080146 -0.25 0.0084736 1.888090849 1.874 30.44757051 4398.453449 1.741 -0.891 -2.134 -3.025 -3.662 -3.786
thin3 2 thin_disk 9.18080146 -0.25 0.0084736 1.888095498 1.873 30.60924693 4394.404189 1.736 -0.896 -2.142 -3.034 -3.672 -3.797
thin3 2 thin_disk 9.18080146 -0.25 0.0084736 1.888101697 1.873 35.97929463 4303.283913 1.596 -1.09 -2.381 -3.314 -3.969 -4.109
thin3 2 thin_disk 9.18080146 -0.25 0.0084736 1.888109684 1.873 49.17593713 4132.377612 1.324 -1.434 -2.841 -3.855 -4.556 -4.724
thin3 2 thin_disk 9.18080146 -0.25 0.0084736 1.888119459 1.873 65.87985655 3978.322628 1.07 -1.717 -3.266 -4.359 -5.11 -5.303
thin3 2 thin_disk 9.18080146 -0.25 0.0084736 1.888131142 1.873 80.41788462 3876.144867 0.897 -1.881 -3.551 -4.702 -5.487 -5.699
thin3 2 thin_disk 9.18080146 -0.25 0.0084736 1.888144731 1.872 89.58857832 3821.202032 0.804 -1.955 -3.702 -4.887 -5.689 -5.912
thin3 2 thin_disk 9.18080146 -0.25 0.0084736 1.888160229 1.872 93.83236115 3796.645079 0.762 -1.982 -3.766 -4.967 -5.777 -6.005
thin3 2 thin_disk 9.18080146 -0.25 0.0084736 1.888177872 1.872 96.17288513 3782.683456 0.742 -1.988 -3.796 -5.007 -5.821 -6.051
thin3 2 thin_disk 9.18080146 -0.25 0.0084736 1.888178349 1.871 61.18608206 4008.667176 1.135 -1.628 -3.146 -4.223 -4.965 -5.152
thin3 2 thin_disk 9.18080146 -0.25 0.0084736 1.888180018 1.871 49.07413405 4124.772498 1.326 -1.411 -2.825 -3.843 -4.547 -4.715
thin3 2 thin_disk 9.18080146 -0.25 0.0084736 1.888183236 1.871 33.624253 4330.120677 1.655 -0.988 -2.267 -3.188 -3.839 -3.973
thin3 2 thin_disk 9.18080146 -0.25 0.0084736 1.888188124 1.871 33.7483578 4327.130569 1.651 -0.992 -2.272 -3.194 -3.846 -3.981
thin3 2 thin_disk 9.18080146 -0.25 0.0084736 1.88819468 1.871 39.5414549 4239.357093 1.514 -1.178 -2.503 -3.466 -4.134 -4.286
thin3 2 thin_disk 9.18080146 -0.25 0.0084736 1.888203025 1.871 53.72205843 4073.802778 1.247 -1.497 -2.954 -3.996 -4.717 -4.894
thin3 2 thin_disk 9.18080146 -0.25 0.0084736 1.888213277 1.87 71.54061098 3924.641574 0.999 -1.758 -3.366 -4.488 -5.259 -5.461
thin3 2 thin_disk 9.18080146 -0.25 0.0084736 1.888225555 1.87 86.80657972 3826.484866 0.83 -1.903 -3.642 -4.823 -5.625 -5.846
thin3 2 thin_disk 9.18080146 -0.25 0.0084736 1.88823986 1.87 96.17288513 3773.983525 0.741 -1.96 -3.783 -4.999 -5.816 -6.047
thin3 2 thin_disk 9.18080146 -0.25 0.0084736 1.888256192 1.87 100.2426744 3752.321139 0.705 -1.976 -3.838 -5.07 -5.894 -6.13
thin3 2 thin_disk 9.18080146 -0.25 0.0084736 1.88827467 1.869 102.1298384 3741.105883 0.689 -1.978 -3.86 -5.1 -5.927 -6.165
thin3 2 thin_disk 9.18080146 -0.25 0.0084736 1.888275147 1.869 65.78890301 3958.220648 1.071 -1.664 -3.234 -4.337 -5.097 -5.292
thin3 2 thin_disk 9.18080146 -0.25 0.0084736 1.888277173 1.869 52.85093134 4071.927154 1.261 -1.459 -2.916 -3.959 -4.681 -4.857
thin3 2 thin_disk 9.18080146 -0.25 0.0084736 1.888280749 1.869 36.13704569 4276.613475 1.591 -1.051 -2.358 -3.303 -3.966 -4.11
thin3 2 thin_disk 9.18080146 -0.25 0.0084736 1.888286114 1.868 36.29548841 4274.644475 1.587 -1.055 -2.364 -3.309 -3.973 -4.117
thin3 2 thin_disk 9.18080146 -0.25 0.0084736 1.888293505 1.868 42.38894862 4189.864711 1.452 -1.231 -2.591 -3.577 -4.261 -4.42
thin3 2 thin_disk 9.18080146 -0.25 0.0084736 1.888302922 1.868 57.31293441 4029.025351 1.19 -1.534 -3.033 -4.098 -4.835 -5.018
thin3 2 thin_disk 9.18080146 -0.25 0.0084736 1.888314366 1.868 75.95434884 3884.185834 0.946 -1.782 -3.438 -4.583 -5.368 -5.577
thin3 2 thin_disk 9.18080146 -0.25 0.0084736 1.888328075 1.868 91.86554267 3788.785337 0.78 -1.912 -3.708 -4.914 -5.727 -5.955
thin3 2 thin_disk 9.18080146 -0.25 0.0084736 1.888344169 1.867 101.4735011 3740.24456 0.694 -1.961 -3.845 -5.086 -5.914 -6.151
thin3 2 thin_disk 9.18080146 -0.25 0.0084736 1.888362408 1.867 105.5972589 3719.632212 0.659 -1.979 -3.899 -5.154 -5.988 -6.23
thin3 2 thin_disk 9.18080146 -0.25 0.0084736 1.88838315 1.866 107.2636682 3711.9319 0.645 -1.983 -3.92 -5.181 -6.018 -6.261
thin3 2 thin_disk 9.18080146 -0.25 0.0084736 1.888383746 1.866 70.31575509 3920.125763 1.012 -1.71 -3.322 -4.447 -5.219 -5.422
thin3 2 thin_disk 9.18080146 -0.25 0.0084736 1.888385773 1.866 56.48753779 4032.73793 1.202 -1.514 -3.008 -4.071 -4.807 -4.989
thin3 2 thin_disk 9.18080146 -0.25 0.0084736 1.888389707 1.866 38.63248502 4237.405247 1.532 -1.123 -2.451 -3.415 -4.086 -4.236
thin3 2 thin_disk 9.18080146 -0.25 0.0084736 1.888395667 1.865 38.80186898 4235.454299 1.529 -1.129 -2.458 -3.422 -4.094 -4.245
thin3 2 thin_disk 9.18080146 -0.25 0.0084736 1.888403654 1.865 45.24313024 4152.407818 1.395 -1.295 -2.684 -3.688 -4.384 -4.548
thin3 2 thin_disk 9.18080146 -0.25 0.0084736 1.888413906 1.865 60.90495755 3994.845613 1.137 -1.587 -3.117 -4.201 -4.948 -5.137
thin3 2 thin_disk 9.18080146 -0.25 0.0084736 1.888426542 1.865 80.41788462 3853.896082 0.895 -1.817 -3.516 -4.681 -5.474 -5.689
thin3 2 thin_disk 9.18080146 -0.25 0.0084736 1.888441443 1.864 97.10747123 3760.105237 0.731 -1.935 -3.782 -5.008 -5.83 -6.064
thin3 2 thin_disk 9.18080146 -0.25 0.0084736 1.888458967 1.864 107.2142828 3712.786703 0.645 -1.985 -3.92 -5.18 -6.017 -6.26
thin3 2 thin_disk 9.18080146 -0.25 0.0084736 1.888478875 1.863 111.6484363 3693.17596 0.61 -1.997 -3.975 -5.252 -6.093 -6.341
thin3 2 thin_disk 9.18080146 -0.25 0.0084736 1.888501525 1.863 113.5409817 3685.530419 0.595 -2.003 -4 -5.283 -6.126 -6.375
thin3 2 thin_disk 9.18080146 -0.25 0.0084736 1.888502121 1.862 75.86695348 3884.185834 0.945 -1.781 -3.436 -4.581 -5.365 -5.575
thin3 2 thin_disk 9.18080146 -0.25 0.0084736 1.888504386 1.862 61.05941581 3996.685731 1.134 -1.596 -3.126 -4.208 -4.955 -5.145
thin3 2 thin_disk 9.18080146 -0.25 0.0084736 1.888508439 1.862 41.67279646 4201.457744 1.466 -1.219 -2.57 -3.55 -4.23 -4.387
thin3 2 thin_disk 9.18080146 -0.25 0.0084736 1.888514757 1.862 41.85551065 4199.523347 1.462 -1.223 -2.576 -3.557 -4.238 -4.395
thin3 2 thin_disk 9.18080146 -0.25 0.0084736 1.888523221 1.861 48.61302483 4118.129505 1.331 -1.378 -2.797 -3.817 -4.524 -4.694
thin3 2 thin_disk 9.18080146 -0.25 0.0084736 1.88853395 1.861 65.00588045 3963.692912 1.079 -1.652 -3.216 -4.317 -5.074 -5.269
thin3 2 thin_disk 9.18080146 -0.25 0.0084736 1.888547182 1.861 85.39897239 3824.72311 0.842 -1.863 -3.603 -4.785 -5.588 -5.809
thin3 2 thin_disk 9.18080146 -0.25 0.0084736 1.888563037 1.86 102.7194404 3732.501578 0.682 -1.963 -3.86 -5.105 -5.935 -6.175
thin3 2 thin_disk 9.18080146 -0.25 0.0084736 1.888581395 1.86 113.0193083 3685.530419 0.598 -1.994 -3.989 -5.272 -6.116 -6.364
thin3 2 thin_disk 9.18080146 -0.25 0.0084736 1.888602495 1.859 117.5039984 3666.907882 0.565 -2.002 -4.041 -5.339 -6.188 -6.441
thin3 2 thin_disk 9.18080146 -0.25 0.0084736 1.888626337 1.858 119.3033517 3660.159406 0.551 -2.006 -4.062 -5.366 -6.217 -6.471
thin3 2 thin_disk 9.18080146 -0.25 0.0084736 1.888626933 1.858 81.48030478 3848.575404 0.882 -1.831 -3.537 -4.705 -5.5 -5.716
thin3 2 thin_disk 9.18080146 -0.25 0.0084736 1.888629079 1.858 65.65270808 3960.043896 1.07 -1.664 -3.232 -4.334 -5.093 -5.289
thin3 2 thin_disk 9.18080146 -0.25 0.0084736 1.888633132 1.857 44.72523641 4166.774522 1.403 -1.301 -2.679 -3.676 -4.367 -4.529
thin3 2 thin_disk 9.18080146 -0.25 0.0084736 1.888639331 1.857 44.94202581 4163.89721 1.399 -1.305 -2.685 -3.683 -4.375 -4.537
thin3 2 thin_disk 9.18080146 -0.25 0.0084736 1.888647556 1.857 52.05382466 4084.134162 1.271 -1.452 -2.899 -3.937 -4.655 -4.829
thin3 2 thin_disk 9.18080146 -0.25 0.0084736 1.888658285 1.856 69.14370464 3932.783146 1.025 -1.706 -3.305 -4.422 -5.19 -5.39
thin3 2 thin_disk 9.18080146 -0.25 0.0084736 1.888671279 1.856 90.27191278 3795.77097 0.793 -1.896 -3.679 -4.88 -5.692 -5.918
thin3 2 thin_disk 9.18080146 -0.25 0.0084736 1.888686776 1.855 108.1067085 3705.953792 0.636 -1.976 -3.927 -5.193 -6.031 -6.276
thin3 2 thin_disk 9.18080146 -0.25 0.0084736 1.888704896 1.855 118.809904 3659.31672 0.554 -1.994 -4.051 -5.356 -6.207 -6.462
thin3 2 thin_disk 9.18080146 -0.25 0.0084736 1.888725638 1.854 123.3822384 3640.826638 0.521 -2.001 -4.101 -5.422 -6.278 -6.536
thin3 2 thin_disk 9.18080146 -0.25 0.0084736 1.888749003 1.853 125.1851012 3633.289469 0.508 -2.004 -4.121 -5.448 -6.307 -6.566
thin3 2 thin_disk 9.18080146 -0.25 0.0084736 1.8887496 1.852 87.52913666 3810.658234 0.818 -1.877 -3.637 -4.828 -5.635 -5.858
thin3 2 thin_disk 9.18080146 -0.25 0.0084736 1.888751864 1.852 70.65658528 3921.931463 1.005 -1.726 -3.337 -4.46 -5.232 -5.434
thin3 2 thin_disk 9.18080146 -0.25 0.0084736 1.888756156 1.852 48.1229946 4129.524052 1.339 -1.379 -2.788 -3.803 -4.506 -4.674
thin3 2 thin_disk 9.18080146 -0.25 0.0084736 1.888762474 1.852 48.33398966 4127.622774 1.335 -1.384 -2.795 -3.811 -4.515 -4.683
thin3 2 thin_disk 9.18080146 -0.25 0.0084736 1.888771176 1.851 55.87951716 4047.622487 1.209 -1.523 -3.004 -4.06 -4.789 -4.97
thin3 2 thin_disk 9.18080146 -0.25 0.0084736 1.888782263 1.851 73.69748118 3900.317845 0.968 -1.76 -3.396 -4.532 -5.311 -5.517
thin3 2 thin_disk 9.18080146 -0.25 0.0084736 1.888795853 1.85 95.68693526 3766.170697 0.741 -1.922 -3.759 -4.981 -5.801 -6.034
thin3 2 thin_disk 9.18080146 -0.25 0.0084736 1.888812065 1.85 114.3280102 3677.053934 0.586 -1.981 -3.998 -5.288 -6.134 -6.385
thin3 2 thin_disk 9.18080146 -0.25 0.0084736 1.8888309 1.849 125.3581704 3630.780548 0.506 -1.998 -4.12 -5.449 -6.308 -6.568
thin3 2 thin_disk 9.18080146 -0.25 0.0084736 1.888852477 1.848 130.3324757 3612.434656 0.472 -1.991 -4.168 -5.516 -6.38 -6.644
thin3 2 thin_disk 9.18080146 -0.25 0.0084736 1.888876915 1.847 132.4502081 3604.126286 0.457 -1.987 -4.188 -5.546 -6.411 -6.676
thin3 2 thin_disk 9.18080146 -0.25 0.0084736 1.888877511 1.846 95.07200322 3769.641066 0.746 -1.921 -3.751 -4.97 -5.789 -6.021
thin3 2 thin_disk 9.18080146 -0.25 0.0084736 1.888879776 1.846 76.79848359 3880.610014 0.93 -1.795 -3.457 -4.605 -5.39 -5.601
thin3 2 thin_disk 9.18080146 -0.25 0.0084736 1.888883948 1.846 52.20987397 4089.780501 1.266 -1.471 -2.914 -3.949 -4.665 -4.839
thin3 2 thin_disk 9.18080146 -0.25 0.0084736 1.888890147 1.845 52.46294244 4086.956356 1.261 -1.476 -2.921 -3.958 -4.674 -4.848
thin3 2 thin_disk 9.18080146 -0.25 0.0084736 1.888898611 1.845 60.48569077 4008.667176 1.138 -1.604 -3.122 -4.198 -4.941 -5.128
thin3 2 thin_disk 9.18080146 -0.25 0.0084736 1.888909459 1.844 79.1503145 3864.559516 0.904 -1.814 -3.499 -4.657 -5.447 -5.66
thin3 2 thin_disk 9.18080146 -0.25 0.0084736 1.888922811 1.843 102.1768818 3731.642237 0.683 -1.948 -3.846 -5.092 -5.923 -6.162
thin3 2 thin_disk 9.18080146 -0.25 0.0084736 1.888938546 1.843 121.4654168 3644.181508 0.532 -1.982 -4.074 -5.392 -6.247 -6.504
thin3 2 thin_disk 9.18080146 -0.25 0.0084736 1.888957024 1.841 133.0309354 3598.3218 0.453 -1.968 -4.186 -5.55 -6.417 -6.683
thin3 2 thin_disk 9.18080146 -0.25 0.0084736 1.888978243 1.84 138.2141938 3579.315656 0.419 -1.955 -4.232 -5.616 -6.487 -6.758
thin3 2 thin_disk 9.18080146 -0.25 0.0084736 1.889002085 1.839 140.5246929 3570.26128 0.404 -1.948 -4.251 -5.645 -6.518 -6.791
thin3 2 thin_disk 9.18080146 -0.25 0.0084736 1.889002681 1.838 103.5983038 3723.059698 0.669 -1.947 -3.862 -5.115 -5.948 -6.189
thin3 2 thin_disk 9.18080146 -0.25 0.0084736 1.889004588 1.838 83.87888424 3832.657404 0.852 -1.848 -3.577 -4.754 -5.554 -5.774
thin3 2 thin_disk 9.18080146 -0.25 0.0084736 1.889008403 1.838 56.98396241 4042.965171 1.189 -1.554 -3.039 -4.098 -4.829 -5.011
thin3 2 thin_disk 9.18080146 -0.25 0.0084736 1.889014006 1.838 57.26017155 4040.173354 1.184 -1.558 -3.046 -4.106 -4.838 -5.02
thin3 2 thin_disk 9.18080146 -0.25 0.0084736 1.889021754 1.837 65.72833708 3964.605691 1.064 -1.676 -3.24 -4.34 -5.097 -5.292
thin3 2 thin_disk 9.18080146 -0.25 0.0084736 1.889031529 1.836 85.34000124 3823.842537 0.837 -1.858 -3.6 -4.784 -5.586 -5.808
thin3 2 thin_disk 9.18080146 -0.25 0.0084736 1.88904357 1.836 109.2578487 3694.877123 0.622 -1.955 -3.931 -5.206 -6.048 -6.295
thin3 2 thin_disk 9.18080146 -0.25 0.0084736 1.889057875 1.835 129.4352732 3608.27808 0.475 -1.958 -4.145 -5.497 -6.362 -6.627
thin3 2 thin_disk 9.18080146 -0.25 0.0084736 1.889074564 1.833 141.3684983 3563.69067 0.398 -1.931 -4.252 -5.652 -6.527 -6.801
thin3 2 thin_disk 9.18080146 -0.25 0.0084736 1.889093638 1.832 146.7076109 3544.867445 0.366 -1.915 -4.295 -5.716 -6.596 -6.873
thin3 2 thin_disk 9.18080146 -0.25 0.0084736 1.889115214 1.831 149.1600928 3535.900211 0.351 -1.9 -4.312 -5.746 -6.627 -6.906
thin3 2 thin_disk 9.18080146 -0.25 0.0084736 1.889115691 1.83 112.7593711 3677.053934 0.594 -1.954 -3.969 -5.259 -6.105 -6.355
thin3 2 thin_disk 9.18080146 -0.25 0.0084736 1.889117598 1.83 91.42240563 3787.040939 0.775 -1.894 -3.694 -4.901 -5.715 -5.944
thin3 2 thin_disk 9.18080146 -0.25 0.0084736 1.889121175 1.83 62.06584105 3998.526697 1.112 -1.635 -3.164 -4.246 -4.991 -5.18
thin3 2 thin_disk 9.18080146 -0.25 0.0084736 1.889126539 1.829 62.36668276 3995.765566 1.108 -1.64 -3.171 -4.254 -5 -5.19
thin3 2 thin_disk 9.18080146 -0.25 0.0084736 1.889133811 1.829 71.42539402 3921.028509 0.99 -1.745 -3.357 -4.482 -5.254 -5.457
thin3 2 thin_disk 9.18080146 -0.25 0.0084736 1.889143109 1.828 92.05611547 3782.683456 0.769 -1.896 -3.702 -4.912 -5.728 -5.957
thin3 2 thin_disk 9.18080146 -0.25 0.0084736 1.889154434 1.827 117.0718941 3656.789826 0.56 -1.954 -4.017 -5.324 -6.176 -6.43
thin3 2 thin_disk 9.18080146 -0.25 0.0084736 1.889168024 1.826 138.0869524 3572.728382 0.417 -1.922 -4.217 -5.608 -6.481 -6.753
thin3 2 thin_disk 9.18080146 -0.25 0.0084736 1.889183879 1.825 150.4709437 3528.580258 0.341 -1.875 -4.314 -5.759 -6.642 -6.923
thin3 2 thin_disk 9.18080146 -0.25 0.0084736 1.88920188 1.823 156.2257596 3509.134384 0.309 -1.842 -4.352 -5.823 -6.71 -6.995
thin3 2 thin_disk 9.18080146 -0.25 0.0084736 1.889222383 1.822 159.0935764 3499.45167 0.293 -1.823 -4.369 -5.853 -6.742 -7.03
thin3 2 thin_disk 9.18080146 -0.25 0.0084736 1.88922286 1.821 123.1835299 3629.108896 0.515 -1.95 -4.077 -5.408 -6.268 -6.528
thin3 2 thin_disk 9.18080146 -0.25 0.0084736 1.889224768 1.821 100.1042797 3737.661783 0.695 -1.924 -3.811 -5.053 -5.882 -6.12
thin3 2 thin_disk 9.18080146 -0.25 0.0084736 1.889228225 1.821 67.99119039 3950.026416 1.031 -1.713 -3.293 -4.401 -5.163 -5.361
thin3 2 thin_disk 9.18080146 -0.25 0.0084736 1.88923347 1.82 68.1008676 3949.116993 1.029 -1.715 -3.296 -4.405 -5.167 -5.365
thin3 2 thin_disk 9.18080146 -0.25 0.0084736 1.889240623 1.819 77.7235529 3875.252454 0.914 -1.805 -3.475 -4.626 -5.412 -5.624
thin3 2 thin_disk 9.18080146 -0.25 0.0084736 1.889249802 1.818 99.3465168 3741.105883 0.7 -1.921 -3.802 -5.041 -5.869 -6.106
thin3 2 thin_disk 9.18080146 -0.25 0.0084736 1.889261007 1.817 125.3581704 3618.261907 0.498 -1.939 -4.096 -5.437 -6.3 -6.562
thin3 2 thin_disk 9.18080146 -0.25 0.0084736 1.889274359 1.816 146.8766116 3536.714476 0.361 -1.871 -4.279 -5.712 -6.593 -6.873
thin3 2 thin_disk 9.18080146 -0.25 0.0084736 1.889289856 1.815 159.5337761 3494.620337 0.289 -1.8 -4.364 -5.854 -6.745 -7.034
thin3 2 thin_disk 9.18080146 -0.25 0.0084736 1.889307618 1.813 164.9121466 3476.962446 0.259 -1.768 -4.398 -5.912 -6.807 -7.1
thin3 2 thin_disk 9.18080146 -0.25 0.0084736 1.889327764 1.811 167.3989173 3468.965654 0.246 -1.753 -4.412 -5.938 -6.834 -7.129
thin3 2 thin_disk 9.18080146 -0.25 0.0084736 1.889328241 1.81 132.9696865 3586.740858 0.445 -1.911 -4.163 -5.539 -6.409 -6.678
thin3 2 thin_disk 9.18080146 -0.25 0.0084736 1.88932991 1.81 108.2063244 3695.727997 0.624 -1.939 -3.912 -5.186 -6.028 -6.274
thin3 2 thin_disk 9.18080146 -0.25 0.0084736 1.88933289 1.81 73.79936837 3906.609483 0.957 -1.78 -3.409 -4.542 -5.317 -5.523
thin3 2 thin_disk 9.18080146 -0.25 0.0084736 1.88933754 1.809 73.64659034 3908.408958 0.958 -1.779 -3.407 -4.539 -5.314 -5.52
thin3 2 thin_disk 9.18080146 -0.25 0.0084736 1.889343858 1.809 83.85957264 3835.305825 0.846 -1.854 -3.58 -4.756 -5.555 -5.774
thin3 2 thin_disk 9.18080146 -0.25 0.0084736 1.889351964 1.808 106.4762249 3704.24753 0.638 -1.937 -3.891 -5.158 -5.997 -6.242
thin3 2 thin_disk 9.18080146 -0.25 0.0084736 1.889361739 1.806 133.5219434 3583.438868 0.441 -1.905 -4.165 -5.544 -6.415 -6.684
thin3 2 thin_disk 9.18080146 -0.25 0.0084736 1.889373541 1.805 155.6512615 3503.482883 0.307 -1.801 -4.332 -5.81 -6.699 -6.986
thin3 2 thin_disk 9.18080146 -0.25 0.0084736 1.88938725 1.803 168.870055 3461.784268 0.237 -1.723 -4.411 -5.949 -6.847 -7.143
thin3 2 thin_disk 9.18080146 -0.25 0.0084736 1.889402866 1.802 174.6435878 3443.499308 0.207 -1.675 -4.438 -6.009 -6.909 -7.21
thin3 2 thin_disk 9.18080146 -0.25 0.0084736 1.889420628 1.8 177.5630699 3434.788499 0.192 -1.649 -4.449 -6.037 -6.939 -7.241
thin3 2 thin_disk 9.18080146 -0.25 0.0084736 1.889421105 1.799 144.3619185 3540.788614 0.371 -1.856 -4.25 -5.678 -6.559 -6.837
thin3 2 thin_disk 9.18080146 -0.25 0.0084736 1.889422655 1.799 117.6935452 3649.21961 0.549 -1.933 -4.013 -5.327 -6.181 -6.437
thin3 2 thin_disk 9.18080146 -0.25 0.0084736 1.889425635 1.798 80.47345451 3859.224116 0.879 -1.834 -3.527 -4.688 -5.478 -5.693
thin3 2 thin_disk 9.18080146 -0.25 0.0084736 1.889430165 1.798 80.048398 3862.78023 0.884 -1.831 -3.519 -4.679 -5.468 -5.683
thin3 2 thin_disk 9.18080146 -0.25 0.0084736 1.889436364 1.797 90.83487959 3790.530539 0.773 -1.892 -3.685 -4.89 -5.702 -5.93
thin3 2 thin_disk 9.18080146 -0.25 0.0084736 1.889444113 1.796 114.3806723 3663.53209 0.572 -1.93 -3.978 -5.279 -6.129 -6.382
thin3 2 thin_disk 9.18080146 -0.25 0.0084736 1.889453769 1.794 142.4139869 3546.500292 0.382 -1.858 -4.233 -5.652 -6.532 -6.809
thin3 2 thin_disk 9.18080146 -0.25 0.0084736 1.889465213 1.793 165.1781679 3468.166988 0.253 -1.718 -4.38 -5.907 -6.805 -7.099
thin3 2 thin_disk 9.18080146 -0.25 0.0084736 1.889478564 1.791 178.5059287 3427.677865 0.186 -1.613 -4.441 -6.041 -6.945 -7.249
thin3 2 thin_disk 9.18080146 -0.25 0.0084736 1.889493823 1.789 184.3115897 3410.358227 0.157 -1.564 -4.464 -6.096 -7.003 -7.311
thin3 2 thin_disk 9.18080146 -0.25 0.0084736 1.889511108 1.786 186.8756193 3402.51462 0.144 -1.538 -4.474 -6.121 -7.029 -7.339
thin3 2 thin_disk 9.18080146 -0.25 0.0084736 1.889511466 1.786 155.5079674 3497.035169 0.304 -1.761 -4.315 -5.802 -6.692 -6.98
thin3 2 thin_disk 9.18080146 -0.25 0.0084736 1.889512897 1.786 127.0143075 3604.956263 0.48 -1.901 -4.098 -5.453 -6.32 -6.584
thin3 2 thin_disk 9.18080146 -0.25 0.0084736 1.889515519 1.785 87.02672589 3815.047943 0.807 -1.876 -3.631 -4.82 -5.625 -5.848
thin3 2 thin_disk 9.18080146 -0.25 0.0084736 1.889519453 1.784 86.28844543 3820.322269 0.815 -1.872 -3.619 -4.804 -5.607 -5.83
thin3 2 thin_disk 9.18080146 -0.25 0.0084736 1.889524817 1.783 97.64559246 3749.730022 0.707 -1.911 -3.777 -5.011 -5.835 -6.071
thin3 2 thin_disk 9.18080146 -0.25 0.0084736 1.889531732 1.782 122.1385177 3625.767902 0.512 -1.916 -4.053 -5.387 -6.248 -6.509
thin3 2 thin_disk 9.18080146 -0.25 0.0084736 1.889540195 1.781 150.8872853 3511.559245 0.329 -1.782 -4.282 -5.749 -6.636 -6.921
thin3 2 thin_disk 9.18080146 -0.25 0.0084736 1.889550209 1.779 174.1616958 3436.370641 0.204 -1.617 -4.41 -5.995 -6.898 -7.199
thin3 2 thin_disk 9.18080146 -0.25 0.0084736 1.889561892 1.777 187.4790071 3397.034832 0.139 -1.509 -4.466 -6.123 -7.032 -7.343
thin3 2 thin_disk 9.18080146 -0.25 0.0084736 1.889575243 1.775 193.264748 3380.648362 0.112 -1.452 -4.482 -6.175 -7.087 -7.402
thin3 2 thin_disk 9.18080146 -0.25 0.0084736 1.889590383 1.772 195.9533285 3372.873087 0.1 -1.418 -4.485 -6.198 -7.111 -7.428
thin3 2 thin_disk 9.18080146 -0.25 0.0084736 1.88959074 1.772 166.36143 3457.801035 0.242 -1.666 -4.369 -5.914 -6.813 -7.11
thin3 2 thin_disk 9.18080146 -0.25 0.0084736 1.889592051 1.771 135.9729891 3565.332188 0.416 -1.857 -4.171 -5.569 -6.445 -6.718
thin3 2 thin_disk 9.18080146 -0.25 0.0084736 1.889594674 1.771 93.50883469 3774.852617 0.741 -1.903 -3.724 -4.941 -5.758 -5.989
thin3 2 thin_disk 9.18080146 -0.25 0.0084736 1.88959837 1.77 92.41716562 3781.812561 0.752 -1.899 -3.709 -4.92 -5.735 -5.965
thin3 2 thin_disk 9.18080146 -0.25 0.0084736 1.889603615 1.769 104.460631 3711.9319 0.646 -1.925 -3.861 -5.122 -5.959 -6.202
thin3 2 thin_disk 9.18080146 -0.25 0.0084736 1.889610171 1.768 129.9130099 3589.219346 0.455 -1.875 -4.118 -5.49 -6.36 -6.628
thin3 2 thin_disk 9.18080146 -0.25 0.0084736 1.889618278 1.766 159.607261 3477.763139 0.276 -1.701 -4.327 -5.841 -6.736 -7.028
thin3 2 thin_disk 9.18080146 -0.25 0.0084736 1.889627814 1.764 183.3802856 3403.298168 0.155 -1.506 -4.436 -6.081 -6.989 -7.299
thin3 2 thin_disk 9.18080146 -0.25 0.0084736 1.88963902 1.762 197.0845794 3365.115694 0.091 -1.365 -4.471 -6.205 -7.119 -7.439
thin3 2 thin_disk 9.18080146 -0.25 0.0084736 1.889651895 1.759 203.2603387 3348.112174 0.064 -1.29 -4.478 -6.257 -7.173 -7.497
thin3 2 thin_disk 9.18080146 -0.25 0.0084736 1.889666438 1.756 206.2778731 3338.873767 0.051 -1.249 -4.478 -6.28 -7.198 -7.525
thin3 2 thin_disk 9.18080146 -0.25 0.0084736 1.889666796 1.755 178.6704145 3414.286808 0.176 -1.524 -4.407 -6.032 -6.938 -7.245
thin3 2 thin_disk 9.18080146 -0.25 0.0084736 1.889667988 1.755 146.3028023 3521.275459 0.349 -1.772 -4.236 -5.689 -6.575 -6.857
thin3 2 thin_disk 9.18080146 -0.25 0.0084736 1.889670253 1.754 100.8678223 3729.924148 0.672 -1.913 -3.815 -5.063 -5.894 -6.134
thin3 2 thin_disk 9.18080146 -0.25 0.0084736 1.88967371 1.753 99.2550574 3738.522511 0.686 -1.909 -3.795 -5.037 -5.865 -6.103
thin3 2 thin_disk 9.18080146 -0.25 0.0084736 1.889678359 1.752 111.8800482 3670.286785 0.582 -1.908 -3.939 -5.235 -6.084 -6.335
thin3 2 thin_disk 9.18080146 -0.25 0.0084736 1.8896842 1.75 138.3734104 3550.585703 0.397 -1.82 -4.179 -5.593 -6.472 -6.748
thin3 2 thin_disk 9.18080146 -0.25 0.0084736 1.889691591 1.748 168.675748 3441.913883 0.224 -1.591 -4.358 -5.931 -6.833 -7.133
thin3 2 thin_disk 9.18080146 -0.25 0.0084736 1.889700174 1.746 192.953493 3369.767986 0.107 -1.363 -4.442 -6.162 -7.075 -7.393
thin3 2 thin_disk 9.18080146 -0.25 0.0084736 1.889710307 1.743 206.7057915 3333.496473 0.046 -1.204 -4.461 -6.279 -7.198 -7.526
thin3 2 thin_disk 9.18080146 -0.25 0.0084736 1.88972187 1.74 212.5948035 3317.416497 0.021 -1.132 -4.466 -6.326 -7.247 -7.579
thin3 2 thin_disk 9.18080146 -0.25 0.0084736 1.889734983 1.737 215.2051425 3310.548845 0.009 -1.094 -4.466 -6.346 -7.269 -7.603
thin3 2 thin_disk 9.18080146 -0.25 0.0084736 1.889735341 1.736 189.5189514 3376.758486 0.119 -1.378 -4.426 -6.129 -7.042 -7.357
thin3 2 thin_disk 9.18080146 -0.25 0.0084736 1.889736414 1.736 155.4721645 3483.37315 0.292 -1.679 -4.283 -5.788 -6.683 -6.973
thin3 2 thin_disk 9.18080146 -0.25 0.0084736 1.88973856 1.735 107.4614373 3691.475582 0.612 -1.906 -3.889 -5.167 -6.009 -6.257
thin3 2 thin_disk 9.18080146 -0.25 0.0084736 1.889741659 1.734 105.4757555 3702.542054 0.628 -1.908 -3.866 -5.135 -5.974 -6.22
thin3 2 thin_disk 9.18080146 -0.25 0.0084736 1.88974607 1.732 118.6731977 3634.126161 0.525 -1.89 -4.005 -5.331 -6.19 -6.449
thin3 2 thin_disk 9.18080146 -0.25 0.0084736 1.889751554 1.73 146.0335507 3516.413996 0.345 -1.74 -4.221 -5.681 -6.568 -6.851
thin3 2 thin_disk 9.18080146 -0.25 0.0084736 1.889758349 1.728 177.3179268 3409.573053 0.176 -1.478 -4.378 -6.011 -6.919 -7.226
thin3 2 thin_disk 9.18080146 -0.25 0.0084736 1.889766336 1.725 201.9540862 3339.64266 0.062 -1.207 -4.433 -6.234 -7.152 -7.478
thin3 2 thin_disk 9.18080146 -0.25 0.0084736 1.889775753 1.722 215.9497198 3302.934794 0.003 -1.034 -4.442 -6.348 -7.271 -7.607
thin3 2 thin_disk 9.18080146 -0.25 0.0084736 1.889786482 1.718 221.9998315 3287.759187 -0.022 -0.94 -4.432 -6.395 -7.319 -7.659
thin3 2 thin_disk 9.18080146 -0.25 0.0084736 1.889798641 1.714 224.9327251 3279.442344 -0.034 -0.891 -4.424 -6.415 -7.341 -7.683
thin3 2 thin_disk 9.18080146 -0.25 0.0084736 1.88979888 1.713 201.2114287 3338.105052 0.062 -1.187 -4.42 -6.225 -7.143 -7.469
thin3 2 thin_disk 9.18080146 -0.25 0.0084736 1.889799952 1.713 165.1781679 3444.292294 0.233 -1.561 -4.318 -5.887 -6.789 -7.088
thin3 2 thin_disk 9.18080146 -0.25 0.0084736 1.889801979 1.712 114.459711 3651.741273 0.551 -1.884 -3.958 -5.269 -6.123 -6.378
thin3 2 thin_disk 9.18080146 -0.25 0.0084736 1.88980484 1.71 111.983141 3664.375746 0.57 -1.886 -3.932 -5.233 -6.083 -6.335
thin3 2 thin_disk 9.18080146 -0.25 0.0084736 1.889808893 1.708 125.9078027 3595.837026 0.468 -1.837 -4.061 -5.426 -6.295 -6.561
thin3 2 thin_disk 9.18080146 -0.25 0.0084736 1.889814019 1.706 154.1532356 3480.166322 0.291 -1.644 -4.258 -5.768 -6.663 -6.954
thin3 2 thin_disk 9.18080146 -0.25 0.0084736 1.889820337 1.703 186.1455442 3375.981049 0.126 -1.336 -4.385 -6.09 -7.003 -7.318
thin3 2 thin_disk 9.18080146 -0.25 0.0084736 1.889827728 1.699 211.5205879 3306.739628 0.015 -1.027 -4.413 -6.305 -7.229 -7.563
thin3 2 thin_disk 9.18080146 -0.25 0.0084736 1.88983655 1.695 225.5550966 3271.14654 -0.042 -0.816 -4.394 -6.417 -7.343 -7.687
thin3 2 thin_disk 9.18080146 -0.25 0.0084736 1.889846444 1.691 231.9811221 3255.367325 -0.067 -0.718 -4.382 -6.463 -7.39 -7.738
thin3 2 thin_disk 9.18080146 -0.25 0.0084736 1.889857769 1.685 234.7754301 3247.132422 -0.079 -0.663 -4.372 -6.483 -7.41 -7.761
thin3 2 thin_disk 9.18080146 -0.25 0.0084736 1.889858007 1.685 213.183037 3297.61538 0.004 -0.96 -4.392 -6.316 -7.24 -7.577
thin3 2 thin_disk 9.18080146 -0.25 0.0084736 1.889858961 1.684 175.3285515 3403.298168 0.174 -1.413 -4.338 -5.982 -6.891 -7.199
thin3 2 thin_disk 9.18080146 -0.25 0.0084736 1.889860749 1.683 121.7173938 3609.109012 0.49 -1.832 -4.015 -5.366 -6.231 -6.495
thin3 2 thin_disk 9.18080146 -0.25 0.0084736 1.889863491 1.681 118.8372641 3623.264176 0.511 -1.845 -3.988 -5.324 -6.186 -6.447
thin3 2 thin_disk 9.18080146 -0.25 0.0084736 1.889867067 1.679 133.2455288 3556.313186 0.411 -1.767 -4.109 -5.517 -6.395 -6.67
thin3 2 thin_disk 9.18080146 -0.25 0.0084736 1.889871717 1.675 162.4997304 3442.706504 0.238 -1.517 -4.279 -5.851 -6.753 -7.053
thin3 2 thin_disk 9.18080146 -0.25 0.0084736 1.889877438 1.672 195.3676465 3341.180976 0.077 -1.151 -4.367 -6.164 -7.082 -7.407
thin3 2 thin_disk 9.18080146 -0.25 0.0084736 1.889884233 1.667 221.1325351 3273.406949 -0.032 -0.798 -4.36 -6.373 -7.299 -7.642
thin3 2 thin_disk 9.18080146 -0.25 0.0084736 1.889892101 1.662 235.4250356 3238.91835 -0.088 -0.584 -4.338 -6.481 -7.409 -7.762
thin3 2 thin_disk 9.18080146 -0.25 0.0084736 1.889901161 1.656 241.5753652 3223.294595 -0.112 -0.488 -4.32 -6.523 -7.453 -7.81
thin3 2 thin_disk 9.18080146 -0.25 0.0084736 1.889911413 1.649 244.3726761 3215.881224 -0.123 -0.434 -4.306 -6.541 -7.472 -7.831
thin3 2 thin_disk 9.18080146 -0.25 0.0084736 1.889911652 1.648 224.8809384 3259.117363 -0.052 -0.695 -4.334 -6.399 -7.326 -7.673
thin3 2 thin_disk 9.18080146 -0.25 0.0084736 1.889912605 1.647 185.0770825 3364.340936 0.117 -1.228 -4.332 -6.067 -6.982 -7.3
thin3 2 thin_disk 9.18080146 -0.25 0.0084736 1.889914274 1.646 128.9296028 3567.795883 0.431 -1.753 -4.059 -5.455 -6.33 -6.602
thin3 2 thin_disk 9.18080146 -0.25 0.0084736 1.889916778 1.643 125.5314788 3582.613846 0.454 -1.768 -4.029 -5.408 -6.28 -6.549
thin3 2 thin_disk 9.18080146 -0.25 0.0084736 1.889920116 1.64 140.6541805 3515.604405 0.354 -1.656 -4.138 -5.599 -6.486 -6.769
thin3 2 thin_disk 9.18080146 -0.25 0.0084736 1.889924526 1.635 170.7861486 3404.865806 0.184 -1.366 -4.285 -5.927 -6.836 -7.143
thin3 2 thin_disk 9.18080146 -0.25 0.0084736 1.889929891 1.629 204.2926043 3305.217169 0.026 -0.941 -4.332 -6.23 -7.154 -7.488
thin3 2 thin_disk 9.18080146 -0.25 0.0084736 1.889936209 1.623 230.4902956 3239.664224 -0.079 -0.548 -4.296 -6.435 -7.364 -7.716
thin3 2 thin_disk 9.18080146 -0.25 0.0084736 1.8899436 1.615 244.8232421 3205.531139 -0.134 -0.338 -4.26 -6.538 -7.469 -7.831
thin3 2 thin_disk 9.18080146 -0.25 0.0084736 1.889952064 1.606 251.1034299 3190.803061 -0.158 -0.238 -4.238 -6.578 -7.511 -7.877
thin3 2 thin_disk 9.18080146 -0.25 0.0084736 1.88996172 1.597 253.8356665 3182.731482 -0.171 -0.181 -4.221 -6.595 -7.528 -7.897
thin3 2 thin_disk 9.18080146 -0.25 0.0084736 1.889961958 1.596 236.7296439 3218.844524 -0.11 -0.403 -4.255 -6.476 -7.407 -7.764
thin3 2 thin_disk 9.18080146 -0.25 0.0084736 1.889962792 1.595 195.2327379 3321.238013 0.056 -0.987 -4.297 -6.146 -7.067 -7.397
thin3 2 thin_disk 9.18080146 -0.25 0.0084736 1.889964342 1.592 136.6635333 3519.654225 0.366 -1.617 -4.084 -5.539 -6.426 -6.708
thin3 2 thin_disk 9.18080146 -0.25 0.0084736 1.889966607 1.588 132.6944152 3535.086134 0.391 -1.643 -4.054 -5.489 -6.372 -6.651
thin3 2 thin_disk 9.18080146 -0.25 0.0084736 1.889969707 1.582 148.5089559 3468.965654 0.291 -1.496 -4.151 -5.676 -6.575 -6.868
thin3 2 thin_disk 9.18080146 -0.25 0.0084736 1.88997376 1.575 179.5364547 3361.24369 0.124 -1.14 -4.256 -5.999 -6.914 -7.233
thin3 2 thin_disk 9.18080146 -0.25 0.0084736 1.889978647 1.566 214.0684403 3264.374675 -0.03 -0.644 -4.25 -6.295 -7.222 -7.567
thin3 2 thin_disk 9.18080146 -0.25 0.0084736 1.889984608 1.556 240.4654273 3201.105592 -0.135 -0.255 -4.197 -6.494 -7.426 -7.788
thin3 2 thin_disk 9.18080146 -0.25 0.0084736 1.889991403 1.544 255.124781 3167.378759 -0.189 -0.039 -4.156 -6.592 -7.527 -7.899
thin3 2 thin_disk 9.18080146 -0.25 0.0084736 1.88999927 1.531 261.4885307 3152.100095 -0.214 0.054 -4.131 -6.632 -7.567 -7.944
thin3 2 thin_disk 9.18080146 -0.25 0.0084736 1.890008092 1.516 264.3337668 3144.12642 -0.228 0.107 -4.113 -6.648 -7.584 -7.963
thin3 2 thin_disk 9.18080146 -0.25 0.0084736 1.89000845 1.515 249.3174319 3174.680322 -0.178 -0.063 -4.142 -6.55 -7.483 -7.853
thin3 2 thin_disk 9.18080146 -0.25 0.0084736 1.890009642 1.515 205.8034472 3277.932453 -0.011 -0.693 -4.226 -6.221 -7.147 -7.489
thin3 2 thin_disk 9.18080146 -0.25 0.0084736 1.890011787 1.515 143.6655517 3482.571166 0.301 -1.502 -4.109 -5.616 -6.511 -6.801
thin3 2 thin_disk 9.18080146 -0.25 0.0084736 1.890015125 1.514 137.7376423 3518.033738 0.337 -1.622 -4.099 -5.557 -6.443 -6.726
thin3 2 thin_disk 9.18080146 -0.25 0.0084736 1.890019655 1.513 152.0731861 3477.763139 0.251 -1.591 -4.221 -5.736 -6.63 -6.923
thin3 2 thin_disk 9.18080146 -0.25 0.0084736 1.890025497 1.512 180.3236315 3398.599585 0.102 -1.429 -4.386 -6.041 -6.948 -7.261
thin3 2 thin_disk 9.18080146 -0.25 0.0084736 1.89003253 1.51 210.3064753 3333.496473 -0.031 -1.221 -4.498 -6.318 -7.234 -7.566
thin3 2 thin_disk 9.18080146 -0.25 0.0084736 1.890040994 1.508 230.7026828 3305.978311 -0.113 -1.158 -4.592 -6.497 -7.415 -7.756
thin3 2 thin_disk 9.18080146 -0.25 0.0084736 1.890050888 1.506 238.3705754 3316.652722 -0.141 -1.307 -4.702 -6.576 -7.491 -7.833
thin3 2 thin_disk 9.18080146 -0.25 0.0084736 1.890062094 1.504 236.5117082 3356.603167 -0.136 -1.613 -4.824 -6.594 -7.503 -7.837
thin3 2 thin_disk 9.18080146 -0.25 0.0084736 1.890074849 1.501 230.4372293 3414.286808 -0.114 -2.021 -4.961 -6.594 -7.487 -7.805
thin3 2 thin_disk 9.18080146 -0.25 0.0084736 1.890075088 1.501 220.2179142 3442.706504 -0.074 -2.126 -4.94 -6.52 -7.408 -7.719
thin3 2 thin_disk 9.18080146 -0.25 0.0084736 1.89007628 1.501 180.4066927 3570.26128 0.099 -2.459 -4.797 -6.199 -7.056 -7.34
thin3 2 thin_disk 9.18080146 -0.25 0.0084736 1.890078306 1.5 124.4092422 3822.962166 0.422 -2.65 -4.422 -5.617 -6.398 -6.633
thin3 2 thin_disk 9.18080146 -0.25 0.0084736 1.890081286 1.499 120.407252 3841.492592 0.45 -2.815 -4.345 -5.56 -6.285 -6.53
thin3 2 thin_disk 9.18080146 -0.25 0.0084736 1.890085459 1.499 136.2864392 3746.277983 0.342 -2.845 -4.457 -5.732 -6.493 -6.754
thin3 2 thin_disk 9.18080146 -0.25 0.0084736 1.890090823 1.497 166.8601558 3596.665093 0.166 -2.873 -4.631 -6.008 -6.831 -7.117
thin3 2 thin_disk 9.18080146 -0.25 0.0084736 1.89009726 1.496 201.7681653 3458.597315 0.001 -2.878 -4.783 -6.248 -7.132 -7.447
thin3 2 thin_disk 9.18080146 -0.25 0.0084736 1.890105009 1.494 230.1190884 3358.149296 -0.115 -2.869 -4.881 -6.4 -7.325 -7.667
thin3 2 thin_disk 9.18080146 -0.25 0.0084736 1.890114069 1.492 248.8012998 3291.546539 -0.182 -2.826 -4.916 -6.478 -7.433 -7.791
thin3 2 thin_disk 9.18080146 -0.25 0.0084736 1.89012444 1.49 260.1073622 3243.396173 -0.222 -2.766 -4.915 -6.51 -7.487 -7.855
thin3 2 thin_disk 9.18080146 -0.25 0.0084736 1.890136123 1.488 269.5582603 3198.89511 -0.253 -2.696 -4.902 -6.526 -7.522 -7.899
thin3 2 thin_disk 9.18080146 -0.25 0.0084736 1.890136361 1.488 261.1876542 3218.103443 -0.226 -2.693 -4.872 -6.482 -7.472 -7.844
thin3 2 thin_disk 9.18080146 -0.25 0.0084736 1.890137553 1.488 213.0358262 3346.570666 -0.049 -2.673 -4.691 -6.213 -7.148 -7.489
thin3 2 thin_disk 9.18080146 -0.25 0.0084736 1.890139461 1.487 145.8319372 3600.808292 0.28 -2.622 -4.356 -5.71 -6.531 -6.818
thin3 2 thin_disk 9.18080146 -0.25 0.0084736 1.89014256 1.486 141.2383531 3614.930899 0.308 -2.592 -4.311 -5.655 -6.47 -6.754
thin3 2 thin_disk 9.18080146 -0.25 0.0084736 1.890146613 1.485 161.2325211 3508.326469 0.193 -2.569 -4.399 -5.812 -6.675 -6.981
thin3 2 thin_disk 9.18080146 -0.25 0.0084736 1.890151977 1.484 199.1831723 3347.341331 0.008 -2.533 -4.546 -6.065 -7.003 -7.343
thin3 2 thin_disk 9.18080146 -0.25 0.0084736 1.890158415 1.483 242.858129 3198.158622 -0.164 -2.48 -4.675 -6.294 -7.296 -7.67
thin3 2 thin_disk 9.18080146 -0.25 0.0084736 1.890166044 1.481 279.9320631 3085.318477 -0.288 -2.405 -4.755 -6.453 -7.495 -7.896
thin3 2 thin_disk 9.18080146 -0.25 0.0084736 1.890174985 1.479 306.021997 3004.000496 -0.366 -2.293 -4.767 -6.525 -7.589 -8.015
thin3 2 thin_disk 9.18080146 -0.25 0.0084736 1.890185356 1.476 324.6030864 2936.973311 -0.418 -2.164 -4.742 -6.549 -7.628 -8.074
thin3 2 thin_disk 9.18080146 -0.25 0.0084736 1.890196919 1.474 341.9421554 2871.44168 -0.464 -2.009 -4.696 -6.559 -7.648 -8.119
thin3 2 thin_disk 9.18080146 -0.25 0.0084736 1.890197158 1.474 336.3974111 2880.049817 -0.45 -2.016 -4.685 -6.539 -7.627 -8.094
thin3 2 thin_disk 9.18080146 -0.25 0.0084736 1.890198231 1.473 274.0013136 3000.544002 -0.272 -2.069 -4.527 -6.279 -7.348 -7.768
thin3 2 thin_disk 9.18080146 -0.25 0.0084736 1.890200138 1.473 187.004753 3238.91835 0.06 -2.065 -4.191 -5.774 -6.77 -7.128
thin3 2 thin_disk 9.18080146 -0.25 0.0084736 1.89020288 1.472 179.6605169 3259.117363 0.094 -2.048 -4.147 -5.715 -6.703 -7.056
thin3 2 thin_disk 9.18080146 -0.25 0.0084736 1.890206814 1.471 204.3867062 3166.649527 -0.018 -2.02 -4.24 -5.871 -6.896 -7.27
thin3 2 thin_disk 9.18080146 -0.25 0.0084736 1.890211701 1.47 250.8722615 3027.610481 -0.196 -1.984 -4.394 -6.124 -7.191 -7.601
thin3 2 thin_disk 9.18080146 -0.25 0.0084736 1.890217781 1.468 302.6583394 2901.349182 -0.36 -1.907 -4.522 -6.348 -7.434 -7.884
thin3 2 thin_disk 9.18080146 -0.25 0.0084736 1.890224934 1.466 345.5036541 2809.312166 -0.475 -1.793 -4.573 -6.48 -7.572 -8.061
thin3 2 thin_disk 9.18080146 -0.25 0.0084736 1.890233278 1.464 373.38137 2747.894153 -0.544 -1.662 -4.562 -6.529 -7.622 -8.142
thin3 2 thin_disk 9.18080146 -0.25 0.0084736 1.890242934 1.462 391.6991642 2701.469073 -0.586 -1.408 -4.439 -6.492 -7.607 -8.183
thin3 2 thin_disk 9.18080146 -0.25 0.0084736 1.890253782 1.459 407.5234881 2657.66355 -0.621 -1.273 -4.388 -6.486 -7.596 -8.194
thin3 2 thin_disk 9.18080146 -0.25 0.0084736 1.890254021 1.459 406.3990133 2658.27557 -0.619 -1.275 -4.388 -6.484 -7.594 -8.191
thin3 2 thin_disk 9.18080146 -0.25 0.0084736 1.890254974 1.459 331.1712634 2772.043238 -0.441 -1.598 -4.416 -6.337 -7.422 -7.91
thin3 2 thin_disk 9.18080146 -0.25 0.0084736 1.890256762 1.458 226.1791902 2996.40146 -0.109 -1.667 -4.109 -5.852 -6.93 -7.342
thin3 2 thin_disk 9.18080146 -0.25 0.0084736 1.890259385 1.457 216.4475353 3019.256431 -0.071 -1.654 -4.062 -5.789 -6.863 -7.269
thin3 2 thin_disk 9.18080146 -0.25 0.0084736 1.890263081 1.456 245.7268678 2934.945222 -0.182 -1.627 -4.158 -5.944 -7.029 -7.457
thin3 2 thin_disk 9.18080146 -0.25 0.0084736 1.89026773 1.454 299.6764703 2808.665373 -0.356 -1.563 -4.305 -6.187 -7.273 -7.742
thin3 2 thin_disk 9.18080146 -0.25 0.0084736 1.890273333 1.452 359.8758013 2694.635332 -0.515 -1.599 -4.507 -6.452 -7.503 -7.985
thin3 2 thin_disk 9.18080146 -0.25 0.0084736 1.890280128 1.45 408.3688855 2613.966395 -0.625 -1.593 -4.623 -6.614 -7.63 -8.126
thin3 2 thin_disk 9.18080146 -0.25 0.0084736 1.890287995 1.447 439.1902041 2561.533264 -0.69 -1.617 -4.68 -6.684 -7.696 -8.201
thin3 2 thin_disk 9.18080146 -0.25 0.0084736 1.890297055 1.444 458.8308863 2523.480772 -0.728 -1.574 -4.665 -6.69 -7.71 -8.234
thin3 2 thin_disk 9.18080146 -0.25 0.0084736 1.890307307 1.44 474.6272237 2488.284304 -0.759 -1.555 -4.66 -6.695 -7.718 -8.25
thin3 2 thin_disk 9.18080146 -0.25 0.0084736 1.890307546 1.44 480.3443037 2481.989844 -0.769 -1.559 -4.669 -6.707 -7.731 -8.265
thin3 2 thin_disk 9.18080146 -0.25 0.0084736 1.890308499 1.439 390.7982811 2591.791135 -0.59 -1.45 -4.487 -6.481 -7.495 -7.992
thin3 2 thin_disk 9.18080146 -0.25 0.0084736 1.890310049 1.438 265.7985729 2810.6062 -0.256 -1.382 -4.087 -5.948 -7.029 -7.479
thin3 2 thin_disk 9.18080146 -0.25 0.0084736 1.890312552 1.437 252.2043917 2842.496902 -0.211 -1.38 -4.035 -5.875 -6.96 -7.403
thin3 2 thin_disk 9.18080146 -0.25 0.0084736 1.89031601 1.435 284.1532613 2772.043238 -0.315 -1.383 -4.15 -6.037 -7.111 -7.57
thin3 2 thin_disk 9.18080146 -0.25 0.0084736 1.890320301 1.432 342.888283 2663.790097 -0.479 -1.395 -4.339 -6.298 -7.34 -7.825
thin3 2 thin_disk 9.18080146 -0.25 0.0084736 1.890325666 1.429 405.83794 2569.803995 -0.626 -1.461 -4.514 -6.518 -7.535 -8.04
thin3 2 thin_disk 9.18080146 -0.25 0.0084736 1.890331984 1.425 453.1611235 2510.151881 -0.723 -1.442 -4.557 -6.605 -7.641 -8.184
thin3 2 thin_disk 9.18080146 -0.25 0.0084736 1.890339494 1.421 479.0188953 2479.704899 -0.773 -1.357 -4.526 -6.618 -7.675 -8.254
thin3 2 thin_disk 9.18080146 -0.25 0.0084736 1.890347958 1.416 490.0638244 2467.175252 -0.794 -1.308 -4.504 -6.617 -7.686 -8.282
thin3 2 thin_disk 9.18080146 -0.25 0.0084736 1.890357494 1.41 495.738496 2461.500906 -0.805 -1.274 -4.486 -6.612 -7.688 -8.295
thin3 2 thin_disk 9.18080146 -0.25 0.0084736 1.890357733 1.41 508.4551433 2447.372073 -0.828 -1.253 -4.485 -6.626 -7.708 -8.327
thin3 2 thin_disk 9.18080146 -0.25 0.0084736 1.890358567 1.41 411.673247 2563.30332 -0.645 -1.408 -4.486 -6.511 -7.539 -8.063
thin3 2 thin_disk 9.18080146 -0.25 0.0084736 1.890359998 1.408 278.1330798 2793.830151 -0.305 -1.392 -4.134 -6.013 -7.095 -7.556
thin3 2 thin_disk 9.18080146 -0.25 0.0084736 1.890362263 1.406 262.5745591 2829.436815 -0.255 -1.388 -4.076 -5.934 -7.023 -7.478
thin3 2 thin_disk 9.18080146 -0.25 0.0084736 1.890365362 1.404 296.7239795 2753.594592 -0.362 -1.372 -4.183 -6.093 -7.168 -7.641
thin3 2 thin_disk 9.18080146 -0.25 0.0084736 1.890369177 1.4 359.0481099 2639.368322 -0.528 -1.352 -4.353 -6.342 -7.382 -7.885
thin3 2 thin_disk 9.18080146 -0.25 0.0084736 1.890373945 1.396 425.0623558 2541.557854 -0.676 -1.344 -4.455 -6.507 -7.55 -8.096
thin3 2 thin_disk 9.18080146 -0.25 0.0084736 1.890379667 1.391 474.299476 2479.133991 -0.774 -1.201 -4.41 -6.54 -7.62 -8.229
thin3 2 thin_disk 9.18080146 -0.25 0.0084736 1.890386343 1.385 501.4788772 2447.372073 -0.824 -0.944 -4.259 -6.477 -7.607 -8.283
thin3 2 thin_disk 9.18080146 -0.25 0.0084736 1.890393972 1.378 512.6874008 2434.445184 -0.845 -0.732 -4.124 -6.407 -7.575 -8.299
thin3 2 thin_disk 9.18080146 -0.25 0.0084736 1.890402555 1.37 518.0272967 2428.846115 -0.857 -0.661 -4.079 -6.386 -7.567 -8.308
thin3 2 thin_disk 9.18080146 -0.25 0.0084736 1.890402794 1.37 539.8245667 2405.470305 -0.892 -0.512 -3.996 -6.356 -7.565 -8.343
thin3 2 thin_disk 9.18080146 -0.25 0.0084736 1.890403628 1.369 436.5687496 2522.318934 -0.708 -1.208 -4.374 -6.472 -7.539 -8.123
thin3 2 thin_disk 9.18080146 -0.25 0.0084736 1.890405059 1.367 294.1390225 2756.131914 -0.367 -1.3 -4.127 -6.053 -7.139 -7.628
thin3 2 thin_disk 9.18080146 -0.25 0.0084736 1.890407324 1.364 278.5176004 2785.479714 -0.319 -1.287 -4.067 -5.973 -7.066 -7.548
thin3 2 thin_disk 9.18080146 -0.25 0.0084736 1.890410423 1.359 318.3117314 2694.014941 -0.437 -1.238 -4.165 -6.136 -7.209 -7.715
thin3 2 thin_disk 9.18080146 -0.25 0.0084736 1.890414357 1.354 389.989258 2563.30332 -0.615 -1.162 -4.275 -6.335 -7.388 -7.942
thin3 2 thin_disk 9.18080146 -0.25 0.0084736 1.890419245 1.347 468.0073189 2447.372073 -0.776 -0.879 -4.161 -6.355 -7.476 -8.134
thin3 2 thin_disk 9.18080146 -0.25 0.0084736 1.890424967 1.339 530.4600048 2365.919697 -0.888 -0.196 -3.741 -6.158 -7.4 -8.215
thin3 2 thin_disk 9.18080146 -0.25 0.0084736 1.890431643 1.329 571.4163265 2312.597224 -0.955 0.05 -3.591 -6.093 -7.381 -8.252
thin3 2 thin_disk 9.18080146 -0.25 0.0084736 1.890439272 1.319 597.2451681 2275.097431 -0.997 0.149 -3.531 -6.066 -7.373 -8.267
thin3 2 thin_disk 9.18080146 -0.25 0.0084736 1.890447974 1.307 617.3801257 2242.848816 -1.03 0.181 -3.512 -6.059 -7.373 -8.274
thin3 2 thin_disk 9.18080146 -0.25 0.0084736 1.890448213 1.306 656.6782692 2210.039317 -1.083 0.291 -3.456 -6.052 -7.393 -8.327
thin3 2 thin_disk 9.18080146 -0.25 0.0084736 1.890448928 1.304 529.8496415 2320.064186 -0.897 -0.393 -3.854 -6.192 -7.388 -8.152
thin3 2 thin_disk 9.18080146 -0.25 0.0084736 1.890450239 1.3 357.3161491 2536.88044 -0.557 -0.66 -3.845 -5.981 -7.084 -7.698
thin3 2 thin_disk 9.18080146 -0.25 0.0084736 1.890452385 1.294 339.2756138 2557.407886 -0.514 -0.671 -3.823 -5.934 -7.025 -7.62
thin3 2 thin_disk 9.18080146 -0.25 0.0084736 1.890455127 1.286 392.9638905 2456.970828 -0.644 -0.349 -3.661 -5.902 -7.062 -7.754
thin3 2 thin_disk 9.18080146 -0.25 0.0084736 1.890458703 1.275 487.5875915 2318.996003 -0.835 -0.046 -3.545 -5.929 -7.157 -7.95
thin3 2 thin_disk 9.18080146 -0.25 0.0084736 1.890463114 1.263 593.1337613 2195.330949 -1.01 0.122 -3.5 -5.981 -7.257 -8.115
thin3 2 thin_disk 9.18080146 -0.25 0.0084736 1.890468359 1.248 683.9945555 2102.809837 -1.139 0.566 -3.224 -5.86 -7.224 -8.181
thin3 2 thin_disk 9.18080146 -0.25 0.0084736 1.890474558 1.231 749.2946726 2037.042078 -1.224 0.804 -3.073 -5.789 -7.199 -8.201
thin3 2 thin_disk 9.18080146 -0.25 0.0084736 1.890481591 1.211 796.4392319 1986.094917 -1.284 0.983 -2.954 -5.724 -7.164 -8.198
thin3 2 thin_disk 9.18080146 -0.25 0.0084736 1.890489459 1.19 837.0523979 1941.779894 -1.335 1.041 -2.916 -5.705 -7.156 -8.2
thin3 2 thin_disk 9.18080146 -0.25 0.0084736 1.890489698 1.188 911.9113998 1899.328128 -1.41 1.347 -2.726 -5.621 -7.131 -8.236
thin3 2 thin_disk 9.18080146 -0.25 0.0084736 1.890490294 1.184 739.0139643 1988.38281 -1.229 0.475 -3.266 -5.857 -7.196 -8.126
thin3 2 thin_disk 9.18080146 -0.25 0.0084736 1.890491605 1.175 506.1190042 2161.225087 -0.903 0.359 -3.205 -5.639 -6.888 -7.715
thin3 2 thin_disk 9.18080146 -0.25 0.0084736 1.890493631 1.162 493.8017729 2146.841589 -0.887 0.426 -3.131 -5.561 -6.809 -7.632
thin3 2 thin_disk 9.18080146 -0.25 0.0084736 1.890496254 1.145 599.587603 2013.260626 -1.061 0.527 -3.11 -5.605 -6.889 -7.756
thin3 2 thin_disk 9.18080146 -0.25 0.0084736 1.890499711 1.123 783.8855248 1847.991631 -1.303 0.338 -3.305 -5.807 -7.094 -7.965
thin3 2 thin_disk 9.18080146 -0.25 0.0084736 1.890503764 1.097 1006.358328 1700.983105 -1.53 0.525 -3.228 -5.831 -7.177 -8.115
thin3 2 thin_disk 9.18080146 -0.25 0.0084736 1.890508771 1.067 1213.256551 1590.742924 -1.705 1.216 -2.774 -5.594 -7.062 -8.124
thin3 2 thin_disk 9.18080146 -0.25 0.0084736 1.890514612 1.034 1369.785753 1517.050367 -1.823 1.392 -2.667 -5.549 -7.052 -8.149
thin3 2 thin_disk 9.18080146 -0.25 0.0084736 1.890521169 0.996 1461.681145 1475.366778 -1.896 1.5 -2.597 -5.514 -7.037 -8.154
thin3 2 thin_disk 9.18080146 -0.25 0.0084736 1.890528679 0.955 1492.975376 1463.18756 -1.933 1.021 -2.938 -5.728 -7.18 -8.225
thin3 2 thin_disk 9.18080146 -0.25 0.0084736 1.890528798 0.953 1689.478404 1409.937949 -2.041 1.169 -2.865 -5.724 -7.215 -8.299
thin3 2 thin_disk 9.18080146 -0.25 0.0084736 1.890529513 0.948 1358.165345 1481.153264 -1.854 0.393 -3.336 -5.917 -7.249 -8.173
thin3 2 thin_disk 9.18080146 -0.25 0.0084736 1.890530706 0.937 919.0785806 1621.436705 -1.519 0.319 -3.252 -5.687 -6.936 -7.764
thin3 2 thin_disk 9.18080146 -0.25 0.0084736 1.890532494 0.922 924.597351 1583.434124 -1.532 0.221 -3.293 -5.678 -6.897 -7.691
thin3 2 thin_disk 9.18080146 -0.25 0.0084736 1.890534997 0.902 1184.820732 1443.776604 -1.757 0.446 -3.177 -5.66 -6.937 -7.796
thin3 2 thin_disk 9.18080146 -0.25 0.0084736 1.890538096 0.877 1593.869077 1303.466878 -2.027 0.672 -3.079 -5.679 -7.022 -7.958
thin3 2 thin_disk 9.18080146 -0.25 0.0084736 1.89054203 0.847 1967.218704 1220.112847 -2.225 -0.606 -4.024 -6.32 -7.488 -8.222
thin3 2 thin_disk 9.18080146 -0.25 0.0084736 1.89054656 0.812 2047.635474 1225.180286 -2.277 -0.737 -4.147 -6.436 -7.599 -8.327
thin3 2 thin_disk 9.18080146 -0.25 0.0084736 1.890551925 0.774 1714.954669 1352.695359 -2.144 2.149 -2.13 -5.212 -6.829 -8.041
thin3 2 thin_disk 9.18080146 -0.25 0.0084736 1.890558124 0.732 1122.671363 1675.714393 -1.801 3.364 -1.265 -4.674 -6.47 -7.846
thin3 2 thin_disk 9.18080146 -0.25 0.0084736 1.890565038 0.688 556.8684906 2377.935114 -1.219 4.754 -0.271 -4.05 -6.047 -7.608
thin3 2 thin_disk 9.18080146 -0.25 0.0084736 1.890573144 0.648 2.731194598e-06 11050.95982 1.49 30.26 30.267 30.313 30.348 30.364
