# component component_index family logAge MH Zini Mini Mass radius_rsun Teff_K logg Jmag_2mass Hmag_2mass Ksmag_2mass F087mag F146mag F213mag
thin4 3 thin_disk 9.397940009 -0.25 0.0084736 0.0900000036 0.09 0.1164535266 2423.817965 5.257 11.035 10.495 10.263 12.731 11.09 10.339
thin4 3 thin_disk 9.397940009 -0.25 0.0084736 0.096192047 0.096 0.1237521192 2528.13348 5.233 10.723 10.183 9.948 12.419 10.777 10.024
thin4 3 thin_disk 9.397940009 -0.25 0.0084736 0.1000000015 0.1 0.1281895565 2590.597845 5.219 10.541 10.001 9.764 12.237 10.594 9.84
thin4 3 thin_disk 9.397940009 -0.25 0.0084736 0.1021927074 0.102 0.1306329231 2613.966395 5.213 10.466 9.925 9.687 12.152 10.517 9.762
thin4 3 thin_disk 9.397940009 -0.25 0.0084736 0.1200000048 0.12 0.1492975376 2794.473529 5.166 9.959 9.402 9.15 11.416 9.964 9.216
thin4 3 thin_disk 9.397940009 -0.25 0.0084736 0.1400000006 0.14 0.1686369135 2921.460374 5.127 9.554 8.988 8.735 10.87 9.532 8.794
thin4 3 thin_disk 9.397940009 -0.25 0.0084736 0.1599999964 0.16 0.1868325945 3013.699874 5.097 9.235 8.665 8.414 10.464 9.197 8.468
thin4 3 thin_disk 9.397940009 -0.25 0.0084736 0.200000003 0.2 0.2199645248 3143.402542 5.051 8.746 8.172 7.927 9.872 8.69 7.975
thin4 3 thin_disk 9.397940009 -0.25 0.0084736 0.25 0.25 0.2585548239 3253.119373 5.008 8.285 7.706 7.469 9.341 8.216 7.512
thin4 3 thin_disk 9.397940009 -0.25 0.0084736 0.3365458846 0.337 0.3292703648 3382.984438 4.927 7.636 7.049 6.82 8.624 7.552 6.858
thin4 3 thin_disk 9.397940009 -0.25 0.0084736 0.3483773172 0.348 0.3402143633 3397.817118 4.913 7.549 6.961 6.732 8.531 7.463 6.77
thin4 3 thin_disk 9.397940009 -0.25 0.0084736 0.3500000536 0.35 0.3417060316 3400.165058 4.912 7.539 6.95 6.722 8.519 7.453 6.759
thin4 3 thin_disk 9.397940009 -0.25 0.0084736 0.3565190136 0.357 0.347258308 3411.929116 4.906 7.492 6.902 6.674 8.467 7.404 6.711
thin4 3 thin_disk 9.397940009 -0.25 0.0084736 0.4000000358 0.4 0.3841073741 3488.188934 4.868 7.203 6.607 6.383 8.145 7.107 6.417
thin4 3 thin_disk 9.397940009 -0.25 0.0084736 0.4464952052 0.446 0.4299843459 3590.04589 4.818 6.867 6.262 6.044 7.769 6.76 6.073
thin4 3 thin_disk 9.397940009 -0.25 0.0084736 0.4500000179 0.45 0.4331642886 3597.493352 4.814 6.844 6.238 6.02 7.743 6.735 6.049
thin4 3 thin_disk 9.397940009 -0.25 0.0084736 0.5 0.5 0.4849005144 3741.105883 4.763 6.478 5.859 5.65 7.326 6.355 5.673
thin4 3 thin_disk 9.397940009 -0.25 0.0084736 0.5218458772 0.522 0.5078700996 3825.603887 4.741 6.309 5.683 5.482 7.13 6.179 5.502
thin4 3 thin_disk 9.397940009 -0.25 0.0084736 0.5500000119 0.55 0.5366024421 3930.972449 4.716 6.102 5.464 5.278 6.895 5.963 5.294
thin4 3 thin_disk 9.397940009 -0.25 0.0084736 0.6000000238 0.6 0.5803000993 4173.495985 4.686 5.735 5.079 4.933 6.477 5.585 4.944
thin4 3 thin_disk 9.397940009 -0.25 0.0084736 0.6499999762 0.65 0.61496818 4465.807513 4.67 5.388 4.76 4.652 6.07 5.247 4.659
thin4 3 thin_disk 9.397940009 -0.25 0.0084736 0.6763497591 0.676 0.6320517598 4625.940048 4.663 5.221 4.632 4.538 5.863 5.095 4.543
thin4 3 thin_disk 9.397940009 -0.25 0.0084736 0.7000001073 0.7 0.6476683056 4768.699981 4.657 5.078 4.531 4.444 5.683 4.968 4.449
thin4 3 thin_disk 9.397940009 -0.25 0.0084736 0.7351694107 0.735 0.6727483555 4970.499106 4.646 4.875 4.384 4.306 5.431 4.785 4.31
thin4 3 thin_disk 9.397940009 -0.25 0.0084736 0.75 0.75 0.6832075309 5055.917748 4.641 4.794 4.325 4.25 5.33 4.712 4.254
thin4 3 thin_disk 9.397940009 -0.25 0.0084736 0.7717982531 0.772 0.7023484767 5167.732203 4.63 4.675 4.233 4.163 5.186 4.602 4.167
thin4 3 thin_disk 9.397940009 -0.25 0.0084736 0.7983130813 0.798 0.7246906279 5302.735926 4.617 4.536 4.125 4.06 5.018 4.473 4.063
thin4 3 thin_disk 9.397940009 -0.25 0.0084736 0.8451467156 0.845 0.7702871356 5527.134079 4.589 4.298 3.934 3.876 4.736 4.25 3.879
thin4 3 thin_disk 9.397940009 -0.25 0.0084736 0.8466261625 0.846 0.7717073646 5534.775375 4.588 4.291 3.928 3.87 4.727 4.243 3.873
thin4 3 thin_disk 9.397940009 -0.25 0.0084736 0.8817310929 0.881 0.8099396216 5689.839292 4.563 4.119 3.784 3.732 4.528 4.079 3.735
thin4 3 thin_disk 9.397940009 -0.25 0.0084736 0.8949391842 0.894 0.8248075826 5746.454866 4.554 4.056 3.73 3.681 4.455 4.019 3.683
thin4 3 thin_disk 9.397940009 -0.25 0.0084736 0.8955093026 0.895 0.8259478839 5749.101816 4.553 4.053 3.728 3.679 4.452 4.016 3.681
thin4 3 thin_disk 9.397940009 -0.25 0.0084736 0.9286741018 0.928 0.8672666471 5881.661141 4.526 3.893 3.589 3.545 4.272 3.862 3.547
thin4 3 thin_disk 9.397940009 -0.25 0.0084736 0.9432522058 0.942 0.8866508706 5938.817779 4.514 3.825 3.53 3.488 4.195 3.797 3.49
thin4 3 thin_disk 9.397940009 -0.25 0.0084736 0.9604053497 0.96 0.9114915457 6000.673539 4.498 3.743 3.458 3.418 4.103 3.717 3.42
thin4 3 thin_disk 9.397940009 -0.25 0.0084736 0.9874165654 0.987 0.9531311095 6095.368972 4.472 3.615 3.344 3.307 3.961 3.593 3.309
thin4 3 thin_disk 9.397940009 -0.25 0.0084736 0.9915652275 0.991 0.9597378987 6109.420249 4.467 3.595 3.327 3.29 3.939 3.574 3.292
thin4 3 thin_disk 9.397940009 -0.25 0.0084736 1.012382746 1.012 0.9943806047 6177.318586 4.445 3.495 3.236 3.201 3.83 3.476 3.203
thin4 3 thin_disk 9.397940009 -0.25 0.0084736 1.039878368 1.039 1.043164129 6264.695981 4.416 3.362 3.115 3.082 3.685 3.346 3.084
thin4 3 thin_disk 9.397940009 -0.25 0.0084736 1.054109812 1.053 1.068692213 6308.120779 4.4 3.293 3.053 3.021 3.611 3.279 3.023
thin4 3 thin_disk 9.397940009 -0.25 0.0084736 1.07338798 1.072 1.10497549 6366.489102 4.379 3.201 2.968 2.938 3.512 3.189 2.94
thin4 3 thin_disk 9.397940009 -0.25 0.0084736 1.088191509 1.087 1.135148409 6409.143566 4.362 3.13 2.903 2.874 3.436 3.119 2.876
thin4 3 thin_disk 9.397940009 -0.25 0.0084736 1.104863286 1.104 1.168564382 6456.54229 4.343 3.051 2.83 2.802 3.351 3.042 2.804
thin4 3 thin_disk 9.397940009 -0.25 0.0084736 1.124344468 1.123 1.209908826 6511.784205 4.32 2.958 2.744 2.717 3.251 2.951 2.719
thin4 3 thin_disk 9.397940009 -0.25 0.0084736 1.136504412 1.135 1.236097263 6543.347724 4.306 2.9 2.691 2.664 3.189 2.893 2.665
thin4 3 thin_disk 9.397940009 -0.25 0.0084736 1.143296003 1.142 1.250698546 6561.452663 4.298 2.868 2.661 2.635 3.155 2.862 2.636
thin4 3 thin_disk 9.397940009 -0.25 0.0084736 1.162662506 1.161 1.295545424 6608.455958 4.275 2.778 2.577 2.552 3.058 2.773 2.553
thin4 3 thin_disk 9.397940009 -0.25 0.0084736 1.180166841 1.179 1.337681266 6643.54682 4.254 2.697 2.502 2.476 2.973 2.693 2.477
thin4 3 thin_disk 9.397940009 -0.25 0.0084736 1.184817553 1.184 1.349437096 6652.731562 4.248 2.676 2.482 2.456 2.951 2.672 2.457
thin4 3 thin_disk 9.397940009 -0.25 0.0084736 1.216894746 1.216 1.43269137 6691.1382 4.207 2.532 2.344 2.318 2.802 2.53 2.319
thin4 3 thin_disk 9.397940009 -0.25 0.0084736 1.233130455 1.232 1.479969089 6701.931737 4.185 2.459 2.272 2.247 2.728 2.457 2.248
thin4 3 thin_disk 9.397940009 -0.25 0.0084736 1.257068992 1.256 1.553648052 6712.742685 4.152 2.35 2.166 2.141 2.618 2.349 2.142
thin4 3 thin_disk 9.397940009 -0.25 0.0084736 1.281443477 1.281 1.634754889 6715.834729 4.116 2.239 2.055 2.03 2.506 2.238 2.031
thin4 3 thin_disk 9.397940009 -0.25 0.0084736 1.309450626 1.309 1.742018027 6703.475092 4.07 2.104 1.92 1.894 2.372 2.103 1.895
thin4 3 thin_disk 9.397940009 -0.25 0.0084736 1.329756737 1.329 1.829585227 6681.900434 4.034 2.004 1.817 1.791 2.275 2.002 1.792
thin4 3 thin_disk 9.397940009 -0.25 0.0084736 1.350524306 1.35 1.932202523 6649.668571 3.994 1.896 1.706 1.679 2.171 1.894 1.68
thin4 3 thin_disk 9.397940009 -0.25 0.0084736 1.377990007 1.377 2.086664583 6585.670532 3.935 1.748 1.55 1.522 2.031 1.744 1.523
thin4 3 thin_disk 9.397940009 -0.25 0.0084736 1.378069639 1.377 2.086664583 6585.670532 3.935 1.748 1.55 1.521 2.031 1.744 1.523
thin4 3 thin_disk 9.397940009 -0.25 0.0084736 1.390735745 1.39 2.169964579 6547.86927 3.906 1.677 1.473 1.445 1.964 1.671 1.446
thin4 3 thin_disk 9.397940009 -0.25 0.0084736 1.419217944 1.419 2.376033967 6447.628406 3.835 1.511 1.295 1.265 1.81 1.503 1.266
thin4 3 thin_disk 9.397940009 -0.25 0.0084736 1.42638278 1.426 2.433059025 6419.482215 3.817 1.468 1.249 1.218 1.771 1.459 1.219
thin4 3 thin_disk 9.397940009 -0.25 0.0084736 1.426708937 1.426 2.436983815 6418.004245 3.816 1.466 1.247 1.215 1.77 1.457 1.217
thin4 3 thin_disk 9.397940009 -0.25 0.0084736 1.447749853 1.447 2.632404623 6337.237742 3.756 1.327 1.097 1.064 1.64 1.315 1.065
thin4 3 thin_disk 9.397940009 -0.25 0.0084736 1.454662919 1.454 2.691241337 6435.762368 3.738 1.244 1.028 0.997 1.544 1.235 0.998
thin4 3 thin_disk 9.397940009 -0.25 0.0084736 1.456456542 1.456 2.704908912 6538.8293 3.734 1.2 0.999 0.969 1.487 1.195 0.97
thin4 3 thin_disk 9.397940009 -0.25 0.0084736 1.457015634 1.456 2.704908912 6652.731562 3.734 1.162 0.977 0.948 1.435 1.161 0.949
thin4 3 thin_disk 9.397940009 -0.25 0.0084736 1.457252622 1.457 2.706154856 6759.273195 3.734 1.129 0.958 0.931 1.388 1.131 0.932
thin4 3 thin_disk 9.397940009 -0.25 0.0084736 1.457371831 1.457 2.702418746 6826.529951 3.735 1.111 0.949 0.922 1.362 1.115 0.923
thin4 3 thin_disk 9.397940009 -0.25 0.0084736 1.45744741 1.457 2.692480985 6760.829754 3.738 1.139 0.969 0.941 1.398 1.141 0.942
thin4 3 thin_disk 9.397940009 -0.25 0.0084736 1.457529545 1.457 2.710520179 6657.328694 3.733 1.157 0.973 0.944 1.429 1.156 0.945
thin4 3 thin_disk 9.397940009 -0.25 0.0084736 1.457680464 1.457 2.834997269 6505.789392 3.694 1.108 0.903 0.872 1.4 1.102 0.874
thin4 3 thin_disk 9.397940009 -0.25 0.0084736 1.457922339 1.457 2.99538496 6369.421654 3.647 1.035 0.812 0.778 1.344 1.025 0.78
thin4 3 thin_disk 9.397940009 -0.25 0.0084736 1.458426595 1.458 3.151030775 6224.435916 3.602 0.974 0.731 0.694 1.303 0.959 0.695
thin4 3 thin_disk 9.397940009 -0.25 0.0084736 1.459239721 1.459 3.277575049 6078.550092 3.569 0.941 0.674 0.634 1.29 0.92 0.636
thin4 3 thin_disk 9.397940009 -0.25 0.0084736 1.460280538 1.46 3.366298665 5936.083482 3.545 0.934 0.643 0.599 1.307 0.907 0.601
thin4 3 thin_disk 9.397940009 -0.25 0.0084736 1.461108089 1.46 3.404494562 5825.054593 3.535 0.951 0.64 0.593 1.342 0.918 0.596
thin4 3 thin_disk 9.397940009 -0.25 0.0084736 1.461923242 1.461 3.430462252 5706.896549 3.53 0.986 0.654 0.603 1.397 0.947 0.606
thin4 3 thin_disk 9.397940009 -0.25 0.0084736 1.462726474 1.462 3.443123851 5579.560615 3.526 1.032 0.676 0.621 1.466 0.986 0.623
thin4 3 thin_disk 9.397940009 -0.25 0.0084736 1.463517904 1.463 3.494239307 5456.322102 3.514 1.057 0.676 0.616 1.515 1.004 0.619
thin4 3 thin_disk 9.397940009 -0.25 0.0084736 1.46449101 1.464 3.662289272 5329.66608 3.474 1.017 0.608 0.545 1.501 0.955 0.547
thin4 3 thin_disk 9.397940009 -0.25 0.0084736 1.465257049 1.465 3.867698792 5249.283155 3.426 0.939 0.511 0.446 1.441 0.871 0.448
thin4 3 thin_disk 9.397940009 -0.25 0.0084736 1.465457082 1.465 3.938697658 5234.79887 3.411 0.908 0.476 0.41 1.412 0.839 0.413
thin4 3 thin_disk 9.397940009 -0.25 0.0084736 1.466185212 1.466 4.210683949 5186.805946 3.353 0.787 0.343 0.275 1.302 0.714 0.278
thin4 3 thin_disk 9.397940009 -0.25 0.0084736 1.466815829 1.466 4.475614218 5151.100225 3.299 0.672 0.22 0.151 1.196 0.596 0.154
thin4 3 thin_disk 9.397940009 -0.25 0.0084736 1.467400312 1.467 4.746272237 5121.53329 3.249 0.56 0.101 0.031 1.091 0.482 0.034
thin4 3 thin_disk 9.397940009 -0.25 0.0084736 1.468102574 1.467 5.096272535 5089.791592 3.187 0.423 -0.044 -0.116 0.961 0.342 -0.113
thin4 3 thin_disk 9.397940009 -0.25 0.0084736 1.468647957 1.468 5.392034283 5066.406124 3.138 0.314 -0.159 -0.231 0.858 0.232 -0.228
thin4 3 thin_disk 9.397940009 -0.25 0.0084736 1.46918726 1.469 5.707588376 5041.967013 3.09 0.205 -0.273 -0.347 0.755 0.121 -0.344
thin4 3 thin_disk 9.397940009 -0.25 0.0084736 1.46972096 1.469 6.031879332 5018.801279 3.041 0.097 -0.387 -0.462 0.652 0.011 -0.459
thin4 3 thin_disk 9.397940009 -0.25 0.0084736 1.470242858 1.47 6.374595691 4995.741982 2.994 -0.01 -0.5 -0.576 0.551 -0.098 -0.573
thin4 3 thin_disk 9.397940009 -0.25 0.0084736 1.470844269 1.47 6.795988649 4968.210633 2.938 -0.134 -0.631 -0.708 0.434 -0.225 -0.705
thin4 3 thin_disk 9.397940009 -0.25 0.0084736 1.471447468 1.471 7.25692517 4939.693472 2.882 -0.259 -0.764 -0.842 0.316 -0.353 -0.84
thin4 3 thin_disk 9.397940009 -0.25 0.0084736 1.471973658 1.471 7.685155243 4914.733802 2.832 -0.371 -0.882 -0.962 0.211 -0.467 -0.959
thin4 3 thin_disk 9.397940009 -0.25 0.0084736 1.472573519 1.472 8.232896294 4884.273784 2.772 -0.502 -1.022 -1.102 0.088 -0.601 -1.1
thin4 3 thin_disk 9.397940009 -0.25 0.0084736 1.473094225 1.472 8.75694546 4857.356733 2.719 -0.619 -1.147 -1.229 -0.023 -0.721 -1.226
thin4 3 thin_disk 9.397940009 -0.25 0.0084736 1.473600745 1.473 9.307920062 4829.475864 2.666 -0.736 -1.271 -1.355 -0.132 -0.84 -1.352
thin4 3 thin_disk 9.397940009 -0.25 0.0084736 1.474083424 1.473 9.877627514 4802.860802 2.614 -0.848 -1.391 -1.476 -0.237 -0.955 -1.473
thin4 3 thin_disk 9.397940009 -0.25 0.0084736 1.47453773 1.474 10.4292396 4777.492347 2.567 -0.952 -1.501 -1.587 -0.333 -1.061 -1.584
thin4 3 thin_disk 9.397940009 -0.25 0.0084736 1.474695921 1.474 10.62557999 4768.699981 2.551 -0.987 -1.539 -1.625 -0.366 -1.097 -1.623
thin4 3 thin_disk 9.397940009 -0.25 0.0084736 1.475060344 1.474 11.12122545 4747.882909 2.512 -1.071 -1.629 -1.718 -0.445 -1.184 -1.715
thin4 3 thin_disk 9.397940009 -0.25 0.0084736 1.47546339 1.475 11.62659769 4727.156712 2.473 -1.156 -1.72 -1.809 -0.523 -1.27 -1.806
thin4 3 thin_disk 9.397940009 -0.25 0.0084736 1.47592771 1.475 12.12139615 4707.604833 2.437 -1.234 -1.804 -1.894 -0.597 -1.351 -1.891
thin4 3 thin_disk 9.397940009 -0.25 0.0084736 1.47659862 1.476 12.66638384 4688.133821 2.399 -1.318 -1.892 -1.984 -0.674 -1.436 -1.981
thin4 3 thin_disk 9.397940009 -0.25 0.0084736 1.476904631 1.476 12.33822384 4701.105527 2.422 -1.269 -1.84 -1.931 -0.63 -1.386 -1.928
thin4 3 thin_disk 9.397940009 -0.25 0.0084736 1.477287173 1.476 11.83729974 4722.804844 2.457 -1.193 -1.758 -1.847 -0.559 -1.308 -1.845
thin4 3 thin_disk 9.397940009 -0.25 0.0084736 1.47747004 1.476 11.38027207 4742.419853 2.492 -1.118 -1.678 -1.766 -0.49 -1.232 -1.764
thin4 3 thin_disk 9.397940009 -0.25 0.0084736 1.477620363 1.477 10.94088983 4762.116327 2.526 -1.045 -1.599 -1.686 -0.422 -1.156 -1.684
thin4 3 thin_disk 9.397940009 -0.25 0.0084736 1.477781773 1.477 10.46050484 4784.097258 2.565 -0.962 -1.509 -1.595 -0.345 -1.071 -1.593
thin4 3 thin_disk 9.397940009 -0.25 0.0084736 1.477984905 1.477 9.914085154 4810.608341 2.613 -0.86 -1.4 -1.485 -0.251 -0.966 -1.482
thin4 3 thin_disk 9.397940009 -0.25 0.0084736 1.478236437 1.477 9.396208494 4837.266337 2.659 -0.76 -1.293 -1.376 -0.158 -0.863 -1.373
thin4 3 thin_disk 9.397940009 -0.25 0.0084736 1.478402853 1.477 9.615074306 4826.140933 2.639 -0.805 -1.34 -1.424 -0.199 -0.909 -1.421
thin4 3 thin_disk 9.397940009 -0.25 0.0084736 1.478834033 1.478 10.18011408 4799.544249 2.59 -0.912 -1.455 -1.54 -0.299 -1.019 -1.537
thin4 3 thin_disk 9.397940009 -0.25 0.0084736 1.47934854 1.478 10.82063244 4771.99522 2.536 -1.027 -1.578 -1.665 -0.407 -1.137 -1.662
thin4 3 thin_disk 9.397940009 -0.25 0.0084736 1.479855299 1.479 11.49350912 4743.511961 2.484 -1.14 -1.7 -1.788 -0.512 -1.253 -1.785
thin4 3 thin_disk 9.397940009 -0.25 0.0084736 1.480348349 1.479 12.19418122 4715.198713 2.432 -1.253 -1.82 -1.91 -0.617 -1.369 -1.907
thin4 3 thin_disk 9.397940009 -0.25 0.0084736 1.480823874 1.48 12.95843769 4685.975353 2.381 -1.364 -1.939 -2.031 -0.721 -1.483 -2.028
thin4 3 thin_disk 9.397940009 -0.25 0.0084736 1.481290698 1.48 13.75474821 4656.93311 2.328 -1.478 -2.061 -2.154 -0.826 -1.599 -2.151
thin4 3 thin_disk 9.397940009 -0.25 0.0084736 1.481742978 1.48 14.63364937 4628.070862 2.275 -1.592 -2.183 -2.279 -0.932 -1.717 -2.276
thin4 3 thin_disk 9.397940009 -0.25 0.0084736 1.482172012 1.481 15.55079674 4599.387494 2.223 -1.705 -2.305 -2.402 -1.036 -1.833 -2.4
thin4 3 thin_disk 9.397940009 -0.25 0.0084736 1.482575178 1.481 16.51401386 4569.829533 2.17 -1.818 -2.426 -2.526 -1.14 -1.949 -2.523
thin4 3 thin_disk 9.397940009 -0.25 0.0084736 1.48294878 1.482 17.5368927 4540.461526 2.118 -1.928 -2.545 -2.647 -1.242 -2.063 -2.644
thin4 3 thin_disk 9.397940009 -0.25 0.0084736 1.483310342 1.482 18.65316985 4510.243611 2.065 -2.042 -2.668 -2.772 -1.346 -2.18 -2.769
thin4 3 thin_disk 9.397940009 -0.25 0.0084736 1.483636141 1.482 19.78575581 4481.258533 2.013 -2.151 -2.786 -2.893 -1.446 -2.293 -2.89
thin4 3 thin_disk 9.397940009 -0.25 0.0084736 1.483947277 1.482 21.04518001 4451.434629 1.96 -2.261 -2.902 -3.012 -1.546 -2.405 -3.009
thin4 3 thin_disk 9.397940009 -0.25 0.0084736 1.484238029 1.483 22.33328689 4421.809211 1.908 -2.37 -3.017 -3.131 -1.645 -2.516 -3.128
thin4 3 thin_disk 9.397940009 -0.25 0.0084736 1.484508157 1.483 23.72753621 4392.380957 1.856 -2.479 -3.13 -3.249 -1.743 -2.627 -3.246
thin4 3 thin_disk 9.397940009 -0.25 0.0084736 1.484762311 1.483 25.20882741 4363.148556 1.804 -2.587 -3.243 -3.368 -1.841 -2.737 -3.364
thin4 3 thin_disk 9.397940009 -0.25 0.0084736 1.48499608 1.483 26.76410006 4333.112852 1.752 -2.694 -3.354 -3.484 -1.936 -2.845 -3.48
thin4 3 thin_disk 9.397940009 -0.25 0.0084736 1.485216141 1.483 28.4022434 4304.274895 1.7 -2.801 -3.466 -3.601 -2.032 -2.954 -3.597
thin4 3 thin_disk 9.397940009 -0.25 0.0084736 1.485420823 1.483 30.15453563 4274.644475 1.648 -2.907 -3.577 -3.718 -2.126 -3.062 -3.714
thin4 3 thin_disk 9.397940009 -0.25 0.0084736 1.485611796 1.483 31.97809916 4245.218029 1.596 -3.012 -3.687 -3.834 -2.219 -3.169 -3.829
thin4 3 thin_disk 9.397940009 -0.25 0.0084736 1.485791206 1.483 33.9510058 4215.994154 1.545 -3.117 -3.798 -3.95 -2.312 -3.276 -3.945
thin4 3 thin_disk 9.397940009 -0.25 0.0084736 1.485957384 1.483 36.00415684 4186.971454 1.493 -3.221 -3.907 -4.065 -2.404 -3.382 -4.061
thin4 3 thin_disk 9.397940009 -0.25 0.0084736 1.486114025 1.483 38.22545335 4158.148546 1.442 -3.326 -4.022 -4.184 -2.499 -3.492 -4.18
thin4 3 thin_disk 9.397940009 -0.25 0.0084736 1.486261129 1.483 40.60248783 4128.573304 1.39 -3.432 -4.137 -4.304 -2.593 -3.602 -4.299
thin4 3 thin_disk 9.397940009 -0.25 0.0084736 1.486393929 1.483 43.00833648 4100.152405 1.34 -3.534 -4.248 -4.419 -2.684 -3.708 -4.414
thin4 3 thin_disk 9.397940009 -0.25 0.0084736 1.486524463 1.483 45.60921997 4071.927154 1.288 -3.64 -4.363 -4.539 -2.779 -3.818 -4.534
thin4 3 thin_disk 9.397940009 -0.25 0.0084736 1.486640811 1.483 48.33398966 4042.965171 1.238 -3.74 -4.473 -4.654 -2.868 -3.924 -4.649
thin4 3 thin_disk 9.397940009 -0.25 0.0084736 1.486752272 1.483 51.22154156 4014.209182 1.187 -3.842 -4.584 -4.77 -2.958 -4.03 -4.765
thin4 3 thin_disk 9.397940009 -0.25 0.0084736 1.486857176 1.483 54.31910991 3986.57556 1.137 -3.944 -4.696 -4.886 -3.048 -4.136 -4.881
thin4 3 thin_disk 9.397940009 -0.25 0.0084736 1.486953139 1.482 57.5244725 3957.309339 1.087 -4.044 -4.804 -5 -3.136 -4.24 -4.994
thin4 3 thin_disk 9.397940009 -0.25 0.0084736 1.487044334 1.482 60.86290042 3930.067413 1.037 -4.143 -4.913 -5.113 -3.223 -4.344 -5.108
thin4 3 thin_disk 9.397940009 -0.25 0.0084736 1.487130046 1.482 64.4247356 3902.114421 0.988 -4.242 -5.021 -5.227 -3.31 -4.448 -5.222
thin4 3 thin_disk 9.397940009 -0.25 0.0084736 1.48722899 1.481 69.19148392 3866.339621 0.926 -4.366 -5.156 -5.368 -3.417 -4.577 -5.363
thin4 3 thin_disk 9.397940009 -0.25 0.0084736 1.487320542 1.481 74.22541678 3830.892806 0.864 -4.487 -5.288 -5.508 -3.523 -4.704 -5.502
thin4 3 thin_disk 9.397940009 -0.25 0.0084736 1.487404227 1.48 79.53396702 3795.77097 0.804 -4.606 -5.418 -5.644 -3.624 -4.828 -5.639
thin4 3 thin_disk 9.397940009 -0.25 0.0084736 1.487483859 1.48 85.35965377 3760.105237 0.743 -4.727 -5.55 -5.783 -3.727 -4.955 -5.777
thin4 3 thin_disk 9.397940009 -0.25 0.0084736 1.487557888 1.479 91.50664757 3724.774625 0.683 -4.847 -5.68 -5.92 -3.828 -5.08 -5.914
thin4 3 thin_disk 9.397940009 -0.25 0.0084736 1.487625957 1.478 97.98343148 3689.775986 0.623 -4.965 -5.808 -6.055 -3.926 -5.203 -6.049
thin4 3 thin_disk 9.397940009 -0.25 0.0084736 1.487689018 1.477 104.846188 3654.264678 0.564 -5.081 -5.934 -6.189 -4.02 -5.324 -6.182
thin4 3 thin_disk 9.397940009 -0.25 0.0084736 1.487748384 1.476 112.1896117 3619.095139 0.505 -5.196 -6.059 -6.32 -4.112 -5.444 -6.314
thin4 3 thin_disk 9.397940009 -0.25 0.0084736 1.487805128 1.475 119.7161233 3585.089483 0.448 -5.308 -6.179 -6.447 -4.197 -5.56 -6.44
thin4 3 thin_disk 9.397940009 -0.25 0.0084736 1.487825036 1.475 122.3073749 3573.551127 0.429 -5.345 -6.218 -6.49 -4.226 -5.598 -6.482
thin4 3 thin_disk 9.397940009 -0.25 0.0084736 1.487825036 1.475 10.7808411 4909.078762 2.539 -1.102 -1.614 -1.693 -4.226 -5.598 -6.482
thin4 3 thin_disk 9.397940009 -0.25 0.0084736 1.487922192 1.475 10.8156505 4906.818568 2.536 -1.108 -1.62 -1.7 -0.523 -1.203 -1.697
thin4 3 thin_disk 9.397940009 -0.25 0.0084736 1.488377571 1.475 10.98633012 4896.660566 2.522 -1.137 -1.653 -1.733 -0.549 -1.234 -1.73
thin4 3 thin_disk 9.397940009 -0.25 0.0084736 1.488950133 1.476 11.09564734 4892.152651 2.514 -1.154 -1.671 -1.751 -0.565 -1.251 -1.749
thin4 3 thin_disk 9.397940009 -0.25 0.0084736 1.489529252 1.477 11.10331459 4893.279241 2.513 -1.158 -1.674 -1.755 -0.569 -1.255 -1.752
thin4 3 thin_disk 9.397940009 -0.25 0.0084736 1.490110516 1.477 11.08798539 4896.660566 2.515 -1.156 -1.672 -1.752 -0.569 -1.253 -1.749
thin4 3 thin_disk 9.397940009 -0.25 0.0084736 1.490698814 1.478 11.07267734 4900.044228 2.517 -1.155 -1.669 -1.749 -0.568 -1.251 -1.747
thin4 3 thin_disk 9.397940009 -0.25 0.0084736 1.491289139 1.479 11.04466747 4903.430228 2.518 -1.153 -1.667 -1.746 -0.567 -1.249 -1.744
thin4 3 thin_disk 9.397940009 -0.25 0.0084736 1.49187851 1.479 11.02941924 4906.818568 2.52 -1.152 -1.664 -1.744 -0.567 -1.248 -1.741
thin4 3 thin_disk 9.397940009 -0.25 0.0084736 1.49244678 1.48 11.01419205 4910.209249 2.521 -1.151 -1.663 -1.742 -0.566 -1.246 -1.739
thin4 3 thin_disk 9.397940009 -0.25 0.0084736 1.493047237 1.48 10.99898589 4913.602273 2.522 -1.15 -1.661 -1.741 -0.567 -1.245 -1.738
thin4 3 thin_disk 9.397940009 -0.25 0.0084736 1.493601918 1.481 11.00151879 4915.865592 2.523 -1.15 -1.661 -1.74 -0.567 -1.245 -1.737
thin4 3 thin_disk 9.397940009 -0.25 0.0084736 1.494177341 1.482 10.99139068 4918.129953 2.523 -1.151 -1.661 -1.74 -0.569 -1.246 -1.737
thin4 3 thin_disk 9.397940009 -0.25 0.0084736 1.494733095 1.482 10.99392183 4920.395357 2.524 -1.152 -1.661 -1.74 -0.571 -1.247 -1.738
thin4 3 thin_disk 9.397940009 -0.25 0.0084736 1.49534142 1.483 11.00151879 4921.52845 2.524 -1.154 -1.662 -1.741 -0.573 -1.248 -1.739
thin4 3 thin_disk 9.397940009 -0.25 0.0084736 1.495892286 1.484 11.00405227 4923.79542 2.524 -1.155 -1.664 -1.742 -0.575 -1.25 -1.74
thin4 3 thin_disk 9.397940009 -0.25 0.0084736 1.496029735 1.484 11.00405227 4923.79542 2.524 -1.156 -1.664 -1.743 -0.575 -1.25 -1.74
thin4 3 thin_disk 9.397940009 -0.25 0.0084736 1.496165752 1.484 10.99898589 4924.929296 2.523 -1.156 -1.664 -1.743 -0.576 -1.251 -1.741
thin4 3 thin_disk 9.397940009 -0.25 0.0084736 1.496755481 1.484 11.00658634 4926.063433 2.523 -1.159 -1.666 -1.745 -0.579 -1.253 -1.742
thin4 3 thin_disk 9.397940009 -0.25 0.0084736 1.497316837 1.485 11.02687991 4927.197832 2.523 -1.161 -1.668 -1.747 -0.581 -1.255 -1.744
thin4 3 thin_disk 9.397940009 -0.25 0.0084736 1.497903228 1.486 11.03449964 4928.332492 2.522 -1.164 -1.671 -1.75 -0.585 -1.258 -1.747
thin4 3 thin_disk 9.397940009 -0.25 0.0084736 1.49847424 1.486 11.04212464 4929.467413 2.521 -1.168 -1.674 -1.753 -0.588 -1.261 -1.75
thin4 3 thin_disk 9.397940009 -0.25 0.0084736 1.499028683 1.487 11.06757936 4929.467413 2.52 -1.171 -1.678 -1.756 -0.592 -1.265 -1.754
thin4 3 thin_disk 9.397940009 -0.25 0.0084736 1.499591827 1.488 11.09309277 4929.467413 2.518 -1.175 -1.682 -1.761 -0.596 -1.269 -1.758
thin4 3 thin_disk 9.397940009 -0.25 0.0084736 1.500188231 1.488 11.11866499 4929.467413 2.516 -1.181 -1.687 -1.766 -0.601 -1.274 -1.763
thin4 3 thin_disk 9.397940009 -0.25 0.0084736 1.500237346 1.488 11.11866499 4929.467413 2.516 -1.181 -1.688 -1.766 -0.602 -1.275 -1.764
thin4 3 thin_disk 9.397940009 -0.25 0.0084736 1.500620484 1.489 11.13660061 4928.332492 2.514 -1.185 -1.692 -1.77 -0.606 -1.279 -1.768
thin4 3 thin_disk 9.397940009 -0.25 0.0084736 1.501219153 1.489 11.18027909 4927.197832 2.512 -1.192 -1.699 -1.778 -0.612 -1.286 -1.775
thin4 3 thin_disk 9.397940009 -0.25 0.0084736 1.501804233 1.49 11.22929897 4924.929296 2.508 -1.2 -1.707 -1.786 -0.619 -1.294 -1.784
thin4 3 thin_disk 9.397940009 -0.25 0.0084736 1.50236392 1.491 11.27853379 4922.661804 2.504 -1.209 -1.717 -1.796 -0.628 -1.303 -1.793
thin4 3 thin_disk 9.397940009 -0.25 0.0084736 1.502938509 1.491 11.34625774 4919.262524 2.499 -1.219 -1.728 -1.808 -0.637 -1.314 -1.805
thin4 3 thin_disk 9.397940009 -0.25 0.0084736 1.503511548 1.492 11.41964609 4914.733802 2.494 -1.232 -1.742 -1.821 -0.649 -1.327 -1.819
thin4 3 thin_disk 9.397940009 -0.25 0.0084736 1.504080176 1.492 11.5200044 4910.209249 2.487 -1.246 -1.758 -1.837 -0.662 -1.342 -1.835
thin4 3 thin_disk 9.397940009 -0.25 0.0084736 1.504648089 1.493 11.63195316 4903.430228 2.478 -1.264 -1.777 -1.857 -0.678 -1.36 -1.855
thin4 3 thin_disk 9.397940009 -0.25 0.0084736 1.505217552 1.494 11.74498982 4896.660566 2.47 -1.283 -1.798 -1.878 -0.695 -1.379 -1.875
thin4 3 thin_disk 9.397940009 -0.25 0.0084736 1.505787969 1.494 11.83457442 4892.152651 2.464 -1.295 -1.811 -1.892 -0.706 -1.392 -1.889
thin4 3 thin_disk 9.397940009 -0.25 0.0084736 1.506388187 1.495 12.20260757 4870.796665 2.437 -1.349 -1.87 -1.952 -0.754 -1.448 -1.949
thin4 3 thin_disk 9.397940009 -0.25 0.0084736 1.506964683 1.496 12.97336524 4828.363965 2.384 -1.457 -1.99 -2.074 -0.852 -1.56 -2.071
thin4 3 thin_disk 9.397940009 -0.25 0.0084736 1.507226825 1.496 13.76425294 4788.505604 2.333 -1.563 -2.106 -2.192 -0.947 -1.669 -2.189
thin4 3 thin_disk 9.397940009 -0.25 0.0084736 1.507357597 1.496 14.67751878 4747.882909 2.277 -1.678 -2.232 -2.321 -1.05 -1.789 -2.318
thin4 3 thin_disk 9.397940009 -0.25 0.0084736 1.507415295 1.496 15.60100747 4709.773264 2.224 -1.786 -2.351 -2.442 -1.148 -1.901 -2.44
thin4 3 thin_disk 9.397940009 -0.25 0.0084736 1.507442355 1.496 16.52923084 4674.121529 2.173 -1.891 -2.466 -2.559 -1.243 -2.009 -2.556
thin4 3 thin_disk 9.397940009 -0.25 0.0084736 1.507457256 1.496 17.4764269 4640.876378 2.125 -1.989 -2.574 -2.669 -1.332 -2.111 -2.666
thin4 3 thin_disk 9.397940009 -0.25 0.0084736 1.507463098 1.496 17.96605169 4624.875008 2.101 -2.039 -2.628 -2.725 -1.376 -2.163 -2.722
thin4 3 thin_disk 9.397940009 -0.25 0.0084736 1.507463217 1.496 17.97432727 4623.810214 2.101 -2.04 -2.63 -2.726 -1.378 -2.164 -2.724
thin4 3 thin_disk 9.397940009 -0.25 0.0084736 1.507466912 1.496 18.38876848 4611.051789 2.081 -2.081 -2.675 -2.772 -1.415 -2.207 -2.769
thin4 3 thin_disk 9.397940009 -0.25 0.0084736 1.507478118 1.496 19.76298972 4569.829533 2.018 -2.21 -2.816 -2.916 -1.532 -2.34 -2.913
thin4 3 thin_disk 9.397940009 -0.25 0.0084736 1.507488131 1.496 20.91956477 4537.326169 1.969 -2.312 -2.925 -3.029 -1.623 -2.445 -3.026
thin4 3 thin_disk 9.397940009 -0.25 0.0084736 1.507515907 1.496 21.36744746 4525.848374 1.951 -2.348 -2.963 -3.068 -1.656 -2.481 -3.065
thin4 3 thin_disk 9.397940009 -0.25 0.0084736 1.507564426 1.496 19.75389063 4570.881896 2.019 -2.209 -2.814 -2.915 -1.531 -2.339 -2.912
thin4 3 thin_disk 9.397940009 -0.25 0.0084736 1.507940412 1.496 19.84964047 4567.725533 2.015 -2.217 -2.823 -2.924 -1.538 -2.347 -2.921
thin4 3 thin_disk 9.397940009 -0.25 0.0084736 1.508180022 1.496 21.21546939 4528.975799 1.957 -2.336 -2.95 -3.055 -1.645 -2.469 -3.052
thin4 3 thin_disk 9.397940009 -0.25 0.0084736 1.508346796 1.496 22.48291636 4496.763012 1.907 -2.438 -3.058 -3.167 -1.736 -2.573 -3.164
thin4 3 thin_disk 9.397940009 -0.25 0.0084736 1.50851512 1.496 23.91402312 4461.696246 1.853 -2.549 -3.175 -3.29 -1.835 -2.687 -3.286
thin4 3 thin_disk 9.397940009 -0.25 0.0084736 1.508661389 1.495 25.46552563 4426.902938 1.799 -2.658 -3.291 -3.41 -1.932 -2.798 -3.407
thin4 3 thin_disk 9.397940009 -0.25 0.0084736 1.50879097 1.495 27.07401373 4393.392456 1.744 -2.768 -3.406 -3.531 -2.029 -2.91 -3.528
thin4 3 thin_disk 9.397940009 -0.25 0.0084736 1.508906126 1.495 28.83053124 4359.131797 1.69 -2.878 -3.522 -3.653 -2.126 -3.022 -3.649
thin4 3 thin_disk 9.397940009 -0.25 0.0084736 1.509008646 1.494 30.70100871 4325.13831 1.635 -2.987 -3.638 -3.774 -2.222 -3.134 -3.77
thin4 3 thin_disk 9.397940009 -0.25 0.0084736 1.509100318 1.494 32.69283969 4291.409912 1.581 -3.096 -3.753 -3.895 -2.318 -3.245 -3.891
thin4 3 thin_disk 9.397940009 -0.25 0.0084736 1.509182215 1.494 34.77383946 4257.944536 1.527 -3.204 -3.867 -4.016 -2.412 -3.355 -4.011
thin4 3 thin_disk 9.397940009 -0.25 0.0084736 1.509257197 1.493 37.31235363 4206.297637 1.465 -3.315 -3.993 -4.15 -2.505 -3.473 -4.145
thin4 3 thin_disk 9.397940009 -0.25 0.0084736 1.509325147 1.492 39.85223154 4164.856093 1.408 -3.424 -4.116 -4.278 -2.598 -3.588 -4.273
thin4 3 thin_disk 9.397940009 -0.25 0.0084736 1.509389639 1.492 42.38894862 4132.377612 1.354 -3.532 -4.234 -4.401 -2.693 -3.701 -4.396
thin4 3 thin_disk 9.397940009 -0.25 0.0084736 1.509450674 1.491 45.1182914 4101.096609 1.3 -3.64 -4.352 -4.524 -2.789 -3.813 -4.519
thin4 3 thin_disk 9.397940009 -0.25 0.0084736 1.509505987 1.49 47.91292062 4070.052394 1.247 -3.746 -4.468 -4.645 -2.883 -3.924 -4.64
thin4 3 thin_disk 9.397940009 -0.25 0.0084736 1.509560943 1.489 50.96272535 4038.313213 1.194 -3.851 -4.584 -4.766 -2.976 -4.034 -4.761
thin4 3 thin_disk 9.397940009 -0.25 0.0084736 1.509616494 1.487 54.14428772 4006.821542 1.14 -3.958 -4.701 -4.889 -3.069 -4.146 -4.883
thin4 3 thin_disk 9.397940009 -0.25 0.0084736 1.509672046 1.485 57.7102087 3973.745051 1.085 -4.065 -4.82 -5.013 -3.164 -4.259 -5.008
thin4 3 thin_disk 9.397940009 -0.25 0.0084736 1.509724021 1.483 61.6385828 3939.127154 1.027 -4.18 -4.945 -5.145 -3.263 -4.379 -5.14
thin4 3 thin_disk 9.397940009 -0.25 0.0084736 1.509762645 1.481 66.15347234 3902.114421 0.965 -4.301 -5.078 -5.285 -3.368 -4.506 -5.279
thin4 3 thin_disk 9.397940009 -0.25 0.0084736 1.509786487 1.48 70.51031337 3869.902292 0.909 -4.41 -5.198 -5.411 -3.463 -4.62 -5.405
thin4 3 thin_disk 9.397940009 -0.25 0.0084736 1.509807348 1.478 75.22334557 3836.189038 0.853 -4.52 -5.318 -5.537 -3.557 -4.735 -5.532
thin4 3 thin_disk 9.397940009 -0.25 0.0084736 1.509826303 1.477 80.23292861 3801.018646 0.796 -4.631 -5.44 -5.666 -3.651 -4.852 -5.66
thin4 3 thin_disk 9.397940009 -0.25 0.0084736 1.509844303 1.475 86.12964255 3762.703523 0.734 -4.749 -5.57 -5.803 -3.75 -4.976 -5.797
thin4 3 thin_disk 9.397940009 -0.25 0.0084736 1.509860039 1.473 91.61205915 3729.0654 0.679 -4.853 -5.685 -5.925 -3.837 -5.086 -5.919
thin4 3 thin_disk 9.397940009 -0.25 0.0084736 1.509877324 1.47 97.69057028 3693.17596 0.623 -4.962 -5.804 -6.051 -3.925 -5.2 -6.045
thin4 3 thin_disk 9.397940009 -0.25 0.0084736 1.50989151 1.467 102.6248759 3666.063642 0.579 -5.045 -5.895 -6.147 -3.991 -5.286 -6.14
thin4 3 thin_disk 9.397940009 -0.25 0.0084736 1.509896159 1.466 103.1223128 3663.53209 0.575 -5.053 -5.904 -6.156 -3.998 -5.295 -6.15
thin4 3 thin_disk 9.397940009 -0.25 0.0084736 1.509896636 1.466 100.2888485 3678.74767 0.599 -5.006 -5.853 -6.102 -3.96 -5.246 -6.096
thin4 3 thin_disk 9.397940009 -0.25 0.0084736 1.509896755 1.466 93.07920062 3718.775833 0.664 -4.878 -5.713 -5.955 -3.856 -5.112 -5.949
thin4 3 thin_disk 9.397940009 -0.25 0.0084736 1.509896874 1.466 87.73091216 3749.730022 0.715 -4.778 -5.603 -5.839 -3.772 -5.007 -5.833
thin4 3 thin_disk 9.397940009 -0.25 0.0084736 1.509896994 1.466 97.06276188 3696.579068 0.627 -4.951 -5.792 -6.038 -3.915 -5.188 -6.032
thin4 3 thin_disk 9.397940009 -0.25 0.0084736 1.509897113 1.466 102.1768818 3667.752316 0.583 -5.037 -5.886 -6.138 -3.984 -5.278 -6.131
thin4 3 thin_disk 9.397940009 -0.25 0.0084736 1.509897232 1.466 100.9840176 3674.514792 0.593 -5.018 -5.865 -6.116 -3.969 -5.258 -6.109
thin4 3 thin_disk 9.397940009 -0.25 0.0084736 1.509897351 1.466 95.55483015 3704.24753 0.641 -4.924 -5.763 -6.008 -3.894 -5.16 -6.002
thin4 3 thin_disk 9.397940009 -0.25 0.0084736 1.50989747 1.466 94.74420257 3709.368674 0.649 -4.908 -5.745 -5.989 -3.881 -5.143 -5.983
thin4 3 thin_disk 9.397940009 -0.25 0.0084736 1.509898066 1.466 94.59161597 3710.222886 0.649 -4.907 -5.744 -5.988 -3.88 -5.142 -5.982
thin4 3 thin_disk 9.397940009 -0.25 0.0084736 1.509899378 1.466 98.36772896 3688.926481 0.616 -4.972 -5.816 -6.063 -3.933 -5.211 -6.057
thin4 3 thin_disk 9.397940009 -0.25 0.0084736 1.50990057 1.466 103.3362375 3661.845359 0.573 -5.056 -5.907 -6.16 -4 -5.298 -6.154
thin4 3 thin_disk 9.397940009 -0.25 0.0084736 1.509902 1.465 110.4212464 3624.933135 0.515 -5.167 -6.028 -6.289 -4.087 -5.414 -6.282
thin4 3 thin_disk 9.397940009 -0.25 0.0084736 1.509903431 1.465 117.098854 3591.699548 0.464 -5.266 -6.136 -6.403 -4.162 -5.518 -6.396
thin4 3 thin_disk 9.397940009 -0.25 0.0084736 1.509905338 1.464 124.0373973 3558.770648 0.414 -5.364 -6.241 -6.515 -4.233 -5.619 -6.508
thin4 3 thin_disk 9.397940009 -0.25 0.0084736 1.509908557 1.463 132.2978069 3522.086356 0.357 -5.473 -6.359 -6.64 -4.308 -5.732 -6.633
thin4 3 thin_disk 9.397940009 -0.25 0.0084736 1.509910345 1.462 135.5041652 3508.326469 0.337 -5.512 -6.401 -6.685 -4.334 -5.773 -6.677
thin4 3 thin_disk 9.397940009 -0.25 0.0084736 1.509910464 1.462 135.5041652 3508.326469 0.337 -5.512 -6.401 -6.685 -4.334 -5.773 -6.677
thin4 3 thin_disk 9.397940009 -0.25 0.0084736 1.509910822 1.462 92.82236828 3715.352291 0.665 -4.869 -5.706 -5.948 -3.846 -5.104 -5.942
thin4 3 thin_disk 9.397940009 -0.25 0.0084736 1.50991106 1.462 80.93803284 3793.14985 0.784 -4.641 -5.453 -5.68 -3.658 -4.863 -5.674
thin4 3 thin_disk 9.397940009 -0.25 0.0084736 1.509911895 1.462 57.07588376 4000.36851 1.088 -4.066 -4.809 -4.999 -3.174 -4.254 -4.994
thin4 3 thin_disk 9.397940009 -0.25 0.0084736 1.509912968 1.461 57.98993806 3989.330341 1.073 -4.092 -4.839 -5.031 -3.196 -4.282 -5.026
thin4 3 thin_disk 9.397940009 -0.25 0.0084736 1.509914517 1.461 68.73099717 3885.97498 0.926 -4.369 -5.151 -5.361 -3.429 -4.576 -5.356
thin4 3 thin_disk 9.397940009 -0.25 0.0084736 1.509916425 1.46 89.07434651 3734.220854 0.7 -4.798 -5.629 -5.867 -3.785 -5.03 -5.861
thin4 3 thin_disk 9.397940009 -0.25 0.0084736 1.509918809 1.459 112.4482355 3602.466907 0.497 -5.187 -6.055 -6.32 -4.091 -5.438 -6.313
thin4 3 thin_disk 9.397940009 -0.25 0.0084736 1.509921551 1.458 131.7809533 3514.795001 0.36 -5.456 -6.344 -6.627 -4.285 -5.716 -6.619
thin4 3 thin_disk 9.397940009 -0.25 0.0084736 1.50992465 1.456 143.831048 3466.570205 0.283 -5.604 -6.503 -6.797 -4.384 -5.87 -6.788
thin4 3 thin_disk 9.397940009 -0.25 0.0084736 1.509928227 1.455 150.4709437 3440.329188 0.244 -5.68 -6.584 -6.883 -4.426 -5.948 -6.874
thin4 3 thin_disk 9.397940009 -0.25 0.0084736 1.50993228 1.453 154.8291198 3422.945623 0.217 -5.729 -6.636 -6.939 -4.452 -5.998 -6.93
thin4 3 thin_disk 9.397940009 -0.25 0.0084736 1.509932399 1.453 119.1935198 3562.049907 0.445 -5.278 -6.156 -6.428 -4.151 -5.533 -6.421
thin4 3 thin_disk 9.397940009 -0.25 0.0084736 1.509932995 1.453 93.29377034 3697.430335 0.658 -4.865 -5.707 -5.952 -3.831 -5.103 -5.946
thin4 3 thin_disk 9.397940009 -0.25 0.0084736 1.509933949 1.453 65.71320432 3899.419867 0.962 -4.284 -5.063 -5.269 -3.35 -4.489 -5.264
thin4 3 thin_disk 9.397940009 -0.25 0.0084736 1.50993526 1.452 66.59669008 3891.347363 0.95 -4.306 -5.087 -5.296 -3.369 -4.513 -5.29
thin4 3 thin_disk 9.397940009 -0.25 0.0084736 1.509937048 1.451 78.4788526 3794.897062 0.807 -4.576 -5.389 -5.615 -3.594 -4.799 -5.61
thin4 3 thin_disk 9.397940009 -0.25 0.0084736 1.509939313 1.45 101.0072727 3650.900525 0.588 -4.996 -5.851 -6.105 -3.934 -5.24 -6.099
thin4 3 thin_disk 9.397940009 -0.25 0.0084736 1.509942055 1.448 126.2852548 3526.955661 0.393 -5.375 -6.261 -6.541 -4.216 -5.635 -6.533
thin4 3 thin_disk 9.397940009 -0.25 0.0084736 1.509945273 1.447 146.6738341 3446.672349 0.263 -5.63 -6.532 -6.83 -4.384 -5.897 -6.821
thin4 3 thin_disk 9.397940009 -0.25 0.0084736 1.509948969 1.445 158.4720386 3404.865806 0.195 -5.764 -6.674 -6.982 -4.463 -6.034 -6.972
thin4 3 thin_disk 9.397940009 -0.25 0.0084736 1.50995326 1.443 164.3057056 3384.542719 0.163 -5.825 -6.738 -7.05 -4.495 -6.096 -7.04
thin4 3 thin_disk 9.397940009 -0.25 0.0084736 1.50995791 1.44 167.4760251 3373.649809 0.146 -5.856 -6.771 -7.086 -4.507 -6.128 -7.076
thin4 3 thin_disk 9.397940009 -0.25 0.0084736 1.509958029 1.44 130.4826129 3505.903839 0.363 -5.428 -6.318 -6.602 -4.247 -5.689 -6.595
thin4 3 thin_disk 9.397940009 -0.25 0.0084736 1.509958625 1.44 102.365272 3639.150361 0.574 -5.014 -5.873 -6.129 -3.945 -5.26 -6.122
thin4 3 thin_disk 9.397940009 -0.25 0.0084736 1.509959698 1.439 72.05309573 3841.492592 0.879 -4.43 -5.228 -5.445 -3.471 -4.645 -5.44
thin4 3 thin_disk 9.397940009 -0.25 0.0084736 1.509961247 1.439 73.02181861 3833.540008 0.867 -4.452 -5.253 -5.471 -3.489 -4.669 -5.466
thin4 3 thin_disk 9.397940009 -0.25 0.0084736 1.509963393 1.437 85.85244042 3738.522511 0.726 -4.72 -5.55 -5.787 -3.709 -4.951 -5.781
thin4 3 thin_disk 9.397940009 -0.25 0.0084736 1.509965897 1.436 109.9392183 3597.493352 0.51 -5.132 -6.003 -6.267 -4.033 -5.384 -6.26
thin4 3 thin_disk 9.397940009 -0.25 0.0084736 1.509968996 1.434 136.8524715 3476.962446 0.319 -5.506 -6.403 -6.694 -4.297 -5.771 -6.686
thin4 3 thin_disk 9.397940009 -0.25 0.0084736 1.509972692 1.432 158.3261477 3398.599585 0.192 -5.756 -6.667 -6.976 -4.446 -6.026 -6.966
thin4 3 thin_disk 9.397940009 -0.25 0.0084736 1.509976864 1.429 170.8648166 3357.376142 0.125 -5.886 -6.803 -7.122 -4.505 -6.158 -7.112
thin4 3 thin_disk 9.397940009 -0.25 0.0084736 1.509981632 1.426 176.7879439 3338.873767 0.095 -5.943 -6.863 -7.187 -4.527 -6.217 -7.177
thin4 3 thin_disk 9.397940009 -0.25 0.0084736 1.509986997 1.423 179.9088986 3328.894258 0.079 -5.973 -6.894 -7.221 -4.537 -6.247 -7.21
thin4 3 thin_disk 9.397940009 -0.25 0.0084736 1.509987235 1.423 142.7751565 3451.437393 0.28 -5.575 -6.477 -6.773 -4.335 -5.842 -6.765
thin4 3 thin_disk 9.397940009 -0.25 0.0084736 1.509987831 1.422 112.034723 3584.26408 0.49 -5.162 -6.036 -6.303 -4.053 -5.416 -6.296
thin4 3 thin_disk 9.397940009 -0.25 0.0084736 1.509989023 1.422 78.76851263 3787.913038 0.796 -4.576 -5.391 -5.619 -3.591 -4.8 -5.613
thin4 3 thin_disk 9.397940009 -0.25 0.0084736 1.509990692 1.42 79.86429179 3779.20108 0.783 -4.599 -5.416 -5.645 -3.609 -4.823 -5.639
thin4 3 thin_disk 9.397940009 -0.25 0.0084736 1.509992838 1.419 93.68124308 3685.530419 0.644 -4.862 -5.708 -5.955 -3.821 -5.101 -5.949
thin4 3 thin_disk 9.397940009 -0.25 0.0084736 1.50999558 1.417 119.4132848 3546.500292 0.433 -5.268 -6.15 -6.425 -4.129 -5.525 -6.418
thin4 3 thin_disk 9.397940009 -0.25 0.0084736 1.509999037 1.414 147.9628353 3427.677865 0.246 -5.633 -6.539 -6.841 -4.363 -5.902 -6.832
thin4 3 thin_disk 9.397940009 -0.25 0.0084736 1.510002971 1.411 170.5896369 3350.425767 0.121 -5.876 -6.794 -7.115 -4.483 -6.149 -7.105
thin4 3 thin_disk 9.397940009 -0.25 0.0084736 1.510007501 1.408 183.5915316 3310.548845 0.056 -6.002 -6.926 -7.258 -4.53 -6.276 -7.247
thin4 3 thin_disk 9.397940009 -0.25 0.0084736 1.510012627 1.404 189.8246662 3291.546539 0.026 -6.058 -6.984 -7.321 -4.537 -6.332 -7.309
thin4 3 thin_disk 9.397940009 -0.25 0.0084736 1.510018349 1.4 193.1757668 3281.708485 0.009 -6.087 -7.014 -7.353 -4.539 -6.36 -7.342
thin4 3 thin_disk 9.397940009 -0.25 0.0084736 1.510018587 1.4 156.6580242 3393.126102 0.192 -5.727 -6.64 -6.949 -4.411 -5.998 -6.94
thin4 3 thin_disk 9.397940009 -0.25 0.0084736 1.510019183 1.399 123.0417912 3526.143643 0.401 -5.317 -6.204 -6.483 -4.158 -5.577 -6.476
thin4 3 thin_disk 9.397940009 -0.25 0.0084736 1.510020375 1.398 86.36795664 3731.642237 0.708 -4.727 -5.559 -5.798 -3.712 -4.96 -5.792
thin4 3 thin_disk 9.397940009 -0.25 0.0084736 1.510022044 1.396 87.5694546 3723.059698 0.695 -4.75 -5.585 -5.825 -3.731 -4.984 -5.819
thin4 3 thin_disk 9.397940009 -0.25 0.0084736 1.510024309 1.394 102.5303984 3629.944626 0.558 -5.009 -5.871 -6.129 -3.934 -5.257 -6.123
thin4 3 thin_disk 9.397940009 -0.25 0.0084736 1.51002717 1.392 129.8830998 3493.815764 0.352 -5.406 -6.3 -6.587 -4.215 -5.67 -6.579
thin4 3 thin_disk 9.397940009 -0.25 0.0084736 1.510030627 1.388 160.1226042 3377.536103 0.169 -5.762 -6.676 -6.99 -4.419 -6.034 -6.98
thin4 3 thin_disk 9.397940009 -0.25 0.0084736 1.51003468 1.385 183.8876848 3302.174353 0.048 -5.997 -6.922 -7.256 -4.503 -6.271 -7.245
thin4 3 thin_disk 9.397940009 -0.25 0.0084736 1.51003933 1.38 197.7664623 3262.120504 -0.016 -6.12 -7.049 -7.393 -4.521 -6.393 -7.381
thin4 3 thin_disk 9.397940009 -0.25 0.0084736 1.510044575 1.376 204.1515327 3244.143079 -0.046 -6.176 -7.105 -7.455 -4.525 -6.448 -7.443
thin4 3 thin_disk 9.397940009 -0.25 0.0084736 1.510050535 1.37 207.851252 3233.702035 -0.063 -6.205 -7.135 -7.488 -4.525 -6.477 -7.475
thin4 3 thin_disk 9.397940009 -0.25 0.0084736 1.510050774 1.37 172.6047109 3332.728996 0.098 -5.886 -6.807 -7.133 -4.46 -6.16 -7.122
thin4 3 thin_disk 9.397940009 -0.25 0.0084736 1.51005137 1.369 135.847811 3465.77209 0.306 -5.479 -6.379 -6.672 -4.259 -5.745 -6.664
thin4 3 thin_disk 9.397940009 -0.25 0.0084736 1.510052443 1.368 95.15960811 3673.668801 0.615 -4.886 -5.735 -5.985 -3.838 -5.127 -5.978
thin4 3 thin_disk 9.397940009 -0.25 0.0084736 1.510053992 1.366 96.52785261 3664.375746 0.601 -4.91 -5.761 -6.013 -3.855 -5.152 -6.006
thin4 3 thin_disk 9.397940009 -0.25 0.0084736 1.510056138 1.363 112.6815065 3571.905825 0.466 -5.165 -6.041 -6.311 -4.045 -5.419 -6.303
thin4 3 thin_disk 9.397940009 -0.25 0.0084736 1.51005888 1.36 141.857612 3438.745222 0.265 -5.551 -6.455 -6.754 -4.295 -5.819 -6.746
thin4 3 thin_disk 9.397940009 -0.25 0.0084736 1.510062098 1.356 173.8812065 3324.298396 0.087 -5.895 -6.817 -7.144 -4.452 -6.169 -7.134
thin4 3 thin_disk 9.397940009 -0.25 0.0084736 1.510065794 1.352 198.7708271 3250.124519 -0.031 -6.123 -7.053 -7.4 -4.491 -6.395 -7.388
thin4 3 thin_disk 9.397940009 -0.25 0.0084736 1.510070205 1.346 213.5269245 3210.702011 -0.094 -6.243 -7.175 -7.533 -4.497 -6.513 -7.519
thin4 3 thin_disk 9.397940009 -0.25 0.0084736 1.510075212 1.34 220.6239444 3191.537855 -0.124 -6.297 -7.231 -7.594 -4.494 -6.566 -7.579
thin4 3 thin_disk 9.397940009 -0.25 0.0084736 1.510080695 1.334 224.5704684 3179.801428 -0.142 -6.327 -7.261 -7.628 -4.488 -6.595 -7.612
thin4 3 thin_disk 9.397940009 -0.25 0.0084736 1.510080814 1.333 190.8765799 3267.382661 -0.002 -6.049 -6.978 -7.321 -4.465 -6.322 -7.309
thin4 3 thin_disk 9.397940009 -0.25 0.0084736 1.51008141 1.332 150.5402541 3400.165058 0.205 -5.647 -6.558 -6.866 -4.34 -5.917 -6.856
thin4 3 thin_disk 9.397940009 -0.25 0.0084736 1.510082483 1.33 105.1120836 3609.940136 0.516 -5.048 -5.914 -6.177 -3.957 -5.298 -6.17
thin4 3 thin_disk 9.397940009 -0.25 0.0084736 1.510083914 1.328 106.6234289 3600.808292 0.502 -5.07 -5.939 -6.204 -3.973 -5.322 -6.197
thin4 3 thin_disk 9.397940009 -0.25 0.0084736 1.51008594 1.324 124.0373973 3509.942485 0.37 -5.321 -6.212 -6.495 -4.145 -5.583 -6.487
thin4 3 thin_disk 9.397940009 -0.25 0.0084736 1.510088325 1.32 155.0788761 3379.091874 0.174 -5.695 -6.61 -6.923 -4.355 -5.967 -6.913
thin4 3 thin_disk 9.397940009 -0.25 0.0084736 1.510091305 1.314 188.9089982 3267.382661 0.002 -6.025 -6.954 -7.296 -4.44 -6.298 -7.284
thin4 3 thin_disk 9.397940009 -0.25 0.0084736 1.510094881 1.308 214.9575209 3194.478724 -0.113 -6.244 -7.177 -7.54 -4.451 -6.513 -7.525
thin4 3 thin_disk 9.397940009 -0.25 0.0084736 1.510098934 1.301 230.1190884 3155.731174 -0.174 -6.357 -7.293 -7.666 -4.446 -6.622 -7.649
thin4 3 thin_disk 9.397940009 -0.25 0.0084736 1.510103464 1.292 237.2207337 3136.89513 -0.203 -6.406 -7.344 -7.722 -4.438 -6.669 -7.703
thin4 3 thin_disk 9.397940009 -0.25 0.0084736 1.51010859 1.283 241.1863054 3125.359644 -0.221 -6.433 -7.371 -7.752 -4.428 -6.694 -7.733
thin4 3 thin_disk 9.397940009 -0.25 0.0084736 1.510108709 1.283 209.9194331 3201.105592 -0.1 -6.197 -7.131 -7.492 -4.423 -6.467 -7.477
thin4 3 thin_disk 9.397940009 -0.25 0.0084736 1.510109305 1.281 165.5970687 3332.728996 0.105 -5.797 -6.718 -7.043 -4.37 -6.071 -7.033
thin4 3 thin_disk 9.397940009 -0.25 0.0084736 1.510110259 1.278 115.4656075 3544.867445 0.417 -5.196 -6.078 -6.354 -4.054 -5.453 -6.346
thin4 3 thin_disk 9.397940009 -0.25 0.0084736 1.51011169 1.274 117.179771 3535.086134 0.403 -5.219 -6.103 -6.381 -4.068 -5.477 -6.374
thin4 3 thin_disk 9.397940009 -0.25 0.0084736 1.510113478 1.269 135.9729891 3444.292294 0.272 -5.465 -6.368 -6.666 -4.216 -5.732 -6.657
thin4 3 thin_disk 9.397940009 -0.25 0.0084736 1.510115862 1.262 169.0256617 3315.889122 0.081 -5.826 -6.75 -7.08 -4.367 -6.101 -7.069
thin4 3 thin_disk 9.397940009 -0.25 0.0084736 1.510118723 1.254 204.4808514 3206.269325 -0.088 -6.146 -7.079 -7.438 -4.388 -6.416 -7.423
thin4 3 thin_disk 9.397940009 -0.25 0.0084736 1.510122061 1.245 231.8743155 3134.728988 -0.2 -6.355 -7.293 -7.671 -4.379 -6.618 -7.652
thin4 3 thin_disk 9.397940009 -0.25 0.0084736 1.510125875 1.235 247.4871445 3095.993213 -0.261 -6.462 -7.403 -7.791 -4.365 -6.72 -7.77
thin4 3 thin_disk 9.397940009 -0.25 0.0084736 1.510130167 1.223 255.0660431 3076.096815 -0.291 -6.508 -7.45 -7.844 -4.356 -6.763 -7.821
thin4 3 thin_disk 9.397940009 -0.25 0.0084736 1.510135055 1.209 259.6884564 3062.668558 -0.311 -6.533 -7.476 -7.872 -4.347 -6.786 -7.848
thin4 3 thin_disk 9.397940009 -0.25 0.0084736 1.510135174 1.208 231.0216306 3126.079367 -0.21 -6.34 -7.278 -7.658 -4.339 -6.602 -7.639
thin4 3 thin_disk 9.397940009 -0.25 0.0084736 1.510135651 1.206 182.6218108 3256.866822 -0.006 -5.943 -6.873 -7.219 -4.332 -6.216 -7.206
thin4 3 thin_disk 9.397940009 -0.25 0.0084736 1.510136604 1.202 127.0143075 3470.56354 0.307 -5.339 -6.238 -6.53 -4.124 -5.604 -6.521
thin4 3 thin_disk 9.397940009 -0.25 0.0084736 1.510137796 1.195 128.9592934 3460.190425 0.292 -5.362 -6.263 -6.558 -4.134 -5.628 -6.549
thin4 3 thin_disk 9.397940009 -0.25 0.0084736 1.510139585 1.187 149.3319186 3368.992157 0.161 -5.605 -6.521 -6.837 -4.246 -5.877 -6.826
thin4 3 thin_disk 9.397940009 -0.25 0.0084736 1.51014173 1.177 184.7364717 3241.902878 -0.027 -5.955 -6.886 -7.236 -4.301 -6.228 -7.223
thin4 3 thin_disk 9.397940009 -0.25 0.0084736 1.510144234 1.165 222.511594 3132.564342 -0.193 -6.263 -7.202 -7.58 -4.284 -6.526 -7.561
thin4 3 thin_disk 9.397940009 -0.25 0.0084736 1.510147333 1.15 251.5084871 3060.553672 -0.305 -6.462 -7.405 -7.801 -4.273 -6.714 -7.776
thin4 3 thin_disk 9.397940009 -0.25 0.0084736 1.51015079 1.134 268.1962152 3020.64717 -0.367 -6.561 -7.508 -7.915 -4.261 -6.806 -7.886
thin4 3 thin_disk 9.397940009 -0.25 0.0084736 1.510154724 1.116 276.6002987 2998.472016 -0.401 -6.604 -7.552 -7.965 -4.25 -6.843 -7.933
thin4 3 thin_disk 9.397940009 -0.25 0.0084736 1.510159135 1.096 281.8075634 2982.634246 -0.425 -6.624 -7.574 -7.992 -4.231 -6.86 -7.958
thin4 3 thin_disk 9.397940009 -0.25 0.0084736 1.510159254 1.095 256.1253972 3034.589844 -0.342 -6.477 -7.421 -7.823 -4.218 -6.724 -7.795
thin4 3 thin_disk 9.397940009 -0.25 0.0084736 1.510159731 1.091 202.373035 3165.920463 -0.14 -6.087 -7.024 -7.394 -4.209 -6.354 -7.377
thin4 3 thin_disk 9.397940009 -0.25 0.0084736 1.510160565 1.084 140.2983763 3382.984438 0.177 -5.478 -6.392 -6.705 -4.146 -5.75 -6.695
thin4 3 thin_disk 9.397940009 -0.25 0.0084736 1.510161757 1.073 142.4139869 3371.320179 0.159 -5.502 -6.417 -6.733 -4.148 -5.774 -6.723
thin4 3 thin_disk 9.397940009 -0.25 0.0084736 1.510163307 1.06 164.8362193 3279.442344 0.026 -5.74 -6.668 -7.008 -4.187 -6.014 -6.996
thin4 3 thin_disk 9.397940009 -0.25 0.0084736 1.510165334 1.043 203.3071465 3151.37438 -0.163 -6.084 -7.021 -7.395 -4.161 -6.349 -7.377
thin4 3 thin_disk 9.397940009 -0.25 0.0084736 1.510167718 1.024 244.3164137 3041.585296 -0.33 -6.38 -7.324 -7.724 -4.142 -6.629 -7.697
thin4 3 thin_disk 9.397940009 -0.25 0.0084736 1.51017046 1.001 275.5196924 2968.246743 -0.445 -6.559 -7.51 -7.932 -4.134 -6.792 -7.895
thin4 3 thin_disk 9.397940009 -0.25 0.0084736 1.510173798 0.975 293.8682352 2927.520871 -0.511 -6.641 -7.598 -8.037 -4.112 -6.864 -7.995
thin4 3 thin_disk 9.397940009 -0.25 0.0084736 1.510177374 0.947 302.8674806 2905.360314 -0.551 -6.666 -7.632 -8.084 -4.078 -6.886 -8.038
thin4 3 thin_disk 9.397940009 -0.25 0.0084736 1.510181546 0.917 308.0722957 2890.679882 -0.58 -6.675 -7.647 -8.11 -4.046 -6.893 -8.062
thin4 3 thin_disk 9.397940009 -0.25 0.0084736 1.510200977 0.595 3.335436253e-06 10000 1.442 30.028 30.05 30.059 29.997 30.042 30.058
