# component component_index family logAge MH Zini Mini Mass radius_rsun Teff_K logg Jmag_2mass Hmag_2mass Ksmag_2mass F087mag F146mag F213mag
thin6 5 thin_disk 9.783135957 -0.5 0.0048313 0.0900000036 0.09 0.1117513157 2545.071572 5.293 10.889 10.435 10.236 12.477 10.982 10.307
thin6 5 thin_disk 9.783135957 -0.5 0.0048313 0.1000000015 0.1 0.1239232072 2725.837739 5.249 10.422 9.94 9.723 11.878 10.478 9.789
thin6 5 thin_disk 9.783135957 -0.5 0.0048313 0.1199999973 0.12 0.1454630351 2935.621096 5.189 9.847 9.327 9.096 11.093 9.847 9.154
thin6 5 thin_disk 9.783135957 -0.5 0.0048313 0.1218675971 0.122 0.1473169249 2949.171308 5.185 9.806 9.284 9.053 11.041 9.803 9.11
thin6 5 thin_disk 9.783135957 -0.5 0.0048313 0.1400000006 0.14 0.1646086468 3069.728738 5.148 9.441 8.906 8.673 10.58 9.415 8.725
thin6 5 thin_disk 9.783135957 -0.5 0.0048313 0.1460083425 0.146 0.1700406063 3099.55966 5.138 9.342 8.804 8.572 10.46 9.31 8.622
thin6 5 thin_disk 9.783135957 -0.5 0.0048313 0.1599999964 0.16 0.1826218108 3164.462839 5.117 9.124 8.581 8.35 10.2 9.082 8.398
thin6 5 thin_disk 9.783135957 -0.5 0.0048313 0.1999999881 0.2 0.2161487084 3297.61538 5.067 8.63 8.078 7.852 9.632 8.571 7.894
thin6 5 thin_disk 9.783135957 -0.5 0.0048313 0.25 0.25 0.256774945 3406.434166 5.014 8.155 7.595 7.374 9.107 8.084 7.412
thin6 5 thin_disk 9.783135957 -0.5 0.0048313 0.3000000119 0.3 0.2960415333 3482.571166 4.969 7.775 7.21 6.991 8.697 7.695 7.027
thin6 5 thin_disk 9.783135957 -0.5 0.0048313 0.3410415053 0.341 0.3307140493 3536.714476 4.929 7.487 6.916 6.7 8.388 7.4 6.733
thin6 5 thin_disk 9.783135957 -0.5 0.0048313 0.3499999642 0.35 0.3381836794 3548.133892 4.92 7.428 6.855 6.64 8.325 7.34 6.672
thin6 5 thin_disk 9.783135957 -0.5 0.0048313 0.3717271388 0.372 0.3576454011 3590.04589 4.899 7.272 6.696 6.481 8.154 7.179 6.512
thin6 5 thin_disk 9.783135957 -0.5 0.0048313 0.3999999762 0.4 0.3822545335 3642.503687 4.872 7.082 6.501 6.289 7.946 6.984 6.317
thin6 5 thin_disk 9.783135957 -0.5 0.0048313 0.4499999881 0.45 0.4332640398 3764.436711 4.815 6.711 6.118 5.911 7.536 6.599 5.934
thin6 5 thin_disk 9.783135957 -0.5 0.0048313 0.4999999404 0.5 0.4863541711 3936.407041 4.76 6.321 5.711 5.52 7.1 6.194 5.538
thin6 5 thin_disk 9.783135957 -0.5 0.0048313 0.5448052287 0.544 0.5327858043 4157.191207 4.718 5.945 5.311 5.158 6.678 5.804 5.17
thin6 5 thin_disk 9.783135957 -0.5 0.0048313 0.5500000119 0.55 0.5380871797 4182.153799 4.714 5.904 5.268 5.119 6.632 5.761 5.13
thin6 5 thin_disk 9.783135957 -0.5 0.0048313 0.5561879277 0.556 0.5429410079 4218.907466 4.71 5.854 5.217 5.074 6.576 5.71 5.084
thin6 5 thin_disk 9.783135957 -0.5 0.0048313 0.5999999642 0.6 0.5797658692 4479.195313 4.686 5.519 4.904 4.795 6.191 5.383 4.802
thin6 5 thin_disk 9.783135957 -0.5 0.0048313 0.6499999166 0.65 0.6169538019 4816.149948 4.667 5.167 4.634 4.548 5.758 5.062 4.553
thin6 5 thin_disk 9.783135957 -0.5 0.0048313 0.6582832336 0.658 0.6242415106 4868.554097 4.663 5.112 4.595 4.511 5.689 5.012 4.516
thin6 5 thin_disk 9.783135957 -0.5 0.0048313 0.6865617633 0.687 0.6482651049 5048.937562 4.648 4.928 4.458 4.382 5.461 4.845 4.386
thin6 5 thin_disk 9.783135957 -0.5 0.0048313 0.6999999881 0.7 0.6601652269 5134.521775 4.641 4.843 4.394 4.321 5.357 4.767 4.325
thin6 5 thin_disk 9.783135957 -0.5 0.0048313 0.7146028876 0.715 0.6730582389 5227.571722 4.633 4.752 4.324 4.255 5.247 4.683 4.259
thin6 5 thin_disk 9.783135957 -0.5 0.0048313 0.7371095419 0.737 0.6947885374 5369.081545 4.619 4.614 4.217 4.153 5.08 4.555 4.156
thin6 5 thin_disk 9.783135957 -0.5 0.0048313 0.7487857342 0.749 0.7064031787 5442.519578 4.611 4.543 4.162 4.1 4.995 4.489 4.103
thin6 5 thin_disk 9.783135957 -0.5 0.0048313 0.7493540049 0.749 0.7073797852 5445.026528 4.611 4.54 4.159 4.097 4.991 4.486 4.1
thin6 5 thin_disk 9.783135957 -0.5 0.0048313 0.7694426775 0.769 0.7320700588 5556.483128 4.593 4.416 4.056 3.998 4.847 4.368 4.001
thin6 5 thin_disk 9.783135957 -0.5 0.0048313 0.7879497409 0.788 0.7558796353 5657.180035 4.575 4.302 3.959 3.906 4.717 4.259 3.908
thin6 5 thin_disk 9.783135957 -0.5 0.0048313 0.7975714207 0.797 0.7685155243 5708.210762 4.565 4.243 3.909 3.857 4.649 4.203 3.86
thin6 5 thin_disk 9.783135957 -0.5 0.0048313 0.8157660365 0.815 0.7975403138 5796.955947 4.543 4.129 3.808 3.76 4.521 4.092 3.762
thin6 5 thin_disk 9.783135957 -0.5 0.0048313 0.8330156207 0.832 0.8265186256 5877.599637 4.521 4.019 3.711 3.665 4.4 3.986 3.668
thin6 5 thin_disk 9.783135957 -0.5 0.0048313 0.8463571072 0.846 0.8496746178 5938.817779 4.504 3.935 3.636 3.593 4.307 3.905 3.595
thin6 5 thin_disk 9.783135957 -0.5 0.0048313 0.8713891506 0.87 0.9014728363 6040.877097 4.465 3.77 3.486 3.447 4.127 3.744 3.449
thin6 5 thin_disk 9.783135957 -0.5 0.0048313 0.8949641585 0.894 0.9579716235 6129.146471 4.424 3.61 3.339 3.302 3.954 3.587 3.304
thin6 5 thin_disk 9.783135957 -0.5 0.0048313 0.8951427937 0.894 0.9575305628 6130.557921 4.424 3.608 3.338 3.301 3.953 3.586 3.303
thin6 5 thin_disk 9.783135957 -0.5 0.0048313 0.9148987532 0.914 1.01286752 6198.691176 4.385 3.464 3.203 3.169 3.799 3.444 3.17
thin6 5 thin_disk 9.783135957 -0.5 0.0048313 0.9324741364 0.931 1.067216779 6254.606617 4.348 3.33 3.076 3.043 3.658 3.312 3.045
thin6 5 thin_disk 9.783135957 -0.5 0.0048313 0.9439284801 0.943 1.106503125 6289.266532 4.321 3.239 2.99 2.958 3.562 3.222 2.959
thin6 5 thin_disk 9.783135957 -0.5 0.0048313 0.9532212019 0.952 1.14117604 6315.387454 4.3 3.164 2.919 2.888 3.485 3.149 2.889
thin6 5 thin_disk 9.783135957 -0.5 0.0048313 0.9677485824 0.967 1.198816315 6348.922123 4.263 3.046 2.806 2.775 3.363 3.032 2.777
thin6 5 thin_disk 9.783135957 -0.5 0.0048313 0.9799351096 0.979 1.253004541 6369.421654 4.23 2.942 2.704 2.674 3.256 2.928 2.676
thin6 5 thin_disk 9.783135957 -0.5 0.0048313 0.9897678494 0.989 1.304525716 6384.104687 4.2 2.851 2.615 2.585 3.163 2.837 2.587
thin6 5 thin_disk 9.783135957 -0.5 0.0048313 0.9927142262 0.992 1.320847398 6388.516194 4.19 2.821 2.586 2.557 3.133 2.808 2.558
thin6 5 thin_disk 9.783135957 -0.5 0.0048313 0.9981061816 0.997 1.35223647 6394.402945 4.172 2.769 2.535 2.505 3.08 2.756 2.507
thin6 5 thin_disk 9.783135957 -0.5 0.0048313 0.9990506172 0.998 1.357852652 6395.875481 4.169 2.759 2.525 2.496 3.07 2.746 2.497
thin6 5 thin_disk 9.783135957 -0.5 0.0048313 1.001576543 1 1.374525005 6397.348355 4.159 2.732 2.499 2.469 3.043 2.719 2.471
thin6 5 thin_disk 9.783135957 -0.5 0.0048313 1.009765029 1.009 1.43269137 6397.348355 4.127 2.642 2.409 2.379 2.953 2.629 2.381
thin6 5 thin_disk 9.783135957 -0.5 0.0048313 1.019072771 1.018 1.511654861 6384.104687 4.084 2.529 2.295 2.265 2.841 2.516 2.266
thin6 5 thin_disk 9.783135957 -0.5 0.0048313 1.028378367 1.027 1.610099239 6351.846583 4.033 2.403 2.165 2.134 2.719 2.389 2.135
thin6 5 thin_disk 9.783135957 -0.5 0.0048313 1.030386329 1.029 1.635884528 6341.616863 4.021 2.374 2.135 2.103 2.691 2.359 2.105
thin6 5 thin_disk 9.783135957 -0.5 0.0048313 1.0322721 1.031 1.661700096 6328.488569 4.007 2.344 2.103 2.071 2.663 2.329 2.073
thin6 5 thin_disk 9.783135957 -0.5 0.0048313 1.039867639 1.038 1.786704145 6248.848564 3.948 2.214 1.963 1.929 2.543 2.197 1.931
thin6 5 thin_disk 9.783135957 -0.5 0.0048313 1.041499853 1.04 1.821179046 6221.570117 3.932 2.183 1.928 1.893 2.515 2.164 1.895
thin6 5 thin_disk 9.783135957 -0.5 0.0048313 1.044560432 1.043 1.885179224 6171.631685 3.903 2.124 1.863 1.827 2.463 2.104 1.829
thin6 5 thin_disk 9.783135957 -0.5 0.0048313 1.049054861 1.047 2.010724848 6045.051429 3.849 2.03 1.749 1.709 2.387 2.005 1.711
thin6 5 thin_disk 9.783135957 -0.5 0.0048313 1.052521586 1.051 2.131339554 5888.436554 3.799 1.961 1.654 1.61 2.343 1.929 1.612
thin6 5 thin_disk 9.783135957 -0.5 0.0048313 1.0545789 1.053 2.219998315 5753.074526 3.765 1.928 1.6 1.551 2.331 1.89 1.554
thin6 5 thin_disk 9.783135957 -0.5 0.0048313 1.055952907 1.054 2.289563246 5645.468649 3.739 1.908 1.561 1.508 2.329 1.865 1.511
thin6 5 thin_disk 9.783135957 -0.5 0.0048313 1.057193756 1.055 2.361851808 5542.427234 3.712 1.886 1.52 1.463 2.326 1.837 1.466
thin6 5 thin_disk 9.783135957 -0.5 0.0048313 1.058423996 1.056 2.453311219 5447.534633 3.679 1.847 1.462 1.402 2.304 1.792 1.405
thin6 5 thin_disk 9.783135957 -0.5 0.0048313 1.059924722 1.058 2.595091319 5351.801538 3.632 1.773 1.367 1.304 2.249 1.711 1.307
thin6 5 thin_disk 9.783135957 -0.5 0.0048313 1.0612427 1.059 2.746961957 5289.32192 3.583 1.68 1.26 1.195 2.169 1.613 1.198
thin6 5 thin_disk 9.783135957 -0.5 0.0048313 1.061613321 1.059 2.794168838 5274.727157 3.568 1.651 1.227 1.162 2.143 1.583 1.165
thin6 5 thin_disk 9.783135957 -0.5 0.0048313 1.061831594 1.06 2.824571969 5267.444883 3.559 1.631 1.206 1.14 2.125 1.563 1.144
thin6 5 thin_disk 9.783135957 -0.5 0.0048313 1.063373566 1.061 3.050370869 5222.759167 3.492 1.486 1.05 0.983 1.99 1.415 0.986
thin6 5 thin_disk 9.783135957 -0.5 0.0048313 1.064584255 1.062 3.254262973 5195.17283 3.436 1.359 0.916 0.848 1.869 1.285 0.851
thin6 5 thin_disk 9.783135957 -0.5 0.0048313 1.0658319 1.063 3.498264515 5168.922254 3.374 1.216 0.767 0.699 1.732 1.14 0.702
thin6 5 thin_disk 9.783135957 -0.5 0.0048313 1.066839337 1.064 3.72608403 5148.728601 3.32 1.09 0.636 0.567 1.611 1.013 0.57
thin6 5 thin_disk 9.783135957 -0.5 0.0048313 1.067931056 1.065 4.010999842 5125.072342 3.256 0.941 0.482 0.412 1.468 0.862 0.415
thin6 5 thin_disk 9.783135957 -0.5 0.0048313 1.068830252 1.066 4.288966409 5103.874654 3.199 0.808 0.343 0.272 1.339 0.727 0.275
thin6 5 thin_disk 9.783135957 -0.5 0.0048313 1.06964004 1.067 4.578810234 5083.935125 3.142 0.676 0.206 0.134 1.212 0.593 0.137
thin6 5 thin_disk 9.783135957 -0.5 0.0048313 1.070410013 1.068 4.906283561 5060.576565 3.082 0.539 0.063 -0.009 1.08 0.454 -0.006
thin6 5 thin_disk 9.783135957 -0.5 0.0048313 1.071065903 1.068 5.236639109 5038.485348 3.026 0.41 -0.072 -0.144 0.957 0.324 -0.141
thin6 5 thin_disk 9.783135957 -0.5 0.0048313 1.071703553 1.069 5.613744529 5014.18092 2.965 0.272 -0.216 -0.29 0.825 0.184 -0.287
thin6 5 thin_disk 9.783135957 -0.5 0.0048313 1.072233915 1.069 5.987598141 4991.142852 2.91 0.145 -0.35 -0.424 0.704 0.054 -0.421
thin6 5 thin_disk 9.783135957 -0.5 0.0048313 1.072739244 1.07 6.406969327 4965.923215 2.851 0.012 -0.49 -0.565 0.578 -0.081 -0.562
thin6 5 thin_disk 9.783135957 -0.5 0.0048313 1.073183656 1.07 6.839945555 4940.831009 2.795 -0.116 -0.625 -0.702 0.456 -0.212 -0.699
thin6 5 thin_disk 9.783135957 -0.5 0.0048313 1.073586464 1.07 7.305545414 4914.733802 2.738 -0.243 -0.76 -0.837 0.335 -0.342 -0.834
thin6 5 thin_disk 9.783135957 -0.5 0.0048313 1.073948026 1.071 7.784892948 4888.774439 2.682 -0.368 -0.893 -0.971 0.217 -0.47 -0.968
thin6 5 thin_disk 9.783135957 -0.5 0.0048313 1.074285746 1.071 8.31864603 4861.832585 2.625 -0.495 -1.027 -1.107 0.098 -0.599 -1.104
thin6 5 thin_disk 9.783135957 -0.5 0.0048313 1.074596763 1.071 8.878766706 4835.039206 2.568 -0.621 -1.161 -1.242 -0.02 -0.728 -1.239
thin6 5 thin_disk 9.783135957 -0.5 0.0048313 1.074870586 1.071 9.459161597 4807.286438 2.514 -0.741 -1.29 -1.372 -0.133 -0.851 -1.369
thin6 5 thin_disk 9.783135957 -0.5 0.0048313 1.075132847 1.071 10.08910507 4779.69297 2.458 -0.865 -1.422 -1.505 -0.25 -0.978 -1.502
thin6 5 thin_disk 9.783135957 -0.5 0.0048313 1.075365424 1.071 10.71895987 4753.352259 2.405 -0.981 -1.545 -1.63 -0.358 -1.097 -1.627
thin6 5 thin_disk 9.783135957 -0.5 0.0048313 1.075602412 1.072 11.4065063 4726.068369 2.351 -1.098 -1.671 -1.757 -0.469 -1.217 -1.754
thin6 5 thin_disk 9.783135957 -0.5 0.0048313 1.075923085 1.072 12.13815405 4698.941086 2.297 -1.217 -1.797 -1.884 -0.581 -1.339 -1.881
thin6 5 thin_disk 9.783135957 -0.5 0.0048313 1.075951934 1.072 12.17173938 4697.859239 2.294 -1.223 -1.804 -1.891 -0.586 -1.345 -1.888
thin6 5 thin_disk 9.783135957 -0.5 0.0048313 1.07612288 1.072 11.72877472 4717.370643 2.327 -1.154 -1.728 -1.815 -0.523 -1.274 -1.812
thin6 5 thin_disk 9.783135957 -0.5 0.0048313 1.076243281 1.072 11.12891037 4743.511961 2.372 -1.058 -1.625 -1.71 -0.433 -1.175 -1.707
thin6 5 thin_disk 9.783135957 -0.5 0.0048313 1.076274037 1.072 10.99645357 4750.069894 2.383 -1.035 -1.6 -1.685 -0.412 -1.151 -1.681
thin6 5 thin_disk 9.783135957 -0.5 0.0048313 1.076420903 1.072 11.55453959 4728.245305 2.34 -1.129 -1.701 -1.787 -0.501 -1.248 -1.784
thin6 5 thin_disk 9.783135957 -0.5 0.0048313 1.076601744 1.072 12.28719201 4700.023182 2.286 -1.246 -1.826 -1.913 -0.61 -1.368 -1.91
thin6 5 thin_disk 9.783135957 -0.5 0.0048313 1.076779962 1.072 13.10245404 4670.893875 2.231 -1.366 -1.954 -2.043 -0.722 -1.491 -2.04
thin6 5 thin_disk 9.783135957 -0.5 0.0048313 1.076939464 1.072 13.92363548 4641.945102 2.178 -1.48 -2.076 -2.167 -0.828 -1.608 -2.164
thin6 5 thin_disk 9.783135957 -0.5 0.0048313 1.077090621 1.071 14.80650797 4614.238091 2.124 -1.596 -2.2 -2.292 -0.936 -1.727 -2.289
thin6 5 thin_disk 9.783135957 -0.5 0.0048313 1.077229857 1.071 15.74173673 4584.584692 2.071 -1.71 -2.322 -2.416 -1.042 -1.844 -2.413
thin6 5 thin_disk 9.783135957 -0.5 0.0048313 1.077360272 1.071 16.74760251 4556.170838 2.017 -1.824 -2.446 -2.542 -1.148 -1.962 -2.539
thin6 5 thin_disk 9.783135957 -0.5 0.0048313 1.077479839 1.071 17.80543732 4526.890609 1.964 -1.938 -2.566 -2.665 -1.252 -2.078 -2.662
thin6 5 thin_disk 9.783135957 -0.5 0.0048313 1.077591658 1.071 18.93880816 4496.763012 1.91 -2.053 -2.687 -2.789 -1.357 -2.195 -2.785
thin6 5 thin_disk 9.783135957 -0.5 0.0048313 1.077692389 1.071 20.13504687 4467.864567 1.858 -2.164 -2.804 -2.909 -1.459 -2.308 -2.906
thin6 5 thin_disk 9.783135957 -0.5 0.0048313 1.077784658 1.07 21.35760966 4439.151838 1.805 -2.274 -2.919 -3.028 -1.558 -2.42 -3.025
thin6 5 thin_disk 9.783135957 -0.5 0.0048313 1.077870846 1.07 22.68050106 4410.623631 1.753 -2.383 -3.034 -3.147 -1.657 -2.532 -3.143
thin6 5 thin_disk 9.783135957 -0.5 0.0048313 1.077949762 1.07 24.06870061 4381.26982 1.701 -2.491 -3.148 -3.265 -1.753 -2.642 -3.261
thin6 5 thin_disk 9.783135957 -0.5 0.0048313 1.078024983 1.069 25.57129043 4352.111366 1.648 -2.601 -3.263 -3.385 -1.852 -2.754 -3.381
thin6 5 thin_disk 9.783135957 -0.5 0.0048313 1.078092456 1.069 27.14892544 4322.151642 1.597 -2.708 -3.376 -3.502 -1.947 -2.862 -3.498
thin6 5 thin_disk 9.783135957 -0.5 0.0048313 1.078155637 1.068 28.84381124 4293.386635 1.544 -2.815 -3.489 -3.62 -2.042 -2.972 -3.616
thin6 5 thin_disk 9.783135957 -0.5 0.0048313 1.078214526 1.068 30.60924693 4264.813065 1.492 -2.922 -3.602 -3.738 -2.137 -3.081 -3.734
thin6 5 thin_disk 9.783135957 -0.5 0.0048313 1.078267097 1.067 32.46030864 4235.454299 1.441 -3.026 -3.715 -3.855 -2.23 -3.189 -3.851
thin6 5 thin_disk 9.783135957 -0.5 0.0048313 1.078317642 1.067 34.40746247 4207.266284 1.39 -3.132 -3.831 -3.974 -2.325 -3.299 -3.97
thin6 5 thin_disk 9.783135957 -0.5 0.0048313 1.078363299 1.066 36.48821724 4178.303666 1.339 -3.235 -3.943 -4.09 -2.417 -3.407 -4.086
thin6 5 thin_disk 9.783135957 -0.5 0.0048313 1.078406811 1.065 38.69480344 4149.540426 1.288 -3.339 -4.057 -4.208 -2.511 -3.515 -4.204
thin6 5 thin_disk 9.783135957 -0.5 0.0048313 1.078447461 1.064 41.01593771 4121.92419 1.237 -3.443 -4.17 -4.326 -2.603 -3.623 -4.321
thin6 5 thin_disk 9.783135957 -0.5 0.0048313 1.078484058 1.063 43.39629421 4093.549063 1.187 -3.543 -4.28 -4.439 -2.692 -3.728 -4.435
thin6 5 thin_disk 9.783135957 -0.5 0.0048313 1.078518987 1.063 45.9676863 4065.36927 1.136 -3.644 -4.391 -4.555 -2.782 -3.833 -4.55
thin6 5 thin_disk 9.783135957 -0.5 0.0048313 1.078551054 1.062 48.61302483 4038.313213 1.087 -3.742 -4.499 -4.667 -2.869 -3.936 -4.663
thin6 5 thin_disk 9.783135957 -0.5 0.0048313 1.078581333 1.06 51.49352764 4010.513661 1.038 -3.841 -4.607 -4.78 -2.957 -4.039 -4.775
thin6 5 thin_disk 9.783135957 -0.5 0.0048313 1.07861042 1.059 54.56983553 3981.988487 0.987 -3.942 -4.718 -4.896 -3.046 -4.145 -4.891
thin6 5 thin_disk 9.783135957 -0.5 0.0048313 1.078642607 1.058 58.3919051 3948.20778 0.927 -4.061 -4.848 -5.032 -3.15 -4.27 -5.028
thin6 5 thin_disk 9.783135957 -0.5 0.0048313 1.078672409 1.056 62.55364842 3914.713648 0.866 -4.179 -4.978 -5.169 -3.254 -4.394 -5.164
thin6 5 thin_disk 9.783135957 -0.5 0.0048313 1.078700066 1.054 66.934904 3881.50366 0.806 -4.298 -5.108 -5.305 -3.358 -4.518 -5.3
thin6 5 thin_disk 9.783135957 -0.5 0.0048313 1.078721523 1.052 70.85208661 3853.896082 0.757 -4.395 -5.214 -5.416 -3.442 -4.62 -5.411
thin6 5 thin_disk 9.783135957 -0.5 0.0048313 1.078745246 1.05 75.72733002 3821.202032 0.698 -4.508 -5.339 -5.548 -3.541 -4.739 -5.543
thin6 5 thin_disk 9.783135957 -0.5 0.0048313 1.078766823 1.047 80.78907671 3787.913038 0.641 -4.619 -5.461 -5.676 -3.636 -4.855 -5.671
thin6 5 thin_disk 9.783135957 -0.5 0.0048313 1.078787327 1.044 86.24871728 3755.778747 0.583 -4.731 -5.584 -5.805 -3.732 -4.973 -5.8
thin6 5 thin_disk 9.783135957 -0.5 0.0048313 1.07880652 1.041 92.05611547 3722.20253 0.525 -4.842 -5.706 -5.934 -3.826 -5.089 -5.928
thin6 5 thin_disk 9.783135957 -0.5 0.0048313 1.078824282 1.037 98.20930662 3689.775986 0.467 -4.952 -5.826 -6.061 -3.918 -5.205 -6.055
thin6 5 thin_disk 9.783135957 -0.5 0.0048313 1.078840733 1.034 104.580965 3656.789826 0.41 -5.061 -5.945 -6.187 -4.009 -5.319 -6.181
thin6 5 thin_disk 9.783135957 -0.5 0.0048313 1.078855991 1.029 111.4173038 3623.264176 0.354 -5.168 -6.061 -6.309 -4.095 -5.43 -6.303
thin6 5 thin_disk 9.783135957 -0.5 0.0048313 1.078870177 1.025 118.3184972 3591.699548 0.299 -5.272 -6.173 -6.428 -4.178 -5.538 -6.421
thin6 5 thin_disk 9.783135957 -0.5 0.0048313 1.078883409 1.02 125.3004541 3561.229809 0.248 -5.369 -6.277 -6.539 -4.254 -5.639 -6.532
thin6 5 thin_disk 9.783135957 -0.5 0.0048313 1.078888774 1.018 128.0125783 3549.768245 0.228 -5.405 -6.317 -6.581 -4.283 -5.677 -6.573
thin6 5 thin_disk 9.783135957 -0.5 0.0048313 1.078888774 1.018 10.22474875 4983.10456 2.424 -1.015 -1.513 -1.587 -4.283 -5.677 -6.573
thin6 5 thin_disk 9.783135957 -0.5 0.0048313 1.079024911 1.018 10.39328041 4973.933791 2.41 -1.045 -1.546 -1.62 -0.48 -1.138 -1.617
thin6 5 thin_disk 9.783135957 -0.5 0.0048313 1.079166532 1.018 10.45568871 4970.499106 2.404 -1.058 -1.56 -1.634 -0.492 -1.151 -1.632
thin6 5 thin_disk 9.783135957 -0.5 0.0048313 1.079309464 1.018 10.47496655 4971.643737 2.402 -1.063 -1.564 -1.638 -0.497 -1.156 -1.636
thin6 5 thin_disk 9.783135957 -0.5 0.0048313 1.079452991 1.019 10.46532319 4973.933791 2.404 -1.062 -1.562 -1.637 -0.497 -1.155 -1.634
thin6 5 thin_disk 9.783135957 -0.5 0.0048313 1.079599738 1.019 10.44125362 4979.663542 2.406 -1.059 -1.558 -1.632 -0.495 -1.151 -1.629
thin6 5 thin_disk 9.783135957 -0.5 0.0048313 1.079744816 1.019 10.41004591 4984.252094 2.409 -1.055 -1.553 -1.627 -0.492 -1.147 -1.624
thin6 5 thin_disk 9.783135957 -0.5 0.0048313 1.079890847 1.019 10.37893148 4988.844875 2.411 -1.051 -1.547 -1.621 -0.49 -1.143 -1.619
thin6 5 thin_disk 9.783135957 -0.5 0.0048313 1.080036283 1.019 10.34314576 4994.591802 2.414 -1.048 -1.542 -1.616 -0.487 -1.138 -1.613
thin6 5 thin_disk 9.783135957 -0.5 0.0048313 1.08018446 1.019 10.31223128 4999.19411 2.417 -1.044 -1.538 -1.611 -0.485 -1.135 -1.609
thin6 5 thin_disk 9.783135957 -0.5 0.0048313 1.080317736 1.02 10.29325294 5003.800659 2.418 -1.042 -1.535 -1.608 -0.484 -1.132 -1.605
thin6 5 thin_disk 9.783135957 -0.5 0.0048313 1.080452204 1.02 10.2790421 5007.258356 2.42 -1.041 -1.532 -1.605 -0.483 -1.13 -1.603
thin6 5 thin_disk 9.783135957 -0.5 0.0048313 1.080587506 1.02 10.26485088 5010.718443 2.421 -1.039 -1.53 -1.603 -0.483 -1.129 -1.6
thin6 5 thin_disk 9.783135957 -0.5 0.0048313 1.080723405 1.02 10.25067926 5014.18092 2.423 -1.038 -1.528 -1.601 -0.482 -1.127 -1.598
thin6 5 thin_disk 9.783135957 -0.5 0.0048313 1.080866814 1.02 10.24124238 5016.490568 2.424 -1.038 -1.526 -1.599 -0.482 -1.126 -1.596
thin6 5 thin_disk 9.783135957 -0.5 0.0048313 1.080913663 1.02 10.2365272 5017.64579 2.424 -1.037 -1.526 -1.599 -0.482 -1.126 -1.596
thin6 5 thin_disk 9.783135957 -0.5 0.0048313 1.080987573 1.02 10.23181419 5018.801279 2.424 -1.037 -1.526 -1.598 -0.483 -1.126 -1.596
thin6 5 thin_disk 9.783135957 -0.5 0.0048313 1.081120491 1.021 10.22239468 5021.113055 2.425 -1.038 -1.525 -1.598 -0.483 -1.126 -1.595
thin6 5 thin_disk 9.783135957 -0.5 0.0048313 1.081252098 1.021 10.22474875 5023.425895 2.425 -1.038 -1.525 -1.598 -0.484 -1.126 -1.595
thin6 5 thin_disk 9.783135957 -0.5 0.0048313 1.081388593 1.021 10.23181419 5024.582715 2.425 -1.039 -1.526 -1.598 -0.486 -1.127 -1.596
thin6 5 thin_disk 9.783135957 -0.5 0.0048313 1.081523895 1.021 10.22710335 5025.739801 2.425 -1.041 -1.527 -1.6 -0.488 -1.129 -1.597
thin6 5 thin_disk 9.783135957 -0.5 0.0048313 1.081655145 1.021 10.23417043 5026.897154 2.424 -1.043 -1.529 -1.602 -0.49 -1.131 -1.599
thin6 5 thin_disk 9.783135957 -0.5 0.0048313 1.081800222 1.021 10.25776263 5026.897154 2.423 -1.047 -1.533 -1.605 -0.494 -1.134 -1.602
thin6 5 thin_disk 9.783135957 -0.5 0.0048313 1.081932187 1.021 10.26957911 5026.897154 2.421 -1.05 -1.537 -1.609 -0.498 -1.138 -1.606
thin6 5 thin_disk 9.783135957 -0.5 0.0048313 1.081941962 1.022 10.26957911 5026.897154 2.421 -1.051 -1.537 -1.609 -0.498 -1.138 -1.607
thin6 5 thin_disk 9.783135957 -0.5 0.0048313 1.081993699 1.022 10.28614506 5025.739801 2.42 -1.053 -1.539 -1.611 -0.5 -1.14 -1.609
thin6 5 thin_disk 9.783135957 -0.5 0.0048313 1.082140565 1.022 10.31460604 5024.582715 2.417 -1.059 -1.546 -1.618 -0.506 -1.147 -1.616
thin6 5 thin_disk 9.783135957 -0.5 0.0048313 1.082282186 1.022 10.35983038 5022.269342 2.414 -1.067 -1.554 -1.627 -0.513 -1.155 -1.624
thin6 5 thin_disk 9.783135957 -0.5 0.0048313 1.082425594 1.022 10.41004591 5018.801279 2.409 -1.076 -1.565 -1.637 -0.522 -1.165 -1.635
thin6 5 thin_disk 9.783135957 -0.5 0.0048313 1.082572818 1.022 10.48944825 5014.18092 2.404 -1.088 -1.578 -1.651 -0.533 -1.177 -1.648
thin6 5 thin_disk 9.783135957 -0.5 0.0048313 1.082717538 1.022 10.56702281 5007.258356 2.397 -1.102 -1.593 -1.666 -0.545 -1.192 -1.664
thin6 5 thin_disk 9.783135957 -0.5 0.0048313 1.082862258 1.023 10.66971072 5000.34535 2.389 -1.119 -1.611 -1.685 -0.56 -1.209 -1.682
thin6 5 thin_disk 9.783135957 -0.5 0.0048313 1.083004117 1.023 10.73872312 4995.741982 2.383 -1.131 -1.625 -1.699 -0.571 -1.222 -1.696
thin6 5 thin_disk 9.783135957 -0.5 0.0048313 1.083144784 1.023 10.84307957 4988.844875 2.375 -1.148 -1.643 -1.717 -0.586 -1.239 -1.715
thin6 5 thin_disk 9.783135957 -0.5 0.0048313 1.083287597 1.023 11.09564734 4971.643737 2.355 -1.187 -1.687 -1.762 -0.621 -1.28 -1.759
thin6 5 thin_disk 9.783135957 -0.5 0.0048313 1.083429813 1.023 11.4749987 4945.383779 2.326 -1.247 -1.754 -1.83 -0.675 -1.342 -1.827
thin6 5 thin_disk 9.783135957 -0.5 0.0048313 1.083541155 1.023 12.17173938 4902.301301 2.275 -1.349 -1.867 -1.945 -0.766 -1.448 -1.942
thin6 5 thin_disk 9.783135957 -0.5 0.0048313 1.083595753 1.023 12.99429269 4855.120352 2.218 -1.464 -1.995 -2.075 -0.869 -1.568 -2.072
thin6 5 thin_disk 9.783135957 -0.5 0.0048313 1.083620787 1.023 13.83734104 4811.716153 2.163 -1.575 -2.119 -2.201 -0.968 -1.683 -2.198
thin6 5 thin_disk 9.783135957 -0.5 0.0048313 1.083633304 1.023 14.79969089 4766.504419 2.105 -1.695 -2.252 -2.336 -1.076 -1.808 -2.333
thin6 5 thin_disk 9.783135957 -0.5 0.0048313 1.083639383 1.023 15.7707608 4724.980277 2.05 -1.806 -2.375 -2.461 -1.176 -1.923 -2.458
thin6 5 thin_disk 9.783135957 -0.5 0.0048313 1.08364284 1.023 16.69754586 4688.133821 2 -1.908 -2.488 -2.576 -1.268 -2.03 -2.573
thin6 5 thin_disk 9.783135957 -0.5 0.0048313 1.083644033 1.023 17.09828866 4673.045396 1.979 -1.951 -2.534 -2.623 -1.307 -2.073 -2.62
thin6 5 thin_disk 9.783135957 -0.5 0.0048313 1.083645225 1.023 17.63407343 4654.789007 1.953 -2.005 -2.592 -2.682 -1.356 -2.129 -2.679
thin6 5 thin_disk 9.783135957 -0.5 0.0048313 1.083647728 1.023 18.76517612 4617.426595 1.899 -2.116 -2.71 -2.804 -1.456 -2.242 -2.801
thin6 5 thin_disk 9.783135957 -0.5 0.0048313 1.083649993 1.023 19.66765787 4588.809196 1.858 -2.2 -2.799 -2.896 -1.531 -2.328 -2.893
thin6 5 thin_disk 9.783135957 -0.5 0.0048313 1.083652258 1.023 20.06562284 4577.201167 1.841 -2.236 -2.837 -2.935 -1.563 -2.365 -2.932
thin6 5 thin_disk 9.783135957 -0.5 0.0048313 1.083654761 1.023 20.19540862 4572.98735 1.834 -2.249 -2.851 -2.949 -1.575 -2.378 -2.946
thin6 5 thin_disk 9.783135957 -0.5 0.0048313 1.083660364 1.023 19.73116121 4586.696458 1.855 -2.206 -2.806 -2.903 -1.537 -2.335 -2.9
thin6 5 thin_disk 9.783135957 -0.5 0.0048313 1.083664298 1.023 19.54126368 4593.037593 1.863 -2.19 -2.788 -2.884 -1.522 -2.317 -2.881
thin6 5 thin_disk 9.783135957 -0.5 0.0048313 1.083674312 1.023 19.32202523 4600.446664 1.873 -2.169 -2.766 -2.862 -1.504 -2.296 -2.859
thin6 5 thin_disk 9.783135957 -0.5 0.0048313 1.083734632 1.023 19.18459542 4603.625638 1.879 -2.156 -2.752 -2.848 -1.492 -2.283 -2.845
thin6 5 thin_disk 9.783135957 -0.5 0.0048313 1.083791375 1.022 19.51877891 4593.037593 1.864 -2.186 -2.784 -2.88 -1.518 -2.313 -2.877
thin6 5 thin_disk 9.783135957 -0.5 0.0048313 1.083847404 1.021 20.88106498 4551.976381 1.805 -2.306 -2.913 -3.013 -1.625 -2.437 -3.01
thin6 5 thin_disk 9.783135957 -0.5 0.0048313 1.083897352 1.02 22.36416279 4511.282253 1.745 -2.427 -3.042 -3.147 -1.732 -2.561 -3.144
thin6 5 thin_disk 9.783135957 -0.5 0.0048313 1.083940744 1.019 23.90301284 4473.011348 1.687 -2.544 -3.168 -3.277 -1.836 -2.681 -3.274
thin6 5 thin_disk 9.783135957 -0.5 0.0048313 1.083978534 1.017 25.53010758 4434.044016 1.629 -2.66 -3.291 -3.406 -1.938 -2.8 -3.403
thin6 5 thin_disk 9.783135957 -0.5 0.0048313 1.084011078 1.016 27.24285663 4397.440784 1.572 -2.774 -3.412 -3.532 -2.037 -2.916 -3.529
thin6 5 thin_disk 9.783135957 -0.5 0.0048313 1.08403945 1.014 29.03706019 4361.139714 1.516 -2.885 -3.531 -3.657 -2.134 -3.03 -3.653
thin6 5 thin_disk 9.783135957 -0.5 0.0048313 1.084064841 1.013 30.94942928 4325.13831 1.46 -2.997 -3.653 -3.783 -2.232 -3.146 -3.78
thin6 5 thin_disk 9.783135957 -0.5 0.0048313 1.084087849 1.011 32.98774622 4289.4341 1.403 -3.11 -3.777 -3.912 -2.332 -3.263 -3.908
thin6 5 thin_disk 9.783135957 -0.5 0.0048313 1.08410883 1.008 35.28195525 4249.129821 1.344 -3.224 -3.905 -4.044 -2.431 -3.383 -4.04
thin6 5 thin_disk 9.783135957 -0.5 0.0048313 1.084123731 1.006 37.28658807 4210.173564 1.295 -3.311 -4.006 -4.15 -2.504 -3.477 -4.146
thin6 5 thin_disk 9.783135957 -0.5 0.0048313 1.084142089 1.003 40.26731247 4150.496003 1.227 -3.429 -4.144 -4.296 -2.599 -3.604 -4.292
thin6 5 thin_disk 9.783135957 -0.5 0.0048313 1.084159493 1 42.98853497 4115.285784 1.169 -3.542 -4.269 -4.427 -2.699 -3.722 -4.423
thin6 5 thin_disk 9.783135957 -0.5 0.0048313 1.084176302 0.996 45.9676863 4079.434834 1.109 -3.656 -4.396 -4.558 -2.799 -3.842 -4.554
thin6 5 thin_disk 9.783135957 -0.5 0.0048313 1.084192038 0.991 49.09673872 4043.896205 1.049 -3.769 -4.522 -4.69 -2.898 -3.961 -4.686
thin6 5 thin_disk 9.783135957 -0.5 0.0048313 1.084206939 0.985 52.43878793 4008.667176 0.99 -3.88 -4.646 -4.82 -2.994 -4.078 -4.816
thin6 5 thin_disk 9.783135957 -0.5 0.0048313 1.084221721 0.978 56.0857646 3971.001033 0.928 -3.994 -4.772 -4.953 -3.093 -4.199 -4.948
thin6 5 thin_disk 9.783135957 -0.5 0.0048313 1.084234595 0.97 60.05548033 3933.688807 0.865 -4.11 -4.901 -5.088 -3.192 -4.32 -5.084
thin6 5 thin_disk 9.783135957 -0.5 0.0048313 1.084243894 0.963 64.30617008 3896.727173 0.803 -4.223 -5.027 -5.221 -3.289 -4.44 -5.217
thin6 5 thin_disk 9.783135957 -0.5 0.0048313 1.084250689 0.957 68.69935267 3860.112837 0.743 -4.334 -5.15 -5.352 -3.384 -4.557 -5.347
thin6 5 thin_disk 9.783135957 -0.5 0.0048313 1.084256887 0.95 73.74840718 3821.202032 0.678 -4.452 -5.282 -5.49 -3.484 -4.682 -5.485
thin6 5 thin_disk 9.783135957 -0.5 0.0048313 1.08426261 0.941 79.24149214 3780.941867 0.611 -4.571 -5.415 -5.631 -3.584 -4.808 -5.626
thin6 5 thin_disk 9.783135957 -0.5 0.0048313 1.084267378 0.933 84.67450078 3742.829122 0.549 -4.68 -5.537 -5.761 -3.674 -4.924 -5.756
thin6 5 thin_disk 9.783135957 -0.5 0.0048313 1.084272385 0.921 91.04427562 3699.985312 0.481 -4.798 -5.669 -5.902 -3.77 -5.049 -5.896
thin6 5 thin_disk 9.783135957 -0.5 0.0048313 1.084275484 0.912 94.7005813 3676.207358 0.443 -4.862 -5.74 -5.977 -3.82 -5.117 -5.971
thin6 5 thin_disk 9.783135957 -0.5 0.0048313 1.084276557 0.909 97.19695172 3660.159406 0.418 -4.905 -5.788 -6.029 -3.854 -5.162 -6.023
thin6 5 thin_disk 9.783135957 -0.5 0.0048313 1.084276676 0.909 97.71306695 3656.789826 0.414 -4.912 -5.796 -6.037 -3.86 -5.17 -6.031
thin6 5 thin_disk 9.783135957 -0.5 0.0048313 1.084277153 0.907 99.0267771 3649.21961 0.402 -4.934 -5.82 -6.064 -3.878 -5.193 -6.057
thin6 5 thin_disk 9.783135957 -0.5 0.0048313 1.084277272 0.907 100.035154 3643.342501 0.393 -4.951 -5.839 -6.083 -3.891 -5.211 -6.077
thin6 5 thin_disk 9.783135957 -0.5 0.0048313 1.08427763 0.905 102.294585 3629.944626 0.373 -4.987 -5.879 -6.126 -3.919 -5.249 -6.12
thin6 5 thin_disk 9.783135957 -0.5 0.0048313 1.084277987 0.904 104.6050484 3616.59602 0.352 -5.025 -5.921 -6.17 -3.948 -5.289 -6.164
thin6 5 thin_disk 9.783135957 -0.5 0.0048313 1.084278464 0.901 107.5356946 3599.97927 0.327 -5.07 -5.969 -6.222 -3.982 -5.335 -6.216
thin6 5 thin_disk 9.783135957 -0.5 0.0048313 1.084279537 0.896 112.8632741 3571.083458 0.283 -5.149 -6.056 -6.314 -4.041 -5.418 -6.308
thin6 5 thin_disk 9.783135957 -0.5 0.0048313 1.084280372 0.89 114.4070124 3561.229809 0.267 -5.171 -6.081 -6.342 -4.056 -5.442 -6.335
thin6 5 thin_disk 9.783135957 -0.5 0.0048313 1.084280491 0.889 114.5915635 3560.4099 0.266 -5.172 -6.082 -6.343 -4.056 -5.443 -6.336
thin6 5 thin_disk 9.783135957 -0.5 0.0048313 1.08428061 0.888 112.034723 3571.905825 0.285 -5.135 -6.041 -6.3 -4.027 -5.404 -6.293
thin6 5 thin_disk 9.783135957 -0.5 0.0048313 1.084280729 0.887 102.3181419 3619.095139 0.364 -4.977 -5.873 -6.121 -3.902 -5.241 -6.115
thin6 5 thin_disk 9.783135957 -0.5 0.0048313 1.084280848 0.887 103.1460604 3614.930899 0.357 -4.991 -5.887 -6.137 -3.914 -5.255 -6.131
thin6 5 thin_disk 9.783135957 -0.5 0.0048313 1.084280968 0.886 107.1649202 3595.837026 0.323 -5.058 -5.959 -6.213 -3.967 -5.324 -6.206
thin6 5 thin_disk 9.783135957 -0.5 0.0048313 1.084281087 0.886 108.0818189 3590.872624 0.316 -5.072 -5.974 -6.229 -3.978 -5.339 -6.222
thin6 5 thin_disk 9.783135957 -0.5 0.0048313 1.084281564 0.882 107.4119608 3591.699548 0.318 -5.061 -5.963 -6.218 -3.967 -5.328 -6.211
thin6 5 thin_disk 9.783135957 -0.5 0.0048313 1.084282041 0.879 114.3280102 3556.313186 0.264 -5.163 -6.075 -6.336 -4.045 -5.435 -6.329
thin6 5 thin_disk 9.783135957 -0.5 0.0048313 1.084282398 0.876 119.9368518 3528.580258 0.22 -5.243 -6.162 -6.43 -4.104 -5.519 -6.422
thin6 5 thin_disk 9.783135957 -0.5 0.0048313 1.084282756 0.872 126.081871 3499.45167 0.175 -5.325 -6.251 -6.526 -4.161 -5.604 -6.517
thin6 5 thin_disk 9.783135957 -0.5 0.0048313 1.084283113 0.868 130.7231923 3478.564015 0.141 -5.384 -6.316 -6.596 -4.202 -5.666 -6.587
thin6 5 thin_disk 9.783135957 -0.5 0.0048313 1.08428359 0.863 135.6602599 3456.209026 0.106 -5.446 -6.382 -6.667 -4.242 -5.73 -6.658
thin6 5 thin_disk 9.783135957 -0.5 0.0048313 1.084284186 0.856 141.3684983 3430.836328 0.067 -5.513 -6.454 -6.745 -4.282 -5.799 -6.736
thin6 5 thin_disk 9.783135957 -0.5 0.0048313 1.08428514 0.845 147.3847825 3404.865806 0.025 -5.579 -6.526 -6.823 -4.318 -5.868 -6.813
thin6 5 thin_disk 9.783135957 -0.5 0.0048313 1.084285498 0.84 149.4007043 3395.4708 0.01 -5.601 -6.55 -6.849 -4.33 -5.891 -6.84
thin6 5 thin_disk 9.783135957 -0.5 0.0048313 1.084285617 0.839 138.4371484 3445.085463 0.077 -5.479 -6.417 -6.706 -4.263 -5.764 -6.697
thin6 5 thin_disk 9.783135957 -0.5 0.0048313 1.084285736 0.839 95.488846 3627.438015 0.399 -4.834 -5.728 -5.975 -3.766 -5.097 -5.969
thin6 5 thin_disk 9.783135957 -0.5 0.0048313 1.084285736 0.838 77.45556832 3752.321139 0.581 -4.494 -5.348 -5.57 -3.766 -5.097 -5.969
thin6 5 thin_disk 9.783135957 -0.5 0.0048313 1.084285974 0.836 56.65687868 3946.389982 0.851 -3.995 -4.78 -4.967 -3.082 -4.203 -4.962
thin6 5 thin_disk 9.783135957 -0.5 0.0048313 1.084286213 0.834 57.96323885 3930.972449 0.83 -4.031 -4.822 -5.011 -3.111 -4.242 -5.006
thin6 5 thin_disk 9.783135957 -0.5 0.0048313 1.08428657 0.83 70.54279205 3807.150104 0.658 -4.342 -5.177 -5.389 -3.368 -4.575 -5.384
thin6 5 thin_disk 9.783135957 -0.5 0.0048313 1.084286928 0.826 92.24708361 3644.181508 0.423 -4.774 -5.663 -5.906 -3.715 -5.034 -5.9
thin6 5 thin_disk 9.783135957 -0.5 0.0048313 1.084287405 0.822 115.5187936 3511.559245 0.225 -5.145 -6.069 -6.34 -3.992 -5.423 -6.332
thin6 5 thin_disk 9.783135957 -0.5 0.0048313 1.084288001 0.816 133.4297416 3429.256733 0.096 -5.385 -6.328 -6.617 -4.153 -5.672 -6.608
thin6 5 thin_disk 9.783135957 -0.5 0.0048313 1.084288597 0.81 143.7317273 3386.881486 0.029 -5.507 -6.459 -6.759 -4.227 -5.798 -6.749
thin6 5 thin_disk 9.783135957 -0.5 0.0048313 1.084289312 0.803 148.2697806 3367.441036 -0.002 -5.56 -6.514 -6.819 -4.25 -5.851 -6.809
thin6 5 thin_disk 9.783135957 -0.5 0.0048313 1.084290147 0.796 150.6095964 3356.603167 -0.02 -5.585 -6.54 -6.848 -4.258 -5.876 -6.837
thin6 5 thin_disk 9.783135957 -0.5 0.0048313 1.084290147 0.795 111.7770503 3522.89744 0.239 -5.084 -6.005 -6.273 -4.258 -5.876 -6.837
thin6 5 thin_disk 9.783135957 -0.5 0.0048313 1.084290266 0.794 82.99513675 3696.579068 0.497 -4.593 -5.466 -5.699 -3.564 -4.845 -5.693
thin6 5 thin_disk 9.783135957 -0.5 0.0048313 1.084290504 0.791 60.77887328 3887.764949 0.766 -4.094 -4.9 -5.096 -3.156 -4.312 -5.092
thin6 5 thin_disk 9.783135957 -0.5 0.0048313 1.084290862 0.786 62.18027592 3872.576449 0.743 -4.131 -4.942 -5.142 -3.186 -4.352 -5.137
thin6 5 thin_disk 9.783135957 -0.5 0.0048313 1.08429122 0.781 75.58796353 3750.593529 0.571 -4.441 -5.295 -5.518 -3.439 -4.684 -5.512
thin6 5 thin_disk 9.783135957 -0.5 0.0048313 1.084291816 0.774 98.73079745 3590.04589 0.335 -4.874 -5.778 -6.032 -3.78 -5.142 -6.025
thin6 5 thin_disk 9.783135957 -0.5 0.0048313 1.084292293 0.766 123.5812674 3460.190425 0.136 -5.244 -6.181 -6.464 -4.045 -5.528 -6.455
thin6 5 thin_disk 9.783135957 -0.5 0.0048313 1.084293008 0.757 142.7094212 3377.536103 0.006 -5.485 -6.437 -6.74 -4.19 -5.776 -6.73
thin6 5 thin_disk 9.783135957 -0.5 0.0048313 1.084293842 0.747 153.798693 3335.031959 -0.065 -5.61 -6.568 -6.882 -4.248 -5.902 -6.872
thin6 5 thin_disk 9.783135957 -0.5 0.0048313 1.084294677 0.736 158.8373544 3315.889122 -0.1 -5.663 -6.625 -6.945 -4.27 -5.957 -6.934
thin6 5 thin_disk 9.783135957 -0.5 0.0048313 1.08429563 0.724 161.455426 3305.978311 -0.122 -5.69 -6.653 -6.976 -4.276 -5.984 -6.964
thin6 5 thin_disk 9.783135957 -0.5 0.0048313 1.08429563 0.723 120.8516669 3468.965654 0.13 -5.203 -6.138 -6.42 -4.276 -5.984 -6.964
thin6 5 thin_disk 9.783135957 -0.5 0.0048313 1.084295869 0.721 89.54733076 3645.860102 0.389 -4.713 -5.6 -5.845 -3.654 -4.973 -5.839
thin6 5 thin_disk 9.783135957 -0.5 0.0048313 1.084296107 0.716 65.27586639 3843.262072 0.661 -4.21 -5.03 -5.236 -3.251 -4.435 -5.231
thin6 5 thin_disk 9.783135957 -0.5 0.0048313 1.084296465 0.71 66.79633665 3830.010812 0.638 -4.248 -5.072 -5.28 -3.282 -4.475 -5.276
thin6 5 thin_disk 9.783135957 -0.5 0.0048313 1.084296942 0.703 81.03126985 3711.077295 0.465 -4.556 -5.421 -5.653 -3.533 -4.804 -5.648
thin6 5 thin_disk 9.783135957 -0.5 0.0048313 1.084297419 0.694 105.4271933 3553.039208 0.23 -4.986 -5.898 -6.162 -3.864 -5.258 -6.154
thin6 5 thin_disk 9.783135957 -0.5 0.0048313 1.084298134 0.683 131.5384272 3426.099725 0.031 -5.351 -6.294 -6.588 -4.112 -5.638 -6.58
thin6 5 thin_disk 9.783135957 -0.5 0.0048313 1.084298849 0.671 151.5488499 3348.112174 -0.1 -5.588 -6.545 -6.86 -4.241 -5.88 -6.85
thin6 5 thin_disk 9.783135957 -0.5 0.0048313 1.084299803 0.657 162.7243872 3312.07376 -0.17 -5.707 -6.67 -6.997 -4.299 -6.001 -6.986
thin6 5 thin_disk 9.783135957 -0.5 0.0048313 1.084300757 0.642 167.321845 3302.174353 -0.204 -5.756 -6.72 -7.054 -4.322 -6.05 -7.042
thin6 5 thin_disk 9.783135957 -0.5 0.0048313 1.084301829 0.626 168.9089433 3303.69541 -0.224 -5.776 -6.741 -7.078 -4.34 -6.07 -7.066
thin6 5 thin_disk 9.783135957 -0.5 0.0048313 1.084306955 0.514 3.335436253e-06 10000 1.781 30.036 30.057 30.065 30.007 30.05 30.064
