# component component_index family logAge MH Zini Mini Mass radius_rsun Teff_K logg Vmag Imag Jmag_2mass Hmag_2mass Ksmag_2mass
thin6 5 thin_disk 9.783135957 -0.25 0.0084736 0.0900000036 0.09 0.1164803441 2424.934431 5.257 17.926 13.421 11.034 10.494 10.262
thin6 5 thin_disk 9.783135957 -0.25 0.0084736 0.1000000015 0.1 0.1282190766 2591.791135 5.22 17.409 12.925 10.539 9.999 9.762
thin6 5 thin_disk 9.783135957 -0.25 0.0084736 0.1200000048 0.12 0.1493319186 2795.760728 5.166 15.793 11.949 9.957 9.4 9.148
thin6 5 thin_disk 9.783135957 -0.25 0.0084736 0.1400000006 0.14 0.1687923054 2923.479144 5.127 14.76 11.322 9.552 8.986 8.732
thin6 5 thin_disk 9.783135957 -0.25 0.0084736 0.157428652 0.157 0.1845239084 3004.692272 5.1 14.124 10.922 9.27 8.701 8.449
thin6 5 thin_disk 9.783135957 -0.25 0.0084736 0.1599999964 0.16 0.1867895797 3015.782384 5.097 14.037 10.867 9.231 8.661 8.41
thin6 5 thin_disk 9.783135957 -0.25 0.0084736 0.1960812807 0.196 0.2172464282 3134.007273 5.053 13.132 10.275 8.783 8.208 7.963
thin6 5 thin_disk 9.783135957 -0.25 0.0084736 0.200000003 0.2 0.2206747508 3145.574677 5.049 13.048 10.218 8.739 8.164 7.919
thin6 5 thin_disk 9.783135957 -0.25 0.0084736 0.25 0.25 0.2610072944 3254.617835 5 12.242 9.641 8.264 7.685 7.447
thin6 5 thin_disk 9.783135957 -0.25 0.0084736 0.3000000119 0.3 0.3008518212 3333.496473 4.956 11.655 9.194 7.88 7.297 7.064
thin6 5 thin_disk 9.783135957 -0.25 0.0084736 0.3500000536 0.35 0.3440746247 3400.165058 4.906 11.151 8.791 7.523 6.934 6.706
thin6 5 thin_disk 9.783135957 -0.25 0.0084736 0.3671047688 0.367 0.3590481099 3431.626398 4.889 10.966 8.649 7.401 6.809 6.583
thin6 5 thin_disk 9.783135957 -0.25 0.0084736 0.4000000358 0.4 0.3881080447 3488.188934 4.86 10.635 8.394 7.181 6.584 6.361
thin6 5 thin_disk 9.783135957 -0.25 0.0084736 0.4246080816 0.424 0.412432276 3543.235349 4.832 10.35 8.178 6.998 6.396 6.176
thin6 5 thin_disk 9.783135957 -0.25 0.0084736 0.4500000179 0.45 0.4379783517 3598.3218 4.806 10.076 7.971 6.821 6.214 5.996
thin6 5 thin_disk 9.783135957 -0.25 0.0084736 0.5 0.5 0.4908543508 3746.277983 4.753 9.46 7.524 6.449 5.829 5.621
thin6 5 thin_disk 9.783135957 -0.25 0.0084736 0.5304173827 0.53 0.5241464453 3869.011317 4.721 9.04 7.228 6.206 5.574 5.378
thin6 5 thin_disk 9.783135957 -0.25 0.0084736 0.5500000119 0.55 0.5454471098 3946.389982 4.702 8.795 7.05 6.056 5.415 5.231
thin6 5 thin_disk 9.783135957 -0.25 0.0084736 0.5529853702 0.553 0.5480909673 3961.867984 4.7 8.753 7.021 6.032 5.39 5.208
thin6 5 thin_disk 9.783135957 -0.25 0.0084736 0.6000000238 0.6 0.5904085592 4202.425277 4.671 8.136 6.591 5.675 5.018 4.877
thin6 5 thin_disk 9.783135957 -0.25 0.0084736 0.6015884876 0.601 0.5917695915 4212.112868 4.671 8.113 6.576 5.663 5.006 4.866
thin6 5 thin_disk 9.783135957 -0.25 0.0084736 0.6499999762 0.65 0.626401292 4517.519127 4.654 7.437 6.135 5.314 4.697 4.594
thin6 5 thin_disk 9.783135957 -0.25 0.0084736 0.6525557637 0.652 0.628568546 4533.149061 4.653 7.402 6.113 5.297 4.684 4.582
thin6 5 thin_disk 9.783135957 -0.25 0.0084736 0.7000001073 0.7 0.6644352194 4831.700432 4.636 6.807 5.705 4.985 4.456 4.372
thin6 5 thin_disk 9.783135957 -0.25 0.0084736 0.7090541124 0.709 0.6716648867 4886.523593 4.632 6.704 5.63 4.928 4.414 4.332
thin6 5 thin_disk 9.783135957 -0.25 0.0084736 0.7354966998 0.735 0.6941489081 5047.775135 4.619 6.416 5.42 4.765 4.293 4.218
thin6 5 thin_disk 9.783135957 -0.25 0.0084736 0.75 0.75 0.7070540998 5135.704178 4.611 6.265 5.308 4.677 4.227 4.156
thin6 5 thin_disk 9.783135957 -0.25 0.0084736 0.7616352439 0.761 0.719204912 5198.762768 4.603 6.153 5.221 4.607 4.171 4.103
thin6 5 thin_disk 9.783135957 -0.25 0.0084736 0.7875497937 0.787 0.7475713427 5339.492736 4.584 5.909 5.03 4.451 4.048 3.984
thin6 5 thin_disk 9.783135957 -0.25 0.0084736 0.7983130813 0.798 0.7598933516 5397.591336 4.576 5.81 4.952 4.388 3.997 3.935
thin6 5 thin_disk 9.783135957 -0.25 0.0084736 0.8140617609 0.814 0.779745083 5477.722157 4.562 5.67 4.839 4.294 3.919 3.86
thin6 5 thin_disk 9.783135957 -0.25 0.0084736 0.8344983459 0.834 0.8071470147 5579.560615 4.542 5.492 4.696 4.174 3.818 3.763
thin6 5 thin_disk 9.783135957 -0.25 0.0084736 0.8466261625 0.846 0.8246176855 5638.972803 4.53 5.389 4.612 4.102 3.758 3.705
thin6 5 thin_disk 9.783135957 -0.25 0.0084736 0.8641931415 0.863 0.8526143638 5717.418729 4.51 5.243 4.49 3.996 3.666 3.615
thin6 5 thin_disk 9.783135957 -0.25 0.0084736 0.8842559457 0.883 0.886855053 5806.30707 4.485 5.078 4.351 3.874 3.558 3.511
thin6 5 thin_disk 9.783135957 -0.25 0.0084736 0.8949391842 0.894 0.9068858899 5851.941824 4.471 4.99 4.277 3.809 3.5 3.455
thin6 5 thin_disk 9.783135957 -0.25 0.0084736 0.903619349 0.903 0.9248102719 5885.725453 4.459 4.919 4.215 3.754 3.451 3.407
thin6 5 thin_disk 9.783135957 -0.25 0.0084736 0.916718781 0.916 0.9520344082 5936.083482 4.439 4.812 4.123 3.672 3.376 3.334
thin6 5 thin_disk 9.783135957 -0.25 0.0084736 0.9289448857 0.928 0.9811889415 5979.983697 4.42 4.712 4.036 3.593 3.305 3.264
thin6 5 thin_disk 9.783135957 -0.25 0.0084736 0.9406588078 0.94 1.009840176 6021.434964 4.4 4.615 3.951 3.515 3.234 3.194
thin6 5 thin_disk 9.783135957 -0.25 0.0084736 0.9432522058 0.942 1.016371889 6029.759633 4.396 4.594 3.932 3.498 3.218 3.179
thin6 5 thin_disk 9.783135957 -0.25 0.0084736 0.9518752694 0.951 1.038849523 6057.591739 4.38 4.523 3.868 3.44 3.164 3.125
thin6 5 thin_disk 9.783135957 -0.25 0.0084736 0.9716972709 0.971 1.09812719 6116.45803 4.341 4.356 3.718 3.3 3.033 2.996
thin6 5 thin_disk 9.783135957 -0.25 0.0084736 0.9895682931 0.989 1.158117555 6161.692202 4.303 4.207 3.58 3.17 2.91 2.875
thin6 5 thin_disk 9.783135957 -0.25 0.0084736 0.9915652275 0.991 1.165071678 6164.53042 4.299 4.19 3.565 3.155 2.896 2.861
thin6 5 thin_disk 9.783135957 -0.25 0.0084736 1.004220009 1.003 1.210466138 6188.708114 4.271 4.088 3.469 3.063 2.808 2.772
thin6 5 thin_disk 9.783135957 -0.25 0.0084736 1.01866889 1.018 1.271899056 6210.120111 4.234 3.964 3.352 2.949 2.697 2.662
thin6 5 thin_disk 9.783135957 -0.25 0.0084736 1.030657888 1.029 1.329084658 6227.303035 4.201 3.855 3.247 2.847 2.598 2.563
thin6 5 thin_disk 9.783135957 -0.25 0.0084736 1.034532309 1.033 1.348815801 6231.606189 4.189 3.82 3.213 2.813 2.564 2.53
thin6 5 thin_disk 9.783135957 -0.25 0.0084736 1.039878368 1.039 1.381187518 6233.041235 4.172 3.768 3.162 2.763 2.515 2.48
thin6 5 thin_disk 9.783135957 -0.25 0.0084736 1.044960618 1.044 1.410433598 6235.912318 4.155 3.719 3.114 2.715 2.467 2.433
thin6 5 thin_disk 9.783135957 -0.25 0.0084736 1.056145787 1.055 1.488170341 6230.171474 4.113 3.606 3 2.601 2.353 2.318
thin6 5 thin_disk 9.783135957 -0.25 0.0084736 1.063925505 1.062 1.552217748 6217.273893 4.08 3.525 2.916 2.515 2.265 2.23
thin6 5 thin_disk 9.783135957 -0.25 0.0084736 1.071450353 1.07 1.621633266 6195.837231 4.044 3.444 2.831 2.426 2.173 2.138
thin6 5 thin_disk 9.783135957 -0.25 0.0084736 1.073721051 1.072 1.649121466 6183.010728 4.031 3.42 2.803 2.396 2.142 2.105
thin6 5 thin_disk 9.783135957 -0.25 0.0084736 1.08285284 1.081 1.766251911 6113.641945 3.974 3.322 2.689 2.269 2.005 1.967
thin6 5 thin_disk 9.783135957 -0.25 0.0084736 1.088191509 1.086 1.852476233 6049.228645 3.936 3.27 2.621 2.189 1.915 1.875
thin6 5 thin_disk 9.783135957 -0.25 0.0084736 1.093753934 1.092 1.964955163 5941.553335 3.887 3.231 2.553 2.101 1.808 1.765
thin6 5 thin_disk 9.783135957 -0.25 0.0084736 1.097754836 1.096 2.070869085 5794.286964 3.843 3.244 2.525 2.044 1.726 1.679
thin6 5 thin_disk 9.783135957 -0.25 0.0084736 1.100153804 1.098 2.148090848 5659.785862 3.812 3.289 2.531 2.022 1.681 1.628
thin6 5 thin_disk 9.783135957 -0.25 0.0084736 1.101815224 1.1 2.206747508 5542.427234 3.789 3.342 2.549 2.014 1.65 1.593
thin6 5 thin_disk 9.783135957 -0.25 0.0084736 1.10338068 1.101 2.279568488 5425.003216 3.762 3.391 2.562 1.999 1.611 1.551
thin6 5 thin_disk 9.783135957 -0.25 0.0084736 1.10494411 1.103 2.376033967 5319.857509 3.726 3.412 2.55 1.961 1.549 1.486
thin6 5 thin_disk 9.783135957 -0.25 0.0084736 1.106823087 1.105 2.526693975 5221.55672 3.674 3.388 2.493 1.878 1.443 1.376
thin6 5 thin_disk 9.783135957 -0.25 0.0084736 1.108378291 1.106 2.678259443 5162.974737 3.623 3.327 2.412 1.781 1.332 1.263
thin6 5 thin_disk 9.783135957 -0.25 0.0084736 1.108620286 1.106 2.707401373 5155.846749 3.615 3.313 2.396 1.763 1.312 1.243
thin6 5 thin_disk 9.783135957 -0.25 0.0084736 1.110077858 1.108 2.877747232 5120.354149 3.561 3.22 2.291 1.648 1.188 1.118
thin6 5 thin_disk 9.783135957 -0.25 0.0084736 1.111444831 1.109 3.064450742 5092.136068 3.508 3.118 2.18 1.528 1.062 0.991
thin6 5 thin_disk 9.783135957 -0.25 0.0084736 1.112953782 1.111 3.292703648 5067.572842 3.445 2.99 2.042 1.383 0.911 0.838
thin6 5 thin_disk 9.783135957 -0.25 0.0084736 1.114188552 1.112 3.516840279 5046.612976 3.389 2.873 1.918 1.253 0.776 0.702
thin6 5 thin_disk 9.783135957 -0.25 0.0084736 1.115136504 1.113 3.708964229 5031.52923 3.343 2.775 1.815 1.146 0.664 0.59
thin6 5 thin_disk 9.783135957 -0.25 0.0084736 1.116242528 1.114 3.968739968 5011.872336 3.285 2.651 1.685 1.01 0.524 0.449
thin6 5 thin_disk 9.783135957 -0.25 0.0084736 1.117250204 1.115 4.248666524 4991.142852 3.226 2.529 1.555 0.873 0.382 0.306
thin6 5 thin_disk 9.783135957 -0.25 0.0084736 1.118198395 1.116 4.558822099 4970.499106 3.165 2.402 1.42 0.731 0.234 0.157
thin6 5 thin_disk 9.783135957 -0.25 0.0084736 1.119009376 1.116 4.876998756 4948.801109 3.107 2.284 1.293 0.598 0.094 0.017
thin6 5 thin_disk 9.783135957 -0.25 0.0084736 1.119732737 1.117 5.211378835 4927.197832 3.049 2.168 1.168 0.466 -0.043 -0.122
thin6 5 thin_disk 9.783135957 -0.25 0.0084736 1.120389462 1.118 5.573816217 4903.430228 2.992 2.052 1.044 0.334 -0.181 -0.261
thin6 5 thin_disk 9.783135957 -0.25 0.0084736 1.121000767 1.118 5.971076631 4878.653792 2.932 1.936 0.917 0.2 -0.322 -0.403
thin6 5 thin_disk 9.783135957 -0.25 0.0084736 1.121542335 1.119 6.381938942 4854.002548 2.874 1.822 0.793 0.068 -0.461 -0.543
thin6 5 thin_disk 9.783135957 -0.25 0.0084736 1.122033 1.119 6.832075309 4828.363965 2.815 1.709 0.669 -0.064 -0.6 -0.684
thin6 5 thin_disk 9.783135957 -0.25 0.0084736 1.122466207 1.119 7.308910517 4801.75503 2.757 1.6 0.55 -0.192 -0.736 -0.82
thin6 5 thin_disk 9.783135957 -0.25 0.0084736 1.122853518 1.12 7.788478849 4776.392415 2.701 1.495 0.434 -0.317 -0.867 -0.954
thin6 5 thin_disk 9.783135957 -0.25 0.0084736 1.123221517 1.12 8.335902856 4748.976276 2.643 1.388 0.315 -0.445 -1.004 -1.091
thin6 5 thin_disk 9.783135957 -0.25 0.0084736 1.123555064 1.12 8.901283738 4721.717503 2.586 1.284 0.198 -0.571 -1.138 -1.227
thin6 5 thin_disk 9.783135957 -0.25 0.0084736 1.123869061 1.12 9.520344082 4693.534343 2.528 1.179 0.081 -0.699 -1.274 -1.364
thin6 5 thin_disk 9.783135957 -0.25 0.0084736 1.12416327 1.121 10.17542704 4664.445252 2.47 1.077 -0.035 -0.824 -1.407 -1.5
thin6 5 thin_disk 9.783135957 -0.25 0.0084736 1.124467373 1.121 10.82810965 4637.671681 2.416 0.981 -0.145 -0.943 -1.534 -1.629
thin6 5 thin_disk 9.783135957 -0.25 0.0084736 1.124738336 1.121 11.24223463 4622.745665 2.383 0.923 -0.211 -1.015 -1.61 -1.705
thin6 5 thin_disk 9.783135957 -0.25 0.0084736 1.12493813 1.121 10.82063244 4641.945102 2.417 0.977 -0.147 -0.943 -1.533 -1.627
thin6 5 thin_disk 9.783135957 -0.25 0.0084736 1.125079632 1.121 10.29562332 4666.593803 2.46 1.047 -0.063 -0.852 -1.434 -1.527
thin6 5 thin_disk 9.783135957 -0.25 0.0084736 1.125136614 1.121 10.07285645 4677.351413 2.478 1.077 -0.028 -0.813 -1.392 -1.484
thin6 5 thin_disk 9.783135957 -0.25 0.0084736 1.125230432 1.121 10.35983038 4665.519404 2.455 1.036 -0.075 -0.864 -1.446 -1.539
thin6 5 thin_disk 9.783135957 -0.25 0.0084736 1.125460744 1.121 11.04721089 4636.603941 2.398 0.939 -0.188 -0.987 -1.578 -1.672
thin6 5 thin_disk 9.783135957 -0.25 0.0084736 1.125687242 1.121 11.81279439 4606.806808 2.341 0.84 -0.302 -1.112 -1.711 -1.808
thin6 5 thin_disk 9.783135957 -0.25 0.0084736 1.125892639 1.121 12.59657987 4578.255228 2.285 0.745 -0.413 -1.232 -1.84 -1.938
thin6 5 thin_disk 9.783135957 -0.25 0.0084736 1.126084089 1.121 13.42309441 4548.833073 2.229 0.651 -0.522 -1.353 -1.969 -2.07
thin6 5 thin_disk 9.783135957 -0.25 0.0084736 1.126258016 1.121 14.30384004 4519.6 2.174 0.561 -0.63 -1.471 -2.096 -2.199
thin6 5 thin_disk 9.783135957 -0.25 0.0084736 1.126418829 1.121 15.24237509 4490.554794 2.119 0.471 -0.736 -1.588 -2.222 -2.327
thin6 5 thin_disk 9.783135957 -0.25 0.0084736 1.126569867 1.121 16.24997304 4460.669021 2.063 0.381 -0.843 -1.706 -2.35 -2.457
thin6 5 thin_disk 9.783135957 -0.25 0.0084736 1.126706839 1.121 17.31620206 4432.002534 2.008 0.295 -0.948 -1.823 -2.475 -2.585
thin6 5 thin_disk 9.783135957 -0.25 0.0084736 1.126831651 1.121 18.41843157 4402.506441 1.954 0.208 -1.05 -1.937 -2.595 -2.709
thin6 5 thin_disk 9.783135957 -0.25 0.0084736 1.126947284 1.121 19.61338913 4373.206652 1.899 0.12 -1.152 -2.051 -2.714 -2.833
thin6 5 thin_disk 9.783135957 -0.25 0.0084736 1.127053857 1.121 20.89549409 4343.101709 1.845 0.035 -1.253 -2.165 -2.832 -2.956
thin6 5 thin_disk 9.783135957 -0.25 0.0084736 1.127152324 1.12 22.2614088 4313.204007 1.79 -0.05 -1.353 -2.278 -2.95 -3.079
thin6 5 thin_disk 9.783135957 -0.25 0.0084736 1.12724185 1.12 23.65117082 4284.498548 1.737 -0.133 -1.45 -2.388 -3.065 -3.2
thin6 5 thin_disk 9.783135957 -0.25 0.0084736 1.1273247 1.12 25.1682283 4255.004268 1.683 -0.215 -1.547 -2.498 -3.18 -3.32
thin6 5 thin_disk 9.783135957 -0.25 0.0084736 1.127400756 1.119 26.73946076 4226.686143 1.63 -0.294 -1.641 -2.606 -3.293 -3.439
thin6 5 thin_disk 9.783135957 -0.25 0.0084736 1.127471685 1.119 28.43496152 4196.62342 1.576 -0.373 -1.736 -2.715 -3.407 -3.559
thin6 5 thin_disk 9.783135957 -0.25 0.0084736 1.127537131 1.119 30.22404901 4167.734068 1.523 -0.452 -1.829 -2.823 -3.52 -3.678
thin6 5 thin_disk 9.783135957 -0.25 0.0084736 1.127596736 1.118 32.12570336 4139.043588 1.47 -0.523 -1.921 -2.93 -3.634 -3.798
thin6 5 thin_disk 9.783135957 -0.25 0.0084736 1.12765336 1.118 34.162736 4109.604233 1.417 -0.594 -2.017 -3.04 -3.754 -3.922
thin6 5 thin_disk 9.783135957 -0.25 0.0084736 1.127703786 1.117 36.22869119 4081.313916 1.365 -0.661 -2.108 -3.145 -3.868 -4.041
thin6 5 thin_disk 9.783135957 -0.25 0.0084736 1.127751112 1.116 38.48155781 4052.285168 1.313 -0.725 -2.199 -3.251 -3.983 -4.161
thin6 5 thin_disk 9.783135957 -0.25 0.0084736 1.127795816 1.116 40.87451804 4023.46289 1.26 -0.789 -2.291 -3.358 -4.099 -4.281
thin6 5 thin_disk 9.783135957 -0.25 0.0084736 1.127835035 1.115 43.2964855 3995.765566 1.21 -0.848 -2.376 -3.458 -4.208 -4.396
thin6 5 thin_disk 9.783135957 -0.25 0.0084736 1.127873182 1.114 45.93594391 3967.345289 1.158 -0.907 -2.465 -3.562 -4.322 -4.514
thin6 5 thin_disk 9.783135957 -0.25 0.0084736 1.127907991 1.113 48.68023262 3939.127154 1.108 -0.962 -2.551 -3.663 -4.432 -4.629
thin6 5 thin_disk 9.783135957 -0.25 0.0084736 1.127940059 1.113 51.5291104 3911.109724 1.058 -1.013 -2.634 -3.762 -4.54 -4.743
thin6 5 thin_disk 9.783135957 -0.25 0.0084736 1.127970576 1.112 54.56983553 3882.397512 1.007 -1.063 -2.718 -3.862 -4.65 -4.858
thin6 5 thin_disk 9.783135957 -0.25 0.0084736 1.127998471 1.11 57.73679135 3855.671276 0.958 -1.105 -2.798 -3.96 -4.756 -4.969
thin6 5 thin_disk 9.783135957 -0.25 0.0084736 1.128030658 1.109 61.80913202 3822.081997 0.898 -1.156 -2.897 -4.08 -4.887 -5.106
thin6 5 thin_disk 9.783135957 -0.25 0.0084736 1.128060222 1.107 66.22967819 3787.040939 0.837 -1.198 -2.994 -4.2 -5.017 -5.243
thin6 5 thin_disk 9.783135957 -0.25 0.0084736 1.128087282 1.106 70.91737385 3751.457235 0.777 -1.227 -3.086 -4.317 -5.144 -5.378
thin6 5 thin_disk 9.783135957 -0.25 0.0084736 1.128112197 1.104 75.86695348 3717.919652 0.718 -1.255 -3.177 -4.432 -5.269 -5.51
thin6 5 thin_disk 9.783135957 -0.25 0.0084736 1.128135562 1.102 81.10593679 3683.83356 0.66 -1.266 -3.264 -4.547 -5.394 -5.641
thin6 5 thin_disk 9.783135957 -0.25 0.0084736 1.128156662 1.099 86.46744869 3650.900525 0.602 -1.273 -3.347 -4.659 -5.515 -5.768
thin6 5 thin_disk 9.783135957 -0.25 0.0084736 1.128176212 1.097 92.22584538 3617.428868 0.546 -1.268 -3.426 -4.768 -5.633 -5.893
thin6 5 thin_disk 9.783135957 -0.25 0.0084736 1.128194451 1.094 98.2998024 3583.438868 0.49 -1.244 -3.499 -4.877 -5.75 -6.018
thin6 5 thin_disk 9.783135957 -0.25 0.0084736 1.12821126 1.091 104.6050484 3550.585703 0.434 -1.216 -3.571 -4.984 -5.865 -6.14
thin6 5 thin_disk 9.783135957 -0.25 0.0084736 1.128226995 1.088 111.237865 3517.223774 0.38 -1.16 -3.632 -5.09 -5.978 -6.26
thin6 5 thin_disk 9.783135957 -0.25 0.0084736 1.128241539 1.084 118.1007471 3484.977672 0.326 -1.098 -3.69 -5.192 -6.088 -6.376
thin6 5 thin_disk 9.783135957 -0.25 0.0084736 1.128255487 1.081 125.4447946 3452.232208 0.272 -1.022 -3.741 -5.295 -6.197 -6.493
thin6 5 thin_disk 9.783135957 -0.25 0.0084736 1.128268361 1.076 132.877866 3420.581953 0.22 -0.932 -3.783 -5.395 -6.302 -6.606
thin6 5 thin_disk 9.783135957 -0.25 0.0084736 1.12828052 1.072 140.5246929 3390.002356 0.17 -0.843 -3.822 -5.49 -6.402 -6.713
thin6 5 thin_disk 9.783135957 -0.25 0.0084736 1.128286838 1.07 144.3286817 3375.981049 0.146 -0.789 -3.833 -5.536 -6.45 -6.764
thin6 5 thin_disk 9.783135957 -0.25 0.0084736 1.128286838 1.07 144.3286817 3375.981049 0.146 0.752 -0.281 -5.536 -6.45 -6.764
thin6 5 thin_disk 9.783135957 -0.25 0.0084736 1.128443599 1.07 10.7659571 4817.259036 2.4 0.73 -0.308 -1.047 -1.583 -1.668
thin6 5 thin_disk 9.783135957 -0.25 0.0084736 1.128594398 1.07 10.84307957 4813.93254 2.395 0.72 -0.319 -1.059 -1.595 -1.68
thin6 5 thin_disk 9.783135957 -0.25 0.0084736 1.12874651 1.07 10.84557657 4816.149948 2.395 0.717 -0.322 -1.06 -1.597 -1.681
thin6 5 thin_disk 9.783135957 -0.25 0.0084736 1.128904462 1.07 10.81814118 4819.477976 2.397 0.717 -0.32 -1.057 -1.593 -1.677
thin6 5 thin_disk 9.783135957 -0.25 0.0084736 1.12906003 1.07 10.77339653 4823.918924 2.4 0.718 -0.316 -1.053 -1.587 -1.671
thin6 5 thin_disk 9.783135957 -0.25 0.0084736 1.129216075 1.071 10.73625072 4829.475864 2.403 0.72 -0.313 -1.047 -1.58 -1.664
thin6 5 thin_disk 9.783135957 -0.25 0.0084736 1.129373431 1.071 10.69184477 4833.926025 2.407 0.721 -0.309 -1.042 -1.573 -1.657
thin6 5 thin_disk 9.783135957 -0.25 0.0084736 1.129525542 1.071 10.65988808 4838.380287 2.41 0.723 -0.305 -1.037 -1.567 -1.651
thin6 5 thin_disk 9.783135957 -0.25 0.0084736 1.129684329 1.071 10.6280269 4842.838652 2.413 0.724 -0.303 -1.033 -1.562 -1.645
thin6 5 thin_disk 9.783135957 -0.25 0.0084736 1.129829764 1.071 10.60114183 4846.185122 2.415 0.724 -0.301 -1.03 -1.558 -1.641
thin6 5 thin_disk 9.783135957 -0.25 0.0084736 1.129981637 1.072 10.56945624 4850.65068 2.417 0.724 -0.299 -1.027 -1.554 -1.637
thin6 5 thin_disk 9.783135957 -0.25 0.0084736 1.130125165 1.072 10.55972589 4852.885002 2.418 0.724 -0.298 -1.025 -1.551 -1.634
thin6 5 thin_disk 9.783135957 -0.25 0.0084736 1.130270243 1.072 10.5330136 4856.238414 2.42 0.724 -0.297 -1.023 -1.548 -1.631
thin6 5 thin_disk 9.783135957 -0.25 0.0084736 1.130426049 1.072 10.5233168 4858.475309 2.421 0.724 -0.296 -1.021 -1.546 -1.628
thin6 5 thin_disk 9.783135957 -0.25 0.0084736 1.130445123 1.072 10.51847175 4859.594143 2.421 0.723 -0.296 -1.021 -1.546 -1.628
thin6 5 thin_disk 9.783135957 -0.25 0.0084736 1.130478978 1.072 10.51847175 4859.594143 2.422 0.723 -0.296 -1.021 -1.545 -1.628
thin6 5 thin_disk 9.783135957 -0.25 0.0084736 1.13063252 1.072 10.50878834 4861.832585 2.423 0.722 -0.296 -1.02 -1.544 -1.626
thin6 5 thin_disk 9.783135957 -0.25 0.0084736 1.130790591 1.072 10.49911384 4864.072057 2.423 0.721 -0.296 -1.02 -1.543 -1.625
thin6 5 thin_disk 9.783135957 -0.25 0.0084736 1.130953312 1.073 10.48944825 4866.312561 2.424 0.719 -0.297 -1.02 -1.543 -1.625
thin6 5 thin_disk 9.783135957 -0.25 0.0084736 1.131103158 1.073 10.49669661 4867.4332 2.424 0.717 -0.299 -1.021 -1.544 -1.626
thin6 5 thin_disk 9.783135957 -0.25 0.0084736 1.131256103 1.073 10.50878834 4867.4332 2.423 0.715 -0.301 -1.023 -1.546 -1.627
thin6 5 thin_disk 9.783135957 -0.25 0.0084736 1.131408215 1.073 10.51605006 4868.554097 2.422 0.712 -0.304 -1.026 -1.548 -1.63
thin6 5 thin_disk 9.783135957 -0.25 0.0084736 1.131556988 1.073 10.5330136 4867.4332 2.421 0.708 -0.307 -1.03 -1.552 -1.634
thin6 5 thin_disk 9.783135957 -0.25 0.0084736 1.131568313 1.073 10.54514716 4867.4332 2.42 0.708 -0.307 -1.03 -1.552 -1.634
thin6 5 thin_disk 9.783135957 -0.25 0.0084736 1.131662846 1.073 10.5572947 4867.4332 2.419 0.705 -0.31 -1.033 -1.555 -1.637
thin6 5 thin_disk 9.783135957 -0.25 0.0084736 1.131799936 1.074 10.58650592 4866.312561 2.417 0.701 -0.315 -1.039 -1.561 -1.643
thin6 5 thin_disk 9.783135957 -0.25 0.0084736 1.131935596 1.074 10.62068785 4864.072057 2.414 0.696 -0.321 -1.045 -1.568 -1.65
thin6 5 thin_disk 9.783135957 -0.25 0.0084736 1.132073402 1.074 10.66725421 4861.832585 2.41 0.69 -0.328 -1.053 -1.577 -1.659
thin6 5 thin_disk 9.783135957 -0.25 0.0084736 1.132207751 1.074 10.71895987 4858.475309 2.406 0.683 -0.336 -1.062 -1.586 -1.669
thin6 5 thin_disk 9.783135957 -0.25 0.0084736 1.1323452 1.074 10.78829081 4854.002548 2.401 0.675 -0.346 -1.073 -1.599 -1.681
thin6 5 thin_disk 9.783135957 -0.25 0.0084736 1.13248229 1.074 10.87057821 4849.533905 2.394 0.666 -0.357 -1.086 -1.612 -1.695
thin6 5 thin_disk 9.783135957 -0.25 0.0084736 1.132618904 1.075 10.95853868 4843.953885 2.387 0.656 -0.37 -1.1 -1.628 -1.711
thin6 5 thin_disk 9.783135957 -0.25 0.0084736 1.132762551 1.075 11.06503125 4837.266337 2.379 0.643 -0.386 -1.118 -1.648 -1.732
thin6 5 thin_disk 9.783135957 -0.25 0.0084736 1.132902026 1.075 11.22671363 4827.252321 2.367 0.626 -0.407 -1.142 -1.675 -1.759
thin6 5 thin_disk 9.783135957 -0.25 0.0084736 1.133004188 1.075 11.15713389 4833.926025 2.372 0.63 -0.4 -1.133 -1.664 -1.748
thin6 5 thin_disk 9.783135957 -0.25 0.0084736 1.133140683 1.075 11.33059313 4821.697939 2.359 0.613 -0.423 -1.16 -1.694 -1.778
thin6 5 thin_disk 9.783135957 -0.25 0.0084736 1.133275747 1.075 11.62659769 4803.966829 2.336 0.581 -0.463 -1.206 -1.745 -1.83
thin6 5 thin_disk 9.783135957 -0.25 0.0084736 1.133409858 1.076 12.22229171 4769.798141 2.293 0.52 -0.539 -1.293 -1.841 -1.928
thin6 5 thin_disk 9.783135957 -0.25 0.0084736 1.133491159 1.076 12.96739216 4730.423244 2.241 0.448 -0.631 -1.398 -1.957 -2.047
thin6 5 thin_disk 9.783135957 -0.25 0.0084736 1.133532763 1.076 13.77376423 4691.373388 2.189 0.373 -0.724 -1.505 -2.075 -2.167
thin6 5 thin_disk 9.783135957 -0.25 0.0084736 1.133553386 1.076 14.606718 4653.717326 2.137 0.3 -0.816 -1.609 -2.19 -2.285
thin6 5 thin_disk 9.783135957 -0.25 0.0084736 1.133564591 1.076 15.55795979 4614.238091 2.083 0.224 -0.912 -1.72 -2.313 -2.41
thin6 5 thin_disk 9.783135957 -0.25 0.0084736 1.133570313 1.076 16.51781679 4577.201167 2.032 0.152 -1.004 -1.824 -2.427 -2.527
thin6 5 thin_disk 9.783135957 -0.25 0.0084736 1.133573651 1.076 17.41616958 4545.691936 1.985 0.087 -1.086 -1.918 -2.53 -2.633
thin6 5 thin_disk 9.783135957 -0.25 0.0084736 1.133575439 1.076 18.08642138 4522.723108 1.952 0.04 -1.144 -1.984 -2.6 -2.706
thin6 5 thin_disk 9.783135957 -0.25 0.0084736 1.133575797 1.076 18.23276964 4517.519127 1.945 0.029 -1.157 -2 -2.617 -2.723
thin6 5 thin_disk 9.783135957 -0.25 0.0084736 1.133578539 1.076 19.50979225 4479.195313 1.887 -0.055 -1.26 -2.118 -2.742 -2.853
thin6 5 thin_disk 9.783135957 -0.25 0.0084736 1.133580685 1.076 20.38227444 4453.485063 1.848 -0.109 -1.327 -2.195 -2.824 -2.939
thin6 5 thin_disk 9.783135957 -0.25 0.0084736 1.13358283 1.076 21.13258599 4432.002534 1.817 -0.154 -1.382 -2.259 -2.892 -3.01
thin6 5 thin_disk 9.783135957 -0.25 0.0084736 1.13358593 1.076 21.91556365 4412.655266 1.785 -0.199 -1.437 -2.322 -2.959 -3.08
thin6 5 thin_disk 9.783135957 -0.25 0.0084736 1.133591652 1.076 21.58502942 4420.791169 1.799 -0.18 -1.414 -2.295 -2.93 -3.05
thin6 5 thin_disk 9.783135957 -0.25 0.0084736 1.133596182 1.076 20.72777305 4444.265543 1.833 -0.131 -1.354 -2.226 -2.857 -2.973
thin6 5 thin_disk 9.783135957 -0.25 0.0084736 1.133606792 1.075 19.96883115 4465.807513 1.866 -0.085 -1.296 -2.16 -2.786 -2.899
thin6 5 thin_disk 9.783135957 -0.25 0.0084736 1.133689761 1.075 19.8176724 4469.922568 1.873 -0.074 -1.284 -2.145 -2.771 -2.884
thin6 5 thin_disk 9.783135957 -0.25 0.0084736 1.133754253 1.074 21.03064753 4435.06511 1.821 -0.146 -1.373 -2.249 -2.881 -2.999
thin6 5 thin_disk 9.783135957 -0.25 0.0084736 1.133812308 1.073 22.47774007 4397.440784 1.763 -0.228 -1.474 -2.366 -3.005 -3.128
thin6 5 thin_disk 9.783135957 -0.25 0.0084736 1.133861661 1.072 24.14085485 4357.124805 1.7 -0.316 -1.581 -2.49 -3.137 -3.267
thin6 5 thin_disk 9.783135957 -0.25 0.0084736 1.133903623 1.071 26.05269438 4314.197273 1.634 -0.406 -1.693 -2.621 -3.276 -3.413
thin6 5 thin_disk 9.783135957 -0.25 0.0084736 1.133939505 1.07 27.89026526 4276.613475 1.574 -0.489 -1.794 -2.74 -3.401 -3.545
thin6 5 thin_disk 9.783135957 -0.25 0.0084736 1.133970738 1.069 29.7613512 4241.309839 1.517 -0.566 -1.89 -2.852 -3.52 -3.672
thin6 5 thin_disk 9.783135957 -0.25 0.0084736 1.133998036 1.068 31.75796347 4206.297637 1.46 -0.637 -1.985 -2.963 -3.641 -3.798
thin6 5 thin_disk 9.783135957 -0.25 0.0084736 1.134022474 1.066 33.7950151 4172.535112 1.405 -0.705 -2.079 -3.073 -3.762 -3.923
thin6 5 thin_disk 9.783135957 -0.25 0.0084736 1.134044647 1.065 36.03733317 4137.137927 1.349 -0.769 -2.171 -3.182 -3.882 -4.049
thin6 5 thin_disk 9.783135957 -0.25 0.0084736 1.134065032 1.063 38.50814911 4095.434646 1.291 -0.822 -2.26 -3.292 -4.006 -4.179
thin6 5 thin_disk 9.783135957 -0.25 0.0084736 1.134084225 1.061 41.29073797 4049.486915 1.23 -0.869 -2.348 -3.403 -4.133 -4.313
thin6 5 thin_disk 9.783135957 -0.25 0.0084736 1.134097576 1.059 43.55646693 4011.437222 1.182 -0.897 -2.412 -3.486 -4.229 -4.415
thin6 5 thin_disk 9.783135957 -0.25 0.0084736 1.134114742 1.056 46.31830358 3978.322628 1.127 -0.954 -2.501 -3.593 -4.347 -4.539
thin6 5 thin_disk 9.783135957 -0.25 0.0084736 1.134130955 1.053 49.36880839 3945.481397 1.071 -1.007 -2.591 -3.701 -4.466 -4.663
thin6 5 thin_disk 9.783135957 -0.25 0.0084736 1.134146094 1.05 52.43878793 3912.911271 1.017 -1.057 -2.676 -3.804 -4.58 -4.783
thin6 5 thin_disk 9.783135957 -0.25 0.0084736 1.134161115 1.046 55.78952257 3879.716573 0.961 -1.102 -2.762 -3.909 -4.696 -4.906
thin6 5 thin_disk 9.783135957 -0.25 0.0084736 1.134175062 1.041 59.45010758 3845.91782 0.904 -1.14 -2.848 -4.017 -4.814 -5.03
thin6 5 thin_disk 9.783135957 -0.25 0.0084736 1.134185672 1.037 63.23428974 3811.535771 0.849 -1.175 -2.931 -4.121 -4.929 -5.151
thin6 5 thin_disk 9.783135957 -0.25 0.0084736 1.134192705 1.033 67.01201003 3780.071373 0.797 -1.198 -3.008 -4.219 -5.037 -5.266
thin6 5 thin_disk 9.783135957 -0.25 0.0084736 1.134198427 1.03 71.04812888 3748.003606 0.745 -1.217 -3.085 -4.319 -5.146 -5.381
thin6 5 thin_disk 9.783135957 -0.25 0.0084736 1.134203672 1.026 75.483607 3714.496898 0.69 -1.234 -3.162 -4.42 -5.258 -5.499
thin6 5 thin_disk 9.783135957 -0.25 0.0084736 1.13420856 1.022 80.26988575 3679.59483 0.635 -1.229 -3.236 -4.523 -5.37 -5.619
thin6 5 thin_disk 9.783135957 -0.25 0.0084736 1.134212494 1.018 84.94789955 3647.539469 0.585 -1.221 -3.302 -4.616 -5.472 -5.727
thin6 5 thin_disk 9.783135957 -0.25 0.0084736 1.134216428 1.013 89.83646302 3614.930899 0.534 -1.2 -3.365 -4.709 -5.575 -5.836
thin6 5 thin_disk 9.783135957 -0.25 0.0084736 1.134221077 1.007 95.86335955 3576.844006 0.475 -1.155 -3.433 -4.818 -5.693 -5.962
thin6 5 thin_disk 9.783135957 -0.25 0.0084736 1.134226084 0.998 102.4831923 3535.900211 0.413 -1.092 -3.497 -4.929 -5.813 -6.091
thin6 5 thin_disk 9.783135957 -0.25 0.0084736 1.134230614 0.989 109.0316652 3497.840484 0.355 -1.002 -3.546 -5.031 -5.923 -6.209
thin6 5 thin_disk 9.783135957 -0.25 0.0084736 1.134232402 0.984 108.9563748 3497.035169 0.354 -0.993 -3.542 -5.029 -5.922 -6.208
thin6 5 thin_disk 9.783135957 -0.25 0.0084736 1.13423264 0.984 104.9186382 3518.843888 0.387 -1.04 -3.507 -4.963 -5.851 -6.133
thin6 5 thin_disk 9.783135957 -0.25 0.0084736 1.134232879 0.984 103.1935718 3527.767866 0.401 -1.058 -3.493 -4.937 -5.823 -6.102
thin6 5 thin_disk 9.783135957 -0.25 0.0084736 1.134232998 0.983 102.6485088 3531.018557 0.406 -1.064 -3.487 -4.927 -5.812 -6.091
thin6 5 thin_disk 9.783135957 -0.25 0.0084736 1.134233117 0.983 101.9888383 3534.272244 0.41 -1.07 -3.482 -4.917 -5.802 -6.08
thin6 5 thin_disk 9.783135957 -0.25 0.0084736 1.134233355 0.982 102.0358167 3533.458541 0.411 -1.066 -3.48 -4.915 -5.8 -6.078
thin6 5 thin_disk 9.783135957 -0.25 0.0084736 1.134233594 0.982 106.9184477 3505.903839 0.369 -1.008 -3.522 -4.995 -5.886 -6.17
thin6 5 thin_disk 9.783135957 -0.25 0.0084736 1.134234071 0.981 116.5339976 3456.209026 0.294 -0.889 -3.591 -5.139 -6.041 -6.337
thin6 5 thin_disk 9.783135957 -0.25 0.0084736 1.134234667 0.979 124.7822019 3415.859507 0.233 -0.764 -3.633 -5.254 -6.163 -6.468
thin6 5 thin_disk 9.783135957 -0.25 0.0084736 1.134235263 0.976 134.0147637 3372.873087 0.17 -0.605 -3.66 -5.372 -6.287 -6.602
thin6 5 thin_disk 9.783135957 -0.25 0.0084736 1.134236216 0.972 144.7613568 3326.595533 0.102 -0.39 -3.665 -5.498 -6.42 -6.747
thin6 5 thin_disk 9.783135957 -0.25 0.0084736 1.134237766 0.964 159.4236121 3268.13509 0.014 -0.048 -3.625 -5.656 -6.585 -6.928
thin6 5 thin_disk 9.783135957 -0.25 0.0084736 1.134238243 0.96 162.874331 3253.868518 -0.006 0.039 -3.611 -5.691 -6.622 -6.968
thin6 5 thin_disk 9.783135957 -0.25 0.0084736 1.134238362 0.96 162.874331 3253.868518 -0.006 0.039 -3.611 -5.691 -6.622 -6.968
thin6 5 thin_disk 9.783135957 -0.25 0.0084736 1.134238481 0.959 105.9870111 3501.063598 0.366 -0.959 -3.491 -4.972 -5.865 -6.15
thin6 5 thin_disk 9.783135957 -0.25 0.0084736 1.134238481 0.959 105.9870111 3501.063598 0.366 -1.159 -3.296 -4.972 -5.865 -6.15
thin6 5 thin_disk 9.783135957 -0.25 0.0084736 1.13423872 0.957 63.26341691 3819.442708 0.814 -1.195 -2.944 -4.13 -4.933 -5.155
thin6 5 thin_disk 9.783135957 -0.25 0.0084736 1.134238958 0.955 65.23079099 3798.393902 0.786 -1.199 -2.979 -4.178 -4.989 -5.215
thin6 5 thin_disk 9.783135957 -0.25 0.0084736 1.134239435 0.953 80.25140505 3665.219597 0.605 -1.171 -3.212 -4.51 -5.361 -5.613
thin6 5 thin_disk 9.783135957 -0.25 0.0084736 1.134239912 0.95 105.7432477 3497.035169 0.365 -0.929 -3.475 -4.961 -5.855 -6.141
thin6 5 thin_disk 9.783135957 -0.25 0.0084736 1.134240389 0.946 133.0922125 3361.24369 0.163 -0.496 -3.604 -5.345 -6.263 -6.58
thin6 5 thin_disk 9.783135957 -0.25 0.0084736 1.134241104 0.942 154.3663534 3275.668919 0.033 -0.053 -3.589 -5.593 -6.521 -6.862
thin6 5 thin_disk 9.783135957 -0.25 0.0084736 1.134241819 0.938 166.6297892 3229.981241 -0.037 0.227 -3.55 -5.721 -6.653 -7.006
thin6 5 thin_disk 9.783135957 -0.25 0.0084736 1.134242535 0.932 172.6842167 3207.746206 -0.069 0.367 -3.518 -5.778 -6.712 -7.07
thin6 5 thin_disk 9.783135957 -0.25 0.0084736 1.134243488 0.927 175.9351618 3194.478724 -0.088 0.461 -3.491 -5.807 -6.742 -7.104
thin6 5 thin_disk 9.783135957 -0.25 0.0084736 1.134243488 0.927 175.9351618 3194.478724 -0.088 -0.503 -3.553 -5.807 -6.742 -7.104
thin6 5 thin_disk 9.783135957 -0.25 0.0084736 1.134243727 0.925 94.54806494 3548.133892 0.451 -0.987 -3.346 -4.761 -5.644 -5.919
thin6 5 thin_disk 9.783135957 -0.25 0.0084736 1.134243965 0.923 69.27118944 3739.383436 0.72 -1.13 -3.014 -4.255 -5.084 -5.321
thin6 5 thin_disk 9.783135957 -0.25 0.0084736 1.134244204 0.92 71.4582942 3717.919652 0.691 -1.127 -3.048 -4.304 -5.14 -5.381
thin6 5 thin_disk 9.783135957 -0.25 0.0084736 1.13424468 0.917 87.73091216 3589.219346 0.511 -1.026 -3.264 -4.635 -5.508 -5.774
thin6 5 thin_disk 9.783135957 -0.25 0.0084736 1.134245276 0.912 115.1470046 3425.310927 0.273 -0.656 -3.482 -5.085 -5.993 -6.295
thin6 5 thin_disk 9.783135957 -0.25 0.0084736 1.134245872 0.907 144.528217 3293.062702 0.073 -0.084 -3.526 -5.465 -6.392 -6.727
thin6 5 thin_disk 9.783135957 -0.25 0.0084736 1.134246588 0.902 167.321845 3208.484902 -0.057 0.422 -3.455 -5.711 -6.645 -7.003
thin6 5 thin_disk 9.783135957 -0.25 0.0084736 1.134247422 0.895 180.5313563 3164.462839 -0.126 0.71 -3.395 -5.837 -6.775 -7.145
thin6 5 thin_disk 9.783135957 -0.25 0.0084736 1.134248376 0.888 186.9616985 3141.955285 -0.16 0.832 -3.362 -5.892 -6.831 -7.207
thin6 5 thin_disk 9.783135957 -0.25 0.0084736 1.134249449 0.88 190.4814309 3128.959919 -0.18 0.913 -3.335 -5.921 -6.86 -7.239
thin6 5 thin_disk 9.783135957 -0.25 0.0084736 1.134249449 0.88 190.4814309 3128.959919 -0.18 -0.072 -3.481 -5.921 -6.86 -7.239
thin6 5 thin_disk 9.783135957 -0.25 0.0084736 1.134249687 0.877 103.6698917 3471.362759 0.347 -0.739 -3.376 -4.897 -5.797 -6.088
thin6 5 thin_disk 9.783135957 -0.25 0.0084736 1.134249926 0.874 75.90189955 3661.845359 0.617 -1.034 -3.082 -4.384 -5.236 -5.488
thin6 5 thin_disk 9.783135957 -0.25 0.0084736 1.134250283 0.869 78.33442228 3639.988403 0.587 -1.016 -3.114 -4.434 -5.293 -5.548
thin6 5 thin_disk 9.783135957 -0.25 0.0084736 1.134250879 0.863 95.9958912 3513.17675 0.407 -0.816 -3.302 -4.766 -5.657 -5.938
thin6 5 thin_disk 9.783135957 -0.25 0.0084736 1.134251475 0.856 125.7339747 3350.425767 0.169 -0.29 -3.443 -5.212 -6.132 -6.451
thin6 5 thin_disk 9.783135957 -0.25 0.0084736 1.134252191 0.848 157.4898774 3218.844524 -0.031 0.447 -3.375 -5.587 -6.521 -6.876
thin6 5 thin_disk 9.783135957 -0.25 0.0084736 1.134253025 0.838 182.2017923 3135.450869 -0.162 0.946 -3.273 -5.829 -6.769 -7.146
thin6 5 thin_disk 9.783135957 -0.25 0.0084736 1.134254098 0.828 196.5407662 3091.007081 -0.234 1.192 -3.209 -5.952 -6.895 -7.284
thin6 5 thin_disk 9.783135957 -0.25 0.0084736 1.134255171 0.816 203.3071465 3069.021988 -0.269 1.261 -3.188 -6.006 -6.95 -7.343
thin6 5 thin_disk 9.783135957 -0.25 0.0084736 1.134256363 0.803 206.8010049 3057.032107 -0.292 1.307 -3.17 -6.032 -6.977 -7.374
thin6 5 thin_disk 9.783135957 -0.25 0.0084736 1.134256363 0.803 206.8010049 3057.032107 -0.292 0.486 -3.332 -6.032 -6.977 -7.374
thin6 5 thin_disk 9.783135957 -0.25 0.0084736 1.134256601 0.799 113.88136 3397.034832 0.225 -0.437 -3.382 -5.038 -5.951 -6.26
thin6 5 thin_disk 9.783135957 -0.25 0.0084736 1.13425684 0.795 82.91873059 3593.353968 0.498 -0.922 -3.15 -4.517 -5.388 -5.654
thin6 5 thin_disk 9.783135957 -0.25 0.0084736 1.134257317 0.789 85.49734821 3573.551127 0.468 -0.892 -3.179 -4.568 -5.444 -5.714
thin6 5 thin_disk 9.783135957 -0.25 0.0084736 1.134257793 0.781 104.6291374 3447.466066 0.288 -0.594 -3.333 -4.896 -5.8 -6.099
thin6 5 thin_disk 9.783135957 -0.25 0.0084736 1.134258509 0.772 136.474856 3287.00224 0.052 0.104 -3.373 -5.336 -6.263 -6.601
thin6 5 thin_disk 9.783135957 -0.25 0.0084736 1.134259224 0.761 170.3541213 3157.911829 -0.147 0.906 -3.233 -5.704 -6.642 -7.016
thin6 5 thin_disk 9.783135957 -0.25 0.0084736 1.134260178 0.748 196.3598288 3078.222441 -0.277 1.305 -3.141 -5.937 -6.881 -7.276
thin6 5 thin_disk 9.783135957 -0.25 0.0084736 1.134261251 0.734 210.8883772 3039.484969 -0.347 1.417 -3.118 -6.053 -7 -7.405
thin6 5 thin_disk 9.783135957 -0.25 0.0084736 1.134262323 0.718 217.1464056 3024.823232 -0.382 1.47 -3.106 -6.099 -7.048 -7.459
thin6 5 thin_disk 9.783135957 -0.25 0.0084736 1.134263635 0.701 219.5597082 3022.03855 -0.402 1.49 -3.106 -6.118 -7.068 -7.484
thin6 5 thin_disk 9.783135957 -0.25 0.0084736 1.134269834 0.545 3.335436253e-06 10000 1.763 30.047 30.03 30.028 30.05 30.059
