# component component_index family logAge MH Zini Mini Mass radius_rsun Teff_K logg Vmag Imag Jmag_2mass Hmag_2mass Ksmag_2mass
thin6 5 thin_disk 9.783135957 -0.5 0.0048313 0.0900000036 0.09 0.1117513157 2545.071572 5.293 17.69 13.111 10.889 10.435 10.236
thin6 5 thin_disk 9.783135957 -0.5 0.0048313 0.1000000015 0.1 0.1239232072 2725.837739 5.249 16.566 12.427 10.422 9.94 9.723
thin6 5 thin_disk 9.783135957 -0.5 0.0048313 0.1199999973 0.12 0.1454630351 2935.621096 5.189 14.954 11.52 9.847 9.327 9.096
thin6 5 thin_disk 9.783135957 -0.5 0.0048313 0.1218675971 0.122 0.1473169249 2949.171308 5.185 14.854 11.462 9.806 9.284 9.053
thin6 5 thin_disk 9.783135957 -0.5 0.0048313 0.1400000006 0.14 0.1646086468 3069.728738 5.148 13.977 10.949 9.441 8.906 8.673
thin6 5 thin_disk 9.783135957 -0.5 0.0048313 0.1460083425 0.146 0.1700406063 3099.55966 5.138 13.763 10.817 9.342 8.804 8.572
thin6 5 thin_disk 9.783135957 -0.5 0.0048313 0.1599999964 0.16 0.1826218108 3164.462839 5.117 13.321 10.536 9.124 8.581 8.35
thin6 5 thin_disk 9.783135957 -0.5 0.0048313 0.1999999881 0.2 0.2161487084 3297.61538 5.067 12.428 9.932 8.63 8.078 7.852
thin6 5 thin_disk 9.783135957 -0.5 0.0048313 0.25 0.25 0.256774945 3406.434166 5.014 11.696 9.383 8.155 7.595 7.374
thin6 5 thin_disk 9.783135957 -0.5 0.0048313 0.3000000119 0.3 0.2960415333 3482.571166 4.969 11.162 8.959 7.775 7.21 6.991
thin6 5 thin_disk 9.783135957 -0.5 0.0048313 0.3410415053 0.341 0.3307140493 3536.714476 4.929 10.773 8.641 7.487 6.916 6.7
thin6 5 thin_disk 9.783135957 -0.5 0.0048313 0.3499999642 0.35 0.3381836794 3548.133892 4.92 10.694 8.576 7.428 6.855 6.64
thin6 5 thin_disk 9.783135957 -0.5 0.0048313 0.3717271388 0.372 0.3576454011 3590.04589 4.899 10.465 8.399 7.272 6.696 6.481
thin6 5 thin_disk 9.783135957 -0.5 0.0048313 0.3999999762 0.4 0.3822545335 3642.503687 4.872 10.186 8.184 7.082 6.501 6.289
thin6 5 thin_disk 9.783135957 -0.5 0.0048313 0.4499999881 0.45 0.4332640398 3764.436711 4.815 9.624 7.757 6.711 6.118 5.911
thin6 5 thin_disk 9.783135957 -0.5 0.0048313 0.4999999404 0.5 0.4863541711 3936.407041 4.76 9.011 7.302 6.321 5.711 5.52
thin6 5 thin_disk 9.783135957 -0.5 0.0048313 0.5448052287 0.544 0.5327858043 4157.191207 4.718 8.402 6.861 5.945 5.311 5.158
thin6 5 thin_disk 9.783135957 -0.5 0.0048313 0.5500000119 0.55 0.5380871797 4182.153799 4.714 8.336 6.813 5.904 5.268 5.119
thin6 5 thin_disk 9.783135957 -0.5 0.0048313 0.5561879277 0.556 0.5429410079 4218.907466 4.71 8.25 6.753 5.854 5.217 5.074
thin6 5 thin_disk 9.783135957 -0.5 0.0048313 0.5999999642 0.6 0.5797658692 4479.195313 4.686 7.65 6.347 5.519 4.904 4.795
thin6 5 thin_disk 9.783135957 -0.5 0.0048313 0.6499999166 0.65 0.6169538019 4816.149948 4.667 6.983 5.891 5.167 4.634 4.548
thin6 5 thin_disk 9.783135957 -0.5 0.0048313 0.6582832336 0.658 0.6242415106 4868.554097 4.663 6.883 5.818 5.112 4.595 4.511
thin6 5 thin_disk 9.783135957 -0.5 0.0048313 0.6865617633 0.687 0.6482651049 5048.937562 4.648 6.561 5.581 4.928 4.458 4.382
thin6 5 thin_disk 9.783135957 -0.5 0.0048313 0.6999999881 0.7 0.6601652269 5134.521775 4.641 6.417 5.473 4.843 4.394 4.321
thin6 5 thin_disk 9.783135957 -0.5 0.0048313 0.7146028876 0.715 0.6730582389 5227.571722 4.633 6.266 5.358 4.752 4.324 4.255
thin6 5 thin_disk 9.783135957 -0.5 0.0048313 0.7371095419 0.737 0.6947885374 5369.081545 4.619 6.042 5.184 4.614 4.217 4.153
thin6 5 thin_disk 9.783135957 -0.5 0.0048313 0.7487857342 0.749 0.7064031787 5442.519578 4.611 5.931 5.096 4.543 4.162 4.1
thin6 5 thin_disk 9.783135957 -0.5 0.0048313 0.7493540049 0.749 0.7073797852 5445.026528 4.611 5.926 5.092 4.54 4.159 4.097
thin6 5 thin_disk 9.783135957 -0.5 0.0048313 0.7694426775 0.769 0.7320700588 5556.483128 4.593 5.742 4.943 4.416 4.056 3.998
thin6 5 thin_disk 9.783135957 -0.5 0.0048313 0.7879497409 0.788 0.7558796353 5657.180035 4.575 5.576 4.809 4.302 3.959 3.906
thin6 5 thin_disk 9.783135957 -0.5 0.0048313 0.7975714207 0.797 0.7685155243 5708.210762 4.565 5.492 4.74 4.243 3.909 3.857
thin6 5 thin_disk 9.783135957 -0.5 0.0048313 0.8157660365 0.815 0.7975403138 5796.955947 4.543 5.335 4.608 4.129 3.808 3.76
thin6 5 thin_disk 9.783135957 -0.5 0.0048313 0.8330156207 0.832 0.8265186256 5877.599637 4.521 5.189 4.484 4.019 3.711 3.665
thin6 5 thin_disk 9.783135957 -0.5 0.0048313 0.8463571072 0.846 0.8496746178 5938.817779 4.504 5.077 4.389 3.935 3.636 3.593
thin6 5 thin_disk 9.783135957 -0.5 0.0048313 0.8713891506 0.87 0.9014728363 6040.877097 4.465 4.866 4.206 3.77 3.486 3.447
thin6 5 thin_disk 9.783135957 -0.5 0.0048313 0.8949641585 0.894 0.9579716235 6129.146471 4.424 4.667 4.03 3.61 3.339 3.302
thin6 5 thin_disk 9.783135957 -0.5 0.0048313 0.8951427937 0.894 0.9575305628 6130.557921 4.424 4.665 4.028 3.608 3.338 3.301
thin6 5 thin_disk 9.783135957 -0.5 0.0048313 0.9148987532 0.914 1.01286752 6198.691176 4.385 4.492 3.873 3.464 3.203 3.169
thin6 5 thin_disk 9.783135957 -0.5 0.0048313 0.9324741364 0.931 1.067216779 6254.606617 4.348 4.334 3.729 3.33 3.076 3.043
thin6 5 thin_disk 9.783135957 -0.5 0.0048313 0.9439284801 0.943 1.106503125 6289.266532 4.321 4.229 3.633 3.239 2.99 2.958
thin6 5 thin_disk 9.783135957 -0.5 0.0048313 0.9532212019 0.952 1.14117604 6315.387454 4.3 4.144 3.555 3.164 2.919 2.888
thin6 5 thin_disk 9.783135957 -0.5 0.0048313 0.9677485824 0.967 1.198816315 6348.922123 4.263 4.012 3.432 3.046 2.806 2.775
thin6 5 thin_disk 9.783135957 -0.5 0.0048313 0.9799351096 0.979 1.253004541 6369.421654 4.23 3.899 3.324 2.942 2.704 2.674
thin6 5 thin_disk 9.783135957 -0.5 0.0048313 0.9897678494 0.989 1.304525716 6384.104687 4.2 3.801 3.231 2.851 2.615 2.585
thin6 5 thin_disk 9.783135957 -0.5 0.0048313 0.9927142262 0.992 1.320847398 6388.516194 4.19 3.771 3.201 2.821 2.586 2.557
thin6 5 thin_disk 9.783135957 -0.5 0.0048313 0.9981061816 0.997 1.35223647 6394.402945 4.172 3.715 3.147 2.769 2.535 2.505
thin6 5 thin_disk 9.783135957 -0.5 0.0048313 0.9990506172 0.998 1.357852652 6395.875481 4.169 3.705 3.138 2.759 2.525 2.496
thin6 5 thin_disk 9.783135957 -0.5 0.0048313 1.001576543 1 1.374525005 6397.348355 4.159 3.677 3.111 2.732 2.499 2.469
thin6 5 thin_disk 9.783135957 -0.5 0.0048313 1.009765029 1.009 1.43269137 6397.348355 4.127 3.586 3.021 2.642 2.409 2.379
thin6 5 thin_disk 9.783135957 -0.5 0.0048313 1.019072771 1.018 1.511654861 6384.104687 4.084 3.478 2.91 2.529 2.295 2.265
thin6 5 thin_disk 9.783135957 -0.5 0.0048313 1.028378367 1.027 1.610099239 6351.846583 4.033 3.363 2.788 2.403 2.165 2.134
thin6 5 thin_disk 9.783135957 -0.5 0.0048313 1.030386329 1.029 1.635884528 6341.616863 4.021 3.338 2.76 2.374 2.135 2.103
thin6 5 thin_disk 9.783135957 -0.5 0.0048313 1.0322721 1.031 1.661700096 6328.488569 4.007 3.313 2.733 2.344 2.103 2.071
thin6 5 thin_disk 9.783135957 -0.5 0.0048313 1.039867639 1.038 1.786704145 6248.848564 3.948 3.214 2.615 2.214 1.963 1.929
thin6 5 thin_disk 9.783135957 -0.5 0.0048313 1.041499853 1.04 1.821179046 6221.570117 3.932 3.194 2.588 2.183 1.928 1.893
thin6 5 thin_disk 9.783135957 -0.5 0.0048313 1.044560432 1.043 1.885179224 6171.631685 3.903 3.155 2.538 2.124 1.863 1.827
thin6 5 thin_disk 9.783135957 -0.5 0.0048313 1.049054861 1.047 2.010724848 6045.051429 3.849 3.115 2.466 2.03 1.749 1.709
thin6 5 thin_disk 9.783135957 -0.5 0.0048313 1.052521586 1.051 2.131339554 5888.436554 3.799 3.117 2.427 1.961 1.654 1.61
thin6 5 thin_disk 9.783135957 -0.5 0.0048313 1.0545789 1.053 2.219998315 5753.074526 3.765 3.147 2.421 1.928 1.6 1.551
thin6 5 thin_disk 9.783135957 -0.5 0.0048313 1.055952907 1.054 2.289563246 5645.468649 3.739 3.179 2.423 1.908 1.561 1.508
thin6 5 thin_disk 9.783135957 -0.5 0.0048313 1.057193756 1.055 2.361851808 5542.427234 3.712 3.209 2.423 1.886 1.52 1.463
thin6 5 thin_disk 9.783135957 -0.5 0.0048313 1.058423996 1.056 2.453311219 5447.534633 3.679 3.22 2.406 1.847 1.462 1.402
thin6 5 thin_disk 9.783135957 -0.5 0.0048313 1.059924722 1.058 2.595091319 5351.801538 3.632 3.197 2.354 1.773 1.367 1.304
thin6 5 thin_disk 9.783135957 -0.5 0.0048313 1.0612427 1.059 2.746961957 5289.32192 3.583 3.139 2.277 1.68 1.26 1.195
thin6 5 thin_disk 9.783135957 -0.5 0.0048313 1.061613321 1.059 2.794168838 5274.727157 3.568 3.118 2.252 1.651 1.227 1.162
thin6 5 thin_disk 9.783135957 -0.5 0.0048313 1.061831594 1.06 2.824571969 5267.444883 3.559 3.102 2.234 1.631 1.206 1.14
thin6 5 thin_disk 9.783135957 -0.5 0.0048313 1.063373566 1.061 3.050370869 5222.759167 3.492 2.983 2.101 1.486 1.05 0.983
thin6 5 thin_disk 9.783135957 -0.5 0.0048313 1.064584255 1.062 3.254262973 5195.17283 3.436 2.872 1.981 1.359 0.916 0.848
thin6 5 thin_disk 9.783135957 -0.5 0.0048313 1.0658319 1.063 3.498264515 5168.922254 3.374 2.746 1.846 1.216 0.767 0.699
thin6 5 thin_disk 9.783135957 -0.5 0.0048313 1.066839337 1.064 3.72608403 5148.728601 3.32 2.632 1.726 1.09 0.636 0.567
thin6 5 thin_disk 9.783135957 -0.5 0.0048313 1.067931056 1.065 4.010999842 5125.072342 3.256 2.497 1.584 0.941 0.482 0.412
thin6 5 thin_disk 9.783135957 -0.5 0.0048313 1.068830252 1.066 4.288966409 5103.874654 3.199 2.377 1.456 0.808 0.343 0.272
thin6 5 thin_disk 9.783135957 -0.5 0.0048313 1.06964004 1.067 4.578810234 5083.935125 3.142 2.258 1.331 0.676 0.206 0.134
thin6 5 thin_disk 9.783135957 -0.5 0.0048313 1.070410013 1.068 4.906283561 5060.576565 3.082 2.134 1.2 0.539 0.063 -0.009
thin6 5 thin_disk 9.783135957 -0.5 0.0048313 1.071065903 1.068 5.236639109 5038.485348 3.026 2.019 1.078 0.41 -0.072 -0.144
thin6 5 thin_disk 9.783135957 -0.5 0.0048313 1.071703553 1.069 5.613744529 5014.18092 2.965 1.896 0.947 0.272 -0.216 -0.29
thin6 5 thin_disk 9.783135957 -0.5 0.0048313 1.072233915 1.069 5.987598141 4991.142852 2.91 1.785 0.827 0.145 -0.35 -0.424
thin6 5 thin_disk 9.783135957 -0.5 0.0048313 1.072739244 1.07 6.406969327 4965.923215 2.851 1.67 0.702 0.012 -0.49 -0.565
thin6 5 thin_disk 9.783135957 -0.5 0.0048313 1.073183656 1.07 6.839945555 4940.831009 2.795 1.56 0.582 -0.116 -0.625 -0.702
thin6 5 thin_disk 9.783135957 -0.5 0.0048313 1.073586464 1.07 7.305545414 4914.733802 2.738 1.45 0.462 -0.243 -0.76 -0.837
thin6 5 thin_disk 9.783135957 -0.5 0.0048313 1.073948026 1.071 7.784892948 4888.774439 2.682 1.344 0.346 -0.368 -0.893 -0.971
thin6 5 thin_disk 9.783135957 -0.5 0.0048313 1.074285746 1.071 8.31864603 4861.832585 2.625 1.237 0.229 -0.495 -1.027 -1.107
thin6 5 thin_disk 9.783135957 -0.5 0.0048313 1.074596763 1.071 8.878766706 4835.039206 2.568 1.131 0.111 -0.621 -1.161 -1.242
thin6 5 thin_disk 9.783135957 -0.5 0.0048313 1.074870586 1.071 9.459161597 4807.286438 2.514 1.031 0 -0.741 -1.29 -1.372
thin6 5 thin_disk 9.783135957 -0.5 0.0048313 1.075132847 1.071 10.08910507 4779.69297 2.458 0.928 -0.115 -0.865 -1.422 -1.505
thin6 5 thin_disk 9.783135957 -0.5 0.0048313 1.075365424 1.071 10.71895987 4753.352259 2.405 0.833 -0.222 -0.981 -1.545 -1.63
thin6 5 thin_disk 9.783135957 -0.5 0.0048313 1.075602412 1.072 11.4065063 4726.068369 2.351 0.737 -0.331 -1.098 -1.671 -1.757
thin6 5 thin_disk 9.783135957 -0.5 0.0048313 1.075923085 1.072 12.13815405 4698.941086 2.297 0.64 -0.441 -1.217 -1.797 -1.884
thin6 5 thin_disk 9.783135957 -0.5 0.0048313 1.075951934 1.072 12.17173938 4697.859239 2.294 0.635 -0.446 -1.223 -1.804 -1.891
thin6 5 thin_disk 9.783135957 -0.5 0.0048313 1.07612288 1.072 11.72877472 4717.370643 2.327 0.688 -0.384 -1.154 -1.728 -1.815
thin6 5 thin_disk 9.783135957 -0.5 0.0048313 1.076243281 1.072 11.12891037 4743.511961 2.372 0.763 -0.296 -1.058 -1.625 -1.71
thin6 5 thin_disk 9.783135957 -0.5 0.0048313 1.076274037 1.072 10.99645357 4750.069894 2.383 0.782 -0.275 -1.035 -1.6 -1.685
thin6 5 thin_disk 9.783135957 -0.5 0.0048313 1.076420903 1.072 11.55453959 4728.245305 2.34 0.705 -0.362 -1.129 -1.701 -1.787
thin6 5 thin_disk 9.783135957 -0.5 0.0048313 1.076601744 1.072 12.28719201 4700.023182 2.286 0.61 -0.47 -1.246 -1.826 -1.913
thin6 5 thin_disk 9.783135957 -0.5 0.0048313 1.076779962 1.072 13.10245404 4670.893875 2.231 0.514 -0.58 -1.366 -1.954 -2.043
thin6 5 thin_disk 9.783135957 -0.5 0.0048313 1.076939464 1.072 13.92363548 4641.945102 2.178 0.424 -0.685 -1.48 -2.076 -2.167
thin6 5 thin_disk 9.783135957 -0.5 0.0048313 1.077090621 1.071 14.80650797 4614.238091 2.124 0.332 -0.791 -1.596 -2.2 -2.292
thin6 5 thin_disk 9.783135957 -0.5 0.0048313 1.077229857 1.071 15.74173673 4584.584692 2.071 0.243 -0.895 -1.71 -2.322 -2.416
thin6 5 thin_disk 9.783135957 -0.5 0.0048313 1.077360272 1.071 16.74760251 4556.170838 2.017 0.154 -0.999 -1.824 -2.446 -2.542
thin6 5 thin_disk 9.783135957 -0.5 0.0048313 1.077479839 1.071 17.80543732 4526.890609 1.964 0.066 -1.102 -1.938 -2.566 -2.665
thin6 5 thin_disk 9.783135957 -0.5 0.0048313 1.077591658 1.071 18.93880816 4496.763012 1.91 -0.024 -1.205 -2.053 -2.687 -2.789
thin6 5 thin_disk 9.783135957 -0.5 0.0048313 1.077692389 1.071 20.13504687 4467.864567 1.858 -0.112 -1.306 -2.164 -2.804 -2.909
thin6 5 thin_disk 9.783135957 -0.5 0.0048313 1.077784658 1.07 21.35760966 4439.151838 1.805 -0.195 -1.403 -2.274 -2.919 -3.028
thin6 5 thin_disk 9.783135957 -0.5 0.0048313 1.077870846 1.07 22.68050106 4410.623631 1.753 -0.279 -1.501 -2.383 -3.034 -3.147
thin6 5 thin_disk 9.783135957 -0.5 0.0048313 1.077949762 1.07 24.06870061 4381.26982 1.701 -0.361 -1.596 -2.491 -3.148 -3.265
thin6 5 thin_disk 9.783135957 -0.5 0.0048313 1.078024983 1.069 25.57129043 4352.111366 1.648 -0.444 -1.694 -2.601 -3.263 -3.385
thin6 5 thin_disk 9.783135957 -0.5 0.0048313 1.078092456 1.069 27.14892544 4322.151642 1.597 -0.523 -1.787 -2.708 -3.376 -3.502
thin6 5 thin_disk 9.783135957 -0.5 0.0048313 1.078155637 1.068 28.84381124 4293.386635 1.544 -0.602 -1.88 -2.815 -3.489 -3.62
thin6 5 thin_disk 9.783135957 -0.5 0.0048313 1.078214526 1.068 30.60924693 4264.813065 1.492 -0.682 -1.974 -2.922 -3.602 -3.738
thin6 5 thin_disk 9.783135957 -0.5 0.0048313 1.078267097 1.067 32.46030864 4235.454299 1.441 -0.751 -2.064 -3.026 -3.715 -3.855
thin6 5 thin_disk 9.783135957 -0.5 0.0048313 1.078317642 1.067 34.40746247 4207.266284 1.39 -0.822 -2.157 -3.132 -3.831 -3.974
thin6 5 thin_disk 9.783135957 -0.5 0.0048313 1.078363299 1.066 36.48821724 4178.303666 1.339 -0.89 -2.246 -3.235 -3.943 -4.09
thin6 5 thin_disk 9.783135957 -0.5 0.0048313 1.078406811 1.065 38.69480344 4149.540426 1.288 -0.958 -2.336 -3.339 -4.057 -4.208
thin6 5 thin_disk 9.783135957 -0.5 0.0048313 1.078447461 1.064 41.01593771 4121.92419 1.237 -1.025 -2.426 -3.443 -4.17 -4.326
thin6 5 thin_disk 9.783135957 -0.5 0.0048313 1.078484058 1.063 43.39629421 4093.549063 1.187 -1.088 -2.512 -3.543 -4.28 -4.439
thin6 5 thin_disk 9.783135957 -0.5 0.0048313 1.078518987 1.063 45.9676863 4065.36927 1.136 -1.151 -2.599 -3.644 -4.391 -4.555
thin6 5 thin_disk 9.783135957 -0.5 0.0048313 1.078551054 1.062 48.61302483 4038.313213 1.087 -1.21 -2.683 -3.742 -4.499 -4.667
thin6 5 thin_disk 9.783135957 -0.5 0.0048313 1.078581333 1.06 51.49352764 4010.513661 1.038 -1.269 -2.768 -3.841 -4.607 -4.78
thin6 5 thin_disk 9.783135957 -0.5 0.0048313 1.07861042 1.059 54.56983553 3981.988487 0.987 -1.328 -2.854 -3.942 -4.718 -4.896
thin6 5 thin_disk 9.783135957 -0.5 0.0048313 1.078642607 1.058 58.3919051 3948.20778 0.927 -1.391 -2.954 -4.061 -4.848 -5.032
thin6 5 thin_disk 9.783135957 -0.5 0.0048313 1.078672409 1.056 62.55364842 3914.713648 0.866 -1.453 -3.054 -4.179 -4.978 -5.169
thin6 5 thin_disk 9.783135957 -0.5 0.0048313 1.078700066 1.054 66.934904 3881.50366 0.806 -1.513 -3.152 -4.298 -5.108 -5.305
thin6 5 thin_disk 9.783135957 -0.5 0.0048313 1.078721523 1.052 70.85208661 3853.896082 0.757 -1.558 -3.233 -4.395 -5.214 -5.416
thin6 5 thin_disk 9.783135957 -0.5 0.0048313 1.078745246 1.05 75.72733002 3821.202032 0.698 -1.609 -3.327 -4.508 -5.339 -5.548
thin6 5 thin_disk 9.783135957 -0.5 0.0048313 1.078766823 1.047 80.78907671 3787.913038 0.641 -1.652 -3.417 -4.619 -5.461 -5.676
thin6 5 thin_disk 9.783135957 -0.5 0.0048313 1.078787327 1.044 86.24871728 3755.778747 0.583 -1.689 -3.507 -4.731 -5.584 -5.805
thin6 5 thin_disk 9.783135957 -0.5 0.0048313 1.07880652 1.041 92.05611547 3722.20253 0.525 -1.725 -3.596 -4.842 -5.706 -5.934
thin6 5 thin_disk 9.783135957 -0.5 0.0048313 1.078824282 1.037 98.20930662 3689.775986 0.467 -1.744 -3.681 -4.952 -5.826 -6.061
thin6 5 thin_disk 9.783135957 -0.5 0.0048313 1.078840733 1.034 104.580965 3656.789826 0.41 -1.756 -3.765 -5.061 -5.945 -6.187
thin6 5 thin_disk 9.783135957 -0.5 0.0048313 1.078855991 1.029 111.4173038 3623.264176 0.354 -1.76 -3.844 -5.168 -6.061 -6.309
thin6 5 thin_disk 9.783135957 -0.5 0.0048313 1.078870177 1.025 118.3184972 3591.699548 0.299 -1.746 -3.918 -5.272 -6.173 -6.428
thin6 5 thin_disk 9.783135957 -0.5 0.0048313 1.078883409 1.02 125.3004541 3561.229809 0.248 -1.732 -3.986 -5.369 -6.277 -6.539
thin6 5 thin_disk 9.783135957 -0.5 0.0048313 1.078888774 1.018 128.0125783 3549.768245 0.228 -1.728 -4.012 -5.405 -6.317 -6.581
thin6 5 thin_disk 9.783135957 -0.5 0.0048313 1.078888774 1.018 128.0125783 3549.768245 0.228 0.631 -0.328 -5.405 -6.317 -6.581
thin6 5 thin_disk 9.783135957 -0.5 0.0048313 1.079024911 1.018 10.39328041 4973.933791 2.41 0.607 -0.355 -1.045 -1.546 -1.62
thin6 5 thin_disk 9.783135957 -0.5 0.0048313 1.079166532 1.018 10.45568871 4970.499106 2.404 0.597 -0.367 -1.058 -1.56 -1.634
thin6 5 thin_disk 9.783135957 -0.5 0.0048313 1.079309464 1.018 10.47496655 4971.643737 2.402 0.592 -0.372 -1.063 -1.564 -1.638
thin6 5 thin_disk 9.783135957 -0.5 0.0048313 1.079452991 1.019 10.46532319 4973.933791 2.404 0.59 -0.372 -1.062 -1.562 -1.637
thin6 5 thin_disk 9.783135957 -0.5 0.0048313 1.079599738 1.019 10.44125362 4979.663542 2.406 0.59 -0.371 -1.059 -1.558 -1.632
thin6 5 thin_disk 9.783135957 -0.5 0.0048313 1.079744816 1.019 10.41004591 4984.252094 2.409 0.59 -0.368 -1.055 -1.553 -1.627
thin6 5 thin_disk 9.783135957 -0.5 0.0048313 1.079890847 1.019 10.37893148 4988.844875 2.411 0.591 -0.366 -1.051 -1.547 -1.621
thin6 5 thin_disk 9.783135957 -0.5 0.0048313 1.080036283 1.019 10.34314576 4994.591802 2.414 0.591 -0.364 -1.048 -1.542 -1.616
thin6 5 thin_disk 9.783135957 -0.5 0.0048313 1.08018446 1.019 10.31223128 4999.19411 2.417 0.591 -0.362 -1.044 -1.538 -1.611
thin6 5 thin_disk 9.783135957 -0.5 0.0048313 1.080317736 1.02 10.29325294 5003.800659 2.418 0.59 -0.361 -1.042 -1.535 -1.608
thin6 5 thin_disk 9.783135957 -0.5 0.0048313 1.080452204 1.02 10.2790421 5007.258356 2.42 0.589 -0.36 -1.041 -1.532 -1.605
thin6 5 thin_disk 9.783135957 -0.5 0.0048313 1.080587506 1.02 10.26485088 5010.718443 2.421 0.588 -0.36 -1.039 -1.53 -1.603
thin6 5 thin_disk 9.783135957 -0.5 0.0048313 1.080723405 1.02 10.25067926 5014.18092 2.423 0.587 -0.36 -1.038 -1.528 -1.601
thin6 5 thin_disk 9.783135957 -0.5 0.0048313 1.080866814 1.02 10.24124238 5016.490568 2.424 0.586 -0.36 -1.038 -1.526 -1.599
thin6 5 thin_disk 9.783135957 -0.5 0.0048313 1.080913663 1.02 10.2365272 5017.64579 2.424 0.585 -0.36 -1.037 -1.526 -1.599
thin6 5 thin_disk 9.783135957 -0.5 0.0048313 1.080987573 1.02 10.23181419 5018.801279 2.424 0.585 -0.361 -1.037 -1.526 -1.598
thin6 5 thin_disk 9.783135957 -0.5 0.0048313 1.081120491 1.021 10.22239468 5021.113055 2.425 0.583 -0.361 -1.038 -1.525 -1.598
thin6 5 thin_disk 9.783135957 -0.5 0.0048313 1.081252098 1.021 10.22474875 5023.425895 2.425 0.581 -0.363 -1.038 -1.525 -1.598
thin6 5 thin_disk 9.783135957 -0.5 0.0048313 1.081388593 1.021 10.23181419 5024.582715 2.425 0.579 -0.364 -1.039 -1.526 -1.598
thin6 5 thin_disk 9.783135957 -0.5 0.0048313 1.081523895 1.021 10.22710335 5025.739801 2.425 0.577 -0.366 -1.041 -1.527 -1.6
thin6 5 thin_disk 9.783135957 -0.5 0.0048313 1.081655145 1.021 10.23417043 5026.897154 2.424 0.574 -0.369 -1.043 -1.529 -1.602
thin6 5 thin_disk 9.783135957 -0.5 0.0048313 1.081800222 1.021 10.25776263 5026.897154 2.423 0.57 -0.372 -1.047 -1.533 -1.605
thin6 5 thin_disk 9.783135957 -0.5 0.0048313 1.081932187 1.021 10.26957911 5026.897154 2.421 0.567 -0.376 -1.05 -1.537 -1.609
thin6 5 thin_disk 9.783135957 -0.5 0.0048313 1.081941962 1.022 10.26957911 5026.897154 2.421 0.566 -0.376 -1.051 -1.537 -1.609
thin6 5 thin_disk 9.783135957 -0.5 0.0048313 1.081993699 1.022 10.28614506 5025.739801 2.42 0.565 -0.378 -1.053 -1.539 -1.611
thin6 5 thin_disk 9.783135957 -0.5 0.0048313 1.082140565 1.022 10.31460604 5024.582715 2.417 0.559 -0.384 -1.059 -1.546 -1.618
thin6 5 thin_disk 9.783135957 -0.5 0.0048313 1.082282186 1.022 10.35983038 5022.269342 2.414 0.553 -0.391 -1.067 -1.554 -1.627
thin6 5 thin_disk 9.783135957 -0.5 0.0048313 1.082425594 1.022 10.41004591 5018.801279 2.409 0.546 -0.4 -1.076 -1.565 -1.637
thin6 5 thin_disk 9.783135957 -0.5 0.0048313 1.082572818 1.022 10.48944825 5014.18092 2.404 0.537 -0.41 -1.088 -1.578 -1.651
thin6 5 thin_disk 9.783135957 -0.5 0.0048313 1.082717538 1.022 10.56702281 5007.258356 2.397 0.527 -0.422 -1.102 -1.593 -1.666
thin6 5 thin_disk 9.783135957 -0.5 0.0048313 1.082862258 1.023 10.66971072 5000.34535 2.389 0.516 -0.437 -1.119 -1.611 -1.685
thin6 5 thin_disk 9.783135957 -0.5 0.0048313 1.083004117 1.023 10.73872312 4995.741982 2.383 0.507 -0.448 -1.131 -1.625 -1.699
thin6 5 thin_disk 9.783135957 -0.5 0.0048313 1.083144784 1.023 10.84307957 4988.844875 2.375 0.495 -0.462 -1.148 -1.643 -1.717
thin6 5 thin_disk 9.783135957 -0.5 0.0048313 1.083287597 1.023 11.09564734 4971.643737 2.355 0.467 -0.497 -1.187 -1.687 -1.762
thin6 5 thin_disk 9.783135957 -0.5 0.0048313 1.083429813 1.023 11.4749987 4945.383779 2.326 0.425 -0.549 -1.247 -1.754 -1.83
thin6 5 thin_disk 9.783135957 -0.5 0.0048313 1.083541155 1.023 12.17173938 4902.301301 2.275 0.353 -0.638 -1.349 -1.867 -1.945
thin6 5 thin_disk 9.783135957 -0.5 0.0048313 1.083595753 1.023 12.99429269 4855.120352 2.218 0.272 -0.738 -1.464 -1.995 -2.075
thin6 5 thin_disk 9.783135957 -0.5 0.0048313 1.083620787 1.023 13.83734104 4811.716153 2.163 0.194 -0.835 -1.575 -2.119 -2.201
thin6 5 thin_disk 9.783135957 -0.5 0.0048313 1.083633304 1.023 14.79969089 4766.504419 2.105 0.109 -0.94 -1.695 -2.252 -2.336
thin6 5 thin_disk 9.783135957 -0.5 0.0048313 1.083639383 1.023 15.7707608 4724.980277 2.05 0.03 -1.038 -1.806 -2.375 -2.461
thin6 5 thin_disk 9.783135957 -0.5 0.0048313 1.08364284 1.023 16.69754586 4688.133821 2 -0.043 -1.128 -1.908 -2.488 -2.576
thin6 5 thin_disk 9.783135957 -0.5 0.0048313 1.083644033 1.023 17.09828866 4673.045396 1.979 -0.074 -1.166 -1.951 -2.534 -2.623
thin6 5 thin_disk 9.783135957 -0.5 0.0048313 1.083645225 1.023 17.63407343 4654.789007 1.953 -0.114 -1.214 -2.005 -2.592 -2.682
thin6 5 thin_disk 9.783135957 -0.5 0.0048313 1.083647728 1.023 18.76517612 4617.426595 1.899 -0.195 -1.312 -2.116 -2.71 -2.804
thin6 5 thin_disk 9.783135957 -0.5 0.0048313 1.083649993 1.023 19.66765787 4588.809196 1.858 -0.257 -1.387 -2.2 -2.799 -2.896
thin6 5 thin_disk 9.783135957 -0.5 0.0048313 1.083652258 1.023 20.06562284 4577.201167 1.841 -0.283 -1.418 -2.236 -2.837 -2.935
thin6 5 thin_disk 9.783135957 -0.5 0.0048313 1.083654761 1.023 20.19540862 4572.98735 1.834 -0.293 -1.429 -2.249 -2.851 -2.949
thin6 5 thin_disk 9.783135957 -0.5 0.0048313 1.083660364 1.023 19.73116121 4586.696458 1.855 -0.262 -1.392 -2.206 -2.806 -2.903
thin6 5 thin_disk 9.783135957 -0.5 0.0048313 1.083664298 1.023 19.54126368 4593.037593 1.863 -0.25 -1.378 -2.19 -2.788 -2.884
thin6 5 thin_disk 9.783135957 -0.5 0.0048313 1.083674312 1.023 19.32202523 4600.446664 1.873 -0.235 -1.36 -2.169 -2.766 -2.862
thin6 5 thin_disk 9.783135957 -0.5 0.0048313 1.083734632 1.023 19.18459542 4603.625638 1.879 -0.225 -1.348 -2.156 -2.752 -2.848
thin6 5 thin_disk 9.783135957 -0.5 0.0048313 1.083791375 1.022 19.51877891 4593.037593 1.864 -0.246 -1.374 -2.186 -2.784 -2.88
thin6 5 thin_disk 9.783135957 -0.5 0.0048313 1.083847404 1.021 20.88106498 4551.976381 1.805 -0.333 -1.479 -2.306 -2.913 -3.013
thin6 5 thin_disk 9.783135957 -0.5 0.0048313 1.083897352 1.02 22.36416279 4511.282253 1.745 -0.419 -1.584 -2.427 -3.042 -3.147
thin6 5 thin_disk 9.783135957 -0.5 0.0048313 1.083940744 1.019 23.90301284 4473.011348 1.687 -0.504 -1.686 -2.544 -3.168 -3.277
thin6 5 thin_disk 9.783135957 -0.5 0.0048313 1.083978534 1.017 25.53010758 4434.044016 1.629 -0.586 -1.786 -2.66 -3.291 -3.406
thin6 5 thin_disk 9.783135957 -0.5 0.0048313 1.084011078 1.016 27.24285663 4397.440784 1.572 -0.666 -1.883 -2.774 -3.412 -3.532
thin6 5 thin_disk 9.783135957 -0.5 0.0048313 1.08403945 1.014 29.03706019 4361.139714 1.516 -0.745 -1.978 -2.885 -3.531 -3.657
thin6 5 thin_disk 9.783135957 -0.5 0.0048313 1.084064841 1.013 30.94942928 4325.13831 1.46 -0.818 -2.074 -2.997 -3.653 -3.783
thin6 5 thin_disk 9.783135957 -0.5 0.0048313 1.084087849 1.011 32.98774622 4289.4341 1.403 -0.891 -2.171 -3.11 -3.777 -3.912
thin6 5 thin_disk 9.783135957 -0.5 0.0048313 1.08410883 1.008 35.28195525 4249.129821 1.344 -0.958 -2.266 -3.224 -3.905 -4.044
thin6 5 thin_disk 9.783135957 -0.5 0.0048313 1.084123731 1.006 37.28658807 4210.173564 1.295 -1 -2.336 -3.311 -4.006 -4.15
thin6 5 thin_disk 9.783135957 -0.5 0.0048313 1.084142089 1.003 40.26731247 4150.496003 1.227 -1.045 -2.425 -3.429 -4.144 -4.296
thin6 5 thin_disk 9.783135957 -0.5 0.0048313 1.084159493 1 42.98853497 4115.285784 1.169 -1.112 -2.521 -3.542 -4.269 -4.427
thin6 5 thin_disk 9.783135957 -0.5 0.0048313 1.084176302 0.996 45.9676863 4079.434834 1.109 -1.179 -2.617 -3.656 -4.396 -4.558
thin6 5 thin_disk 9.783135957 -0.5 0.0048313 1.084192038 0.991 49.09673872 4043.896205 1.049 -1.242 -2.712 -3.769 -4.522 -4.69
thin6 5 thin_disk 9.783135957 -0.5 0.0048313 1.084206939 0.985 52.43878793 4008.667176 0.99 -1.302 -2.805 -3.88 -4.646 -4.82
thin6 5 thin_disk 9.783135957 -0.5 0.0048313 1.084221721 0.978 56.0857646 3971.001033 0.928 -1.359 -2.899 -3.994 -4.772 -4.953
thin6 5 thin_disk 9.783135957 -0.5 0.0048313 1.084234595 0.97 60.05548033 3933.688807 0.865 -1.412 -2.994 -4.11 -4.901 -5.088
thin6 5 thin_disk 9.783135957 -0.5 0.0048313 1.084243894 0.963 64.30617008 3896.727173 0.803 -1.463 -3.086 -4.223 -5.027 -5.221
thin6 5 thin_disk 9.783135957 -0.5 0.0048313 1.084250689 0.957 68.69935267 3860.112837 0.743 -1.507 -3.176 -4.334 -5.15 -5.352
thin6 5 thin_disk 9.783135957 -0.5 0.0048313 1.084256887 0.95 73.74840718 3821.202032 0.678 -1.551 -3.27 -4.452 -5.282 -5.49
thin6 5 thin_disk 9.783135957 -0.5 0.0048313 1.08426261 0.941 79.24149214 3780.941867 0.611 -1.586 -3.363 -4.571 -5.415 -5.631
thin6 5 thin_disk 9.783135957 -0.5 0.0048313 1.084267378 0.933 84.67450078 3742.829122 0.549 -1.608 -3.447 -4.68 -5.537 -5.761
thin6 5 thin_disk 9.783135957 -0.5 0.0048313 1.084272385 0.921 91.04427562 3699.985312 0.481 -1.619 -3.535 -4.798 -5.669 -5.902
thin6 5 thin_disk 9.783135957 -0.5 0.0048313 1.084275484 0.912 94.7005813 3676.207358 0.443 -1.613 -3.58 -4.862 -5.74 -5.977
thin6 5 thin_disk 9.783135957 -0.5 0.0048313 1.084276557 0.909 97.19695172 3660.159406 0.418 -1.61 -3.61 -4.905 -5.788 -6.029
thin6 5 thin_disk 9.783135957 -0.5 0.0048313 1.084276676 0.909 97.71306695 3656.789826 0.414 -1.609 -3.616 -4.912 -5.796 -6.037
thin6 5 thin_disk 9.783135957 -0.5 0.0048313 1.084277153 0.907 99.0267771 3649.21961 0.402 -1.608 -3.631 -4.934 -5.82 -6.064
thin6 5 thin_disk 9.783135957 -0.5 0.0048313 1.084277272 0.907 100.035154 3643.342501 0.393 -1.607 -3.643 -4.951 -5.839 -6.083
thin6 5 thin_disk 9.783135957 -0.5 0.0048313 1.08427763 0.905 102.294585 3629.944626 0.373 -1.604 -3.669 -4.987 -5.879 -6.126
thin6 5 thin_disk 9.783135957 -0.5 0.0048313 1.084277987 0.904 104.6050484 3616.59602 0.352 -1.593 -3.695 -5.025 -5.921 -6.17
thin6 5 thin_disk 9.783135957 -0.5 0.0048313 1.084278464 0.901 107.5356946 3599.97927 0.327 -1.578 -3.724 -5.07 -5.969 -6.222
thin6 5 thin_disk 9.783135957 -0.5 0.0048313 1.084279537 0.896 112.8632741 3571.083458 0.283 -1.551 -3.775 -5.149 -6.056 -6.314
thin6 5 thin_disk 9.783135957 -0.5 0.0048313 1.084280372 0.89 114.4070124 3561.229809 0.267 -1.536 -3.788 -5.171 -6.081 -6.342
thin6 5 thin_disk 9.783135957 -0.5 0.0048313 1.084280491 0.889 114.5915635 3560.4099 0.266 -1.534 -3.788 -5.172 -6.082 -6.343
thin6 5 thin_disk 9.783135957 -0.5 0.0048313 1.08428061 0.888 112.034723 3571.905825 0.285 -1.541 -3.762 -5.135 -6.041 -6.3
thin6 5 thin_disk 9.783135957 -0.5 0.0048313 1.084280729 0.887 102.3181419 3619.095139 0.364 -1.555 -3.65 -4.977 -5.873 -6.121
thin6 5 thin_disk 9.783135957 -0.5 0.0048313 1.084280848 0.887 103.1460604 3614.930899 0.357 -1.555 -3.66 -4.991 -5.887 -6.137
thin6 5 thin_disk 9.783135957 -0.5 0.0048313 1.084280968 0.886 107.1649202 3595.837026 0.323 -1.55 -3.708 -5.058 -5.959 -6.213
thin6 5 thin_disk 9.783135957 -0.5 0.0048313 1.084281087 0.886 108.0818189 3590.872624 0.316 -1.548 -3.718 -5.072 -5.974 -6.229
thin6 5 thin_disk 9.783135957 -0.5 0.0048313 1.084281564 0.882 107.4119608 3591.699548 0.318 -1.539 -3.707 -5.061 -5.963 -6.218
thin6 5 thin_disk 9.783135957 -0.5 0.0048313 1.084282041 0.879 114.3280102 3556.313186 0.264 -1.513 -3.776 -5.163 -6.075 -6.336
thin6 5 thin_disk 9.783135957 -0.5 0.0048313 1.084282398 0.876 119.9368518 3528.580258 0.22 -1.474 -3.826 -5.243 -6.162 -6.43
thin6 5 thin_disk 9.783135957 -0.5 0.0048313 1.084282756 0.872 126.081871 3499.45167 0.175 -1.422 -3.873 -5.325 -6.251 -6.526
thin6 5 thin_disk 9.783135957 -0.5 0.0048313 1.084283113 0.868 130.7231923 3478.564015 0.141 -1.383 -3.907 -5.384 -6.316 -6.596
thin6 5 thin_disk 9.783135957 -0.5 0.0048313 1.08428359 0.863 135.6602599 3456.209026 0.106 -1.331 -3.938 -5.446 -6.382 -6.667
thin6 5 thin_disk 9.783135957 -0.5 0.0048313 1.084284186 0.856 141.3684983 3430.836328 0.067 -1.26 -3.967 -5.513 -6.454 -6.745
thin6 5 thin_disk 9.783135957 -0.5 0.0048313 1.08428514 0.845 147.3847825 3404.865806 0.025 -1.177 -3.992 -5.579 -6.526 -6.823
thin6 5 thin_disk 9.783135957 -0.5 0.0048313 1.084285498 0.84 149.4007043 3395.4708 0.01 -1.146 -4 -5.601 -6.55 -6.849
thin6 5 thin_disk 9.783135957 -0.5 0.0048313 1.084285617 0.839 138.4371484 3445.085463 0.077 -1.301 -3.954 -5.479 -6.417 -6.706
thin6 5 thin_disk 9.783135957 -0.5 0.0048313 1.084285736 0.839 95.488846 3627.438015 0.399 -1.446 -3.515 -4.834 -5.728 -5.975
thin6 5 thin_disk 9.783135957 -0.5 0.0048313 1.084285736 0.839 95.488846 3627.438015 0.399 -1.445 -3.268 -4.834 -5.728 -5.975
thin6 5 thin_disk 9.783135957 -0.5 0.0048313 1.084285974 0.836 56.65687868 3946.389982 0.851 -1.314 -2.885 -3.995 -4.78 -4.967
thin6 5 thin_disk 9.783135957 -0.5 0.0048313 1.084286213 0.834 57.96323885 3930.972449 0.83 -1.325 -2.913 -4.031 -4.822 -5.011
thin6 5 thin_disk 9.783135957 -0.5 0.0048313 1.08428657 0.83 70.54279205 3807.150104 0.658 -1.414 -3.151 -4.342 -5.177 -5.389
thin6 5 thin_disk 9.783135957 -0.5 0.0048313 1.084286928 0.826 92.24708361 3644.181508 0.423 -1.437 -3.468 -4.774 -5.663 -5.906
thin6 5 thin_disk 9.783135957 -0.5 0.0048313 1.084287405 0.822 115.5187936 3511.559245 0.225 -1.305 -3.709 -5.145 -6.069 -6.34
thin6 5 thin_disk 9.783135957 -0.5 0.0048313 1.084288001 0.816 133.4297416 3429.256733 0.096 -1.132 -3.838 -5.385 -6.328 -6.617
thin6 5 thin_disk 9.783135957 -0.5 0.0048313 1.084288597 0.81 143.7317273 3386.881486 0.029 -1.01 -3.893 -5.507 -6.459 -6.759
thin6 5 thin_disk 9.783135957 -0.5 0.0048313 1.084289312 0.803 148.2697806 3367.441036 -0.002 -0.927 -3.904 -5.56 -6.514 -6.819
thin6 5 thin_disk 9.783135957 -0.5 0.0048313 1.084290147 0.796 150.6095964 3356.603167 -0.02 -0.877 -3.905 -5.585 -6.54 -6.848
thin6 5 thin_disk 9.783135957 -0.5 0.0048313 1.084290147 0.796 150.6095964 3356.603167 -0.02 -1.293 -3.66 -5.585 -6.54 -6.848
thin6 5 thin_disk 9.783135957 -0.5 0.0048313 1.084290266 0.794 82.99513675 3696.579068 0.497 -1.409 -3.328 -4.593 -5.466 -5.699
thin6 5 thin_disk 9.783135957 -0.5 0.0048313 1.084290504 0.791 60.77887328 3887.764949 0.766 -1.316 -2.951 -4.094 -4.9 -5.096
thin6 5 thin_disk 9.783135957 -0.5 0.0048313 1.084290862 0.786 62.18027592 3872.576449 0.743 -1.324 -2.979 -4.131 -4.942 -5.142
thin6 5 thin_disk 9.783135957 -0.5 0.0048313 1.08429122 0.781 75.58796353 3750.593529 0.571 -1.388 -3.214 -4.441 -5.295 -5.518
thin6 5 thin_disk 9.783135957 -0.5 0.0048313 1.084291816 0.774 98.73079745 3590.04589 0.335 -1.351 -3.52 -4.874 -5.778 -6.032
thin6 5 thin_disk 9.783135957 -0.5 0.0048313 1.084292293 0.766 123.5812674 3460.190425 0.136 -1.156 -3.743 -5.244 -6.181 -6.464
thin6 5 thin_disk 9.783135957 -0.5 0.0048313 1.084293008 0.757 142.7094212 3377.536103 0.006 -0.921 -3.85 -5.485 -6.437 -6.74
thin6 5 thin_disk 9.783135957 -0.5 0.0048313 1.084293842 0.747 153.798693 3335.031959 -0.065 -0.739 -3.88 -5.61 -6.568 -6.882
thin6 5 thin_disk 9.783135957 -0.5 0.0048313 1.084294677 0.736 158.8373544 3315.889122 -0.1 -0.647 -3.889 -5.663 -6.625 -6.945
thin6 5 thin_disk 9.783135957 -0.5 0.0048313 1.08429563 0.724 161.455426 3305.978311 -0.122 -0.59 -3.888 -5.69 -6.653 -6.976
thin6 5 thin_disk 9.783135957 -0.5 0.0048313 1.08429563 0.724 161.455426 3305.978311 -0.122 -1.156 -3.714 -5.69 -6.653 -6.976
thin6 5 thin_disk 9.783135957 -0.5 0.0048313 1.084295869 0.721 89.54733076 3645.860102 0.389 -1.374 -3.407 -4.713 -5.6 -5.845
thin6 5 thin_disk 9.783135957 -0.5 0.0048313 1.084296107 0.716 65.27586639 3843.262072 0.661 -1.344 -3.04 -4.21 -5.03 -5.236
thin6 5 thin_disk 9.783135957 -0.5 0.0048313 1.084296465 0.71 66.79633665 3830.010812 0.638 -1.358 -3.069 -4.248 -5.072 -5.28
thin6 5 thin_disk 9.783135957 -0.5 0.0048313 1.084296942 0.703 81.03126985 3711.077295 0.465 -1.403 -3.3 -4.556 -5.421 -5.653
thin6 5 thin_disk 9.783135957 -0.5 0.0048313 1.084297419 0.694 105.4271933 3553.039208 0.23 -1.315 -3.594 -4.986 -5.898 -6.162
thin6 5 thin_disk 9.783135957 -0.5 0.0048313 1.084298134 0.683 131.5384272 3426.099725 0.031 -1.058 -3.794 -5.351 -6.294 -6.588
thin6 5 thin_disk 9.783135957 -0.5 0.0048313 1.084298849 0.671 151.5488499 3348.112174 -0.1 -0.778 -3.879 -5.588 -6.545 -6.86
thin6 5 thin_disk 9.783135957 -0.5 0.0048313 1.084299803 0.657 162.7243872 3312.07376 -0.17 -0.622 -3.914 -5.707 -6.67 -6.997
thin6 5 thin_disk 9.783135957 -0.5 0.0048313 1.084300757 0.642 167.321845 3302.174353 -0.204 -0.567 -3.928 -5.756 -6.72 -7.054
thin6 5 thin_disk 9.783135957 -0.5 0.0048313 1.084301829 0.626 168.9089433 3303.69541 -0.224 -0.579 -3.946 -5.776 -6.741 -7.078
thin6 5 thin_disk 9.783135957 -0.5 0.0048313 1.084306955 0.514 3.335436253e-06 10000 1.781 30.061 30.042 30.036 30.057 30.065
