# component component_index family logAge MH Zini Mini Mass radius_rsun Teff_K logg Vmag Imag Jmag_2mass Hmag_2mass Ksmag_2mass
thin6 5 thin_disk 9.783135957 0 0.01471 0.0900000036 0.09 0.1216333435 2308.341184 5.219 18.145 13.731 11.176 10.572 10.311
thin6 5 thin_disk 9.783135957 0 0.01471 0.1000000015 0.1 0.1333069048 2451.319952 5.186 17.668 13.272 10.718 10.115 9.851
thin6 5 thin_disk 9.783135957 0 0.01471 0.1121461689 0.112 0.1458655201 2579.882936 5.157 17.234 12.853 10.3 9.699 9.431
thin6 5 thin_disk 9.783135957 0 0.01471 0.1200000048 0.12 0.1539049701 2658.887731 5.14 16.717 12.502 10.072 9.47 9.199
thin6 5 thin_disk 9.783135957 0 0.01471 0.1400000006 0.14 0.1733614955 2783.556238 5.103 15.61 11.793 9.663 9.061 8.789
thin6 5 thin_disk 9.783135957 0 0.01471 0.148373276 0.148 0.1809891935 2821.629583 5.091 15.275 11.572 9.523 8.922 8.65
thin6 5 thin_disk 9.783135957 0 0.01471 0.1599999964 0.16 0.1916252105 2871.44168 5.075 14.838 11.292 9.344 8.742 8.471
thin6 5 thin_disk 9.783135957 0 0.01471 0.200000003 0.2 0.2256070386 2998.472016 5.029 13.78 10.582 8.847 8.244 7.981
thin6 5 thin_disk 9.783135957 0 0.01471 0.25 0.25 0.2659210059 3113.149665 4.983 12.857 9.946 8.368 7.765 7.509
thin6 5 thin_disk 9.783135957 0 0.01471 0.3000000119 0.3 0.3051775941 3190.068436 4.943 12.241 9.483 7.988 7.382 7.134
thin6 5 thin_disk 9.783135957 0 0.01471 0.3323776126 0.332 0.3343125228 3232.213203 4.909 11.882 9.202 7.748 7.14 6.896
thin6 5 thin_disk 9.783135957 0 0.01471 0.3500000238 0.35 0.3502294361 3253.868518 4.891 11.702 9.059 7.625 7.015 6.773
thin6 5 thin_disk 9.783135957 0 0.01471 0.4000000358 0.4 0.3929638905 3337.336513 4.849 11.162 8.655 7.292 6.676 6.44
thin6 5 thin_disk 9.783135957 0 0.01471 0.4500000179 0.45 0.4410142726 3432.41665 4.799 10.614 8.241 6.949 6.325 6.095
thin6 5 thin_disk 9.783135957 0 0.01471 0.5 0.5 0.4932335897 3554.67582 4.749 10.027 7.806 6.595 5.96 5.738
thin6 5 thin_disk 9.783135957 0 0.01471 0.5067229271 0.507 0.5002103169 3576.844006 4.742 9.934 7.741 6.543 5.906 5.685
thin6 5 thin_disk 9.783135957 0 0.01471 0.5500000119 0.55 0.5480909673 3718.775833 4.698 9.364 7.338 6.223 5.574 5.364
thin6 5 thin_disk 9.783135957 0 0.01471 0.6000000238 0.6 0.5955971965 3931.877693 4.663 8.691 6.883 5.865 5.196 5.015
thin6 5 thin_disk 9.783135957 0 0.01471 0.6499999762 0.65 0.6346768314 4205.329212 4.644 8.008 6.43 5.504 4.835 4.696
thin6 5 thin_disk 9.783135957 0 0.01471 0.7000000477 0.7 0.6687328306 4505.053989 4.63 7.333 5.999 5.17 4.548 4.444
thin6 5 thin_disk 9.783135957 0 0.01471 0.7248782516 0.725 0.6855713258 4659.078201 4.623 7.015 5.789 5.013 4.434 4.341
thin6 5 thin_disk 9.783135957 0 0.01471 0.75 0.75 0.7033194776 4813.93254 4.616 6.715 5.584 4.859 4.33 4.244
thin6 5 thin_disk 9.783135957 0 0.01471 0.7847288847 0.785 0.7381636326 4988.844875 4.594 6.362 5.324 4.652 4.169 4.091
thin6 5 thin_disk 9.783135957 0 0.01471 0.8000000119 0.8 0.7529266075 5066.406124 4.584 6.215 5.213 4.563 4.101 4.026
thin6 5 thin_disk 9.783135957 0 0.01471 0.8297485709 0.829 0.7860544757 5213.147344 4.563 5.939 5 4.391 3.964 3.894
thin6 5 thin_disk 9.783135957 0 0.01471 0.8500000238 0.849 0.8104993014 5311.289819 4.547 5.76 4.859 4.275 3.87 3.804
thin6 5 thin_disk 9.783135957 0 0.01471 0.8757096529 0.875 0.8447975483 5428.75197 4.524 5.539 4.681 4.126 3.748 3.685
thin6 5 thin_disk 9.783135957 0 0.01471 0.8999999762 0.899 0.8797365684 5538.599983 4.5 5.336 4.517 3.988 3.631 3.573
thin6 5 thin_disk 9.783135957 0 0.01471 0.9078960419 0.907 0.8925912904 5571.857489 4.492 5.272 4.464 3.943 3.592 3.536
thin6 5 thin_disk 9.783135957 0 0.01471 0.9227898121 0.922 0.9178097033 5632.484432 4.475 5.15 4.365 3.857 3.517 3.463
thin6 5 thin_disk 9.783135957 0 0.01471 0.9369446039 0.936 0.9428717958 5689.839292 4.458 5.038 4.27 3.774 3.444 3.392
thin6 5 thin_disk 9.783135957 0 0.01471 0.9499999881 0.949 0.9679493775 5739.842822 4.441 4.934 4.182 3.696 3.375 3.326
thin6 5 thin_disk 9.783135957 0 0.01471 0.9509630203 0.95 0.9699573646 5743.809135 4.44 4.926 4.176 3.691 3.37 3.32
thin6 5 thin_disk 9.783135957 0 0.01471 0.9636060596 0.963 0.9964434227 5788.952686 4.422 4.826 4.09 3.614 3.301 3.253
thin6 5 thin_disk 9.783135957 0 0.01471 0.9757974148 0.975 1.023417043 5831.764797 4.405 4.73 4.007 3.54 3.234 3.187
thin6 5 thin_disk 9.783135957 0 0.01471 0.9981217384 0.998 1.077587748 5903.369946 4.37 4.554 3.854 3.401 3.107 3.063
thin6 5 thin_disk 9.783135957 0 0.01471 1 1 1.081814118 5908.809656 4.367 4.54 3.841 3.389 3.096 3.052
thin6 5 thin_disk 9.783135957 0 0.01471 1.004911303 1.005 1.09509714 5923.794716 4.358 4.501 3.807 3.357 3.067 3.024
thin6 5 thin_disk 9.783135957 0 0.01471 1.016277909 1.016 1.126815065 5955.25003 4.338 4.412 3.727 3.284 2.999 2.956
thin6 5 thin_disk 9.783135957 0 0.01471 1.02688241 1.026 1.159451655 5979.983697 4.319 4.33 3.654 3.215 2.934 2.892
thin6 5 thin_disk 9.783135957 0 0.01471 1.037788153 1.037 1.192758842 6002.055404 4.298 4.249 3.579 3.145 2.867 2.826
thin6 5 thin_disk 9.783135957 0 0.01471 1.047827601 1.047 1.2264579 6018.662629 4.278 4.174 3.509 3.078 2.803 2.763
thin6 5 thin_disk 9.783135957 0 0.01471 1.049999952 1.049 1.234674972 6022.82161 4.273 4.157 3.494 3.063 2.789 2.748
thin6 5 thin_disk 9.783135957 0 0.01471 1.059751511 1.059 1.270728133 6036.705648 4.252 4.082 3.423 2.994 2.723 2.683
thin6 5 thin_disk 9.783135957 0 0.01471 1.073927403 1.073 1.330615704 6057.591739 4.218 3.965 3.312 2.887 2.619 2.58
thin6 5 thin_disk 9.783135957 0 0.01471 1.075972557 1.075 1.340147637 6060.382005 4.213 3.948 3.296 2.872 2.604 2.564
thin6 5 thin_disk 9.783135957 0 0.01471 1.087102652 1.086 1.393967489 6070.158063 4.182 3.853 3.204 2.781 2.515 2.475
thin6 5 thin_disk 9.783135957 0 0.01471 1.097875834 1.096 1.45496533 6072.954118 4.15 3.759 3.111 2.688 2.422 2.383
thin6 5 thin_disk 9.783135957 0 0.01471 1.100000024 1.099 1.467413955 6071.55593 4.143 3.74 3.092 2.669 2.403 2.364
thin6 5 thin_disk 9.783135957 0 0.01471 1.106720924 1.105 1.511654861 6068.760519 4.12 3.679 3.031 2.607 2.341 2.301
thin6 5 thin_disk 9.783135957 0 0.01471 1.11534369 1.114 1.574898774 6056.197087 4.088 3.599 2.948 2.522 2.254 2.215
thin6 5 thin_disk 9.783135957 0 0.01471 1.118793964 1.117 1.602332512 6049.228645 4.074 3.567 2.915 2.488 2.219 2.179
thin6 5 thin_disk 9.783135957 0 0.01471 1.124424219 1.123 1.654065277 6029.759633 4.049 3.514 2.857 2.426 2.154 2.114
thin6 5 thin_disk 9.783135957 0 0.01471 1.133455515 1.132 1.748850336 5979.983697 4.003 3.433 2.762 2.322 2.042 2
thin6 5 thin_disk 9.783135957 0 0.01471 1.141412735 1.14 1.856746632 5897.935245 3.954 3.374 2.679 2.223 1.93 1.885
thin6 5 thin_disk 9.783135957 0 0.01471 1.148438931 1.147 1.978575581 5766.336733 3.902 3.353 2.621 2.138 1.823 1.773
thin6 5 thin_disk 9.783135957 0 0.01471 1.149999976 1.148 2.009799088 5714.786367 3.889 3.365 2.617 2.123 1.799 1.747
thin6 5 thin_disk 9.783135957 0 0.01471 1.151968837 1.15 2.054719984 5645.468649 3.87 3.383 2.613 2.104 1.767 1.713
thin6 5 thin_disk 9.783135957 0 0.01471 1.154914498 1.153 2.133303495 5486.558321 3.839 3.459 2.639 2.095 1.726 1.667
thin6 5 thin_disk 9.783135957 0 0.01471 1.156618357 1.155 2.192061048 5375.266488 3.816 3.518 2.663 2.09 1.698 1.635
thin6 5 thin_disk 9.783135957 0 0.01471 1.157729268 1.156 2.237961674 5301.515067 3.799 3.554 2.674 2.083 1.674 1.608
thin6 5 thin_disk 9.783135957 0 0.01471 1.158707857 1.157 2.284297397 5238.41619 3.781 3.58 2.677 2.069 1.646 1.578
thin6 5 thin_disk 9.783135957 0 0.01471 1.159657836 1.158 2.338582227 5183.224264 3.761 3.594 2.672 2.048 1.611 1.541
thin6 5 thin_disk 9.783135957 0 0.01471 1.160825133 1.159 2.42132254 5126.25257 3.732 3.587 2.644 2.004 1.553 1.481
thin6 5 thin_disk 9.783135957 0 0.01471 1.162216663 1.16 2.53193554 5071.074606 3.693 3.557 2.592 1.936 1.471 1.397
thin6 5 thin_disk 9.783135957 0 0.01471 1.162760735 1.161 2.581978638 5053.589948 3.676 3.537 2.565 1.904 1.435 1.36
thin6 5 thin_disk 9.783135957 0 0.01471 1.163770437 1.162 2.683197526 5029.212659 3.643 3.482 2.502 1.834 1.359 1.282
thin6 5 thin_disk 9.783135957 0 0.01471 1.165235877 1.163 2.846771733 4999.19411 3.593 3.393 2.401 1.724 1.241 1.163
thin6 5 thin_disk 9.783135957 0 0.01471 1.166736722 1.165 3.030767663 4975.079214 3.538 3.287 2.286 1.601 1.112 1.033
thin6 5 thin_disk 9.783135957 0 0.01471 1.167969942 1.166 3.204443694 4956.784066 3.491 3.19 2.183 1.492 0.998 0.918
thin6 5 thin_disk 9.783135957 0 0.01471 1.169338465 1.168 3.419421554 4938.556196 3.435 3.072 2.057 1.36 0.861 0.78
thin6 5 thin_disk 9.783135957 0 0.01471 1.170379639 1.169 3.608715499 4924.929296 3.388 2.973 1.953 1.252 0.749 0.668
thin6 5 thin_disk 9.783135957 0 0.01471 1.171576381 1.17 3.859691956 4906.818568 3.331 2.851 1.823 1.116 0.609 0.527
thin6 5 thin_disk 9.783135957 0 0.01471 1.172448993 1.171 4.070545793 4892.152651 3.285 2.754 1.721 1.009 0.498 0.415
thin6 5 thin_disk 9.783135957 0 0.01471 1.173483729 1.172 4.360664204 4873.040266 3.225 2.63 1.588 0.87 0.355 0.271
thin6 5 thin_disk 9.783135957 0 0.01471 1.174351692 1.172 4.652138598 4852.885002 3.169 2.516 1.466 0.742 0.221 0.136
thin6 5 thin_disk 9.783135957 0 0.01471 1.175176621 1.173 4.97682815 4831.700432 3.111 2.398 1.339 0.607 0.081 -0.005
thin6 5 thin_disk 9.783135957 0 0.01471 1.175916672 1.174 5.3266314 4809.500785 3.052 2.282 1.214 0.474 -0.058 -0.146
thin6 5 thin_disk 9.783135957 0 0.01471 1.176598191 1.175 5.703647076 4786.300923 2.993 2.165 1.086 0.339 -0.2 -0.289
thin6 5 thin_disk 9.783135957 0 0.01471 1.177180648 1.175 6.096107893 4762.116327 2.936 2.056 0.966 0.211 -0.334 -0.425
thin6 5 thin_disk 9.783135957 0 0.01471 1.17771554 1.176 6.515573448 4738.053933 2.878 1.946 0.845 0.081 -0.471 -0.563
thin6 5 thin_disk 9.783135957 0 0.01471 1.178195357 1.176 6.959093072 4713.027784 2.82 1.839 0.726 -0.047 -0.606 -0.7
thin6 5 thin_disk 9.783135957 0 0.01471 1.178636312 1.176 7.436227106 4687.054463 2.763 1.731 0.607 -0.175 -0.741 -0.837
thin6 5 thin_disk 9.783135957 0 0.01471 1.179028153 1.177 7.936931732 4661.22428 2.707 1.629 0.493 -0.299 -0.872 -0.97
thin6 5 thin_disk 9.783135957 0 0.01471 1.179389596 1.177 8.461602991 4635.536446 2.651 1.529 0.38 -0.421 -1.002 -1.102
thin6 5 thin_disk 9.783135957 0 0.01471 1.179729342 1.177 9.035509458 4608.92881 2.595 1.429 0.267 -0.544 -1.132 -1.234
thin6 5 thin_disk 9.783135957 0 0.01471 1.180055618 1.177 9.615074306 4582.473899 2.54 1.333 0.158 -0.662 -1.259 -1.362
thin6 5 thin_disk 9.783135957 0 0.01471 1.18046701 1.178 10.19888383 4558.269515 2.489 1.243 0.056 -0.773 -1.377 -1.483
thin6 5 thin_disk 9.783135957 0 0.01471 1.180552244 1.178 10.28377686 4555.121862 2.482 1.231 0.041 -0.79 -1.394 -1.5
thin6 5 thin_disk 9.783135957 0 0.01471 1.180812955 1.178 9.839038157 4577.201167 2.521 1.292 0.115 -0.707 -1.305 -1.409
thin6 5 thin_disk 9.783135957 0 0.01471 1.180982113 1.178 9.325081686 4602.565736 2.567 1.368 0.203 -0.61 -1.2 -1.303
thin6 5 thin_disk 9.783135957 0 0.01471 1.181018949 1.178 9.218338359 4607.867687 2.577 1.385 0.223 -0.589 -1.177 -1.279
thin6 5 thin_disk 9.783135957 0 0.01471 1.181067228 1.178 9.335823766 4602.565736 2.566 1.366 0.202 -0.611 -1.201 -1.303
thin6 5 thin_disk 9.783135957 0 0.01471 1.181334496 1.178 9.962140096 4575.093773 2.51 1.268 0.09 -0.733 -1.332 -1.436
thin6 5 thin_disk 9.783135957 0 0.01471 1.181601763 1.178 10.64762249 4546.738741 2.453 1.171 -0.024 -0.858 -1.465 -1.571
thin6 5 thin_disk 9.783135957 0 0.01471 1.18184948 1.179 11.35409817 4518.559444 2.396 1.076 -0.135 -0.98 -1.595 -1.704
thin6 5 thin_disk 9.783135957 0 0.01471 1.182079077 1.179 12.12697954 4489.520924 2.34 0.982 -0.246 -1.102 -1.725 -1.836
thin6 5 thin_disk 9.783135957 0 0.01471 1.182290792 1.179 12.93756798 4460.669021 2.283 0.889 -0.356 -1.223 -1.854 -1.969
thin6 5 thin_disk 9.783135957 0 0.01471 1.182482123 1.179 13.78010875 4433.023158 2.228 0.801 -0.464 -1.342 -1.981 -2.098
thin6 5 thin_disk 9.783135957 0 0.01471 1.182660699 1.179 14.70796693 4403.520272 2.172 0.712 -0.572 -1.461 -2.109 -2.229
thin6 5 thin_disk 9.783135957 0 0.01471 1.182825804 1.179 15.67301845 4375.221052 2.116 0.624 -0.679 -1.58 -2.237 -2.36
thin6 5 thin_disk 9.783135957 0 0.01471 1.182975769 1.179 16.7090841 4346.102854 2.061 0.539 -0.784 -1.697 -2.363 -2.489
thin6 5 thin_disk 9.783135957 0 0.01471 1.183115244 1.179 17.82184429 4316.184492 2.004 0.455 -0.89 -1.816 -2.491 -2.62
thin6 5 thin_disk 9.783135957 0 0.01471 1.183241248 1.179 18.99995817 4287.459197 1.949 0.369 -0.992 -1.93 -2.61 -2.744
thin6 5 thin_disk 9.783135957 0 0.01471 1.183357477 1.178 20.24196385 4257.944536 1.894 0.284 -1.093 -2.044 -2.728 -2.868
thin6 5 thin_disk 9.783135957 0 0.01471 1.183463454 1.178 21.56515802 4228.633052 1.839 0.201 -1.192 -2.157 -2.844 -2.991
thin6 5 thin_disk 9.783135957 0 0.01471 1.183560967 1.178 22.9748479 4199.523347 1.784 0.119 -1.29 -2.268 -2.96 -3.113
thin6 5 thin_disk 9.783135957 0 0.01471 1.18365252 1.178 24.48796212 4169.653822 1.729 0.035 -1.389 -2.381 -3.077 -3.237
thin6 5 thin_disk 9.783135957 0 0.01471 1.183735132 1.178 26.05869392 4140.950127 1.675 -0.043 -1.485 -2.491 -3.192 -3.358
thin6 5 thin_disk 9.783135957 0 0.01471 1.183811426 1.177 27.74295036 4111.497211 1.62 -0.121 -1.58 -2.601 -3.305 -3.479
thin6 5 thin_disk 9.783135957 0 0.01471 1.18388319 1.177 29.53606566 4082.253781 1.565 -0.2 -1.675 -2.711 -3.421 -3.601
thin6 5 thin_disk 9.783135957 0 0.01471 1.18394649 1.177 31.37275405 4053.218349 1.512 -0.271 -1.765 -2.817 -3.531 -3.718
thin6 5 thin_disk 9.783135957 0 0.01471 1.184007764 1.176 33.41586016 4023.46289 1.458 -0.339 -1.861 -2.928 -3.651 -3.844
thin6 5 thin_disk 9.783135957 0 0.01471 1.1840626 1.176 35.53469931 3994.845613 1.404 -0.402 -1.954 -3.037 -3.768 -3.966
thin6 5 thin_disk 9.783135957 0 0.01471 1.184112787 1.175 37.76179627 3965.51868 1.352 -0.46 -2.045 -3.144 -3.883 -4.087
thin6 5 thin_disk 9.783135957 0 0.01471 1.184160829 1.175 40.19320562 3935.500755 1.297 -0.516 -2.138 -3.254 -4.003 -4.212
thin6 5 thin_disk 9.783135957 0 0.01471 1.184203625 1.174 42.66312316 3906.609483 1.245 -0.569 -2.226 -3.36 -4.117 -4.331
thin6 5 thin_disk 9.783135957 0 0.01471 1.184243202 1.174 45.30567913 3877.037485 1.193 -0.617 -2.314 -3.465 -4.23 -4.45
thin6 5 thin_disk 9.783135957 0 0.01471 1.18428123 1.173 48.18952492 3846.803478 1.139 -0.66 -2.402 -3.572 -4.347 -4.572
thin6 5 thin_disk 9.783135957 0 0.01471 1.184315562 1.172 51.11550371 3817.684195 1.087 -0.701 -2.487 -3.676 -4.459 -4.69
thin6 5 thin_disk 9.783135957 0 0.01471 1.18434751 1.171 54.21914251 3788.785337 1.036 -0.734 -2.57 -3.779 -4.571 -4.807
thin6 5 thin_disk 9.783135957 0 0.01471 1.184377551 1.171 57.56422272 3758.374043 0.984 -0.756 -2.651 -3.883 -4.683 -4.925
thin6 5 thin_disk 9.783135957 0 0.01471 1.184405804 1.17 61.11567952 3728.206849 0.931 -0.775 -2.732 -3.988 -4.795 -5.044
thin6 5 thin_disk 9.783135957 0 0.01471 1.184437633 1.168 65.68294924 3690.625686 0.868 -0.78 -2.826 -4.114 -4.931 -5.186
thin6 5 thin_disk 9.783135957 0 0.01471 1.184467077 1.167 70.59153812 3653.423349 0.805 -0.775 -2.916 -4.24 -5.066 -5.329
thin6 5 thin_disk 9.783135957 0 0.01471 1.184493899 1.165 75.77965868 3616.59602 0.743 -0.757 -3.001 -4.363 -5.198 -5.468
thin6 5 thin_disk 9.783135957 0 0.01471 1.184518933 1.164 81.34907983 3580.139918 0.681 -0.72 -3.08 -4.485 -5.328 -5.607
thin6 5 thin_disk 9.783135957 0 0.01471 1.184542179 1.162 87.26752214 3543.235349 0.619 -0.674 -3.155 -4.607 -5.458 -5.745
thin6 5 thin_disk 9.783135957 0 0.01471 1.184563637 1.16 93.55190702 3505.903839 0.557 -0.598 -3.216 -4.728 -5.586 -5.882
thin6 5 thin_disk 9.783135957 0 0.01471 1.184583783 1.157 100.4506254 3468.166988 0.495 -0.518 -3.277 -4.849 -5.715 -6.019
thin6 5 thin_disk 9.783135957 0 0.01471 1.184602261 1.155 107.5604585 3431.626398 0.434 -0.398 -3.317 -4.968 -5.84 -6.153
thin6 5 thin_disk 9.783135957 0 0.01471 1.184619665 1.152 115.2796488 3393.907488 0.374 -0.274 -3.354 -5.087 -5.965 -6.287
thin6 5 thin_disk 9.783135957 0 0.01471 1.184635639 1.149 123.2118972 3357.376142 0.314 -0.115 -3.363 -5.203 -6.085 -6.417
thin6 5 thin_disk 9.783135957 0 0.01471 1.184650779 1.145 131.9023839 3320.473358 0.254 0.059 -3.364 -5.318 -6.205 -6.548
thin6 5 thin_disk 9.783135957 0 0.01471 1.184664845 1.141 140.8810711 3283.976193 0.195 0.278 -3.33 -5.431 -6.322 -6.675
thin6 5 thin_disk 9.783135957 0 0.01471 1.184678197 1.137 150.4709437 3247.880188 0.136 0.514 -3.283 -5.541 -6.436 -6.801
thin6 5 thin_disk 9.783135957 0 0.01471 1.184694171 1.131 162.4997304 3205.531139 0.067 0.756 -3.231 -5.669 -6.57 -6.946
thin6 5 thin_disk 9.783135957 0 0.01471 1.184694171 1.131 162.4997304 3205.531139 0.067 0.895 -0.222 -5.669 -6.57 -6.946
thin6 5 thin_disk 9.783135957 0 0.01471 1.184852123 1.131 11.10331459 4673.045396 2.398 0.875 -0.247 -1.036 -1.601 -1.701
thin6 5 thin_disk 9.783135957 0 0.01471 1.185014009 1.131 11.16484363 4670.893875 2.393 0.865 -0.258 -1.049 -1.614 -1.714
thin6 5 thin_disk 9.783135957 0 0.01471 1.185180664 1.131 11.15456516 4673.045396 2.394 0.864 -0.258 -1.048 -1.613 -1.712
thin6 5 thin_disk 9.783135957 0 0.01471 1.185346246 1.132 11.10842903 4677.351413 2.397 0.865 -0.255 -1.042 -1.606 -1.705
thin6 5 thin_disk 9.783135957 0 0.01471 1.185512304 1.132 11.05739044 4682.739514 2.401 0.868 -0.25 -1.036 -1.598 -1.697
thin6 5 thin_disk 9.783135957 0 0.01471 1.185681701 1.132 11.01165623 4687.054463 2.405 0.87 -0.245 -1.029 -1.59 -1.689
thin6 5 thin_disk 9.783135957 0 0.01471 1.185850263 1.132 10.96611118 4691.373388 2.409 0.873 -0.24 -1.023 -1.583 -1.681
thin6 5 thin_disk 9.783135957 0 0.01471 1.186013699 1.132 10.92075452 4695.696293 2.412 0.875 -0.235 -1.017 -1.576 -1.673
thin6 5 thin_disk 9.783135957 0 0.01471 1.186175346 1.133 10.88811364 4700.023182 2.416 0.877 -0.232 -1.012 -1.569 -1.667
thin6 5 thin_disk 9.783135957 0 0.01471 1.186349869 1.133 10.84807414 4703.270964 2.418 0.878 -0.228 -1.007 -1.564 -1.661
thin6 5 thin_disk 9.783135957 0 0.01471 1.186509252 1.133 10.82063244 4706.520991 2.421 0.879 -0.226 -1.004 -1.559 -1.656
thin6 5 thin_disk 9.783135957 0 0.01471 1.186691046 1.133 10.79326015 4709.773264 2.423 0.88 -0.224 -1 -1.555 -1.651
thin6 5 thin_disk 9.783135957 0 0.01471 1.186868548 1.133 10.778359 4713.027784 2.425 0.88 -0.222 -0.997 -1.551 -1.647
thin6 5 thin_disk 9.783135957 0 0.01471 1.186961651 1.134 10.75604585 4715.198713 2.426 0.88 -0.221 -0.996 -1.549 -1.646
thin6 5 thin_disk 9.783135957 0 0.01471 1.186999798 1.134 10.75604585 4715.198713 2.426 0.88 -0.221 -0.996 -1.549 -1.645
thin6 5 thin_disk 9.783135957 0 0.01471 1.187163591 1.134 10.74614373 4717.370643 2.428 0.88 -0.22 -0.994 -1.546 -1.642
thin6 5 thin_disk 9.783135957 0 0.01471 1.187320113 1.134 10.72389727 4719.543572 2.429 0.88 -0.219 -0.993 -1.545 -1.641
thin6 5 thin_disk 9.783135957 0 0.01471 1.187476039 1.134 10.71895987 4720.630413 2.429 0.879 -0.219 -0.992 -1.544 -1.64
thin6 5 thin_disk 9.783135957 0 0.01471 1.187639952 1.134 10.72636682 4721.717503 2.43 0.877 -0.22 -0.993 -1.544 -1.64
thin6 5 thin_disk 9.783135957 0 0.01471 1.187795281 1.135 10.72142828 4722.804844 2.429 0.875 -0.222 -0.994 -1.545 -1.641
thin6 5 thin_disk 9.783135957 0 0.01471 1.187963486 1.135 10.72883694 4723.892435 2.429 0.873 -0.224 -0.996 -1.547 -1.643
thin6 5 thin_disk 9.783135957 0 0.01471 1.188123822 1.135 10.74614373 4722.804844 2.427 0.87 -0.227 -0.999 -1.55 -1.646
thin6 5 thin_disk 9.783135957 0 0.01471 1.188134074 1.135 10.75852281 4722.804844 2.427 0.869 -0.228 -1 -1.55 -1.646
thin6 5 thin_disk 9.783135957 0 0.01471 1.188203692 1.135 10.75852281 4722.804844 2.427 0.868 -0.229 -1.002 -1.552 -1.648
thin6 5 thin_disk 9.783135957 0 0.01471 1.188360453 1.135 10.78829081 4721.717503 2.424 0.864 -0.234 -1.007 -1.558 -1.654
thin6 5 thin_disk 9.783135957 0 0.01471 1.188510418 1.135 10.81814118 4720.630413 2.422 0.859 -0.24 -1.013 -1.564 -1.66
thin6 5 thin_disk 9.783135957 0 0.01471 1.188661218 1.136 10.86557327 4718.456982 2.418 0.853 -0.247 -1.02 -1.572 -1.669
thin6 5 thin_disk 9.783135957 0 0.01471 1.188811898 1.136 10.93081754 4715.198713 2.414 0.846 -0.255 -1.03 -1.583 -1.679
thin6 5 thin_disk 9.783135957 0 0.01471 1.188961506 1.136 10.99645357 4711.942694 2.408 0.837 -0.266 -1.042 -1.595 -1.692
thin6 5 thin_disk 9.783135957 0 0.01471 1.189109087 1.136 11.08543258 4706.520991 2.401 0.827 -0.278 -1.056 -1.611 -1.708
thin6 5 thin_disk 9.783135957 0 0.01471 1.189255714 1.136 11.18800482 4701.105527 2.393 0.815 -0.293 -1.073 -1.629 -1.727
thin6 5 thin_disk 9.783135957 0 0.01471 1.189403892 1.136 11.30974062 4694.615194 2.384 0.802 -0.309 -1.091 -1.649 -1.747
thin6 5 thin_disk 9.783135957 0 0.01471 1.189554453 1.137 11.43806723 4687.054463 2.374 0.787 -0.328 -1.113 -1.673 -1.772
thin6 5 thin_disk 9.783135957 0 0.01471 1.189692855 1.137 11.54390236 4681.661397 2.366 0.776 -0.342 -1.128 -1.69 -1.789
thin6 5 thin_disk 9.783135957 0 0.01471 1.189843178 1.137 11.89741594 4662.29769 2.34 0.739 -0.389 -1.182 -1.749 -1.849
thin6 5 thin_disk 9.783135957 0 0.01471 1.189988852 1.137 12.57050268 4628.070862 2.292 0.673 -0.473 -1.279 -1.855 -1.958
thin6 5 thin_disk 9.783135957 0 0.01471 1.190066338 1.137 13.32455288 4591.980128 2.242 0.603 -0.562 -1.381 -1.968 -2.074
thin6 5 thin_disk 9.783135957 0 0.01471 1.190108299 1.137 14.14010534 4556.170838 2.19 0.531 -0.655 -1.487 -2.084 -2.193
thin6 5 thin_disk 9.783135957 0 0.01471 1.19013083 1.137 15.02286086 4520.640796 2.138 0.46 -0.747 -1.593 -2.2 -2.312
thin6 5 thin_disk 9.783135957 0 0.01471 1.190142393 1.137 15.91668586 4486.420744 2.088 0.391 -0.836 -1.696 -2.313 -2.427
thin6 5 thin_disk 9.783135957 0 0.01471 1.19014895 1.137 16.88311757 4452.459728 2.037 0.321 -0.927 -1.8 -2.427 -2.545
thin6 5 thin_disk 9.783135957 0 0.01471 1.190152883 1.137 17.85059287 4420.791169 1.988 0.255 -1.013 -1.899 -2.535 -2.656
thin6 5 thin_disk 9.783135957 0 0.01471 1.190155506 1.137 18.82143121 4390.358656 1.942 0.191 -1.094 -1.991 -2.632 -2.759
thin6 5 thin_disk 9.783135957 0 0.01471 1.190155625 1.137 18.87350866 4389.347855 1.939 0.187 -1.098 -1.996 -2.638 -2.764
thin6 5 thin_disk 9.783135957 0 0.01471 1.190156937 1.137 19.49632002 4371.193179 1.911 0.148 -1.147 -2.052 -2.696 -2.826
thin6 5 thin_disk 9.783135957 0 0.01471 1.190159678 1.137 20.86184166 4334.110703 1.853 0.067 -1.248 -2.169 -2.82 -2.956
thin6 5 thin_disk 9.783135957 0 0.01471 1.190162063 1.137 22.02179142 4304.274895 1.805 0.001 -1.33 -2.264 -2.919 -3.061
thin6 5 thin_disk 9.783135957 0 0.01471 1.190165877 1.137 23.37505518 4272.676382 1.754 -0.071 -1.418 -2.366 -3.027 -3.175
thin6 5 thin_disk 9.783135957 0 0.01471 1.190171719 1.137 23.08621016 4279.568675 1.765 -0.056 -1.399 -2.344 -3.004 -3.151
thin6 5 thin_disk 9.783135957 0 0.01471 1.190182805 1.137 21.77472329 4311.21816 1.816 0.015 -1.312 -2.243 -2.897 -3.037
thin6 5 thin_disk 9.783135957 0 0.01471 1.190268636 1.137 20.5708693 4342.101788 1.865 0.083 -1.227 -2.145 -2.794 -2.929
thin6 5 thin_disk 9.783135957 0 0.01471 1.190354466 1.136 21.51555953 4317.178445 1.826 0.031 -1.293 -2.221 -2.875 -3.014
thin6 5 thin_disk 9.783135957 0 0.01471 1.1904217 1.136 22.95898291 4281.539943 1.768 -0.049 -1.391 -2.335 -2.995 -3.141
thin6 5 thin_disk 9.783135957 0 0.01471 1.190478206 1.135 24.48796212 4247.173475 1.713 -0.124 -1.486 -2.445 -3.111 -3.264
thin6 5 thin_disk 9.783135957 0 0.01471 1.190525651 1.134 26.08871238 4213.082854 1.657 -0.198 -1.579 -2.554 -3.225 -3.385
thin6 5 thin_disk 9.783135957 0 0.01471 1.190566063 1.134 27.79410186 4179.265867 1.602 -0.273 -1.671 -2.662 -3.34 -3.507
thin6 5 thin_disk 9.783135957 0 0.01471 1.190601349 1.133 29.61097072 4145.720318 1.547 -0.345 -1.763 -2.771 -3.454 -3.628
thin6 5 thin_disk 9.783135957 0 0.01471 1.190631986 1.132 31.54660623 4112.444027 1.491 -0.415 -1.854 -2.879 -3.569 -3.75
thin6 5 thin_disk 9.783135957 0 0.01471 1.190659165 1.131 33.57010077 4079.434834 1.436 -0.479 -1.947 -2.988 -3.688 -3.875
thin6 5 thin_disk 9.783135957 0 0.01471 1.190683722 1.13 35.73984337 4045.758917 1.382 -0.537 -2.038 -3.096 -3.807 -3.999
thin6 5 thin_disk 9.783135957 0 0.01471 1.190706134 1.129 38.0147943 4014.209182 1.328 -0.595 -2.129 -3.204 -3.924 -4.122
thin6 5 thin_disk 9.783135957 0 0.01471 1.190726995 1.127 40.52776413 3978.322628 1.272 -0.647 -2.218 -3.311 -4.043 -4.247
thin6 5 thin_disk 9.783135957 0 0.01471 1.190746784 1.126 43.70716573 3920.125763 1.206 -0.658 -2.299 -3.425 -4.175 -4.389
thin6 5 thin_disk 9.783135957 0 0.01471 1.190765262 1.124 46.78995687 3877.037485 1.146 -0.686 -2.383 -3.535 -4.299 -4.52
thin6 5 thin_disk 9.783135957 0 0.01471 1.190782547 1.122 49.77974239 3844.147118 1.091 -0.724 -2.47 -3.643 -4.417 -4.644
thin6 5 thin_disk 9.783135957 0 0.01471 1.190798998 1.119 52.98496415 3810.658234 1.036 -0.759 -2.556 -3.749 -4.533 -4.766
thin6 5 thin_disk 9.783135957 0 0.01471 1.19081533 1.116 56.57865835 3775.721909 0.978 -0.78 -2.641 -3.861 -4.654 -4.894
thin6 5 thin_disk 9.783135957 0 0.01471 1.190829992 1.113 60.37437457 3740.24456 0.92 -0.793 -2.726 -3.973 -4.776 -5.023
thin6 5 thin_disk 9.783135957 0 0.01471 1.190840363 1.111 64.14349871 3706.807218 0.866 -0.798 -2.804 -4.077 -4.889 -5.143
thin6 5 thin_disk 9.783135957 0 0.01471 1.190847278 1.109 67.81919724 3676.207358 0.817 -0.787 -2.87 -4.172 -4.991 -5.251
thin6 5 thin_disk 9.783135957 0 0.01471 1.190853 1.107 72.05309573 3643.342501 0.764 -0.773 -2.941 -4.275 -5.102 -5.368
thin6 5 thin_disk 9.783135957 0 0.01471 1.190858245 1.104 76.56894176 3608.27808 0.71 -0.738 -3.008 -4.38 -5.215 -5.488
thin6 5 thin_disk 9.783135957 0 0.01471 1.190863133 1.102 81.46154541 3573.551127 0.655 -0.69 -3.071 -4.484 -5.328 -5.609
thin6 5 thin_disk 9.783135957 0 0.01471 1.190867305 1.099 86.28844543 3540.788614 0.604 -0.638 -3.126 -4.581 -5.433 -5.72
thin6 5 thin_disk 9.783135957 0 0.01471 1.190871477 1.096 91.59096713 3506.711196 0.551 -0.556 -3.172 -4.683 -5.541 -5.836
thin6 5 thin_disk 9.783135957 0 0.01471 1.190876484 1.092 98.50372292 3464.17641 0.487 -0.449 -3.225 -4.805 -5.672 -5.976
thin6 5 thin_disk 9.783135957 0 0.01471 1.190881252 1.087 105.2574016 3425.310927 0.427 -0.309 -3.252 -4.916 -5.789 -6.103
thin6 5 thin_disk 9.783135957 0 0.01471 1.190886736 1.081 112.7593711 3384.542719 0.365 -0.154 -3.274 -5.031 -5.91 -6.234
thin6 5 thin_disk 9.783135957 0 0.01471 1.190892339 1.073 119.9368518 3346.570666 0.308 0.034 -3.262 -5.135 -6.019 -6.354
thin6 5 thin_disk 9.783135957 0 0.01471 1.190894842 1.069 124.5238802 3324.298396 0.274 0.148 -3.253 -5.196 -6.083 -6.424
thin6 5 thin_disk 9.783135957 0 0.01471 1.190895915 1.067 127.4537579 3310.548845 0.253 0.224 -3.246 -5.235 -6.124 -6.469
thin6 5 thin_disk 9.783135957 0 0.01471 1.190896869 1.065 128.9296028 3302.934794 0.242 0.274 -3.234 -5.254 -6.144 -6.491
thin6 5 thin_disk 9.783135957 0 0.01471 1.190897465 1.064 121.0466138 3338.873767 0.296 0.083 -3.25 -5.147 -6.032 -6.37
thin6 5 thin_disk 9.783135957 0 0.01471 1.190897584 1.064 124.753473 3321.238013 0.27 0.176 -3.243 -5.196 -6.084 -6.426
thin6 5 thin_disk 9.783135957 0 0.01471 1.190897703 1.063 113.9075851 3375.20379 0.349 -0.093 -3.259 -5.045 -5.926 -6.253
thin6 5 thin_disk 9.783135957 0 0.01471 1.190897822 1.063 114.0913305 3374.42671 0.348 -0.089 -3.259 -5.048 -5.928 -6.256
thin6 5 thin_disk 9.783135957 0 0.01471 1.190898061 1.063 115.3593087 3367.441036 0.338 -0.059 -3.258 -5.067 -5.948 -6.277
thin6 5 thin_disk 9.783135957 0 0.01471 1.190898299 1.063 117.8291229 3355.05775 0.319 0.001 -3.256 -5.103 -5.986 -6.318
thin6 5 thin_disk 9.783135957 0 0.01471 1.190898538 1.062 121.1860541 3338.873767 0.294 0.082 -3.252 -5.15 -6.035 -6.372
thin6 5 thin_disk 9.783135957 0 0.01471 1.190898895 1.062 125.0986563 3320.473358 0.267 0.172 -3.248 -5.202 -6.089 -6.432
thin6 5 thin_disk 9.783135957 0 0.01471 1.190899134 1.061 129.4054731 3300.653995 0.237 0.29 -3.229 -5.258 -6.148 -6.496
thin6 5 thin_disk 9.783135957 0 0.01471 1.190899491 1.06 136.632069 3268.13509 0.189 0.506 -3.181 -5.349 -6.243 -6.601
thin6 5 thin_disk 9.783135957 0 0.01471 1.190899968 1.06 144.6613937 3235.191553 0.139 0.731 -3.13 -5.443 -6.342 -6.709
thin6 5 thin_disk 9.783135957 0 0.01471 1.190900445 1.058 153.3037029 3201.105592 0.089 0.918 -3.082 -5.538 -6.44 -6.816
thin6 5 thin_disk 9.783135957 0 0.01471 1.190901041 1.056 161.0840888 3171.757679 0.045 1.099 -3.028 -5.618 -6.524 -6.907
thin6 5 thin_disk 9.783135957 0 0.01471 1.190901995 1.053 168.870055 3142.67883 0.003 1.261 -2.97 -5.692 -6.602 -6.994
thin6 5 thin_disk 9.783135957 0 0.01471 1.190902114 1.052 106.4762249 3405.649896 0.403 -0.188 -3.217 -4.924 -5.8 -6.119
thin6 5 thin_disk 9.783135957 0 0.01471 1.190902114 1.052 106.4762249 3405.649896 0.403 -0.566 -3.111 -4.924 -5.8 -6.119
thin6 5 thin_disk 9.783135957 0 0.01471 1.190902352 1.051 64.15827 3717.063668 0.842 -0.842 -2.822 -4.087 -4.894 -5.147
thin6 5 thin_disk 9.783135957 0 0.01471 1.19090271 1.05 66.96573576 3688.926481 0.805 -0.811 -2.864 -4.156 -4.97 -5.228
thin6 5 thin_disk 9.783135957 0 0.01471 1.190903187 1.049 83.49349578 3548.133892 0.613 -0.61 -3.072 -4.515 -5.365 -5.651
thin6 5 thin_disk 9.783135957 0 0.01471 1.190903664 1.047 111.1098714 3374.42671 0.364 -0.035 -3.202 -4.99 -5.871 -6.198
thin6 5 thin_disk 9.783135957 0 0.01471 1.19090426 1.045 141.1733254 3233.702035 0.154 0.789 -3.072 -5.389 -6.289 -6.655
thin6 5 thin_disk 9.783135957 0 0.01471 1.190904975 1.042 165.520826 3143.402542 0.016 1.29 -2.935 -5.65 -6.56 -6.951
thin6 5 thin_disk 9.783135957 0 0.01471 1.190905809 1.039 180.4482376 3093.143011 -0.061 1.55 -2.843 -5.791 -6.708 -7.112
thin6 5 thin_disk 9.783135957 0 0.01471 1.190906644 1.036 188.8655053 3065.490679 -0.102 1.614 -2.816 -5.863 -6.783 -7.193
thin6 5 thin_disk 9.783135957 0 0.01471 1.190907717 1.033 194.873437 3045.790305 -0.13 1.658 -2.794 -5.91 -6.832 -7.246
thin6 5 thin_disk 9.783135957 0 0.01471 1.190907717 1.033 194.873437 3045.790305 -0.13 0.825 -3.023 -5.91 -6.832 -7.246
thin6 5 thin_disk 9.783135957 0 0.01471 1.190907955 1.032 101.8480328 3408.78806 0.433 -0.12 -3.13 -4.83 -5.707 -6.024
thin6 5 thin_disk 9.783135957 0 0.01471 1.190908194 1.031 74.75713427 3597.493352 0.701 -0.626 -2.932 -4.317 -5.156 -5.431
thin6 5 thin_disk 9.783135957 0 0.01471 1.190908551 1.029 77.65199982 3572.728382 0.667 -0.582 -2.965 -4.379 -5.224 -5.504
thin6 5 thin_disk 9.783135957 0 0.01471 1.190908909 1.027 96.06222572 3441.913883 0.482 -0.233 -3.102 -4.73 -5.602 -5.911
thin6 5 thin_disk 9.783135957 0 0.01471 1.190909505 1.025 126.4889667 3279.442344 0.242 0.55 -3.071 -5.19 -6.085 -6.437
thin6 5 thin_disk 9.783135957 0 0.01471 1.19091022 1.022 159.2035123 3148.473193 0.041 1.317 -2.884 -5.571 -6.481 -6.868
thin6 5 thin_disk 9.783135957 0 0.01471 1.190910935 1.019 184.3964878 3066.902715 -0.088 1.652 -2.773 -5.812 -6.732 -7.141
thin6 5 thin_disk 9.783135957 0 0.01471 1.19091177 1.015 199.0456289 3024.126821 -0.156 1.728 -2.745 -5.934 -6.859 -7.278
thin6 5 thin_disk 9.783135957 0 0.01471 1.190912843 1.011 205.8508406 3004.692272 -0.186 1.757 -2.737 -5.987 -6.913 -7.335
thin6 5 thin_disk 9.783135957 0 0.01471 1.190913916 1.007 209.2920081 2993.642943 -0.203 1.774 -2.731 -6.013 -6.94 -7.364
thin6 5 thin_disk 9.783135957 0 0.01471 1.190913916 1.007 209.2920081 2993.642943 -0.203 1.186 -2.905 -6.013 -6.94 -7.364
thin6 5 thin_disk 9.783135957 0 0.01471 1.190914154 1.006 110.8798539 3348.883194 0.348 0.181 -3.098 -4.964 -5.849 -6.182
thin6 5 thin_disk 9.783135957 0 0.01471 1.190914393 1.004 81.19936722 3538.343568 0.618 -0.488 -2.987 -4.446 -5.299 -5.587
thin6 5 thin_disk 9.783135957 0 0.01471 1.19091475 1.002 84.38254989 3513.17675 0.584 -0.421 -3.01 -4.509 -5.366 -5.659
thin6 5 thin_disk 9.783135957 0 0.01471 1.190915227 0.999 104.0764918 3383.763489 0.4 0.021 -3.098 -4.857 -5.738 -6.062
thin6 5 thin_disk 9.783135957 0 0.01471 1.190915823 0.996 136.632069 3223.294595 0.162 0.949 -2.949 -5.308 -6.21 -6.578
thin6 5 thin_disk 9.783135957 0 0.01471 1.190916657 0.992 171.4559831 3093.855315 -0.037 1.64 -2.742 -5.68 -6.598 -7
thin6 5 thin_disk 9.783135957 0 0.01471 1.190917492 0.987 198.4507044 3013.006024 -0.165 1.79 -2.692 -5.916 -6.842 -7.262
thin6 5 thin_disk 9.783135957 0 0.01471 1.190918446 0.982 213.7236807 2970.981859 -0.232 1.839 -2.686 -6.035 -6.964 -7.392
thin6 5 thin_disk 9.783135957 0 0.01471 1.190919519 0.976 220.8780934 2951.209227 -0.263 1.866 -2.678 -6.085 -7.017 -7.448
thin6 5 thin_disk 9.783135957 0 0.01471 1.190920711 0.97 224.4670737 2941.033694 -0.28 1.88 -2.675 -6.11 -7.042 -7.474
thin6 5 thin_disk 9.783135957 0 0.01471 1.190920711 0.97 224.4670737 2941.033694 -0.28 1.56 -2.75 -6.11 -7.042 -7.474
thin6 5 thin_disk 9.783135957 0 0.01471 1.190920949 0.968 120.9351771 3287.00224 0.256 0.564 -3.015 -5.099 -5.993 -6.343
thin6 5 thin_disk 9.783135957 0 0.01471 1.190921187 0.966 88.37972479 3478.564015 0.528 -0.303 -3.023 -4.58 -5.445 -5.745
thin6 5 thin_disk 9.783135957 0 0.01471 1.190921664 0.963 91.92902306 3452.232208 0.492 -0.214 -3.038 -4.643 -5.513 -5.82
thin6 5 thin_disk 9.783135957 0 0.01471 1.190922141 0.959 113.2798447 3322.767852 0.308 0.364 -3.041 -4.989 -5.878 -6.218
thin6 5 thin_disk 9.783135957 0 0.01471 1.190922856 0.954 148.5431553 3161.549603 0.071 1.349 -2.806 -5.432 -6.34 -6.724
thin6 5 thin_disk 9.783135957 0 0.01471 1.190923691 0.948 186.1026875 3031.79617 -0.127 1.821 -2.638 -5.796 -6.72 -7.136
thin6 5 thin_disk 9.783135957 0 0.01471 1.190924525 0.941 215.0565353 2949.850457 -0.257 1.924 -2.618 -6.027 -6.959 -7.39
thin6 5 thin_disk 9.783135957 0 0.01471 1.190925598 0.933 232.0345439 2906.029375 -0.326 1.965 -2.623 -6.145 -7.079 -7.516
thin6 5 thin_disk 9.783135957 0 0.01471 1.19092679 0.924 240.4100644 2884.695652 -0.361 1.996 -2.616 -6.197 -7.133 -7.575
thin6 5 thin_disk 9.783135957 0 0.01471 1.190928101 0.915 245.0488365 2872.10293 -0.382 2.022 -2.612 -6.224 -7.161 -7.604
thin6 5 thin_disk 9.783135957 0 0.01471 1.190928101 0.915 245.0488365 2872.10293 -0.382 1.856 -2.6 -6.224 -7.161 -7.604
thin6 5 thin_disk 9.783135957 0 0.01471 1.19092834 0.911 134.6643518 3207.746206 0.137 1.124 -2.838 -5.261 -6.164 -6.536
thin6 5 thin_disk 9.783135957 0 0.01471 1.190928698 0.907 98.09630404 3400.165058 0.41 0.027 -3.022 -4.741 -5.619 -5.939
thin6 5 thin_disk 9.783135957 0 0.01471 1.190929055 0.902 102.1298384 3372.873087 0.372 0.161 -3.013 -4.807 -5.689 -6.016
thin6 5 thin_disk 9.783135957 0 0.01471 1.190929651 0.894 125.8788147 3240.41027 0.186 0.967 -2.857 -5.145 -6.045 -6.409
thin6 5 thin_disk 9.783135957 0 0.01471 1.190930366 0.885 164.7223938 3077.513736 -0.052 1.824 -2.581 -5.577 -6.497 -6.902
thin6 5 thin_disk 9.783135957 0 0.01471 1.190931201 0.875 206.5154961 2945.09969 -0.253 2.028 -2.516 -5.933 -6.865 -7.296
thin6 5 thin_disk 9.783135957 0 0.01471 1.190932155 0.862 239.2503847 2860.223694 -0.386 2.125 -2.524 -6.158 -7.095 -7.539
thin6 5 thin_disk 9.783135957 0 0.01471 1.190933227 0.849 258.5548239 2813.843894 -0.461 2.206 -2.527 -6.273 -7.211 -7.663
thin6 5 thin_disk 9.783135957 0 0.01471 1.19093442 0.834 268.0727348 2790.615486 -0.5 2.265 -2.524 -6.321 -7.261 -7.717
thin6 5 thin_disk 9.783135957 0 0.01471 1.19093585 0.817 273.4970491 2777.154236 -0.527 2.311 -2.516 -6.345 -7.287 -7.747
thin6 5 thin_disk 9.783135957 0 0.01471 1.19093585 0.817 273.4970491 2777.154236 -0.527 2.098 -2.466 -6.345 -7.287 -7.747
thin6 5 thin_disk 9.783135957 0 0.01471 1.190936089 0.811 152.3886581 3112.432919 -0.022 1.743 -2.583 -5.44 -6.355 -6.754
thin6 5 thin_disk 9.783135957 0 0.01471 1.190936446 0.803 109.7116243 3320.473358 0.26 0.463 -2.961 -4.917 -5.804 -6.147
thin6 5 thin_disk 9.783135957 0 0.01471 1.190936804 0.792 113.9600536 3297.61538 0.221 0.604 -2.936 -4.979 -5.869 -6.219
thin6 5 thin_disk 9.783135957 0 0.01471 1.1909374 0.778 139.8146387 3168.108159 0.035 1.446 -2.7 -5.307 -6.214 -6.6
thin6 5 thin_disk 9.783135957 0 0.01471 1.190938115 0.76 181.9921455 3008.153544 -0.204 2.032 -2.472 -5.721 -6.648 -7.073
thin6 5 thin_disk 9.783135957 0 0.01471 1.19093895 0.74 226.1271165 2883.367507 -0.404 2.192 -2.45 -6.057 -6.997 -7.447
thin6 5 thin_disk 9.783135957 0 0.01471 1.190939903 0.718 258.3762822 2813.196057 -0.534 2.307 -2.478 -6.258 -7.204 -7.67
thin6 5 thin_disk 9.783135957 0 0.01471 1.190940976 0.693 273.9382297 2792.543841 -0.599 2.397 -2.484 -6.334 -7.292 -7.776
thin6 5 thin_disk 9.783135957 0 0.01471 1.190942168 0.665 275.8370788 2808.665373 -0.623 2.406 -2.499 -6.344 -7.315 -7.815
thin6 5 thin_disk 9.783135957 0 0.01471 1.190943599 0.637 270.8648465 2849.049534 -0.626 2.685 -2.366 -6.23 -7.254 -7.813
thin6 5 thin_disk 9.783135957 0 0.01471 1.190946698 0.553 3.335436253e-06 10000 1.708 30.033 30.018 30.019 30.042 30.052
