# component component_index family logAge MH Zini Mini Mass radius_rsun Teff_K logg Jmag_2mass Hmag_2mass Ksmag_2mass F087mag F146mag F213mag
thin6 5 thin_disk 9.783135957 -0.25 0.0084736 0.0900000036 0.09 0.1164803441 2424.934431 5.257 11.034 10.494 10.262 12.73 11.089 10.338
thin6 5 thin_disk 9.783135957 -0.25 0.0084736 0.1000000015 0.1 0.1282190766 2591.791135 5.22 10.539 9.999 9.762 12.235 10.593 9.838
thin6 5 thin_disk 9.783135957 -0.25 0.0084736 0.1200000048 0.12 0.1493319186 2795.760728 5.166 9.957 9.4 9.148 11.412 9.962 9.213
thin6 5 thin_disk 9.783135957 -0.25 0.0084736 0.1400000006 0.14 0.1687923054 2923.479144 5.127 9.552 8.986 8.732 10.866 9.529 8.791
thin6 5 thin_disk 9.783135957 -0.25 0.0084736 0.157428652 0.157 0.1845239084 3004.692272 5.1 9.27 8.701 8.449 10.508 9.234 8.504
thin6 5 thin_disk 9.783135957 -0.25 0.0084736 0.1599999964 0.16 0.1867895797 3015.782384 5.097 9.231 8.661 8.41 10.459 9.193 8.464
thin6 5 thin_disk 9.783135957 -0.25 0.0084736 0.1960812807 0.196 0.2172464282 3134.007273 5.053 8.783 8.208 7.963 9.915 8.728 8.011
thin6 5 thin_disk 9.783135957 -0.25 0.0084736 0.200000003 0.2 0.2206747508 3145.574677 5.049 8.739 8.164 7.919 9.863 8.682 7.967
thin6 5 thin_disk 9.783135957 -0.25 0.0084736 0.25 0.25 0.2610072944 3254.617835 5 8.264 7.685 7.447 9.319 8.195 7.49
thin6 5 thin_disk 9.783135957 -0.25 0.0084736 0.3000000119 0.3 0.3008518212 3333.496473 4.956 7.88 7.297 7.064 8.892 7.802 7.104
thin6 5 thin_disk 9.783135957 -0.25 0.0084736 0.3500000536 0.35 0.3440746247 3400.165058 4.906 7.523 6.934 6.706 8.503 7.437 6.743
thin6 5 thin_disk 9.783135957 -0.25 0.0084736 0.3671047688 0.367 0.3590481099 3431.626398 4.889 7.401 6.809 6.583 8.367 7.311 6.619
thin6 5 thin_disk 9.783135957 -0.25 0.0084736 0.4000000358 0.4 0.3881080447 3488.188934 4.86 7.181 6.584 6.361 8.123 7.085 6.395
thin6 5 thin_disk 9.783135957 -0.25 0.0084736 0.4246080816 0.424 0.412432276 3543.235349 4.832 6.998 6.396 6.176 7.917 6.895 6.207
thin6 5 thin_disk 9.783135957 -0.25 0.0084736 0.4500000179 0.45 0.4379783517 3598.3218 4.806 6.821 6.214 5.996 7.719 6.712 6.025
thin6 5 thin_disk 9.783135957 -0.25 0.0084736 0.5 0.5 0.4908543508 3746.277983 4.753 6.449 5.829 5.621 7.296 6.326 5.644
thin6 5 thin_disk 9.783135957 -0.25 0.0084736 0.5304173827 0.53 0.5241464453 3869.011317 4.721 6.206 5.574 5.378 7.015 6.071 5.397
thin6 5 thin_disk 9.783135957 -0.25 0.0084736 0.5500000119 0.55 0.5454471098 3946.389982 4.702 6.056 5.415 5.231 6.846 5.915 5.247
thin6 5 thin_disk 9.783135957 -0.25 0.0084736 0.5529853702 0.553 0.5480909673 3961.867984 4.7 6.032 5.39 5.208 6.819 5.891 5.224
thin6 5 thin_disk 9.783135957 -0.25 0.0084736 0.6000000238 0.6 0.5904085592 4202.425277 4.671 5.675 5.018 4.877 6.412 5.524 4.887
thin6 5 thin_disk 9.783135957 -0.25 0.0084736 0.6015884876 0.601 0.5917695915 4212.112868 4.671 5.663 5.006 4.866 6.398 5.512 4.877
thin6 5 thin_disk 9.783135957 -0.25 0.0084736 0.6499999762 0.65 0.626401292 4517.519127 4.654 5.314 4.697 4.594 5.984 5.178 4.601
thin6 5 thin_disk 9.783135957 -0.25 0.0084736 0.6525557637 0.652 0.628568546 4533.149061 4.653 5.297 4.684 4.582 5.962 5.162 4.588
thin6 5 thin_disk 9.783135957 -0.25 0.0084736 0.7000001073 0.7 0.6644352194 4831.700432 4.636 4.985 4.456 4.372 5.574 4.882 4.377
thin6 5 thin_disk 9.783135957 -0.25 0.0084736 0.7090541124 0.709 0.6716648867 4886.523593 4.632 4.928 4.414 4.332 5.503 4.83 4.337
thin6 5 thin_disk 9.783135957 -0.25 0.0084736 0.7354966998 0.735 0.6941489081 5047.775135 4.619 4.765 4.293 4.218 5.302 4.681 4.222
thin6 5 thin_disk 9.783135957 -0.25 0.0084736 0.75 0.75 0.7070540998 5135.704178 4.611 4.677 4.227 4.156 5.195 4.601 4.159
thin6 5 thin_disk 9.783135957 -0.25 0.0084736 0.7616352439 0.761 0.719204912 5198.762768 4.603 4.607 4.171 4.103 5.111 4.536 4.106
thin6 5 thin_disk 9.783135957 -0.25 0.0084736 0.7875497937 0.787 0.7475713427 5339.492736 4.584 4.451 4.048 3.984 4.926 4.391 3.987
thin6 5 thin_disk 9.783135957 -0.25 0.0084736 0.7983130813 0.798 0.7598933516 5397.591336 4.576 4.388 3.997 3.935 4.851 4.331 3.938
thin6 5 thin_disk 9.783135957 -0.25 0.0084736 0.8140617609 0.814 0.779745083 5477.722157 4.562 4.294 3.919 3.86 4.741 4.242 3.863
thin6 5 thin_disk 9.783135957 -0.25 0.0084736 0.8344983459 0.834 0.8071470147 5579.560615 4.542 4.174 3.818 3.763 4.602 4.128 3.766
thin6 5 thin_disk 9.783135957 -0.25 0.0084736 0.8466261625 0.846 0.8246176855 5638.972803 4.53 4.102 3.758 3.705 4.521 4.06 3.708
thin6 5 thin_disk 9.783135957 -0.25 0.0084736 0.8641931415 0.863 0.8526143638 5717.418729 4.51 3.996 3.666 3.615 4.401 3.958 3.618
thin6 5 thin_disk 9.783135957 -0.25 0.0084736 0.8842559457 0.883 0.886855053 5806.30707 4.485 3.874 3.558 3.511 4.265 3.84 3.514
thin6 5 thin_disk 9.783135957 -0.25 0.0084736 0.8949391842 0.894 0.9068858899 5851.941824 4.471 3.809 3.5 3.455 4.193 3.777 3.457
thin6 5 thin_disk 9.783135957 -0.25 0.0084736 0.903619349 0.903 0.9248102719 5885.725453 4.459 3.754 3.451 3.407 4.133 3.723 3.409
thin6 5 thin_disk 9.783135957 -0.25 0.0084736 0.916718781 0.916 0.9520344082 5936.083482 4.439 3.672 3.376 3.334 4.042 3.643 3.336
thin6 5 thin_disk 9.783135957 -0.25 0.0084736 0.9289448857 0.928 0.9811889415 5979.983697 4.42 3.593 3.305 3.264 3.957 3.566 3.266
thin6 5 thin_disk 9.783135957 -0.25 0.0084736 0.9406588078 0.94 1.009840176 6021.434964 4.4 3.515 3.234 3.194 3.873 3.49 3.196
thin6 5 thin_disk 9.783135957 -0.25 0.0084736 0.9432522058 0.942 1.016371889 6029.759633 4.396 3.498 3.218 3.179 3.854 3.474 3.181
thin6 5 thin_disk 9.783135957 -0.25 0.0084736 0.9518752694 0.951 1.038849523 6057.591739 4.38 3.44 3.164 3.125 3.792 3.416 3.127
thin6 5 thin_disk 9.783135957 -0.25 0.0084736 0.9716972709 0.971 1.09812719 6116.45803 4.341 3.3 3.033 2.996 3.643 3.279 2.998
thin6 5 thin_disk 9.783135957 -0.25 0.0084736 0.9895682931 0.989 1.158117555 6161.692202 4.303 3.17 2.91 2.875 3.507 3.151 2.876
thin6 5 thin_disk 9.783135957 -0.25 0.0084736 0.9915652275 0.991 1.165071678 6164.53042 4.299 3.155 2.896 2.861 3.492 3.136 2.863
thin6 5 thin_disk 9.783135957 -0.25 0.0084736 1.004220009 1.003 1.210466138 6188.708114 4.271 3.063 2.808 2.772 3.396 3.045 2.774
thin6 5 thin_disk 9.783135957 -0.25 0.0084736 1.01866889 1.018 1.271899056 6210.120111 4.234 2.949 2.697 2.662 3.28 2.932 2.664
thin6 5 thin_disk 9.783135957 -0.25 0.0084736 1.030657888 1.029 1.329084658 6227.303035 4.201 2.847 2.598 2.563 3.176 2.831 2.565
thin6 5 thin_disk 9.783135957 -0.25 0.0084736 1.034532309 1.033 1.348815801 6231.606189 4.189 2.813 2.564 2.53 3.141 2.797 2.532
thin6 5 thin_disk 9.783135957 -0.25 0.0084736 1.039878368 1.039 1.381187518 6233.041235 4.172 2.763 2.515 2.48 3.091 2.747 2.482
thin6 5 thin_disk 9.783135957 -0.25 0.0084736 1.044960618 1.044 1.410433598 6235.912318 4.155 2.715 2.467 2.433 3.043 2.699 2.435
thin6 5 thin_disk 9.783135957 -0.25 0.0084736 1.056145787 1.055 1.488170341 6230.171474 4.113 2.601 2.353 2.318 2.929 2.585 2.32
thin6 5 thin_disk 9.783135957 -0.25 0.0084736 1.063925505 1.062 1.552217748 6217.273893 4.08 2.515 2.265 2.23 2.844 2.498 2.231
thin6 5 thin_disk 9.783135957 -0.25 0.0084736 1.071450353 1.07 1.621633266 6195.837231 4.044 2.426 2.173 2.138 2.758 2.409 2.139
thin6 5 thin_disk 9.783135957 -0.25 0.0084736 1.073721051 1.072 1.649121466 6183.010728 4.031 2.396 2.142 2.105 2.73 2.378 2.107
thin6 5 thin_disk 9.783135957 -0.25 0.0084736 1.08285284 1.081 1.766251911 6113.641945 3.974 2.269 2.005 1.967 2.613 2.249 1.968
thin6 5 thin_disk 9.783135957 -0.25 0.0084736 1.088191509 1.086 1.852476233 6049.228645 3.936 2.189 1.915 1.875 2.543 2.166 1.877
thin6 5 thin_disk 9.783135957 -0.25 0.0084736 1.093753934 1.092 1.964955163 5941.553335 3.887 2.101 1.808 1.765 2.472 2.073 1.767
thin6 5 thin_disk 9.783135957 -0.25 0.0084736 1.097754836 1.096 2.070869085 5794.286964 3.843 2.044 1.726 1.679 2.439 2.009 1.681
thin6 5 thin_disk 9.783135957 -0.25 0.0084736 1.100153804 1.098 2.148090848 5659.785862 3.812 2.022 1.681 1.628 2.44 1.98 1.631
thin6 5 thin_disk 9.783135957 -0.25 0.0084736 1.101815224 1.1 2.206747508 5542.427234 3.789 2.014 1.65 1.593 2.453 1.966 1.596
thin6 5 thin_disk 9.783135957 -0.25 0.0084736 1.10338068 1.101 2.279568488 5425.003216 3.762 1.999 1.611 1.551 2.462 1.944 1.553
thin6 5 thin_disk 9.783135957 -0.25 0.0084736 1.10494411 1.103 2.376033967 5319.857509 3.726 1.961 1.549 1.486 2.445 1.898 1.489
thin6 5 thin_disk 9.783135957 -0.25 0.0084736 1.106823087 1.105 2.526693975 5221.55672 3.674 1.878 1.443 1.376 2.384 1.808 1.379
thin6 5 thin_disk 9.783135957 -0.25 0.0084736 1.108378291 1.106 2.678259443 5162.974737 3.623 1.781 1.332 1.263 2.3 1.706 1.266
thin6 5 thin_disk 9.783135957 -0.25 0.0084736 1.108620286 1.106 2.707401373 5155.846749 3.615 1.763 1.312 1.243 2.283 1.687 1.246
thin6 5 thin_disk 9.783135957 -0.25 0.0084736 1.110077858 1.108 2.877747232 5120.354149 3.561 1.648 1.188 1.118 2.177 1.569 1.121
thin6 5 thin_disk 9.783135957 -0.25 0.0084736 1.111444831 1.109 3.064450742 5092.136068 3.508 1.528 1.062 0.991 2.064 1.448 0.994
thin6 5 thin_disk 9.783135957 -0.25 0.0084736 1.112953782 1.111 3.292703648 5067.572842 3.445 1.383 0.911 0.838 1.925 1.301 0.841
thin6 5 thin_disk 9.783135957 -0.25 0.0084736 1.114188552 1.112 3.516840279 5046.612976 3.389 1.253 0.776 0.702 1.8 1.169 0.705
thin6 5 thin_disk 9.783135957 -0.25 0.0084736 1.115136504 1.113 3.708964229 5031.52923 3.343 1.146 0.664 0.59 1.696 1.06 0.593
thin6 5 thin_disk 9.783135957 -0.25 0.0084736 1.116242528 1.114 3.968739968 5011.872336 3.285 1.01 0.524 0.449 1.565 0.923 0.452
thin6 5 thin_disk 9.783135957 -0.25 0.0084736 1.117250204 1.115 4.248666524 4991.142852 3.226 0.873 0.382 0.306 1.434 0.784 0.309
thin6 5 thin_disk 9.783135957 -0.25 0.0084736 1.118198395 1.116 4.558822099 4970.499106 3.165 0.731 0.234 0.157 1.298 0.64 0.16
thin6 5 thin_disk 9.783135957 -0.25 0.0084736 1.119009376 1.116 4.876998756 4948.801109 3.107 0.598 0.094 0.017 1.17 0.505 0.02
thin6 5 thin_disk 9.783135957 -0.25 0.0084736 1.119732737 1.117 5.211378835 4927.197832 3.049 0.466 -0.043 -0.122 1.044 0.371 -0.119
thin6 5 thin_disk 9.783135957 -0.25 0.0084736 1.120389462 1.118 5.573816217 4903.430228 2.992 0.334 -0.181 -0.261 0.918 0.237 -0.258
thin6 5 thin_disk 9.783135957 -0.25 0.0084736 1.121000767 1.118 5.971076631 4878.653792 2.932 0.2 -0.322 -0.403 0.79 0.1 -0.4
thin6 5 thin_disk 9.783135957 -0.25 0.0084736 1.121542335 1.119 6.381938942 4854.002548 2.874 0.068 -0.461 -0.543 0.665 -0.034 -0.54
thin6 5 thin_disk 9.783135957 -0.25 0.0084736 1.122033 1.119 6.832075309 4828.363965 2.815 -0.064 -0.6 -0.684 0.54 -0.169 -0.681
thin6 5 thin_disk 9.783135957 -0.25 0.0084736 1.122466207 1.119 7.308910517 4801.75503 2.757 -0.192 -0.736 -0.82 0.418 -0.3 -0.818
thin6 5 thin_disk 9.783135957 -0.25 0.0084736 1.122853518 1.12 7.788478849 4776.392415 2.701 -0.317 -0.867 -0.954 0.301 -0.427 -0.951
thin6 5 thin_disk 9.783135957 -0.25 0.0084736 1.123221517 1.12 8.335902856 4748.976276 2.643 -0.445 -1.004 -1.091 0.18 -0.558 -1.088
thin6 5 thin_disk 9.783135957 -0.25 0.0084736 1.123555064 1.12 8.901283738 4721.717503 2.586 -0.571 -1.138 -1.227 0.062 -0.687 -1.224
thin6 5 thin_disk 9.783135957 -0.25 0.0084736 1.123869061 1.12 9.520344082 4693.534343 2.528 -0.699 -1.274 -1.364 -0.057 -0.818 -1.362
thin6 5 thin_disk 9.783135957 -0.25 0.0084736 1.12416327 1.121 10.17542704 4664.445252 2.47 -0.824 -1.407 -1.5 -0.175 -0.946 -1.497
thin6 5 thin_disk 9.783135957 -0.25 0.0084736 1.124467373 1.121 10.82810965 4637.671681 2.416 -0.943 -1.534 -1.629 -0.286 -1.068 -1.626
thin6 5 thin_disk 9.783135957 -0.25 0.0084736 1.124738336 1.121 11.24223463 4622.745665 2.383 -1.015 -1.61 -1.705 -0.353 -1.141 -1.702
thin6 5 thin_disk 9.783135957 -0.25 0.0084736 1.12493813 1.121 10.82063244 4641.945102 2.417 -0.943 -1.533 -1.627 -0.288 -1.068 -1.624
thin6 5 thin_disk 9.783135957 -0.25 0.0084736 1.125079632 1.121 10.29562332 4666.593803 2.46 -0.852 -1.434 -1.527 -0.203 -0.973 -1.524
thin6 5 thin_disk 9.783135957 -0.25 0.0084736 1.125136614 1.121 10.07285645 4677.351413 2.478 -0.813 -1.392 -1.484 -0.167 -0.933 -1.481
thin6 5 thin_disk 9.783135957 -0.25 0.0084736 1.125230432 1.121 10.35983038 4665.519404 2.455 -0.864 -1.446 -1.539 -0.215 -0.986 -1.536
thin6 5 thin_disk 9.783135957 -0.25 0.0084736 1.125460744 1.121 11.04721089 4636.603941 2.398 -0.987 -1.578 -1.672 -0.329 -1.112 -1.669
thin6 5 thin_disk 9.783135957 -0.25 0.0084736 1.125687242 1.121 11.81279439 4606.806808 2.341 -1.112 -1.711 -1.808 -0.446 -1.24 -1.805
thin6 5 thin_disk 9.783135957 -0.25 0.0084736 1.125892639 1.121 12.59657987 4578.255228 2.285 -1.232 -1.84 -1.938 -0.558 -1.363 -1.935
thin6 5 thin_disk 9.783135957 -0.25 0.0084736 1.126084089 1.121 13.42309441 4548.833073 2.229 -1.353 -1.969 -2.07 -0.669 -1.488 -2.067
thin6 5 thin_disk 9.783135957 -0.25 0.0084736 1.126258016 1.121 14.30384004 4519.6 2.174 -1.471 -2.096 -2.199 -0.779 -1.609 -2.196
thin6 5 thin_disk 9.783135957 -0.25 0.0084736 1.126418829 1.121 15.24237509 4490.554794 2.119 -1.588 -2.222 -2.327 -0.887 -1.73 -2.324
thin6 5 thin_disk 9.783135957 -0.25 0.0084736 1.126569867 1.121 16.24997304 4460.669021 2.063 -1.706 -2.35 -2.457 -0.996 -1.852 -2.454
thin6 5 thin_disk 9.783135957 -0.25 0.0084736 1.126706839 1.121 17.31620206 4432.002534 2.008 -1.823 -2.475 -2.585 -1.103 -1.972 -2.582
thin6 5 thin_disk 9.783135957 -0.25 0.0084736 1.126831651 1.121 18.41843157 4402.506441 1.954 -1.937 -2.595 -2.709 -1.207 -2.088 -2.706
thin6 5 thin_disk 9.783135957 -0.25 0.0084736 1.126947284 1.121 19.61338913 4373.206652 1.899 -2.051 -2.714 -2.833 -1.311 -2.204 -2.829
thin6 5 thin_disk 9.783135957 -0.25 0.0084736 1.127053857 1.121 20.89549409 4343.101709 1.845 -2.165 -2.832 -2.956 -1.413 -2.319 -2.953
thin6 5 thin_disk 9.783135957 -0.25 0.0084736 1.127152324 1.12 22.2614088 4313.204007 1.79 -2.278 -2.95 -3.079 -1.515 -2.434 -3.076
thin6 5 thin_disk 9.783135957 -0.25 0.0084736 1.12724185 1.12 23.65117082 4284.498548 1.737 -2.388 -3.065 -3.2 -1.614 -2.547 -3.196
thin6 5 thin_disk 9.783135957 -0.25 0.0084736 1.1273247 1.12 25.1682283 4255.004268 1.683 -2.498 -3.18 -3.32 -1.712 -2.658 -3.316
thin6 5 thin_disk 9.783135957 -0.25 0.0084736 1.127400756 1.119 26.73946076 4226.686143 1.63 -2.606 -3.293 -3.439 -1.809 -2.769 -3.435
thin6 5 thin_disk 9.783135957 -0.25 0.0084736 1.127471685 1.119 28.43496152 4196.62342 1.576 -2.715 -3.407 -3.559 -1.906 -2.88 -3.555
thin6 5 thin_disk 9.783135957 -0.25 0.0084736 1.127537131 1.119 30.22404901 4167.734068 1.523 -2.823 -3.52 -3.678 -2.001 -2.99 -3.674
thin6 5 thin_disk 9.783135957 -0.25 0.0084736 1.127596736 1.118 32.12570336 4139.043588 1.47 -2.93 -3.634 -3.798 -2.096 -3.1 -3.794
thin6 5 thin_disk 9.783135957 -0.25 0.0084736 1.12765336 1.118 34.162736 4109.604233 1.417 -3.04 -3.754 -3.922 -2.195 -3.214 -3.917
thin6 5 thin_disk 9.783135957 -0.25 0.0084736 1.127703786 1.117 36.22869119 4081.313916 1.365 -3.145 -3.868 -4.041 -2.289 -3.323 -4.036
thin6 5 thin_disk 9.783135957 -0.25 0.0084736 1.127751112 1.116 38.48155781 4052.285168 1.313 -3.251 -3.983 -4.161 -2.383 -3.434 -4.156
thin6 5 thin_disk 9.783135957 -0.25 0.0084736 1.127795816 1.116 40.87451804 4023.46289 1.26 -3.358 -4.099 -4.281 -2.478 -3.545 -4.276
thin6 5 thin_disk 9.783135957 -0.25 0.0084736 1.127835035 1.115 43.2964855 3995.765566 1.21 -3.458 -4.208 -4.396 -2.567 -3.649 -4.39
thin6 5 thin_disk 9.783135957 -0.25 0.0084736 1.127873182 1.114 45.93594391 3967.345289 1.158 -3.562 -4.322 -4.514 -2.659 -3.758 -4.509
thin6 5 thin_disk 9.783135957 -0.25 0.0084736 1.127907991 1.113 48.68023262 3939.127154 1.108 -3.663 -4.432 -4.629 -2.749 -3.864 -4.624
thin6 5 thin_disk 9.783135957 -0.25 0.0084736 1.127940059 1.113 51.5291104 3911.109724 1.058 -3.762 -4.54 -4.743 -2.835 -3.967 -4.737
thin6 5 thin_disk 9.783135957 -0.25 0.0084736 1.127970576 1.112 54.56983553 3882.397512 1.007 -3.862 -4.65 -4.858 -2.923 -4.072 -4.853
thin6 5 thin_disk 9.783135957 -0.25 0.0084736 1.127998471 1.11 57.73679135 3855.671276 0.958 -3.96 -4.756 -4.969 -3.008 -4.174 -4.963
thin6 5 thin_disk 9.783135957 -0.25 0.0084736 1.128030658 1.109 61.80913202 3822.081997 0.898 -4.08 -4.887 -5.106 -3.112 -4.299 -5.101
thin6 5 thin_disk 9.783135957 -0.25 0.0084736 1.128060222 1.107 66.22967819 3787.040939 0.837 -4.2 -5.017 -5.243 -3.215 -4.424 -5.237
thin6 5 thin_disk 9.783135957 -0.25 0.0084736 1.128087282 1.106 70.91737385 3751.457235 0.777 -4.317 -5.144 -5.378 -3.314 -4.547 -5.372
thin6 5 thin_disk 9.783135957 -0.25 0.0084736 1.128112197 1.104 75.86695348 3717.919652 0.718 -4.432 -5.269 -5.51 -3.41 -4.667 -5.503
thin6 5 thin_disk 9.783135957 -0.25 0.0084736 1.128135562 1.102 81.10593679 3683.83356 0.66 -4.547 -5.394 -5.641 -3.505 -4.787 -5.635
thin6 5 thin_disk 9.783135957 -0.25 0.0084736 1.128156662 1.099 86.46744869 3650.900525 0.602 -4.659 -5.515 -5.768 -3.596 -4.903 -5.762
thin6 5 thin_disk 9.783135957 -0.25 0.0084736 1.128176212 1.097 92.22584538 3617.428868 0.546 -4.768 -5.633 -5.893 -3.683 -5.017 -5.887
thin6 5 thin_disk 9.783135957 -0.25 0.0084736 1.128194451 1.094 98.2998024 3583.438868 0.49 -4.877 -5.75 -6.018 -3.767 -5.13 -6.011
thin6 5 thin_disk 9.783135957 -0.25 0.0084736 1.12821126 1.091 104.6050484 3550.585703 0.434 -4.984 -5.865 -6.14 -3.848 -5.241 -6.132
thin6 5 thin_disk 9.783135957 -0.25 0.0084736 1.128226995 1.088 111.237865 3517.223774 0.38 -5.09 -5.978 -6.26 -3.922 -5.35 -6.252
thin6 5 thin_disk 9.783135957 -0.25 0.0084736 1.128241539 1.084 118.1007471 3484.977672 0.326 -5.192 -6.088 -6.376 -3.992 -5.456 -6.368
thin6 5 thin_disk 9.783135957 -0.25 0.0084736 1.128255487 1.081 125.4447946 3452.232208 0.272 -5.295 -6.197 -6.493 -4.057 -5.562 -6.485
thin6 5 thin_disk 9.783135957 -0.25 0.0084736 1.128268361 1.076 132.877866 3420.581953 0.22 -5.395 -6.302 -6.606 -4.115 -5.664 -6.597
thin6 5 thin_disk 9.783135957 -0.25 0.0084736 1.12828052 1.072 140.5246929 3390.002356 0.17 -5.49 -6.402 -6.713 -4.17 -5.761 -6.704
thin6 5 thin_disk 9.783135957 -0.25 0.0084736 1.128286838 1.07 144.3286817 3375.981049 0.146 -5.536 -6.45 -6.764 -4.19 -5.807 -6.754
thin6 5 thin_disk 9.783135957 -0.25 0.0084736 1.128286838 1.07 10.60358311 4826.140933 2.414 -1.017 -1.55 -1.635 -4.19 -5.807 -6.754
thin6 5 thin_disk 9.783135957 -0.25 0.0084736 1.128443599 1.07 10.7659571 4817.259036 2.4 -1.047 -1.583 -1.668 -0.438 -1.151 -1.665
thin6 5 thin_disk 9.783135957 -0.25 0.0084736 1.128594398 1.07 10.84307957 4813.93254 2.395 -1.059 -1.595 -1.68 -0.45 -1.163 -1.677
thin6 5 thin_disk 9.783135957 -0.25 0.0084736 1.12874651 1.07 10.84557657 4816.149948 2.395 -1.06 -1.597 -1.681 -0.452 -1.165 -1.679
thin6 5 thin_disk 9.783135957 -0.25 0.0084736 1.128904462 1.07 10.81814118 4819.477976 2.397 -1.057 -1.593 -1.677 -0.45 -1.161 -1.674
thin6 5 thin_disk 9.783135957 -0.25 0.0084736 1.12906003 1.07 10.77339653 4823.918924 2.4 -1.053 -1.587 -1.671 -0.446 -1.156 -1.668
thin6 5 thin_disk 9.783135957 -0.25 0.0084736 1.129216075 1.071 10.73625072 4829.475864 2.403 -1.047 -1.58 -1.664 -0.442 -1.15 -1.661
thin6 5 thin_disk 9.783135957 -0.25 0.0084736 1.129373431 1.071 10.69184477 4833.926025 2.407 -1.042 -1.573 -1.657 -0.438 -1.144 -1.654
thin6 5 thin_disk 9.783135957 -0.25 0.0084736 1.129525542 1.071 10.65988808 4838.380287 2.41 -1.037 -1.567 -1.651 -0.434 -1.139 -1.648
thin6 5 thin_disk 9.783135957 -0.25 0.0084736 1.129684329 1.071 10.6280269 4842.838652 2.413 -1.033 -1.562 -1.645 -0.431 -1.134 -1.642
thin6 5 thin_disk 9.783135957 -0.25 0.0084736 1.129829764 1.071 10.60114183 4846.185122 2.415 -1.03 -1.558 -1.641 -0.429 -1.131 -1.638
thin6 5 thin_disk 9.783135957 -0.25 0.0084736 1.129981637 1.072 10.56945624 4850.65068 2.417 -1.027 -1.554 -1.637 -0.427 -1.128 -1.634
thin6 5 thin_disk 9.783135957 -0.25 0.0084736 1.130125165 1.072 10.55972589 4852.885002 2.418 -1.025 -1.551 -1.634 -0.426 -1.125 -1.631
thin6 5 thin_disk 9.783135957 -0.25 0.0084736 1.130270243 1.072 10.5330136 4856.238414 2.42 -1.023 -1.548 -1.631 -0.425 -1.123 -1.628
thin6 5 thin_disk 9.783135957 -0.25 0.0084736 1.130426049 1.072 10.5233168 4858.475309 2.421 -1.021 -1.546 -1.628 -0.424 -1.121 -1.626
thin6 5 thin_disk 9.783135957 -0.25 0.0084736 1.130445123 1.072 10.51847175 4859.594143 2.421 -1.021 -1.546 -1.628 -0.424 -1.121 -1.625
thin6 5 thin_disk 9.783135957 -0.25 0.0084736 1.130478978 1.072 10.51847175 4859.594143 2.422 -1.021 -1.545 -1.628 -0.424 -1.121 -1.625
thin6 5 thin_disk 9.783135957 -0.25 0.0084736 1.13063252 1.072 10.50878834 4861.832585 2.423 -1.02 -1.544 -1.626 -0.423 -1.12 -1.623
thin6 5 thin_disk 9.783135957 -0.25 0.0084736 1.130790591 1.072 10.49911384 4864.072057 2.423 -1.02 -1.543 -1.625 -0.424 -1.119 -1.622
thin6 5 thin_disk 9.783135957 -0.25 0.0084736 1.130953312 1.073 10.48944825 4866.312561 2.424 -1.02 -1.543 -1.625 -0.425 -1.12 -1.622
thin6 5 thin_disk 9.783135957 -0.25 0.0084736 1.131103158 1.073 10.49669661 4867.4332 2.424 -1.021 -1.544 -1.626 -0.426 -1.121 -1.623
thin6 5 thin_disk 9.783135957 -0.25 0.0084736 1.131256103 1.073 10.50878834 4867.4332 2.423 -1.023 -1.546 -1.627 -0.428 -1.123 -1.625
thin6 5 thin_disk 9.783135957 -0.25 0.0084736 1.131408215 1.073 10.51605006 4868.554097 2.422 -1.026 -1.548 -1.63 -0.431 -1.125 -1.627
thin6 5 thin_disk 9.783135957 -0.25 0.0084736 1.131556988 1.073 10.5330136 4867.4332 2.421 -1.03 -1.552 -1.634 -0.434 -1.129 -1.631
thin6 5 thin_disk 9.783135957 -0.25 0.0084736 1.131568313 1.073 10.54514716 4867.4332 2.42 -1.03 -1.552 -1.634 -0.435 -1.129 -1.631
thin6 5 thin_disk 9.783135957 -0.25 0.0084736 1.131662846 1.073 10.5572947 4867.4332 2.419 -1.033 -1.555 -1.637 -0.438 -1.132 -1.635
thin6 5 thin_disk 9.783135957 -0.25 0.0084736 1.131799936 1.074 10.58650592 4866.312561 2.417 -1.039 -1.561 -1.643 -0.443 -1.138 -1.641
thin6 5 thin_disk 9.783135957 -0.25 0.0084736 1.131935596 1.074 10.62068785 4864.072057 2.414 -1.045 -1.568 -1.65 -0.449 -1.145 -1.648
thin6 5 thin_disk 9.783135957 -0.25 0.0084736 1.132073402 1.074 10.66725421 4861.832585 2.41 -1.053 -1.577 -1.659 -0.456 -1.153 -1.656
thin6 5 thin_disk 9.783135957 -0.25 0.0084736 1.132207751 1.074 10.71895987 4858.475309 2.406 -1.062 -1.586 -1.669 -0.464 -1.162 -1.666
thin6 5 thin_disk 9.783135957 -0.25 0.0084736 1.1323452 1.074 10.78829081 4854.002548 2.401 -1.073 -1.599 -1.681 -0.474 -1.173 -1.679
thin6 5 thin_disk 9.783135957 -0.25 0.0084736 1.13248229 1.074 10.87057821 4849.533905 2.394 -1.086 -1.612 -1.695 -0.486 -1.186 -1.693
thin6 5 thin_disk 9.783135957 -0.25 0.0084736 1.132618904 1.075 10.95853868 4843.953885 2.387 -1.1 -1.628 -1.711 -0.499 -1.201 -1.709
thin6 5 thin_disk 9.783135957 -0.25 0.0084736 1.132762551 1.075 11.06503125 4837.266337 2.379 -1.118 -1.648 -1.732 -0.515 -1.22 -1.729
thin6 5 thin_disk 9.783135957 -0.25 0.0084736 1.132902026 1.075 11.22671363 4827.252321 2.367 -1.142 -1.675 -1.759 -0.537 -1.245 -1.756
thin6 5 thin_disk 9.783135957 -0.25 0.0084736 1.133004188 1.075 11.15713389 4833.926025 2.372 -1.133 -1.664 -1.748 -0.529 -1.236 -1.745
thin6 5 thin_disk 9.783135957 -0.25 0.0084736 1.133140683 1.075 11.33059313 4821.697939 2.359 -1.16 -1.694 -1.778 -0.553 -1.263 -1.776
thin6 5 thin_disk 9.783135957 -0.25 0.0084736 1.133275747 1.075 11.62659769 4803.966829 2.336 -1.206 -1.745 -1.83 -0.594 -1.311 -1.827
thin6 5 thin_disk 9.783135957 -0.25 0.0084736 1.133409858 1.076 12.22229171 4769.798141 2.293 -1.293 -1.841 -1.928 -0.671 -1.401 -1.925
thin6 5 thin_disk 9.783135957 -0.25 0.0084736 1.133491159 1.076 12.96739216 4730.423244 2.241 -1.398 -1.957 -2.047 -0.766 -1.51 -2.044
thin6 5 thin_disk 9.783135957 -0.25 0.0084736 1.133532763 1.076 13.77376423 4691.373388 2.189 -1.505 -2.075 -2.167 -0.862 -1.622 -2.165
thin6 5 thin_disk 9.783135957 -0.25 0.0084736 1.133553386 1.076 14.606718 4653.717326 2.137 -1.609 -2.19 -2.285 -0.955 -1.73 -2.282
thin6 5 thin_disk 9.783135957 -0.25 0.0084736 1.133564591 1.076 15.55795979 4614.238091 2.083 -1.72 -2.313 -2.41 -1.055 -1.845 -2.407
thin6 5 thin_disk 9.783135957 -0.25 0.0084736 1.133570313 1.076 16.51781679 4577.201167 2.032 -1.824 -2.427 -2.527 -1.148 -1.953 -2.524
thin6 5 thin_disk 9.783135957 -0.25 0.0084736 1.133573651 1.076 17.41616958 4545.691936 1.985 -1.918 -2.53 -2.633 -1.232 -2.051 -2.63
thin6 5 thin_disk 9.783135957 -0.25 0.0084736 1.133575439 1.076 18.08642138 4522.723108 1.952 -1.984 -2.6 -2.706 -1.291 -2.118 -2.703
thin6 5 thin_disk 9.783135957 -0.25 0.0084736 1.133575797 1.076 18.23276964 4517.519127 1.945 -2 -2.617 -2.723 -1.305 -2.134 -2.72
thin6 5 thin_disk 9.783135957 -0.25 0.0084736 1.133578539 1.076 19.50979225 4479.195313 1.887 -2.118 -2.742 -2.853 -1.41 -2.254 -2.85
thin6 5 thin_disk 9.783135957 -0.25 0.0084736 1.133580685 1.076 20.38227444 4453.485063 1.848 -2.195 -2.824 -2.939 -1.478 -2.334 -2.936
thin6 5 thin_disk 9.783135957 -0.25 0.0084736 1.13358283 1.076 21.13258599 4432.002534 1.817 -2.259 -2.892 -3.01 -1.535 -2.399 -3.006
thin6 5 thin_disk 9.783135957 -0.25 0.0084736 1.13358593 1.076 21.91556365 4412.655266 1.785 -2.322 -2.959 -3.08 -1.591 -2.464 -3.076
thin6 5 thin_disk 9.783135957 -0.25 0.0084736 1.133591652 1.076 21.58502942 4420.791169 1.799 -2.295 -2.93 -3.05 -1.567 -2.436 -3.046
thin6 5 thin_disk 9.783135957 -0.25 0.0084736 1.133596182 1.076 20.72777305 4444.265543 1.833 -2.226 -2.857 -2.973 -1.506 -2.365 -2.97
thin6 5 thin_disk 9.783135957 -0.25 0.0084736 1.133606792 1.075 19.96883115 4465.807513 1.866 -2.16 -2.786 -2.899 -1.447 -2.297 -2.896
thin6 5 thin_disk 9.783135957 -0.25 0.0084736 1.133689761 1.075 19.8176724 4469.922568 1.873 -2.145 -2.771 -2.884 -1.434 -2.283 -2.881
thin6 5 thin_disk 9.783135957 -0.25 0.0084736 1.133754253 1.074 21.03064753 4435.06511 1.821 -2.249 -2.881 -2.999 -1.526 -2.389 -2.995
thin6 5 thin_disk 9.783135957 -0.25 0.0084736 1.133812308 1.073 22.47774007 4397.440784 1.763 -2.366 -3.005 -3.128 -1.629 -2.508 -3.125
thin6 5 thin_disk 9.783135957 -0.25 0.0084736 1.133861661 1.072 24.14085485 4357.124805 1.7 -2.49 -3.137 -3.267 -1.738 -2.635 -3.263
thin6 5 thin_disk 9.783135957 -0.25 0.0084736 1.133903623 1.071 26.05269438 4314.197273 1.634 -2.621 -3.276 -3.413 -1.853 -2.769 -3.409
thin6 5 thin_disk 9.783135957 -0.25 0.0084736 1.133939505 1.07 27.89026526 4276.613475 1.574 -2.74 -3.401 -3.545 -1.957 -2.891 -3.541
thin6 5 thin_disk 9.783135957 -0.25 0.0084736 1.133970738 1.069 29.7613512 4241.309839 1.517 -2.852 -3.52 -3.672 -2.055 -3.006 -3.667
thin6 5 thin_disk 9.783135957 -0.25 0.0084736 1.133998036 1.068 31.75796347 4206.297637 1.46 -2.963 -3.641 -3.798 -2.153 -3.121 -3.793
thin6 5 thin_disk 9.783135957 -0.25 0.0084736 1.134022474 1.066 33.7950151 4172.535112 1.405 -3.073 -3.762 -3.923 -2.25 -3.236 -3.919
thin6 5 thin_disk 9.783135957 -0.25 0.0084736 1.134044647 1.065 36.03733317 4137.137927 1.349 -3.182 -3.882 -4.049 -2.346 -3.35 -4.044
thin6 5 thin_disk 9.783135957 -0.25 0.0084736 1.134065032 1.063 38.50814911 4095.434646 1.291 -3.292 -4.006 -4.179 -2.439 -3.466 -4.174
thin6 5 thin_disk 9.783135957 -0.25 0.0084736 1.134084225 1.061 41.29073797 4049.486915 1.23 -3.403 -4.133 -4.313 -2.533 -3.585 -4.308
thin6 5 thin_disk 9.783135957 -0.25 0.0084736 1.134097576 1.059 43.55646693 4011.437222 1.182 -3.486 -4.229 -4.415 -2.6 -3.674 -4.41
thin6 5 thin_disk 9.783135957 -0.25 0.0084736 1.134114742 1.056 46.31830358 3978.322628 1.127 -3.593 -4.347 -4.539 -2.694 -3.786 -4.534
thin6 5 thin_disk 9.783135957 -0.25 0.0084736 1.134130955 1.053 49.36880839 3945.481397 1.071 -3.701 -4.466 -4.663 -2.788 -3.899 -4.658
thin6 5 thin_disk 9.783135957 -0.25 0.0084736 1.134146094 1.05 52.43878793 3912.911271 1.017 -3.804 -4.58 -4.783 -2.877 -4.008 -4.778
thin6 5 thin_disk 9.783135957 -0.25 0.0084736 1.134161115 1.046 55.78952257 3879.716573 0.961 -3.909 -4.696 -4.906 -2.968 -4.119 -4.9
thin6 5 thin_disk 9.783135957 -0.25 0.0084736 1.134175062 1.041 59.45010758 3845.91782 0.904 -4.017 -4.814 -5.03 -3.06 -4.232 -5.025
thin6 5 thin_disk 9.783135957 -0.25 0.0084736 1.134185672 1.037 63.23428974 3811.535771 0.849 -4.121 -4.929 -5.151 -3.148 -4.341 -5.146
thin6 5 thin_disk 9.783135957 -0.25 0.0084736 1.134192705 1.033 67.01201003 3780.071373 0.797 -4.219 -5.037 -5.266 -3.23 -4.444 -5.26
thin6 5 thin_disk 9.783135957 -0.25 0.0084736 1.134198427 1.03 71.04812888 3748.003606 0.745 -4.319 -5.146 -5.381 -3.313 -4.549 -5.375
thin6 5 thin_disk 9.783135957 -0.25 0.0084736 1.134203672 1.026 75.483607 3714.496898 0.69 -4.42 -5.258 -5.499 -3.397 -4.655 -5.493
thin6 5 thin_disk 9.783135957 -0.25 0.0084736 1.13420856 1.022 80.26988575 3679.59483 0.635 -4.523 -5.37 -5.619 -3.479 -4.763 -5.612
thin6 5 thin_disk 9.783135957 -0.25 0.0084736 1.134212494 1.018 84.94789955 3647.539469 0.585 -4.616 -5.472 -5.727 -3.552 -4.861 -5.72
thin6 5 thin_disk 9.783135957 -0.25 0.0084736 1.134216428 1.013 89.83646302 3614.930899 0.534 -4.709 -5.575 -5.836 -3.623 -4.959 -5.829
thin6 5 thin_disk 9.783135957 -0.25 0.0084736 1.134221077 1.007 95.86335955 3576.844006 0.475 -4.818 -5.693 -5.962 -3.702 -5.072 -5.955
thin6 5 thin_disk 9.783135957 -0.25 0.0084736 1.134226084 0.998 102.4831923 3535.900211 0.413 -4.929 -5.813 -6.091 -3.779 -5.188 -6.083
thin6 5 thin_disk 9.783135957 -0.25 0.0084736 1.134230614 0.989 109.0316652 3497.840484 0.355 -5.031 -5.923 -6.209 -3.843 -5.293 -6.201
thin6 5 thin_disk 9.783135957 -0.25 0.0084736 1.134232402 0.984 108.9563748 3497.035169 0.354 -5.029 -5.922 -6.208 -3.84 -5.291 -6.2
thin6 5 thin_disk 9.783135957 -0.25 0.0084736 1.13423264 0.984 104.9186382 3518.843888 0.387 -4.963 -5.851 -6.133 -3.796 -5.224 -6.125
thin6 5 thin_disk 9.783135957 -0.25 0.0084736 1.134232879 0.984 103.1935718 3527.767866 0.401 -4.937 -5.823 -6.102 -3.779 -5.196 -6.094
thin6 5 thin_disk 9.783135957 -0.25 0.0084736 1.134232998 0.983 102.6485088 3531.018557 0.406 -4.927 -5.812 -6.091 -3.772 -5.186 -6.083
thin6 5 thin_disk 9.783135957 -0.25 0.0084736 1.134233117 0.983 101.9888383 3534.272244 0.41 -4.917 -5.802 -6.08 -3.765 -5.176 -6.072
thin6 5 thin_disk 9.783135957 -0.25 0.0084736 1.134233355 0.982 102.0358167 3533.458541 0.411 -4.915 -5.8 -6.078 -3.763 -5.174 -6.07
thin6 5 thin_disk 9.783135957 -0.25 0.0084736 1.134233594 0.982 106.9184477 3505.903839 0.369 -4.995 -5.886 -6.17 -3.816 -5.257 -6.162
thin6 5 thin_disk 9.783135957 -0.25 0.0084736 1.134234071 0.981 116.5339976 3456.209026 0.294 -5.139 -6.041 -6.337 -3.906 -5.406 -6.327
thin6 5 thin_disk 9.783135957 -0.25 0.0084736 1.134234667 0.979 124.7822019 3415.859507 0.233 -5.254 -6.163 -6.468 -3.968 -5.524 -6.458
thin6 5 thin_disk 9.783135957 -0.25 0.0084736 1.134235263 0.976 134.0147637 3372.873087 0.17 -5.372 -6.287 -6.602 -4.021 -5.644 -6.592
thin6 5 thin_disk 9.783135957 -0.25 0.0084736 1.134236216 0.972 144.7613568 3326.595533 0.102 -5.498 -6.42 -6.747 -4.059 -5.771 -6.736
thin6 5 thin_disk 9.783135957 -0.25 0.0084736 1.134237766 0.964 159.4236121 3268.13509 0.014 -5.656 -6.585 -6.928 -4.072 -5.93 -6.916
thin6 5 thin_disk 9.783135957 -0.25 0.0084736 1.134238243 0.96 162.874331 3253.868518 -0.006 -5.691 -6.622 -6.968 -4.071 -5.965 -6.956
thin6 5 thin_disk 9.783135957 -0.25 0.0084736 1.134238362 0.96 162.874331 3253.868518 -0.006 -5.691 -6.622 -6.968 -4.071 -5.965 -6.956
thin6 5 thin_disk 9.783135957 -0.25 0.0084736 1.134238481 0.959 105.9870111 3501.063598 0.366 -4.972 -5.865 -6.15 -3.787 -5.235 -6.141
thin6 5 thin_disk 9.783135957 -0.25 0.0084736 1.134238481 0.959 86.30831637 3624.933135 0.545 -4.631 -5.493 -5.753 -3.787 -5.235 -6.141
thin6 5 thin_disk 9.783135957 -0.25 0.0084736 1.13423872 0.957 63.26341691 3819.442708 0.814 -4.13 -4.933 -5.155 -3.159 -4.347 -5.149
thin6 5 thin_disk 9.783135957 -0.25 0.0084736 1.134238958 0.955 65.23079099 3798.393902 0.786 -4.178 -4.989 -5.215 -3.198 -4.4 -5.209
thin6 5 thin_disk 9.783135957 -0.25 0.0084736 1.134239435 0.953 80.25140505 3665.219597 0.605 -4.51 -5.361 -5.613 -3.457 -4.752 -5.606
thin6 5 thin_disk 9.783135957 -0.25 0.0084736 1.134239912 0.95 105.7432477 3497.035169 0.365 -4.961 -5.855 -6.141 -3.773 -5.224 -6.133
thin6 5 thin_disk 9.783135957 -0.25 0.0084736 1.134240389 0.946 133.0922125 3361.24369 0.163 -5.345 -6.263 -6.58 -3.973 -5.618 -6.57
thin6 5 thin_disk 9.783135957 -0.25 0.0084736 1.134241104 0.942 154.3663534 3275.668919 0.033 -5.593 -6.521 -6.862 -4.029 -5.867 -6.85
thin6 5 thin_disk 9.783135957 -0.25 0.0084736 1.134241819 0.938 166.6297892 3229.981241 -0.037 -5.721 -6.653 -7.006 -4.034 -5.993 -6.993
thin6 5 thin_disk 9.783135957 -0.25 0.0084736 1.134242535 0.932 172.6842167 3207.746206 -0.069 -5.778 -6.712 -7.07 -4.026 -6.048 -7.056
thin6 5 thin_disk 9.783135957 -0.25 0.0084736 1.134243488 0.927 175.9351618 3194.478724 -0.088 -5.807 -6.742 -7.104 -4.015 -6.076 -7.089
thin6 5 thin_disk 9.783135957 -0.25 0.0084736 1.134243488 0.926 127.5418302 3372.873087 0.191 -5.263 -6.179 -6.493 -4.015 -6.076 -7.089
thin6 5 thin_disk 9.783135957 -0.25 0.0084736 1.134243727 0.925 94.54806494 3548.133892 0.451 -4.761 -5.644 -5.919 -3.624 -5.019 -5.911
thin6 5 thin_disk 9.783135957 -0.25 0.0084736 1.134243965 0.923 69.27118944 3739.383436 0.72 -4.255 -5.084 -5.321 -3.244 -4.486 -5.315
thin6 5 thin_disk 9.783135957 -0.25 0.0084736 1.134244204 0.92 71.4582942 3717.919652 0.691 -4.304 -5.14 -5.381 -3.282 -4.538 -5.375
thin6 5 thin_disk 9.783135957 -0.25 0.0084736 1.13424468 0.917 87.73091216 3589.219346 0.511 -4.635 -5.508 -5.774 -3.53 -4.888 -5.767
thin6 5 thin_disk 9.783135957 -0.25 0.0084736 1.134245276 0.912 115.1470046 3425.310927 0.273 -5.085 -5.993 -6.295 -3.812 -5.355 -6.286
thin6 5 thin_disk 9.783135957 -0.25 0.0084736 1.134245872 0.907 144.528217 3293.062702 0.073 -5.465 -6.392 -6.727 -3.948 -5.74 -6.716
thin6 5 thin_disk 9.783135957 -0.25 0.0084736 1.134246588 0.902 167.321845 3208.484902 -0.057 -5.711 -6.645 -7.003 -3.963 -5.981 -6.988
thin6 5 thin_disk 9.783135957 -0.25 0.0084736 1.134247422 0.895 180.5313563 3164.462839 -0.126 -5.837 -6.775 -7.145 -3.955 -6.104 -7.128
thin6 5 thin_disk 9.783135957 -0.25 0.0084736 1.134248376 0.888 186.9616985 3141.955285 -0.16 -5.892 -6.831 -7.207 -3.944 -6.156 -7.188
thin6 5 thin_disk 9.783135957 -0.25 0.0084736 1.134249449 0.88 190.4814309 3128.959919 -0.18 -5.921 -6.86 -7.239 -3.931 -6.183 -7.22
thin6 5 thin_disk 9.783135957 -0.25 0.0084736 1.134249449 0.879 139.7502665 3299.134338 0.088 -5.398 -6.325 -6.658 -3.931 -6.183 -7.22
thin6 5 thin_disk 9.783135957 -0.25 0.0084736 1.134249687 0.877 103.6698917 3471.362759 0.347 -4.897 -5.797 -6.088 -3.683 -5.163 -6.079
thin6 5 thin_disk 9.783135957 -0.25 0.0084736 1.134249926 0.874 75.90189955 3661.845359 0.617 -4.384 -5.236 -5.488 -3.328 -4.627 -5.481
thin6 5 thin_disk 9.783135957 -0.25 0.0084736 1.134250283 0.869 78.33442228 3639.988403 0.587 -4.434 -5.293 -5.548 -3.365 -4.68 -5.542
thin6 5 thin_disk 9.783135957 -0.25 0.0084736 1.134250879 0.863 95.9958912 3513.17675 0.407 -4.766 -5.657 -5.938 -3.593 -5.027 -5.93
thin6 5 thin_disk 9.783135957 -0.25 0.0084736 1.134251475 0.856 125.7339747 3350.425767 0.169 -5.212 -6.132 -6.451 -3.82 -5.485 -6.44
thin6 5 thin_disk 9.783135957 -0.25 0.0084736 1.134252191 0.848 157.4898774 3218.844524 -0.031 -5.587 -6.521 -6.876 -3.87 -5.859 -6.862
thin6 5 thin_disk 9.783135957 -0.25 0.0084736 1.134253025 0.838 182.2017923 3135.450869 -0.162 -5.829 -6.769 -7.146 -3.861 -6.092 -7.127
thin6 5 thin_disk 9.783135957 -0.25 0.0084736 1.134254098 0.828 196.5407662 3091.007081 -0.234 -5.952 -6.895 -7.284 -3.845 -6.211 -7.262
thin6 5 thin_disk 9.783135957 -0.25 0.0084736 1.134255171 0.816 203.3071465 3069.021988 -0.269 -6.006 -6.95 -7.343 -3.842 -6.26 -7.319
thin6 5 thin_disk 9.783135957 -0.25 0.0084736 1.134256363 0.803 206.8010049 3057.032107 -0.292 -6.032 -6.977 -7.374 -3.835 -6.284 -7.348
thin6 5 thin_disk 9.783135957 -0.25 0.0084736 1.134256363 0.802 154.1177446 3220.327198 -0.036 -5.54 -6.474 -6.829 -3.835 -6.284 -7.348
thin6 5 thin_disk 9.783135957 -0.25 0.0084736 1.134256601 0.799 113.88136 3397.034832 0.225 -5.038 -5.951 -6.26 -3.727 -5.31 -6.25
thin6 5 thin_disk 9.783135957 -0.25 0.0084736 1.13425684 0.795 82.91873059 3593.353968 0.498 -4.517 -5.388 -5.654 -3.414 -4.769 -5.647
thin6 5 thin_disk 9.783135957 -0.25 0.0084736 1.134257317 0.789 85.49734821 3573.551127 0.468 -4.568 -5.444 -5.714 -3.45 -4.822 -5.706
thin6 5 thin_disk 9.783135957 -0.25 0.0084736 1.134257793 0.781 104.6291374 3447.466066 0.288 -4.896 -5.8 -6.099 -3.652 -5.165 -6.089
thin6 5 thin_disk 9.783135957 -0.25 0.0084736 1.134258509 0.772 136.474856 3287.00224 0.052 -5.336 -6.263 -6.601 -3.802 -5.61 -6.589
thin6 5 thin_disk 9.783135957 -0.25 0.0084736 1.134259224 0.761 170.3541213 3157.911829 -0.147 -5.704 -6.642 -7.016 -3.8 -5.97 -6.998
thin6 5 thin_disk 9.783135957 -0.25 0.0084736 1.134260178 0.748 196.3598288 3078.222441 -0.277 -5.937 -6.881 -7.276 -3.789 -6.193 -7.253
thin6 5 thin_disk 9.783135957 -0.25 0.0084736 1.134261251 0.734 210.8883772 3039.484969 -0.347 -6.053 -7 -7.405 -3.8 -6.302 -7.378
thin6 5 thin_disk 9.783135957 -0.25 0.0084736 1.134262323 0.718 217.1464056 3024.823232 -0.382 -6.099 -7.048 -7.459 -3.802 -6.346 -7.431
thin6 5 thin_disk 9.783135957 -0.25 0.0084736 1.134263635 0.701 219.5597082 3022.03855 -0.402 -6.118 -7.068 -7.484 -3.806 -6.365 -7.455
thin6 5 thin_disk 9.783135957 -0.25 0.0084736 1.134269834 0.545 3.335436253e-06 10000 1.763 30.028 30.05 30.059 29.997 30.042 30.058
