# component component_index family logAge MH Zini Mini Mass radius_rsun Teff_K logg Vmag Imag Jmag_2mass Hmag_2mass Ksmag_2mass
NSD 9 NSD 9.77815125 -0.5 0.0048313 0.0900000036 0.09 0.1117513157 2545.071572 5.293 17.69 13.111 10.889 10.435 10.236
NSD 9 NSD 9.77815125 -0.5 0.0048313 0.1000000015 0.1 0.1239232072 2725.837739 5.249 16.567 12.427 10.422 9.94 9.723
NSD 9 NSD 9.77815125 -0.5 0.0048313 0.1199999973 0.12 0.1454630351 2935.621096 5.189 14.954 11.521 9.847 9.327 9.096
NSD 9 NSD 9.77815125 -0.5 0.0048313 0.1375003904 0.137 0.1623127533 3054.217773 5.153 14.09 11.015 9.488 8.955 8.722
NSD 9 NSD 9.77815125 -0.5 0.0048313 0.1400000006 0.14 0.1646086468 3069.728738 5.148 13.977 10.949 9.441 8.906 8.674
NSD 9 NSD 9.77815125 -0.5 0.0048313 0.1524693668 0.152 0.1758541594 3129.680472 5.128 13.554 10.684 9.239 8.698 8.467
NSD 9 NSD 9.77815125 -0.5 0.0048313 0.1599999964 0.16 0.1826218108 3164.462839 5.117 13.322 10.536 9.124 8.581 8.35
NSD 9 NSD 9.77815125 -0.5 0.0048313 0.1999999881 0.2 0.2162482715 3296.856164 5.067 12.429 9.932 8.631 8.078 7.852
NSD 9 NSD 9.77815125 -0.5 0.0048313 0.25 0.25 0.256774945 3406.434166 5.015 11.696 9.384 8.156 7.596 7.374
NSD 9 NSD 9.77815125 -0.5 0.0048313 0.3000000119 0.3 0.2960415333 3482.571166 4.97 11.163 8.959 7.776 7.21 6.992
NSD 9 NSD 9.77815125 -0.5 0.0048313 0.3387400806 0.339 0.3288914964 3534.272244 4.931 10.795 8.659 7.503 6.932 6.716
NSD 9 NSD 9.77815125 -0.5 0.0048313 0.3499999642 0.35 0.3381836794 3548.133892 4.921 10.694 8.577 7.428 6.856 6.64
NSD 9 NSD 9.77815125 -0.5 0.0048313 0.377619803 0.378 0.3629548841 3600.808292 4.893 10.405 8.353 7.232 6.654 6.44
NSD 9 NSD 9.77815125 -0.5 0.0048313 0.3999999762 0.4 0.3822545335 3642.503687 4.872 10.186 8.184 7.083 6.501 6.289
NSD 9 NSD 9.77815125 -0.5 0.0048313 0.4499999881 0.45 0.4332640398 3764.436711 4.815 9.625 7.757 6.711 6.118 5.911
NSD 9 NSD 9.77815125 -0.5 0.0048313 0.4999999404 0.5 0.486578197 3935.500755 4.761 9.012 7.303 6.321 5.711 5.521
NSD 9 NSD 9.77815125 -0.5 0.0048313 0.5378113985 0.537 0.5251128486 4122.873407 4.725 8.493 6.927 6.003 5.372 5.213
NSD 9 NSD 9.77815125 -0.5 0.0048313 0.5500000119 0.55 0.5377156106 4181.190933 4.714 8.337 6.814 5.905 5.269 5.12
NSD 9 NSD 9.77815125 -0.5 0.0048313 0.5621762276 0.562 0.5477124902 4254.024629 4.707 8.169 6.698 5.807 5.169 5.032
NSD 9 NSD 9.77815125 -0.5 0.0048313 0.5999999642 0.6 0.5800329227 4478.164058 4.687 7.652 6.348 5.521 4.905 4.796
NSD 9 NSD 9.77815125 -0.5 0.0048313 0.6499999166 0.65 0.617237985 4815.041117 4.668 6.985 5.893 5.169 4.635 4.55
NSD 9 NSD 9.77815125 -0.5 0.0048313 0.6606470346 0.661 0.6258246207 4882.025011 4.662 6.857 5.8 5.098 4.585 4.502
NSD 9 NSD 9.77815125 -0.5 0.0048313 0.6890388131 0.689 0.6506578066 5062.907583 4.648 6.538 5.563 4.914 4.448 4.373
NSD 9 NSD 9.77815125 -0.5 0.0048313 0.6999999881 0.7 0.6597093584 5133.339644 4.642 6.42 5.475 4.845 4.396 4.323
NSD 9 NSD 9.77815125 -0.5 0.0048313 0.7168099284 0.717 0.6753869189 5239.622519 4.632 6.247 5.343 4.741 4.316 4.247
NSD 9 NSD 9.77815125 -0.5 0.0048313 0.7393894792 0.739 0.6963901904 5381.458556 4.618 6.024 5.17 4.603 4.209 4.145
NSD 9 NSD 9.77815125 -0.5 0.0048313 0.7487857342 0.749 0.7062405421 5440.013782 4.612 5.935 5.1 4.546 4.164 4.102
NSD 9 NSD 9.77815125 -0.5 0.0048313 0.7516915202 0.752 0.7093370506 5456.322102 4.61 5.908 5.078 4.528 4.15 4.088
NSD 9 NSD 9.77815125 -0.5 0.0048313 0.7718439102 0.772 0.7344337817 5566.727982 4.591 5.724 4.93 4.404 4.046 3.989
NSD 9 NSD 9.77815125 -0.5 0.0048313 0.790409565 0.79 0.758320235 5667.610549 4.574 5.56 4.796 4.291 3.95 3.897
NSD 9 NSD 9.77815125 -0.5 0.0048313 0.7975714207 0.797 0.7683385874 5705.582639 4.566 5.497 4.744 4.247 3.913 3.861
NSD 9 NSD 9.77815125 -0.5 0.0048313 0.7987291813 0.798 0.7692236793 5712.155216 4.565 5.487 4.736 4.24 3.906 3.855
NSD 9 NSD 9.77815125 -0.5 0.0048313 0.8182733059 0.818 0.799562919 5806.30707 4.542 5.32 4.595 4.117 3.798 3.75
NSD 9 NSD 9.77815125 -0.5 0.0048313 0.8355756402 0.835 0.8291873059 5888.436554 4.52 5.173 4.471 4.008 3.701 3.656
NSD 9 NSD 9.77815125 -0.5 0.0048313 0.8463571072 0.846 0.8481109 5937.450473 4.506 5.083 4.395 3.941 3.641 3.598
NSD 9 NSD 9.77815125 -0.5 0.0048313 0.8472077847 0.846 0.850261755 5940.1854 4.504 5.076 4.389 3.935 3.636 3.593
NSD 9 NSD 9.77815125 -0.5 0.0048313 0.8741254807 0.873 0.9052168821 6049.228645 4.463 4.851 4.193 3.759 3.476 3.437
NSD 9 NSD 9.77815125 -0.5 0.0048313 0.8951427937 0.894 0.9546686141 6129.146471 4.427 4.673 4.036 3.616 3.345 3.309
NSD 9 NSD 9.77815125 -0.5 0.0048313 0.8975492716 0.896 0.9608434741 6137.620052 4.423 4.653 4.018 3.599 3.329 3.293
NSD 9 NSD 9.77815125 -0.5 0.0048313 0.9175468683 0.916 1.016371889 6205.831793 4.383 4.479 3.861 3.454 3.193 3.159
NSD 9 NSD 9.77815125 -0.5 0.0048313 0.9351888299 0.934 1.070909188 6261.811646 4.346 4.321 3.718 3.319 3.066 3.034
NSD 9 NSD 9.77815125 -0.5 0.0048313 0.9439284801 0.943 1.101926544 6287.818541 4.326 4.242 3.645 3.251 3.001 2.97
NSD 9 NSD 9.77815125 -0.5 0.0048313 0.9559981823 0.955 1.145124337 6322.662499 4.298 4.131 3.544 3.155 2.91 2.879
NSD 9 NSD 9.77815125 -0.5 0.0048313 0.9705671668 0.97 1.201579872 6356.235799 4.262 4 3.422 3.037 2.797 2.767
NSD 9 NSD 9.77815125 -0.5 0.0048313 0.9827886224 0.982 1.257339747 6376.758944 4.229 3.887 3.314 2.933 2.696 2.666
NSD 9 NSD 9.77815125 -0.5 0.0048313 0.9926495552 0.992 1.307532959 6391.458892 4.198 3.789 3.221 2.842 2.607 2.578
NSD 9 NSD 9.77815125 -0.5 0.0048313 0.9927142262 0.992 1.309039179 6391.458892 4.198 3.789 3.22 2.841 2.606 2.577
NSD 9 NSD 9.77815125 -0.5 0.0048313 1.000976205 1 1.355353697 6401.769013 4.171 3.703 3.138 2.76 2.527 2.498
NSD 9 NSD 9.77815125 -0.5 0.0048313 1.001923323 1.001 1.360982826 6403.243245 4.168 3.694 3.128 2.751 2.518 2.489
NSD 9 NSD 9.77815125 -0.5 0.0048313 1.004469752 1.003 1.377693612 6404.717816 4.158 3.666 3.101 2.724 2.491 2.462
NSD 9 NSD 9.77815125 -0.5 0.0048313 1.012723803 1.011 1.435994065 6404.717816 4.126 3.575 3.011 2.634 2.401 2.372
NSD 9 NSD 9.77815125 -0.5 0.0048313 1.022104979 1.021 1.516884958 6391.458892 4.083 3.466 2.9 2.521 2.287 2.258
NSD 9 NSD 9.77815125 -0.5 0.0048313 1.031482816 1.03 1.61566994 6359.163628 4.032 3.351 2.778 2.394 2.157 2.126
NSD 9 NSD 9.77815125 -0.5 0.0048313 1.033506155 1.032 1.639655631 6348.922123 4.019 3.326 2.751 2.365 2.127 2.096
NSD 9 NSD 9.77815125 -0.5 0.0048313 1.035408616 1.034 1.66553071 6335.778707 4.006 3.301 2.723 2.335 2.095 2.064
NSD 9 NSD 9.77815125 -0.5 0.0048313 1.041499853 1.04 1.762189645 6277.691938 3.96 3.222 2.63 2.233 1.986 1.953
NSD 9 NSD 9.77815125 -0.5 0.0048313 1.042048454 1.04 1.771546861 6271.912632 3.956 3.215 2.622 2.224 1.976 1.943
NSD 9 NSD 9.77815125 -0.5 0.0048313 1.047483087 1.046 1.883877438 6184.434582 3.904 3.147 2.532 2.121 1.862 1.826
NSD 9 NSD 9.77815125 -0.5 0.0048313 1.05210495 1.05 2.010724848 6058.986711 3.85 3.105 2.459 2.025 1.746 1.707
NSD 9 NSD 9.77815125 -0.5 0.0048313 1.055668593 1.054 2.133794763 5902.010802 3.8 3.104 2.418 1.954 1.65 1.606
NSD 9 NSD 9.77815125 -0.5 0.0048313 1.057783008 1.056 2.221532365 5767.664634 3.765 3.132 2.41 1.92 1.594 1.546
NSD 9 NSD 9.77815125 -0.5 0.0048313 1.059194922 1.057 2.292200721 5658.482799 3.739 3.164 2.412 1.9 1.555 1.502
NSD 9 NSD 9.77815125 -0.5 0.0048313 1.060469866 1.058 2.364028156 5552.646171 3.712 3.197 2.413 1.879 1.514 1.458
NSD 9 NSD 9.77815125 -0.5 0.0048313 1.061733961 1.06 2.458966685 5453.809951 3.68 3.21 2.398 1.841 1.457 1.397
NSD 9 NSD 9.77815125 -0.5 0.0048313 1.063275695 1.061 2.600474772 5355.499708 3.631 3.189 2.347 1.766 1.361 1.299
NSD 9 NSD 9.77815125 -0.5 0.0048313 1.064629555 1.062 2.755196924 5290.539972 3.581 3.13 2.269 1.672 1.252 1.188
NSD 9 NSD 9.77815125 -0.5 0.0048313 1.06501019 1.063 2.802545323 5275.941847 3.567 3.11 2.244 1.643 1.219 1.154
NSD 9 NSD 9.77815125 -0.5 0.0048313 1.065230012 1.063 2.833039598 5268.657897 3.557 3.094 2.226 1.623 1.198 1.133
NSD 9 NSD 9.77815125 -0.5 0.0048313 1.06678319 1.065 3.063039835 5223.96189 3.491 2.974 2.093 1.478 1.042 0.975
NSD 9 NSD 9.77815125 -0.5 0.0048313 1.068002582 1.066 3.267778754 5196.369201 3.434 2.864 1.973 1.35 0.908 0.84
NSD 9 NSD 9.77815125 -0.5 0.0048313 1.069259167 1.067 3.508751771 5170.11258 3.372 2.737 1.838 1.208 0.759 0.69
NSD 9 NSD 9.77815125 -0.5 0.0048313 1.070273876 1.068 3.738975719 5148.728601 3.318 2.623 1.718 1.082 0.628 0.559
NSD 9 NSD 9.77815125 -0.5 0.0048313 1.071373463 1.069 4.027658543 5126.25257 3.254 2.489 1.576 0.933 0.473 0.404
NSD 9 NSD 9.77815125 -0.5 0.0048313 1.072279096 1.07 4.301824066 5105.05 3.197 2.368 1.448 0.8 0.334 0.264
NSD 9 NSD 9.77815125 -0.5 0.0048313 1.073094726 1.071 4.599945062 5083.935125 3.14 2.249 1.322 0.668 0.197 0.126
NSD 9 NSD 9.77815125 -0.5 0.0048313 1.073870182 1.071 4.926660603 5061.74194 3.08 2.126 1.192 0.531 0.055 -0.017
NSD 9 NSD 9.77815125 -0.5 0.0048313 1.074530721 1.072 5.258388202 5039.645636 3.024 2.01 1.07 0.402 -0.08 -0.152
NSD 9 NSD 9.77815125 -0.5 0.0048313 1.075172901 1.072 5.639656397 5014.18092 2.964 1.888 0.939 0.264 -0.224 -0.297
NSD 9 NSD 9.77815125 -0.5 0.0048313 1.075707078 1.073 6.008314327 4991.142852 2.908 1.777 0.819 0.137 -0.358 -0.432
NSD 9 NSD 9.77815125 -0.5 0.0048313 1.076215982 1.073 6.429136474 4965.923215 2.85 1.662 0.694 0.005 -0.497 -0.573
NSD 9 NSD 9.77815125 -0.5 0.0048313 1.076663613 1.074 6.863610735 4940.831009 2.793 1.552 0.574 -0.124 -0.633 -0.709
NSD 9 NSD 9.77815125 -0.5 0.0048313 1.077069163 1.074 7.330821499 4914.733802 2.736 1.443 0.455 -0.251 -0.768 -0.845
NSD 9 NSD 9.77815125 -0.5 0.0048313 1.077433467 1.074 7.808230852 4889.90025 2.681 1.336 0.338 -0.376 -0.9 -0.978
NSD 9 NSD 9.77815125 -0.5 0.0048313 1.077773571 1.074 8.34742729 4861.832585 2.624 1.23 0.221 -0.502 -1.034 -1.114
NSD 9 NSD 9.77815125 -0.5 0.0048313 1.078086734 1.075 8.9094859 4835.039206 2.567 1.124 0.104 -0.628 -1.168 -1.249
NSD 9 NSD 9.77815125 -0.5 0.0048313 1.078362584 1.075 9.480967216 4807.286438 2.513 1.024 -0.006 -0.748 -1.297 -1.379
NSD 9 NSD 9.77815125 -0.5 0.0048313 1.078626633 1.075 10.11236286 4779.69297 2.457 0.921 -0.121 -0.871 -1.428 -1.512
NSD 9 NSD 9.77815125 -0.5 0.0048313 1.078860879 1.075 10.74366962 4753.352259 2.404 0.827 -0.228 -0.987 -1.551 -1.636
NSD 9 NSD 9.77815125 -0.5 0.0048313 1.079099536 1.075 11.43280102 4726.068369 2.351 0.731 -0.337 -1.104 -1.676 -1.762
NSD 9 NSD 9.77815125 -0.5 0.0048313 1.079422474 1.075 12.16613538 4698.941086 2.296 0.634 -0.446 -1.223 -1.803 -1.89
NSD 9 NSD 9.77815125 -0.5 0.0048313 1.079451442 1.075 12.19979814 4697.859239 2.294 0.629 -0.452 -1.229 -1.809 -1.897
NSD 9 NSD 9.77815125 -0.5 0.0048313 1.079624176 1.075 11.75039984 4718.456982 2.326 0.682 -0.389 -1.16 -1.734 -1.82
NSD 9 NSD 9.77815125 -0.5 0.0048313 1.079745769 1.075 11.16227312 4744.604321 2.372 0.758 -0.301 -1.063 -1.63 -1.715
NSD 9 NSD 9.77815125 -0.5 0.0048313 1.079776764 1.075 11.02180301 4750.069894 2.382 0.776 -0.28 -1.04 -1.605 -1.689
NSD 9 NSD 9.77815125 -0.5 0.0048313 1.079925179 1.075 11.58117555 4728.245305 2.339 0.699 -0.367 -1.134 -1.706 -1.792
NSD 9 NSD 9.77815125 -0.5 0.0048313 1.080107927 1.075 12.31551691 4700.023182 2.285 0.605 -0.475 -1.251 -1.831 -1.918
NSD 9 NSD 9.77815125 -0.5 0.0048313 1.080288053 1.075 13.13265831 4670.893875 2.23 0.508 -0.585 -1.371 -1.959 -2.048
NSD 9 NSD 9.77815125 -0.5 0.0048313 1.080449104 1.075 13.9493074 4643.014073 2.177 0.418 -0.69 -1.485 -2.081 -2.172
NSD 9 NSD 9.77815125 -0.5 0.0048313 1.080601931 1.075 14.8406405 4614.238091 2.124 0.327 -0.796 -1.601 -2.205 -2.297
NSD 9 NSD 9.77815125 -0.5 0.0048313 1.080742478 1.075 15.77802518 4584.584692 2.071 0.238 -0.9 -1.715 -2.327 -2.421
NSD 9 NSD 9.77815125 -0.5 0.0048313 1.080874324 1.075 16.78620973 4556.170838 2.017 0.149 -1.004 -1.829 -2.451 -2.547
NSD 9 NSD 9.77815125 -0.5 0.0048313 1.080995083 1.075 17.84648309 4526.890609 1.964 0.06 -1.107 -1.943 -2.571 -2.67
NSD 9 NSD 9.77815125 -0.5 0.0048313 1.081107974 1.074 18.97372688 4497.798549 1.91 -0.029 -1.211 -2.058 -2.692 -2.793
NSD 9 NSD 9.77815125 -0.5 0.0048313 1.081209898 1.074 20.17217118 4468.893449 1.857 -0.117 -1.311 -2.169 -2.809 -2.914
NSD 9 NSD 9.77815125 -0.5 0.0048313 1.08130312 1.074 21.40684403 4439.151838 1.805 -0.2 -1.408 -2.278 -2.924 -3.033
NSD 9 NSD 9.77815125 -0.5 0.0048313 1.081390262 1.073 22.73278502 4410.623631 1.753 -0.284 -1.506 -2.388 -3.039 -3.152
NSD 9 NSD 9.77815125 -0.5 0.0048313 1.081469894 1.073 24.1241847 4381.26982 1.701 -0.366 -1.601 -2.496 -3.153 -3.269
NSD 9 NSD 9.77815125 -0.5 0.0048313 1.08154583 1.073 25.63023834 4352.111366 1.648 -0.449 -1.699 -2.606 -3.268 -3.389
NSD 9 NSD 9.77815125 -0.5 0.0048313 1.081614017 1.072 27.1989817 4323.146969 1.596 -0.528 -1.792 -2.713 -3.38 -3.506
NSD 9 NSD 9.77815125 -0.5 0.0048313 1.081677914 1.072 28.87703803 4293.386635 1.544 -0.607 -1.885 -2.82 -3.493 -3.624
NSD 9 NSD 9.77815125 -0.5 0.0048313 1.08173728 1.071 30.67980853 4264.813065 1.492 -0.687 -1.979 -2.927 -3.607 -3.742
NSD 9 NSD 9.77815125 -0.5 0.0048313 1.081790566 1.071 32.49770147 4235.454299 1.441 -0.756 -2.069 -3.031 -3.72 -3.859
NSD 9 NSD 9.77815125 -0.5 0.0048313 1.081841588 1.07 34.48677986 4207.266284 1.389 -0.827 -2.161 -3.137 -3.835 -3.979
NSD 9 NSD 9.77815125 -0.5 0.0048313 1.081887722 1.069 36.57233126 4178.303666 1.339 -0.895 -2.251 -3.24 -3.948 -4.095
NSD 9 NSD 9.77815125 -0.5 0.0048313 1.08193171 1.069 38.76614759 4150.496003 1.288 -0.962 -2.341 -3.344 -4.061 -4.212
NSD 9 NSD 9.77815125 -0.5 0.0048313 1.081972837 1.068 41.11048921 4121.92419 1.237 -1.029 -2.431 -3.447 -4.174 -4.33
NSD 9 NSD 9.77815125 -0.5 0.0048313 1.082009673 1.067 43.496333 4093.549063 1.187 -1.092 -2.517 -3.547 -4.284 -4.443
NSD 9 NSD 9.77815125 -0.5 0.0048313 1.082045078 1.066 46.05243994 4066.305463 1.136 -1.155 -2.603 -3.648 -4.395 -4.558
NSD 9 NSD 9.77815125 -0.5 0.0048313 1.082077384 1.065 48.72508942 4038.313213 1.087 -1.214 -2.687 -3.746 -4.502 -4.671
NSD 9 NSD 9.77815125 -0.5 0.0048313 1.082108021 1.064 51.5291104 4011.437222 1.038 -1.273 -2.772 -3.844 -4.61 -4.783
NSD 9 NSD 9.77815125 -0.5 0.0048313 1.082137346 1.063 54.60754406 3982.905479 0.987 -1.332 -2.858 -3.945 -4.721 -4.899
NSD 9 NSD 9.77815125 -0.5 0.0048313 1.08216989 1.061 58.4995661 3949.116993 0.927 -1.395 -2.957 -4.064 -4.851 -5.035
NSD 9 NSD 9.77815125 -0.5 0.0048313 1.082199931 1.059 62.59687388 3915.615148 0.867 -1.457 -3.057 -4.183 -4.981 -5.171
NSD 9 NSD 9.77815125 -0.5 0.0048313 1.082227945 1.057 67.08920489 3881.50366 0.807 -1.517 -3.155 -4.3 -5.111 -5.307
NSD 9 NSD 9.77815125 -0.5 0.0048313 1.082249641 1.056 70.90104641 3854.783577 0.758 -1.562 -3.236 -4.397 -5.217 -5.418
NSD 9 NSD 9.77815125 -0.5 0.0048313 1.082273602 1.053 75.81456454 3821.202032 0.699 -1.613 -3.33 -4.511 -5.342 -5.55
NSD 9 NSD 9.77815125 -0.5 0.0048313 1.082295418 1.051 80.8449031 3788.785337 0.642 -1.656 -3.42 -4.621 -5.463 -5.678
NSD 9 NSD 9.77815125 -0.5 0.0048313 1.08231616 1.048 86.20900743 3756.643646 0.584 -1.693 -3.509 -4.733 -5.585 -5.807
NSD 9 NSD 9.77815125 -0.5 0.0048313 1.082335472 1.045 92.07731461 3723.917063 0.526 -1.728 -3.598 -4.843 -5.707 -5.935
NSD 9 NSD 9.77815125 -0.5 0.0048313 1.082353354 1.041 98.16408998 3690.625686 0.469 -1.748 -3.683 -4.953 -5.827 -6.061
NSD 9 NSD 9.77815125 -0.5 0.0048313 1.082370043 1.038 104.6532319 3657.63193 0.412 -1.76 -3.766 -5.062 -5.945 -6.187
NSD 9 NSD 9.77815125 -0.5 0.0048313 1.082385421 1.033 111.3147319 3624.933135 0.356 -1.765 -3.845 -5.168 -6.06 -6.309
NSD 9 NSD 9.77815125 -0.5 0.0048313 1.082399845 1.029 118.209572 3593.353968 0.302 -1.752 -3.919 -5.271 -6.172 -6.427
NSD 9 NSD 9.77815125 -0.5 0.0048313 1.082413197 1.024 125.1851012 3562.870194 0.251 -1.738 -3.987 -5.368 -6.276 -6.537
NSD 9 NSD 9.77815125 -0.5 0.0048313 1.082418561 1.022 127.8358445 3552.221185 0.231 -1.733 -4.013 -5.404 -6.315 -6.579
NSD 9 NSD 9.77815125 -0.5 0.0048313 1.082418561 1.022 127.8358445 3552.221185 0.231 0.629 -0.33 -5.404 -6.315 -6.579
NSD 9 NSD 9.77815125 -0.5 0.0048313 1.082556844 1.022 10.39328041 4973.933791 2.411 0.605 -0.357 -1.047 -1.548 -1.622
NSD 9 NSD 9.77815125 -0.5 0.0048313 1.082700491 1.022 10.4677332 4970.499106 2.405 0.594 -0.369 -1.06 -1.562 -1.636
NSD 9 NSD 9.77815125 -0.5 0.0048313 1.082845688 1.023 10.48703325 4971.643737 2.403 0.589 -0.374 -1.065 -1.566 -1.64
NSD 9 NSD 9.77815125 -0.5 0.0048313 1.082991362 1.023 10.47255488 4975.079214 2.405 0.588 -0.375 -1.064 -1.564 -1.639
NSD 9 NSD 9.77815125 -0.5 0.0048313 1.083140373 1.023 10.45328148 4979.663542 2.407 0.588 -0.373 -1.061 -1.56 -1.634
NSD 9 NSD 9.77815125 -0.5 0.0048313 1.083287716 1.023 10.42203782 4984.252094 2.41 0.588 -0.371 -1.057 -1.555 -1.629
NSD 9 NSD 9.77815125 -0.5 0.0048313 1.083435893 1.023 10.39088755 4988.844875 2.412 0.588 -0.368 -1.054 -1.55 -1.624
NSD 9 NSD 9.77815125 -0.5 0.0048313 1.083583593 1.023 10.3550606 4994.591802 2.415 0.589 -0.366 -1.05 -1.545 -1.618
NSD 9 NSD 9.77815125 -0.5 0.0048313 1.083734036 1.024 10.32411052 4999.19411 2.417 0.588 -0.364 -1.047 -1.54 -1.614
NSD 9 NSD 9.77815125 -0.5 0.0048313 1.083869338 1.024 10.30511031 5003.800659 2.419 0.588 -0.363 -1.045 -1.537 -1.61
NSD 9 NSD 9.77815125 -0.5 0.0048313 1.084005833 1.024 10.2908831 5007.258356 2.421 0.587 -0.363 -1.043 -1.535 -1.608
NSD 9 NSD 9.77815125 -0.5 0.0048313 1.084143162 1.024 10.27667554 5010.718443 2.422 0.586 -0.363 -1.042 -1.532 -1.605
NSD 9 NSD 9.77815125 -0.5 0.0048313 1.084281206 1.024 10.26248759 5014.18092 2.423 0.585 -0.363 -1.041 -1.53 -1.603
NSD 9 NSD 9.77815125 -0.5 0.0048313 1.084426761 1.024 10.25303984 5016.490568 2.424 0.583 -0.363 -1.04 -1.529 -1.602
NSD 9 NSD 9.77815125 -0.5 0.0048313 1.084474444 1.024 10.24831923 5017.64579 2.425 0.583 -0.363 -1.04 -1.529 -1.601
NSD 9 NSD 9.77815125 -0.5 0.0048313 1.084549308 1.025 10.24360079 5018.801279 2.425 0.582 -0.363 -1.04 -1.528 -1.601
NSD 9 NSD 9.77815125 -0.5 0.0048313 1.084684372 1.025 10.23417043 5021.113055 2.425 0.58 -0.364 -1.04 -1.528 -1.601
NSD 9 NSD 9.77815125 -0.5 0.0048313 1.084818006 1.025 10.2365272 5023.425895 2.426 0.579 -0.365 -1.041 -1.528 -1.601
NSD 9 NSD 9.77815125 -0.5 0.0048313 1.084956527 1.025 10.24360079 5024.582715 2.426 0.576 -0.367 -1.042 -1.529 -1.601
NSD 9 NSD 9.77815125 -0.5 0.0048313 1.085093856 1.025 10.23888452 5025.739801 2.425 0.574 -0.369 -1.044 -1.53 -1.603
NSD 9 NSD 9.77815125 -0.5 0.0048313 1.085227132 1.025 10.24595974 5026.897154 2.424 0.571 -0.371 -1.046 -1.532 -1.605
NSD 9 NSD 9.77815125 -0.5 0.0048313 1.085374475 1.026 10.26957911 5026.897154 2.423 0.568 -0.375 -1.049 -1.536 -1.608
NSD 9 NSD 9.77815125 -0.5 0.0048313 1.085508466 1.026 10.28140921 5026.897154 2.422 0.564 -0.379 -1.053 -1.539 -1.612
NSD 9 NSD 9.77815125 -0.5 0.0048313 1.085518479 1.026 10.28140921 5026.897154 2.422 0.564 -0.379 -1.054 -1.54 -1.612
NSD 9 NSD 9.77815125 -0.5 0.0048313 1.085570693 1.026 10.29799425 5025.739801 2.421 0.562 -0.381 -1.056 -1.542 -1.614
NSD 9 NSD 9.77815125 -0.5 0.0048313 1.085719347 1.026 10.33838366 5024.582715 2.418 0.557 -0.387 -1.062 -1.549 -1.621
NSD 9 NSD 9.77815125 -0.5 0.0048313 1.085862756 1.026 10.37176444 5022.269342 2.414 0.551 -0.394 -1.07 -1.557 -1.63
NSD 9 NSD 9.77815125 -0.5 0.0048313 1.086007834 1.026 10.43404354 5018.801279 2.41 0.543 -0.402 -1.079 -1.567 -1.64
NSD 9 NSD 9.77815125 -0.5 0.0048313 1.086156845 1.026 10.50153163 5014.18092 2.404 0.534 -0.413 -1.091 -1.58 -1.653
NSD 9 NSD 9.77815125 -0.5 0.0048313 1.086303234 1.027 10.59138231 5007.258356 2.397 0.525 -0.425 -1.105 -1.596 -1.669
NSD 9 NSD 9.77815125 -0.5 0.0048313 1.086449862 1.027 10.68200175 5000.34535 2.39 0.513 -0.439 -1.121 -1.614 -1.687
NSD 9 NSD 9.77815125 -0.5 0.0048313 1.08659327 1.027 10.75109365 4995.741982 2.384 0.505 -0.45 -1.133 -1.627 -1.7
NSD 9 NSD 9.77815125 -0.5 0.0048313 1.086735725 1.027 10.85557032 4988.844875 2.375 0.492 -0.465 -1.151 -1.647 -1.721
NSD 9 NSD 9.77815125 -0.5 0.0048313 1.086880207 1.027 11.10842903 4971.643737 2.356 0.464 -0.5 -1.19 -1.691 -1.765
NSD 9 NSD 9.77815125 -0.5 0.0048313 1.087024212 1.027 11.5014513 4945.383779 2.326 0.422 -0.552 -1.25 -1.757 -1.833
NSD 9 NSD 9.77815125 -0.5 0.0048313 1.087136865 1.028 12.18576069 4902.301301 2.276 0.35 -0.641 -1.352 -1.87 -1.948
NSD 9 NSD 9.77815125 -0.5 0.0048313 1.087192059 1.028 13.00926154 4855.120352 2.219 0.269 -0.741 -1.467 -1.999 -2.078
NSD 9 NSD 9.77815125 -0.5 0.0048313 1.08721745 1.028 13.85328104 4811.716153 2.164 0.191 -0.838 -1.578 -2.122 -2.204
NSD 9 NSD 9.77815125 -0.5 0.0048313 1.087230086 1.028 14.81673948 4766.504419 2.106 0.106 -0.943 -1.697 -2.255 -2.338
NSD 9 NSD 9.77815125 -0.5 0.0048313 1.087236285 1.028 15.78165862 4726.068369 2.051 0.028 -1.04 -1.808 -2.378 -2.463
NSD 9 NSD 9.77815125 -0.5 0.0048313 1.087239862 1.028 16.7090841 4689.213428 2.001 -0.045 -1.13 -1.91 -2.49 -2.578
NSD 9 NSD 9.77815125 -0.5 0.0048313 1.087240934 1.028 17.11010382 4674.121529 1.981 -0.076 -1.168 -1.952 -2.535 -2.624
NSD 9 NSD 9.77815125 -0.5 0.0048313 1.087242246 1.028 17.63407343 4654.789007 1.954 -0.116 -1.216 -2.007 -2.593 -2.684
NSD 9 NSD 9.77815125 -0.5 0.0048313 1.08724463 1.028 18.76517612 4617.426595 1.9 -0.197 -1.314 -2.117 -2.711 -2.805
NSD 9 NSD 9.77815125 -0.5 0.0048313 1.087247014 1.028 19.65860266 4589.86593 1.86 -0.259 -1.388 -2.201 -2.8 -2.897
NSD 9 NSD 9.77815125 -0.5 0.0048313 1.087249279 1.028 20.02408337 4579.309532 1.844 -0.283 -1.417 -2.234 -2.835 -2.933
NSD 9 NSD 9.77815125 -0.5 0.0048313 1.087251782 1.028 20.18611043 4574.04044 1.837 -0.294 -1.43 -2.248 -2.85 -2.949
NSD 9 NSD 9.77815125 -0.5 0.0048313 1.087257624 1.028 19.7129965 4588.809196 1.858 -0.262 -1.392 -2.206 -2.805 -2.902
NSD 9 NSD 9.77815125 -0.5 0.0048313 1.087261558 1.027 19.53226666 4594.0953 1.865 -0.251 -1.378 -2.19 -2.788 -2.884
NSD 9 NSD 9.77815125 -0.5 0.0048313 1.08727169 1.027 19.32202523 4600.446664 1.875 -0.236 -1.361 -2.17 -2.767 -2.862
NSD 9 NSD 9.77815125 -0.5 0.0048313 1.087332845 1.027 19.19785225 4604.685784 1.88 -0.227 -1.35 -2.158 -2.754 -2.849
NSD 9 NSD 9.77815125 -0.5 0.0048313 1.087390542 1.026 19.50979225 4594.0953 1.866 -0.247 -1.374 -2.186 -2.784 -2.88
NSD 9 NSD 9.77815125 -0.5 0.0048313 1.087447405 1.025 20.87145111 4553.024633 1.807 -0.334 -1.48 -2.306 -2.913 -3.013
NSD 9 NSD 9.77815125 -0.5 0.0048313 1.087498069 1.024 22.35386608 4512.321133 1.747 -0.42 -1.585 -2.427 -3.042 -3.147
NSD 9 NSD 9.77815125 -0.5 0.0048313 1.087542176 1.023 23.89200763 4474.041416 1.689 -0.505 -1.687 -2.545 -3.168 -3.277
NSD 9 NSD 9.77815125 -0.5 0.0048313 1.087580442 1.022 25.50660431 4436.086439 1.631 -0.587 -1.787 -2.66 -3.291 -3.406
NSD 9 NSD 9.77815125 -0.5 0.0048313 1.087613463 1.02 27.23031372 4398.453449 1.574 -0.667 -1.884 -2.774 -3.412 -3.532
NSD 9 NSD 9.77815125 -0.5 0.0048313 1.087642312 1.019 29.01032838 4363.148556 1.518 -0.746 -1.979 -2.885 -3.531 -3.656
NSD 9 NSD 9.77815125 -0.5 0.0048313 1.087668061 1.017 30.92093692 4327.130569 1.462 -0.82 -2.075 -2.997 -3.653 -3.783
NSD 9 NSD 9.77815125 -0.5 0.0048313 1.087691426 1.015 33.01054122 4290.421892 1.405 -0.892 -2.172 -3.11 -3.777 -3.912
NSD 9 NSD 9.77815125 -0.5 0.0048313 1.087712645 1.013 35.26571105 4250.108332 1.346 -0.96 -2.267 -3.224 -3.905 -4.044
NSD 9 NSD 9.77815125 -0.5 0.0048313 1.087727785 1.011 37.28658807 4210.173564 1.297 -1.001 -2.337 -3.312 -4.006 -4.151
NSD 9 NSD 9.77815125 -0.5 0.0048313 1.087746382 1.008 40.23024198 4152.407818 1.229 -1.048 -2.427 -3.429 -4.144 -4.296
NSD 9 NSD 9.77815125 -0.5 0.0048313 1.087764144 1.004 42.96874258 4116.233473 1.171 -1.114 -2.522 -3.542 -4.269 -4.427
NSD 9 NSD 9.77815125 -0.5 0.0048313 1.087781072 1 45.92536798 4081.313916 1.111 -1.181 -2.619 -3.657 -4.396 -4.558
NSD 9 NSD 9.77815125 -0.5 0.0048313 1.087797046 0.996 49.13066527 4044.827454 1.051 -1.245 -2.714 -3.77 -4.522 -4.691
NSD 9 NSD 9.77815125 -0.5 0.0048313 1.087812185 0.99 52.41464453 4009.590312 0.992 -1.305 -2.807 -3.882 -4.646 -4.82
NSD 9 NSD 9.77815125 -0.5 0.0048313 1.087827206 0.983 56.09868031 3972.830167 0.93 -1.362 -2.901 -3.996 -4.773 -4.954
NSD 9 NSD 9.77815125 -0.5 0.0048313 1.087840319 0.975 60.06931021 3935.500755 0.867 -1.415 -2.996 -4.111 -4.901 -5.089
NSD 9 NSD 9.77815125 -0.5 0.0048313 1.087849736 0.968 64.24696918 3898.522096 0.805 -1.467 -3.088 -4.224 -5.028 -5.222
NSD 9 NSD 9.77815125 -0.5 0.0048313 1.08785665 0.962 68.63610735 3861.890894 0.745 -1.511 -3.178 -4.335 -5.151 -5.352
NSD 9 NSD 9.77815125 -0.5 0.0048313 1.087862968 0.955 73.68051366 3822.962166 0.68 -1.555 -3.272 -4.453 -5.282 -5.491
NSD 9 NSD 9.77815125 -0.5 0.0048313 1.08786881 0.947 79.16854163 3782.683456 0.614 -1.591 -3.366 -4.572 -5.415 -5.632
NSD 9 NSD 9.77815125 -0.5 0.0048313 1.087873578 0.938 84.69400005 3744.553156 0.552 -1.613 -3.449 -4.681 -5.538 -5.762
NSD 9 NSD 9.77815125 -0.5 0.0048313 1.087878704 0.927 91.06524175 3701.68961 0.484 -1.625 -3.537 -4.799 -5.669 -5.902
NSD 9 NSD 9.77815125 -0.5 0.0048313 1.087881803 0.918 94.72238943 3677.900704 0.445 -1.62 -3.583 -4.864 -5.741 -5.978
NSD 9 NSD 9.77815125 -0.5 0.0048313 1.087882876 0.915 97.06276188 3662.688628 0.423 -1.617 -3.611 -4.903 -5.785 -6.025
NSD 9 NSD 9.77815125 -0.5 0.0048313 1.087883115 0.914 97.42101383 3660.159406 0.419 -1.616 -3.615 -4.909 -5.792 -6.033
NSD 9 NSD 9.77815125 -0.5 0.0048313 1.087883472 0.913 98.57179039 3653.423349 0.408 -1.614 -3.629 -4.929 -5.813 -6.056
NSD 9 NSD 9.77815125 -0.5 0.0048313 1.087883592 0.912 99.41516665 3648.379443 0.401 -1.614 -3.639 -4.943 -5.829 -6.072
NSD 9 NSD 9.77815125 -0.5 0.0048313 1.087884068 0.911 101.286752 3637.474856 0.384 -1.612 -3.661 -4.973 -5.863 -6.108
NSD 9 NSD 9.77815125 -0.5 0.0048313 1.087884426 0.91 103.4076443 3624.933135 0.365 -1.605 -3.684 -5.007 -5.9 -6.148
NSD 9 NSD 9.77815125 -0.5 0.0048313 1.087884903 0.908 106.1335387 3609.109012 0.341 -1.592 -3.713 -5.05 -5.947 -6.198
NSD 9 NSD 9.77815125 -0.5 0.0048313 1.087885857 0.902 111.5713389 3579.315656 0.295 -1.565 -3.767 -5.132 -6.037 -6.294
NSD 9 NSD 9.77815125 -0.5 0.0048313 1.08788681 0.897 112.3188491 3573.551127 0.287 -1.553 -3.77 -5.141 -6.048 -6.306
NSD 9 NSD 9.77815125 -0.5 0.0048313 1.087886929 0.896 112.4482355 3573.551127 0.286 -1.552 -3.771 -5.143 -6.049 -6.308
NSD 9 NSD 9.77815125 -0.5 0.0048313 1.087887049 0.895 110.6503125 3581.789013 0.299 -1.557 -3.753 -5.116 -6.021 -6.277
NSD 9 NSD 9.77815125 -0.5 0.0048313 1.087887168 0.894 99.48386393 3636.637393 0.392 -1.57 -3.619 -4.931 -5.822 -6.067
NSD 9 NSD 9.77815125 -0.5 0.0048313 1.087887287 0.893 105.20894 3608.27808 0.343 -1.567 -3.691 -5.029 -5.926 -6.178
NSD 9 NSD 9.77815125 -0.5 0.0048313 1.087887406 0.893 106.2313364 3603.296501 0.333 -1.565 -3.704 -5.047 -5.946 -6.198
NSD 9 NSD 9.77815125 -0.5 0.0048313 1.087888002 0.89 105.233168 3605.78643 0.34 -1.558 -3.687 -5.027 -5.926 -6.178
NSD 9 NSD 9.77815125 -0.5 0.0048313 1.087888479 0.887 112.0089291 3570.26128 0.285 -1.531 -3.758 -5.132 -6.04 -6.298
NSD 9 NSD 9.77815125 -0.5 0.0048313 1.087888718 0.884 117.8291229 3541.604004 0.24 -1.503 -3.813 -5.215 -6.13 -6.396
NSD 9 NSD 9.77815125 -0.5 0.0048313 1.087889194 0.88 124.1231089 3510.750772 0.192 -1.45 -3.863 -5.301 -6.224 -6.497
NSD 9 NSD 9.77815125 -0.5 0.0048313 1.087889552 0.877 128.8999191 3488.992212 0.157 -1.41 -3.899 -5.364 -6.292 -6.57
NSD 9 NSD 9.77815125 -0.5 0.0048313 1.087890029 0.872 133.9839092 3465.77209 0.121 -1.364 -3.934 -5.427 -6.362 -6.645
NSD 9 NSD 9.77815125 -0.5 0.0048313 1.087890625 0.865 139.8468359 3439.537114 0.081 -1.293 -3.965 -5.498 -6.437 -6.726
NSD 9 NSD 9.77815125 -0.5 0.0048313 1.087891579 0.854 146.0335507 3412.714832 0.038 -1.21 -3.992 -5.566 -6.511 -6.806
NSD 9 NSD 9.77815125 -0.5 0.0048313 1.087892056 0.849 138.6923941 3445.878814 0.08 -1.311 -3.96 -5.484 -6.422 -6.71
NSD 9 NSD 9.77815125 -0.5 0.0048313 1.087892175 0.849 95.53283037 3630.780548 0.404 -1.464 -3.523 -4.839 -5.732 -5.978
NSD 9 NSD 9.77815125 -0.5 0.0048313 1.087892175 0.849 95.53283037 3630.780548 0.404 -1.459 -3.276 -4.839 -5.732 -5.978
NSD 9 NSD 9.77815125 -0.5 0.0048313 1.087892413 0.846 56.70908563 3949.116993 0.855 -1.325 -2.893 -4.001 -4.785 -4.971
NSD 9 NSD 9.77815125 -0.5 0.0048313 1.087892652 0.844 58.01664956 3933.688807 0.834 -1.335 -2.92 -4.037 -4.826 -5.015
NSD 9 NSD 9.77815125 -0.5 0.0048313 1.087893009 0.84 70.57528569 3810.658234 0.662 -1.425 -3.158 -4.347 -5.181 -5.392
NSD 9 NSD 9.77815125 -0.5 0.0048313 1.087893367 0.836 92.28957475 3647.539469 0.428 -1.452 -3.475 -4.778 -5.666 -5.908
NSD 9 NSD 9.77815125 -0.5 0.0048313 1.087893963 0.832 115.4656075 3516.413996 0.23 -1.328 -3.718 -5.149 -6.072 -6.342
NSD 9 NSD 9.77815125 -0.5 0.0048313 1.08789444 0.826 133.4297416 3433.207084 0.102 -1.158 -3.848 -5.389 -6.33 -6.619
NSD 9 NSD 9.77815125 -0.5 0.0048313 1.087895155 0.82 143.7317273 3390.783023 0.034 -1.039 -3.905 -5.511 -6.462 -6.761
NSD 9 NSD 9.77815125 -0.5 0.0048313 1.08789587 0.814 148.4405808 3371.320179 0.003 -0.958 -3.916 -5.564 -6.517 -6.821
NSD 9 NSD 9.77815125 -0.5 0.0048313 1.087896705 0.806 150.783092 3360.469825 -0.015 -0.906 -3.917 -5.589 -6.544 -6.85
NSD 9 NSD 9.77815125 -0.5 0.0048313 1.087896705 0.806 150.783092 3360.469825 -0.015 -1.31 -3.67 -5.589 -6.544 -6.85
NSD 9 NSD 9.77815125 -0.5 0.0048313 1.087896824 0.804 83.24394332 3697.430335 0.5 -1.42 -3.337 -4.601 -5.473 -5.706
NSD 9 NSD 9.77815125 -0.5 0.0048313 1.087897062 0.801 60.96107893 3888.660243 0.769 -1.324 -2.959 -4.101 -4.907 -5.103
NSD 9 NSD 9.77815125 -0.5 0.0048313 1.08789742 0.797 62.39541029 3872.576449 0.746 -1.332 -2.986 -4.138 -4.949 -5.148
NSD 9 NSD 9.77815125 -0.5 0.0048313 1.087897897 0.791 75.81456454 3751.457235 0.575 -1.397 -3.221 -4.447 -5.301 -5.523
NSD 9 NSD 9.77815125 -0.5 0.0048313 1.087898374 0.785 98.86729336 3591.699548 0.34 -1.362 -3.527 -4.88 -5.783 -6.037
NSD 9 NSD 9.77815125 -0.5 0.0048313 1.08789897 0.777 123.7521192 3461.784268 0.14 -1.171 -3.751 -5.249 -6.186 -6.469
NSD 9 NSD 9.77815125 -0.5 0.0048313 1.087899685 0.768 143.07134 3379.091874 0.01 -0.938 -3.859 -5.49 -6.443 -6.745
NSD 9 NSD 9.77815125 -0.5 0.0048313 1.0879004 0.758 154.0113206 3336.568151 -0.061 -0.754 -3.889 -5.615 -6.574 -6.887
NSD 9 NSD 9.77815125 -0.5 0.0048313 1.087901354 0.747 159.3135242 3316.652722 -0.096 -0.66 -3.897 -5.67 -6.631 -6.95
NSD 9 NSD 9.77815125 -0.5 0.0048313 1.087902308 0.735 162.0140374 3305.978311 -0.118 -0.599 -3.895 -5.696 -6.66 -6.982
NSD 9 NSD 9.77815125 -0.5 0.0048313 1.087902308 0.735 162.0140374 3305.978311 -0.118 -1.157 -3.721 -5.696 -6.66 -6.982
NSD 9 NSD 9.77815125 -0.5 0.0048313 1.087902546 0.731 90.1680432 3641.665066 0.39 -1.374 -3.414 -4.723 -5.611 -5.857
NSD 9 NSD 9.77815125 -0.5 0.0048313 1.087902784 0.727 65.68294924 3837.956075 0.662 -1.345 -3.046 -4.219 -5.041 -5.248
NSD 9 NSD 9.77815125 -0.5 0.0048313 1.087903142 0.721 67.18195611 3825.603887 0.638 -1.358 -3.075 -4.256 -5.083 -5.292
NSD 9 NSD 9.77815125 -0.5 0.0048313 1.087903619 0.714 81.49906848 3706.807218 0.467 -1.399 -3.305 -4.564 -5.432 -5.664
NSD 9 NSD 9.77815125 -0.5 0.0048313 1.087904215 0.704 106.0358311 3548.950974 0.232 -1.31 -3.599 -4.994 -5.908 -6.173
NSD 9 NSD 9.77815125 -0.5 0.0048313 1.08790493 0.694 132.3587463 3421.369661 0.033 -1.045 -3.797 -5.36 -6.303 -6.598
NSD 9 NSD 9.77815125 -0.5 0.0048313 1.087905645 0.681 152.4939608 3343.48978 -0.098 -0.759 -3.88 -5.597 -6.555 -6.87
NSD 9 NSD 9.77815125 -0.5 0.0048313 1.087906599 0.668 163.8146148 3306.739628 -0.169 -0.591 -3.909 -5.717 -6.68 -7.008
NSD 9 NSD 9.77815125 -0.5 0.0048313 1.087907672 0.653 168.4040938 3295.338255 -0.203 -0.527 -3.92 -5.768 -6.732 -7.066
NSD 9 NSD 9.77815125 -0.5 0.0048313 1.087908745 0.636 170.3541213 3295.338255 -0.224 -0.525 -3.934 -5.788 -6.754 -7.091
NSD 9 NSD 9.77815125 -0.5 0.0048313 1.087914109 0.518 3.335436253e-06 10000 1.781 30.061 30.042 30.036 30.057 30.065
