# component component_index family logAge MH Zini Mini Mass radius_rsun Teff_K logg Vmag Imag Jmag_2mass Hmag_2mass Ksmag_2mass
thin1 0 thin_disk 8.176091259 -0.5 0.0048313 0.0900000036 0.09 0.1661700096 2788.046418 4.949 15.417 11.623 9.73 9.228 8.977
thin1 0 thin_disk 8.176091259 -0.5 0.0048313 0.0960640758 0.096 0.1705896369 2832.044023 4.954 15.104 11.445 9.623 9.114 8.864
thin1 0 thin_disk 8.176091259 -0.5 0.0048313 0.1000000015 0.1 0.173281678 2862.200149 4.958 14.895 11.332 9.556 9.043 8.793
thin1 0 thin_disk 8.176091259 -0.5 0.0048313 0.106079556 0.106 0.177440456 2899.345693 4.963 14.631 11.183 9.463 8.945 8.695
thin1 0 thin_disk 8.176091259 -0.5 0.0048313 0.1161304042 0.116 0.1842267306 2964.14879 4.969 14.209 10.946 9.311 8.786 8.539
thin1 0 thin_disk 8.176091259 -0.5 0.0048313 0.1199999973 0.12 0.1868325945 2989.509928 4.971 14.049 10.857 9.254 8.726 8.48
thin1 0 thin_disk 8.176091259 -0.5 0.0048313 0.1301813424 0.13 0.1937548779 3038.785182 4.975 13.722 10.667 9.125 8.592 8.348
thin1 0 thin_disk 8.176091259 -0.5 0.0048313 0.1400000006 0.14 0.200379203 3086.028979 4.977 13.419 10.492 9.004 8.467 8.226
thin1 0 thin_disk 8.176091259 -0.5 0.0048313 0.1494546086 0.149 0.2067533927 3123.201467 4.979 13.191 10.351 8.9 8.36 8.12
thin1 0 thin_disk 8.176091259 -0.5 0.0048313 0.1599999964 0.16 0.2138221267 3164.462839 4.979 12.945 10.197 8.784 8.241 8.005
thin1 0 thin_disk 8.176091259 -0.5 0.0048313 0.1721796095 0.172 0.2217954562 3203.317601 4.98 12.713 10.046 8.667 8.122 7.887
thin1 0 thin_disk 8.176091259 -0.5 0.0048313 0.1999999881 0.2 0.2397467038 3286.245467 4.977 12.232 9.729 8.418 7.866 7.636
thin1 0 thin_disk 8.176091259 -0.5 0.0048313 0.208759293 0.209 0.2451052676 3306.739628 4.976 12.11 9.646 8.351 7.798 7.569
thin1 0 thin_disk 8.176091259 -0.5 0.0048313 0.2186626643 0.219 0.2517982137 3328.894258 4.973 11.978 9.55 8.27 7.716 7.488
thin1 0 thin_disk 8.176091259 -0.5 0.0048313 0.25 0.25 0.273056579 3393.907488 4.961 11.596 9.27 8.033 7.473 7.25
thin1 0 thin_disk 8.176091259 -0.5 0.0048313 0.2520412803 0.252 0.2743169509 3397.817118 4.96 11.574 9.253 8.019 7.459 7.236
thin1 0 thin_disk 8.176091259 -0.5 0.0048313 0.3000000119 0.3 0.3058811011 3477.763139 4.941 11.105 8.896 7.709 7.143 6.924
thin1 0 thin_disk 8.176091259 -0.5 0.0048313 0.3499999642 0.35 0.3419421554 3565.332188 4.911 10.625 8.529 7.39 6.816 6.601
thin1 0 thin_disk 8.176091259 -0.5 0.0048313 0.3999999762 0.4 0.3835770766 3676.207358 4.87 10.095 8.133 7.048 6.464 6.253
thin1 0 thin_disk 8.176091259 -0.5 0.0048313 0.4499999881 0.45 0.4287978951 3816.805242 4.824 9.531 7.715 6.691 6.095 5.892
thin1 0 thin_disk 8.176091259 -0.5 0.0048313 0.4627888203 0.463 0.4379783517 3869.011317 4.818 9.374 7.606 6.603 6.003 5.804
thin1 0 thin_disk 8.176091259 -0.5 0.0048313 0.4999999404 0.5 0.4712513907 3982.905479 4.788 8.986 7.315 6.351 5.74 5.555
thin1 0 thin_disk 8.176091259 -0.5 0.0048313 0.5130090714 0.513 0.480233713 4028.09774 4.783 8.86 7.224 6.274 5.658 5.481
thin1 0 thin_disk 8.176091259 -0.5 0.0048313 0.5277658105 0.528 0.492212507 4078.495618 4.773 8.712 7.113 6.179 5.557 5.389
thin1 0 thin_disk 8.176091259 -0.5 0.0048313 0.5500000119 0.55 0.5116260452 4179.265867 4.758 8.447 6.923 6.015 5.385 5.235
thin1 0 thin_disk 8.176091259 -0.5 0.0048313 0.5999999642 0.6 0.5503673284 4446.312675 4.732 7.821 6.491 5.656 5.038 4.925
thin1 0 thin_disk 8.176091259 -0.5 0.0048313 0.6499999166 0.65 0.584995661 4736.963082 4.714 7.215 6.078 5.331 4.776 4.686
thin1 0 thin_disk 8.176091259 -0.5 0.0048313 0.6999999881 0.7 0.6218027592 5023.425895 4.693 6.684 5.691 5.031 4.555 4.479
thin1 0 thin_disk 8.176091259 -0.5 0.0048313 0.7050177455 0.705 0.6256805359 5051.263219 4.691 6.636 5.655 5.003 4.534 4.458
thin1 0 thin_disk 8.176091259 -0.5 0.0048313 0.7487857342 0.749 0.6541127957 5302.735926 4.679 6.246 5.364 4.778 4.367 4.301
thin1 0 thin_disk 8.176091259 -0.5 0.0048313 0.7975714207 0.797 0.6920741768 5546.25713 4.657 5.873 5.07 4.541 4.18 4.121
thin1 0 thin_disk 8.176091259 -0.5 0.0048313 0.8471820354 0.847 0.7361268264 5768.992841 4.629 5.532 4.797 4.313 3.989 3.939
thin1 0 thin_disk 8.176091259 -0.5 0.0048313 0.8901630044 0.889 0.7788478849 5944.290152 4.602 5.262 4.574 4.122 3.824 3.781
thin1 0 thin_disk 8.176091259 -0.5 0.0048313 0.8951427937 0.894 0.7833442228 5964.856499 4.599 5.233 4.551 4.103 3.807 3.765
thin1 0 thin_disk 8.176091259 -0.5 0.0048313 0.8985946774 0.898 0.7873224674 5977.230447 4.596 5.211 4.532 4.086 3.793 3.751
thin1 0 thin_disk 8.176091259 -0.5 0.0048313 0.9203823209 0.92 0.8106859472 6058.986711 4.582 5.084 4.427 3.995 3.713 3.675
thin1 0 thin_disk 8.176091259 -0.5 0.0048313 0.9439284801 0.943 0.8349349578 6144.690317 4.566 4.952 4.317 3.9 3.631 3.595
thin1 0 thin_disk 8.176091259 -0.5 0.0048313 0.9927142262 0.993 0.8925912904 6309.573445 4.531 4.685 4.09 3.699 3.451 3.42
thin1 0 thin_disk 8.176091259 -0.5 0.0048313 1.041499853 1.041 0.9529116682 6468.446642 4.495 4.429 3.873 3.505 3.276 3.25
thin1 0 thin_disk 8.176091259 -0.5 0.0048313 1.055801988 1.055 0.9706276188 6513.283772 4.485 4.358 3.812 3.451 3.228 3.203
thin1 0 thin_disk 8.176091259 -0.5 0.0048313 1.090285659 1.089 1.011469158 6623.690022 4.463 4.191 3.67 3.325 3.117 3.094
thin1 0 thin_disk 8.176091259 -0.5 0.0048313 1.139071226 1.138 1.068446166 6787.346174 4.434 3.96 3.476 3.155 2.969 2.947
thin1 0 thin_disk 8.176091259 -0.5 0.0048313 1.187857151 1.187 1.119315827 6959.851928 4.412 3.742 3.298 3.002 2.838 2.817
thin1 0 thin_disk 8.176091259 -0.5 0.0048313 1.236642718 1.236 1.161321977 7154.841214 4.398 3.536 3.135 2.865 2.726 2.706
thin1 0 thin_disk 8.176091259 -0.5 0.0048313 1.285428286 1.285 1.188646305 7384.141324 4.394 3.34 2.99 2.75 2.637 2.619
thin1 0 thin_disk 8.176091259 -0.5 0.0048313 1.334214211 1.334 1.203518152 7648.91791 4.399 3.154 2.862 2.654 2.57 2.553
thin1 0 thin_disk 8.176091259 -0.5 0.0048313 1.382999897 1.383 1.212697954 7928.663749 4.409 2.98 2.746 2.57 2.515 2.497
thin1 0 thin_disk 8.176091259 -0.5 0.0048313 1.431785583 1.432 1.220541765 8209.184189 4.418 2.82 2.642 2.494 2.462 2.445
thin1 0 thin_disk 8.176091259 -0.5 0.0048313 1.48057127 1.48 1.230134631 8483.98711 4.426 2.675 2.546 2.423 2.411 2.394
thin1 0 thin_disk 8.176091259 -0.5 0.0048313 1.529356957 1.529 1.239517449 8753.868129 4.433 2.549 2.46 2.359 2.36 2.345
thin1 0 thin_disk 8.176091259 -0.5 0.0048313 1.578142643 1.578 1.250698546 9015.711376 4.439 2.438 2.38 2.297 2.31 2.296
thin1 0 thin_disk 8.176091259 -0.5 0.0048313 1.62692833 1.626 1.263725197 9268.298234 4.444 2.336 2.304 2.237 2.259 2.247
thin1 0 thin_disk 8.176091259 -0.5 0.0048313 1.675714135 1.675 1.277181576 9510.426642 4.447 2.243 2.231 2.179 2.207 2.197
thin1 0 thin_disk 8.176091259 -0.5 0.0048313 1.724499702 1.723 1.292565753 9740.920525 4.449 2.156 2.16 2.12 2.154 2.146
thin1 0 thin_disk 8.176091259 -0.5 0.0048313 1.773285389 1.772 1.309943743 9958.639241 4.449 2.073 2.089 2.061 2.099 2.094
thin1 0 thin_disk 8.176091259 -0.5 0.0048313 1.822966337 1.822 1.331228617 10167.168 4.448 1.992 2.018 2.001 2.042 2.039
thin1 0 thin_disk 8.176091259 -0.5 0.0048313 1.872647524 1.871 1.351302701 10368.11964 4.446 1.914 1.949 1.94 1.985 1.984
thin1 0 thin_disk 8.176091259 -0.5 0.0048313 1.902187109 1.901 1.365062841 10483.34794 4.444 1.868 1.908 1.905 1.951 1.951
thin1 0 thin_disk 8.176091259 -0.5 0.0048313 1.922328472 1.921 1.374841538 10560.87738 4.443 1.838 1.88 1.88 1.928 1.929
thin1 0 thin_disk 8.176091259 -0.5 0.0048313 1.97200954 1.972 1.397502665 10749.79049 4.44 1.764 1.813 1.821 1.871 1.874
thin1 0 thin_disk 8.176091259 -0.5 0.0048313 2.021690607 2.022 1.420864439 10934.52697 4.436 1.691 1.746 1.762 1.813 1.818
thin1 0 thin_disk 8.176091259 -0.5 0.0048313 2.071371555 2.071 1.445614996 11112.19874 4.431 1.62 1.68 1.703 1.756 1.763
thin1 0 thin_disk 8.176091259 -0.5 0.0048313 2.121052504 2.12 1.472830078 11284.95938 4.426 1.55 1.614 1.645 1.7 1.708
thin1 0 thin_disk 8.176091259 -0.5 0.0048313 2.17073369 2.169 1.498485845 11455.12941 4.42 1.481 1.55 1.587 1.643 1.653
thin1 0 thin_disk 8.176091259 -0.5 0.0048313 2.205655336 2.204 1.517583671 11574.44032 4.416 1.434 1.505 1.547 1.604 1.615
thin1 0 thin_disk 8.176091259 -0.5 0.0048313 2.220414638 2.219 1.525290779 11625.1884 4.415 1.414 1.486 1.53 1.587 1.599
thin1 0 thin_disk 8.176091259 -0.5 0.0048313 2.236216545 2.235 1.534803019 11676.15899 4.413 1.393 1.466 1.511 1.57 1.582
thin1 0 thin_disk 8.176091259 -0.5 0.0048313 2.270095587 2.269 1.553648052 11786.91088 4.409 1.347 1.423 1.472 1.532 1.545
thin1 0 thin_disk 8.176091259 -0.5 0.0048313 2.319776535 2.318 1.581439729 11948.13167 4.403 1.281 1.361 1.416 1.477 1.491
thin1 0 thin_disk 8.176091259 -0.5 0.0048313 2.369457722 2.368 1.609357932 12105.98134 4.396 1.217 1.3 1.36 1.422 1.437
thin1 0 thin_disk 8.176091259 -0.5 0.0048313 2.419138908 2.418 1.638146148 12257.44632 4.39 1.154 1.24 1.305 1.368 1.385
thin1 0 thin_disk 8.176091259 -0.5 0.0048313 2.512368917 2.511 1.694543199 12540.07113 4.377 1.037 1.129 1.202 1.268 1.286
thin1 0 thin_disk 8.176091259 -0.5 0.0048313 2.612928152 2.612 1.758541594 12838.0777 4.361 0.911 1.009 1.092 1.159 1.18
thin1 0 thin_disk 8.176091259 -0.5 0.0048313 2.617862701 2.617 1.763407343 12849.90746 4.361 0.905 1.003 1.086 1.154 1.175
thin1 0 thin_disk 8.176091259 -0.5 0.0048313 2.705651522 2.705 1.824536874 13091.81923 4.345 0.796 0.898 0.987 1.057 1.079
thin1 0 thin_disk 8.176091259 -0.5 0.0048313 2.816586971 2.816 1.90920536 13378.27134 4.323 0.657 0.764 0.861 0.933 0.957
thin1 0 thin_disk 8.176091259 -0.5 0.0048313 2.852249622 2.852 1.938887652 13467.90363 4.316 0.613 0.722 0.821 0.893 0.918
thin1 0 thin_disk 8.176091259 -0.5 0.0048313 2.985756636 2.986 2.052355761 13778.43843 4.285 0.446 0.56 0.667 0.741 0.768
thin1 0 thin_disk 8.176091259 -0.5 0.0048313 3.015311241 3.015 2.080906874 13842.03682 4.278 0.408 0.523 0.632 0.707 0.733
thin1 0 thin_disk 8.176091259 -0.5 0.0048313 3.114176989 3.113 2.177472329 14047.53103 4.252 0.282 0.401 0.515 0.591 0.619
thin1 0 thin_disk 8.176091259 -0.5 0.0048313 3.209692717 3.209 2.284823436 14220.01322 4.224 0.156 0.277 0.395 0.472 0.501
thin1 0 thin_disk 8.176091259 -0.5 0.0048313 3.214035034 3.213 2.290617872 14226.56328 4.222 0.15 0.271 0.39 0.466 0.496
thin1 0 thin_disk 8.176091259 -0.5 0.0048313 3.296771288 3.295 2.394157101 14354.89433 4.195 0.038 0.161 0.282 0.36 0.39
thin1 0 thin_disk 8.176091259 -0.5 0.0048313 3.376916409 3.375 2.504682289 14461.05574 4.166 -0.074 0.051 0.174 0.252 0.282
thin1 0 thin_disk 8.176091259 -0.5 0.0048313 3.412759304 3.411 2.56184379 14497.72975 4.151 -0.126 -0.001 0.123 0.202 0.232
thin1 0 thin_disk 8.176091259 -0.5 0.0048313 3.452158928 3.45 2.623328303 14534.49678 4.135 -0.183 -0.057 0.068 0.146 0.177
thin1 0 thin_disk 8.176091259 -0.5 0.0048313 3.519012451 3.517 2.745697225 14571.35705 4.104 -0.287 -0.161 -0.035 0.043 0.074
thin1 0 thin_disk 8.176091259 -0.5 0.0048313 3.60334754 3.6 2.93057368 14574.71261 4.058 -0.428 -0.302 -0.176 -0.098 -0.066
thin1 0 thin_disk 8.176091259 -0.5 0.0048313 3.611483097 3.609 2.947492067 14574.71261 4.053 -0.442 -0.316 -0.19 -0.112 -0.081
thin1 0 thin_disk 8.176091259 -0.5 0.0048313 3.647772789 3.645 3.036355688 14568.00225 4.033 -0.504 -0.378 -0.252 -0.174 -0.143
thin1 0 thin_disk 8.176091259 -0.5 0.0048313 3.718388319 3.716 3.231860784 14507.74789 3.986 -0.633 -0.509 -0.384 -0.306 -0.275
thin1 0 thin_disk 8.176091259 -0.5 0.0048313 3.7771523 3.775 3.436787221 14404.5601 3.94 -0.754 -0.632 -0.509 -0.432 -0.402
thin1 0 thin_disk 8.176091259 -0.5 0.0048313 3.810207129 3.808 3.569872003 14321.87899 3.911 -0.826 -0.706 -0.584 -0.508 -0.478
thin1 0 thin_disk 8.176091259 -0.5 0.0048313 3.844422817 3.843 3.714091894 14236.39404 3.88 -0.901 -0.782 -0.663 -0.587 -0.558
thin1 0 thin_disk 8.176091259 -0.5 0.0048313 3.898920059 3.898 3.999011425 14031.36752 3.822 -1.036 -0.921 -0.807 -0.733 -0.704
thin1 0 thin_disk 8.176091259 -0.5 0.0048313 3.944982529 3.945 4.296874258 13803.84265 3.765 -1.162 -1.052 -0.942 -0.87 -0.842
thin1 0 thin_disk 8.176091259 -0.5 0.0048313 3.987073183 3.987 4.619049803 13561.25867 3.707 -1.286 -1.181 -1.077 -1.007 -0.98
thin1 0 thin_disk 8.176091259 -0.5 0.0048313 4.00893116 4.009 4.80233713 13430.7418 3.675 -1.354 -1.252 -1.151 -1.082 -1.056
thin1 0 thin_disk 8.176091259 -0.5 0.0048313 4.03951931 4.039 5.075193965 13261.72445 3.631 -1.45 -1.352 -1.255 -1.188 -1.163
thin1 0 thin_disk 8.176091259 -0.5 0.0048313 4.05572176 4.055 5.213779316 13197.75312 3.609 -1.499 -1.402 -1.307 -1.24 -1.215
thin1 0 thin_disk 8.176091259 -0.5 0.0048313 4.0721035 4.072 5.13041675 13489.62883 3.625 -1.504 -1.402 -1.299 -1.23 -1.203
thin1 0 thin_disk 8.176091259 -0.5 0.0048313 4.077640057 4.077 4.98141409 13800.66456 3.651 -1.483 -1.375 -1.265 -1.193 -1.165
thin1 0 thin_disk 8.176091259 -0.5 0.0048313 4.079940796 4.079 4.822282457 14131.88192 3.679 -1.456 -1.341 -1.223 -1.149 -1.12
thin1 0 thin_disk 8.176091259 -0.5 0.0048313 4.081054688 4.08 4.678995687 14471.04853 3.706 -1.432 -1.312 -1.186 -1.11 -1.078
thin1 0 thin_disk 8.176091259 -0.5 0.0048313 4.081674099 4.081 4.564073659 14787.6785 3.728 -1.417 -1.29 -1.158 -1.08 -1.047
thin1 0 thin_disk 8.176091259 -0.5 0.0048313 4.08210659 4.081 4.470464442 15062.60197 3.746 -1.405 -1.274 -1.136 -1.056 -1.022
thin1 0 thin_disk 8.176091259 -0.5 0.0048313 4.08216095 4.081 4.470464442 15010.66733 3.745 -1.4 -1.269 -1.133 -1.053 -1.019
thin1 0 thin_disk 8.176091259 -0.5 0.0048313 4.082357884 4.082 4.519107213 14716.34634 3.736 -1.387 -1.262 -1.131 -1.053 -1.021
thin1 0 thin_disk 8.176091259 -0.5 0.0048313 4.08249712 4.082 4.635031018 14414.51386 3.714 -1.404 -1.285 -1.16 -1.084 -1.053
thin1 0 thin_disk 8.176091259 -0.5 0.0048313 4.08266592 4.082 4.870265586 14037.83069 3.672 -1.464 -1.351 -1.235 -1.162 -1.133
thin1 0 thin_disk 8.176091259 -0.5 0.0048313 4.082850933 4.082 5.192214729 13674.13931 3.615 -1.557 -1.451 -1.344 -1.274 -1.246
thin1 0 thin_disk 8.176091259 -0.5 0.0048313 4.083060265 4.082 5.578952257 13313.73781 3.553 -1.663 -1.565 -1.466 -1.399 -1.373
thin1 0 thin_disk 8.176091259 -0.5 0.0048313 4.083287239 4.083 5.97657873 12959.85075 3.493 -1.763 -1.672 -1.583 -1.518 -1.494
thin1 0 thin_disk 8.176091259 -0.5 0.0048313 4.083525658 4.083 6.380469615 12615.37022 3.437 -1.853 -1.77 -1.69 -1.628 -1.606
thin1 0 thin_disk 8.176091259 -0.5 0.0048313 4.083773136 4.083 6.783481499 12277.21892 3.383 -1.935 -1.859 -1.789 -1.731 -1.711
thin1 0 thin_disk 8.176091259 -0.5 0.0048313 4.084024429 4.083 7.20365068 11948.13167 3.331 -2.011 -1.943 -1.883 -1.828 -1.81
thin1 0 thin_disk 8.176091259 -0.5 0.0048313 4.084277153 4.083 7.632251007 11627.86551 3.281 -2.082 -2.022 -1.973 -1.921 -1.905
thin1 0 thin_disk 8.176091259 -0.5 0.0048313 4.084527493 4.084 8.080768122 11313.57864 3.232 -2.149 -2.097 -2.059 -2.011 -1.997
thin1 0 thin_disk 8.176091259 -0.5 0.0048313 4.084772587 4.084 8.545798429 11007.78656 3.183 -2.212 -2.168 -2.143 -2.098 -2.086
thin1 0 thin_disk 8.176091259 -0.5 0.0048313 4.085009575 4.084 9.027191278 10710.25966 3.136 -2.273 -2.237 -2.223 -2.183 -2.173
thin1 0 thin_disk 8.176091259 -0.5 0.0048313 4.085237503 4.084 9.529116682 10418.37535 3.088 -2.329 -2.302 -2.302 -2.265 -2.258
thin1 0 thin_disk 8.176091259 -0.5 0.0048313 4.085454464 4.085 10.04737576 10134.4457 3.042 -2.383 -2.365 -2.378 -2.346 -2.341
thin1 0 thin_disk 8.176091259 -0.5 0.0048313 4.085660458 4.085 10.59382135 9858.253917 2.996 -2.434 -2.425 -2.453 -2.425 -2.423
thin1 0 thin_disk 8.176091259 -0.5 0.0048313 4.085855484 4.085 11.16227312 9587.381299 2.951 -2.481 -2.483 -2.527 -2.503 -2.505
thin1 0 thin_disk 8.176091259 -0.5 0.0048313 4.08604002 4.085 11.75581234 9326.098542 2.906 -2.524 -2.538 -2.599 -2.58 -2.585
thin1 0 thin_disk 8.176091259 -0.5 0.0048313 4.086213589 4.085 12.38661516 9069.847815 2.861 -2.562 -2.591 -2.669 -2.656 -2.665
thin1 0 thin_disk 8.176091259 -0.5 0.0048313 4.086376667 4.086 13.02124903 8820.638021 2.817 -2.596 -2.643 -2.738 -2.732 -2.744
thin1 0 thin_disk 8.176091259 -0.5 0.0048313 4.086530685 4.086 13.70416708 8578.275699 2.773 -2.624 -2.691 -2.805 -2.807 -2.822
thin1 0 thin_disk 8.176091259 -0.5 0.0048313 4.08667469 4.086 14.40630632 8342.572701 2.729 -2.643 -2.736 -2.87 -2.882 -2.9
thin1 0 thin_disk 8.176091259 -0.5 0.0048313 4.086809635 4.086 15.14441998 8113.346052 2.686 -2.654 -2.777 -2.932 -2.957 -2.977
thin1 0 thin_disk 8.176091259 -0.5 0.0048313 4.086935997 4.086 15.92768451 7888.601176 2.643 -2.656 -2.815 -2.993 -3.031 -3.054
thin1 0 thin_disk 8.176091259 -0.5 0.0048313 4.08705473 4.086 16.7321845 7670.081877 2.6 -2.65 -2.85 -3.052 -3.107 -3.132
thin1 0 thin_disk 8.176091259 -0.5 0.0048313 4.087166309 4.086 17.56922663 7459.333079 2.557 -2.639 -2.883 -3.109 -3.183 -3.21
thin1 0 thin_disk 8.176091259 -0.5 0.0048313 4.087271214 4.086 18.43540339 7252.704781 2.515 -2.624 -2.915 -3.166 -3.259 -3.288
thin1 0 thin_disk 8.176091259 -0.5 0.0048313 4.087368965 4.086 19.3665671 7051.800219 2.472 -2.601 -2.942 -3.219 -3.335 -3.365
thin1 0 thin_disk 8.176091259 -0.5 0.0048313 4.087461948 4.087 20.33071465 6854.882265 2.43 -2.575 -2.965 -3.27 -3.41 -3.442
thin1 0 thin_disk 8.176091259 -0.5 0.0048313 4.08754921 4.087 21.34286144 6663.463145 2.388 -2.544 -2.985 -3.318 -3.483 -3.517
thin1 0 thin_disk 8.176091259 -0.5 0.0048313 4.087631702 4.087 22.39508138 6478.880953 2.346 -2.511 -3.003 -3.364 -3.556 -3.592
thin1 0 thin_disk 8.176091259 -0.5 0.0048313 4.087710381 4.087 23.51000085 6297.961479 2.304 -2.473 -3.017 -3.408 -3.626 -3.666
thin1 0 thin_disk 8.176091259 -0.5 0.0048313 4.087784767 4.087 24.64067751 6123.503917 2.263 -2.433 -3.027 -3.448 -3.694 -3.737
thin1 0 thin_disk 8.176091259 -0.5 0.0048313 4.08785677 4.087 25.79007736 5957.993156 2.224 -2.389 -3.033 -3.486 -3.762 -3.808
thin1 0 thin_disk 8.176091259 -0.5 0.0048313 4.087930679 4.087 26.96203355 5796.955947 2.185 -2.341 -3.034 -3.52 -3.827 -3.877
thin1 0 thin_disk 8.176091259 -0.5 0.0048313 4.088014603 4.087 28.17426822 5635.078884 2.148 -2.283 -3.025 -3.545 -3.885 -3.939
thin1 0 thin_disk 8.176091259 -0.5 0.0048313 4.088112831 4.087 29.21141837 5486.558321 2.116 -2.214 -3.002 -3.557 -3.928 -3.987
thin1 0 thin_disk 8.176091259 -0.5 0.0048313 4.088255882 4.087 29.96764703 5339.492736 2.093 -2.119 -2.954 -3.544 -3.948 -4.011
thin1 0 thin_disk 8.176091259 -0.5 0.0048313 4.088389873 4.088 30.41954017 5229.979662 2.081 -2.032 -2.904 -3.521 -3.951 -4.017
thin1 0 thin_disk 8.176091259 -0.5 0.0048313 4.088537216 4.088 31.04221088 5123.892387 2.063 -1.954 -2.863 -3.51 -3.967 -4.035
thin1 0 thin_disk 8.176091259 -0.5 0.0048313 4.088641643 4.088 31.58294651 5053.589948 2.048 -1.908 -2.843 -3.509 -3.984 -4.055
thin1 0 thin_disk 8.176091259 -0.5 0.0048313 4.08874464 4.088 32.92703648 4986.547956 2.012 -1.918 -2.878 -3.563 -4.055 -4.129
thin1 0 thin_disk 8.176091259 -0.5 0.0048313 4.088886738 4.088 35.33073276 4897.788194 1.951 -1.961 -2.956 -3.667 -4.182 -4.26
thin1 0 thin_disk 8.176091259 -0.5 0.0048313 4.089007855 4.088 37.94483292 4830.58802 1.888 -2.028 -3.051 -3.784 -4.317 -4.398
thin1 0 thin_disk 8.176091259 -0.5 0.0048313 4.089116096 4.088 40.28586053 4780.793661 1.836 -2.096 -3.138 -3.885 -4.428 -4.512
thin1 0 thin_disk 8.176091259 -0.5 0.0048313 4.089271069 4.088 43.22675602 4728.245305 1.776 -2.178 -3.24 -4.005 -4.556 -4.645
thin1 0 thin_disk 8.176091259 -0.5 0.0048313 4.089303017 4.088 43.73736801 4719.543572 1.765 -2.193 -3.259 -4.027 -4.58 -4.67
thin1 0 thin_disk 8.176091259 -0.5 0.0048313 4.089372635 4.089 44.68406191 4704.354057 1.747 -2.219 -3.291 -4.063 -4.619 -4.71
thin1 0 thin_disk 8.176091259 -0.5 0.0048313 4.089470863 4.089 45.74594936 4687.054463 1.726 -2.247 -3.325 -4.104 -4.662 -4.755
thin1 0 thin_disk 8.176091259 -0.5 0.0048313 4.089813232 4.089 48.93872436 4639.8079 1.668 -2.327 -3.425 -4.22 -4.788 -4.886
thin1 0 thin_disk 8.176091259 -0.5 0.0048313 4.090155602 4.089 51.86240411 4601.506078 1.618 -2.397 -3.511 -4.321 -4.896 -4.998
thin1 0 thin_disk 8.176091259 -0.5 0.0048313 4.090596199 4.09 55.64839523 4556.170838 1.556 -2.484 -3.618 -4.445 -5.029 -5.136
thin1 0 thin_disk 8.176091259 -0.5 0.0048313 4.09103632 4.09 59.6283298 4514.399613 1.496 -2.57 -3.722 -4.567 -5.159 -5.272
thin1 0 thin_disk 8.176091259 -0.5 0.0048313 4.09147644 4.091 63.83408607 4475.07172 1.437 -2.653 -3.826 -4.687 -5.29 -5.407
thin1 0 thin_disk 8.176091259 -0.5 0.0048313 4.091916561 4.091 68.00684774 4439.151838 1.382 -2.729 -3.924 -4.8 -5.414 -5.534
thin1 0 thin_disk 8.176091259 -0.5 0.0048313 4.092466354 4.092 71.09722414 4414.687837 1.343 -2.784 -3.993 -4.879 -5.5 -5.624
thin1 0 thin_disk 8.176091259 -0.5 0.0048313 4.093078136 4.092 72.93779751 4401.492843 1.322 -2.814 -4.031 -4.924 -5.549 -5.674
thin1 0 thin_disk 8.176091259 -0.5 0.0048313 4.095209599 4.094 72.08628505 4409.608165 1.332 -2.803 -4.015 -4.905 -5.527 -5.651
thin1 0 thin_disk 8.176091259 -0.5 0.0048313 4.106534004 4.105 67.35233317 4455.536441 1.392 -2.735 -3.921 -4.79 -5.399 -5.518
thin1 0 thin_disk 8.176091259 -0.5 0.0048313 4.112840176 4.112 64.24696918 4486.420744 1.433 -2.686 -3.854 -4.71 -5.31 -5.425
thin1 0 thin_disk 8.176091259 -0.5 0.0048313 4.119091511 4.118 60.91898305 4520.640796 1.48 -2.627 -3.776 -4.618 -5.208 -5.32
thin1 0 thin_disk 8.176091259 -0.5 0.0048313 4.125049114 4.124 57.61726575 4558.269515 1.529 -2.566 -3.697 -4.524 -5.105 -5.213
thin1 0 thin_disk 8.176091259 -0.5 0.0048313 4.130796909 4.129 54.64527865 4595.153252 1.576 -2.503 -3.619 -4.431 -5.005 -5.108
thin1 0 thin_disk 8.176091259 -0.5 0.0048313 4.13748169 4.136 51.56471774 4638.739668 1.627 -2.439 -3.538 -4.334 -4.9 -4.998
thin1 0 thin_disk 8.176091259 -0.5 0.0048313 4.145866394 4.144 48.59064286 4691.373388 1.68 -2.385 -3.463 -4.24 -4.796 -4.889
thin1 0 thin_disk 8.176091259 -0.5 0.0048313 4.156622887 4.155 46.0418372 4758.82791 1.727 -2.357 -3.41 -4.164 -4.709 -4.796
thin1 0 thin_disk 8.176091259 -0.5 0.0048313 4.160956383 4.159 45.27439388 4785.198964 1.743 -2.355 -3.396 -4.143 -4.682 -4.767
thin1 0 thin_disk 8.176091259 -0.5 0.0048313 4.165338039 4.163 45.00415843 4827.252321 1.749 -2.394 -3.421 -4.154 -4.685 -4.767
thin1 0 thin_disk 8.176091259 -0.5 0.0048313 4.171875 4.17 44.62237122 4901.172635 1.757 -2.473 -3.471 -4.18 -4.691 -4.769
thin1 0 thin_disk 8.176091259 -0.5 0.0048313 4.175374985 4.173 44.4275787 4965.923215 1.761 -2.545 -3.517 -4.208 -4.701 -4.776
thin1 0 thin_disk 8.176091259 -0.5 0.0048313 4.178041935 4.176 44.02026421 5040.806191 1.769 -2.619 -3.563 -4.231 -4.704 -4.776
thin1 0 thin_disk 8.176091259 -0.5 0.0048313 4.180280685 4.178 43.46629717 5122.712703 1.78 -2.687 -3.601 -4.247 -4.699 -4.768
thin1 0 thin_disk 8.176091259 -0.5 0.0048313 4.182028294 4.18 42.47688345 5217.951042 1.8 -2.748 -3.627 -4.247 -4.676 -4.742
thin1 0 thin_disk 8.176091259 -0.5 0.0048313 4.183460712 4.181 41.47177702 5311.289819 1.821 -2.798 -3.645 -4.241 -4.647 -4.711
thin1 0 thin_disk 8.176091259 -0.5 0.0048313 4.184792995 4.183 40.30441712 5412.526055 1.846 -2.844 -3.658 -4.228 -4.611 -4.672
thin1 0 thin_disk 8.176091259 -0.5 0.0048313 4.186046123 4.184 39.11583854 5519.503334 1.872 -2.888 -3.666 -4.212 -4.572 -4.629
thin1 0 thin_disk 8.176091259 -0.5 0.0048313 4.18730545 4.185 37.83142018 5635.078884 1.901 -2.93 -3.671 -4.191 -4.526 -4.58
thin1 0 thin_disk 8.176091259 -0.5 0.0048313 4.188630104 4.186 36.48821724 5761.028186 1.933 -2.972 -3.672 -4.165 -4.475 -4.526
thin1 0 thin_disk 8.176091259 -0.5 0.0048313 4.189898014 4.188 35.15221087 5889.792572 1.965 -3.009 -3.671 -4.137 -4.422 -4.471
thin1 0 thin_disk 8.176091259 -0.5 0.0048313 4.191523552 4.189 33.50831927 6060.382005 2.007 -3.055 -3.662 -4.094 -4.346 -4.392
thin1 0 thin_disk 8.176091259 -0.5 0.0048313 4.193044186 4.191 32.00756564 6225.86931 2.047 -3.094 -3.651 -4.053 -4.278 -4.32
thin1 0 thin_disk 8.176091259 -0.5 0.0048313 4.194813252 4.193 30.37754304 6416.526615 2.093 -3.134 -3.635 -4.006 -4.202 -4.24
thin1 0 thin_disk 8.176091259 -0.5 0.0048313 4.196691036 4.194 28.85709737 6609.977787 2.137 -3.169 -3.616 -3.956 -4.125 -4.16
thin1 0 thin_disk 8.176091259 -0.5 0.0048313 4.198592663 4.196 27.53928401 6793.60043 2.178 -3.2 -3.597 -3.909 -4.052 -4.085
thin1 0 thin_disk 8.176091259 -0.5 0.0048313 4.20070219 4.198 26.29375699 6980.716486 2.219 -3.226 -3.574 -3.86 -3.98 -4.012
thin1 0 thin_disk 8.176091259 -0.5 0.0048313 4.203502655 4.201 25.01800326 7189.521719 2.263 -3.252 -3.547 -3.806 -3.903 -3.932
thin1 0 thin_disk 8.176091259 -0.5 0.0048313 4.206830025 4.204 24.01887405 7367.15827 2.298 -3.272 -3.527 -3.763 -3.842 -3.87
thin1 0 thin_disk 8.176091259 -0.5 0.0048313 4.20765543 4.206 23.87550932 7397.755951 2.303 -3.276 -3.524 -3.756 -3.833 -3.86
thin1 0 thin_disk 8.176091259 -0.5 0.0048313 4.210373402 4.208 23.3696735 7498.942093 2.322 -3.288 -3.513 -3.734 -3.801 -3.828
thin1 0 thin_disk 8.176091259 -0.5 0.0048313 4.21366024 4.212 23.06495676 7570.071823 2.334 -3.3 -3.51 -3.723 -3.784 -3.81
thin1 0 thin_disk 8.176091259 -0.5 0.0048313 4.226135254 4.224 24.59532948 7377.34341 2.279 -3.331 -3.582 -3.817 -3.896 -3.923
thin1 0 thin_disk 8.176091259 -0.5 0.0048313 4.233203411 4.231 25.74854215 7239.357102 2.24 -3.347 -3.629 -3.881 -3.972 -4.002
thin1 0 thin_disk 8.176091259 -0.5 0.0048313 4.239411831 4.237 26.95582603 7095.77768 2.201 -3.357 -3.674 -3.944 -4.051 -4.081
thin1 0 thin_disk 8.176091259 -0.5 0.0048313 4.243822575 4.242 28.03836241 6969.473964 2.167 -3.36 -3.709 -3.996 -4.118 -4.149
thin1 0 thin_disk 8.176091259 -0.5 0.0048313 4.247233868 4.245 29.06381663 6853.304051 2.136 -3.36 -3.739 -4.043 -4.178 -4.211
thin1 0 thin_disk 8.176091259 -0.5 0.0048313 4.250493526 4.248 30.34258972 6711.197197 2.099 -3.355 -3.772 -4.096 -4.249 -4.283
thin1 0 thin_disk 8.176091259 -0.5 0.0048313 4.253982067 4.252 32.14790267 6523.79041 2.049 -3.342 -3.81 -4.163 -4.342 -4.379
thin1 0 thin_disk 8.176091259 -0.5 0.0048313 4.257151604 4.255 34.24148924 6321.20682 1.995 -3.32 -3.847 -4.233 -4.442 -4.482
thin1 0 thin_disk 8.176091259 -0.5 0.0048313 4.259507656 4.257 36.354037 6127.735345 1.943 -3.293 -3.877 -4.296 -4.535 -4.58
thin1 0 thin_disk 8.176091259 -0.5 0.0048313 4.261073589 4.259 38.12875677 5979.983697 1.902 -3.268 -3.899 -4.346 -4.611 -4.658
thin1 0 thin_disk 8.176091259 -0.5 0.0048313 4.262385368 4.26 39.96249959 5834.451043 1.862 -3.239 -3.917 -4.393 -4.687 -4.737
thin1 0 thin_disk 8.176091259 -0.5 0.0048313 4.263514042 4.261 41.87479027 5689.839292 1.821 -3.207 -3.929 -4.436 -4.758 -4.812
thin1 0 thin_disk 8.176091259 -0.5 0.0048313 4.26449585 4.262 43.77767017 5555.203848 1.782 -3.172 -3.939 -4.475 -4.825 -4.882
thin1 0 thin_disk 8.176091259 -0.5 0.0048313 4.265363216 4.263 45.64073659 5431.252579 1.747 -3.134 -3.943 -4.509 -4.885 -4.946
thin1 0 thin_disk 8.176091259 -0.5 0.0048313 4.266157627 4.264 47.32086175 5318.632708 1.715 -3.095 -3.942 -4.535 -4.937 -5.001
thin1 0 thin_disk 8.176091259 -0.5 0.0048313 4.266941547 4.264 48.98381936 5209.547473 1.685 -3.05 -3.934 -4.555 -4.983 -5.05
thin1 0 thin_disk 8.176091259 -0.5 0.0048313 4.267635822 4.265 50.27506547 5121.53329 1.663 -3.004 -3.92 -4.565 -5.016 -5.085
thin1 0 thin_disk 8.176091259 -0.5 0.0048313 4.26863718 4.266 51.75503956 5007.258356 1.638 -2.93 -3.889 -4.566 -5.046 -5.12
thin1 0 thin_disk 8.176091259 -0.5 0.0048313 4.269630432 4.267 52.88745208 4902.301301 1.619 -2.845 -3.846 -4.554 -5.063 -5.141
thin1 0 thin_disk 8.176091259 -0.5 0.0048313 4.270587921 4.268 54.10689909 4805.073111 1.599 -2.767 -3.805 -4.545 -5.078 -5.161
thin1 0 thin_disk 8.176091259 -0.5 0.0048313 4.271679401 4.269 56.51355725 4688.133821 1.562 -2.707 -3.789 -4.567 -5.122 -5.215
thin1 0 thin_disk 8.176091259 -0.5 0.0048313 4.27226305 4.27 59.39537721 4609.990177 1.518 -2.706 -3.818 -4.624 -5.194 -5.296
thin1 0 thin_disk 8.176091259 -0.5 0.0048313 4.272324085 4.27 60.97511735 4586.696458 1.495 -2.731 -3.852 -4.667 -5.241 -5.346
thin1 0 thin_disk 8.176091259 -0.5 0.0048313 4.272441387 4.27 64.7370112 4539.416167 1.444 -2.788 -3.929 -4.764 -5.347 -5.457
thin1 0 thin_disk 8.176091259 -0.5 0.0048313 4.272657871 4.27 67.64763918 4510.243611 1.405 -2.836 -3.994 -4.841 -5.432 -5.546
thin1 0 thin_disk 8.176091259 -0.5 0.0048313 4.273132324 4.271 66.48943536 4520.640796 1.421 -2.815 -3.966 -4.809 -5.397 -5.51
thin1 0 thin_disk 8.176091259 -0.5 0.0048313 4.273414135 4.271 69.92824758 4482.2905 1.376 -2.863 -4.035 -4.893 -5.492 -5.609
thin1 0 thin_disk 8.176091259 -0.5 0.0048313 4.273652077 4.271 74.53369379 4440.174108 1.321 -2.93 -4.126 -5.003 -5.614 -5.736
thin1 0 thin_disk 8.176091259 -0.5 0.0048313 4.273922443 4.271 79.46074725 4400.479478 1.266 -2.997 -4.217 -5.111 -5.734 -5.86
thin1 0 thin_disk 8.176091259 -0.5 0.0048313 4.274266243 4.272 84.51866816 4361.139714 1.212 -3.064 -4.307 -5.218 -5.853 -5.984
thin1 0 thin_disk 8.176091259 -0.5 0.0048313 4.274694443 4.272 89.91924358 4324.142525 1.158 -3.129 -4.397 -5.324 -5.971 -6.106
thin1 0 thin_disk 8.176091259 -0.5 0.0048313 4.275214672 4.273 95.77510678 4287.459197 1.104 -3.195 -4.488 -5.432 -6.09 -6.229
thin1 0 thin_disk 8.176091259 -0.5 0.0048313 4.27581501 4.273 102.0123248 4251.087068 1.049 -3.262 -4.579 -5.54 -6.21 -6.354
thin1 0 thin_disk 8.176091259 -0.5 0.0048313 4.276445866 4.274 108.6057064 4215.994154 0.995 -3.327 -4.67 -5.648 -6.33 -6.479
thin1 0 thin_disk 8.176091259 -0.5 0.0048313 4.27704668 4.274 115.4390236 4182.153799 0.941 -3.391 -4.761 -5.756 -6.448 -6.602
thin1 0 thin_disk 8.176091259 -0.5 0.0048313 4.277592659 4.275 122.617553 4152.407818 0.889 -3.456 -4.852 -5.862 -6.563 -6.722
thin1 0 thin_disk 8.176091259 -0.5 0.0048313 4.278084755 4.275 130.2724692 4120.026411 0.836 -3.518 -4.942 -5.967 -6.68 -6.843
thin1 0 thin_disk 8.176091259 -0.5 0.0048313 4.278529644 4.275 138.5009157 4088.838903 0.783 -3.58 -5.032 -6.073 -6.796 -6.964
thin1 0 thin_disk 8.176091259 -0.5 0.0048313 4.278932095 4.275 147.1474176 4056.95322 0.731 -3.638 -5.12 -6.178 -6.911 -7.086
thin1 0 thin_disk 8.176091259 -0.5 0.0048313 4.279304504 4.275 156.4057247 4024.389433 0.678 -3.694 -5.207 -6.283 -7.027 -7.206
thin1 0 thin_disk 8.176091259 -0.5 0.0048313 4.279652119 4.275 166.2465513 3992.087024 0.625 -3.748 -5.293 -6.386 -7.141 -7.327
thin1 0 thin_disk 8.176091259 -0.5 0.0048313 4.279978275 4.275 176.5845264 3959.132167 0.572 -3.799 -5.378 -6.489 -7.256 -7.447
thin1 0 thin_disk 8.176091259 -0.5 0.0048313 4.280282497 4.274 187.6949746 3927.353556 0.519 -3.847 -5.463 -6.592 -7.37 -7.567
thin1 0 thin_disk 8.176091259 -0.5 0.0048313 4.280566216 4.273 199.3667113 3894.933077 0.466 -3.893 -5.547 -6.695 -7.484 -7.687
thin1 0 thin_disk 8.176091259 -0.5 0.0048313 4.280832291 4.272 211.7642502 3862.78023 0.414 -3.931 -5.629 -6.797 -7.596 -7.806
thin1 0 thin_disk 8.176091259 -0.5 0.0048313 4.281088352 4.27 224.9327251 3830.892806 0.361 -3.969 -5.711 -6.898 -7.708 -7.925
thin1 0 thin_disk 8.176091259 -0.5 0.0048313 4.281335354 4.267 239.4157101 3797.51939 0.307 -4.004 -5.794 -7.002 -7.823 -8.046
thin1 0 thin_disk 8.176091259 -0.5 0.0048313 4.281569004 4.262 256.1253972 3759.23954 0.249 -4.024 -5.879 -7.113 -7.946 -8.178
thin1 0 thin_disk 8.176091259 -0.5 0.0048313 4.281764507 4.256 274.6329518 3717.063668 0.187 -4.035 -5.962 -7.226 -8.074 -8.314
thin1 0 thin_disk 8.176091259 -0.5 0.0048313 4.281931877 4.249 294.2067583 3677.053934 0.126 -4.027 -6.041 -7.336 -8.198 -8.448
thin1 0 thin_disk 8.176091259 -0.5 0.0048313 4.28209734 4.237 316.1204888 3634.126161 0.063 -4.013 -6.121 -7.451 -8.327 -8.587
thin1 0 thin_disk 8.176091259 -0.5 0.0048313 4.282249451 4.219 337.8723441 3595.009149 0.003 -3.968 -6.187 -7.557 -8.447 -8.718
thin1 0 thin_disk 8.176091259 -0.5 0.0048313 4.282405853 4.191 361.7867396 3553.039208 -0.059 -3.897 -6.244 -7.661 -8.566 -8.852
thin1 0 thin_disk 8.176091259 -0.5 0.0048313 4.282569408 4.145 380.5858565 3520.464749 -0.108 -3.791 -6.266 -7.732 -8.651 -8.951
thin1 0 thin_disk 8.176091259 -0.5 0.0048313 4.28276825 4.077 372.608403 3525.331812 -0.097 -3.785 -6.238 -7.695 -8.611 -8.908
thin1 0 thin_disk 8.176091259 -0.5 0.0048313 4.282803536 4.067 346.6990446 3565.332188 -0.035 -3.876 -6.181 -7.583 -8.483 -8.762
thin1 0 thin_disk 8.176091259 -0.5 0.0048313 4.28281498 4.065 325.5012381 3599.97927 0.019 -3.92 -6.12 -7.483 -8.37 -8.639
thin1 0 thin_disk 8.176091259 -0.5 0.0048313 4.282823086 4.064 306.5862298 3633.289469 0.071 -3.948 -6.055 -7.384 -8.261 -8.521
thin1 0 thin_disk 8.176091259 -0.5 0.0048313 4.282830238 4.064 292.9898968 3659.31672 0.111 -3.951 -6.001 -7.31 -8.178 -8.431
thin1 0 thin_disk 8.176091259 -0.5 0.0048313 4.28284502 4.063 299.4695327 3646.699689 0.091 -3.949 -6.027 -7.346 -8.218 -8.475
thin1 0 thin_disk 8.176091259 -0.5 0.0048313 4.282856464 4.062 314.3783606 3619.095139 0.049 -3.937 -6.082 -7.424 -8.306 -8.569
thin1 0 thin_disk 8.176091259 -0.5 0.0048313 4.282875538 4.06 328.4374298 3594.181463 0.011 -3.912 -6.128 -7.497 -8.386 -8.656
thin1 0 thin_disk 8.176091259 -0.5 0.0048313 4.282899857 4.057 333.3900582 3585.915075 -0.002 -3.901 -6.142 -7.52 -8.412 -8.685
thin1 0 thin_disk 8.176091259 -0.5 0.0048313 4.282919407 4.053 349.021873 3559.59018 -0.043 -3.864 -6.185 -7.592 -8.494 -8.775
thin1 0 thin_disk 8.176091259 -0.5 0.0048313 4.282922745 4.052 350.7136303 3557.132151 -0.047 -3.86 -6.19 -7.601 -8.504 -8.786
thin1 0 thin_disk 8.176091259 -0.5 0.0048313 4.282935143 4.052 350.7136303 3557.132151 -0.047 -3.86 -6.19 -7.601 -8.504 -8.786
thin1 0 thin_disk 8.176091259 -0.5 0.0048313 4.282936096 4.052 443.3560558 3429.256733 -0.25 -3.331 -6.264 -7.922 -8.894 -9.257
thin1 0 thin_disk 8.176091259 -0.5 0.0048313 4.28293705 4.052 418.9407876 3459.393778 -0.202 -3.53 -6.282 -7.858 -8.808 -9.144
thin1 0 thin_disk 8.176091259 -0.5 0.0048313 4.282938957 4.051 354.2849018 3551.40335 -0.056 -3.851 -6.199 -7.616 -8.52 -8.804
thin1 0 thin_disk 8.176091259 -0.5 0.0048313 4.282942295 4.05 306.7274505 3632.452969 0.069 -3.944 -6.054 -7.384 -8.261 -8.521
thin1 0 thin_disk 8.176091259 -0.5 0.0048313 4.282947063 4.049 329.2703648 3591.699548 0.008 -3.905 -6.128 -7.499 -8.389 -8.659
thin1 0 thin_disk 8.176091259 -0.5 0.0048313 4.282953262 4.047 346.37987 3562.870194 -0.037 -3.865 -6.177 -7.58 -8.48 -8.76
thin1 0 thin_disk 8.176091259 -0.5 0.0048313 4.282961845 4.045 358.0573927 3544.867445 -0.066 -3.832 -6.205 -7.631 -8.539 -8.825
thin1 0 thin_disk 8.176091259 -0.5 0.0048313 4.282972336 4.042 366.1446096 3531.831698 -0.085 -3.795 -6.218 -7.664 -8.577 -8.869
thin1 0 thin_disk 8.176091259 -0.5 0.0048313 4.28298521 4.039 372.608403 3521.275459 -0.101 -3.762 -6.229 -7.691 -8.609 -8.906
thin1 0 thin_disk 8.176091259 -0.5 0.0048313 4.283000469 4.035 380.2354854 3509.942485 -0.119 -3.727 -6.24 -7.72 -8.642 -8.945
thin1 0 thin_disk 8.176091259 -0.5 0.0048313 4.283000469 4.035 380.2354854 3509.942485 -0.119 -1.799 -5.781 -7.72 -8.642 -8.945
thin1 0 thin_disk 8.176091259 -0.5 0.0048313 4.283000946 4.034 503.4457104 3358.149296 -0.363 -2.5 -6.03 -7.981 -9.042 -9.513
thin1 0 thin_disk 8.176091259 -0.5 0.0048313 4.283002377 4.034 453.683145 3413.500729 -0.273 -3.215 -6.244 -7.944 -8.927 -9.304
thin1 0 thin_disk 8.176091259 -0.5 0.0048313 4.283004761 4.033 383.0475111 3505.096668 -0.126 -3.713 -6.245 -7.732 -8.656 -8.961
thin1 0 thin_disk 8.176091259 -0.5 0.0048313 4.283008099 4.032 331.0950172 3585.915075 0.001 -3.89 -6.129 -7.505 -8.397 -8.669
thin1 0 thin_disk 8.176091259 -0.5 0.0048313 4.283013344 4.03 354.1217851 3548.133892 -0.058 -3.836 -6.192 -7.612 -8.518 -8.802
thin1 0 thin_disk 8.176091259 -0.5 0.0048313 4.283020496 4.028 371.1527176 3522.086356 -0.099 -3.761 -6.222 -7.683 -8.599 -8.896
thin1 0 thin_disk 8.176091259 -0.5 0.0048313 4.283029556 4.025 381.3753725 3506.711196 -0.123 -3.714 -6.239 -7.723 -8.647 -8.95
thin1 0 thin_disk 8.176091259 -0.5 0.0048313 4.283041477 4.021 387.3045908 3497.840484 -0.136 -3.687 -6.248 -7.746 -8.673 -8.98
thin1 0 thin_disk 8.176091259 -0.5 0.0048313 4.283055305 4.016 390.9782918 3491.403155 -0.145 -3.667 -6.253 -7.76 -8.69 -9
thin1 0 thin_disk 8.176091259 -0.5 0.0048313 4.283072472 4.011 394.9595731 3485.780211 -0.154 -3.642 -6.255 -7.773 -8.705 -9.019
thin1 0 thin_disk 8.176091259 -0.5 0.0048313 4.283072472 4.011 394.9595731 3485.780211 -0.154 -1.23 -5.543 -7.773 -8.705 -9.019
thin1 0 thin_disk 8.176091259 -0.5 0.0048313 4.283072949 4.011 523.4228103 3333.496473 -0.399 -2.175 -5.928 -7.989 -9.08 -9.585
thin1 0 thin_disk 8.176091259 -0.5 0.0048313 4.283074379 4.01 472.2289901 3388.441561 -0.309 -3.013 -6.204 -7.975 -8.979 -9.38
thin1 0 thin_disk 8.176091259 -0.5 0.0048313 4.28307724 4.009 398.5223154 3480.166322 -0.162 -3.62 -6.257 -7.784 -8.719 -9.037
thin1 0 thin_disk 8.176091259 -0.5 0.0048313 4.283081055 4.008 343.7578662 3562.049907 -0.034 -3.846 -6.158 -7.562 -8.463 -8.742
thin1 0 thin_disk 8.176091259 -0.5 0.0048313 4.283086777 4.005 367.6653012 3524.520168 -0.093 -3.759 -6.21 -7.665 -8.581 -8.876
thin1 0 thin_disk 8.176091259 -0.5 0.0048313 4.283094883 4.002 384.9041954 3498.645985 -0.133 -3.682 -6.238 -7.734 -8.66 -8.967
thin1 0 thin_disk 8.176091259 -0.5 0.0048313 4.283104897 3.998 395.0505264 3483.37315 -0.156 -3.631 -6.251 -7.771 -8.705 -9.019
thin1 0 thin_disk 8.176091259 -0.5 0.0048313 4.283117771 3.993 400.5462267 3475.361614 -0.169 -3.595 -6.253 -7.789 -8.727 -9.047
thin1 0 thin_disk 8.176091259 -0.5 0.0048313 4.283133507 3.987 404.1593634 3469.764505 -0.177 -3.569 -6.253 -7.799 -8.741 -9.065
thin1 0 thin_disk 8.176091259 -0.5 0.0048313 4.28315258 3.979 407.3358598 3464.17641 -0.185 -3.542 -6.252 -7.809 -8.753 -9.08
thin1 0 thin_disk 8.176091259 -0.5 0.0048313 4.28315258 3.979 407.3358598 3464.17641 -0.185 -0.727 -5.33 -7.809 -8.753 -9.08
thin1 0 thin_disk 8.176091259 -0.5 0.0048313 4.283153534 3.979 540.6953627 3312.07376 -0.431 -1.755 -5.762 -7.955 -9.087 -9.638
thin1 0 thin_disk 8.176091259 -0.5 0.0048313 4.283154964 3.978 487.0265586 3367.441036 -0.341 -2.736 -6.114 -7.98 -9.009 -9.441
thin1 0 thin_disk 8.176091259 -0.5 0.0048313 4.283157826 3.977 411.4837081 3458.597315 -0.194 -3.512 -6.252 -7.822 -8.769 -9.101
thin1 0 thin_disk 8.176091259 -0.5 0.0048313 4.283162117 3.975 354.7747027 3540.788614 -0.065 -3.797 -6.179 -7.608 -8.516 -8.802
thin1 0 thin_disk 8.176091259 -0.5 0.0048313 4.283168316 3.972 379.1863061 3502.676269 -0.124 -3.686 -6.221 -7.709 -8.633 -8.936
thin1 0 thin_disk 8.176091259 -0.5 0.0048313 4.283177376 3.967 396.7826237 3477.763139 -0.164 -3.598 -6.244 -7.774 -8.71 -9.028
thin1 0 thin_disk 8.176091259 -0.5 0.0048313 4.283188343 3.962 407.242078 3462.581465 -0.187 -3.528 -6.247 -7.807 -8.752 -9.08
thin1 0 thin_disk 8.176091259 -0.5 0.0048313 4.283202648 3.955 413.0975743 3453.822385 -0.199 -3.483 -6.246 -7.824 -8.774 -9.107
thin1 0 thin_disk 8.176091259 -0.5 0.0048313 4.283219814 3.947 416.3443207 3448.259966 -0.208 -3.451 -6.244 -7.835 -8.787 -9.124
thin1 0 thin_disk 8.176091259 -0.5 0.0048313 4.283240795 3.937 419.9065459 3443.499308 -0.215 -3.421 -6.242 -7.844 -8.799 -9.139
thin1 0 thin_disk 8.176091259 -0.5 0.0048313 4.283240795 3.937 419.9065459 3443.499308 -0.215 0.053 -4.958 -7.844 -8.799 -9.139
thin1 0 thin_disk 8.176091259 -0.5 0.0048313 4.283241749 3.936 558.1522051 3290.031075 -0.463 -1.242 -5.543 -7.903 -9.082 -9.688
thin1 0 thin_disk 8.176091259 -0.5 0.0048313 4.283243179 3.935 502.7506547 3345.029868 -0.373 -2.365 -5.974 -7.96 -9.026 -9.502
thin1 0 thin_disk 8.176091259 -0.5 0.0048313 4.283246517 3.934 424.5732663 3436.370641 -0.226 -3.385 -6.242 -7.859 -8.817 -9.162
thin1 0 thin_disk 8.176091259 -0.5 0.0048313 4.283251286 3.931 365.8917732 3518.843888 -0.097 -3.72 -6.189 -7.65 -8.567 -8.863
thin1 0 thin_disk 8.176091259 -0.5 0.0048313 4.283257961 3.927 391.0683283 3480.967752 -0.156 -3.605 -6.229 -7.75 -8.683 -8.996
thin1 0 thin_disk 8.176091259 -0.5 0.0048313 4.283267498 3.921 409.404531 3455.413296 -0.196 -3.481 -6.235 -7.809 -8.757 -9.088
thin1 0 thin_disk 8.176091259 -0.5 0.0048313 4.283279419 3.914 420.1967072 3440.329188 -0.219 -3.4 -6.234 -7.843 -8.798 -9.14
thin1 0 thin_disk 8.176091259 -0.5 0.0048313 4.283295155 3.905 425.7480278 3431.626398 -0.232 -3.348 -6.231 -7.859 -8.82 -9.167
thin1 0 thin_disk 8.176091259 -0.5 0.0048313 4.283313751 3.895 429.7863764 3425.310927 -0.241 -3.302 -6.222 -7.867 -8.832 -9.185
thin1 0 thin_disk 8.176091259 -0.5 0.0048313 4.283336163 3.882 433.1642886 3419.794425 -0.249 -3.257 -6.212 -7.873 -8.842 -9.201
thin1 0 thin_disk 8.176091259 -0.5 0.0048313 4.283336163 3.882 433.1642886 3419.794425 -0.249 0.932 -4.535 -7.873 -8.842 -9.201
thin1 0 thin_disk 8.176091259 -0.5 0.0048313 4.283337116 3.881 576.9692196 3265.878322 -0.498 -0.669 -5.299 -7.843 -9.074 -9.739
thin1 0 thin_disk 8.176091259 -0.5 0.0048313 4.283338547 3.879 520.2985851 3320.473358 -0.408 -2.04 -5.867 -7.959 -9.053 -9.561
thin1 0 thin_disk 8.176091259 -0.5 0.0048313 4.283341885 3.877 439.1902041 3411.929116 -0.261 -3.199 -6.203 -7.886 -8.862 -9.227
thin1 0 thin_disk 8.176091259 -0.5 0.0048313 4.28334713 3.873 377.8789021 3494.620337 -0.131 -3.63 -6.195 -7.693 -8.619 -8.925
thin1 0 thin_disk 8.176091259 -0.5 0.0048313 4.283354282 3.868 403.8802764 3457.004939 -0.19 -3.476 -6.217 -7.785 -8.731 -9.06
thin1 0 thin_disk 8.176091259 -0.5 0.0048313 4.283364296 3.861 423.0119583 3430.836328 -0.23 -3.338 -6.218 -7.845 -8.804 -9.15
thin1 0 thin_disk 8.176091259 -0.5 0.0048313 4.283377171 3.852 433.6632746 3415.859507 -0.253 -3.226 -6.201 -7.87 -8.841 -9.201
thin1 0 thin_disk 8.176091259 -0.5 0.0048313 4.283393383 3.84 439.3925052 3407.218617 -0.267 -3.159 -6.189 -7.882 -8.86 -9.228
thin1 0 thin_disk 8.176091259 -0.5 0.0048313 4.283412933 3.826 443.5602758 3400.948065 -0.276 -3.11 -6.179 -7.889 -8.871 -9.245
thin1 0 thin_disk 8.176091259 -0.5 0.0048313 4.283436775 3.81 447.2523641 3394.689054 -0.285 -3.061 -6.168 -7.894 -8.881 -9.26
thin1 0 thin_disk 8.176091259 -0.5 0.0048313 4.283436775 3.81 447.2523641 3394.689054 -0.285 1.907 -4.053 -7.894 -8.881 -9.26
thin1 0 thin_disk 8.176091259 -0.5 0.0048313 4.283437729 3.808 596.5579598 3239.664224 -0.535 0.202 -4.886 -7.692 -9.011 -9.766
thin1 0 thin_disk 8.176091259 -0.5 0.0048313 4.283439159 3.807 537.0968989 3294.579562 -0.445 -1.508 -5.645 -7.908 -9.049 -9.612
thin1 0 thin_disk 8.176091259 -0.5 0.0048313 4.283442497 3.804 453.8921219 3385.322128 -0.298 -2.993 -6.158 -7.909 -8.903 -9.289
thin1 0 thin_disk 8.176091259 -0.5 0.0048313 4.283447742 3.799 390.1688961 3468.965654 -0.167 -3.524 -6.194 -7.731 -8.668 -8.985
thin1 0 thin_disk 8.176091259 -0.5 0.0048313 4.283455372 3.793 417.2080167 3430.836328 -0.226 -3.323 -6.196 -7.818 -8.776 -9.119
thin1 0 thin_disk 8.176091259 -0.5 0.0048313 4.283465385 3.784 435.7653004 3405.649896 -0.265 -3.144 -6.174 -7.865 -8.842 -9.208
thin1 0 thin_disk 8.176091259 -0.5 0.0048313 4.28347826 3.773 446.7377421 3390.783023 -0.288 -3.031 -6.156 -7.888 -8.877 -9.257
thin1 0 thin_disk 8.176091259 -0.5 0.0048313 4.283494473 3.759 452.6397027 3382.205567 -0.301 -2.958 -6.14 -7.899 -8.894 -9.281
thin1 0 thin_disk 8.176091259 -0.5 0.0048313 4.283514977 3.742 455.8822099 3375.981049 -0.31 -2.901 -6.125 -7.905 -8.903 -9.296
thin1 0 thin_disk 8.176091259 -0.5 0.0048313 4.283538818 3.722 458.9365482 3370.543993 -0.318 -2.846 -6.11 -7.909 -8.911 -9.308
thin1 0 thin_disk 8.176091259 -0.5 0.0048313 4.283538818 3.722 458.9365482 3370.543993 -0.318 3.235 -3.346 -7.909 -8.911 -9.308
thin1 0 thin_disk 8.176091259 -0.5 0.0048313 4.283539772 3.72 613.6950846 3214.400597 -0.57 1.079 -4.456 -7.527 -8.934 -9.779
thin1 0 thin_disk 8.176091259 -0.5 0.0048313 4.283541679 3.719 552.9077085 3269.640468 -0.479 -0.939 -5.398 -7.842 -9.033 -9.652
thin1 0 thin_disk 8.176091259 -0.5 0.0048313 4.283545017 3.715 467.0384592 3360.469825 -0.333 -2.728 -6.075 -7.916 -8.929 -9.34
thin1 0 thin_disk 8.176091259 -0.5 0.0048313 4.283550263 3.71 400.6384665 3445.085463 -0.201 -3.375 -6.168 -7.755 -8.704 -9.036
thin1 0 thin_disk 8.176091259 -0.5 0.0048313 4.283557892 3.702 427.910206 3407.218617 -0.26 -3.143 -6.154 -7.835 -8.808 -9.168
thin1 0 thin_disk 8.176091259 -0.5 0.0048313 4.283568382 3.692 447.1493923 3381.426875 -0.299 -2.944 -6.121 -7.877 -8.87 -9.255
thin1 0 thin_disk 8.176091259 -0.5 0.0048313 4.283581734 3.679 458.1974257 3367.441036 -0.321 -2.815 -6.095 -7.9 -8.903 -9.301
thin1 0 thin_disk 8.176091259 -0.5 0.0048313 4.2835989 3.662 463.716602 3358.922627 -0.333 -2.709 -6.06 -7.902 -8.914 -9.323
thin1 0 thin_disk 8.176091259 -0.5 0.0048313 4.283619881 3.642 466.8234295 3353.513045 -0.341 -2.63 -6.031 -7.899 -8.918 -9.336
thin1 0 thin_disk 8.176091259 -0.5 0.0048313 4.283644676 3.617 469.4103324 3348.112174 -0.349 -2.554 -6.003 -7.894 -8.92 -9.345
thin1 0 thin_disk 8.176091259 -0.5 0.0048313 4.283644676 3.617 469.4103324 3348.112174 -0.349 4.481 -2.677 -7.894 -8.92 -9.345
thin1 0 thin_disk 8.176091259 -0.5 0.0048313 4.28364563 3.616 628.568546 3190.803061 -0.603 1.916 -4.043 -7.364 -8.853 -9.784
thin1 0 thin_disk 8.176091259 -0.5 0.0048313 4.283647537 3.613 566.3079323 3245.637406 -0.512 -0.392 -5.157 -7.771 -9.009 -9.681
thin1 0 thin_disk 8.176091259 -0.5 0.0048313 4.283650875 3.61 477.9171824 3337.336513 -0.366 -2.306 -5.9 -7.871 -8.924 -9.382
thin1 0 thin_disk 8.176091259 -0.5 0.0048313 4.28365612 3.603 409.7817802 3422.157552 -0.233 -3.228 -6.137 -7.772 -8.731 -9.076
thin1 0 thin_disk 8.176091259 -0.5 0.0048313 4.28366375 3.595 437.6759115 3384.542719 -0.291 -2.951 -6.1 -7.841 -8.829 -9.208
thin1 0 thin_disk 8.176091259 -0.5 0.0048313 4.283673763 3.583 456.8279263 3358.922627 -0.33 -2.72 -6.052 -7.882 -8.888 -9.291
thin1 0 thin_disk 8.176091259 -0.5 0.0048313 4.283687115 3.568 467.7918432 3344.259735 -0.352 -2.522 -5.987 -7.885 -8.91 -9.335
thin1 0 thin_disk 8.176091259 -0.5 0.0048313 4.283703804 3.549 472.8818494 3335.799967 -0.364 -2.293 -5.885 -7.853 -8.903 -9.359
thin1 0 thin_disk 8.176091259 -0.5 0.0048313 4.283724308 3.525 476.2693622 3329.660852 -0.373 -2.21 -5.855 -7.849 -8.906 -9.369
thin1 0 thin_disk 8.176091259 -0.5 0.0048313 4.283749103 3.498 478.5779057 3323.533036 -0.381 -2.127 -5.824 -7.844 -8.907 -9.377
thin1 0 thin_disk 8.176091259 -0.5 0.0048313 4.283749103 3.498 478.5779057 3323.533036 -0.381 5.713 -2.005 -7.844 -8.907 -9.377
thin1 0 thin_disk 8.176091259 -0.5 0.0048313 4.283750057 3.496 641.7304468 3165.191567 -0.636 3.146 -3.389 -7.063 -8.682 -9.734
thin1 0 thin_disk 8.176091259 -0.5 0.0048313 4.283751965 3.493 577.899934 3220.327198 -0.545 0.392 -4.774 -7.624 -8.936 -9.685
thin1 0 thin_disk 8.176091259 -0.5 0.0048313 4.283755302 3.489 488.2616842 3311.311215 -0.399 -1.973 -5.778 -7.851 -8.927 -9.414
thin1 0 thin_disk 8.176091259 -0.5 0.0048313 4.283760548 3.482 417.7848092 3397.034832 -0.265 -3.04 -6.086 -7.778 -8.751 -9.11
thin1 0 thin_disk 8.176091259 -0.5 0.0048313 4.283768177 3.472 446.4292531 3358.922627 -0.324 -2.714 -6.026 -7.844 -8.845 -9.24
thin1 0 thin_disk 8.176091259 -0.5 0.0048313 4.283778191 3.458 465.9643005 3333.496473 -0.362 -2.404 -5.934 -7.862 -8.891 -9.321
thin1 0 thin_disk 8.176091259 -0.5 0.0048313 4.283792019 3.44 476.5984711 3318.944576 -0.384 -2.082 -5.802 -7.831 -8.895 -9.365
thin1 0 thin_disk 8.176091259 -0.5 0.0048313 4.283808708 3.418 481.7843015 3310.548845 -0.397 -1.966 -5.762 -7.829 -8.902 -9.384
thin1 0 thin_disk 8.176091259 -0.5 0.0048313 4.283829212 3.391 484.6772609 3304.456202 -0.405 -1.873 -5.726 -7.824 -8.903 -9.393
thin1 0 thin_disk 8.176091259 -0.5 0.0048313 4.283854008 3.359 487.0265586 3298.374772 -0.413 -1.783 -5.689 -7.818 -8.903 -9.4
thin1 0 thin_disk 8.176091259 -0.5 0.0048313 4.283854008 3.359 487.0265586 3298.374772 -0.413 7.425 -0.99 -7.818 -8.903 -9.4
thin1 0 thin_disk 8.176091259 -0.5 0.0048313 4.283854961 3.357 653.6611066 3139.785648 -0.67 4.345 -2.738 -6.758 -8.506 -9.676
thin1 0 thin_disk 8.176091259 -0.5 0.0048313 4.283856869 3.354 588.6438959 3194.478724 -0.579 1.209 -4.368 -7.464 -8.851 -9.68
thin1 0 thin_disk 8.176091259 -0.5 0.0048313 4.283860207 3.349 497.1101662 3285.488868 -0.433 -1.595 -5.628 -7.826 -8.925 -9.44
thin1 0 thin_disk 8.176091259 -0.5 0.0048313 4.283865452 3.341 425.650007 3371.320179 -0.299 -2.812 -6.012 -7.775 -8.761 -9.137
thin1 0 thin_disk 8.176091259 -0.5 0.0048313 4.283873081 3.329 454.5196304 3332.728996 -0.358 -2.425 -5.922 -7.829 -8.848 -9.265
thin1 0 thin_disk 8.176091259 -0.5 0.0048313 4.283883095 3.313 474.4087001 3307.501121 -0.396 -1.936 -5.733 -7.8 -8.869 -9.347
thin1 0 thin_disk 8.176091259 -0.5 0.0048313 4.283896446 3.292 484.6772609 3293.062702 -0.418 -1.712 -5.655 -7.803 -8.889 -9.388
thin1 0 thin_disk 8.176091259 -0.5 0.0048313 4.283913135 3.267 490.1766787 3283.976193 -0.431 -1.576 -5.605 -7.8 -8.895 -9.407
thin1 0 thin_disk 8.176091259 -0.5 0.0048313 4.283933639 3.235 492.7795139 3277.177768 -0.441 -1.47 -5.563 -7.794 -8.896 -9.415
thin1 0 thin_disk 8.176091259 -0.5 0.0048313 4.283958435 3.198 495.6243611 3269.640468 -0.45 -1.329 -5.501 -7.776 -8.888 -9.42
thin1 0 thin_disk 8.176091259 -0.5 0.0048313 4.283958435 3.198 495.6243611 3269.640468 -0.45 9.24 0.106 -7.776 -8.888 -9.42
thin1 0 thin_disk 8.176091259 -0.5 0.0048313 4.283959389 3.196 666.8876039 3110.283669 -0.708 5.651 -2.024 -6.423 -8.312 -9.613
thin1 0 thin_disk 8.176091259 -0.5 0.0048313 4.283961296 3.193 600.2783013 3165.191567 -0.617 2.121 -3.917 -7.283 -8.753 -9.668
thin1 0 thin_disk 8.176091259 -0.5 0.0048313 4.283964634 3.186 506.9354294 3255.367325 -0.472 -1.007 -5.369 -7.751 -8.893 -9.459
thin1 0 thin_disk 8.176091259 -0.5 0.0048313 4.283969879 3.176 433.3638141 3341.180976 -0.337 -2.529 -5.918 -7.769 -8.769 -9.164
thin1 0 thin_disk 8.176091259 -0.5 0.0048313 4.283977032 3.162 463.2896999 3302.934794 -0.396 -1.883 -5.687 -7.757 -8.821 -9.292
thin1 0 thin_disk 8.176091259 -0.5 0.0048313 4.283987522 3.143 483.2286163 3277.177768 -0.435 -1.496 -5.556 -7.767 -8.861 -9.37
thin1 0 thin_disk 8.176091259 -0.5 0.0048313 4.284000874 3.118 494.1429969 3261.369459 -0.458 -1.207 -5.444 -7.753 -8.871 -9.409
thin1 0 thin_disk 8.176091259 -0.5 0.0048313 4.284017563 3.087 499.4047225 3251.621601 -0.472 -0.976 -5.343 -7.726 -8.863 -9.424
thin1 0 thin_disk 8.176091259 -0.5 0.0048313 4.284038067 3.049 502.5191828 3243.396173 -0.483 -0.792 -5.261 -7.701 -8.853 -9.431
thin1 0 thin_disk 8.176091259 -0.5 0.0048313 4.284062386 3.005 505.3038938 3234.446709 -0.494 -0.603 -5.175 -7.673 -8.84 -9.435
thin1 0 thin_disk 8.176091259 -0.5 0.0048313 4.284062386 3.005 505.3038938 3234.446709 -0.494 11.386 1.432 -7.673 -8.84 -9.435
thin1 0 thin_disk 8.176091259 -0.5 0.0048313 4.284063339 3.003 681.008676 3076.096815 -0.753 7.759 -0.763 -5.778 -7.924 -9.439
thin1 0 thin_disk 8.176091259 -0.5 0.0048313 4.284065247 2.998 613.2713055 3129.680472 -0.663 3.57 -3.133 -6.922 -8.544 -9.6
thin1 0 thin_disk 8.176091259 -0.5 0.0048313 4.284068584 2.99 518.5046372 3218.844524 -0.519 -0.258 -5.028 -7.645 -8.843 -9.475
thin1 0 thin_disk 8.176091259 -0.5 0.0048313 4.284073353 2.978 443.253981 3303.69541 -0.384 -2.128 -5.774 -7.749 -8.771 -9.191
thin1 0 thin_disk 8.176091259 -0.5 0.0048313 4.284080982 2.959 473.5356113 3265.126412 -0.444 -1.342 -5.469 -7.716 -8.809 -9.318
thin1 0 thin_disk 8.176091259 -0.5 0.0048313 4.284091473 2.935 493.5744211 3238.91835 -0.484 -0.793 -5.25 -7.682 -8.823 -9.39
thin1 0 thin_disk 8.176091259 -0.5 0.0048313 4.284104347 2.903 504.9549627 3222.55249 -0.509 -0.399 -5.075 -7.637 -8.815 -9.423
thin1 0 thin_disk 8.176091259 -0.5 0.0048313 4.284121037 2.864 511.0373529 3210.702011 -0.525 -0.136 -4.955 -7.603 -8.803 -9.437
thin1 0 thin_disk 8.176091259 -0.5 0.0048313 4.284141541 2.817 514.6981946 3201.105592 -0.538 0.089 -4.85 -7.569 -8.788 -9.443
thin1 0 thin_disk 8.176091259 -0.5 0.0048313 4.284165859 2.762 518.265912 3190.068436 -0.552 0.329 -4.737 -7.532 -8.769 -9.446
thin1 0 thin_disk 8.176091259 -0.5 0.0048313 4.284165859 2.762 518.265912 3190.068436 -0.552 14.959 3.772 -7.532 -8.769 -9.446
thin1 0 thin_disk 8.176091259 -0.5 0.0048313 4.284166813 2.759 698.3170484 3032.494347 -0.813 10.569 0.959 -4.872 -7.375 -9.185
thin1 0 thin_disk 8.176091259 -0.5 0.0048313 4.284168243 2.752 629.5824957 3085.318477 -0.723 5.589 -2.014 -6.392 -8.235 -9.496
thin1 0 thin_disk 8.176091259 -0.5 0.0048313 4.284171581 2.741 532.5405039 3172.488087 -0.58 0.902 -4.469 -7.444 -8.738 -9.475
thin1 0 thin_disk 8.176091259 -0.5 0.0048313 4.284176827 2.723 455.2528202 3256.116987 -0.446 -1.236 -5.384 -7.641 -8.725 -9.226
thin1 0 thin_disk 8.176091259 -0.5 0.0048313 4.284184456 2.697 487.0265586 3215.881224 -0.509 -0.407 -5.049 -7.593 -8.752 -9.34
thin1 0 thin_disk 8.176091259 -0.5 0.0048313 4.28419447 2.662 508.3380807 3187.865576 -0.551 0.287 -4.743 -7.517 -8.741 -9.403
thin1 0 thin_disk 8.176091259 -0.5 0.0048313 4.284207344 2.618 520.418402 3168.837727 -0.58 0.871 -4.468 -7.424 -8.704 -9.427
thin1 0 thin_disk 8.176091259 -0.5 0.0048313 4.284223556 2.564 527.6581432 3154.27824 -0.601 1.391 -4.205 -7.319 -8.65 -9.426
thin1 0 thin_disk 8.176091259 -0.5 0.0048313 4.28424406 2.499 532.9084969 3140.508694 -0.62 1.848 -3.966 -7.218 -8.595 -9.418
thin1 0 thin_disk 8.176091259 -0.5 0.0048313 4.284267902 2.423 537.4680405 3125.359644 -0.641 2.347 -3.706 -7.107 -8.533 -9.407
thin1 0 thin_disk 8.176091259 -0.5 0.0048313 4.284267902 2.423 537.4680405 3125.359644 -0.641 21.415 8.291 -7.107 -8.533 -9.407
thin1 0 thin_disk 8.176091259 -0.5 0.0048313 4.284268856 2.417 725.692517 2969.613986 -0.903 16.316 4.729 -2.784 -6.087 -8.511
thin1 0 thin_disk 8.176091259 -0.5 0.0048313 4.284270287 2.404 654.8663046 3019.95172 -0.816 9.995 0.665 -4.986 -7.386 -9.113
thin1 0 thin_disk 8.176091259 -0.5 0.0048313 4.284273624 2.382 555.5877286 3102.415775 -0.677 3.314 -3.205 -6.9 -8.433 -9.414
thin1 0 thin_disk 8.176091259 -0.5 0.0048313 4.28427887 2.348 475.0645729 3181.998716 -0.547 0.241 -4.706 -7.436 -8.628 -9.257
thin1 0 thin_disk 8.176091259 -0.5 0.0048313 4.284286022 2.299 509.275337 3137.61751 -0.617 1.672 -4.023 -7.207 -8.546 -9.332
thin1 0 thin_disk 8.176091259 -0.5 0.0048313 4.284296036 2.234 533.5223838 3104.559588 -0.67 2.96 -3.368 -6.947 -8.426 -9.356
thin1 0 thin_disk 8.176091259 -0.5 0.0048313 4.28430891 2.154 548.4697059 3079.640342 -0.71 4.402 -2.571 -6.57 -8.217 -9.304
thin1 0 thin_disk 8.176091259 -0.5 0.0048313 4.284325123 2.056 558.4093029 3059.144559 -0.746 5.669 -1.844 -6.205 -8.008 -9.235
thin1 0 thin_disk 8.176091259 -0.5 0.0048313 4.284344673 1.943 565.6563214 3039.484969 -0.782 7.169 -0.959 -5.744 -7.734 -9.125
thin1 0 thin_disk 8.176091259 -0.5 0.0048313 4.284368515 1.815 572.7335771 3020.64717 -0.822 9.387 0.402 -5.006 -7.286 -8.914
thin1 0 thin_disk 8.176091259 -0.5 0.0048313 4.28442955 0.879 3.335436253e-06 10000 1.005 30.061 30.042 30.036 30.057 30.065
