# downloaded from PARSEC/CMD via ezpadova
# component=thin5 family=thin_disk component_index=4 logAge=9.60745502321467 MH=-0.25 photometric_system=twomass
# Zini MH logAge Mini int_IMF Mass logL logTe logg label McoreTP C_O period0 period1 period2 period3 period4 pmode Mloss tau1m X Y Xc Xn Xo Cexcess Z mbolmag Jmag Hmag Ksmag
0.0084736 -0.25 9.60746 0.0900000036 1.081689593 0.09 -3.375 3.3846 5.257 1 0 0.545 0 0 0 0 0 -1 -4.16e-17 0 0.727 0.2645 0.001532 0.0004131 0.003747 -1 0.008515 13.206 11.035 10.495 10.263
0.0084736 -0.25 9.60746 0.1000000015 1.171106412 0.1 -3.176 3.4135 5.22 1 0 0.545 0 0 0 0 0 -1 -6.52e-17 0 0.7267 0.2648 0.001532 0.0004131 0.003747 -1 0.008515 12.709 10.54 10 9.763
0.0084736 -0.25 9.60746 0.1200000048 1.319315474 0.12 -2.911 3.4464 5.166 1 0 0.545 0 0 0 0 0 -1 -1.16e-16 0 0.7263 0.2652 0.001532 0.0004131 0.003747 -1 0.008515 12.048 9.958 9.401 9.149
0.0084736 -0.25 9.60746 0.1400000006 1.438452672 0.14 -2.728 3.4657 5.127 1 0 0.545 0 0 0 0 0 -1 -1.72e-16 0 0.726 0.2655 0.001532 0.0004131 0.003747 -1 0.008515 11.59 9.553 8.987 8.734
0.0084736 -0.25 9.60746 0.1599999964 1.537293155 0.16 -2.586 3.4793 5.097 1 0 0.545 0 0 0 0 0 -1 -2.31e-16 0 0.7256 0.2659 0.001532 0.0004131 0.003747 -1 0.008515 11.234 9.233 8.663 8.412
0.0084736 -0.25 9.60746 0.200000003 1.693879086 0.2 -2.37 3.4975 5.051 1 0 0.545 0 0 0 0 0 -1 -3.58e-16 0 0.7251 0.2664 0.001532 0.0004131 0.003747 -1 0.008515 10.694 8.743 8.169 7.924
0.0084736 -0.25 9.60746 0.2254160643 1.773609254 0.225 -2.261 3.5055 5.026 1 0 0.545 0 0 0 0 0 -1 -4.45e-16 0 0.7248 0.2667 0.001532 0.0004131 0.003747 -1 0.008515 10.423 8.493 7.917 7.676
0.0084736 -0.25 9.60746 0.25 1.8403258 0.25 -2.167 3.5124 5.005 1 0 0.545 0 0 0 0 0 -1 -5.38e-16 0 0.7245 0.2669 0.001532 0.0004131 0.003747 -1 0.008515 10.188 8.277 7.698 7.461
0.0084736 -0.25 9.60746 0.3000000119 1.952913977 0.3 -2.006 3.5229 4.965 1 0 0.545 0 0 0 0 0 -1 -7.44e-16 0 0.7241 0.2673 0.001531 0.0004131 0.003747 -1 0.008516 9.785 7.902 7.318 7.086
0.0084736 -0.25 9.60746 0.3109349608 1.974307945 0.311 -1.97 3.5249 4.952 1 0 0.545 0 0 0 0 0 -1 -8.05e-16 0 0.7251 0.2664 0.001531 0.0004131 0.003747 -1 0.008516 9.696 7.817 7.233 7.001
0.0084736 -0.25 9.60746 0.3500000536 2.043417562 0.35 -1.849 3.5315 4.909 0 0 0.545 0 0 0 0 0 -1 -1.06e-15 0 0.7273 0.2642 0.001532 0.0004131 0.003747 -1 0.008515 9.393 7.531 6.942 6.714
0.0084736 -0.25 9.60746 0.4000000358 2.118502481 0.4 -1.702 3.5426 4.864 1 0 0.545 0 0 0 0 0 -1 -1.46e-15 0 0.7274 0.2641 0.001532 0.0004131 0.003747 -1 0.008515 9.025 7.193 6.597 6.373
0.0084736 -0.25 9.60746 0.4488661289 2.180938276 0.449 -1.547 3.5556 4.811 1 0 0.545 0 0 0 0 0 -1 -2.09e-15 0 0.7274 0.2641 0.001532 0.0004131 0.003747 -1 0.008515 8.637 6.84 6.234 6.016
0.0084736 -0.25 9.60746 0.4500000179 2.182280936 0.45 -1.543 3.5559 4.81 1 0 0.545 0 0 0 0 0 -1 -2.11e-15 0 0.7274 0.2641 0.001532 0.0004131 0.003747 -1 0.008515 8.628 6.833 6.226 6.008
0.0084736 -0.25 9.60746 0.5 2.237454153 0.5 -1.376 3.5731 4.757 1 0 0.545 0 0 0 0 0 -1 -3.12e-15 0 0.7274 0.2641 0.001532 0.0004131 0.003747 -1 0.008515 8.21 6.465 5.845 5.636
0.0084736 -0.25 9.60746 0.5497549772 2.283455287 0.549 -1.2 3.595 4.709 1 0 0.545 0 0 0 0 0 -1 -4.73e-15 0 0.7377 0.2541 0.001477 0.0003987 0.003616 -1 0.00821 7.769 6.083 5.444 5.258
0.0084736 -0.25 9.60746 0.5500000119 2.283658263 0.55 -1.199 3.5951 4.709 1 0 0.545 0 0 0 0 0 -1 -4.74e-15 0 0.7378 0.254 0.001477 0.0003986 0.003615 -1 0.008209 7.767 6.082 5.442 5.257
0.0084736 -0.25 9.60746 0.5845284462 2.310315141 0.584 -1.077 3.6137 4.688 1 0 0.545 0 0 0 0 0 -1 -6.23e-15 0 0.7388 0.253 0.001472 0.0003971 0.003602 -1 0.008189 7.462 5.822 5.168 5.011
0.0084736 -0.25 9.60746 0.6000000238 2.321121326 0.6 -1.025 3.6217 4.679 1 0 0.545 0 0 0 0 0 -1 -7.01e-15 0 0.7393 0.2525 0.001469 0.0003964 0.003596 -1 0.008181 7.331 5.709 5.052 4.908
0.0084736 -0.25 9.60746 0.6499999762 2.352035311 0.65 -0.852 3.652 4.663 1 0 0.544 0 0 0 0 0 -1 -1.02e-14 0 0.7408 0.2511 0.001462 0.0003945 0.003579 -1 0.008127 6.901 5.356 4.733 4.627
0.0084736 -0.25 9.60746 0.6682599187 2.362007744 0.668 -0.792 3.6627 4.658 1 0 0.544 0 0 0 0 0 -1 -1.16e-14 0 0.7414 0.2505 0.001459 0.0003937 0.003573 -1 0.008134 6.75 5.237 4.641 4.545
0.0084736 -0.25 9.60746 0.7000001073 2.377926754 0.7 -0.69 3.6808 4.648 1 0 0.544 0 0 0 0 0 -1 -1.45e-14 0 0.7424 0.2495 0.001454 0.0003924 0.003561 -1 0.008098 6.495 5.038 4.499 4.413
0.0084736 -0.25 9.60746 0.7150531411 2.384910807 0.715 -0.643 3.6888 4.642 1 0 0.542 0 0 0 0 0 -1 -1.61e-14 0 0.743 0.2489 0.001445 0.0003915 0.003554 -1 0.008046 6.378 4.947 4.432 4.351
0.0084736 -0.25 9.60746 0.75 2.399888909 0.75 -0.537 3.7067 4.629 1 0 0.537 0 0 0 0 0 -1 -2.04e-14 0 0.7444 0.2476 0.001426 0.0003895 0.003539 -1 0.007984 6.112 4.745 4.284 4.21
0.0084736 -0.25 9.60746 0.7777872086 2.41070028 0.778 -0.456 3.719 4.612 1 0 0.537 0 0 0 0 0 -1 -2.46e-14 0 0.7458 0.2462 0.001419 0.0003876 0.003522 -1 0.007989 5.909 4.588 4.161 4.094
0.0084736 -0.25 9.60746 0.7983130813 2.41813305 0.798 -0.397 3.7278 4.6 1 0 0.537 0 0 0 0 0 -1 -2.82e-14 0 0.7468 0.2452 0.001413 0.0003863 0.00351 -1 0.008002 5.762 4.475 4.072 4.008
0.0084736 -0.25 9.60746 0.8217169046 2.426089094 0.821 -0.331 3.7371 4.583 1 0 0.537 0 0 0 0 0 -1 -3.3e-14 0 0.7483 0.2437 0.001406 0.0003843 0.003493 -1 0.007959 5.597 4.347 3.969 3.908
0.0084736 -0.25 9.60746 0.8466261625 2.434003634 0.846 -0.261 3.7466 4.565 1 0 0.537 0 0 0 0 0 -1 -3.9e-14 0 0.75 0.2421 0.001398 0.0003822 0.003474 -1 0.007916 5.423 4.215 3.86 3.804
0.0084736 -0.25 9.60746 0.8491377234 2.434772062 0.849 -0.254 3.7475 4.563 1 0 0.537 0 0 0 0 0 -1 -3.96e-14 0 0.7502 0.2419 0.001397 0.0003819 0.003472 -1 0.007911 5.406 4.201 3.848 3.793
0.0084736 -0.25 9.60746 0.8860567212 2.445492107 0.885 -0.153 3.76 4.53 1 0 0.537 0 0 0 0 0 -1 -5.08e-14 0 0.7534 0.2388 0.001382 0.0003777 0.003433 -1 0.007794 5.153 4.005 3.681 3.632
0.0084736 -0.25 9.60746 0.8949391842 2.447919953 0.894 -0.129 3.763 4.522 1 0 0.536 0 0 0 0 0 -1 -5.4e-14 0 0.7542 0.238 0.001378 0.0003766 0.003424 -1 0.007769 5.092 3.958 3.64 3.593
0.0084736 -0.25 9.60746 0.8954451084 2.448056571 0.895 -0.128 3.7631 4.522 1 0 0.536 0 0 0 0 0 -1 -5.41e-14 0 0.7543 0.2379 0.001377 0.0003766 0.003423 -1 0.007767 5.089 3.956 3.638 3.59
0.0084736 -0.25 9.60746 0.9157828689 2.453405082 0.915 -0.072 3.7692 4.5 1 0 0.536 0 0 0 0 0 -1 -6.24e-14 0 0.7568 0.2354 0.001365 0.0003733 0.003394 -1 0.007735 4.951 3.846 3.541 3.497
0.0084736 -0.25 9.60746 0.934761703 2.458155558 0.934 -0.021 3.7746 4.48 1 0 0.536 0 0 0 0 0 -1 -7.12e-14 0 0.7594 0.233 0.001353 0.00037 0.003364 -1 0.007659 4.822 3.746 3.453 3.411
0.0084736 -0.25 9.60746 0.9432522058 2.460209727 0.942 0.002 3.777 4.47 1 0 0.536 0 0 0 0 0 -1 -7.56e-14 0 0.7605 0.2318 0.001347 0.0003685 0.00335 -1 0.007627 4.765 3.7 3.413 3.372
0.0084736 -0.25 9.60746 0.9526808262 2.46244159 0.952 0.028 3.7794 4.458 1 0 0.536 0 0 0 0 0 -1 -8.08e-14 0 0.7624 0.2301 0.001338 0.0003661 0.003329 -1 0.007579 4.701 3.649 3.366 3.326
0.0084736 -0.25 9.60746 0.9701382518 2.466442565 0.969 0.075 3.7837 4.436 1 0 0.536 0 0 0 0 0 -1 -9.16e-14 0 0.7659 0.2266 0.001321 0.0003614 0.003287 -1 0.007482 4.582 3.553 3.28 3.242
0.0084736 -0.25 9.60746 0.9859413505 2.469924236 0.985 0.118 3.7874 4.415 1 0 0.536 0 0 0 0 0 -1 -1.03e-13 0 0.7694 0.2232 0.001304 0.0003568 0.003247 -1 0.007358 4.475 3.465 3.2 3.163
0.0084736 -0.25 9.60746 0.9915652275 2.471132517 0.991 0.133 3.7887 4.408 1 0 0.536 0 0 0 0 0 -1 -1.07e-13 0 0.7707 0.2219 0.001298 0.0003551 0.003231 -1 0.007329 4.437 3.433 3.171 3.135
0.0084736 -0.25 9.60746 0.9955230951 2.471973452 0.995 0.144 3.7896 4.402 1 0 0.535 0 0 0 0 0 -1 -1.1e-13 0 0.7716 0.2211 0.001294 0.0003541 0.003222 -1 0.007309 4.41 3.411 3.15 3.115
0.0084736 -0.25 9.60746 1.011933804 2.475379702 1.011 0.189 3.7931 4.378 1 0 0.535 0 0 0 0 0 -1 -1.22e-13 0 0.7752 0.2176 0.001278 0.0003499 0.003185 -1 0.007241 4.298 3.317 3.063 3.029
0.0084736 -0.25 9.60746 1.027486324 2.478492608 1.027 0.231 3.7962 4.355 1 0 0.535 0 0 0 0 0 -1 -1.34e-13 0 0.7786 0.2142 0.001264 0.0003462 0.003152 -1 0.007188 4.192 3.226 2.979 2.946
0.0084736 -0.25 9.60746 1.039878368 2.480896429 1.039 0.265 3.7985 4.335 1 0 0.534 0 0 0 0 0 -1 -1.45e-13 0 0.7812 0.2116 0.001253 0.0003433 0.003126 -1 0.007141 4.106 3.153 2.91 2.878
0.0084736 -0.25 9.60746 1.049356818 2.482691065 1.048 0.291 3.8003 4.32 1 0 0.534 0 0 0 0 0 -1 -1.54e-13 0 0.7816 0.2112 0.001254 0.0003435 0.003129 -1 0.007137 4.042 3.097 2.858 2.827
0.0084736 -0.25 9.60746 1.071279526 2.486702312 1.07 0.351 3.8039 4.284 1 0 0.534 0 0 0 0 0 -1 -1.76e-13 0 0.7822 0.2107 0.001257 0.0003446 0.00314 -1 0.007138 3.893 2.968 2.736 2.705
0.0084736 -0.25 9.60746 1.088191509 2.489670066 1.087 0.395 3.8061 4.256 1 0 0.534 0 0 0 0 0 -1 -1.94e-13 0 0.7824 0.2105 0.001262 0.0003459 0.003152 -1 0.007156 3.784 2.869 2.641 2.612
0.0084736 -0.25 9.60746 1.088952064 2.489801041 1.088 0.396 3.8062 4.255 1 0 0.534 0 0 0 0 0 -1 -1.95e-13 0 0.7824 0.2105 0.001262 0.000346 0.003153 -1 0.007158 3.779 2.865 2.637 2.608
0.0084736 -0.25 9.60746 1.107759356 2.492974168 1.106 0.446 3.8081 4.22 1 0 0.533 0 0 0 0 0 -1 -2.18e-13 0 0.7822 0.2106 0.001264 0.0003465 0.003159 -1 0.007206 3.654 2.75 2.526 2.497
0.0084736 -0.25 9.60746 1.123240828 2.495494677 1.122 0.491 3.8097 4.188 1 0 0.533 0 0 0 0 0 -1 -2.42e-13 0 0.7808 0.212 0.001272 0.0003487 0.003178 -1 0.007255 3.542 2.647 2.427 2.398
0.0084736 -0.25 9.60746 1.136504412 2.497591403 1.135 0.53 3.8109 4.158 1 0 0.534 0 0 0 0 0 -1 -2.67e-13 0 0.7785 0.2142 0.001283 0.0003517 0.003206 -1 0.007311 3.444 2.554 2.337 2.309
0.0084736 -0.25 9.60746 1.13661468 2.497608599 1.135 0.531 3.8109 4.158 1 0 0.534 0 0 0 0 0 -1 -2.67e-13 0 0.7785 0.2142 0.001283 0.0003518 0.003206 -1 0.007311 3.443 2.554 2.336 2.308
0.0084736 -0.25 9.60746 1.138538718 2.497908024 1.137 0.536 3.8109 4.154 1 0 0.534 0 0 0 0 0 -1 -2.72e-13 0 0.7783 0.2144 0.001284 0.0003519 0.003208 -1 0.007315 3.431 2.541 2.324 2.295
0.0084736 -0.25 9.60746 1.148155332 2.49938731 1.147 0.562 3.8107 4.131 1 0 0.534 0 0 0 0 0 -1 -2.89e-13 0 0.7774 0.2152 0.001288 0.0003527 0.003218 -1 0.007335 3.366 2.475 2.258 2.229
0.0084736 -0.25 9.60746 1.156030893 2.500577719 1.154 0.586 3.8107 4.109 1 0 0.534 0 0 0 0 0 -1 -3.08e-13 0 0.7768 0.2158 0.001291 0.0003533 0.003226 -1 0.007351 3.304 2.414 2.197 2.168
0.0084736 -0.25 9.60746 1.162044525 2.50147421 1.16 0.607 3.8108 4.09 1 0 0.533 0 0 0 0 0 -1 -3.25e-13 0 0.7764 0.2162 0.001293 0.0003536 0.003231 -1 0.007363 3.252 2.361 2.144 2.115
0.0084736 -0.25 9.60746 1.167382956 2.50226115 1.166 0.63 3.811 4.07 1 0 0.533 0 0 0 0 0 -1 -3.46e-13 0 0.7761 0.2165 0.001294 0.0003538 0.003235 -1 0.007373 3.195 2.305 2.089 2.06
0.0084736 -0.25 9.60746 1.170244336 2.502679551 1.169 0.649 3.8116 4.055 1 0 0.533 0 0 0 0 0 -1 -3.66e-13 0 0.7759 0.2167 0.001295 0.0003539 0.003237 -1 0.007379 3.148 2.262 2.047 2.018
0.0084736 -0.25 9.60746 1.171438694 2.502853498 1.17 0.653 3.8113 4.05 1 0 0.533 0 0 0 0 0 -1 -3.72e-13 0 0.7758 0.2168 0.001295 0.000354 0.003239 -1 0.007381 3.136 2.249 2.033 2.005
0.0084736 -0.25 9.60746 1.1778543 2.503780937 1.176 0.673 3.8098 4.026 2 0 0.533 0 0 0 0 0 -1 -3.94e-13 0 0.7753 0.2173 0.001298 0.0003544 0.003244 -1 0.007394 3.086 2.191 1.973 1.944
0.0084736 -0.25 9.60746 1.184817553 2.504774482 1.183 0.695 3.8082 4.001 2 0 0.533 0 0 0 0 0 -1 -4.19e-13 0 0.7748 0.2178 0.0013 0.0003549 0.003251 -1 0.007408 3.033 2.129 1.908 1.878
0.0084736 -0.25 9.60746 1.184996486 2.504799836 1.183 0.695 3.8081 4 2 0 0.533 0 0 0 0 0 -1 -4.19e-13 0 0.7748 0.2178 0.0013 0.0003549 0.003251 -1 0.007408 3.032 2.127 1.907 1.876
0.0084736 -0.25 9.60746 1.194834232 2.506180372 1.193 0.728 3.8048 3.958 2 0 0.533 0 0 0 0 0 -1 -4.63e-13 0 0.7742 0.2184 0.001303 0.0003553 0.003259 -1 0.007429 2.95 2.028 1.802 1.77
0.0084736 -0.25 9.60746 1.203819871 2.507418684 1.202 0.759 3.8001 3.912 2 0 0.533 0 0 0 0 0 -1 -5.12e-13 0 0.7734 0.2191 0.001306 0.0003559 0.003267 -1 0.007452 2.874 1.928 1.693 1.659
0.0084736 -0.25 9.60746 1.213634849 2.508747218 1.212 0.787 3.7904 3.848 2 0 0.533 0 0 0 0 0 -1 -5.75e-13 0 0.771 0.2215 0.001317 0.0003584 0.003293 -1 0.007509 2.802 1.808 1.554 1.517
0.0084736 -0.25 9.60746 1.221009612 2.509729306 1.219 0.788 3.775 3.788 2 0 0.534 0 0 0 0 0 -1 -6.1e-13 0 0.7615 0.2308 0.001359 0.0003695 0.003396 -1 0.007705 2.799 1.728 1.439 1.396
0.0084736 -0.25 9.60746 1.225238562 2.51028634 1.224 0.766 3.7598 3.751 2 0 0.535 0 0 0 0 0 -1 -5.99e-13 0 0.7506 0.2414 0.001409 0.0003823 0.003513 -1 0.007963 2.856 1.713 1.389 1.34
0.0084736 -0.25 9.60746 1.227346659 2.510562368 1.226 0.748 3.7504 3.732 2 0 0.535 0 0 0 0 0 -1 -5.85e-13 0 0.7438 0.2481 0.001438 0.0003901 0.003583 -1 0.008136 2.901 1.717 1.37 1.316
0.0084736 -0.25 9.60746 1.229094148 2.510790355 1.227 0.734 3.7421 3.714 2 0 0.535 0 0 0 0 0 -1 -5.76e-13 0 0.7394 0.2524 0.001457 0.000395 0.003628 -1 0.008221 2.936 1.716 1.348 1.291
0.0084736 -0.25 9.60746 1.230385542 2.510958358 1.229 0.726 3.7361 3.698 2 0 0.536 0 0 0 0 0 -1 -5.74e-13 0 0.7372 0.2546 0.001466 0.0003974 0.00365 -1 0.008243 2.955 1.71 1.326 1.267
0.0084736 -0.25 9.60746 1.231976509 2.511164778 1.23 0.722 3.7291 3.674 2 0 0.536 0 0 0 0 0 -1 -5.81e-13 0 0.7351 0.2566 0.001474 0.0003995 0.003669 -1 0.008289 2.965 1.692 1.29 1.228
0.0084736 -0.25 9.60746 1.233130455 2.511314113 1.232 0.725 3.7248 3.654 2 0 0.536 0 0 0 0 0 -1 -5.97e-13 0 0.7338 0.2578 0.001478 0.0004006 0.003679 -1 0.008315 2.956 1.667 1.253 1.189
0.0084736 -0.25 9.60746 1.23488307 2.51154031 1.233 0.738 3.7194 3.621 2 0 0.536 0 0 0 0 0 -1 -6.33e-13 0 0.7322 0.2595 0.001483 0.0004021 0.003691 -1 0.008348 2.926 1.616 1.186 1.12
0.0084736 -0.25 9.60746 1.236477256 2.511745419 1.235 0.758 3.7158 3.587 2 0 0.536 0 0 0 0 0 -1 -6.87e-13 0 0.7307 0.2609 0.001486 0.0004032 0.0037 -1 0.008391 2.875 1.553 1.112 1.045
0.0084736 -0.25 9.60746 1.236804605 2.51178746 1.235 0.763 3.7153 3.579 2 0 0.535 0 0 0 0 0 -1 -7.03e-13 0 0.7304 0.2613 0.001486 0.0004036 0.003701 -1 0.008369 2.862 1.537 1.095 1.027
0.0084736 -0.25 9.60746 1.239421845 2.512122677 1.238 0.812 3.7116 3.517 3 0 0.527 0 0 0 0 0 -1 -8.32e-13 0 0.7274 0.2642 0.001466 0.0004175 0.00371 -1 0.008417 2.741 1.403 0.95 0.881
0.0084736 -0.25 9.60746 1.241541743 2.512393002 1.24 0.856 3.7093 3.464 3 0 0.504 0 0 0 0 0 -1 -9.74e-13 0 0.7244 0.2671 0.001405 0.0004778 0.003716 -1 0.008461 2.629 1.283 0.823 0.753
0.0084736 -0.25 9.60746 1.243628025 2.512658007 1.242 0.904 3.7073 3.409 3 0 0.473 0 0 0 0 0 -1 -1.15e-12 0 0.7212 0.2703 0.001321 0.0005773 0.003721 -1 0.008497 2.509 1.155 0.69 0.619
0.0084736 -0.25 9.60746 1.245516539 2.51289701 1.244 0.951 3.7056 3.356 3 0 0.45 0 0 0 0 0 -1 -1.36e-12 0 0.7182 0.2733 0.001256 0.0006594 0.003725 -1 0.008507 2.391 1.031 0.561 0.489
0.0084736 -0.25 9.60746 1.247350216 2.513128277 1.246 1.001 3.7038 3.299 3 0 0.433 0 0 0 0 0 -1 -1.62e-12 0 0.7155 0.276 0.00121 0.0007165 0.003727 -1 0.008504 2.267 0.9 0.425 0.352
0.0084736 -0.25 9.60746 1.249010324 2.51333698 1.247 1.051 3.702 3.244 3 0 0.422 0 0 0 0 0 -1 -1.92e-12 0 0.7134 0.2781 0.00118 0.0007537 0.003729 -1 0.008517 2.143 0.771 0.291 0.217
0.0084736 -0.25 9.60746 1.250408053 2.513512204 1.249 1.096 3.7004 3.192 3 0 0.416 0 0 0 0 0 -1 -2.26e-12 0 0.7119 0.2796 0.001163 0.0007761 0.00373 -1 0.008519 2.03 0.651 0.166 0.092
0.0084736 -0.25 9.60746 1.251763463 2.513681692 1.25 1.144 3.6985 3.137 3 0 0.411 0 0 0 0 0 -1 -2.68e-12 0 0.7107 0.2807 0.00115 0.0007925 0.003731 -1 0.008515 1.909 0.524 0.033 -0.042
0.0084736 -0.25 9.60746 1.252976417 2.51383301 1.251 1.192 3.6966 3.082 3 0 0.408 0 0 0 0 0 -1 -3.17e-12 0 0.71 0.2815 0.001141 0.0008033 0.003732 -1 0.008518 1.791 0.399 -0.098 -0.174
0.0084736 -0.25 9.60746 1.254069448 2.513969078 1.252 1.239 3.6947 3.028 3 0 0.406 0 0 0 0 0 -1 -3.75e-12 0 0.7094 0.282 0.001136 0.0008102 0.003732 -1 0.008529 1.674 0.275 -0.228 -0.305
0.0084736 -0.25 9.60746 1.255086064 2.51409539 1.253 1.286 3.6926 2.972 3 0 0.405 0 0 0 0 0 -1 -4.46e-12 0 0.7091 0.2823 0.001133 0.0008147 0.003732 -1 0.008528 1.554 0.148 -0.361 -0.44
0.0084736 -0.25 9.60746 1.255930543 2.514200135 1.254 1.33 3.6906 2.921 3 0 0.404 0 0 0 0 0 -1 -5.21e-12 0 0.709 0.2825 0.001131 0.000817 0.003732 -1 0.008537 1.446 0.032 -0.483 -0.562
0.0084736 -0.25 9.60746 1.256760478 2.514302918 1.255 1.376 3.6884 2.866 3 0 0.404 0 0 0 0 0 -1 -6.17e-12 0 0.7089 0.2826 0.00113 0.0008184 0.003732 -1 0.008548 1.33 -0.092 -0.613 -0.694
0.0084736 -0.25 9.60746 1.257501364 2.514394541 1.256 1.421 3.6862 2.812 3 0 0.403 0 0 0 0 0 -1 -7.26e-12 0 0.7089 0.2826 0.001129 0.000819 0.003732 -1 0.008515 1.217 -0.212 -0.74 -0.822
0.0084736 -0.25 9.60746 1.258152366 2.514474947 1.256 1.464 3.684 2.761 3 0 0.403 0 0 0 0 0 -1 -8.5e-12 0 0.7089 0.2826 0.001129 0.0008194 0.003732 -1 0.008515 1.109 -0.326 -0.861 -0.945
0.0084736 -0.25 9.60746 1.258771181 2.514551288 1.257 1.509 3.6818 2.708 3 0 0.403 0 0 0 0 0 -1 -9.99e-12 0 0.7089 0.2826 0.001129 0.0008198 0.003732 -1 0.008515 0.999 -0.444 -0.986 -1.071
0.0084736 -0.25 9.60746 1.259340763 2.514621479 1.257 1.552 3.6795 2.655 3 0 0.403 0 0 0 0 0 -1 -1.17e-11 0 0.7089 0.2826 0.001128 0.0008201 0.003732 -1 0.008515 0.889 -0.561 -1.11 -1.196
0.0084736 -0.25 9.60746 1.259865165 2.514686038 1.258 1.595 3.6771 2.603 3 0 0.403 0 0 0 0 0 -1 -1.37e-11 0 0.7089 0.2825 0.001128 0.0008204 0.003732 -1 0.008515 0.782 -0.675 -1.231 -1.319
0.0084736 -0.25 9.60746 1.260346532 2.514745244 1.258 1.636 3.6748 2.553 3 0 0.403 0 0 0 0 0 -1 -1.6e-11 0 0.7089 0.2825 0.001128 0.0008207 0.003732 -1 0.008515 0.679 -0.785 -1.348 -1.437
0.0084736 -0.25 9.60746 1.260836601 2.514805468 1.258 1.676 3.6726 2.504 3 0 0.403 0 0 0 0 0 -1 -1.85e-11 0 0.709 0.2825 0.001128 0.000821 0.003732 -1 0.008515 0.58 -0.891 -1.462 -1.552
0.0084736 -0.25 9.60746 1.261492968 2.514886043 1.259 1.714 3.6705 2.458 3 0 0.403 0 0 0 0 0 -1 -2.13e-11 0 0.709 0.2825 0.001127 0.0008214 0.003732 -1 0.008515 0.484 -0.994 -1.571 -1.663
0.0084736 -0.25 9.60746 1.261735797 2.514915828 1.259 1.696 3.6718 2.481 3 0 0.403 0 0 0 0 0 -1 -2.01e-11 0 0.709 0.2825 0.001127 0.0008216 0.003732 -1 0.008515 0.529 -0.944 -1.518 -1.608
0.0084736 -0.25 9.60746 1.262113571 2.514962139 1.259 1.661 3.6742 2.527 3 0 0.403 0 0 0 0 0 -1 -1.77e-11 0 0.709 0.2825 0.001127 0.0008218 0.003732 -1 0.008515 0.619 -0.847 -1.413 -1.502
0.0084736 -0.25 9.60746 1.262171864 2.514969283 1.26 1.654 3.6747 2.536 3 0 0.403 0 0 0 0 0 -1 -1.71e-11 0 0.709 0.2825 0.001127 0.0008218 0.003732 -1 0.008515 0.636 -0.828 -1.392 -1.481
0.0084736 -0.25 9.60746 1.262532592 2.515013469 1.26 1.693 3.6724 2.487 3 0 0.403 0 0 0 0 0 -1 -1.96e-11 0 0.709 0.2825 0.001127 0.000822 0.003732 -1 0.008515 0.538 -0.934 -1.505 -1.596
0.0084736 -0.25 9.60746 1.262936592 2.515062923 1.26 1.737 3.6698 2.433 3 0 0.403 0 0 0 0 0 -1 -2.3e-11 0 0.709 0.2825 0.001127 0.0008223 0.003732 -1 0.008515 0.427 -1.053 -1.632 -1.724
0.0084736 -0.25 9.60746 1.263326168 2.515110576 1.26 1.782 3.6671 2.377 3 0 0.403 0 0 0 0 0 -1 -2.72e-11 0 0.709 0.2825 0.001127 0.0008225 0.003732 -1 0.008516 0.316 -1.173 -1.761 -1.855
0.0084736 -0.25 9.60746 1.263679028 2.515153708 1.261 1.825 3.6644 2.323 3 0 0.403 0 0 0 0 0 -1 -3.19e-11 0 0.709 0.2825 0.001126 0.0008227 0.003732 -1 0.008515 0.207 -1.29 -1.886 -1.982
0.0084736 -0.25 9.60746 1.264008641 2.515193974 1.261 1.869 3.6617 2.269 3 0 0.402 0 0 0 0 0 -1 -3.76e-11 0 0.709 0.2825 0.001126 0.0008229 0.003732 -1 0.008515 0.098 -1.408 -2.012 -2.11
0.0084736 -0.25 9.60746 1.264313936 2.515231248 1.261 1.912 3.6589 2.214 3 0 0.402 0 0 0 0 0 -1 -4.42e-11 0 0.709 0.2825 0.001126 0.0008231 0.003732 -1 0.008515 -0.011 -1.525 -2.137 -2.237
0.0084736 -0.25 9.60746 1.264596105 2.51526568 1.261 1.955 3.6562 2.16 3 0 0.402 0 0 0 0 0 -1 -5.19e-11 0 0.709 0.2825 0.001126 0.0008233 0.003732 -1 0.008515 -0.118 -1.641 -2.262 -2.364
0.0084736 -0.25 9.60746 1.264854431 2.515297187 1.261 1.998 3.6534 2.106 3 0 0.402 0 0 0 0 0 -1 -6.09e-11 0 0.709 0.2825 0.001126 0.0008234 0.003732 -1 0.008515 -0.225 -1.755 -2.385 -2.49
0.0084736 -0.25 9.60746 1.265090823 2.515326006 1.261 2.04 3.6506 2.053 3 0 0.402 0 0 0 0 0 -1 -7.14e-11 0 0.709 0.2825 0.001126 0.0008236 0.003732 -1 0.008515 -0.331 -1.869 -2.508 -2.615
0.0084736 -0.25 9.60746 1.26531446 2.515353258 1.261 2.084 3.6476 1.998 3 0 0.402 0 0 0 0 0 -1 -8.4e-11 0 0.709 0.2825 0.001126 0.0008237 0.003732 -1 0.008515 -0.439 -1.985 -2.634 -2.743
0.0084736 -0.25 9.60746 1.265510321 2.515377117 1.261 2.124 3.6448 1.946 3 0 0.402 0 0 0 0 0 -1 -9.8e-11 0 0.709 0.2825 0.001126 0.0008238 0.003732 -1 0.008515 -0.541 -2.094 -2.748 -2.861
0.0084736 -0.25 9.60746 1.26569891 2.515400082 1.261 2.167 3.6419 1.891 3 0 0.402 0 0 0 0 0 -1 -1.15e-10 0 0.709 0.2825 0.001125 0.0008239 0.003732 -1 0.008515 -0.647 -2.208 -2.866 -2.984
0.0084736 -0.25 9.60746 1.265869617 2.515420862 1.261 2.208 3.639 1.838 3 0 0.402 0 0 0 0 0 -1 -1.35e-10 0 0.709 0.2825 0.001125 0.0008241 0.003732 -1 0.008515 -0.751 -2.319 -2.981 -3.104
0.0084736 -0.25 9.60746 1.266027093 2.515440026 1.261 2.25 3.6361 1.785 3 0 0.402 0 0 0 0 0 -1 -1.57e-10 0 0.709 0.2825 0.001125 0.0008241 0.003732 -1 0.008515 -0.854 -2.428 -3.095 -3.224
0.0084736 -0.25 9.60746 1.266173601 2.51545785 1.261 2.291 3.6331 1.732 3 0 0.402 0 0 0 0 0 -1 -1.84e-10 0 0.709 0.2825 0.001125 0.0008242 0.003732 -1 0.008515 -0.957 -2.537 -3.209 -3.343
0.0084736 -0.25 9.60746 1.266307235 2.515474104 1.261 2.331 3.6302 1.68 3 0 0.402 0 0 0 0 0 -1 -2.14e-10 0 0.709 0.2825 0.001125 0.0008243 0.003732 -1 0.008515 -1.058 -2.644 -3.321 -3.46
0.0084736 -0.25 9.60746 1.266434789 2.515489615 1.261 2.373 3.6272 1.626 3 0 0.402 0 0 0 0 0 -1 -2.51e-10 0 0.709 0.2825 0.001125 0.0008244 0.003732 -1 0.008515 -1.162 -2.754 -3.436 -3.581
0.0084736 -0.25 9.60746 1.266548872 2.515503485 1.261 2.413 3.6242 1.574 3 0 0.402 0 0 0 0 0 -1 -2.93e-10 0 0.709 0.2824 0.001125 0.0008245 0.003732 -1 0.008515 -1.263 -2.86 -3.547 -3.698
0.0084736 -0.25 9.60746 1.266656041 2.515516511 1.26 2.454 3.6212 1.521 3 0 0.402 0 0 0 0 0 -1 -3.42e-10 0 0.709 0.2824 0.001125 0.0008245 0.003732 -1 0.008515 -1.364 -2.967 -3.659 -3.816
0.0084736 -0.25 9.60746 1.266755462 2.515528594 1.26 2.494 3.6181 1.469 3 0 0.402 0 0 0 0 0 -1 -3.99e-10 0 0.709 0.2824 0.001125 0.0008246 0.003732 -1 0.008515 -1.465 -3.075 -3.774 -3.937
0.0084736 -0.25 9.60746 1.266844749 2.515539443 1.26 2.533 3.6151 1.418 3 0 0.402 9.39 6.96 4.94 3.77 3.06 4 -4.64e-10 0 0.709 0.2824 0.001125 0.0008246 0.003732 -1 0.008515 -1.563 -3.179 -3.887 -4.054
0.0084736 -0.25 9.60746 1.266930699 2.515549885 1.259 2.573 3.612 1.365 3 0 0.402 10.46 7.66 5.41 4.13 3.36 4 -5.41e-10 0 0.709 0.2824 0.001125 0.0008247 0.003732 -1 0.008515 -1.664 -3.286 -4.004 -4.176
0.0084736 -0.25 9.60746 1.267008305 2.515559311 1.259 2.612 3.609 1.314 3 0 0.402 11.62 8.4 5.91 4.52 3.67 4 -6.28e-10 0 0.709 0.2824 0.001125 0.0008247 0.003732 -1 0.008515 -1.761 -3.39 -4.117 -4.293
0.0084736 -0.25 9.60746 1.267081142 2.515568158 1.258 2.651 3.606 1.262 3 0 0.402 12.91 9.22 6.46 4.95 4.02 4 -7.3e-10 0 0.709 0.2824 0.001125 0.0008248 0.003732 -1 0.008515 -1.859 -3.494 -4.23 -4.411
0.0084736 -0.25 9.60746 1.267149806 2.515576496 1.258 2.691 3.6028 1.21 3 0 0.402 14.36 10.13 7.07 5.42 4.41 4 -8.5e-10 0 0.709 0.2824 0.001125 0.0008248 0.003732 -1 0.008515 -1.957 -3.599 -4.344 -4.53
0.0084736 -0.25 9.60746 1.267212272 2.515584081 1.257 2.729 3.5998 1.16 3 0 0.402 15.93 11.09 7.71 5.92 4.81 3 -9.85e-10 0 0.709 0.2824 0.001125 0.0008249 0.003732 -1 0.008515 -2.052 -3.7 -4.455 -4.646
0.0084736 -0.25 9.60746 1.267270923 2.515591201 1.257 2.767 3.5967 1.109 3 0 0.402 17.67 12.15 8.41 6.47 5.26 3 -1.14e-09 0 0.709 0.2824 0.001125 0.0008249 0.003732 -1 0.008515 -2.147 -3.801 -4.566 -4.761
0.0084736 -0.25 9.60746 1.267326951 2.515598003 1.256 2.805 3.5935 1.058 3 0 0.402 19.64 13.33 9.19 7.08 5.76 3 -1.32e-09 0 0.709 0.2824 0.001125 0.0008249 0.003732 -1 0.008515 -2.243 -3.904 -4.678 -4.879
0.0084736 -0.25 9.60746 1.267389417 2.515605585 1.255 2.852 3.5896 0.996 3 0 0.402 22.31 14.92 10.23 7.89 6.42 3 -1.59e-09 0 0.709 0.2824 0.001125 0.000825 0.003732 -1 0.008515 -2.359 -4.027 -4.813 -5.02
0.0084736 -0.25 9.60746 1.267446756 2.515612545 1.254 2.897 3.5857 0.935 3 0 0.402 25.28 16.65 11.37 8.78 7.15 3 -1.89e-09 0 0.709 0.2824 0.001125 0.000825 0.003732 -1 0.008515 -2.472 -4.149 -4.945 -5.159
0.0084736 -0.25 9.60746 1.267490268 2.515617825 1.253 2.933 3.5826 0.885 3 0 0.402 27.98 18.21 12.38 9.58 7.8 3 -2.18e-09 0 0.709 0.2824 0.001125 0.000825 0.003732 -1 0.008515 -2.563 -4.247 -5.052 -5.272
0.0084736 -0.25 9.60746 1.267531395 2.515622816 1.252 2.97 3.5793 0.835 3 0 0.402 31.02 19.94 13.5 10.45 8.51 3 -2.52e-09 0 0.7091 0.2824 0.001125 0.000825 0.003732 -1 0.008515 -2.655 -4.347 -5.16 -5.386
0.0084736 -0.25 9.60746 1.267577171 2.515628371 1.251 3.013 3.5753 0.775 3 0 0.402 35.05 22.2 14.96 11.61 9.45 2 -3e-09 0 0.7091 0.2824 0.001125 0.0008251 0.003732 -1 0.008515 -2.763 -4.464 -5.288 -5.52
0.0084736 -0.25 9.60746 1.267620087 2.515633578 1.25 3.056 3.5712 0.716 3 0 0.402 39.61 24.72 16.57 12.88 10.49 2 -3.55e-09 0 0.7091 0.2824 0.001125 0.0008251 0.003732 -1 0.008516 -2.87 -4.581 -5.416 -5.655
0.0084736 -0.25 9.60746 1.267659903 2.515638408 1.248 3.099 3.5672 0.657 3 0 0.402 44.71 27.5 18.35 14.28 11.64 2 -4.21e-09 0 0.7091 0.2824 0.001125 0.0008251 0.003732 -1 0.008515 -2.976 -4.697 -5.542 -5.787
0.0084736 -0.25 9.60746 1.267696977 2.515642906 1.246 3.141 3.5631 0.597 3 0 0.402 50.46 30.58 20.31 15.83 12.91 2 -4.99e-09 0 0.7091 0.2824 0.001125 0.0008251 0.003732 -1 0.008515 -3.082 -4.813 -5.667 -5.92
0.0084736 -0.25 9.60746 1.26773119 2.515647056 1.244 3.182 3.559 0.539 3 0 0.402 56.86 33.97 22.45 17.53 14.29 2 -5.9e-09 0 0.7091 0.2824 0.001125 0.0008252 0.003732 -1 0.008515 -3.184 -4.927 -5.79 -6.05
0.0084736 -0.25 9.60746 1.267763138 2.515650931 1.242 3.222 3.5548 0.481 3 0 0.402 64.05 37.72 24.81 19.4 15.82 2 -6.96e-09 0 0.7091 0.2824 0.001125 0.0008252 0.003732 -1 0.008515 -3.286 -5.04 -5.912 -6.179
0.0084736 -0.25 9.60746 1.267793179 2.515654575 1.24 3.262 3.5505 0.423 3 0 0.402 72.15 41.88 27.41 21.48 17.52 2 -8.22e-09 0 0.7091 0.2824 0.001125 0.0008252 0.003732 -1 0.008515 -3.386 -5.153 -6.034 -6.308
0.0084736 -0.25 9.60746 1.267820954 2.515657944 1.237 3.302 3.5463 0.366 3 0 0.402 81.08 46.4 30.23 23.72 19.35 2 -9.67e-09 0 0.7091 0.2824 0.001125 0.0008252 0.003732 -1 0.008515 -3.484 -5.265 -6.152 -6.434
0.0084736 -0.25 9.60746 1.267846823 2.515661081 1.234 3.339 3.5421 0.31 3 0 0.402 90.84 51.26 33.25 26.13 21.33 2 -1.13e-08 0 0.7091 0.2824 0.001125 0.0008252 0.003732 -1 0.008515 -3.578 -5.372 -6.267 -6.556
0.0084736 -0.25 9.60746 1.267871618 2.515664088 1.231 3.375 3.538 0.257 3 0 0.402 101.3 56.41 36.43 28.67 23.41 1 -1.32e-08 0 0.7091 0.2824 0.001125 0.0008253 0.003732 -1 0.008515 -3.668 -5.474 -6.376 -6.673
0.0084736 -0.25 9.60746 1.267881036 2.51566523 1.23 3.388 3.5366 0.238 3 0 0.402 105.3 58.36 37.63 29.64 24.19 1 -1.4e-08 0 0.7091 0.2824 0.001125 0.0008253 0.003732 -1 0.008515 -3.7 -5.511 -6.414 -6.714
0.0084736 -0.25 9.60746 1.267881036 2.51566523 1.23 1.76 3.6864 2.465 4 0 0.404 0 0 0 0 0 -1 -1e-30 0 0.7042 0.2872 0.001135 0.0008315 0.003748 -1 0.008615 0.37 -1.059 -1.585 -1.667
0.0084736 -0.25 9.60746 1.268172264 2.515700538 1.23 1.772 3.6854 2.45 4 0 0.404 0 0 0 0 0 -1 -1e-30 0 0.7042 0.2872 0.001135 0.0008317 0.003748 -1 0.008615 0.34 -1.092 -1.62 -1.703
0.0084736 -0.25 9.60746 1.268458486 2.51573522 1.231 1.777 3.685 2.443 4 0 0.404 0 0 0 0 0 -1 -1e-30 0 0.7042 0.2872 0.001135 0.0008319 0.003748 -1 0.008615 0.327 -1.106 -1.635 -1.719
0.0084736 -0.25 9.60746 1.268744111 2.515769812 1.231 1.778 3.6852 2.443 4 0 0.404 0 0 0 0 0 -1 -1e-30 0 0.7042 0.2871 0.001135 0.0008321 0.003748 -1 0.008616 0.324 -1.108 -1.638 -1.721
0.0084736 -0.25 9.60746 1.269030094 2.51580443 1.231 1.778 3.6855 2.444 4 0 0.404 0 0 0 0 0 -1 -1e-30 0 0.7042 0.2871 0.001134 0.0008322 0.003748 -1 0.008615 0.325 -1.106 -1.635 -1.718
0.0084736 -0.25 9.60746 1.269294143 2.515836377 1.231 1.777 3.6858 2.446 4 0 0.404 0 0 0 0 0 -1 -1e-30 0 0.7042 0.2871 0.001134 0.0008324 0.003748 -1 0.008615 0.327 -1.104 -1.631 -1.714
0.0084736 -0.25 9.60746 1.269583941 2.515871421 1.232 1.776 3.6862 2.449 4 0 0.404 0 0 0 0 0 -1 -1e-30 0 0.7042 0.2871 0.001134 0.0008326 0.003748 -1 0.008615 0.329 -1.1 -1.627 -1.709
0.0084736 -0.25 9.60746 1.269848704 2.515903422 1.232 1.776 3.6865 2.451 4 0 0.403 0 0 0 0 0 -1 -1e-30 0 0.7043 0.2871 0.001134 0.0008328 0.003748 -1 0.008615 0.331 -1.098 -1.623 -1.705
0.0084736 -0.25 9.60746 1.270126104 2.515936934 1.232 1.775 3.6868 2.453 4 0 0.403 0 0 0 0 0 -1 -1e-30 0 0.7043 0.2871 0.001134 0.0008329 0.003748 -1 0.008615 0.332 -1.095 -1.619 -1.701
0.0084736 -0.25 9.60746 1.270424366 2.515972947 1.233 1.775 3.6871 2.455 4 0 0.403 0 0 0 0 0 -1 -1e-30 0 0.7043 0.2871 0.001134 0.0008331 0.003748 -1 0.008615 0.333 -1.093 -1.616 -1.698
0.0084736 -0.25 9.60746 1.270702481 2.51600651 1.233 1.774 3.6874 2.456 4 0 0.403 0 0 0 0 0 -1 -1e-30 0 0.7043 0.2871 0.001133 0.0008333 0.003748 -1 0.008616 0.334 -1.091 -1.614 -1.696
0.0084736 -0.25 9.60746 1.270981669 2.516040186 1.233 1.774 3.6876 2.457 4 0 0.403 0 0 0 0 0 -1 -1e-30 0 0.7043 0.2871 0.001133 0.0008335 0.003748 -1 0.008615 0.334 -1.091 -1.612 -1.694
0.0084736 -0.25 9.60746 1.271262169 2.516074002 1.234 1.774 3.6879 2.458 4 0 0.403 0 0 0 0 0 -1 -1e-30 0 0.7043 0.2871 0.001133 0.0008337 0.003748 -1 0.008616 0.334 -1.09 -1.611 -1.693
0.0084736 -0.25 9.60746 1.27156055 2.516109956 1.234 1.775 3.6881 2.459 4 0 0.403 0 0 0 0 0 -1 -1e-30 0 0.7043 0.2871 0.001133 0.0008338 0.003748 -1 0.008615 0.333 -1.09 -1.61 -1.692
0.0084736 -0.25 9.60746 1.271763802 2.516134436 1.234 1.775 3.6882 2.459 4 0 0.403 0 0 0 0 0 -1 -1e-30 0 0.7043 0.2871 0.001133 0.000834 0.003748 -1 0.008615 0.333 -1.09 -1.61 -1.691
0.0084736 -0.25 9.60746 1.271908879 2.516151904 1.235 1.775 3.6883 2.46 4 0 0.403 0 0 0 0 0 -1 -1e-30 0 0.7043 0.2871 0.001133 0.0008341 0.003748 -1 0.008615 0.332 -1.09 -1.61 -1.691
0.0084736 -0.25 9.60746 1.271972179 2.516159524 1.235 1.775 3.6884 2.46 4 0 0.403 0 0 0 0 0 -1 -1e-30 0 0.7043 0.2871 0.001133 0.0008341 0.003748 -1 0.008615 0.332 -1.09 -1.61 -1.691
0.0084736 -0.25 9.60746 1.272201657 2.516187141 1.235 1.776 3.6885 2.46 4 0 0.403 0 0 0 0 0 -1 -1e-30 0 0.7043 0.2871 0.001133 0.0008342 0.003748 -1 0.008615 0.331 -1.091 -1.61 -1.691
0.0084736 -0.25 9.60746 1.272488117 2.5162216 1.235 1.776 3.6887 2.46 4 0 0.403 0 0 0 0 0 -1 -1e-30 0 0.7043 0.2871 0.001133 0.0008344 0.003748 -1 0.008615 0.33 -1.091 -1.61 -1.691
0.0084736 -0.25 9.60746 1.272767663 2.51625521 1.235 1.777 3.6888 2.46 4 0 0.403 0 0 0 0 0 -1 -1e-30 0 0.7043 0.2871 0.001132 0.0008345 0.003748 -1 0.008615 0.328 -1.093 -1.611 -1.692
0.0084736 -0.25 9.60746 1.273052096 2.51628939 1.236 1.778 3.6889 2.46 4 0 0.403 0 0 0 0 0 -1 -1e-30 0 0.7043 0.2871 0.001132 0.0008347 0.003748 -1 0.008614 0.326 -1.094 -1.612 -1.693
0.0084736 -0.25 9.60746 1.273336291 2.516323525 1.236 1.779 3.6889 2.459 4 0 0.403 0 0 0 0 0 -1 -1e-30 0 0.7043 0.2871 0.001132 0.0008349 0.003748 -1 0.008614 0.323 -1.097 -1.615 -1.696
0.0084736 -0.25 9.60746 1.273630857 2.516358886 1.236 1.78 3.689 2.458 4 0 0.403 0 0 0 0 0 -1 -1e-30 0 0.7043 0.2871 0.001132 0.000835 0.003748 -1 0.008614 0.32 -1.1 -1.618 -1.699
0.0084736 -0.25 9.60746 1.273931384 2.516394943 1.237 1.782 3.689 2.456 4 0 0.403 0 0 0 0 0 -1 -1e-30 0 0.7043 0.2871 0.001132 0.0008352 0.003748 -1 0.008613 0.316 -1.104 -1.622 -1.703
0.0084736 -0.25 9.60746 1.274066091 2.516411099 1.237 1.782 3.689 2.456 4 0 0.403 0 0 0 0 0 -1 -1e-30 0 0.7043 0.2871 0.001132 0.0008353 0.003748 -1 0.008613 0.314 -1.106 -1.624 -1.705
0.0084736 -0.25 9.60746 1.274096727 2.516414773 1.237 1.783 3.6889 2.455 4 0 0.403 0 0 0 0 0 -1 -1e-30 0 0.7043 0.2871 0.001132 0.0008353 0.003748 -1 0.008613 0.313 -1.107 -1.625 -1.706
0.0084736 -0.25 9.60746 1.274381638 2.516448929 1.237 1.785 3.6889 2.453 4 0 0.403 0 0 0 0 0 -1 -1e-30 0 0.7043 0.287 0.001132 0.0008354 0.003748 -1 0.008613 0.308 -1.113 -1.631 -1.711
0.0084736 -0.25 9.60746 1.274659634 2.516482238 1.238 1.787 3.6887 2.45 4 0 0.403 0 0 0 0 0 -1 -1e-30 0 0.7043 0.287 0.001132 0.0008356 0.003748 -1 0.008613 0.302 -1.119 -1.637 -1.718
0.0084736 -0.25 9.60746 1.274942637 2.516516131 1.238 1.79 3.6885 2.447 4 0 0.403 0 0 0 0 0 -1 -1e-30 0 0.7044 0.287 0.001131 0.0008358 0.003748 -1 0.008612 0.295 -1.127 -1.646 -1.727
0.0084736 -0.25 9.60746 1.275226712 2.516550134 1.238 1.793 3.6882 2.442 4 0 0.403 0 0 0 0 0 -1 -1e-30 0 0.7044 0.287 0.001131 0.0008359 0.003748 -1 0.008612 0.286 -1.137 -1.656 -1.737
0.0084736 -0.25 9.60746 1.275507569 2.516583735 1.239 1.797 3.6879 2.437 4 0 0.402 0 0 0 0 0 -1 -1e-30 0 0.7044 0.287 0.001131 0.0008361 0.003748 -1 0.008612 0.276 -1.147 -1.668 -1.75
0.0084736 -0.25 9.60746 1.275786161 2.516617049 1.239 1.802 3.6875 2.431 4 0 0.402 0 0 0 0 0 -1 -1e-30 0 0.7044 0.287 0.001131 0.0008362 0.003748 -1 0.008612 0.266 -1.16 -1.681 -1.763
0.0084736 -0.25 9.60746 1.276065469 2.516650431 1.239 1.807 3.687 2.424 4 0 0.402 0 0 0 0 0 -1 -1e-30 0 0.7044 0.287 0.001131 0.0008364 0.003748 -1 0.008611 0.251 -1.176 -1.699 -1.781
0.0084736 -0.25 9.60746 1.276343584 2.516683654 1.239 1.814 3.6864 2.415 4 0 0.402 0 0 0 0 0 -1 -1e-30 0 0.7044 0.287 0.001131 0.0008366 0.003748 -1 0.008611 0.235 -1.194 -1.719 -1.802
0.0084736 -0.25 9.60746 1.276621699 2.51671686 1.24 1.817 3.6862 2.411 4 0 0.402 0 0 0 0 0 -1 -1e-30 0 0.7044 0.287 0.001131 0.0008367 0.003748 -1 0.008611 0.227 -1.203 -1.728 -1.811
0.0084736 -0.25 9.60746 1.276903391 2.516750476 1.24 1.825 3.6855 2.401 4 0 0.402 0 0 0 0 0 -1 -1e-30 0 0.7044 0.287 0.00113 0.0008369 0.003748 -1 0.008611 0.208 -1.224 -1.752 -1.835
0.0084736 -0.25 9.60746 1.277190089 2.516784673 1.24 1.846 3.6833 2.371 4 0 0.402 0 0 0 0 0 -1 -1e-30 0 0.7044 0.287 0.00113 0.000837 0.003748 -1 0.00861 0.156 -1.284 -1.817 -1.902
0.0084736 -0.25 9.60746 1.277463913 2.516817317 1.241 1.884 3.6796 2.319 4 0 0.402 0 0 0 0 0 -1 -1e-30 0 0.7044 0.287 0.00113 0.0008372 0.003748 -1 0.00861 0.061 -1.391 -1.936 -2.023
0.0084736 -0.25 9.60746 1.277592421 2.516832631 1.241 1.921 3.676 2.266 4 0 0.402 0 0 0 0 0 -1 -1e-30 0 0.7044 0.287 0.00113 0.0008373 0.003748 -1 0.00861 -0.033 -1.498 -2.054 -2.143
0.0084736 -0.25 9.60746 1.277656317 2.516840245 1.241 1.959 3.6725 2.214 4 0 0.402 0 0 0 0 0 -1 -1e-30 0 0.7044 0.287 0.00113 0.0008373 0.003748 -1 0.00861 -0.128 -1.604 -2.171 -2.262
0.0084736 -0.25 9.60746 1.27768743 2.516843952 1.241 1.998 3.6689 2.162 4 0 0.402 0 0 0 0 0 -1 -1e-30 0 0.7044 0.287 0.00113 0.0008373 0.003748 -1 0.00861 -0.225 -1.712 -2.289 -2.383
0.0084736 -0.25 9.60746 1.277703047 2.516845812 1.241 2.036 3.6655 2.109 4 0 0.402 0 0 0 0 0 -1 -1e-30 0 0.7044 0.287 0.00113 0.0008373 0.003748 -1 0.00861 -0.321 -1.819 -2.407 -2.503
0.0084736 -0.25 9.60746 1.277711511 2.516846821 1.241 2.074 3.6622 2.059 4 0 0.402 0 0 0 0 0 -1 -1e-30 0 0.7044 0.287 0.00113 0.0008373 0.003748 -1 0.00861 -0.415 -1.922 -2.521 -2.62
0.0084736 -0.25 9.60746 1.277716875 2.51684746 1.241 2.109 3.6591 2.011 7 0 0.402 0 0 0 0 0 -1 -9.15e-15 0 0.7044 0.2864 0.00113 0.0008373 0.003748 -1 0.009223 -0.503 -2.019 -2.628 -2.729
0.0084736 -0.25 9.60746 1.277719736 2.5168478 1.241 2.133 3.657 1.979 7 0 0.402 0 0 0 0 0 -1 -1.01e-14 0 0.7044 0.2864 0.00113 0.0008373 0.003748 -1 0.009224 -0.563 -2.086 -2.699 -2.802
0.0084736 -0.25 9.60746 1.277724743 2.516848397 1.241 2.176 3.6534 1.921 7 0 0.402 0 0 0 0 0 -1 -1.19e-14 0 0.7044 0.2864 0.00113 0.0008373 0.003748 -1 0.009224 -0.67 -2.203 -2.823 -2.931
0.0084736 -0.25 9.60746 1.277728915 2.516848894 1.241 2.203 3.6511 1.885 7 0 0.402 0 0 0 0 0 -1 -1.31e-14 0 0.7044 0.2864 0.00113 0.0008373 0.003748 -1 0.009224 -0.737 -2.276 -2.9 -3.012
0.0084736 -0.25 9.60746 1.277733087 2.516849391 1.241 2.222 3.6494 1.859 7 0 0.402 0 0 0 0 0 -1 -1.39e-14 0 0.7044 0.2864 0.00113 0.0008373 0.003748 -1 0.009224 -0.786 -2.33 -2.957 -3.071
0.0084736 -0.25 9.60746 1.277740121 2.516850229 1.241 2.231 3.6487 1.848 7 0 0.402 0 0 0 0 0 -1 -1.39e-14 0 0.7044 0.2864 0.00113 0.0008373 0.003748 -1 0.009224 -0.807 -2.352 -2.98 -3.095
0.0084736 -0.25 9.60746 1.277749181 2.516851308 1.241 2.202 3.6512 1.887 7 0 0.402 0 0 0 0 0 -1 -1.25e-14 0 0.7044 0.2864 0.00113 0.0008373 0.003748 -1 0.009224 -0.734 -2.273 -2.897 -3.008
0.0084736 -0.25 9.60746 1.27775979 2.516852572 1.241 2.185 3.6527 1.909 7 0 0.402 0 0 0 0 0 -1 -1.21e-14 0 0.7044 0.2864 0.00113 0.0008374 0.003748 -1 0.009224 -0.693 -2.228 -2.849 -2.958
0.0084736 -0.25 9.60746 1.277784824 2.516855554 1.241 2.161 3.6548 1.942 7 0 0.402 0 0 0 0 0 -1 -1.12e-14 0 0.7044 0.2864 0.00113 0.0008374 0.003748 -1 0.009224 -0.632 -2.161 -2.778 -2.885
0.0084736 -0.25 9.60746 1.277923226 2.516872038 1.24 2.169 3.654 1.931 7 0 0.402 0 0 0 0 0 -1 -4.19e-10 0 0.7044 0.2862 0.00113 0.0008374 0.003748 -1 0.0094 -0.652 -2.183 -2.802 -2.91
0.0084736 -0.25 9.60746 1.278048515 2.516886957 1.24 2.205 3.6508 1.881 7 0 0.402 0 0 0 0 0 -1 -5.08e-10 0 0.7044 0.2862 0.00113 0.0008375 0.003748 -1 0.0094 -0.744 -2.283 -2.908 -3.02
0.0084736 -0.25 9.60746 1.278158426 2.516900042 1.24 2.251 3.6469 1.82 7 0 0.402 0 0 0 0 0 -1 -6.46e-10 0 0.7044 0.2862 0.00113 0.0008376 0.003748 -1 0.0094 -0.857 -2.406 -3.039 -3.156
0.0084736 -0.25 9.60746 1.278252482 2.516911237 1.239 2.295 3.6431 1.761 7 0 0.402 0 0 0 0 0 -1 -8.07e-10 0 0.7044 0.2862 0.00113 0.0008376 0.003748 -1 0.009399 -0.967 -2.525 -3.164 -3.288
0.0084736 -0.25 9.60746 1.278331876 2.516920686 1.238 2.337 3.6396 1.704 7 0 0.402 0 0 0 0 0 -1 -1e-09 0 0.7044 0.2862 0.00113 0.0008377 0.003748 -1 0.009399 -1.073 -2.64 -3.286 -3.415
0.0084736 -0.25 9.60746 1.278399706 2.516928757 1.238 2.379 3.636 1.648 7 0 0.402 0 0 0 0 0 -1 -1.24e-09 0 0.7044 0.2862 0.00113 0.0008377 0.003748 -1 0.009399 -1.177 -2.752 -3.404 -3.539
0.0084736 -0.25 9.60746 1.278458238 2.516935721 1.237 2.42 3.6326 1.593 7 0 0.402 0 0 0 0 0 -1 -1.52e-09 0 0.7044 0.2862 0.00113 0.0008377 0.003748 -1 0.009399 -1.279 -2.86 -3.519 -3.661
0.0084736 -0.25 9.60746 1.278509259 2.516941791 1.236 2.46 3.6292 1.539 7 0 0.402 0 0 0 0 0 -1 -1.87e-09 0 0.7044 0.2862 0.00113 0.0008378 0.003748 -1 0.009399 -1.379 -2.968 -3.632 -3.78
0.0084736 -0.25 9.60746 1.278555036 2.516947237 1.235 2.5 3.6258 1.485 7 0 0.402 0 0 0 0 0 -1 -2.28e-09 0 0.7044 0.2862 0.00113 0.0008378 0.003748 -1 0.009373 -1.479 -3.074 -3.746 -3.9
0.0084736 -0.25 9.60746 1.27859664 2.516952185 1.234 2.54 3.6223 1.431 7 0 0.402 9.07 6.76 4.8 3.67 2.98 4 -2.79e-09 0 0.7044 0.2862 0.00113 0.0008379 0.003748 -1 0.009336 -1.58 -3.183 -3.865 -4.024
0.0084736 -0.25 9.60746 1.278634787 2.516956722 1.233 2.58 3.6179 1.373 7 0 0.402 10.22 7.51 5.31 4.06 3.3 4 -3.42e-09 0 0.7044 0.2862 0.00113 0.0008379 0.003748 -1 0.009334 -1.68 -3.293 -3.989 -4.154
0.0084736 -0.25 9.60746 1.278670549 2.516960976 1.232 2.62 3.6121 1.309 7 0 0.402 11.65 8.43 5.93 4.54 3.69 4 -4.19e-09 0 0.7044 0.2862 0.001129 0.0008382 0.003748 -1 0.009334 -1.781 -3.405 -4.121 -4.294
0.0084736 -0.25 9.60746 1.278703451 2.516964889 1.231 2.66 3.6087 1.254 7 0 0.401 13.02 9.3 6.51 4.99 4.06 4 -5.1e-09 0 0.7044 0.2862 0.001128 0.0008391 0.003748 -1 0.00933 -1.881 -3.512 -4.238 -4.416
0.0084736 -0.25 9.60746 1.278734803 2.516968617 1.229 2.7 3.6052 1.2 7 0 0.4 14.54 10.25 7.15 5.49 4.46 4 -6.22e-09 0 0.7044 0.2862 0.001125 0.0008417 0.003748 -1 0.00933 -1.98 -3.619 -4.355 -4.539
0.0084736 -0.25 9.60746 1.278764009 2.51697209 1.227 2.74 3.6018 1.146 7 0 0.399 16.26 11.3 7.85 6.03 4.9 3 -7.54e-09 0 0.7044 0.2863 0.001122 0.0008458 0.003748 -1 0.009307 -2.08 -3.726 -4.473 -4.661
0.0084736 -0.25 9.60746 1.278791904 2.516975407 1.225 2.779 3.5984 1.092 7 0 0.398 18.14 12.45 8.6 6.62 5.39 3 -9.12e-09 0 0.7044 0.2863 0.001118 0.0008504 0.003748 -1 0.009305 -2.178 -3.83 -4.588 -4.782
0.0084736 -0.25 9.60746 1.278820038 2.516978752 1.222 2.818 3.5948 1.038 7 0 0.396 20.28 13.73 9.45 7.28 5.92 3 -1.11e-08 0 0.7044 0.2863 0.001114 0.0008545 0.003748 -1 0.009311 -2.276 -3.936 -4.704 -4.904
0.0084736 -0.25 9.60746 1.278846502 2.516981898 1.219 2.857 3.5912 0.983 7 0 0.395 22.66 15.14 10.37 8.01 6.51 3 -1.33e-08 0 0.7044 0.2863 0.001112 0.0008579 0.003748 -1 0.009311 -2.373 -4.04 -4.819 -5.025
0.0084736 -0.25 9.60746 1.278867245 2.516984364 1.216 2.894 3.5877 0.931 7 0 0.395 25.22 16.62 11.34 8.77 7.14 3 -1.59e-08 0 0.7044 0.2863 0.00111 0.0008605 0.003748 -1 0.009311 -2.466 -4.14 -4.929 -5.141
0.0084736 -0.25 9.60746 1.278880596 2.516985952 1.214 2.926 3.5847 0.887 7 0 0.394 27.61 18 12.23 9.47 7.71 3 -1.85e-08 0 0.7044 0.2863 0.001108 0.0008628 0.003748 -1 0.009311 -2.545 -4.226 -5.023 -5.24
0.0084736 -0.25 9.60746 1.278891206 2.516987213 1.212 2.956 3.5817 0.844 7 0 0.394 30.15 19.45 13.17 10.21 8.31 3 -2.16e-08 0 0.7044 0.2863 0.001106 0.0008646 0.003748 -1 0.009311 -2.621 -4.308 -5.114 -5.336
0.0084736 -0.25 9.60746 1.278900981 2.516988375 1.21 2.991 3.5783 0.795 7 0 0.393 33.34 21.24 14.33 11.13 9.06 2 -2.53e-08 0 0.7044 0.2863 0.001104 0.0008666 0.003748 -1 0.009311 -2.708 -4.403 -5.218 -5.445
0.0084736 -0.25 9.60746 1.278909802 2.516989424 1.207 3.026 3.5748 0.745 7 0 0.393 36.9 23.22 15.6 12.13 9.88 2 -2.96e-08 0 0.7044 0.2863 0.001103 0.0008683 0.003747 -1 0.009311 -2.794 -4.498 -5.322 -5.555
0.0084736 -0.25 9.60746 1.278918743 2.516990487 1.204 3.064 3.5708 0.69 7 0 0.392 41.33 25.65 17.15 13.36 10.88 2 -3.54e-08 0 0.7044 0.2863 0.001102 0.0008696 0.003747 -1 0.009314 -2.89 -4.602 -5.437 -5.678
0.0084736 -0.25 9.60746 1.278926372 2.516991393 1.202 3.099 3.5671 0.639 7 0 0.392 45.85 28.09 18.71 14.59 11.89 2 -4.14e-08 0 0.7044 0.2863 0.001101 0.0008707 0.003747 -1 0.009315 -2.977 -4.699 -5.542 -5.789
0.0084736 -0.25 9.60746 1.278935194 2.516992442 1.198 3.139 3.5625 0.579 7 0 0.392 51.83 31.28 20.73 16.19 13.2 2 -4.99e-08 0 0.7044 0.2863 0.001101 0.0008715 0.003747 -1 0.009315 -3.078 -4.811 -5.666 -5.92
0.0084736 -0.25 9.60746 1.278944492 2.516993547 1.192 3.181 3.5577 0.517 7 0 0.392 58.91 35 23.07 18.06 14.72 2 -6.09e-08 0 0.7044 0.2863 0.0011 0.0008718 0.003747 -1 0.009315 -3.182 -4.928 -5.793 -6.056
0.0084736 -0.25 9.60746 1.278949022 2.516994086 1.19 3.203 3.5551 0.483 7 0 0.391 63.18 37.2 24.46 19.16 15.62 2 -6.77e-08 0 0.7044 0.2863 0.0011 0.0008719 0.003747 -1 0.009315 -3.238 -4.991 -5.863 -6.13
0.0084736 -0.25 9.60746 1.278950334 2.516994242 1.189 3.218 3.5533 0.46 7 0 0.391 66.14 38.73 25.41 19.92 16.24 2 -7.23e-08 0 0.7044 0.2863 0.0011 0.000872 0.003747 -1 0.009315 -3.275 -5.034 -5.909 -6.178
0.0084736 -0.25 9.60746 1.27895236 2.516994483 1.187 3.225 3.5524 0.449 7 0 0.391 67.67 39.51 25.91 20.31 16.56 2 -7.47e-08 0 0.7044 0.2863 0.0011 0.0008722 0.003747 -1 0.009309 -3.293 -5.054 -5.931 -6.202
0.0084736 -0.25 9.60746 1.278952479 2.516994497 1.187 3.208 3.5544 0.474 7 0 0.391 64.33 37.79 24.83 19.46 15.86 2 -6.96e-08 0 0.7044 0.2863 0.0011 0.0008722 0.003747 -1 0.009309 -3.251 -5.007 -5.879 -6.147
0.0084736 -0.25 9.60746 1.278952599 2.516994511 1.187 3.236 3.5508 0.431 7 0 0.391 70.18 40.79 26.71 20.95 17.08 2 -7.84e-08 0 0.7044 0.2863 0.001099 0.0008731 0.003747 -1 0.009309 -3.321 -5.087 -5.967 -6.241
0.0084736 -0.25 9.60746 1.278952718 2.516994525 1.187 3.235 3.5512 0.435 7 0 0.391 69.7 40.55 26.55 20.83 16.98 2 -7.77e-08 0 0.7044 0.2863 0.001099 0.0008734 0.003747 -1 0.009309 -3.316 -5.082 -5.961 -6.234
0.0084736 -0.25 9.60746 1.278952837 2.516994539 1.187 3.188 3.5567 0.503 7 0 0.391 60.55 35.84 23.6 18.48 15.06 2 -6.37e-08 0 0.7044 0.2863 0.001099 0.0008734 0.003747 -1 0.009309 -3.201 -4.95 -5.818 -6.082
0.0084736 -0.25 9.60746 1.278953075 2.516994568 1.187 3.182 3.5575 0.513 7 0 0.391 59.34 35.21 23.21 18.17 14.81 2 -6.21e-08 0 0.7044 0.2863 0.001099 0.0008734 0.003747 -1 0.009309 -3.184 -4.931 -5.797 -6.06
0.0084736 -0.25 9.60746 1.278953552 2.516994624 1.186 3.17 3.5587 0.528 7 0 0.391 57.43 34.21 22.58 17.67 14.4 2 -5.91e-08 0 0.7044 0.2863 0.001099 0.0008735 0.003747 -1 0.009309 -3.156 -4.899 -5.763 -6.024
0.0084736 -0.25 9.60746 1.278954148 2.516994695 1.186 3.143 3.5618 0.568 7 0 0.391 52.87 31.83 21.07 16.47 13.42 2 -5.25e-08 0 0.7044 0.2863 0.001099 0.0008735 0.003747 -1 0.009309 -3.087 -4.822 -5.679 -5.934
0.0084736 -0.25 9.60746 1.278954625 2.516994752 1.186 3.167 3.559 0.533 7 0 0.391 56.92 33.95 22.41 17.53 14.29 2 -5.86e-08 0 0.7044 0.2863 0.001099 0.0008735 0.003747 -1 0.009309 -3.148 -4.891 -5.754 -6.014
0.0084736 -0.25 9.60746 1.278955221 2.516994823 1.185 3.189 3.5565 0.501 7 0 0.391 60.82 35.98 23.69 18.55 15.12 2 -6.43e-08 0 0.7044 0.2863 0.001099 0.0008735 0.003747 -1 0.009309 -3.203 -4.952 -5.821 -6.085
0.0084736 -0.25 9.60746 1.278955936 2.516994908 1.185 3.215 3.5535 0.463 7 0 0.391 65.76 38.53 25.29 19.82 16.16 2 -7.22e-08 0 0.7044 0.2863 0.001099 0.0008735 0.003747 -1 0.009309 -3.268 -5.026 -5.9 -6.17
0.0084736 -0.25 9.60746 1.278956533 2.516994979 1.184 3.238 3.5507 0.428 7 0 0.391 70.61 41.01 26.84 21.06 17.17 2 -7.99e-08 0 0.7044 0.2863 0.001099 0.0008735 0.003747 -1 0.009309 -3.326 -5.092 -5.972 -6.246
0.0084736 -0.25 9.60746 1.278957486 2.516995092 1.184 3.264 3.5474 0.388 7 0 0.391 76.63 44.05 28.74 22.57 18.41 2 -8.91e-08 0 0.7044 0.2863 0.001099 0.0008736 0.003747 -1 0.00932 -3.391 -5.168 -6.054 -6.334
0.0084736 -0.25 9.60746 1.278958798 2.516995248 1.182 3.301 3.5429 0.334 7 0.53 0.391 85.76 48.62 31.58 24.84 20.26 2 -1.04e-07 0 0.7044 0.2863 0.001099 0.000874 0.003747 -1 0.009334 -3.482 -5.272 -6.166 -6.454
0.0084736 -0.25 9.60746 1.278960586 2.51699546 1.18 3.338 3.5382 0.276 7 0.529 0.391 96.51 53.91 34.85 27.46 22.4 1 -1.24e-07 0 0.7044 0.2863 0.001098 0.0008747 0.003747 -1 0.009334 -3.576 -5.381 -6.283 -6.58
0.0084736 -0.25 9.60746 1.278960705 2.516995474 1.18 3.338 3.5382 0.276 8 0.529 0.411 96.52 53.91 34.85 27.46 22.4 1 -1.24e-07 0 0.7044 0.287 0.001157 0.0008756 0.003756 -1 0.008574 -3.576 -5.381 -6.283 -6.58
0.0084736 -0.25 9.60746 1.278960824 2.516995489 1.179 3.097 3.5658 0.628 8 0.529 0.411 46.7 28.54 18.98 14.82 12.07 2 -4.38e-08 0 0.7044 0.287 0.001157 0.0008756 0.003756 -1 0.008574 -2.972 -4.697 -5.544 -5.793
0.0084736 -0.25 9.60746 1.278961062 2.516995517 1.179 2.993 3.5778 0.78 8 0.529 0.411 34.14 21.69 14.61 11.36 9.24 2 -2.76e-08 0 0.7044 0.287 0.001157 0.0008756 0.003756 -1 0.008574 -2.712 -4.409 -5.225 -5.454
0.0084736 -0.25 9.60746 1.278961539 2.516995574 1.178 2.802 3.5997 1.058 8 0.529 0.411 19.24 13.12 9.04 6.97 5.67 3 -1.15e-08 0 0.7044 0.287 0.001157 0.0008756 0.003756 -1 0.008574 -2.236 -3.887 -4.638 -4.832
0.0084736 -0.25 9.60746 1.278962135 2.516995645 1.177 2.818 3.5977 1.033 8 0.53 0.411 20.23 13.72 9.43 7.28 5.92 3 -1.25e-08 0 0.7044 0.287 0.001157 0.0008756 0.003756 -1 0.008574 -2.276 -3.931 -4.689 -4.886
0.0084736 -0.25 9.60746 1.27896297 2.516995744 1.176 2.934 3.584 0.862 8 0.53 0.411 28.78 18.67 12.66 9.82 7.99 3 -2.13e-08 0 0.7044 0.287 0.001157 0.0008756 0.003756 -1 0.008574 -2.566 -4.249 -5.047 -5.266
0.0084736 -0.25 9.60746 1.278963924 2.516995857 1.175 3.096 3.565 0.624 8 0.53 0.411 47.05 28.72 19.1 14.91 12.15 2 -4.42e-08 0 0.7044 0.287 0.001157 0.0008756 0.003756 -1 0.008574 -2.97 -4.697 -5.546 -5.796
0.0084736 -0.25 9.60746 1.278965235 2.516996013 1.173 3.236 3.5484 0.417 8 0.53 0.411 72.06 41.72 27.28 21.42 17.46 2 -8.14e-08 0 0.7044 0.287 0.001157 0.0008756 0.003756 -1 0.008574 -3.32 -5.093 -5.978 -6.255
0.0084736 -0.25 9.60746 1.278966665 2.516996183 1.171 3.33 3.5372 0.278 8 0.53 0.411 96.08 53.68 34.7 27.34 22.31 1 -1.22e-07 0 0.7044 0.287 0.001157 0.0008756 0.003756 -1 0.008574 -3.554 -5.363 -6.266 -6.564
0.0084736 -0.25 9.60746 1.278968215 2.516996367 1.169 3.382 3.5306 0.198 8 0.531 0.411 113.19 61.95 39.79 31.42 25.64 1 -1.53e-07 0 0.7044 0.287 0.001157 0.0008756 0.003756 -1 0.008574 -3.686 -5.516 -6.429 -6.738
0.0084736 -0.25 9.60746 1.278970122 2.516996594 1.166 3.41 3.5268 0.154 8 0.531 0.411 123.96 67.07 42.92 33.94 27.7 1 -1.73e-07 0 0.7044 0.287 0.001157 0.0008756 0.003756 -1 0.008574 -3.756 -5.599 -6.516 -6.833
0.0084736 -0.25 9.60746 1.278972149 2.516996835 1.163 3.43 3.524 0.122 8 0.531 0.411 132.31 70.99 45.31 35.86 29.28 1 -1.89e-07 0 0.7044 0.287 0.001157 0.0008756 0.003756 -1 0.008574 -3.805 -5.657 -6.577 -6.9
0.0084736 -0.25 9.60746 1.278972268 2.516996849 1.163 3.253 3.5445 0.381 8 0.531 0.411 77.52 44.46 28.98 22.78 18.58 2 -8.95e-08 0 0.7044 0.287 0.001157 0.0008756 0.003756 -1 0.008574 -3.362 -5.147 -6.039 -6.323
0.0084736 -0.25 9.60746 1.278972506 2.516996877 1.162 3.09 3.5633 0.618 8 0.531 0.411 47.45 28.93 19.23 15.02 12.23 2 -4.43e-08 0 0.7044 0.287 0.001157 0.0008756 0.003756 -1 0.008574 -2.955 -4.686 -5.54 -5.792
0.0084736 -0.25 9.60746 1.278973103 2.516996948 1.162 2.898 3.5855 0.899 8 0.532 0.411 26.57 17.41 11.84 9.18 7.47 3 -1.88e-08 0 0.7044 0.287 0.001157 0.0008756 0.003756 -1 0.008574 -2.475 -4.154 -4.949 -5.165
0.0084736 -0.25 9.60746 1.278973818 2.516997033 1.16 2.911 3.5839 0.879 8 0.532 0.411 27.71 18.07 12.26 9.51 7.74 3 -2e-08 0 0.7044 0.287 0.001157 0.0008756 0.003756 -1 0.008574 -2.509 -4.191 -4.991 -5.209
0.0084736 -0.25 9.60746 1.278974771 2.516997147 1.159 3.022 3.5708 0.715 8 0.532 0.411 38.83 24.27 16.26 12.67 10.31 2 -3.32e-08 0 0.7044 0.287 0.001157 0.0008756 0.003756 -1 0.008574 -2.786 -4.497 -5.333 -5.573
0.0084736 -0.25 9.60746 1.278975964 2.516997288 1.157 3.178 3.5526 0.486 8 0.532 0.411 62.27 36.69 24.12 18.91 15.41 2 -6.58e-08 0 0.7044 0.287 0.001157 0.0008756 0.003756 -1 0.008574 -3.174 -4.933 -5.811 -6.081
0.0084736 -0.25 9.60746 1.278977394 2.516997458 1.154 3.31 3.5369 0.29 8 0.533 0.411 93.36 52.29 33.83 26.67 21.75 1 -1.17e-07 0 0.7044 0.287 0.001157 0.0008756 0.003756 -1 0.008574 -3.505 -5.314 -6.219 -6.517
0.0084736 -0.25 9.60746 1.278978944 2.516997642 1.151 3.396 3.5266 0.161 8 0.533 0.411 121.72 65.94 42.22 33.39 27.25 1 -1.69e-07 0 0.7044 0.287 0.001157 0.0008756 0.003756 -1 0.008574 -3.721 -5.564 -6.482 -6.799
0.0084736 -0.25 9.60746 1.278980851 2.516997869 1.148 3.441 3.5211 0.093 8 0.533 0.411 139.99 74.5 47.43 37.59 30.69 1 -2.05e-07 0 0.7044 0.287 0.001157 0.0008756 0.003756 -1 0.008574 -3.832 -5.694 -6.618 -6.946
0.0084736 -0.25 9.60746 1.278982997 2.516998124 1.145 3.461 3.5185 0.062 8 0.534 0.411 149.36 78.81 50.05 39.7 32.41 1 -2.25e-07 0 0.7044 0.287 0.001157 0.0008756 0.003756 -1 0.008574 -3.882 -5.753 -6.679 -7.012
0.0084736 -0.25 9.60746 1.278985381 2.516998408 1.141 3.471 3.517 0.044 8 0.534 0.411 154.84 81.31 51.56 40.92 33.41 1 -2.37e-07 0 0.7044 0.287 0.001157 0.0008756 0.003756 -1 0.008574 -3.908 -5.784 -6.71 -7.047
0.0084736 -0.25 9.60746 1.2789855 2.516998422 1.14 3.303 3.5369 0.292 8 0.534 0.411 92.76 51.95 33.61 26.5 21.62 1 -1.17e-07 0 0.7044 0.287 0.001157 0.0008756 0.003756 -1 0.008574 -3.487 -5.296 -6.201 -6.498
0.0084736 -0.25 9.60746 1.278985858 2.516998464 1.139 3.141 3.556 0.529 8 0.535 0.411 56.76 33.82 22.31 17.48 14.24 2 -5.89e-08 0 0.7044 0.287 0.001157 0.0008756 0.003756 -1 0.008574 -3.083 -4.834 -5.705 -5.969
0.0084736 -0.25 9.60746 1.278986335 2.516998521 1.138 2.949 3.5787 0.812 8 0.535 0.411 31.65 20.29 13.7 10.65 8.67 2 -2.53e-08 0 0.7044 0.287 0.001157 0.0008756 0.003756 -1 0.008574 -2.604 -4.297 -5.112 -5.339
0.0084736 -0.25 9.60746 1.278987169 2.51699862 1.136 2.963 3.577 0.791 8 0.535 0.411 33.02 21.06 14.19 11.04 8.99 2 -2.7e-08 0 0.7044 0.287 0.001157 0.0008756 0.003756 -1 0.008574 -2.637 -4.335 -5.154 -5.383
0.0084736 -0.25 9.60746 1.278988242 2.516998748 1.134 3.072 3.564 0.629 8 0.535 0.411 46.15 28.22 18.76 14.66 11.94 2 -4.41e-08 0 0.7044 0.287 0.001157 0.0008756 0.003756 -1 0.008574 -2.91 -4.639 -5.491 -5.742
0.0084736 -0.25 9.60746 1.278989553 2.516998904 1.131 3.224 3.5457 0.403 8 0.536 0.411 73.6 42.42 27.7 21.78 17.75 2 -8.58e-08 0 0.7044 0.287 0.001157 0.0008756 0.003756 -1 0.008574 -3.289 -5.07 -5.961 -6.242
0.0084736 -0.25 9.60746 1.278991222 2.516999102 1.128 3.353 3.53 0.209 8 0.536 0.411 109.81 60.16 38.66 30.56 24.93 1 -1.5e-07 0 0.7044 0.287 0.001157 0.0008756 0.003756 -1 0.008574 -3.613 -5.445 -6.359 -6.669
0.0084736 -0.25 9.60746 1.278993011 2.516999314 1.124 3.437 3.5196 0.082 8 0.537 0.411 142.64 75.58 48.07 38.13 31.12 1 -2.15e-07 0 0.7044 0.287 0.001157 0.0008756 0.003756 -1 0.008574 -3.822 -5.689 -6.614 -6.945
0.0084736 -0.25 9.60746 1.278995156 2.516999569 1.119 3.48 3.5142 0.016 8 0.537 0.411 163.68 85.19 53.89 42.83 34.97 1 -2.6e-07 0 0.7044 0.287 0.001157 0.0008756 0.003756 -1 0.008574 -3.93 -5.816 -6.745 -7.087
0.0084736 -0.25 9.60746 1.278997541 2.516999853 1.114 3.499 3.5116 -0.015 8 0.538 0.411 174.43 90.01 56.79 45.18 36.89 1 -2.85e-07 0 0.7044 0.287 0.001157 0.0008756 0.003756 -1 0.008574 -3.977 -5.872 -6.802 -7.151
0.0084736 -0.25 9.60746 1.279000163 2.517000165 1.109 3.508 3.5102 -0.033 8 0.539 0.411 180.69 92.77 58.44 46.52 37.99 1 -3e-07 0 0.7044 0.287 0.001157 0.0008756 0.003756 -1 0.008574 -4.001 -5.901 -6.832 -7.183
0.0084736 -0.25 9.60746 1.279000282 2.517000179 1.108 3.352 3.5293 0.2 8 0.539 0.411 111.5 60.88 39.09 30.92 25.22 1 -1.57e-07 0 0.7044 0.287 0.001157 0.0008756 0.003756 -1 0.008574 -3.609 -5.443 -6.358 -6.67
0.0084736 -0.25 9.60746 1.27900064 2.517000221 1.107 3.192 3.5487 0.437 8 0.539 0.411 68.25 39.67 25.96 20.41 16.63 2 -8.01e-08 0 0.7044 0.287 0.001157 0.0008756 0.003756 -1 0.008574 -3.21 -4.982 -5.867 -6.144
0.0084736 -0.25 9.60746 1.279001236 2.517000292 1.106 3.001 3.572 0.721 8 0.539 0.411 37.9 23.74 15.9 12.41 10.1 2 -3.49e-08 0 0.7044 0.287 0.001157 0.0008756 0.003756 -1 0.008574 -2.732 -4.442 -5.274 -5.512
0.0084736 -0.25 9.60746 1.27900207 2.517000391 1.103 3.015 3.5702 0.699 8 0.539 0.411 39.63 24.68 16.5 12.89 10.49 2 -3.74e-08 0 0.7044 0.287 0.001157 0.0008756 0.003756 -1 0.008574 -2.767 -4.48 -5.317 -5.558
0.0084736 -0.25 9.60746 1.279003263 2.517000533 1.1 3.122 3.5569 0.537 8 0.54 0.411 55.32 33.02 21.79 17.08 13.91 2 -6.03e-08 0 0.7044 0.287 0.001157 0.0008756 0.003756 -1 0.008574 -3.034 -4.782 -5.65 -5.913
0.0084736 -0.25 9.60746 1.279004574 2.517000689 1.096 3.27 3.5385 0.314 8 0.54 0.411 87.87 49.42 32.02 25.26 20.6 1 -1.15e-07 0 0.7044 0.287 0.001157 0.0008756 0.003756 -1 0.008574 -3.404 -5.208 -6.111 -6.406
0.0084736 -0.25 9.60746 1.279006243 2.517000887 1.091 3.396 3.5225 0.122 8 0.541 0.411 130.74 69.85 44.55 35.34 28.83 1 -1.98e-07 0 0.7044 0.287 0.001157 0.0008756 0.003756 -1 0.008574 -3.72 -5.577 -6.499 -6.824
0.0084736 -0.25 9.60746 1.279008269 2.517001128 1.086 3.478 3.512 -0.005 8 0.541 0.411 169.8 87.68 55.35 44.05 35.96 1 -2.82e-07 0 0.7044 0.287 0.001157 0.0008756 0.003756 -1 0.008574 -3.925 -5.818 -6.749 -7.096
0.0084736 -0.25 9.60746 1.279010415 2.517001383 1.079 3.521 3.5062 -0.073 8 0.542 0.411 192.93 98.98 62.14 49.56 40.47 1 -3.41e-07 0 0.7044 0.287 0.001157 0.0008756 0.003756 -1 0.008574 -4.032 -5.946 -6.879 -7.237
0.0084736 -0.25 9.60746 1.279013038 2.517001695 1.072 3.54 3.5034 -0.106 8 0.543 0.411 202.45 104.95 65.7 52.46 42.84 1 -3.76e-07 0 0.7044 0.287 0.001157 0.0008756 0.003756 -1 0.008574 -4.079 -6.003 -6.938 -7.303
0.0084736 -0.25 9.60746 1.279015779 2.517002021 1.065 3.55 3.5016 -0.126 8 0.544 0.411 208.28 108.69 67.92 54.28 44.32 1 -4e-07 0 0.7044 0.287 0.001157 0.0008756 0.003756 -1 0.008574 -4.105 -6.035 -6.971 -7.339
0.0084736 -0.25 9.60746 1.279015899 2.517002035 1.064 3.407 3.5197 0.089 8 0.544 0.411 139.4 73.68 46.85 37.23 30.37 1 -2.23e-07 0 0.7044 0.287 0.001157 0.0008756 0.003756 -1 0.008574 -3.747 -5.614 -6.539 -6.869
0.0084736 -0.25 9.60746 1.279016256 2.517002077 1.062 3.25 3.5395 0.325 8 0.544 0.411 85.35 48.07 31.16 24.61 20.05 1 -1.16e-07 0 0.7044 0.287 0.001157 0.0008756 0.003756 -1 0.008574 -3.354 -5.154 -6.055 -6.348
0.0084736 -0.25 9.60746 1.279016852 2.517002148 1.06 3.059 3.5635 0.61 8 0.544 0.411 47.13 28.67 19.03 14.91 12.14 2 -5.15e-08 0 0.7044 0.287 0.001157 0.0008756 0.003756 -1 0.008574 -2.878 -4.608 -5.461 -5.713
0.0084736 -0.25 9.60746 1.279017806 2.517002262 1.056 3.073 3.5616 0.587 8 0.544 0.411 49.39 29.86 19.77 15.51 12.62 2 -5.52e-08 0 0.7044 0.287 0.001157 0.0008756 0.003756 -1 0.008574 -2.912 -4.647 -5.505 -5.76
0.0084736 -0.25 9.60746 1.279018879 2.517002389 1.052 3.177 3.5481 0.427 8 0.545 0.411 68.81 39.84 26.04 20.51 16.71 2 -8.78e-08 0 0.7044 0.287 0.001157 0.0008756 0.003756 -1 0.008574 -3.172 -4.946 -5.832 -6.11
0.0084736 -0.25 9.60746 1.279020429 2.517002573 1.046 3.32 3.5294 0.207 8 0.545 0.411 108.71 59.26 38.04 30.15 24.58 1 -1.64e-07 0 0.7044 0.287 0.001157 0.0008756 0.003756 -1 0.008574 -3.531 -5.364 -6.279 -6.591
0.0084736 -0.25 9.60746 1.279022098 2.517002772 1.039 3.442 3.5132 0.017 8 0.546 0.411 161.1 83.35 52.68 41.97 34.25 1 -2.77e-07 0 0.7044 0.287 0.001157 0.0008756 0.003756 -1 0.008574 -3.836 -5.725 -6.655 -6.999
0.0084736 -0.25 9.60746 1.279024124 2.517003012 1.031 3.522 3.5025 -0.108 8 0.547 0.411 200.36 104.4 65.31 52.22 42.63 1 -3.91e-07 0 0.7044 0.287 0.001157 0.0008756 0.003756 -1 0.008574 -4.034 -5.961 -6.897 -7.263
0.0084736 -0.25 9.60746 1.279026389 2.517003282 1.022 3.563 3.4965 -0.177 8 0.548 0.411 221.83 117.94 73.37 58.78 48 1 -4.73e-07 0 0.7044 0.287 0.001157 0.0008757 0.003756 -1 0.008574 -4.137 -6.085 -7.023 -7.4
0.0084736 -0.25 9.60746 1.279029012 2.517003593 1.012 3.581 3.4933 -0.213 8 0.549 0.411 233.32 125.4 77.78 62.4 50.95 1 -5.25e-07 0 0.7044 0.287 0.001157 0.0008757 0.003756 -1 0.008574 -4.183 -6.142 -7.082 -7.465
0.0084736 -0.25 9.60746 1.279031873 2.517003933 1.001 3.591 3.4913 -0.236 8 0.55 0.411 240.81 130.38 80.7 64.81 52.92 1 -5.64e-07 0 0.7044 0.287 0.001157 0.0008757 0.003756 -1 0.008574 -4.208 -6.174 -7.116 -7.502
0.0084736 -0.25 9.60746 1.279031992 2.517003948 1 3.463 3.5081 -0.041 8 0.55 0.411 178.64 91.64 57.63 46.04 37.57 1 -3.37e-07 0 0.7044 0.287 0.001157 0.0008757 0.003756 -1 0.008574 -3.888 -5.795 -6.728 -7.082
0.0084736 -0.25 9.60746 1.27903235 2.51700399 0.998 3.308 3.5284 0.194 8 0.55 0.411 110.58 59.88 38.38 30.48 24.84 1 -1.79e-07 0 0.7044 0.287 0.001157 0.0008757 0.003756 -1 0.008574 -3.501 -5.338 -6.254 -6.567
0.0084736 -0.25 9.60746 1.279032946 2.517004061 0.994 3.119 3.5533 0.482 8 0.55 0.411 60.64 35.57 23.34 18.39 14.97 2 -8.13e-08 0 0.7044 0.287 0.001157 0.0008757 0.003756 -1 0.008574 -3.027 -4.785 -5.661 -5.93
0.0084736 -0.25 9.60746 1.27903378 2.51700416 0.988 3.132 3.5512 0.457 8 0.551 0.411 63.74 37.13 24.31 19.18 15.61 2 -8.78e-08 0 0.7044 0.287 0.001157 0.0008757 0.003756 -1 0.008574 -3.061 -4.825 -5.705 -5.978
0.0084736 -0.25 9.60746 1.279034972 2.517004302 0.981 3.233 3.5373 0.298 8 0.551 0.411 88.83 49.46 31.96 25.32 20.63 1 -1.38e-07 0 0.7044 0.287 0.001157 0.0008757 0.003756 -1 0.008574 -3.313 -5.12 -6.025 -6.322
0.0084736 -0.25 9.60746 1.279036283 2.517004458 0.971 3.371 3.5183 0.079 8 0.552 0.411 139.91 73.2 46.47 37.04 30.2 1 -2.52e-07 0 0.7044 0.287 0.001157 0.0008757 0.003756 -1 0.008574 -3.658 -5.529 -6.455 -6.789
0.0084736 -0.25 9.60746 1.279037952 2.517004656 0.96 3.488 3.5017 -0.109 8 0.552 0.411 195.32 102.6 64.13 51.4 41.94 1 -4.2e-07 0 0.7044 0.287 0.001157 0.0008757 0.003756 -1 0.008574 -3.951 -5.88 -6.816 -7.184
0.0084736 -0.25 9.60746 1.279039979 2.517004897 0.948 3.564 3.4906 -0.235 8 0.553 0.411 235.82 128.45 79.46 63.92 52.18 1 -5.92e-07 0.01 0.7044 0.287 0.001157 0.0008757 0.003756 -1 0.008574 -4.14 -6.108 -7.05 -7.438
0.0084736 -0.25 9.60746 1.279042125 2.517005152 0.933 3.603 3.4843 -0.306 8 0.554 0.411 261.45 145.45 89.45 72.13 58.89 0 -7.24e-07 0.01 0.7044 0.287 0.001157 0.0008757 0.003756 -1 0.008574 -4.238 -6.227 -7.171 -7.568
0.0084736 -0.25 9.60746 1.279044747 2.517005463 0.917 3.621 3.4808 -0.345 8 0.555 0.411 275.73 155.31 95.19 76.89 62.77 0 -8.16e-07 0.01 0.7044 0.287 0.001157 0.0008757 0.003756 -1 0.008574 -4.282 -6.283 -7.227 -7.631
0.0084736 -0.25 9.60746 1.279047489 2.517005789 0.9 3.63 3.4785 -0.372 8 0.557 0.411 285.45 162.3 99.24 80.26 65.52 0 -8.96e-07 0.01 0.7044 0.287 0.001157 0.0008757 0.003756 -1 0.008574 -4.306 -6.313 -7.259 -7.666
0.0084736 -0.25 9.60746 1.279047608 2.517005804 0.899 3.518 3.4942 -0.197 8 0.557 0.411 218.28 118.34 73.39 59.09 48.2 1 -5.76e-07 0.01 0.7044 0.287 0.001157 0.0008757 0.003756 -1 0.008574 -4.025 -5.98 -6.92 -7.301
0.0084736 -0.25 9.60746 1.279047966 2.517005846 0.895 3.366 3.5155 0.038 8 0.557 0.411 150.56 77.23 48.82 39.06 31.83 1 -3.15e-07 0 0.7044 0.287 0.001157 0.0008757 0.003756 -1 0.008574 -3.644 -5.524 -6.453 -6.793
0.0084736 -0.25 9.60746 1.279048443 2.517005903 0.889 3.177 3.542 0.33 8 0.557 0.411 81.42 45.49 29.44 23.38 19.03 1 -1.47e-07 0 0.7044 0.287 0.001157 0.0008757 0.003756 -1 0.008574 -3.172 -4.965 -5.861 -6.151
0.0084736 -0.25 9.60746 1.279049277 2.517006002 0.88 3.19 3.5399 0.304 8 0.557 0.411 85.85 47.56 30.72 24.42 19.87 1 -1.6e-07 0 0.7044 0.287 0.001157 0.0008757 0.003756 -1 0.008574 -3.206 -5.004 -5.904 -6.198
0.0084736 -0.25 9.60746 1.27905035 2.517006129 0.868 3.288 3.5258 0.144 8 0.558 0.411 119.92 63.29 40.34 32.22 26.23 1 -2.51e-07 0 0.7044 0.287 0.001157 0.0008757 0.003756 -1 0.008574 -3.449 -5.295 -6.213 -6.533
0.0084736 -0.25 9.60746 1.279051662 2.517006285 0.854 3.42 3.5064 -0.073 8 0.558 0.411 176.96 93.26 58.39 46.93 38.25 1 -4.53e-07 0 0.7044 0.287 0.001157 0.0008757 0.003756 -1 0.008574 -3.78 -5.692 -6.626 -6.985
0.0084736 -0.25 9.60746 1.279053211 2.517006469 0.838 3.532 3.4897 -0.26 8 0.559 0.411 234.38 130.22 80.29 64.89 52.92 0 -7.54e-07 0.01 0.7044 0.287 0.001157 0.0008757 0.003756 -1 0.008574 -4.061 -6.03 -6.973 -7.364
0.0084736 -0.25 9.60746 1.279055119 2.517006696 0.819 3.605 3.4787 -0.386 8 0.56 0.411 270.35 -1 -1 -1 -1 0 -1.08e-06 0.02 0.7044 0.287 0.001157 0.0008757 0.003756 -1 0.008574 -4.242 -6.245 -7.192 -7.602
0.0084736 -0.25 9.60746 1.279057145 2.517006937 0.798 3.642 3.473 -0.458 8 0.561 0.411 257.92 -1 -1 -1 -1 0 -1.36e-06 0.03 0.7044 0.287 0.001157 0.0008757 0.003756 -1 0.008574 -4.335 -6.353 -7.302 -7.723
0.0084736 -0.25 9.60746 1.279059529 2.51700722 0.775 3.659 3.4705 -0.498 8 0.562 0.411 244.59 -1 -1 -1 -1 0 -1.77e-06 0.04 0.7044 0.287 0.001157 0.0008757 0.003756 -1 0.008574 -4.377 -6.393 -7.347 -7.778
0.0084736 -0.25 9.60746 1.279062152 2.517007532 0.75 3.668 3.4695 -0.525 8 0.563 0.411 230.56 -1 -1 -1 -1 0 -2.16e-06 0.05 0.7044 0.287 0.001157 0.0008757 0.003756 -1 0.008574 -4.399 -6.412 -7.369 -7.806
0.0084736 -0.25 9.60746 1.279072046 2.517008708 0.567 -9.999 4 1.623 9 0.567 0 0 0 0 0 0 -1 -1e-30 0 0.7044 0.287 0.001157 0.0008757 0.003756 -1 0.008574 29.767 30.028 30.05 30.059
