# downloaded from PARSEC/CMD via ezpadova
# component=thin5 family=thin_disk component_index=4 logAge=9.60745502321467 MH=-0.25 photometric_system=roman2021
# Zini MH logAge Mini int_IMF Mass logL logTe logg label McoreTP C_O period0 period1 period2 period3 period4 pmode Mloss tau1m X Y Xc Xn Xo Cexcess Z mbolmag F062mag F087mag F106mag F129mag F158mag F184mag F146mag F213mag SNprismmag Grism_1stOrdermag Grism_0thOrdermag
0.0084736 -0.25 9.60746 0.0900000036 1.081689593 0.09 -3.375 3.3846 5.257 1 0 0.545 0 0 0 0 0 -1 -4.16e-17 0 0.727 0.2645 0.001532 0.0004131 0.003747 -1 0.008515 13.206 16.064 12.731 11.683 11.063 10.677 10.577 11.09 10.339 11.456 10.985 10.684
0.0084736 -0.25 9.60746 0.1000000015 1.171106412 0.1 -3.176 3.4135 5.22 1 0 0.545 0 0 0 0 0 -1 -6.52e-17 0 0.7267 0.2648 0.001532 0.0004131 0.003747 -1 0.008515 12.709 15.558 12.236 11.186 10.568 10.182 10.078 10.594 9.839 10.96 10.489 10.185
0.0084736 -0.25 9.60746 0.1200000048 1.319315474 0.12 -2.911 3.4464 5.166 1 0 0.545 0 0 0 0 0 -1 -1.16e-16 0 0.7263 0.2652 0.001532 0.0004131 0.003747 -1 0.008515 12.048 14.24 11.414 10.538 9.956 9.557 9.427 9.963 9.215 10.314 9.869 9.534
0.0084736 -0.25 9.60746 0.1400000006 1.438452672 0.14 -2.728 3.4657 5.127 1 0 0.545 0 0 0 0 0 -1 -1.72e-16 0 0.726 0.2655 0.001532 0.0004131 0.003747 -1 0.008515 11.59 13.396 10.869 10.095 9.535 9.128 8.987 9.531 8.793 9.871 9.443 9.093
0.0084736 -0.25 9.60746 0.1599999964 1.537293155 0.16 -2.586 3.4793 5.097 1 0 0.545 0 0 0 0 0 -1 -2.31e-16 0 0.7256 0.2659 0.001532 0.0004131 0.003747 -1 0.008515 11.234 12.795 10.462 9.751 9.206 8.795 8.648 9.195 8.466 9.527 9.111 8.753
0.0084736 -0.25 9.60746 0.200000003 1.693879086 0.2 -2.37 3.4975 5.051 1 0 0.545 0 0 0 0 0 -1 -3.58e-16 0 0.7251 0.2664 0.001532 0.0004131 0.003747 -1 0.008515 10.694 11.951 9.869 9.233 8.705 8.29 8.135 8.687 7.972 9.008 8.607 8.239
0.0084736 -0.25 9.60746 0.2254160643 1.773609254 0.225 -2.261 3.5055 5.026 1 0 0.545 0 0 0 0 0 -1 -4.45e-16 0 0.7248 0.2667 0.001532 0.0004131 0.003747 -1 0.008515 10.423 11.568 9.58 8.972 8.452 8.035 7.877 8.43 7.721 8.747 8.351 7.981
0.0084736 -0.25 9.60746 0.25 1.8403258 0.25 -2.167 3.5124 5.005 1 0 0.545 0 0 0 0 0 -1 -5.38e-16 0 0.7245 0.2669 0.001532 0.0004131 0.003747 -1 0.008515 10.188 11.242 9.333 8.746 8.232 7.814 7.654 8.208 7.504 8.521 8.131 7.756
0.0084736 -0.25 9.60746 0.3000000119 1.952913977 0.3 -2.006 3.5229 4.965 1 0 0.545 0 0 0 0 0 -1 -7.44e-16 0 0.7241 0.2673 0.001531 0.0004131 0.003747 -1 0.008516 9.785 10.712 8.914 8.358 7.853 7.43 7.266 7.823 7.126 8.132 7.748 7.368
0.0084736 -0.25 9.60746 0.3109349608 1.974307945 0.311 -1.97 3.5249 4.952 1 0 0.545 0 0 0 0 0 -1 -8.05e-16 0 0.7251 0.2664 0.001531 0.0004131 0.003747 -1 0.008516 9.696 10.601 8.822 8.272 7.767 7.344 7.179 7.737 7.041 8.045 7.662 7.281
0.0084736 -0.25 9.60746 0.3500000536 2.043417562 0.35 -1.849 3.5315 4.909 0 0 0.545 0 0 0 0 0 -1 -1.06e-15 0 0.7273 0.2642 0.001532 0.0004131 0.003747 -1 0.008515 9.393 10.232 8.512 7.979 7.479 7.052 6.884 7.445 6.751 7.751 7.372 6.985
0.0084736 -0.25 9.60746 0.4000000358 2.118502481 0.4 -1.702 3.5426 4.864 1 0 0.545 0 0 0 0 0 -1 -1.46e-15 0 0.7274 0.2641 0.001532 0.0004131 0.003747 -1 0.008515 9.025 9.759 8.135 7.629 7.137 6.704 6.53 7.097 6.407 7.399 7.025 6.63
0.0084736 -0.25 9.60746 0.4488661289 2.180938276 0.449 -1.547 3.5556 4.811 1 0 0.545 0 0 0 0 0 -1 -2.09e-15 0 0.7274 0.2641 0.001532 0.0004131 0.003747 -1 0.008515 8.637 9.255 7.74 7.264 6.78 6.34 6.157 6.732 6.045 7.031 6.663 6.257
0.0084736 -0.25 9.60746 0.4500000179 2.182280936 0.45 -1.543 3.5559 4.81 1 0 0.545 0 0 0 0 0 -1 -2.11e-15 0 0.7274 0.2641 0.001532 0.0004131 0.003747 -1 0.008515 8.628 9.244 7.732 7.256 6.772 6.332 6.149 6.724 6.037 7.023 6.655 6.248
0.0084736 -0.25 9.60746 0.5 2.237454153 0.5 -1.376 3.5731 4.757 1 0 0.545 0 0 0 0 0 -1 -3.12e-15 0 0.7274 0.2641 0.001532 0.0004131 0.003747 -1 0.008515 8.21 8.68 7.312 6.873 6.4 5.95 5.755 6.341 5.66 6.636 6.276 5.854
0.0084736 -0.25 9.60746 0.5497549772 2.283455287 0.549 -1.2 3.595 4.709 1 0 0.545 0 0 0 0 0 -1 -4.73e-15 0 0.7377 0.2541 0.001477 0.0003987 0.003616 -1 0.00821 7.769 8.083 6.876 6.477 6.014 5.55 5.348 5.944 5.275 6.232 5.882 5.447
0.0084736 -0.25 9.60746 0.5500000119 2.283658263 0.55 -1.199 3.5951 4.709 1 0 0.545 0 0 0 0 0 -1 -4.74e-15 0 0.7378 0.254 0.001477 0.0003986 0.003615 -1 0.008209 7.767 8.08 6.874 6.475 6.012 5.548 5.346 5.942 5.273 6.231 5.88 5.445
0.0084736 -0.25 9.60746 0.5845284462 2.310315141 0.584 -1.077 3.6137 4.688 1 0 0.545 0 0 0 0 0 -1 -6.23e-15 0 0.7388 0.253 0.001472 0.0003971 0.003602 -1 0.008189 7.462 7.67 6.576 6.206 5.75 5.275 5.076 5.673 5.023 5.956 5.612 5.174
0.0084736 -0.25 9.60746 0.6000000238 2.321121326 0.6 -1.025 3.6217 4.679 1 0 0.545 0 0 0 0 0 -1 -7.01e-15 0 0.7393 0.2525 0.001469 0.0003964 0.003596 -1 0.008181 7.331 7.497 6.449 6.089 5.636 5.159 4.964 5.558 4.919 5.838 5.497 5.062
0.0084736 -0.25 9.60746 0.6499999762 2.352035311 0.65 -0.852 3.652 4.663 1 0 0.544 0 0 0 0 0 -1 -1.02e-14 0 0.7408 0.2511 0.001462 0.0003945 0.003579 -1 0.008127 6.901 6.909 6.033 5.718 5.283 4.829 4.66 5.217 4.633 5.477 5.157 4.753
0.0084736 -0.25 9.60746 0.6682599187 2.362007744 0.668 -0.792 3.6627 4.658 1 0 0.544 0 0 0 0 0 -1 -1.16e-14 0 0.7414 0.2505 0.001459 0.0003937 0.003573 -1 0.008134 6.75 6.708 5.885 5.588 5.167 4.732 4.573 5.109 4.55 5.358 5.049 4.664
0.0084736 -0.25 9.60746 0.7000001073 2.377926754 0.7 -0.69 3.6808 4.648 1 0 0.544 0 0 0 0 0 -1 -1.45e-14 0 0.7424 0.2495 0.001454 0.0003924 0.003561 -1 0.008098 6.495 6.384 5.636 5.367 4.975 4.58 4.438 4.931 4.418 5.16 4.873 4.524
0.0084736 -0.25 9.60746 0.7150531411 2.384910807 0.715 -0.643 3.6888 4.642 1 0 0.542 0 0 0 0 0 -1 -1.61e-14 0 0.743 0.2489 0.001445 0.0003915 0.003554 -1 0.008046 6.378 6.242 5.523 5.266 4.887 4.509 4.375 4.849 4.355 5.069 4.792 4.458
0.0084736 -0.25 9.60746 0.75 2.399888909 0.75 -0.537 3.7067 4.629 1 0 0.537 0 0 0 0 0 -1 -2.04e-14 0 0.7444 0.2476 0.001426 0.0003895 0.003539 -1 0.007984 6.112 5.932 5.273 5.042 4.692 4.351 4.232 4.665 4.214 4.866 4.61 4.31
0.0084736 -0.25 9.60746 0.7777872086 2.41070028 0.778 -0.456 3.719 4.612 1 0 0.537 0 0 0 0 0 -1 -2.46e-14 0 0.7458 0.2462 0.001419 0.0003876 0.003522 -1 0.007989 5.909 5.705 5.084 4.87 4.539 4.222 4.114 4.52 4.097 4.708 4.466 4.188
0.0084736 -0.25 9.60746 0.7983130813 2.41813305 0.798 -0.397 3.7278 4.6 1 0 0.537 0 0 0 0 0 -1 -2.82e-14 0 0.7468 0.2452 0.001413 0.0003863 0.00351 -1 0.008002 5.762 5.545 4.948 4.747 4.43 4.129 4.028 4.414 4.011 4.594 4.362 4.099
0.0084736 -0.25 9.60746 0.8217169046 2.426089094 0.821 -0.331 3.7371 4.583 1 0 0.537 0 0 0 0 0 -1 -3.3e-14 0 0.7483 0.2437 0.001406 0.0003843 0.003493 -1 0.007959 5.597 5.368 4.797 4.608 4.305 4.021 3.928 4.294 3.911 4.464 4.243 3.996
0.0084736 -0.25 9.60746 0.8466261625 2.434003634 0.846 -0.261 3.7466 4.565 1 0 0.537 0 0 0 0 0 -1 -3.9e-14 0 0.75 0.2421 0.001398 0.0003822 0.003474 -1 0.007916 5.423 5.187 4.643 4.466 4.176 3.907 3.822 4.169 3.807 4.33 4.12 3.887
0.0084736 -0.25 9.60746 0.8491377234 2.434772062 0.849 -0.254 3.7475 4.563 1 0 0.537 0 0 0 0 0 -1 -3.96e-14 0 0.7502 0.2419 0.001397 0.0003819 0.003472 -1 0.007911 5.406 5.17 4.628 4.452 4.163 3.896 3.811 4.156 3.796 4.316 4.107 3.876
0.0084736 -0.25 9.60746 0.8860567212 2.445492107 0.885 -0.153 3.76 4.53 1 0 0.537 0 0 0 0 0 -1 -5.08e-14 0 0.7534 0.2388 0.001382 0.0003777 0.003433 -1 0.007794 5.153 4.913 4.403 4.242 3.971 3.723 3.648 3.968 3.634 4.117 3.921 3.709
0.0084736 -0.25 9.60746 0.8949391842 2.447919953 0.894 -0.129 3.763 4.522 1 0 0.536 0 0 0 0 0 -1 -5.4e-14 0 0.7542 0.238 0.001378 0.0003766 0.003424 -1 0.007769 5.092 4.853 4.351 4.193 3.925 3.681 3.609 3.923 3.595 4.069 3.876 3.669
0.0084736 -0.25 9.60746 0.8954451084 2.448056571 0.895 -0.128 3.7631 4.522 1 0 0.536 0 0 0 0 0 -1 -5.41e-14 0 0.7543 0.2379 0.001377 0.0003766 0.003423 -1 0.007767 5.089 4.849 4.348 4.19 3.922 3.679 3.607 3.921 3.593 4.067 3.874 3.667
0.0084736 -0.25 9.60746 0.9157828689 2.453405082 0.915 -0.072 3.7692 4.5 1 0 0.536 0 0 0 0 0 -1 -6.24e-14 0 0.7568 0.2354 0.001365 0.0003733 0.003394 -1 0.007735 4.951 4.711 4.226 4.074 3.815 3.58 3.512 3.815 3.499 3.956 3.769 3.57
0.0084736 -0.25 9.60746 0.934761703 2.458155558 0.934 -0.021 3.7746 4.48 1 0 0.536 0 0 0 0 0 -1 -7.12e-14 0 0.7594 0.233 0.001353 0.00037 0.003364 -1 0.007659 4.822 4.585 4.114 3.968 3.716 3.489 3.425 3.718 3.413 3.854 3.672 3.482
0.0084736 -0.25 9.60746 0.9432522058 2.460209727 0.942 0.002 3.777 4.47 1 0 0.536 0 0 0 0 0 -1 -7.56e-14 0 0.7605 0.2318 0.001347 0.0003685 0.00335 -1 0.007627 4.765 4.528 4.063 3.921 3.671 3.448 3.386 3.674 3.374 3.808 3.629 3.442
0.0084736 -0.25 9.60746 0.9526808262 2.46244159 0.952 0.028 3.7794 4.458 1 0 0.536 0 0 0 0 0 -1 -8.08e-14 0 0.7624 0.2301 0.001338 0.0003661 0.003329 -1 0.007579 4.701 4.465 4.006 3.867 3.62 3.401 3.34 3.623 3.329 3.755 3.579 3.395
0.0084736 -0.25 9.60746 0.9701382518 2.466442565 0.969 0.075 3.7837 4.436 1 0 0.536 0 0 0 0 0 -1 -9.16e-14 0 0.7659 0.2266 0.001321 0.0003614 0.003287 -1 0.007482 4.582 4.349 3.902 3.766 3.526 3.312 3.255 3.53 3.244 3.658 3.486 3.309
0.0084736 -0.25 9.60746 0.9859413505 2.469924236 0.985 0.118 3.7874 4.415 1 0 0.536 0 0 0 0 0 -1 -1.03e-13 0 0.7694 0.2232 0.001304 0.0003568 0.003247 -1 0.007358 4.475 4.244 3.806 3.675 3.439 3.231 3.176 3.444 3.165 3.569 3.401 3.229
0.0084736 -0.25 9.60746 0.9915652275 2.471132517 0.991 0.133 3.7887 4.408 1 0 0.536 0 0 0 0 0 -1 -1.07e-13 0 0.7707 0.2219 0.001298 0.0003551 0.003231 -1 0.007329 4.437 4.206 3.772 3.642 3.408 3.202 3.148 3.413 3.137 3.537 3.371 3.2
0.0084736 -0.25 9.60746 0.9955230951 2.471973452 0.995 0.144 3.7896 4.402 1 0 0.535 0 0 0 0 0 -1 -1.1e-13 0 0.7716 0.2211 0.001294 0.0003541 0.003222 -1 0.007309 4.41 4.18 3.748 3.619 3.386 3.181 3.128 3.392 3.117 3.515 3.349 3.18
0.0084736 -0.25 9.60746 1.011933804 2.475379702 1.011 0.189 3.7931 4.378 1 0 0.535 0 0 0 0 0 -1 -1.22e-13 0 0.7752 0.2176 0.001278 0.0003499 0.003185 -1 0.007241 4.298 4.07 3.647 3.521 3.292 3.092 3.041 3.299 3.031 3.419 3.257 3.092
0.0084736 -0.25 9.60746 1.027486324 2.478492608 1.027 0.231 3.7962 4.355 1 0 0.535 0 0 0 0 0 -1 -1.34e-13 0 0.7786 0.2142 0.001264 0.0003462 0.003152 -1 0.007188 4.192 3.966 3.551 3.428 3.203 3.007 2.958 3.21 2.947 3.328 3.168 3.008
0.0084736 -0.25 9.60746 1.039878368 2.480896429 1.039 0.265 3.7985 4.335 1 0 0.534 0 0 0 0 0 -1 -1.45e-13 0 0.7812 0.2116 0.001253 0.0003433 0.003126 -1 0.007141 4.106 3.882 3.473 3.353 3.13 2.938 2.89 3.138 2.88 3.254 3.097 2.939
0.0084736 -0.25 9.60746 1.049356818 2.482691065 1.048 0.291 3.8003 4.32 1 0 0.534 0 0 0 0 0 -1 -1.54e-13 0 0.7816 0.2112 0.001254 0.0003435 0.003129 -1 0.007137 4.042 3.819 3.414 3.295 3.075 2.885 2.838 3.083 2.828 3.198 3.042 2.887
0.0084736 -0.25 9.60746 1.071279526 2.486702312 1.07 0.351 3.8039 4.284 1 0 0.534 0 0 0 0 0 -1 -1.76e-13 0 0.7822 0.2107 0.001257 0.0003446 0.00314 -1 0.007138 3.893 3.673 3.278 3.162 2.947 2.762 2.717 2.956 2.707 3.067 2.915 2.764
0.0084736 -0.25 9.60746 1.088191509 2.489670066 1.087 0.395 3.8061 4.256 1 0 0.534 0 0 0 0 0 -1 -1.94e-13 0 0.7824 0.2105 0.001262 0.0003459 0.003152 -1 0.007156 3.784 3.565 3.176 3.061 2.849 2.666 2.623 2.858 2.613 2.968 2.818 2.67
0.0084736 -0.25 9.60746 1.088952064 2.489801041 1.088 0.396 3.8062 4.255 1 0 0.534 0 0 0 0 0 -1 -1.95e-13 0 0.7824 0.2105 0.001262 0.000346 0.003153 -1 0.007158 3.779 3.56 3.171 3.057 2.844 2.662 2.619 2.854 2.609 2.964 2.814 2.666
0.0084736 -0.25 9.60746 1.107759356 2.492974168 1.106 0.446 3.8081 4.22 1 0 0.533 0 0 0 0 0 -1 -2.18e-13 0 0.7822 0.2106 0.001264 0.0003465 0.003159 -1 0.007206 3.654 3.436 3.053 2.94 2.73 2.551 2.508 2.74 2.499 2.848 2.7 2.554
0.0084736 -0.25 9.60746 1.123240828 2.495494677 1.122 0.491 3.8097 4.188 1 0 0.533 0 0 0 0 0 -1 -2.42e-13 0 0.7808 0.212 0.001272 0.0003487 0.003178 -1 0.007255 3.542 3.326 2.947 2.835 2.627 2.451 2.409 2.638 2.4 2.745 2.598 2.455
0.0084736 -0.25 9.60746 1.136504412 2.497591403 1.135 0.53 3.8109 4.158 1 0 0.534 0 0 0 0 0 -1 -2.67e-13 0 0.7785 0.2142 0.001283 0.0003517 0.003206 -1 0.007311 3.444 3.228 2.852 2.742 2.535 2.36 2.319 2.546 2.31 2.652 2.507 2.365
0.0084736 -0.25 9.60746 1.13661468 2.497608599 1.135 0.531 3.8109 4.158 1 0 0.534 0 0 0 0 0 -1 -2.67e-13 0 0.7785 0.2142 0.001283 0.0003518 0.003206 -1 0.007311 3.443 3.227 2.851 2.741 2.535 2.36 2.319 2.545 2.309 2.651 2.506 2.364
0.0084736 -0.25 9.60746 1.138538718 2.497908024 1.137 0.536 3.8109 4.154 1 0 0.534 0 0 0 0 0 -1 -2.72e-13 0 0.7783 0.2144 0.001284 0.0003519 0.003208 -1 0.007315 3.431 3.215 2.839 2.728 2.522 2.347 2.306 2.533 2.297 2.639 2.493 2.351
0.0084736 -0.25 9.60746 1.148155332 2.49938731 1.147 0.562 3.8107 4.131 1 0 0.534 0 0 0 0 0 -1 -2.89e-13 0 0.7774 0.2152 0.001288 0.0003527 0.003218 -1 0.007335 3.366 3.149 2.773 2.662 2.456 2.281 2.24 2.466 2.23 2.573 2.427 2.285
0.0084736 -0.25 9.60746 1.156030893 2.500577719 1.154 0.586 3.8107 4.109 1 0 0.534 0 0 0 0 0 -1 -3.08e-13 0 0.7768 0.2158 0.001291 0.0003533 0.003226 -1 0.007351 3.304 3.088 2.712 2.601 2.395 2.22 2.179 2.405 2.169 2.512 2.366 2.224
0.0084736 -0.25 9.60746 1.162044525 2.50147421 1.16 0.607 3.8108 4.09 1 0 0.533 0 0 0 0 0 -1 -3.25e-13 0 0.7764 0.2162 0.001293 0.0003536 0.003231 -1 0.007363 3.252 3.034 2.659 2.548 2.342 2.168 2.126 2.353 2.117 2.459 2.313 2.172
0.0084736 -0.25 9.60746 1.167382956 2.50226115 1.166 0.63 3.811 4.07 1 0 0.533 0 0 0 0 0 -1 -3.46e-13 0 0.7761 0.2165 0.001294 0.0003538 0.003235 -1 0.007373 3.195 2.977 2.603 2.492 2.286 2.112 2.071 2.297 2.062 2.403 2.258 2.116
0.0084736 -0.25 9.60746 1.170244336 2.502679551 1.169 0.649 3.8116 4.055 1 0 0.533 0 0 0 0 0 -1 -3.66e-13 0 0.7759 0.2167 0.001295 0.0003539 0.003237 -1 0.007379 3.148 2.931 2.558 2.448 2.243 2.07 2.029 2.254 2.02 2.36 2.215 2.074
0.0084736 -0.25 9.60746 1.171438694 2.502853498 1.17 0.653 3.8113 4.05 1 0 0.533 0 0 0 0 0 -1 -3.72e-13 0 0.7758 0.2168 0.001295 0.000354 0.003239 -1 0.007381 3.136 2.919 2.545 2.435 2.23 2.057 2.015 2.241 2.006 2.346 2.202 2.06
0.0084736 -0.25 9.60746 1.1778543 2.503780937 1.176 0.673 3.8098 4.026 2 0 0.533 0 0 0 0 0 -1 -3.94e-13 0 0.7753 0.2173 0.001298 0.0003544 0.003244 -1 0.007394 3.086 2.868 2.49 2.379 2.172 1.997 1.955 2.182 1.945 2.289 2.143 2
0.0084736 -0.25 9.60746 1.184817553 2.504774482 1.183 0.695 3.8082 4.001 2 0 0.533 0 0 0 0 0 -1 -4.19e-13 0 0.7748 0.2178 0.0013 0.0003549 0.003251 -1 0.007408 3.033 2.813 2.431 2.318 2.11 1.932 1.889 2.12 1.88 2.228 2.08 1.935
0.0084736 -0.25 9.60746 1.184996486 2.504799836 1.183 0.695 3.8081 4 2 0 0.533 0 0 0 0 0 -1 -4.19e-13 0 0.7748 0.2178 0.0013 0.0003549 0.003251 -1 0.007408 3.032 2.811 2.43 2.317 2.108 1.931 1.888 2.118 1.878 2.226 2.078 1.934
0.0084736 -0.25 9.60746 1.194834232 2.506180372 1.193 0.728 3.8048 3.958 2 0 0.533 0 0 0 0 0 -1 -4.63e-13 0 0.7742 0.2184 0.001303 0.0003553 0.003259 -1 0.007429 2.95 2.726 2.337 2.22 2.008 1.827 1.782 2.017 1.772 2.128 1.977 1.829
0.0084736 -0.25 9.60746 1.203819871 2.507418684 1.202 0.759 3.8001 3.912 2 0 0.533 0 0 0 0 0 -1 -5.12e-13 0 0.7734 0.2191 0.001306 0.0003559 0.003267 -1 0.007452 2.874 2.646 2.245 2.124 1.906 1.719 1.671 1.915 1.661 2.029 1.874 1.72
0.0084736 -0.25 9.60746 1.213634849 2.508747218 1.212 0.787 3.7904 3.848 2 0 0.533 0 0 0 0 0 -1 -5.75e-13 0 0.771 0.2215 0.001317 0.0003584 0.003293 -1 0.007509 2.802 2.569 2.143 2.013 1.783 1.583 1.53 1.79 1.518 1.912 1.748 1.581
0.0084736 -0.25 9.60746 1.221009612 2.509729306 1.219 0.788 3.775 3.788 2 0 0.534 0 0 0 0 0 -1 -6.1e-13 0 0.7615 0.2308 0.001359 0.0003695 0.003396 -1 0.007705 2.799 2.562 2.097 1.95 1.699 1.474 1.41 1.701 1.398 1.837 1.656 1.466
0.0084736 -0.25 9.60746 1.225238562 2.51028634 1.224 0.766 3.7598 3.751 2 0 0.535 0 0 0 0 0 -1 -5.99e-13 0 0.7506 0.2414 0.001409 0.0003823 0.003513 -1 0.007963 2.856 2.621 2.116 1.952 1.679 1.431 1.356 1.677 1.342 1.827 1.629 1.417
0.0084736 -0.25 9.60746 1.227346659 2.510562368 1.226 0.748 3.7504 3.732 2 0 0.535 0 0 0 0 0 -1 -5.85e-13 0 0.7438 0.2481 0.001438 0.0003901 0.003583 -1 0.008136 2.901 2.671 2.14 1.965 1.679 1.415 1.333 1.673 1.319 1.832 1.624 1.397
0.0084736 -0.25 9.60746 1.229094148 2.510790355 1.227 0.734 3.7421 3.714 2 0 0.535 0 0 0 0 0 -1 -5.76e-13 0 0.7394 0.2524 0.001457 0.000395 0.003628 -1 0.008221 2.936 2.712 2.16 1.975 1.676 1.398 1.309 1.667 1.294 1.834 1.616 1.376
0.0084736 -0.25 9.60746 1.230385542 2.510958358 1.229 0.726 3.7361 3.698 2 0 0.536 0 0 0 0 0 -1 -5.74e-13 0 0.7372 0.2546 0.001466 0.0003974 0.00365 -1 0.008243 2.955 2.737 2.169 1.976 1.668 1.379 1.285 1.656 1.27 1.829 1.605 1.354
0.0084736 -0.25 9.60746 1.231976509 2.511164778 1.23 0.722 3.7291 3.674 2 0 0.536 0 0 0 0 0 -1 -5.81e-13 0 0.7351 0.2566 0.001474 0.0003995 0.003669 -1 0.008289 2.965 2.756 2.169 1.967 1.647 1.346 1.246 1.633 1.23 1.812 1.58 1.318
0.0084736 -0.25 9.60746 1.233130455 2.511314113 1.232 0.725 3.7248 3.654 2 0 0.536 0 0 0 0 0 -1 -5.97e-13 0 0.7338 0.2578 0.001478 0.0004006 0.003679 -1 0.008315 2.956 2.754 2.155 1.947 1.621 1.311 1.208 1.604 1.192 1.788 1.551 1.28
0.0084736 -0.25 9.60746 1.23488307 2.51154031 1.233 0.738 3.7194 3.621 2 0 0.536 0 0 0 0 0 -1 -6.33e-13 0 0.7322 0.2595 0.001483 0.0004021 0.003691 -1 0.008348 2.926 2.731 2.118 1.902 1.568 1.247 1.139 1.548 1.123 1.738 1.494 1.214
0.0084736 -0.25 9.60746 1.236477256 2.511745419 1.235 0.758 3.7158 3.587 2 0 0.536 0 0 0 0 0 -1 -6.87e-13 0 0.7307 0.2609 0.001486 0.0004032 0.0037 -1 0.008391 2.875 2.688 2.064 1.843 1.503 1.175 1.064 1.481 1.047 1.674 1.426 1.14
0.0084736 -0.25 9.60746 1.236804605 2.51178746 1.235 0.763 3.7153 3.579 2 0 0.535 0 0 0 0 0 -1 -7.03e-13 0 0.7304 0.2613 0.001486 0.0004036 0.003701 -1 0.008369 2.862 2.675 2.05 1.828 1.487 1.158 1.046 1.464 1.03 1.659 1.41 1.122
0.0084736 -0.25 9.60746 1.239421845 2.512122677 1.238 0.812 3.7116 3.517 3 0 0.527 0 0 0 0 0 -1 -8.32e-13 0 0.7274 0.2642 0.001466 0.0004175 0.00371 -1 0.008417 2.741 2.561 1.926 1.699 1.351 1.015 0.9 1.327 0.884 1.525 1.272 0.977
0.0084736 -0.25 9.60746 1.241541743 2.512393002 1.24 0.856 3.7093 3.464 3 0 0.504 0 0 0 0 0 -1 -9.74e-13 0 0.7244 0.2671 0.001405 0.0004778 0.003716 -1 0.008461 2.629 2.454 1.812 1.582 1.23 0.889 0.773 1.204 0.756 1.405 1.149 0.851
0.0084736 -0.25 9.60746 1.243628025 2.512658007 1.242 0.904 3.7073 3.409 3 0 0.473 0 0 0 0 0 -1 -1.15e-12 0 0.7212 0.2703 0.001321 0.0005773 0.003721 -1 0.008497 2.509 2.338 1.691 1.457 1.102 0.757 0.639 1.075 0.622 1.278 1.019 0.717
0.0084736 -0.25 9.60746 1.245516539 2.51289701 1.244 0.951 3.7056 3.356 3 0 0.45 0 0 0 0 0 -1 -1.36e-12 0 0.7182 0.2733 0.001256 0.0006594 0.003725 -1 0.008507 2.391 2.225 1.572 1.335 0.978 0.629 0.509 0.95 0.492 1.155 0.894 0.588
0.0084736 -0.25 9.60746 1.247350216 2.513128277 1.246 1.001 3.7038 3.299 3 0 0.433 0 0 0 0 0 -1 -1.62e-12 0 0.7155 0.276 0.00121 0.0007165 0.003727 -1 0.008504 2.267 2.104 1.446 1.207 0.846 0.494 0.372 0.817 0.355 1.024 0.761 0.452
0.0084736 -0.25 9.60746 1.249010324 2.51333698 1.247 1.051 3.702 3.244 3 0 0.422 0 0 0 0 0 -1 -1.92e-12 0 0.7134 0.2781 0.00118 0.0007537 0.003729 -1 0.008517 2.143 1.984 1.321 1.079 0.716 0.361 0.237 0.686 0.22 0.895 0.629 0.317
0.0084736 -0.25 9.60746 1.250408053 2.513512204 1.249 1.096 3.7004 3.192 3 0 0.416 0 0 0 0 0 -1 -2.26e-12 0 0.7119 0.2796 0.001163 0.0007761 0.00373 -1 0.008519 2.03 1.874 1.206 0.962 0.596 0.237 0.112 0.565 0.094 0.775 0.508 0.193
0.0084736 -0.25 9.60746 1.251763463 2.513681692 1.25 1.144 3.6985 3.137 3 0 0.411 0 0 0 0 0 -1 -2.68e-12 0 0.7107 0.2807 0.00115 0.0007925 0.003731 -1 0.008515 1.909 1.758 1.084 0.837 0.468 0.105 -0.022 0.435 -0.039 0.648 0.378 0.06
0.0084736 -0.25 9.60746 1.252976417 2.51383301 1.251 1.192 3.6966 3.082 3 0 0.408 0 0 0 0 0 -1 -3.17e-12 0 0.71 0.2815 0.001141 0.0008033 0.003732 -1 0.008518 1.791 1.645 0.965 0.715 0.342 -0.025 -0.154 0.308 -0.172 0.523 0.251 -0.072
0.0084736 -0.25 9.60746 1.254069448 2.513969078 1.252 1.239 3.6947 3.028 3 0 0.406 0 0 0 0 0 -1 -3.75e-12 0 0.7094 0.282 0.001136 0.0008102 0.003732 -1 0.008529 1.674 1.533 0.847 0.593 0.217 -0.154 -0.285 0.182 -0.303 0.399 0.124 -0.202
0.0084736 -0.25 9.60746 1.255086064 2.51409539 1.253 1.286 3.6926 2.972 3 0 0.405 0 0 0 0 0 -1 -4.46e-12 0 0.7091 0.2823 0.001133 0.0008147 0.003732 -1 0.008528 1.554 1.418 0.726 0.469 0.089 -0.286 -0.419 0.053 -0.437 0.272 -0.005 -0.336
0.0084736 -0.25 9.60746 1.255930543 2.514200135 1.254 1.33 3.6906 2.921 3 0 0.404 0 0 0 0 0 -1 -5.21e-12 0 0.709 0.2825 0.001131 0.000817 0.003732 -1 0.008537 1.446 1.315 0.616 0.357 -0.027 -0.406 -0.542 -0.065 -0.56 0.157 -0.123 -0.458
0.0084736 -0.25 9.60746 1.256760478 2.514302918 1.255 1.376 3.6884 2.866 3 0 0.404 0 0 0 0 0 -1 -6.17e-12 0 0.7089 0.2826 0.00113 0.0008184 0.003732 -1 0.008548 1.33 1.205 0.499 0.236 -0.152 -0.535 -0.673 -0.191 -0.691 0.033 -0.249 -0.588
0.0084736 -0.25 9.60746 1.257501364 2.514394541 1.256 1.421 3.6862 2.812 3 0 0.403 0 0 0 0 0 -1 -7.26e-12 0 0.7089 0.2826 0.001129 0.000819 0.003732 -1 0.008515 1.217 1.098 0.385 0.119 -0.273 -0.661 -0.801 -0.314 -0.819 -0.087 -0.372 -0.715
0.0084736 -0.25 9.60746 1.258152366 2.514474947 1.256 1.464 3.684 2.761 3 0 0.403 0 0 0 0 0 -1 -8.5e-12 0 0.7089 0.2826 0.001129 0.0008194 0.003732 -1 0.008515 1.109 0.997 0.277 0.007 -0.388 -0.781 -0.923 -0.43 -0.942 -0.201 -0.489 -0.837
0.0084736 -0.25 9.60746 1.258771181 2.514551288 1.257 1.509 3.6818 2.708 3 0 0.403 0 0 0 0 0 -1 -9.99e-12 0 0.7089 0.2826 0.001129 0.0008198 0.003732 -1 0.008515 0.999 0.893 0.166 -0.108 -0.507 -0.904 -1.049 -0.551 -1.068 -0.319 -0.61 -0.962
0.0084736 -0.25 9.60746 1.259340763 2.514621479 1.257 1.552 3.6795 2.655 3 0 0.403 0 0 0 0 0 -1 -1.17e-11 0 0.7089 0.2826 0.001128 0.0008201 0.003732 -1 0.008515 0.889 0.791 0.057 -0.221 -0.624 -1.026 -1.174 -0.67 -1.193 -0.435 -0.729 -1.086
0.0084736 -0.25 9.60746 1.259865165 2.514686038 1.258 1.595 3.6771 2.603 3 0 0.403 0 0 0 0 0 -1 -1.37e-11 0 0.7089 0.2825 0.001128 0.0008204 0.003732 -1 0.008515 0.782 0.691 -0.051 -0.332 -0.739 -1.147 -1.297 -0.787 -1.316 -0.55 -0.846 -1.208
0.0084736 -0.25 9.60746 1.260346532 2.514745244 1.258 1.636 3.6748 2.553 3 0 0.403 0 0 0 0 0 -1 -1.6e-11 0 0.7089 0.2825 0.001128 0.0008207 0.003732 -1 0.008515 0.679 0.596 -0.153 -0.439 -0.85 -1.262 -1.415 -0.899 -1.434 -0.659 -0.959 -1.326
0.0084736 -0.25 9.60746 1.260836601 2.514805468 1.258 1.676 3.6726 2.504 3 0 0.403 0 0 0 0 0 -1 -1.85e-11 0 0.709 0.2825 0.001128 0.000821 0.003732 -1 0.008515 0.58 0.504 -0.253 -0.542 -0.957 -1.375 -1.53 -1.008 -1.549 -0.766 -1.068 -1.44
0.0084736 -0.25 9.60746 1.261492968 2.514886043 1.259 1.714 3.6705 2.458 3 0 0.403 0 0 0 0 0 -1 -2.13e-11 0 0.709 0.2825 0.001127 0.0008214 0.003732 -1 0.008515 0.484 0.415 -0.35 -0.642 -1.061 -1.483 -1.64 -1.114 -1.66 -0.869 -1.174 -1.55
0.0084736 -0.25 9.60746 1.261735797 2.514915828 1.259 1.696 3.6718 2.481 3 0 0.403 0 0 0 0 0 -1 -2.01e-11 0 0.709 0.2825 0.001127 0.0008216 0.003732 -1 0.008515 0.529 0.456 -0.304 -0.594 -1.011 -1.43 -1.586 -1.062 -1.605 -0.819 -1.122 -1.496
0.0084736 -0.25 9.60746 1.262113571 2.514962139 1.259 1.661 3.6742 2.527 3 0 0.403 0 0 0 0 0 -1 -1.77e-11 0 0.709 0.2825 0.001127 0.0008218 0.003732 -1 0.008515 0.619 0.538 -0.214 -0.5 -0.913 -1.326 -1.48 -0.962 -1.499 -0.722 -1.022 -1.39
0.0084736 -0.25 9.60746 1.262171864 2.514969283 1.26 1.654 3.6747 2.536 3 0 0.403 0 0 0 0 0 -1 -1.71e-11 0 0.709 0.2825 0.001127 0.0008218 0.003732 -1 0.008515 0.636 0.554 -0.196 -0.482 -0.894 -1.306 -1.459 -0.943 -1.478 -0.703 -1.003 -1.37
0.0084736 -0.25 9.60746 1.262532592 2.515013469 1.26 1.693 3.6724 2.487 3 0 0.403 0 0 0 0 0 -1 -1.96e-11 0 0.709 0.2825 0.001127 0.000822 0.003732 -1 0.008515 0.538 0.462 -0.295 -0.585 -1 -1.418 -1.573 -1.052 -1.593 -0.809 -1.111 -1.483
0.0084736 -0.25 9.60746 1.262936592 2.515062923 1.26 1.737 3.6698 2.433 3 0 0.403 0 0 0 0 0 -1 -2.3e-11 0 0.709 0.2825 0.001127 0.0008223 0.003732 -1 0.008515 0.427 0.36 -0.406 -0.7 -1.12 -1.543 -1.702 -1.173 -1.721 -0.927 -1.233 -1.611
0.0084736 -0.25 9.60746 1.263326168 2.515110576 1.26 1.782 3.6671 2.377 3 0 0.403 0 0 0 0 0 -1 -2.72e-11 0 0.709 0.2825 0.001127 0.0008225 0.003732 -1 0.008516 0.316 0.258 -0.518 -0.817 -1.242 -1.67 -1.832 -1.297 -1.852 -1.048 -1.357 -1.74
0.0084736 -0.25 9.60746 1.263679028 2.515153708 1.261 1.825 3.6644 2.323 3 0 0.403 0 0 0 0 0 -1 -3.19e-11 0 0.709 0.2825 0.001126 0.0008227 0.003732 -1 0.008515 0.207 0.159 -0.627 -0.93 -1.359 -1.793 -1.958 -1.417 -1.979 -1.165 -1.477 -1.866
0.0084736 -0.25 9.60746 1.264008641 2.515193974 1.261 1.869 3.6617 2.269 3 0 0.402 0 0 0 0 0 -1 -3.76e-11 0 0.709 0.2825 0.001126 0.0008229 0.003732 -1 0.008515 0.098 0.059 -0.736 -1.043 -1.478 -1.918 -2.086 -1.538 -2.107 -1.282 -1.598 -1.992
0.0084736 -0.25 9.60746 1.264313936 2.515231248 1.261 1.912 3.6589 2.214 3 0 0.402 0 0 0 0 0 -1 -4.42e-11 0 0.709 0.2825 0.001126 0.0008231 0.003732 -1 0.008515 -0.011 -0.039 -0.845 -1.157 -1.596 -2.042 -2.213 -1.658 -2.234 -1.4 -1.719 -2.119
0.0084736 -0.25 9.60746 1.264596105 2.51526568 1.261 1.955 3.6562 2.16 3 0 0.402 0 0 0 0 0 -1 -5.19e-11 0 0.709 0.2825 0.001126 0.0008233 0.003732 -1 0.008515 -0.118 -0.136 -0.952 -1.268 -1.713 -2.165 -2.34 -1.777 -2.361 -1.516 -1.839 -2.244
0.0084736 -0.25 9.60746 1.264854431 2.515297187 1.261 1.998 3.6534 2.106 3 0 0.402 0 0 0 0 0 -1 -6.09e-11 0 0.709 0.2825 0.001126 0.0008234 0.003732 -1 0.008515 -0.225 -0.231 -1.057 -1.379 -1.829 -2.287 -2.465 -1.895 -2.487 -1.63 -1.957 -2.369
0.0084736 -0.25 9.60746 1.265090823 2.515326006 1.261 2.04 3.6506 2.053 3 0 0.402 0 0 0 0 0 -1 -7.14e-11 0 0.709 0.2825 0.001126 0.0008236 0.003732 -1 0.008515 -0.331 -0.325 -1.162 -1.489 -1.944 -2.408 -2.59 -2.013 -2.612 -1.744 -2.074 -2.493
0.0084736 -0.25 9.60746 1.26531446 2.515353258 1.261 2.084 3.6476 1.998 3 0 0.402 0 0 0 0 0 -1 -8.4e-11 0 0.709 0.2825 0.001126 0.0008237 0.003732 -1 0.008515 -0.439 -0.42 -1.269 -1.6 -2.061 -2.532 -2.718 -2.133 -2.74 -1.861 -2.195 -2.619
0.0084736 -0.25 9.60746 1.265510321 2.515377117 1.261 2.124 3.6448 1.946 3 0 0.402 0 0 0 0 0 -1 -9.8e-11 0 0.709 0.2825 0.001126 0.0008238 0.003732 -1 0.008515 -0.541 -0.51 -1.368 -1.705 -2.171 -2.645 -2.834 -2.244 -2.858 -1.969 -2.306 -2.734
0.0084736 -0.25 9.60746 1.26569891 2.515400082 1.261 2.167 3.6419 1.891 3 0 0.402 0 0 0 0 0 -1 -1.15e-10 0 0.709 0.2825 0.001125 0.0008239 0.003732 -1 0.008515 -0.647 -0.604 -1.471 -1.814 -2.286 -2.762 -2.955 -2.359 -2.981 -2.081 -2.421 -2.854
0.0084736 -0.25 9.60746 1.265869617 2.515420862 1.261 2.208 3.639 1.838 3 0 0.402 0 0 0 0 0 -1 -1.35e-10 0 0.709 0.2825 0.001125 0.0008241 0.003732 -1 0.008515 -0.751 -0.694 -1.571 -1.92 -2.397 -2.877 -3.073 -2.471 -3.101 -2.191 -2.534 -2.971
0.0084736 -0.25 9.60746 1.266027093 2.515440026 1.261 2.25 3.6361 1.785 3 0 0.402 0 0 0 0 0 -1 -1.57e-10 0 0.709 0.2825 0.001125 0.0008241 0.003732 -1 0.008515 -0.854 -0.782 -1.669 -2.025 -2.507 -2.99 -3.189 -2.582 -3.22 -2.299 -2.645 -3.086
0.0084736 -0.25 9.60746 1.266173601 2.51545785 1.261 2.291 3.6331 1.732 3 0 0.402 0 0 0 0 0 -1 -1.84e-10 0 0.709 0.2825 0.001125 0.0008242 0.003732 -1 0.008515 -0.957 -0.87 -1.767 -2.129 -2.618 -3.104 -3.306 -2.693 -3.339 -2.407 -2.757 -3.202
0.0084736 -0.25 9.60746 1.266307235 2.515474104 1.261 2.331 3.6302 1.68 3 0 0.402 0 0 0 0 0 -1 -2.14e-10 0 0.709 0.2825 0.001125 0.0008243 0.003732 -1 0.008515 -1.058 -0.956 -1.863 -2.232 -2.726 -3.215 -3.421 -2.802 -3.456 -2.512 -2.866 -3.315
0.0084736 -0.25 9.60746 1.266434789 2.515489615 1.261 2.373 3.6272 1.626 3 0 0.402 0 0 0 0 0 -1 -2.51e-10 0 0.709 0.2825 0.001125 0.0008244 0.003732 -1 0.008515 -1.162 -1.043 -1.961 -2.336 -2.837 -3.33 -3.539 -2.914 -3.577 -2.621 -2.978 -3.432
0.0084736 -0.25 9.60746 1.266548872 2.515503485 1.261 2.413 3.6242 1.574 3 0 0.402 0 0 0 0 0 -1 -2.93e-10 0 0.709 0.2824 0.001125 0.0008245 0.003732 -1 0.008515 -1.263 -1.125 -2.054 -2.437 -2.944 -3.44 -3.653 -3.022 -3.694 -2.726 -3.086 -3.545
0.0084736 -0.25 9.60746 1.266656041 2.515516511 1.26 2.454 3.6212 1.521 3 0 0.402 0 0 0 0 0 -1 -3.42e-10 0 0.709 0.2824 0.001125 0.0008245 0.003732 -1 0.008515 -1.364 -1.209 -2.149 -2.539 -3.052 -3.552 -3.769 -3.131 -3.812 -2.831 -3.196 -3.659
0.0084736 -0.25 9.60746 1.266755462 2.515528594 1.26 2.494 3.6181 1.469 3 0 0.402 0 0 0 0 0 -1 -3.99e-10 0 0.709 0.2824 0.001125 0.0008246 0.003732 -1 0.008515 -1.465 -1.29 -2.245 -2.642 -3.161 -3.666 -3.888 -3.242 -3.932 -2.939 -3.307 -3.776
0.0084736 -0.25 9.60746 1.266844749 2.515539443 1.26 2.533 3.6151 1.418 3 0 0.402 9.39 6.96 4.94 3.77 3.06 4 -4.64e-10 0 0.709 0.2824 0.001125 0.0008246 0.003732 -1 0.008515 -1.563 -1.367 -2.338 -2.741 -3.266 -3.777 -4.004 -3.351 -4.05 -3.043 -3.415 -3.892
0.0084736 -0.25 9.60746 1.266930699 2.515549885 1.259 2.573 3.612 1.365 3 0 0.402 10.46 7.66 5.41 4.13 3.36 4 -5.41e-10 0 0.709 0.2824 0.001125 0.0008247 0.003732 -1 0.008515 -1.664 -1.446 -2.434 -2.844 -3.375 -3.892 -4.124 -3.462 -4.171 -3.151 -3.527 -4.011
0.0084736 -0.25 9.60746 1.267008305 2.515559311 1.259 2.612 3.609 1.314 3 0 0.402 11.62 8.4 5.91 4.52 3.67 4 -6.28e-10 0 0.709 0.2824 0.001125 0.0008247 0.003732 -1 0.008515 -1.761 -1.522 -2.527 -2.943 -3.48 -4.004 -4.24 -3.57 -4.288 -3.255 -3.635 -4.126
0.0084736 -0.25 9.60746 1.267081142 2.515568158 1.258 2.651 3.606 1.262 3 0 0.402 12.91 9.22 6.46 4.95 4.02 4 -7.3e-10 0 0.709 0.2824 0.001125 0.0008248 0.003732 -1 0.008515 -1.859 -1.595 -2.619 -3.043 -3.585 -4.115 -4.357 -3.679 -4.406 -3.359 -3.744 -4.241
0.0084736 -0.25 9.60746 1.267149806 2.515576496 1.258 2.691 3.6028 1.21 3 0 0.402 14.36 10.13 7.07 5.42 4.41 4 -8.5e-10 0 0.709 0.2824 0.001125 0.0008248 0.003732 -1 0.008515 -1.957 -1.668 -2.712 -3.142 -3.691 -4.228 -4.474 -3.788 -4.525 -3.464 -3.853 -4.358
0.0084736 -0.25 9.60746 1.267212272 2.515584081 1.257 2.729 3.5998 1.16 3 0 0.402 15.93 11.09 7.71 5.92 4.81 3 -9.85e-10 0 0.709 0.2824 0.001125 0.0008249 0.003732 -1 0.008515 -2.052 -1.739 -2.802 -3.239 -3.793 -4.337 -4.588 -3.894 -4.641 -3.566 -3.958 -4.471
0.0084736 -0.25 9.60746 1.267270923 2.515591201 1.257 2.767 3.5967 1.109 3 0 0.402 17.67 12.15 8.41 6.47 5.26 3 -1.14e-09 0 0.709 0.2824 0.001125 0.0008249 0.003732 -1 0.008515 -2.147 -1.805 -2.891 -3.336 -3.896 -4.446 -4.702 -4 -4.756 -3.668 -4.064 -4.584
0.0084736 -0.25 9.60746 1.267326951 2.515598003 1.256 2.805 3.5935 1.058 3 0 0.402 19.64 13.33 9.19 7.08 5.76 3 -1.32e-09 0 0.709 0.2824 0.001125 0.0008249 0.003732 -1 0.008515 -2.243 -1.872 -2.982 -3.434 -4 -4.556 -4.818 -4.107 -4.874 -3.771 -4.171 -4.699
0.0084736 -0.25 9.60746 1.267389417 2.515605585 1.255 2.852 3.5896 0.996 3 0 0.402 22.31 14.92 10.23 7.89 6.42 3 -1.59e-09 0 0.709 0.2824 0.001125 0.000825 0.003732 -1 0.008515 -2.359 -1.951 -3.09 -3.551 -4.125 -4.689 -4.958 -4.236 -5.015 -3.895 -4.3 -4.837
0.0084736 -0.25 9.60746 1.267446756 2.515612545 1.254 2.897 3.5857 0.935 3 0 0.402 25.28 16.65 11.37 8.78 7.15 3 -1.89e-09 0 0.709 0.2824 0.001125 0.000825 0.003732 -1 0.008515 -2.472 -2.02 -3.195 -3.667 -4.248 -4.82 -5.095 -4.363 -5.154 -4.017 -4.427 -4.973
0.0084736 -0.25 9.60746 1.267490268 2.515617825 1.253 2.933 3.5826 0.885 3 0 0.402 27.98 18.21 12.38 9.58 7.8 3 -2.18e-09 0 0.709 0.2824 0.001125 0.000825 0.003732 -1 0.008515 -2.563 -2.076 -3.281 -3.76 -4.347 -4.925 -5.206 -4.466 -5.266 -4.116 -4.53 -5.083
0.0084736 -0.25 9.60746 1.267531395 2.515622816 1.252 2.97 3.5793 0.835 3 0 0.402 31.02 19.94 13.5 10.45 8.51 3 -2.52e-09 0 0.7091 0.2824 0.001125 0.000825 0.003732 -1 0.008515 -2.655 -2.128 -3.366 -3.854 -4.447 -5.032 -5.317 -4.57 -5.38 -4.215 -4.633 -5.194
0.0084736 -0.25 9.60746 1.267577171 2.515628371 1.251 3.013 3.5753 0.775 3 0 0.402 35.05 22.2 14.96 11.61 9.45 2 -3e-09 0 0.7091 0.2824 0.001125 0.0008251 0.003732 -1 0.008515 -2.763 -2.18 -3.465 -3.966 -4.566 -5.158 -5.45 -4.692 -5.514 -4.332 -4.756 -5.325
0.0084736 -0.25 9.60746 1.267620087 2.515633578 1.25 3.056 3.5712 0.716 3 0 0.402 39.61 24.72 16.57 12.88 10.49 2 -3.55e-09 0 0.7091 0.2824 0.001125 0.0008251 0.003732 -1 0.008516 -2.87 -2.23 -3.564 -4.077 -4.684 -5.283 -5.582 -4.815 -5.648 -4.449 -4.878 -5.456
0.0084736 -0.25 9.60746 1.267659903 2.515638408 1.248 3.099 3.5672 0.657 3 0 0.402 44.71 27.5 18.35 14.28 11.64 2 -4.21e-09 0 0.7091 0.2824 0.001125 0.0008251 0.003732 -1 0.008515 -2.976 -2.27 -3.66 -4.187 -4.802 -5.408 -5.712 -4.936 -5.781 -4.565 -4.999 -5.585
0.0084736 -0.25 9.60746 1.267696977 2.515642906 1.246 3.141 3.5631 0.597 3 0 0.402 50.46 30.58 20.31 15.83 12.91 2 -4.99e-09 0 0.7091 0.2824 0.001125 0.0008251 0.003732 -1 0.008515 -3.082 -2.303 -3.755 -4.296 -4.919 -5.531 -5.842 -5.057 -5.913 -4.68 -5.119 -5.714
0.0084736 -0.25 9.60746 1.26773119 2.515647056 1.244 3.182 3.559 0.539 3 0 0.402 56.86 33.97 22.45 17.53 14.29 2 -5.9e-09 0 0.7091 0.2824 0.001125 0.0008252 0.003732 -1 0.008515 -3.184 -2.329 -3.846 -4.403 -5.033 -5.653 -5.97 -5.175 -6.043 -4.793 -5.238 -5.841
0.0084736 -0.25 9.60746 1.267763138 2.515650931 1.242 3.222 3.5548 0.481 3 0 0.402 64.05 37.72 24.81 19.4 15.82 2 -6.96e-09 0 0.7091 0.2824 0.001125 0.0008252 0.003732 -1 0.008515 -3.286 -2.339 -3.932 -4.509 -5.148 -5.773 -6.096 -5.293 -6.172 -4.904 -5.355 -5.966
0.0084736 -0.25 9.60746 1.267793179 2.515654575 1.24 3.262 3.5505 0.423 3 0 0.402 72.15 41.88 27.41 21.48 17.52 2 -8.22e-09 0 0.7091 0.2824 0.001125 0.0008252 0.003732 -1 0.008515 -3.386 -2.346 -4.019 -4.616 -5.262 -5.893 -6.222 -5.41 -6.301 -5.016 -5.473 -6.091
0.0084736 -0.25 9.60746 1.267820954 2.515657944 1.237 3.302 3.5463 0.366 3 0 0.402 81.08 46.4 30.23 23.72 19.35 2 -9.67e-09 0 0.7091 0.2824 0.001125 0.0008252 0.003732 -1 0.008515 -3.484 -2.334 -4.096 -4.719 -5.374 -6.01 -6.345 -5.525 -6.426 -5.124 -5.587 -6.213
0.0084736 -0.25 9.60746 1.267846823 2.515661081 1.234 3.339 3.5421 0.31 3 0 0.402 90.84 51.26 33.25 26.13 21.33 2 -1.13e-08 0 0.7091 0.2824 0.001125 0.0008252 0.003732 -1 0.008515 -3.578 -2.317 -4.17 -4.818 -5.482 -6.123 -6.464 -5.635 -6.548 -5.228 -5.698 -6.331
0.0084736 -0.25 9.60746 1.267871618 2.515664088 1.231 3.375 3.538 0.257 3 0 0.402 101.3 56.41 36.43 28.67 23.41 1 -1.32e-08 0 0.7091 0.2824 0.001125 0.0008253 0.003732 -1 0.008515 -3.668 -2.292 -4.235 -4.913 -5.585 -6.231 -6.578 -5.741 -6.664 -5.327 -5.804 -6.444
0.0084736 -0.25 9.60746 1.267881036 2.51566523 1.23 3.388 3.5366 0.238 3 0 0.402 105.3 58.36 37.63 29.64 24.19 1 -1.4e-08 0 0.7091 0.2824 0.001125 0.0008253 0.003732 -1 0.008515 -3.7 -2.281 -4.257 -4.946 -5.622 -6.27 -6.618 -5.779 -6.705 -5.362 -5.842 -6.483
0.0084736 -0.25 9.60746 1.267881036 2.51566523 1.23 1.76 3.6864 2.465 4 0 0.404 0 0 0 0 0 -1 -1e-30 0 0.7042 0.2872 0.001135 0.0008315 0.003748 -1 0.008615 0.37 0.25 -0.461 -0.728 -1.119 -1.506 -1.646 -1.159 -1.664 -0.933 -1.218 -1.561
0.0084736 -0.25 9.60746 1.268172264 2.515700538 1.23 1.772 3.6854 2.45 4 0 0.404 0 0 0 0 0 -1 -1e-30 0 0.7042 0.2872 0.001135 0.0008317 0.003748 -1 0.008615 0.34 0.224 -0.491 -0.759 -1.153 -1.541 -1.682 -1.193 -1.701 -0.965 -1.252 -1.596
0.0084736 -0.25 9.60746 1.268458486 2.51573522 1.231 1.777 3.685 2.443 4 0 0.404 0 0 0 0 0 -1 -1e-30 0 0.7042 0.2872 0.001135 0.0008319 0.003748 -1 0.008615 0.327 0.211 -0.504 -0.773 -1.167 -1.556 -1.698 -1.208 -1.716 -0.979 -1.266 -1.612
0.0084736 -0.25 9.60746 1.268744111 2.515769812 1.231 1.778 3.6852 2.443 4 0 0.404 0 0 0 0 0 -1 -1e-30 0 0.7042 0.2871 0.001135 0.0008321 0.003748 -1 0.008616 0.324 0.208 -0.507 -0.776 -1.169 -1.558 -1.7 -1.21 -1.718 -0.982 -1.269 -1.614
0.0084736 -0.25 9.60746 1.269030094 2.51580443 1.231 1.778 3.6855 2.444 4 0 0.404 0 0 0 0 0 -1 -1e-30 0 0.7042 0.2871 0.001134 0.0008322 0.003748 -1 0.008615 0.325 0.208 -0.506 -0.774 -1.167 -1.555 -1.697 -1.208 -1.715 -0.98 -1.266 -1.611
0.0084736 -0.25 9.60746 1.269294143 2.515836377 1.231 1.777 3.6858 2.446 4 0 0.404 0 0 0 0 0 -1 -1e-30 0 0.7042 0.2871 0.001134 0.0008324 0.003748 -1 0.008615 0.327 0.209 -0.504 -0.772 -1.164 -1.552 -1.693 -1.205 -1.711 -0.977 -1.263 -1.607
0.0084736 -0.25 9.60746 1.269583941 2.515871421 1.232 1.776 3.6862 2.449 4 0 0.404 0 0 0 0 0 -1 -1e-30 0 0.7042 0.2871 0.001134 0.0008326 0.003748 -1 0.008615 0.329 0.21 -0.502 -0.769 -1.161 -1.548 -1.688 -1.201 -1.707 -0.974 -1.26 -1.603
0.0084736 -0.25 9.60746 1.269848704 2.515903422 1.232 1.776 3.6865 2.451 4 0 0.403 0 0 0 0 0 -1 -1e-30 0 0.7043 0.2871 0.001134 0.0008328 0.003748 -1 0.008615 0.331 0.211 -0.5 -0.767 -1.158 -1.544 -1.684 -1.198 -1.702 -0.971 -1.256 -1.599
0.0084736 -0.25 9.60746 1.270126104 2.515936934 1.232 1.775 3.6868 2.453 4 0 0.403 0 0 0 0 0 -1 -1e-30 0 0.7043 0.2871 0.001134 0.0008329 0.003748 -1 0.008615 0.332 0.211 -0.498 -0.765 -1.155 -1.54 -1.681 -1.195 -1.699 -0.969 -1.253 -1.595
0.0084736 -0.25 9.60746 1.270424366 2.515972947 1.233 1.775 3.6871 2.455 4 0 0.403 0 0 0 0 0 -1 -1e-30 0 0.7043 0.2871 0.001134 0.0008331 0.003748 -1 0.008615 0.333 0.212 -0.497 -0.763 -1.153 -1.538 -1.677 -1.192 -1.695 -0.967 -1.251 -1.592
0.0084736 -0.25 9.60746 1.270702481 2.51600651 1.233 1.774 3.6874 2.456 4 0 0.403 0 0 0 0 0 -1 -1e-30 0 0.7043 0.2871 0.001133 0.0008333 0.003748 -1 0.008616 0.334 0.211 -0.496 -0.762 -1.152 -1.536 -1.675 -1.191 -1.693 -0.965 -1.249 -1.59
0.0084736 -0.25 9.60746 1.270981669 2.516040186 1.233 1.774 3.6876 2.457 4 0 0.403 0 0 0 0 0 -1 -1e-30 0 0.7043 0.2871 0.001133 0.0008335 0.003748 -1 0.008615 0.334 0.211 -0.496 -0.761 -1.151 -1.534 -1.673 -1.19 -1.691 -0.964 -1.248 -1.588
0.0084736 -0.25 9.60746 1.271262169 2.516074002 1.234 1.774 3.6879 2.458 4 0 0.403 0 0 0 0 0 -1 -1e-30 0 0.7043 0.2871 0.001133 0.0008337 0.003748 -1 0.008616 0.334 0.21 -0.496 -0.761 -1.15 -1.533 -1.672 -1.189 -1.69 -0.964 -1.247 -1.587
0.0084736 -0.25 9.60746 1.27156055 2.516109956 1.234 1.775 3.6881 2.459 4 0 0.403 0 0 0 0 0 -1 -1e-30 0 0.7043 0.2871 0.001133 0.0008338 0.003748 -1 0.008615 0.333 0.209 -0.497 -0.761 -1.15 -1.532 -1.671 -1.188 -1.689 -0.964 -1.247 -1.586
0.0084736 -0.25 9.60746 1.271763802 2.516134436 1.234 1.775 3.6882 2.459 4 0 0.403 0 0 0 0 0 -1 -1e-30 0 0.7043 0.2871 0.001133 0.000834 0.003748 -1 0.008615 0.333 0.208 -0.497 -0.762 -1.15 -1.532 -1.671 -1.188 -1.688 -0.964 -1.247 -1.586
0.0084736 -0.25 9.60746 1.271908879 2.516151904 1.235 1.775 3.6883 2.46 4 0 0.403 0 0 0 0 0 -1 -1e-30 0 0.7043 0.2871 0.001133 0.0008341 0.003748 -1 0.008615 0.332 0.207 -0.498 -0.762 -1.15 -1.532 -1.67 -1.188 -1.688 -0.964 -1.247 -1.585
0.0084736 -0.25 9.60746 1.271972179 2.516159524 1.235 1.775 3.6884 2.46 4 0 0.403 0 0 0 0 0 -1 -1e-30 0 0.7043 0.2871 0.001133 0.0008341 0.003748 -1 0.008615 0.332 0.207 -0.498 -0.762 -1.15 -1.532 -1.67 -1.188 -1.688 -0.964 -1.247 -1.585
0.0084736 -0.25 9.60746 1.272201657 2.516187141 1.235 1.776 3.6885 2.46 4 0 0.403 0 0 0 0 0 -1 -1e-30 0 0.7043 0.2871 0.001133 0.0008342 0.003748 -1 0.008615 0.331 0.205 -0.499 -0.763 -1.15 -1.532 -1.67 -1.189 -1.688 -0.964 -1.247 -1.585
0.0084736 -0.25 9.60746 1.272488117 2.5162216 1.235 1.776 3.6887 2.46 4 0 0.403 0 0 0 0 0 -1 -1e-30 0 0.7043 0.2871 0.001133 0.0008344 0.003748 -1 0.008615 0.33 0.204 -0.5 -0.764 -1.151 -1.532 -1.67 -1.189 -1.688 -0.965 -1.248 -1.586
0.0084736 -0.25 9.60746 1.272767663 2.51625521 1.235 1.777 3.6888 2.46 4 0 0.403 0 0 0 0 0 -1 -1e-30 0 0.7043 0.2871 0.001132 0.0008345 0.003748 -1 0.008615 0.328 0.201 -0.502 -0.765 -1.152 -1.533 -1.671 -1.19 -1.689 -0.966 -1.249 -1.587
0.0084736 -0.25 9.60746 1.273052096 2.51628939 1.236 1.778 3.6889 2.46 4 0 0.403 0 0 0 0 0 -1 -1e-30 0 0.7043 0.2871 0.001132 0.0008347 0.003748 -1 0.008614 0.326 0.199 -0.504 -0.767 -1.154 -1.535 -1.673 -1.192 -1.691 -0.968 -1.25 -1.588
0.0084736 -0.25 9.60746 1.273336291 2.516323525 1.236 1.779 3.6889 2.459 4 0 0.403 0 0 0 0 0 -1 -1e-30 0 0.7043 0.2871 0.001132 0.0008349 0.003748 -1 0.008614 0.323 0.196 -0.507 -0.77 -1.157 -1.537 -1.675 -1.195 -1.693 -0.971 -1.253 -1.59
0.0084736 -0.25 9.60746 1.273630857 2.516358886 1.236 1.78 3.689 2.458 4 0 0.403 0 0 0 0 0 -1 -1e-30 0 0.7043 0.2871 0.001132 0.000835 0.003748 -1 0.008614 0.32 0.193 -0.51 -0.773 -1.16 -1.54 -1.678 -1.198 -1.696 -0.974 -1.256 -1.593
0.0084736 -0.25 9.60746 1.273931384 2.516394943 1.237 1.782 3.689 2.456 4 0 0.403 0 0 0 0 0 -1 -1e-30 0 0.7043 0.2871 0.001132 0.0008352 0.003748 -1 0.008613 0.316 0.189 -0.514 -0.777 -1.164 -1.545 -1.682 -1.202 -1.7 -0.978 -1.26 -1.598
0.0084736 -0.25 9.60746 1.274066091 2.516411099 1.237 1.782 3.689 2.456 4 0 0.403 0 0 0 0 0 -1 -1e-30 0 0.7043 0.2871 0.001132 0.0008353 0.003748 -1 0.008613 0.314 0.187 -0.516 -0.779 -1.166 -1.547 -1.684 -1.204 -1.702 -0.98 -1.262 -1.6
0.0084736 -0.25 9.60746 1.274096727 2.516414773 1.237 1.783 3.6889 2.455 4 0 0.403 0 0 0 0 0 -1 -1e-30 0 0.7043 0.2871 0.001132 0.0008353 0.003748 -1 0.008613 0.313 0.186 -0.517 -0.78 -1.167 -1.547 -1.685 -1.205 -1.703 -0.981 -1.263 -1.6
0.0084736 -0.25 9.60746 1.274381638 2.516448929 1.237 1.785 3.6889 2.453 4 0 0.403 0 0 0 0 0 -1 -1e-30 0 0.7043 0.287 0.001132 0.0008354 0.003748 -1 0.008613 0.308 0.181 -0.522 -0.785 -1.172 -1.553 -1.691 -1.21 -1.709 -0.986 -1.269 -1.606
0.0084736 -0.25 9.60746 1.274659634 2.516482238 1.238 1.787 3.6887 2.45 4 0 0.403 0 0 0 0 0 -1 -1e-30 0 0.7043 0.287 0.001132 0.0008356 0.003748 -1 0.008613 0.302 0.176 -0.528 -0.791 -1.179 -1.56 -1.698 -1.217 -1.716 -0.993 -1.275 -1.613
0.0084736 -0.25 9.60746 1.274942637 2.516516131 1.238 1.79 3.6885 2.447 4 0 0.403 0 0 0 0 0 -1 -1e-30 0 0.7044 0.287 0.001131 0.0008358 0.003748 -1 0.008612 0.295 0.169 -0.535 -0.799 -1.187 -1.568 -1.707 -1.225 -1.724 -1.001 -1.283 -1.622
0.0084736 -0.25 9.60746 1.275226712 2.516550134 1.238 1.793 3.6882 2.442 4 0 0.403 0 0 0 0 0 -1 -1e-30 0 0.7044 0.287 0.001131 0.0008359 0.003748 -1 0.008612 0.286 0.161 -0.544 -0.808 -1.196 -1.578 -1.717 -1.235 -1.735 -1.01 -1.293 -1.632
0.0084736 -0.25 9.60746 1.275507569 2.516583735 1.239 1.797 3.6879 2.437 4 0 0.402 0 0 0 0 0 -1 -1e-30 0 0.7044 0.287 0.001131 0.0008361 0.003748 -1 0.008612 0.276 0.152 -0.554 -0.819 -1.207 -1.59 -1.729 -1.246 -1.747 -1.021 -1.304 -1.644
0.0084736 -0.25 9.60746 1.275786161 2.516617049 1.239 1.802 3.6875 2.431 4 0 0.402 0 0 0 0 0 -1 -1e-30 0 0.7044 0.287 0.001131 0.0008362 0.003748 -1 0.008612 0.266 0.142 -0.565 -0.83 -1.22 -1.603 -1.742 -1.259 -1.76 -1.033 -1.317 -1.657
0.0084736 -0.25 9.60746 1.276065469 2.516650431 1.239 1.807 3.687 2.424 4 0 0.402 0 0 0 0 0 -1 -1e-30 0 0.7044 0.287 0.001131 0.0008364 0.003748 -1 0.008611 0.251 0.129 -0.58 -0.846 -1.236 -1.62 -1.76 -1.275 -1.778 -1.049 -1.334 -1.675
0.0084736 -0.25 9.60746 1.276343584 2.516683654 1.239 1.814 3.6864 2.415 4 0 0.402 0 0 0 0 0 -1 -1e-30 0 0.7044 0.287 0.001131 0.0008366 0.003748 -1 0.008611 0.235 0.114 -0.597 -0.864 -1.255 -1.641 -1.781 -1.295 -1.799 -1.068 -1.353 -1.696
0.0084736 -0.25 9.60746 1.276621699 2.51671686 1.24 1.817 3.6862 2.411 4 0 0.402 0 0 0 0 0 -1 -1e-30 0 0.7044 0.287 0.001131 0.0008367 0.003748 -1 0.008611 0.227 0.107 -0.604 -0.872 -1.263 -1.649 -1.79 -1.303 -1.808 -1.076 -1.362 -1.704
0.0084736 -0.25 9.60746 1.276903391 2.516750476 1.24 1.825 3.6855 2.401 4 0 0.402 0 0 0 0 0 -1 -1e-30 0 0.7044 0.287 0.00113 0.0008369 0.003748 -1 0.008611 0.208 0.09 -0.624 -0.892 -1.285 -1.673 -1.814 -1.325 -1.832 -1.098 -1.384 -1.728
0.0084736 -0.25 9.60746 1.277190089 2.516784673 1.24 1.846 3.6833 2.371 4 0 0.402 0 0 0 0 0 -1 -1e-30 0 0.7044 0.287 0.00113 0.000837 0.003748 -1 0.00861 0.156 0.044 -0.677 -0.949 -1.345 -1.737 -1.881 -1.387 -1.899 -1.157 -1.446 -1.794
0.0084736 -0.25 9.60746 1.277463913 2.516817317 1.241 1.884 3.6796 2.319 4 0 0.402 0 0 0 0 0 -1 -1e-30 0 0.7044 0.287 0.00113 0.0008372 0.003748 -1 0.00861 0.061 -0.041 -0.773 -1.051 -1.454 -1.853 -2.001 -1.499 -2.02 -1.264 -1.558 -1.914
0.0084736 -0.25 9.60746 1.277592421 2.516832631 1.241 1.921 3.676 2.266 4 0 0.402 0 0 0 0 0 -1 -1e-30 0 0.7044 0.287 0.00113 0.0008373 0.003748 -1 0.00861 -0.033 -0.124 -0.869 -1.153 -1.562 -1.969 -2.121 -1.609 -2.14 -1.371 -1.669 -2.032
0.0084736 -0.25 9.60746 1.277656317 2.516840245 1.241 1.959 3.6725 2.214 4 0 0.402 0 0 0 0 0 -1 -1e-30 0 0.7044 0.287 0.00113 0.0008373 0.003748 -1 0.00861 -0.128 -0.208 -0.964 -1.254 -1.67 -2.084 -2.24 -1.719 -2.259 -1.477 -1.779 -2.15
0.0084736 -0.25 9.60746 1.27768743 2.516843952 1.241 1.998 3.6689 2.162 4 0 0.402 0 0 0 0 0 -1 -1e-30 0 0.7044 0.287 0.00113 0.0008373 0.003748 -1 0.00861 -0.225 -0.292 -1.061 -1.357 -1.779 -2.2 -2.36 -1.831 -2.38 -1.585 -1.891 -2.269
0.0084736 -0.25 9.60746 1.277703047 2.516845812 1.241 2.036 3.6655 2.109 4 0 0.402 0 0 0 0 0 -1 -1e-30 0 0.7044 0.287 0.00113 0.0008373 0.003748 -1 0.00861 -0.321 -0.376 -1.158 -1.459 -1.887 -2.316 -2.48 -1.942 -2.5 -1.692 -2.003 -2.388
0.0084736 -0.25 9.60746 1.277711511 2.516846821 1.241 2.074 3.6622 2.059 4 0 0.402 0 0 0 0 0 -1 -1e-30 0 0.7044 0.287 0.00113 0.0008373 0.003748 -1 0.00861 -0.415 -0.458 -1.251 -1.558 -1.992 -2.428 -2.596 -2.05 -2.617 -1.796 -2.111 -2.503
0.0084736 -0.25 9.60746 1.277716875 2.51684746 1.241 2.109 3.6591 2.011 7 0 0.402 0 0 0 0 0 -1 -9.15e-15 0 0.7044 0.2864 0.00113 0.0008373 0.003748 -1 0.009223 -0.503 -0.534 -1.338 -1.65 -2.09 -2.533 -2.705 -2.151 -2.726 -1.893 -2.212 -2.611
0.0084736 -0.25 9.60746 1.277719736 2.5168478 1.241 2.133 3.657 1.979 7 0 0.402 0 0 0 0 0 -1 -1.01e-14 0 0.7044 0.2864 0.00113 0.0008373 0.003748 -1 0.009224 -0.563 -0.587 -1.398 -1.714 -2.158 -2.603 -2.778 -2.219 -2.799 -1.959 -2.28 -2.683
0.0084736 -0.25 9.60746 1.277724743 2.516848397 1.241 2.176 3.6534 1.921 7 0 0.402 0 0 0 0 0 -1 -1.19e-14 0 0.7044 0.2864 0.00113 0.0008373 0.003748 -1 0.009224 -0.67 -0.68 -1.503 -1.825 -2.276 -2.726 -2.904 -2.338 -2.928 -2.075 -2.4 -2.808
0.0084736 -0.25 9.60746 1.277728915 2.516848894 1.241 2.203 3.6511 1.885 7 0 0.402 0 0 0 0 0 -1 -1.31e-14 0 0.7044 0.2864 0.00113 0.0008373 0.003748 -1 0.009224 -0.737 -0.738 -1.568 -1.895 -2.35 -2.803 -2.984 -2.413 -3.009 -2.147 -2.475 -2.886
0.0084736 -0.25 9.60746 1.277733087 2.516849391 1.241 2.222 3.6494 1.859 7 0 0.402 0 0 0 0 0 -1 -1.39e-14 0 0.7044 0.2864 0.00113 0.0008373 0.003748 -1 0.009224 -0.786 -0.781 -1.615 -1.946 -2.404 -2.859 -3.041 -2.468 -3.068 -2.2 -2.53 -2.943
0.0084736 -0.25 9.60746 1.277740121 2.516850229 1.241 2.231 3.6487 1.848 7 0 0.402 0 0 0 0 0 -1 -1.39e-14 0 0.7044 0.2864 0.00113 0.0008373 0.003748 -1 0.009224 -0.807 -0.798 -1.635 -1.967 -2.426 -2.882 -3.066 -2.49 -3.092 -2.222 -2.553 -2.967
0.0084736 -0.25 9.60746 1.277749181 2.516851308 1.241 2.202 3.6512 1.887 7 0 0.402 0 0 0 0 0 -1 -1.25e-14 0 0.7044 0.2864 0.00113 0.0008373 0.003748 -1 0.009224 -0.734 -0.736 -1.565 -1.892 -2.346 -2.799 -2.98 -2.41 -3.005 -2.144 -2.472 -2.882
0.0084736 -0.25 9.60746 1.27775979 2.516852572 1.241 2.185 3.6527 1.909 7 0 0.402 0 0 0 0 0 -1 -1.21e-14 0 0.7044 0.2864 0.00113 0.0008374 0.003748 -1 0.009224 -0.693 -0.7 -1.525 -1.849 -2.301 -2.752 -2.931 -2.364 -2.955 -2.099 -2.425 -2.834
0.0084736 -0.25 9.60746 1.277784824 2.516855554 1.241 2.161 3.6548 1.942 7 0 0.402 0 0 0 0 0 -1 -1.12e-14 0 0.7044 0.2864 0.00113 0.0008374 0.003748 -1 0.009224 -0.632 -0.647 -1.465 -1.785 -2.233 -2.682 -2.859 -2.295 -2.882 -2.033 -2.357 -2.762
0.0084736 -0.25 9.60746 1.277923226 2.516872038 1.24 2.169 3.654 1.931 7 0 0.402 0 0 0 0 0 -1 -4.19e-10 0 0.7044 0.2862 0.00113 0.0008374 0.003748 -1 0.0094 -0.652 -0.665 -1.485 -1.807 -2.256 -2.706 -2.883 -2.318 -2.907 -2.055 -2.38 -2.787
0.0084736 -0.25 9.60746 1.278048515 2.516886957 1.24 2.205 3.6508 1.881 7 0 0.402 0 0 0 0 0 -1 -5.08e-10 0 0.7044 0.2862 0.00113 0.0008375 0.003748 -1 0.0094 -0.744 -0.744 -1.574 -1.902 -2.357 -2.81 -2.991 -2.42 -3.017 -2.154 -2.482 -2.894
0.0084736 -0.25 9.60746 1.278158426 2.516900042 1.24 2.251 3.6469 1.82 7 0 0.402 0 0 0 0 0 -1 -6.46e-10 0 0.7044 0.2862 0.00113 0.0008376 0.003748 -1 0.0094 -0.857 -0.84 -1.683 -2.019 -2.481 -2.94 -3.125 -2.546 -3.153 -2.276 -2.609 -3.026
0.0084736 -0.25 9.60746 1.278252482 2.516911237 1.239 2.295 3.6431 1.761 7 0 0.402 0 0 0 0 0 -1 -8.07e-10 0 0.7044 0.2862 0.00113 0.0008376 0.003748 -1 0.009399 -0.967 -0.933 -1.788 -2.132 -2.601 -3.065 -3.254 -2.667 -3.284 -2.393 -2.731 -3.153
0.0084736 -0.25 9.60746 1.278331876 2.516920686 1.238 2.337 3.6396 1.704 7 0 0.402 0 0 0 0 0 -1 -1e-09 0 0.7044 0.2862 0.00113 0.0008377 0.003748 -1 0.009399 -1.073 -1.023 -1.89 -2.241 -2.717 -3.185 -3.379 -2.785 -3.411 -2.506 -2.848 -3.276
0.0084736 -0.25 9.60746 1.278399706 2.516928757 1.238 2.379 3.636 1.648 7 0 0.402 0 0 0 0 0 -1 -1.24e-09 0 0.7044 0.2862 0.00113 0.0008377 0.003748 -1 0.009399 -1.177 -1.108 -1.988 -2.347 -2.83 -3.302 -3.5 -2.899 -3.535 -2.617 -2.963 -3.396
0.0084736 -0.25 9.60746 1.278458238 2.516935721 1.237 2.42 3.6326 1.593 7 0 0.402 0 0 0 0 0 -1 -1.52e-09 0 0.7044 0.2862 0.00113 0.0008377 0.003748 -1 0.009399 -1.279 -1.192 -2.083 -2.45 -2.941 -3.417 -3.619 -3.01 -3.657 -2.724 -3.074 -3.513
0.0084736 -0.25 9.60746 1.278509259 2.516941791 1.236 2.46 3.6292 1.539 7 0 0.402 0 0 0 0 0 -1 -1.87e-09 0 0.7044 0.2862 0.00113 0.0008378 0.003748 -1 0.009399 -1.379 -1.274 -2.177 -2.551 -3.049 -3.529 -3.736 -3.12 -3.776 -2.83 -3.184 -3.628
0.0084736 -0.25 9.60746 1.278555036 2.516947237 1.235 2.5 3.6258 1.485 7 0 0.402 0 0 0 0 0 -1 -2.28e-09 0 0.7044 0.2862 0.00113 0.0008378 0.003748 -1 0.009373 -1.479 -1.354 -2.27 -2.653 -3.157 -3.642 -3.853 -3.23 -3.896 -2.936 -3.294 -3.745
0.0084736 -0.25 9.60746 1.27859664 2.516952185 1.234 2.54 3.6223 1.431 7 0 0.402 9.07 6.76 4.8 3.67 2.98 4 -2.79e-09 0 0.7044 0.2862 0.00113 0.0008379 0.003748 -1 0.009336 -1.58 -1.433 -2.367 -2.756 -3.267 -3.76 -3.976 -3.343 -4.02 -3.045 -3.408 -3.866
0.0084736 -0.25 9.60746 1.278634787 2.516956722 1.233 2.58 3.6179 1.373 7 0 0.402 10.22 7.51 5.31 4.06 3.3 4 -3.42e-09 0 0.7044 0.2862 0.00113 0.0008379 0.003748 -1 0.009334 -1.68 -1.504 -2.461 -2.859 -3.379 -3.881 -4.104 -3.459 -4.15 -3.155 -3.524 -3.993
0.0084736 -0.25 9.60746 1.278670549 2.516960976 1.232 2.62 3.6121 1.309 7 0 0.402 11.65 8.43 5.93 4.54 3.69 4 -4.19e-09 0 0.7044 0.2862 0.001129 0.0008382 0.003748 -1 0.009334 -1.781 -1.564 -2.552 -2.963 -3.494 -4.01 -4.241 -3.581 -4.289 -3.269 -3.645 -4.128
0.0084736 -0.25 9.60746 1.278703451 2.516964889 1.231 2.66 3.6087 1.254 7 0 0.401 13.02 9.3 6.51 4.99 4.06 4 -5.1e-09 0 0.7044 0.2862 0.001128 0.0008391 0.003748 -1 0.00933 -1.881 -1.639 -2.647 -3.065 -3.602 -4.125 -4.362 -3.692 -4.411 -3.376 -3.757 -4.248
0.0084736 -0.25 9.60746 1.278734803 2.516968617 1.229 2.7 3.6052 1.2 7 0 0.4 14.54 10.25 7.15 5.49 4.46 4 -6.22e-09 0 0.7044 0.2862 0.001125 0.0008417 0.003748 -1 0.00933 -1.98 -1.711 -2.74 -3.166 -3.71 -4.24 -4.483 -3.804 -4.534 -3.483 -3.869 -4.368
0.0084736 -0.25 9.60746 1.278764009 2.51697209 1.227 2.74 3.6018 1.146 7 0 0.399 16.26 11.3 7.85 6.03 4.9 3 -7.54e-09 0 0.7044 0.2863 0.001122 0.0008458 0.003748 -1 0.009307 -2.08 -1.784 -2.834 -3.268 -3.818 -4.356 -4.605 -3.916 -4.656 -3.591 -3.98 -4.488
0.0084736 -0.25 9.60746 1.278791904 2.516975407 1.225 2.779 3.5984 1.092 7 0 0.398 18.14 12.45 8.6 6.62 5.39 3 -9.12e-09 0 0.7044 0.2863 0.001118 0.0008504 0.003748 -1 0.009305 -2.178 -1.852 -2.926 -3.367 -3.924 -4.469 -4.724 -4.025 -4.777 -3.696 -4.09 -4.606
0.0084736 -0.25 9.60746 1.278820038 2.516978752 1.222 2.818 3.5948 1.038 7 0 0.396 20.28 13.73 9.45 7.28 5.92 3 -1.11e-08 0 0.7044 0.2863 0.001114 0.0008545 0.003748 -1 0.009311 -2.276 -1.917 -3.017 -3.467 -4.031 -4.583 -4.844 -4.136 -4.899 -3.802 -4.2 -4.725
0.0084736 -0.25 9.60746 1.278846502 2.516981898 1.219 2.857 3.5912 0.983 7 0 0.395 22.66 15.14 10.37 8.01 6.51 3 -1.33e-08 0 0.7044 0.2863 0.001112 0.0008579 0.003748 -1 0.009311 -2.373 -1.981 -3.108 -3.566 -4.137 -4.697 -4.963 -4.246 -5.02 -3.907 -4.31 -4.843
0.0084736 -0.25 9.60746 1.278867245 2.516984364 1.216 2.894 3.5877 0.931 7 0 0.395 25.22 16.62 11.34 8.77 7.14 3 -1.59e-08 0 0.7044 0.2863 0.00111 0.0008605 0.003748 -1 0.009311 -2.466 -2.037 -3.194 -3.661 -4.238 -4.805 -5.078 -4.351 -5.136 -4.007 -4.415 -4.956
0.0084736 -0.25 9.60746 1.278880596 2.516985952 1.214 2.926 3.5847 0.887 7 0 0.394 27.61 18 12.23 9.47 7.71 3 -1.85e-08 0 0.7044 0.2863 0.001108 0.0008628 0.003748 -1 0.009311 -2.545 -2.081 -3.267 -3.741 -4.324 -4.897 -5.175 -4.44 -5.234 -4.093 -4.504 -5.052
0.0084736 -0.25 9.60746 1.278891206 2.516987213 1.212 2.956 3.5817 0.844 7 0 0.394 30.15 19.45 13.17 10.21 8.31 3 -2.16e-08 0 0.7044 0.2863 0.001106 0.0008646 0.003748 -1 0.009311 -2.621 -2.124 -3.337 -3.82 -4.408 -4.987 -5.269 -4.527 -5.33 -4.176 -4.591 -5.146
0.0084736 -0.25 9.60746 1.278900981 2.516988375 1.21 2.991 3.5783 0.795 7 0 0.393 33.34 21.24 14.33 11.13 9.06 2 -2.53e-08 0 0.7044 0.2863 0.001104 0.0008666 0.003748 -1 0.009311 -2.708 -2.168 -3.417 -3.909 -4.504 -5.089 -5.376 -4.626 -5.44 -4.271 -4.69 -5.253
0.0084736 -0.25 9.60746 1.278909802 2.516989424 1.207 3.026 3.5748 0.745 7 0 0.393 36.9 23.22 15.6 12.13 9.88 2 -2.96e-08 0 0.7044 0.2863 0.001103 0.0008683 0.003747 -1 0.009311 -2.794 -2.205 -3.496 -3.998 -4.6 -5.191 -5.484 -4.726 -5.549 -4.365 -4.789 -5.359
0.0084736 -0.25 9.60746 1.278918743 2.516990487 1.204 3.064 3.5708 0.69 7 0 0.392 41.33 25.65 17.15 13.36 10.88 2 -3.54e-08 0 0.7044 0.2863 0.001102 0.0008696 0.003747 -1 0.009314 -2.89 -2.244 -3.583 -4.097 -4.706 -5.305 -5.604 -4.836 -5.672 -4.47 -4.899 -5.479
0.0084736 -0.25 9.60746 1.278926372 2.516991393 1.202 3.099 3.5671 0.639 7 0 0.392 45.85 28.09 18.71 14.59 11.89 2 -4.14e-08 0 0.7044 0.2863 0.001101 0.0008707 0.003747 -1 0.009315 -2.977 -2.267 -3.66 -4.188 -4.803 -5.408 -5.713 -4.937 -5.783 -4.566 -5 -5.587
0.0084736 -0.25 9.60746 1.278935194 2.516992442 1.198 3.139 3.5625 0.579 7 0 0.392 51.83 31.28 20.73 16.19 13.2 2 -4.99e-08 0 0.7044 0.2863 0.001101 0.0008715 0.003747 -1 0.009315 -3.078 -2.288 -3.749 -4.293 -4.917 -5.53 -5.842 -5.055 -5.913 -4.678 -5.118 -5.714
0.0084736 -0.25 9.60746 1.278944492 2.516993547 1.192 3.181 3.5577 0.517 7 0 0.392 58.91 35 23.07 18.06 14.72 2 -6.09e-08 0 0.7044 0.2863 0.0011 0.0008718 0.003747 -1 0.009315 -3.182 -2.299 -3.838 -4.402 -5.034 -5.655 -5.975 -5.177 -6.049 -4.793 -5.24 -5.845
0.0084736 -0.25 9.60746 1.278949022 2.516994086 1.19 3.203 3.5551 0.483 7 0 0.391 63.18 37.2 24.46 19.16 15.62 2 -6.77e-08 0 0.7044 0.2863 0.0011 0.0008719 0.003747 -1 0.009315 -3.238 -2.297 -3.885 -4.461 -5.099 -5.724 -6.047 -5.244 -6.123 -4.856 -5.306 -5.917
0.0084736 -0.25 9.60746 1.278950334 2.516994242 1.189 3.218 3.5533 0.46 7 0 0.391 66.14 38.73 25.41 19.92 16.24 2 -7.23e-08 0 0.7044 0.2863 0.0011 0.000872 0.003747 -1 0.009315 -3.275 -2.295 -3.916 -4.501 -5.142 -5.769 -6.094 -5.288 -6.171 -4.898 -5.35 -5.964
0.0084736 -0.25 9.60746 1.27895236 2.516994483 1.187 3.225 3.5524 0.449 7 0 0.391 67.67 39.51 25.91 20.31 16.56 2 -7.47e-08 0 0.7044 0.2863 0.0011 0.0008722 0.003747 -1 0.009309 -3.293 -2.293 -3.931 -4.52 -5.162 -5.791 -6.118 -5.309 -6.195 -4.918 -5.372 -5.987
0.0084736 -0.25 9.60746 1.278952479 2.516994497 1.187 3.208 3.5544 0.474 7 0 0.391 64.33 37.79 24.83 19.46 15.86 2 -6.96e-08 0 0.7044 0.2863 0.0011 0.0008722 0.003747 -1 0.009309 -3.251 -2.295 -3.896 -4.476 -5.114 -5.74 -6.064 -5.26 -6.14 -4.871 -5.322 -5.934
0.0084736 -0.25 9.60746 1.278952599 2.516994511 1.187 3.236 3.5508 0.431 7 0 0.391 70.18 40.79 26.71 20.95 17.08 2 -7.84e-08 0 0.7044 0.2863 0.001099 0.0008731 0.003747 -1 0.009309 -3.321 -2.287 -3.954 -4.55 -5.196 -5.827 -6.155 -5.344 -6.234 -4.95 -5.406 -6.024
0.0084736 -0.25 9.60746 1.278952718 2.516994525 1.187 3.235 3.5512 0.435 7 0 0.391 69.7 40.55 26.55 20.83 16.98 2 -7.77e-08 0 0.7044 0.2863 0.001099 0.0008734 0.003747 -1 0.009309 -3.316 -2.291 -3.951 -4.545 -5.19 -5.82 -6.148 -5.338 -6.227 -4.944 -5.4 -6.018
0.0084736 -0.25 9.60746 1.278952837 2.516994539 1.187 3.188 3.5567 0.503 7 0 0.391 60.55 35.84 23.6 18.48 15.06 2 -6.37e-08 0 0.7044 0.2863 0.001099 0.0008734 0.003747 -1 0.009309 -3.201 -2.296 -3.854 -4.422 -5.057 -5.679 -6 -5.2 -6.075 -4.815 -5.263 -5.871
0.0084736 -0.25 9.60746 1.278953075 2.516994568 1.187 3.182 3.5575 0.513 7 0 0.391 59.34 35.21 23.21 18.17 14.81 2 -6.21e-08 0 0.7044 0.2863 0.001099 0.0008734 0.003747 -1 0.009309 -3.184 -2.295 -3.84 -4.404 -5.038 -5.659 -5.978 -5.18 -6.053 -4.796 -5.243 -5.849
0.0084736 -0.25 9.60746 1.278953552 2.516994624 1.186 3.17 3.5587 0.528 7 0 0.391 57.43 34.21 22.58 17.67 14.4 2 -5.91e-08 0 0.7044 0.2863 0.001099 0.0008735 0.003747 -1 0.009309 -3.156 -2.294 -3.816 -4.375 -5.006 -5.626 -5.943 -5.148 -6.017 -4.765 -5.21 -5.814
0.0084736 -0.25 9.60746 1.278954148 2.516994695 1.186 3.143 3.5618 0.568 7 0 0.391 52.87 31.83 21.07 16.47 13.42 2 -5.25e-08 0 0.7044 0.2863 0.001099 0.0008735 0.003747 -1 0.009309 -3.087 -2.284 -3.756 -4.303 -4.928 -5.542 -5.855 -5.067 -5.927 -4.689 -5.13 -5.727
0.0084736 -0.25 9.60746 1.278954625 2.516994752 1.186 3.167 3.559 0.533 7 0 0.391 56.92 33.95 22.41 17.53 14.29 2 -5.86e-08 0 0.7044 0.2863 0.001099 0.0008735 0.003747 -1 0.009309 -3.148 -2.293 -3.81 -4.367 -4.997 -5.616 -5.934 -5.139 -6.007 -4.757 -5.202 -5.805
0.0084736 -0.25 9.60746 1.278955221 2.516994823 1.185 3.189 3.5565 0.501 7 0 0.391 60.82 35.98 23.69 18.55 15.12 2 -6.43e-08 0 0.7044 0.2863 0.001099 0.0008735 0.003747 -1 0.009309 -3.203 -2.293 -3.856 -4.425 -5.06 -5.683 -6.004 -5.203 -6.079 -4.818 -5.266 -5.874
0.0084736 -0.25 9.60746 1.278955936 2.516994908 1.185 3.215 3.5535 0.463 7 0 0.391 65.76 38.53 25.29 19.82 16.16 2 -7.22e-08 0 0.7044 0.2863 0.001099 0.0008735 0.003747 -1 0.009309 -3.268 -2.292 -3.91 -4.493 -5.134 -5.761 -6.086 -5.28 -6.163 -4.89 -5.342 -5.956
0.0084736 -0.25 9.60746 1.278956533 2.516994979 1.184 3.238 3.5507 0.428 7 0 0.391 70.61 41.01 26.84 21.06 17.17 2 -7.99e-08 0 0.7044 0.2863 0.001099 0.0008735 0.003747 -1 0.009309 -3.326 -2.289 -3.958 -4.555 -5.201 -5.832 -6.16 -5.349 -6.239 -4.955 -5.411 -6.03
0.0084736 -0.25 9.60746 1.278957486 2.516995092 1.184 3.264 3.5474 0.388 7 0 0.391 76.63 44.05 28.74 22.57 18.41 2 -8.91e-08 0 0.7044 0.2863 0.001099 0.0008736 0.003747 -1 0.00932 -3.391 -2.271 -4.009 -4.625 -5.277 -5.912 -6.246 -5.427 -6.326 -5.029 -5.49 -6.114
0.0084736 -0.25 9.60746 1.278958798 2.516995248 1.182 3.301 3.5429 0.334 7 0.53 0.391 85.76 48.62 31.58 24.84 20.26 2 -1.04e-07 0 0.7044 0.2863 0.001099 0.000874 0.003747 -1 0.009334 -3.482 -2.242 -4.077 -4.72 -5.382 -6.023 -6.363 -5.536 -6.446 -5.13 -5.598 -6.23
0.0084736 -0.25 9.60746 1.278960586 2.51699546 1.18 3.338 3.5382 0.276 7 0.529 0.391 96.51 53.91 34.85 27.46 22.4 1 -1.24e-07 0 0.7044 0.2863 0.001098 0.0008747 0.003747 -1 0.009334 -3.576 -2.203 -4.143 -4.819 -5.492 -6.138 -6.484 -5.648 -6.571 -5.234 -5.711 -6.35
0.0084736 -0.25 9.60746 1.278960705 2.516995474 1.18 3.338 3.5382 0.276 8 0.529 0.411 96.52 53.91 34.85 27.46 22.4 1 -1.24e-07 0 0.7044 0.287 0.001157 0.0008756 0.003756 -1 0.008574 -3.576 -2.203 -4.143 -4.819 -5.492 -6.138 -6.484 -5.648 -6.571 -5.234 -5.711 -6.35
0.0084736 -0.25 9.60746 1.278960824 2.516995489 1.179 3.097 3.5658 0.628 8 0.529 0.411 46.7 28.54 18.98 14.82 12.07 2 -4.38e-08 0 0.7044 0.287 0.001157 0.0008756 0.003756 -1 0.008574 -2.972 -2.24 -3.652 -4.184 -4.802 -5.409 -5.716 -4.937 -5.786 -4.564 -5 -5.589
0.0084736 -0.25 9.60746 1.278961062 2.516995517 1.179 2.993 3.5778 0.78 8 0.529 0.411 34.14 21.69 14.61 11.36 9.24 2 -2.76e-08 0 0.7044 0.287 0.001157 0.0008756 0.003756 -1 0.008574 -2.712 -2.164 -3.42 -3.914 -4.51 -5.096 -5.384 -4.633 -5.448 -4.276 -4.696 -5.26
0.0084736 -0.25 9.60746 1.278961539 2.516995574 1.178 2.802 3.5997 1.058 8 0.529 0.411 19.24 13.12 9.04 6.97 5.67 3 -1.15e-08 0 0.7044 0.287 0.001157 0.0008756 0.003756 -1 0.008574 -2.236 -1.923 -2.987 -3.425 -3.98 -4.521 -4.773 -4.079 -4.827 -3.751 -4.144 -4.656
0.0084736 -0.25 9.60746 1.278962135 2.516995645 1.177 2.818 3.5977 1.033 8 0.53 0.411 20.23 13.72 9.43 7.28 5.92 3 -1.25e-08 0 0.7044 0.287 0.001157 0.0008756 0.003756 -1 0.008574 -2.276 -1.944 -3.023 -3.467 -4.025 -4.57 -4.826 -4.127 -4.88 -3.796 -4.191 -4.708
0.0084736 -0.25 9.60746 1.27896297 2.516995744 1.176 2.934 3.584 0.862 8 0.53 0.411 28.78 18.67 12.66 9.82 7.99 3 -2.13e-08 0 0.7044 0.287 0.001157 0.0008756 0.003756 -1 0.008574 -2.566 -2.095 -3.286 -3.763 -4.348 -4.921 -5.2 -4.464 -5.26 -4.116 -4.528 -5.077
0.0084736 -0.25 9.60746 1.278963924 2.516995857 1.175 3.096 3.565 0.624 8 0.53 0.411 47.05 28.72 19.1 14.91 12.15 2 -4.42e-08 0 0.7044 0.287 0.001157 0.0008756 0.003756 -1 0.008574 -2.97 -2.224 -3.648 -4.183 -4.802 -5.411 -5.719 -4.938 -5.79 -4.564 -5.001 -5.592
0.0084736 -0.25 9.60746 1.278965235 2.516996013 1.173 3.236 3.5484 0.417 8 0.53 0.411 72.06 41.72 27.28 21.42 17.46 2 -8.14e-08 0 0.7044 0.287 0.001157 0.0008756 0.003756 -1 0.008574 -3.32 -2.227 -3.943 -4.552 -5.202 -5.836 -6.168 -5.352 -6.248 -4.955 -5.414 -6.037
0.0084736 -0.25 9.60746 1.278966665 2.516996183 1.171 3.33 3.5372 0.278 8 0.53 0.411 96.08 53.68 34.7 27.34 22.31 1 -1.22e-07 0 0.7044 0.287 0.001157 0.0008756 0.003756 -1 0.008574 -3.554 -2.153 -4.115 -4.799 -5.474 -6.122 -6.468 -5.63 -6.555 -5.215 -5.693 -6.334
0.0084736 -0.25 9.60746 1.278968215 2.516996367 1.169 3.382 3.5306 0.198 8 0.531 0.411 113.19 61.95 39.79 31.42 25.64 1 -1.53e-07 0 0.7044 0.287 0.001157 0.0008756 0.003756 -1 0.008574 -3.686 -2.088 -4.2 -4.938 -5.628 -6.282 -6.637 -5.787 -6.728 -5.361 -5.851 -6.501
0.0084736 -0.25 9.60746 1.278970122 2.516996594 1.166 3.41 3.5268 0.154 8 0.531 0.411 123.96 67.07 42.92 33.94 27.7 1 -1.73e-07 0 0.7044 0.287 0.001157 0.0008756 0.003756 -1 0.008574 -3.756 -2.03 -4.231 -5.01 -5.712 -6.368 -6.728 -5.871 -6.823 -5.438 -5.936 -6.591
0.0084736 -0.25 9.60746 1.278972149 2.516996835 1.163 3.43 3.524 0.122 8 0.531 0.411 132.31 70.99 45.31 35.86 29.28 1 -1.89e-07 0 0.7044 0.287 0.001157 0.0008756 0.003756 -1 0.008574 -3.805 -1.98 -4.248 -5.06 -5.77 -6.429 -6.792 -5.93 -6.889 -5.491 -5.995 -6.655
0.0084736 -0.25 9.60746 1.278972268 2.516996849 1.163 3.253 3.5445 0.381 8 0.531 0.411 77.52 44.46 28.98 22.78 18.58 2 -8.95e-08 0 0.7044 0.287 0.001157 0.0008756 0.003756 -1 0.008574 -3.362 -2.165 -3.965 -4.598 -5.256 -5.896 -6.233 -5.409 -6.315 -5.006 -5.472 -6.101
0.0084736 -0.25 9.60746 1.278972506 2.516996877 1.162 3.09 3.5633 0.618 8 0.531 0.411 47.45 28.93 19.23 15.02 12.23 2 -4.43e-08 0 0.7044 0.287 0.001157 0.0008756 0.003756 -1 0.008574 -2.955 -2.179 -3.629 -4.17 -4.792 -5.404 -5.715 -4.93 -5.786 -4.554 -4.992 -5.587
0.0084736 -0.25 9.60746 1.278973103 2.516996948 1.162 2.898 3.5855 0.899 8 0.532 0.411 26.57 17.41 11.84 9.18 7.47 3 -1.88e-08 0 0.7044 0.287 0.001157 0.0008756 0.003756 -1 0.008574 -2.475 -2.021 -3.198 -3.671 -4.253 -4.824 -5.1 -4.368 -5.159 -4.021 -4.431 -4.978
0.0084736 -0.25 9.60746 1.278973818 2.516997033 1.16 2.911 3.5839 0.879 8 0.532 0.411 27.71 18.07 12.26 9.51 7.74 3 -2e-08 0 0.7044 0.287 0.001157 0.0008756 0.003756 -1 0.008574 -2.509 -2.036 -3.229 -3.706 -4.29 -4.865 -5.143 -4.407 -5.204 -4.059 -4.471 -5.021
0.0084736 -0.25 9.60746 1.278974771 2.516997147 1.159 3.022 3.5708 0.715 8 0.532 0.411 38.83 24.27 16.26 12.67 10.31 2 -3.32e-08 0 0.7044 0.287 0.001157 0.0008756 0.003756 -1 0.008574 -2.786 -2.14 -3.479 -3.993 -4.601 -5.201 -5.5 -4.732 -5.567 -4.366 -4.795 -5.374
0.0084736 -0.25 9.60746 1.278975964 2.516997288 1.157 3.178 3.5526 0.486 8 0.532 0.411 62.27 36.69 24.12 18.91 15.41 2 -6.58e-08 0 0.7044 0.287 0.001157 0.0008756 0.003756 -1 0.008574 -3.174 -2.18 -3.813 -4.4 -5.041 -5.671 -5.997 -5.189 -6.074 -4.798 -5.251 -5.867
0.0084736 -0.25 9.60746 1.278977394 2.516997458 1.154 3.31 3.5369 0.29 8 0.533 0.411 93.36 52.29 33.83 26.67 21.75 1 -1.17e-07 0 0.7044 0.287 0.001157 0.0008756 0.003756 -1 0.008574 -3.505 -2.098 -4.064 -4.75 -5.425 -6.074 -6.421 -5.582 -6.507 -5.167 -5.645 -6.286
0.0084736 -0.25 9.60746 1.278978944 2.516997642 1.151 3.396 3.5266 0.161 8 0.533 0.411 121.72 65.94 42.22 33.39 27.25 1 -1.69e-07 0 0.7044 0.287 0.001157 0.0008756 0.003756 -1 0.008574 -3.721 -1.987 -4.193 -4.975 -5.677 -6.334 -6.694 -5.837 -6.788 -5.403 -5.901 -6.557
0.0084736 -0.25 9.60746 1.278980851 2.516997869 1.148 3.441 3.5211 0.093 8 0.533 0.411 139.99 74.5 47.43 37.59 30.69 1 -2.05e-07 0 0.7044 0.287 0.001157 0.0008756 0.003756 -1 0.008574 -3.832 -1.903 -4.242 -5.088 -5.808 -6.469 -6.837 -5.968 -6.935 -5.523 -6.034 -6.698
0.0084736 -0.25 9.60746 1.278982997 2.516998124 1.145 3.461 3.5185 0.062 8 0.534 0.411 149.36 78.81 50.05 39.7 32.41 1 -2.25e-07 0 0.7044 0.287 0.001157 0.0008756 0.003756 -1 0.008574 -3.882 -1.852 -4.254 -5.137 -5.866 -6.529 -6.9 -6.027 -7.001 -5.576 -6.093 -6.761
0.0084736 -0.25 9.60746 1.278985381 2.516998408 1.141 3.471 3.517 0.044 8 0.534 0.411 154.84 81.31 51.56 40.92 33.41 1 -2.37e-07 0 0.7044 0.287 0.001157 0.0008756 0.003756 -1 0.008574 -3.908 -1.819 -4.255 -5.161 -5.898 -6.561 -6.933 -6.057 -7.036 -5.604 -6.124 -6.794
0.0084736 -0.25 9.60746 1.2789855 2.516998422 1.14 3.303 3.5369 0.292 8 0.534 0.411 92.76 51.95 33.61 26.5 21.62 1 -1.17e-07 0 0.7044 0.287 0.001157 0.0008756 0.003756 -1 0.008574 -3.487 -2.078 -4.045 -4.732 -5.407 -6.055 -6.402 -5.564 -6.489 -5.148 -5.627 -6.268
0.0084736 -0.25 9.60746 1.278985858 2.516998464 1.139 3.141 3.556 0.529 8 0.535 0.411 56.76 33.82 22.31 17.48 14.24 2 -5.89e-08 0 0.7044 0.287 0.001157 0.0008756 0.003756 -1 0.008574 -3.083 -2.162 -3.734 -4.305 -4.941 -5.566 -5.887 -5.086 -5.962 -4.699 -5.148 -5.757
0.0084736 -0.25 9.60746 1.278986335 2.516998521 1.138 2.949 3.5787 0.812 8 0.535 0.411 31.65 20.29 13.7 10.65 8.67 2 -2.53e-08 0 0.7044 0.287 0.001157 0.0008756 0.003756 -1 0.008574 -2.604 -2.069 -3.314 -3.804 -4.398 -4.983 -5.27 -4.521 -5.333 -4.165 -4.584 -5.146
0.0084736 -0.25 9.60746 1.278987169 2.51699862 1.136 2.963 3.577 0.791 8 0.535 0.411 33.02 21.06 14.19 11.04 8.99 2 -2.7e-08 0 0.7044 0.287 0.001157 0.0008756 0.003756 -1 0.008574 -2.637 -2.079 -3.344 -3.839 -4.436 -5.024 -5.314 -4.56 -5.377 -4.203 -4.624 -5.189
0.0084736 -0.25 9.60746 1.278988242 2.516998748 1.134 3.072 3.564 0.629 8 0.535 0.411 46.15 28.22 18.76 14.66 11.94 2 -4.41e-08 0 0.7044 0.287 0.001157 0.0008756 0.003756 -1 0.008574 -2.91 -2.145 -3.585 -4.123 -4.744 -5.356 -5.665 -4.881 -5.735 -4.506 -4.944 -5.537
0.0084736 -0.25 9.60746 1.278989553 2.516998904 1.131 3.224 3.5457 0.403 8 0.536 0.411 73.6 42.42 27.7 21.78 17.75 2 -8.58e-08 0 0.7044 0.287 0.001157 0.0008756 0.003756 -1 0.008574 -3.289 -2.125 -3.898 -4.524 -5.179 -5.818 -6.153 -5.331 -6.234 -4.93 -5.394 -6.021
0.0084736 -0.25 9.60746 1.278991222 2.516999102 1.128 3.353 3.53 0.209 8 0.536 0.411 109.81 60.16 38.66 30.56 24.93 1 -1.5e-07 0 0.7044 0.287 0.001157 0.0008756 0.003756 -1 0.008574 -3.613 -1.997 -4.123 -4.865 -5.557 -6.212 -6.567 -5.716 -6.659 -5.289 -5.78 -6.431
0.0084736 -0.25 9.60746 1.278993011 2.516999314 1.124 3.437 3.5196 0.082 8 0.537 0.411 142.64 75.58 48.07 38.13 31.12 1 -2.15e-07 0 0.7044 0.287 0.001157 0.0008756 0.003756 -1 0.008574 -3.822 -1.841 -4.214 -5.078 -5.803 -6.465 -6.834 -5.963 -6.934 -5.515 -6.029 -6.695
0.0084736 -0.25 9.60746 1.278995156 2.516999569 1.119 3.48 3.5142 0.016 8 0.537 0.411 163.68 85.19 53.89 42.83 34.97 1 -2.6e-07 0 0.7044 0.287 0.001157 0.0008756 0.003756 -1 0.008574 -3.93 -1.728 -4.231 -5.181 -5.93 -6.595 -6.97 -6.089 -7.075 -5.63 -6.157 -6.829
0.0084736 -0.25 9.60746 1.278997541 2.516999853 1.114 3.499 3.5116 -0.015 8 0.538 0.411 174.43 90.01 56.79 45.18 36.89 1 -2.85e-07 0 0.7044 0.287 0.001157 0.0008756 0.003756 -1 0.008574 -3.977 -1.67 -4.234 -5.227 -5.986 -6.652 -7.031 -6.145 -7.138 -5.68 -6.214 -6.889
0.0084736 -0.25 9.60746 1.279000163 2.517000165 1.109 3.508 3.5102 -0.033 8 0.539 0.411 180.69 92.77 58.44 46.52 37.99 1 -3e-07 0 0.7044 0.287 0.001157 0.0008756 0.003756 -1 0.008574 -4.001 -1.635 -4.234 -5.25 -6.016 -6.682 -7.062 -6.174 -7.17 -5.706 -6.243 -6.92
0.0084736 -0.25 9.60746 1.279000282 2.517000179 1.108 3.352 3.5293 0.2 8 0.539 0.411 111.5 60.88 39.09 30.92 25.22 1 -1.57e-07 0 0.7044 0.287 0.001157 0.0008756 0.003756 -1 0.008574 -3.609 -1.969 -4.111 -4.862 -5.556 -6.211 -6.568 -5.715 -6.66 -5.287 -5.779 -6.432
0.0084736 -0.25 9.60746 1.27900064 2.517000221 1.107 3.192 3.5487 0.437 8 0.539 0.411 68.25 39.67 25.96 20.41 16.63 2 -8.01e-08 0 0.7044 0.287 0.001157 0.0008756 0.003756 -1 0.008574 -3.21 -2.125 -3.834 -4.441 -5.091 -5.726 -6.057 -5.241 -6.136 -4.844 -5.304 -5.926
0.0084736 -0.25 9.60746 1.279001236 2.517000292 1.106 3.001 3.572 0.721 8 0.539 0.411 37.9 23.74 15.9 12.41 10.1 2 -3.49e-08 0 0.7044 0.287 0.001157 0.0008756 0.003756 -1 0.008574 -2.732 -2.103 -3.428 -3.938 -4.545 -5.142 -5.439 -4.674 -5.506 -4.31 -4.737 -5.314
0.0084736 -0.25 9.60746 1.27900207 2.517000391 1.103 3.015 3.5702 0.699 8 0.539 0.411 39.63 24.68 16.5 12.89 10.49 2 -3.74e-08 0 0.7044 0.287 0.001157 0.0008756 0.003756 -1 0.008574 -2.767 -2.112 -3.458 -3.974 -4.584 -5.184 -5.485 -4.715 -5.552 -4.348 -4.778 -5.358
0.0084736 -0.25 9.60746 1.279003263 2.517000533 1.1 3.122 3.5569 0.537 8 0.54 0.411 55.32 33.02 21.79 17.08 13.91 2 -6.03e-08 0 0.7044 0.287 0.001157 0.0008756 0.003756 -1 0.008574 -3.034 -2.134 -3.688 -4.255 -4.889 -5.512 -5.832 -5.033 -5.906 -4.648 -5.095 -5.702
0.0084736 -0.25 9.60746 1.279004574 2.517000689 1.096 3.27 3.5385 0.314 8 0.54 0.411 87.87 49.42 32.02 25.26 20.6 1 -1.15e-07 0 0.7044 0.287 0.001157 0.0008756 0.003756 -1 0.008574 -3.404 -2.043 -3.974 -4.647 -5.319 -5.966 -6.311 -5.475 -6.397 -5.062 -5.538 -6.177
0.0084736 -0.25 9.60746 1.279006243 2.517000887 1.091 3.396 3.5225 0.122 8 0.541 0.411 130.74 69.85 44.55 35.34 28.83 1 -1.98e-07 0 0.7044 0.287 0.001157 0.0008756 0.003756 -1 0.008574 -3.72 -1.844 -4.147 -4.976 -5.691 -6.351 -6.716 -5.851 -6.814 -5.409 -5.916 -6.578
0.0084736 -0.25 9.60746 1.279008269 2.517001128 1.086 3.478 3.512 -0.005 8 0.541 0.411 169.8 87.68 55.35 44.05 35.96 1 -2.82e-07 0 0.7044 0.287 0.001157 0.0008756 0.003756 -1 0.008574 -3.925 -1.636 -4.189 -5.175 -5.933 -6.599 -6.977 -6.092 -7.083 -5.628 -6.161 -6.835
0.0084736 -0.25 9.60746 1.279010415 2.517001383 1.079 3.521 3.5062 -0.073 8 0.542 0.411 192.93 98.98 62.14 49.56 40.47 1 -3.41e-07 0 0.7044 0.287 0.001157 0.0008756 0.003756 -1 0.008574 -4.032 -1.512 -4.194 -5.276 -6.06 -6.728 -7.11 -6.216 -7.223 -5.741 -6.287 -6.966
0.0084736 -0.25 9.60746 1.279013038 2.517001695 1.072 3.54 3.5034 -0.106 8 0.543 0.411 202.45 104.95 65.7 52.46 42.84 1 -3.76e-07 0 0.7044 0.287 0.001157 0.0008756 0.003756 -1 0.008574 -4.079 -1.446 -4.189 -5.32 -6.118 -6.786 -7.17 -6.272 -7.287 -5.792 -6.345 -7.026
0.0084736 -0.25 9.60746 1.279015779 2.517002021 1.065 3.55 3.5016 -0.126 8 0.544 0.411 208.28 108.69 67.92 54.28 44.32 1 -4e-07 0 0.7044 0.287 0.001157 0.0008756 0.003756 -1 0.008574 -4.105 -1.401 -4.181 -5.343 -6.15 -6.819 -7.203 -6.302 -7.322 -5.819 -6.376 -7.059
0.0084736 -0.25 9.60746 1.279015899 2.517002035 1.064 3.407 3.5197 0.089 8 0.544 0.411 139.4 73.68 46.85 37.23 30.37 1 -2.23e-07 0 0.7044 0.287 0.001157 0.0008756 0.003756 -1 0.008574 -3.747 -1.767 -4.139 -5.003 -5.727 -6.389 -6.759 -5.888 -6.858 -5.44 -5.954 -6.62
0.0084736 -0.25 9.60746 1.279016256 2.517002077 1.062 3.25 3.5395 0.325 8 0.544 0.411 85.35 48.07 31.16 24.61 20.05 1 -1.16e-07 0 0.7044 0.287 0.001157 0.0008756 0.003756 -1 0.008574 -3.354 -2.022 -3.93 -4.595 -5.264 -5.911 -6.255 -5.421 -6.34 -5.009 -5.483 -6.121
0.0084736 -0.25 9.60746 1.279016852 2.517002148 1.06 3.059 3.5635 0.61 8 0.544 0.411 47.13 28.67 19.03 14.91 12.14 2 -5.15e-08 0 0.7044 0.287 0.001157 0.0008756 0.003756 -1 0.008574 -2.878 -2.105 -3.552 -4.092 -4.714 -5.326 -5.636 -4.851 -5.707 -4.475 -4.914 -5.508
0.0084736 -0.25 9.60746 1.279017806 2.517002262 1.056 3.073 3.5616 0.587 8 0.544 0.411 49.39 29.86 19.77 15.51 12.62 2 -5.52e-08 0 0.7044 0.287 0.001157 0.0008756 0.003756 -1 0.008574 -2.912 -2.106 -3.581 -4.128 -4.753 -5.369 -5.682 -4.893 -5.754 -4.514 -4.955 -5.554
0.0084736 -0.25 9.60746 1.279018879 2.517002389 1.052 3.177 3.5481 0.427 8 0.545 0.411 68.81 39.84 26.04 20.51 16.71 2 -8.78e-08 0 0.7044 0.287 0.001157 0.0008756 0.003756 -1 0.008574 -3.172 -2.07 -3.793 -4.404 -5.055 -5.69 -6.022 -5.205 -6.102 -4.808 -5.268 -5.891
0.0084736 -0.25 9.60746 1.279020429 2.517002573 1.046 3.32 3.5294 0.207 8 0.545 0.411 108.71 59.26 38.04 30.15 24.58 1 -1.64e-07 0 0.7044 0.287 0.001157 0.0008756 0.003756 -1 0.008574 -3.531 -1.895 -4.034 -4.784 -5.477 -6.132 -6.488 -5.636 -6.581 -5.208 -5.7 -6.352
0.0084736 -0.25 9.60746 1.279022098 2.517002772 1.039 3.442 3.5132 0.017 8 0.546 0.411 161.1 83.35 52.68 41.97 34.25 1 -2.77e-07 0 0.7044 0.287 0.001157 0.0008756 0.003756 -1 0.008574 -3.836 -1.599 -4.122 -5.087 -5.839 -6.504 -6.881 -5.998 -6.986 -5.537 -6.066 -6.739
0.0084736 -0.25 9.60746 1.279024124 2.517003012 1.031 3.522 3.5025 -0.108 8 0.547 0.411 200.36 104.4 65.31 52.22 42.63 1 -3.91e-07 0 0.7044 0.287 0.001157 0.0008756 0.003756 -1 0.008574 -4.034 -1.366 -4.127 -5.273 -6.076 -6.745 -7.129 -6.229 -7.246 -5.748 -6.303 -6.984
0.0084736 -0.25 9.60746 1.279026389 2.517003282 1.022 3.563 3.4965 -0.177 8 0.548 0.411 221.83 117.94 73.37 58.78 48 1 -4.73e-07 0 0.7044 0.287 0.001157 0.0008757 0.003756 -1 0.008574 -4.137 -1.246 -4.119 -5.366 -6.198 -6.87 -7.255 -6.348 -7.382 -5.857 -6.424 -7.109
0.0084736 -0.25 9.60746 1.279029012 2.517003593 1.012 3.581 3.4933 -0.213 8 0.549 0.411 233.32 125.4 77.78 62.4 50.95 1 -5.25e-07 0 0.7044 0.287 0.001157 0.0008757 0.003756 -1 0.008574 -4.183 -1.181 -4.106 -5.407 -6.255 -6.928 -7.313 -6.402 -7.445 -5.907 -6.48 -7.166
0.0084736 -0.25 9.60746 1.279031873 2.517003933 1.001 3.591 3.4913 -0.236 8 0.55 0.411 240.81 130.38 80.7 64.81 52.92 1 -5.64e-07 0 0.7044 0.287 0.001157 0.0008757 0.003756 -1 0.008574 -4.208 -1.133 -4.092 -5.428 -6.287 -6.96 -7.346 -6.433 -7.481 -5.934 -6.512 -7.199
0.0084736 -0.25 9.60746 1.279031992 2.517003948 1 3.463 3.5081 -0.041 8 0.55 0.411 178.64 91.64 57.63 46.04 37.57 1 -3.37e-07 0 0.7044 0.287 0.001157 0.0008757 0.003756 -1 0.008574 -3.888 -1.444 -4.085 -5.134 -5.91 -6.577 -6.958 -6.066 -7.069 -5.595 -6.137 -6.815
0.0084736 -0.25 9.60746 1.27903235 2.51700399 0.998 3.308 3.5284 0.194 8 0.55 0.411 110.58 59.88 38.38 30.48 24.84 1 -1.79e-07 0 0.7044 0.287 0.001157 0.0008757 0.003756 -1 0.008574 -3.501 -1.831 -3.993 -4.754 -5.451 -6.107 -6.464 -5.61 -6.557 -5.18 -5.675 -6.328
0.0084736 -0.25 9.60746 1.279032946 2.517004061 0.994 3.119 3.5533 0.482 8 0.55 0.411 60.64 35.57 23.34 18.39 14.97 2 -8.13e-08 0 0.7044 0.287 0.001157 0.0008757 0.003756 -1 0.008574 -3.027 -2.047 -3.668 -4.252 -4.893 -5.521 -5.846 -5.039 -5.923 -4.649 -5.102 -5.716
0.0084736 -0.25 9.60746 1.27903378 2.51700416 0.988 3.132 3.5512 0.457 8 0.551 0.411 63.74 37.13 24.31 19.18 15.61 2 -8.78e-08 0 0.7044 0.287 0.001157 0.0008757 0.003756 -1 0.008574 -3.061 -2.035 -3.695 -4.289 -4.933 -5.565 -5.893 -5.082 -5.97 -4.688 -5.144 -5.762
0.0084736 -0.25 9.60746 1.279034972 2.517004302 0.981 3.233 3.5373 0.298 8 0.551 0.411 88.83 49.46 31.96 25.32 20.63 1 -1.38e-07 0 0.7044 0.287 0.001157 0.0008757 0.003756 -1 0.008574 -3.313 -1.917 -3.875 -4.557 -5.231 -5.88 -6.226 -5.388 -6.312 -4.973 -5.451 -6.092
0.0084736 -0.25 9.60746 1.279036283 2.517004458 0.971 3.371 3.5183 0.079 8 0.552 0.411 139.91 73.2 46.47 37.04 30.2 1 -2.52e-07 0 0.7044 0.287 0.001157 0.0008757 0.003756 -1 0.008574 -3.658 -1.622 -4.026 -4.912 -5.643 -6.305 -6.676 -5.803 -6.777 -5.352 -5.869 -6.537
0.0084736 -0.25 9.60746 1.279037952 2.517004656 0.96 3.488 3.5017 -0.109 8 0.552 0.411 195.32 102.6 64.13 51.4 41.94 1 -4.2e-07 0 0.7044 0.287 0.001157 0.0008757 0.003756 -1 0.008574 -3.951 -1.256 -4.031 -5.188 -5.994 -6.664 -7.048 -6.147 -7.167 -5.665 -6.221 -6.903
0.0084736 -0.25 9.60746 1.279039979 2.517004897 0.948 3.564 3.4906 -0.235 8 0.553 0.411 235.82 128.45 79.46 63.92 52.18 1 -5.92e-07 0.01 0.7044 0.287 0.001157 0.0008757 0.003756 -1 0.008574 -4.14 -1.042 -4.012 -5.358 -6.221 -6.895 -7.281 -6.366 -7.416 -5.867 -6.446 -7.133
0.0084736 -0.25 9.60746 1.279042125 2.517005152 0.933 3.603 3.4843 -0.306 8 0.554 0.411 261.45 145.45 89.45 72.13 58.89 0 -7.24e-07 0.01 0.7044 0.287 0.001157 0.0008757 0.003756 -1 0.008574 -4.238 -0.971 -4.012 -5.446 -6.337 -7.012 -7.394 -6.477 -7.542 -5.972 -6.56 -7.244
0.0084736 -0.25 9.60746 1.279044747 2.517005463 0.917 3.621 3.4808 -0.345 8 0.555 0.411 275.73 155.31 95.19 76.89 62.77 0 -8.16e-07 0.01 0.7044 0.287 0.001157 0.0008757 0.003756 -1 0.008574 -4.282 -0.925 -4.003 -5.484 -6.391 -7.067 -7.446 -6.528 -7.602 -6.021 -6.613 -7.296
0.0084736 -0.25 9.60746 1.279047489 2.517005789 0.9 3.63 3.4785 -0.372 8 0.557 0.411 285.45 162.3 99.24 80.26 65.52 0 -8.96e-07 0.01 0.7044 0.287 0.001157 0.0008757 0.003756 -1 0.008574 -4.306 -0.89 -3.993 -5.504 -6.42 -7.097 -7.474 -6.555 -7.635 -6.046 -6.641 -7.322
0.0084736 -0.25 9.60746 1.279047608 2.517005804 0.899 3.518 3.4942 -0.197 8 0.557 0.411 218.28 118.34 73.39 59.09 48.2 1 -5.76e-07 0.01 0.7044 0.287 0.001157 0.0008757 0.003756 -1 0.008574 -4.025 -1.055 -3.964 -5.249 -6.093 -6.766 -7.151 -6.241 -7.281 -5.746 -6.319 -7.005
0.0084736 -0.25 9.60746 1.279047966 2.517005846 0.895 3.366 3.5155 0.038 8 0.557 0.411 150.56 77.23 48.82 39.06 31.83 1 -3.15e-07 0 0.7044 0.287 0.001157 0.0008757 0.003756 -1 0.008574 -3.644 -1.495 -3.965 -4.896 -5.639 -6.303 -6.677 -5.798 -6.781 -5.341 -5.866 -6.536
0.0084736 -0.25 9.60746 1.279048443 2.517005903 0.889 3.177 3.542 0.33 8 0.557 0.411 81.42 45.49 29.44 23.38 19.03 1 -1.47e-07 0 0.7044 0.287 0.001157 0.0008757 0.003756 -1 0.008574 -3.172 -1.907 -3.762 -4.411 -5.075 -5.718 -6.058 -5.229 -6.142 -4.821 -5.292 -5.925
0.0084736 -0.25 9.60746 1.279049277 2.517006002 0.88 3.19 3.5399 0.304 8 0.557 0.411 85.85 47.56 30.72 24.42 19.87 1 -1.6e-07 0 0.7044 0.287 0.001157 0.0008757 0.003756 -1 0.008574 -3.206 -1.884 -3.785 -4.447 -5.115 -5.76 -6.104 -5.271 -6.189 -4.86 -5.334 -5.971
0.0084736 -0.25 9.60746 1.27905035 2.517006129 0.868 3.288 3.5258 0.144 8 0.558 0.411 119.92 63.29 40.34 32.22 26.23 1 -2.51e-07 0 0.7044 0.287 0.001157 0.0008757 0.003756 -1 0.008574 -3.449 -1.684 -3.911 -4.703 -5.408 -6.066 -6.428 -5.568 -6.523 -5.132 -5.633 -6.29
0.0084736 -0.25 9.60746 1.279051662 2.517006285 0.854 3.42 3.5064 -0.073 8 0.558 0.411 176.96 93.26 58.39 46.93 38.25 1 -4.53e-07 0 0.7044 0.287 0.001157 0.0008757 0.003756 -1 0.008574 -3.78 -1.264 -3.944 -5.023 -5.807 -6.475 -6.857 -5.962 -6.97 -5.488 -6.034 -6.714
0.0084736 -0.25 9.60746 1.279053211 2.517006469 0.838 3.532 3.4897 -0.26 8 0.559 0.411 234.38 130.22 80.29 64.89 52.92 0 -7.54e-07 0.01 0.7044 0.287 0.001157 0.0008757 0.003756 -1 0.008574 -4.061 -0.925 -3.912 -5.274 -6.143 -6.817 -7.204 -6.288 -7.342 -5.786 -6.368 -7.056
0.0084736 -0.25 9.60746 1.279055119 2.517006696 0.819 3.605 3.4787 -0.386 8 0.56 0.411 270.35 -1 -1 -1 -1 0 -1.08e-06 0.02 0.7044 0.287 0.001157 0.0008757 0.003756 -1 0.008574 -4.242 -0.814 -3.922 -5.436 -6.352 -7.031 -7.41 -6.488 -7.572 -5.978 -6.575 -7.258
0.0084736 -0.25 9.60746 1.279057145 2.517006937 0.798 3.642 3.473 -0.458 8 0.561 0.411 257.92 -1 -1 -1 -1 0 -1.36e-06 0.03 0.7044 0.287 0.001157 0.0008757 0.003756 -1 0.008574 -4.335 -0.762 -3.933 -5.515 -6.455 -7.136 -7.51 -6.586 -7.687 -6.073 -6.676 -7.356
0.0084736 -0.25 9.60746 1.279059529 2.51700722 0.775 3.659 3.4705 -0.498 8 0.562 0.411 244.59 -1 -1 -1 -1 0 -1.77e-06 0.04 0.7044 0.287 0.001157 0.0008757 0.003756 -1 0.008574 -4.377 -0.718 -3.924 -5.541 -6.495 -7.18 -7.554 -6.624 -7.74 -6.108 -6.716 -7.399
0.0084736 -0.25 9.60746 1.279062152 2.517007532 0.75 3.668 3.4695 -0.525 8 0.563 0.411 230.56 -1 -1 -1 -1 0 -2.16e-06 0.05 0.7044 0.287 0.001157 0.0008757 0.003756 -1 0.008574 -4.399 -0.695 -3.92 -5.552 -6.513 -7.201 -7.576 -6.643 -7.768 -6.124 -6.735 -7.421
0.0084736 -0.25 9.60746 1.279072046 2.517008708 0.567 -9.999 4 1.623 9 0.567 0 0 0 0 0 0 -1 -1e-30 0 0.7044 0.287 0.001157 0.0008757 0.003756 -1 0.008574 29.767 30.006 29.997 30.035 30.05 30.047 30.047 30.042 30.058 30.026 30.046 30.045
