# downloaded from PARSEC/CMD via ezpadova
# component=thin5 family=thin_disk component_index=4 logAge=9.60745502321467 MH=0.25 photometric_system=ubvrijhk
# Zini MH logAge Mini int_IMF Mass logL logTe logg label McoreTP C_O period0 period1 period2 period3 period4 pmode Mloss tau1m X Y Xc Xn Xo Cexcess Z mbolmag Umag Bmag Vmag Rmag Imag Jmag Hmag Kmag
0.025095 0.25 9.60746 0.0955969095 1.133236387 0.095 -3.349 3.3621 5.168 1 0 0.545 0 0 0 0 0 -1 -4.75e-17 0 0.6798 0.2946 0.004602 0.001242 0.01126 -1 0.0256 13.143 21.943 19.643 17.883 15.843 13.644 11.049 10.447 10.122
0.025095 0.25 9.60746 0.1055120975 1.21556776 0.105 -3.209 3.38 5.141 1 0 0.545 0 0 0 0 0 -1 -6.44e-17 0 0.6797 0.2947 0.004602 0.001242 0.01126 -1 0.0256 12.793 21.542 19.272 17.52 15.488 13.293 10.699 10.099 9.771
0.025095 0.25 9.60746 0.1253425032 1.353540291 0.125 -2.986 3.4066 5.099 1 0 0.545 0 0 0 0 0 -1 -1.04e-16 0 0.6794 0.295 0.004602 0.001242 0.01126 -1 0.0256 12.234 20.904 18.68 16.942 14.924 12.735 10.141 9.543 9.211
0.025095 0.25 9.60746 0.145172894 1.465702437 0.145 -2.816 3.4252 5.068 1 0 0.545 0 0 0 0 0 -1 -1.48e-16 0 0.6792 0.2952 0.004602 0.001242 0.01126 -1 0.0256 11.81 19.999 17.932 16.235 14.314 12.194 9.735 9.139 8.808
0.025095 0.25 9.60746 0.1650032997 1.559528955 0.165 -2.682 3.4387 5.043 1 0 0.545 0 0 0 0 0 -1 -1.94e-16 0 0.6789 0.2955 0.004602 0.001242 0.01126 -1 0.0256 11.475 18.96 17.099 15.464 13.689 11.674 9.428 8.833 8.508
0.025095 0.25 9.60746 0.2046640813 1.709466363 0.204 -2.47 3.4583 5.003 1 0 0.545 0 0 0 0 0 -1 -2.97e-16 0 0.6785 0.2959 0.004602 0.001242 0.01126 -1 0.0256 10.946 17.555 15.929 14.367 12.775 10.915 8.942 8.345 8.033
0.025095 0.25 9.60746 0.2542400956 1.850971178 0.254 -2.272 3.4741 4.963 1 0 0.545 0 0 0 0 0 -1 -4.4e-16 0 0.6781 0.2963 0.004602 0.001242 0.01126 -1 0.0256 10.45 16.469 14.988 13.477 12.012 10.271 8.48 7.881 7.582
0.025095 0.25 9.60746 0.3046671152 1.962167088 0.304 -2.107 3.4864 4.925 1 0 0.545 0 0 0 0 0 -1 -6.14e-16 0 0.6781 0.2963 0.004602 0.001242 0.01126 -1 0.0256 10.036 15.652 14.26 12.776 11.398 9.759 8.096 7.492 7.205
0.025095 0.25 9.60746 0.3311161399 2.01133496 0.331 -2.021 3.4917 4.898 0 0 0.545 0 0 0 0 0 -1 -7.4e-16 0 0.6795 0.2949 0.004602 0.001242 0.01126 -1 0.0256 9.823 15.277 13.921 12.449 11.106 9.509 7.895 7.288 7.006
0.025095 0.25 9.60746 0.3502979279 2.043905499 0.35 -1.962 3.4953 4.878 0 0 0.545 0 0 0 0 0 -1 -8.44e-16 0 0.6801 0.2943 0.004602 0.001242 0.01126 -1 0.0256 9.676 15.031 13.697 12.237 10.915 9.342 7.755 7.146 6.868
0.025095 0.25 9.60746 0.3533920944 2.048942254 0.353 -1.953 3.4958 4.874 0 0 0.545 0 0 0 0 0 -1 -8.61e-16 0 0.6801 0.2943 0.004602 0.001242 0.01126 -1 0.0256 9.653 14.992 13.662 12.204 10.886 9.315 7.734 7.123 6.847
0.025095 0.25 9.60746 0.4029681087 2.122572238 0.403 -1.814 3.5073 4.838 0 0 0.545 0 0 0 0 0 -1 -1.16e-15 0 0.6802 0.2942 0.004602 0.001242 0.01126 -1 0.0256 9.304 14.367 13.085 11.656 10.401 8.904 7.412 6.792 6.527
0.025095 0.25 9.60746 0.4230996966 2.149184691 0.423 -1.753 3.5125 4.819 0 0 0.545 0 0 0 0 0 -1 -1.33e-15 0 0.6803 0.2941 0.004602 0.001242 0.01126 -1 0.0256 9.153 14.104 12.836 11.417 10.189 8.727 7.273 6.648 6.388
0.025095 0.25 9.60746 0.4525440931 2.185277485 0.452 -1.67 3.5198 4.794 1 0 0.545 0 0 0 0 0 -1 -1.6e-15 0 0.6803 0.2941 0.004602 0.001242 0.01126 -1 0.0256 8.944 13.753 12.5 11.091 9.898 8.485 7.083 6.449 6.197
0.025095 0.25 9.60746 0.502120018 2.239628983 0.502 -1.523 3.5335 4.748 1 0 0.545 0 0 0 0 0 -1 -2.25e-15 0 0.6806 0.2938 0.004597 0.00124 0.01125 -1 0.02557 8.578 13.164 11.92 10.542 9.41 8.066 6.75 6.099 5.86
0.025095 0.25 9.60746 0.5182137489 2.255473716 0.518 -1.472 3.539 4.732 1 0 0.545 0 0 0 0 0 -1 -2.54e-15 0 0.6834 0.2913 0.00456 0.00123 0.01116 -1 0.02536 8.449 12.957 11.71 10.342 9.232 7.917 6.635 5.977 5.743
0.025095 0.25 9.60746 0.5516960621 2.285057517 0.551 -1.369 3.55 4.7 1 0 0.545 0 0 0 0 0 -1 -3.23e-15 0 0.6897 0.2854 0.004475 0.001207 0.01095 -1 0.02489 8.191 12.562 11.298 9.945 8.877 7.624 6.405 5.735 5.511
0.025095 0.25 9.60746 0.5795767903 2.306716182 0.579 -1.278 3.5623 4.68 1 0 0.545 0 0 0 0 0 -1 -3.97e-15 0 0.6906 0.2846 0.004463 0.001204 0.01092 -1 0.02482 7.966 12.206 10.907 9.554 8.529 7.361 6.214 5.532 5.32
0.025095 0.25 9.60746 0.601271987 2.321981326 0.601 -1.211 3.5714 4.666 1 0 0.545 0 0 0 0 0 -1 -4.63e-15 0 0.6911 0.2841 0.004456 0.001202 0.01091 -1 0.02479 7.798 11.953 10.62 9.263 8.268 7.17 6.074 5.383 5.181
0.025095 0.25 9.60746 0.6248140335 2.337174459 0.625 -1.134 3.5842 4.656 1 0 0.545 0 0 0 0 0 -1 -5.49e-15 0 0.6917 0.2835 0.004448 0.0012 0.01089 -1 0.02474 7.604 11.645 10.269 8.917 7.957 6.949 5.914 5.213 5.029
0.025095 0.25 9.60746 0.650848031 2.352512732 0.651 -1.051 3.5979 4.646 1 0 0.545 0 0 0 0 0 -1 -6.59e-15 0 0.6924 0.2829 0.004438 0.001198 0.01087 -1 0.02468 7.397 11.323 9.898 8.558 7.632 6.719 5.742 5.037 4.872
0.025095 0.25 9.60746 0.6829383969 2.36958114 0.683 -0.948 3.6163 4.638 1 0 0.545 0 0 0 0 0 -1 -8.22e-15 0 0.6932 0.2822 0.004429 0.001195 0.01084 -1 0.02463 7.141 10.889 9.42 8.114 7.23 6.438 5.531 4.837 4.696
0.025095 0.25 9.60746 0.7004240751 2.378128189 0.7 -0.894 3.626 4.634 1 0 0.545 0 0 0 0 0 -1 -9.23e-15 0 0.6936 0.2818 0.004423 0.001194 0.01083 -1 0.0246 7.006 10.643 9.165 7.885 7.024 6.295 5.421 4.732 4.605
0.025095 0.25 9.60746 0.7479609251 2.399059093 0.748 -0.742 3.658 4.638 1 0 0.538 0 0 0 0 0 -1 -1.26e-14 0 0.6945 0.2809 0.004356 0.001189 0.0108 -1 0.02457 6.625 9.683 8.368 7.212 6.444 5.891 5.13 4.507 4.412
0.025095 0.25 9.60746 0.75 2.399888909 0.75 -0.736 3.6593 4.638 1 0 0.537 0 0 0 0 0 -1 -1.28e-14 0 0.6945 0.2809 0.004354 0.001189 0.01081 -1 0.02458 6.609 9.638 8.335 7.184 6.421 5.874 5.117 4.498 4.405
0.025095 0.25 9.60746 0.8000000119 2.418724441 0.8 -0.6 3.6789 4.609 1 0 0.537 0 0 0 0 0 -1 -1.75e-14 0 0.6964 0.2792 0.00433 0.001183 0.01075 -1 0.0244 6.271 8.851 7.749 6.694 6.009 5.524 4.839 4.285 4.202
0.025095 0.25 9.60746 0.8407427669 2.432182883 0.84 -0.492 3.6949 4.586 1 0 0.537 0 0 0 0 0 -1 -2.24e-14 0 0.698 0.2777 0.004309 0.001177 0.0107 -1 0.02433 6 8.242 7.302 6.321 5.696 5.249 4.619 4.114 4.039
0.025095 0.25 9.60746 0.8500000238 2.435034684 0.85 -0.468 3.6984 4.58 1 0 0.537 0 0 0 0 0 -1 -2.37e-14 0 0.6984 0.2773 0.004305 0.001176 0.01069 -1 0.02431 5.939 8.108 7.205 6.24 5.628 5.189 4.571 4.076 4.003
0.025095 0.25 9.60746 0.8965134025 2.448344467 0.896 -0.347 3.7153 4.551 1 0 0.537 0 0 0 0 0 -1 -3.16e-14 0 0.7006 0.2752 0.004276 0.001168 0.01062 -1 0.02414 5.638 7.478 6.747 5.852 5.298 4.891 4.329 3.883 3.817
0.025095 0.25 9.60746 0.8999999762 2.449278602 0.899 -0.338 3.7165 4.548 1 0 0.537 0 0 0 0 0 -1 -3.23e-14 0 0.7008 0.2751 0.004274 0.001168 0.01061 -1 0.02413 5.615 7.433 6.714 5.824 5.274 4.869 4.311 3.869 3.803
0.025095 0.25 9.60746 0.9031723738 2.450121359 0.903 -0.33 3.7176 4.546 1 0 0.537 0 0 0 0 0 -1 -3.29e-14 0 0.701 0.2749 0.004272 0.001167 0.01061 -1 0.02412 5.595 7.393 6.685 5.799 5.253 4.849 4.295 3.855 3.79
0.025095 0.25 9.60746 0.9308921695 2.457205066 0.93 -0.259 3.7269 4.526 1 0 0.537 0 0 0 0 0 -1 -3.91e-14 0 0.7026 0.2734 0.004251 0.001162 0.01056 -1 0.02402 5.419 7.051 6.433 5.584 5.065 4.678 4.153 3.738 3.677
0.025095 0.25 9.60746 0.9500000477 2.461812201 0.949 -0.211 3.733 4.511 1 0 0.537 0 0 0 0 0 -1 -4.4e-14 0 0.7037 0.2723 0.004237 0.001158 0.01052 -1 0.02392 5.299 6.824 6.264 5.44 4.94 4.563 4.057 3.658 3.599
0.025095 0.25 9.60746 0.9557287097 2.463152237 0.955 -0.197 3.7348 4.506 1 0 0.537 0 0 0 0 0 -1 -4.56e-14 0 0.7042 0.272 0.004231 0.001156 0.01051 -1 0.02389 5.262 6.758 6.215 5.397 4.902 4.528 4.028 3.633 3.575
0.025095 0.25 9.60746 0.9785663486 2.4683155 0.978 -0.14 3.7416 4.486 1 0 0.537 0 0 0 0 0 -1 -5.25e-14 0 0.7059 0.2703 0.00421 0.001151 0.01046 -1 0.02378 5.119 6.501 6.02 5.23 4.754 4.392 3.912 3.534 3.479
0.025095 0.25 9.60746 0.9988268018 2.472669531 0.999 -0.089 3.7474 4.468 1 0 0.537 0 0 0 0 0 -1 -5.96e-14 0 0.7074 0.2689 0.00419 0.001145 0.01041 -1 0.02366 4.993 6.274 5.852 5.086 4.628 4.275 3.812 3.446 3.395
0.025095 0.25 9.60746 1 2.472915448 1 -0.086 3.7477 4.467 1 0 0.537 0 0 0 0 0 -1 -6.01e-14 0 0.7075 0.2688 0.004189 0.001145 0.01041 -1 0.02365 4.986 6.261 5.842 5.078 4.621 4.268 3.806 3.441 3.39
0.025095 0.25 9.60746 1.001648784 2.473259933 1.002 -0.082 3.7481 4.465 1 0 0.537 0 0 0 0 0 -1 -6.06e-14 0 0.7077 0.2687 0.004187 0.001144 0.0104 -1 0.02364 4.976 6.243 5.828 5.066 4.61 4.258 3.797 3.434 3.383
0.025095 0.25 9.60746 1.021491766 2.477305679 1.021 -0.033 3.7533 4.445 1 0 0.537 0 0 0 0 0 -1 -6.68e-14 0 0.7096 0.2668 0.004162 0.001138 0.01034 -1 0.02351 4.852 6.033 5.669 4.928 4.487 4.144 3.697 3.346 3.297
0.025095 0.25 9.60746 1.039918661 2.480904137 1.039 0.013 3.7579 4.426 1 0 0.536 0 0 0 0 0 -1 -7.31e-14 0 0.7116 0.2651 0.004138 0.001131 0.01029 -1 0.0234 4.739 5.845 5.523 4.802 4.374 4.038 3.604 3.264 3.217
0.025095 0.25 9.60746 1.049999952 2.482811486 1.049 0.037 3.7603 4.415 1 0 0.536 0 0 0 0 0 -1 -7.69e-14 0 0.7126 0.2641 0.004125 0.001128 0.01025 -1 0.02329 4.677 5.745 5.445 4.734 4.313 3.98 3.554 3.218 3.173
0.025095 0.25 9.60746 1.056515455 2.484021954 1.056 0.053 3.7618 4.408 1 0 0.536 0 0 0 0 0 -1 -7.93e-14 0 0.7135 0.2632 0.004114 0.001125 0.01022 -1 0.02322 4.637 5.684 5.395 4.69 4.273 3.944 3.521 3.188 3.144
0.025095 0.25 9.60746 1.076051354 2.487550551 1.075 0.101 3.7661 4.385 1 0 0.536 0 0 0 0 0 -1 -8.73e-14 0 0.7163 0.2606 0.004079 0.001115 0.01014 -1 0.02309 4.517 5.504 5.248 4.561 4.156 3.833 3.421 3.098 3.055
0.025095 0.25 9.60746 1.094142556 2.490689308 1.093 0.145 3.7698 4.363 1 0 0.536 0 0 0 0 0 -1 -9.54e-14 0 0.719 0.2581 0.004046 0.001106 0.01006 -1 0.02283 4.408 5.344 5.114 4.443 4.048 3.731 3.329 3.013 2.973
0.025095 0.25 9.60746 1.100000024 2.491680148 1.099 0.159 3.7709 4.356 1 0 0.536 0 0 0 0 0 -1 -9.82e-14 0 0.7199 0.2573 0.004035 0.001103 0.01003 -1 0.02277 4.373 5.293 5.072 4.406 4.014 3.699 3.299 2.986 2.946
0.025095 0.25 9.60746 1.115303993 2.494212548 1.114 0.195 3.7736 4.336 1 0 0.536 0 0 0 0 0 -1 -1.06e-13 0 0.723 0.2544 0.003997 0.001093 0.009943 -1 0.02261 4.282 5.167 4.964 4.31 3.925 3.614 3.222 2.915 2.876
0.025095 0.25 9.60746 1.131885052 2.49686758 1.131 0.233 3.7761 4.314 1 0 0.536 0 0 0 0 0 -1 -1.14e-13 0 0.7264 0.2513 0.003955 0.001082 0.009844 -1 0.02237 4.187 5.039 4.852 4.21 3.831 3.525 3.139 2.837 2.799
0.025095 0.25 9.60746 1.147679687 2.499314813 1.147 0.268 3.778 4.293 1 0 0.536 0 0 0 0 0 -1 -1.22e-13 0 0.7295 0.2483 0.003916 0.001072 0.00975 -1 0.02216 4.1 4.927 4.753 4.119 3.746 3.443 3.062 2.765 2.728
0.025095 0.25 9.60746 1.149999976 2.499667814 1.149 0.273 3.7782 4.29 1 0 0.535 0 0 0 0 0 -1 -1.23e-13 0 0.73 0.2479 0.003911 0.001071 0.009736 -1 0.02213 4.087 4.911 4.739 4.106 3.733 3.431 3.051 2.754 2.717
0.025095 0.25 9.60746 1.169238329 2.502532718 1.168 0.31 3.7791 4.264 1 0 0.535 0 0 0 0 0 -1 -1.33e-13 0 0.7316 0.2463 0.003898 0.001068 0.009709 -1 0.02209 3.994 4.807 4.64 4.011 3.641 3.339 2.962 2.667 2.63
0.025095 0.25 9.60746 1.187990904 2.505222829 1.187 0.344 3.779 4.237 1 0 0.535 0 0 0 0 0 -1 -1.41e-13 0 0.7325 0.2454 0.003898 0.001067 0.009712 -1 0.02211 3.911 4.725 4.556 3.928 3.557 3.256 2.878 2.583 2.546
0.025095 0.25 9.60746 1.200000048 2.50689488 1.199 0.362 3.7782 4.22 1 0 0.535 0 0 0 0 0 -1 -1.46e-13 0 0.7325 0.2453 0.003905 0.001069 0.009733 -1 0.02217 3.865 4.689 4.515 3.883 3.511 3.209 2.828 2.532 2.495
0.025095 0.25 9.60746 1.216129541 2.509080967 1.215 0.39 3.7769 4.193 1 0 0.535 0 0 0 0 0 -1 -1.55e-13 0 0.7315 0.2463 0.003923 0.001074 0.009781 -1 0.02227 3.796 4.636 4.453 3.816 3.441 3.137 2.753 2.454 2.416
0.025095 0.25 9.60746 1.25 2.513461095 1.249 0.446 3.7742 4.137 1 0 0.535 0 0 0 0 0 -1 -1.73e-13 0 0.7292 0.2483 0.003962 0.001085 0.00988 -1 0.0225 3.654 4.527 4.327 3.679 3.298 2.989 2.598 2.293 2.254
0.025095 0.25 9.60746 1.268423438 2.515730974 1.268 0.476 3.7732 4.11 1 0 0.534 0 0 0 0 0 -1 -1.81e-13 0 0.7286 0.2488 0.003973 0.001085 0.009916 -1 0.02258 3.581 4.466 4.26 3.608 3.224 2.914 2.519 2.213 2.173
0.025095 0.25 9.60746 1.289970517 2.518291334 1.289 0.517 3.7726 4.074 1 0 0.533 0 0 0 0 0 -1 -1.96e-13 0 0.7278 0.2495 0.003981 0.001082 0.009961 -1 0.02262 3.478 4.369 4.16 3.505 3.121 2.81 2.414 2.106 2.066
0.025095 0.25 9.60746 1.29572773 2.518958886 1.295 0.543 3.7751 4.06 1 0 0.533 0 0 0 0 0 -1 -2.07e-13 0 0.7281 0.2493 0.003978 0.001081 0.009956 -1 0.02262 3.413 4.274 4.079 3.436 3.058 2.751 2.361 2.059 2.02
0.025095 0.25 9.60746 1.299999952 2.519449859 1.299 0.572 3.7786 4.046 1 0 0.532 0 0 0 0 0 -1 -2.22e-13 0 0.7282 0.2492 0.003975 0.00108 0.009953 -1 0.02261 3.34 4.157 3.983 3.355 2.986 2.685 2.305 2.011 1.973
0.025095 0.25 9.60746 1.30246675 2.519731663 1.302 0.585 3.7796 4.038 1 0 0.533 0 0 0 0 0 -1 -2.29e-13 0 0.7281 0.2492 0.003977 0.001081 0.009955 -1 0.02262 3.308 4.112 3.944 3.321 2.955 2.655 2.278 1.986 1.949
0.025095 0.25 9.60746 1.304746151 2.51999097 1.304 0.623 3.7843 4.02 1 0 0.533 0 0 0 0 0 -1 -2.53e-13 0 0.728 0.2494 0.003979 0.001081 0.00996 -1 0.02263 3.213 3.967 3.821 3.219 2.864 2.572 2.207 1.925 1.89
0.025095 0.25 9.60746 1.305626392 2.520090828 1.305 0.655 3.7876 4.001 1 0 0.533 0 0 0 0 0 -1 -2.78e-13 0 0.7279 0.2495 0.00398 0.001082 0.009962 -1 0.02263 3.133 3.85 3.72 3.134 2.787 2.501 2.144 1.87 1.836
0.025095 0.25 9.60746 1.306003332 2.520133543 1.305 0.669 3.789 3.993 1 0 0.533 0 0 0 0 0 -1 -2.92e-13 0 0.7279 0.2495 0.00398 0.001082 0.009962 -1 0.02263 3.097 3.799 3.675 3.095 2.752 2.468 2.115 1.844 1.81
0.025095 0.25 9.60746 1.306917667 2.520237036 1.306 0.671 3.7877 3.986 1 0 0.533 0 0 0 0 0 -1 -2.94e-13 0 0.7278 0.2495 0.003981 0.001082 0.009964 -1 0.02264 3.094 3.811 3.681 3.094 2.747 2.461 2.105 1.831 1.797
0.025095 0.25 9.60746 1.319471836 2.521641379 1.319 0.703 3.7764 3.912 2 0 0.533 0 0 0 0 0 -1 -3.31e-13 0 0.7269 0.2504 0.003994 0.001087 0.009989 -1 0.0227 3.012 3.857 3.666 3.03 2.657 2.353 1.966 1.668 1.629
0.025095 0.25 9.60746 1.329676032 2.522760409 1.329 0.718 3.7661 3.86 2 0 0.533 0 0 0 0 0 -1 -3.53e-13 0 0.723 0.254 0.004045 0.001102 0.01011 -1 0.02296 2.976 3.948 3.695 3.015 2.617 2.295 1.881 1.56 1.517
0.025095 0.25 9.60746 1.334497333 2.523282289 1.334 0.711 3.7575 3.834 2 0 0.534 0 0 0 0 0 -1 -3.54e-13 0 0.7143 0.2622 0.004147 0.00113 0.01035 -1 0.02349 2.991 4.076 3.767 3.051 2.632 2.295 1.857 1.516 1.469
0.025095 0.25 9.60746 1.337560773 2.523611643 1.337 0.697 3.7494 3.817 2 0 0.535 0 0 0 0 0 -1 -3.46e-13 0 0.7073 0.2688 0.004229 0.001152 0.01054 -1 0.02396 3.028 4.227 3.859 3.11 2.67 2.32 1.859 1.498 1.448
0.025095 0.25 9.60746 1.339684129 2.523838912 1.339 0.678 3.742 3.807 2 0 0.535 0 0 0 0 0 -1 -3.34e-13 0 0.702 0.2738 0.004291 0.001169 0.01069 -1 0.02427 3.076 4.387 3.958 3.18 2.721 2.358 1.875 1.495 1.442
0.025095 0.25 9.60746 1.341650128 2.524048601 1.341 0.655 3.734 3.798 2 0 0.535 0 0 0 0 0 -1 -3.19e-13 0 0.6975 0.2779 0.004343 0.001183 0.01081 -1 0.02455 3.132 4.563 4.072 3.262 2.783 2.407 1.899 1.499 1.443
0.025095 0.25 9.60746 1.343490243 2.524244224 1.343 0.633 3.7258 3.789 2 0 0.536 0 0 0 0 0 -1 -3.04e-13 0 0.694 0.2812 0.004383 0.001194 0.01091 -1 0.02479 3.189 4.748 4.19 3.348 2.848 2.458 1.924 1.503 1.443
0.025095 0.25 9.60746 1.345632315 2.524471173 1.345 0.615 3.7164 3.77 2 0 0.536 0 0 0 0 0 -1 -2.96e-13 0 0.6909 0.2841 0.004416 0.001203 0.01099 -1 0.02496 3.234 4.948 4.309 3.43 2.906 2.499 1.934 1.488 1.424
0.025095 0.25 9.60746 1.348373413 2.524760379 1.348 0.614 3.7064 3.731 2 0 0.536 0 0 0 0 0 -1 -3.05e-13 0 0.6877 0.2872 0.004443 0.001212 0.01106 -1 0.02512 3.235 5.123 4.393 3.475 2.923 2.499 1.9 1.425 1.357
0.025095 0.25 9.60746 1.350000024 2.52493136 1.349 0.629 3.7022 3.7 2 0 0.535 0 0 0 0 0 -1 -3.24e-13 0 0.686 0.2889 0.00445 0.001217 0.01108 -1 0.02515 3.198 5.16 4.392 3.458 2.894 2.462 1.849 1.363 1.292
0.025095 0.25 9.60746 1.351559401 2.525094829 1.351 0.641 3.6993 3.677 2 0 0.534 0 0 0 0 0 -1 -3.39e-13 0 0.6847 0.2901 0.004453 0.001221 0.01111 -1 0.02518 3.168 5.183 4.388 3.442 2.87 2.433 1.809 1.315 1.243
0.025095 0.25 9.60746 1.351953626 2.525136087 1.351 0.645 3.6987 3.671 2 0 0.534 0 0 0 0 0 -1 -3.45e-13 0 0.6843 0.2904 0.004452 0.001222 0.01111 -1 0.02523 3.158 5.184 4.384 3.435 2.861 2.423 1.797 1.301 1.229
0.025095 0.25 9.60746 1.353240967 2.525270622 1.353 0.663 3.6972 3.647 2 0 0.526 0 0 0 0 0 -1 -3.68e-13 0 0.683 0.2917 0.004389 0.001271 0.01113 -1 0.02528 3.112 5.165 4.351 3.396 2.819 2.377 1.746 1.245 1.172
0.025095 0.25 9.60746 1.355329514 2.525488263 1.355 0.696 3.6947 3.605 3 0 0.508 0 0 0 0 0 -1 -4.13e-13 0 0.6806 0.2941 0.004238 0.001415 0.01115 -1 0.02537 3.03 5.126 4.29 3.326 2.742 2.295 1.656 1.147 1.073
0.025095 0.25 9.60746 1.357185721 2.525681047 1.357 0.731 3.6929 3.563 3 0 0.477 0 0 0 0 0 -1 -4.66e-13 0 0.6779 0.2966 0.003982 0.00172 0.01117 -1 0.02544 2.942 5.07 4.219 3.247 2.659 2.209 1.562 1.048 0.973
0.025095 0.25 9.60746 1.359268308 2.525896621 1.359 0.773 3.6911 3.514 3 0 0.45 0 0 0 0 0 -1 -5.39e-13 0 0.675 0.2995 0.003761 0.001995 0.01119 -1 0.02548 2.837 4.993 4.128 3.15 2.558 2.105 1.451 0.932 0.857
0.025095 0.25 9.60746 1.361157298 2.526091499 1.361 0.814 3.6896 3.468 3 0 0.431 0 0 0 0 0 -1 -6.21e-13 0 0.6725 0.302 0.003607 0.002191 0.0112 -1 0.02554 2.735 4.919 4.041 3.055 2.46 2.003 1.344 0.821 0.744
0.025095 0.25 9.60746 1.363461375 2.52632836 1.363 0.867 3.6877 3.408 3 0 0.416 0 0 0 0 0 -1 -7.46e-13 0 0.67 0.3044 0.003488 0.002343 0.01121 -1 0.02557 2.602 4.823 3.927 2.932 2.331 1.871 1.205 0.676 0.599
0.025095 0.25 9.60746 1.365761638 2.526563912 1.365 0.925 3.6857 3.343 3 0 0.406 0 0 0 0 0 -1 -9.1e-13 0 0.668 0.3064 0.00341 0.002443 0.01122 -1 0.02561 2.457 4.719 3.805 2.799 2.193 1.728 1.054 0.519 0.441
0.025095 0.25 9.60746 1.367745638 2.526766346 1.367 0.979 3.6837 3.281 3 0 0.4 0 0 0 0 0 -1 -1.1e-12 0 0.6667 0.3076 0.003366 0.0025 0.01123 -1 0.0257 2.322 4.623 3.69 2.674 2.062 1.593 0.911 0.371 0.292
0.025095 0.25 9.60746 1.369572759 2.526952177 1.369 1.032 3.6817 3.221 3 0 0.397 0 0 0 0 0 -1 -1.32e-12 0 0.6659 0.3084 0.003339 0.002536 0.01123 -1 0.0257 2.189 4.531 3.578 2.552 1.935 1.461 0.772 0.226 0.146
0.025095 0.25 9.60746 1.37122345 2.527119574 1.371 1.082 3.6797 3.164 3 0 0.395 0 0 0 0 0 -1 -1.58e-12 0 0.6654 0.3089 0.003323 0.002556 0.01123 -1 0.0257 2.065 4.446 3.475 2.439 1.817 1.339 0.642 0.091 0.009
0.025095 0.25 9.60746 1.372879505 2.527287051 1.372 1.132 3.6777 3.106 3 0 0.393 0 0 0 0 0 -1 -1.88e-12 0 0.6651 0.3091 0.003313 0.002569 0.01123 -1 0.02572 1.939 4.364 3.372 2.325 1.697 1.214 0.51 -0.048 -0.131
0.025095 0.25 9.60746 1.374275684 2.527427885 1.374 1.179 3.6757 3.052 3 0 0.393 0 0 0 0 0 -1 -2.22e-12 0 0.665 0.3093 0.003308 0.002576 0.01124 -1 0.02571 1.824 4.291 3.278 2.221 1.587 1.1 0.388 -0.176 -0.26
0.025095 0.25 9.60746 1.375476956 2.527548796 1.375 1.229 3.6734 2.993 3 0 0.392 0 0 0 0 0 -1 -2.65e-12 0 0.665 0.3093 0.003305 0.00258 0.01124 -1 0.02568 1.698 4.214 3.177 2.109 1.468 0.976 0.255 -0.316 -0.401
0.025095 0.25 9.60746 1.376549959 2.527656591 1.376 1.279 3.671 2.934 3 0 0.392 0 0 0 0 0 -1 -3.18e-12 0 0.665 0.3093 0.003303 0.002582 0.01124 -1 0.0257 1.572 4.14 3.078 1.997 1.35 0.853 0.122 -0.455 -0.542
0.025095 0.25 9.60746 1.377513409 2.527753215 1.377 1.328 3.6686 2.876 3 0 0.392 0 0 0 0 0 -1 -3.78e-12 0 0.665 0.3093 0.003302 0.002585 0.01124 -1 0.0257 1.451 4.072 2.984 1.891 1.237 0.734 -0.006 -0.59 -0.679
0.025095 0.25 9.60746 1.378409863 2.527842981 1.378 1.375 3.6662 2.818 3 0 0.391 0 0 0 0 0 -1 -4.5e-12 0 0.665 0.3093 0.0033 0.002587 0.01124 -1 0.02571 1.331 4.008 2.892 1.788 1.126 0.617 -0.132 -0.724 -0.815
0.025095 0.25 9.60746 1.37927413 2.527929397 1.379 1.424 3.6637 2.76 3 0 0.391 0 0 0 0 0 -1 -5.37e-12 0 0.665 0.3093 0.003299 0.002589 0.01124 -1 0.02571 1.209 3.943 2.799 1.682 1.013 0.498 -0.261 -0.861 -0.954
0.025095 0.25 9.60746 1.38015914 2.528017759 1.379 1.469 3.6612 2.705 3 0 0.391 0 0 0 0 0 -1 -6.33e-12 0 0.665 0.3093 0.003297 0.002591 0.01124 -1 0.02571 1.096 3.884 2.714 1.585 0.909 0.387 -0.381 -0.988 -1.082
0.025095 0.25 9.60746 1.380889177 2.528090549 1.38 1.494 3.66 2.675 3 0 0.391 0 0 0 0 0 -1 -6.95e-12 0 0.6649 0.3093 0.003296 0.002592 0.01124 -1 0.02571 1.034 3.851 2.666 1.531 0.851 0.327 -0.447 -1.058 -1.153
0.025095 0.25 9.60746 1.381711006 2.528172386 1.381 1.456 3.6625 2.725 3 0 0.391 0 0 0 0 0 -1 -6.09e-12 0 0.6649 0.3093 0.003295 0.002594 0.01124 -1 0.02571 1.13 3.889 2.733 1.611 0.938 0.42 -0.343 -0.946 -1.04
0.025095 0.25 9.60746 1.381940365 2.528195205 1.381 1.438 3.6637 2.747 3 0 0.391 0 0 0 0 0 -1 -5.68e-12 0 0.6649 0.3093 0.003294 0.002595 0.01124 -1 0.02571 1.175 3.908 2.764 1.648 0.979 0.463 -0.296 -0.895 -0.988
0.025095 0.25 9.60746 1.38221395 2.528222413 1.381 1.458 3.6625 2.722 3 0 0.391 0 0 0 0 0 -1 -6.08e-12 0 0.6649 0.3093 0.003294 0.002595 0.01124 -1 0.02571 1.124 3.883 2.726 1.604 0.932 0.414 -0.35 -0.953 -1.046
0.025095 0.25 9.60746 1.382832766 2.528283909 1.382 1.504 3.66 2.666 3 0 0.39 0 0 0 0 0 -1 -7.12e-12 0 0.6649 0.3093 0.003293 0.002597 0.01125 -1 0.02571 1.01 3.827 2.642 1.507 0.827 0.303 -0.471 -1.081 -1.177
0.025095 0.25 9.60746 1.383432269 2.528343425 1.382 1.548 3.6574 2.612 3 0 0.39 0 0 0 0 0 -1 -8.36e-12 0 0.6649 0.3094 0.003292 0.002598 0.01125 -1 0.02572 0.899 3.777 2.562 1.414 0.726 0.195 -0.589 -1.207 -1.304
0.025095 0.25 9.60746 1.383995175 2.528399254 1.383 1.592 3.6549 2.558 3 0 0.39 0 0 0 0 0 -1 -9.82e-12 0 0.6649 0.3094 0.003291 0.002599 0.01125 -1 0.02572 0.79 3.728 2.483 1.323 0.627 0.089 -0.705 -1.331 -1.43
0.025095 0.25 9.60746 1.384517193 2.528450981 1.383 1.637 3.6523 2.503 3 0 0.39 0 0 0 0 0 -1 -1.16e-11 0 0.6649 0.3094 0.00329 0.002601 0.01125 -1 0.02572 0.679 3.681 2.403 1.231 0.526 -0.019 -0.823 -1.457 -1.558
0.025095 0.25 9.60746 1.385011911 2.528499961 1.384 1.682 3.6495 2.447 3 0 0.39 0 0 0 0 0 -1 -1.37e-11 0 0.6649 0.3094 0.003289 0.002602 0.01125 -1 0.02572 0.565 3.65 2.33 1.138 0.423 -0.129 -0.944 -1.586 -1.689
0.025095 0.25 9.60746 1.385460257 2.528544316 1.384 1.726 3.6468 2.392 3 0 0.39 0 0 0 0 0 -1 -1.61e-11 0 0.6649 0.3094 0.003289 0.002603 0.01125 -1 0.02572 0.455 3.624 2.261 1.05 0.325 -0.236 -1.062 -1.712 -1.818
0.025095 0.25 9.60746 1.385873795 2.528585198 1.385 1.77 3.644 2.337 3 0 0.39 0 0 0 0 0 -1 -1.9e-11 0 0.6649 0.3094 0.003288 0.002604 0.01125 -1 0.02572 0.344 3.601 2.193 0.963 0.226 -0.343 -1.18 -1.837 -1.946
0.025095 0.25 9.60746 1.386255383 2.528622896 1.385 1.814 3.6412 2.282 3 0 0.39 0 0 0 0 0 -1 -2.24e-11 0 0.6649 0.3094 0.003287 0.002605 0.01125 -1 0.02572 0.235 3.578 2.126 0.876 0.129 -0.449 -1.298 -1.962 -2.073
0.025095 0.25 9.60746 1.386609912 2.5286579 1.385 1.858 3.6384 2.227 3 0 0.39 0 0 0 0 0 -1 -2.63e-11 0 0.6649 0.3094 0.003287 0.002605 0.01125 -1 0.02572 0.125 3.558 2.06 0.791 0.033 -0.555 -1.416 -2.088 -2.201
0.025095 0.25 9.60746 1.386936545 2.528690131 1.385 1.902 3.6355 2.171 3 0 0.389 0 0 0 0 0 -1 -3.11e-11 0 0.6649 0.3094 0.003286 0.002606 0.01125 -1 0.02572 0.015 3.539 1.996 0.707 -0.062 -0.661 -1.533 -2.214 -2.33
0.025095 0.25 9.60746 1.38723278 2.528719348 1.386 1.946 3.6326 2.116 3 0 0.389 0 0 0 0 0 -1 -3.65e-11 0 0.6649 0.3094 0.003286 0.002607 0.01125 -1 0.02572 -0.094 3.522 1.934 0.625 -0.156 -0.765 -1.649 -2.337 -2.456
0.025095 0.25 9.60746 1.387506366 2.528746318 1.386 1.989 3.6296 2.061 3 0 0.389 0 0 0 0 0 -1 -4.3e-11 0 0.6649 0.3094 0.003285 0.002607 0.01125 -1 0.02573 -0.202 3.507 1.872 0.543 -0.249 -0.869 -1.765 -2.462 -2.583
0.025095 0.25 9.60746 1.387756228 2.528770938 1.386 2.032 3.6267 2.007 3 0 0.389 0 0 0 0 0 -1 -5.05e-11 0 0.6649 0.3094 0.003285 0.002608 0.01125 -1 0.02573 -0.31 3.492 1.813 0.466 -0.337 -0.972 -1.88 -2.584 -2.709
0.025095 0.25 9.60746 1.387988567 2.528793823 1.386 2.075 3.6236 1.951 3 0 0.389 0 0 0 0 0 -1 -5.95e-11 0 0.6649 0.3094 0.003284 0.002608 0.01125 -1 0.02573 -0.418 3.452 1.753 0.384 -0.425 -1.073 -1.994 -2.702 -2.832
0.025095 0.25 9.60746 1.388199925 2.528814634 1.386 2.118 3.6206 1.897 3 0 0.389 0 0 0 0 0 -1 -6.99e-11 0 0.6649 0.3094 0.003284 0.002609 0.01125 -1 0.02573 -0.524 3.408 1.694 0.303 -0.513 -1.172 -2.107 -2.817 -2.953
0.025095 0.25 9.60746 1.388397217 2.528834053 1.386 2.161 3.6176 1.841 3 0 0.389 0 0 0 0 0 -1 -8.22e-11 0 0.6649 0.3094 0.003284 0.002609 0.01125 -1 0.02573 -0.631 3.36 1.634 0.225 -0.597 -1.271 -2.22 -2.934 -3.076
0.025095 0.25 9.60746 1.388575077 2.528851554 1.386 2.202 3.6145 1.788 3 0 0.389 0 0 0 0 0 -1 -9.62e-11 0 0.6649 0.3094 0.003283 0.00261 0.01125 -1 0.02573 -0.736 3.311 1.577 0.151 -0.678 -1.366 -2.331 -3.047 -3.196
0.025095 0.25 9.60746 1.388741136 2.528867889 1.386 2.244 3.6114 1.733 3 0 0.389 0 0 0 0 0 -1 -1.13e-10 0 0.6649 0.3094 0.003283 0.00261 0.01125 -1 0.02573 -0.841 3.262 1.519 0.076 -0.76 -1.462 -2.442 -3.162 -3.317
0.025095 0.25 9.60746 1.388894677 2.528882989 1.386 2.286 3.6082 1.679 3 0 0.389 0 0 0 0 0 -1 -1.32e-10 0 0.6649 0.3094 0.003283 0.002611 0.01125 -1 0.02573 -0.946 3.207 1.461 0.004 -0.839 -1.557 -2.553 -3.276 -3.439
0.025095 0.25 9.60746 1.389033079 2.528896596 1.386 2.327 3.6051 1.625 3 0 0.389 0 0 0 0 0 -1 -1.55e-10 0 0.6649 0.3094 0.003283 0.002611 0.01125 -1 0.02573 -1.048 3.153 1.407 -0.063 -0.913 -1.648 -2.661 -3.388 -3.558
0.025095 0.25 9.60746 1.389163375 2.528909404 1.386 2.368 3.6019 1.571 3 0 0.389 0 0 0 0 0 -1 -1.81e-10 0 0.6649 0.3094 0.003283 0.002611 0.01125 -1 0.02573 -1.151 3.097 1.351 -0.131 -0.99 -1.739 -2.77 -3.501 -3.678
0.025095 0.25 9.60746 1.389283895 2.528921249 1.386 2.409 3.5987 1.517 3 0 0.389 0 0 0 0 0 -1 -2.12e-10 0 0.6649 0.3094 0.003282 0.002611 0.01125 -1 0.02573 -1.253 3.037 1.297 -0.195 -1.065 -1.829 -2.878 -3.614 -3.799
0.025095 0.25 9.60746 1.38939333 2.528932001 1.386 2.449 3.5954 1.464 3 0 0.389 0 0 0 0 0 -1 -2.47e-10 0 0.6649 0.3094 0.003282 0.002612 0.01125 -1 0.02573 -1.353 3.011 1.254 -0.248 -1.131 -1.919 -2.987 -3.729 -3.919
0.025095 0.25 9.60746 1.389496088 2.528942097 1.386 2.49 3.5921 1.41 3 0 0.389 0 0 0 0 0 -1 -2.89e-10 0 0.6649 0.3094 0.003282 0.002612 0.01125 -1 0.02573 -1.455 3.001 1.216 -0.298 -1.197 -2.011 -3.096 -3.846 -4.042
0.025095 0.25 9.60746 1.389589429 2.528951265 1.386 2.529 3.5888 1.358 3 0 0.389 11.01 7.95 5.62 4.28 3.48 4 -3.36e-10 0 0.6649 0.3094 0.003282 0.002612 0.01125 -1 0.02573 -1.553 2.991 1.181 -0.343 -1.257 -2.1 -3.204 -3.962 -4.163
0.025095 0.25 9.60746 1.38967514 2.528959683 1.385 2.568 3.5855 1.305 3 0 0.389 12.25 8.74 6.15 4.69 3.82 4 -3.91e-10 0 0.6649 0.3094 0.003282 0.002612 0.01125 -1 0.02573 -1.65 2.98 1.152 -0.378 -1.309 -2.185 -3.311 -4.076 -4.282
0.025095 0.25 9.60746 1.389756203 2.528967643 1.385 2.607 3.5821 1.252 3 0 0.389 13.65 9.62 6.74 5.15 4.19 4 -4.55e-10 0 0.6649 0.3094 0.003282 0.002612 0.01125 -1 0.02573 -1.749 2.97 1.124 -0.414 -1.362 -2.272 -3.419 -4.192 -4.403
0.025095 0.25 9.60746 1.389830828 2.52897497 1.385 2.646 3.5787 1.2 3 0 0.389 15.19 10.57 7.38 5.64 4.59 4 -5.29e-10 0 0.6649 0.3094 0.003281 0.002613 0.01125 -1 0.02573 -1.845 2.96 1.102 -0.441 -1.408 -2.356 -3.525 -4.306 -4.522
0.025095 0.25 9.60746 1.389898658 2.528981629 1.385 2.683 3.5753 1.149 3 0 0.389 16.85 11.59 8.06 6.17 5.02 4 -6.12e-10 0 0.6649 0.3094 0.003281 0.002613 0.01125 -1 0.02573 -1.939 2.947 1.089 -0.455 -1.443 -2.435 -3.628 -4.416 -4.638
0.025095 0.25 9.60746 1.389963031 2.528987948 1.384 2.721 3.5718 1.097 3 0 0.389 18.72 12.73 8.81 6.76 5.5 4 -7.09e-10 0 0.6649 0.3094 0.003281 0.002613 0.01125 -1 0.02573 -2.033 2.936 1.077 -0.468 -1.478 -2.514 -3.733 -4.528 -4.755
0.025095 0.25 9.60746 1.390022993 2.528993833 1.384 2.758 3.5683 1.046 3 0 0.389 20.79 13.97 9.63 7.39 6.02 4 -8.21e-10 0 0.6649 0.3094 0.003281 0.002613 0.01125 -1 0.02573 -2.126 2.925 1.072 -0.47 -1.504 -2.589 -3.837 -4.639 -4.871
0.025095 0.25 9.60746 1.390078783 2.528999309 1.384 2.795 3.5648 0.995 3 0 0.389 23.07 15.32 10.52 8.09 6.58 3 -9.49e-10 0 0.6649 0.3094 0.003281 0.002613 0.01125 -1 0.02573 -2.218 2.913 1.077 -0.46 -1.522 -2.66 -3.94 -4.749 -4.987
0.025095 0.25 9.60746 1.390142679 2.529005579 1.383 2.84 3.5604 0.932 3 0 0.389 26.22 17.15 11.72 9.02 7.35 3 -1.13e-09 0 0.6649 0.3094 0.003281 0.002613 0.01125 -1 0.02573 -2.33 2.905 1.089 -0.441 -1.539 -2.746 -4.066 -4.884 -5.129
0.025095 0.25 9.60746 1.390201807 2.529011381 1.382 2.885 3.5558 0.869 3 0 0.389 29.82 19.22 13.06 10.08 8.21 3 -1.35e-09 0 0.6649 0.3094 0.003281 0.002613 0.01125 -1 0.02573 -2.442 2.896 1.123 -0.392 -1.537 -2.82 -4.194 -5.018 -5.271
0.025095 0.25 9.60746 1.39025569 2.529016668 1.382 2.928 3.5513 0.807 3 0 0.389 33.83 21.49 14.53 11.23 9.15 3 -1.61e-09 0 0.6649 0.3094 0.003281 0.002614 0.01125 -1 0.02573 -2.551 2.889 1.163 -0.336 -1.53 -2.889 -4.317 -5.15 -5.41
0.025095 0.25 9.60746 1.390305281 2.529021533 1.381 2.971 3.5468 0.746 3 0 0.389 38.3 23.99 16.14 12.5 10.19 3 -1.91e-09 0 0.6649 0.3094 0.003281 0.002614 0.01125 -1 0.02573 -2.657 2.882 1.223 -0.257 -1.508 -2.946 -4.439 -5.278 -5.547
0.025095 0.25 9.60746 1.39035213 2.529026129 1.38 3.014 3.5422 0.685 3 0 0.389 43.42 26.81 17.95 13.92 11.35 3 -2.27e-09 0 0.6649 0.3094 0.003281 0.002614 0.01125 -1 0.02573 -2.764 2.876 1.292 -0.166 -1.479 -2.997 -4.561 -5.408 -5.684
0.025095 0.25 9.60746 1.390394092 2.529030245 1.379 3.054 3.5377 0.626 3 0 0.389 48.95 29.82 19.87 15.43 12.58 3 -2.67e-09 0 0.6649 0.3094 0.00328 0.002614 0.01125 -1 0.02573 -2.866 2.871 1.372 -0.062 -1.441 -3.034 -4.678 -5.531 -5.816
0.025095 0.25 9.60746 1.390433312 2.529034092 1.378 3.095 3.5331 0.567 3 0 0.389 55.19 33.16 21.99 17.1 13.95 2 -3.15e-09 0 0.6649 0.3094 0.00328 0.002614 0.01125 -1 0.02573 -2.967 2.867 1.469 0.061 -1.392 -3.057 -4.794 -5.653 -5.947
0.025095 0.25 9.60746 1.390470982 2.529037786 1.377 3.136 3.5284 0.507 3 0 0.389 62.37 36.95 24.38 19 15.5 2 -3.72e-09 0 0.6649 0.3094 0.00328 0.002614 0.01125 -1 0.02573 -3.069 2.865 1.58 0.202 -1.332 -3.07 -4.911 -5.777 -6.08
0.025095 0.25 9.60746 1.390505195 2.529041142 1.376 3.175 3.5238 0.449 3 0 0.389 70.23 41.05 26.96 21.03 17.17 2 -4.38e-09 0 0.6649 0.3094 0.00328 0.002614 0.01125 -1 0.02573 -3.168 2.864 1.714 0.369 -1.255 -3.058 -5.025 -5.896 -6.209
0.025095 0.25 9.60746 1.3905375 2.52904431 1.374 3.214 3.5192 0.39 3 0 0.389 79.09 45.6 29.8 23.29 19.02 2 -5.15e-09 0 0.6649 0.3094 0.00328 0.002614 0.01125 -1 0.02573 -3.266 2.865 1.86 0.551 -1.168 -3.035 -5.139 -6.015 -6.337
0.025095 0.25 9.60746 1.390567541 2.529047256 1.373 3.253 3.5144 0.333 3 0 0.389 88.96 50.6 32.92 25.77 21.04 2 -6.04e-09 0 0.6649 0.3094 0.00328 0.002614 0.01125 -1 0.02573 -3.362 2.869 2.036 0.782 -1.047 -2.976 -5.249 -6.131 -6.464
0.025095 0.25 9.60746 1.390596151 2.529050061 1.371 3.291 3.5097 0.275 3 0 0.389 100.08 56.16 36.36 28.51 23.29 2 -7.09e-09 0 0.6649 0.3094 0.00328 0.002614 0.01125 -1 0.02573 -3.457 2.877 2.223 1.026 -0.918 -2.911 -5.358 -6.248 -6.59
0.025095 0.25 9.60746 1.390622854 2.529052679 1.369 3.328 3.5049 0.218 3 0 0.389 112.43 62.24 40.11 31.5 25.74 2 -8.3e-09 0 0.6649 0.3094 0.00328 0.002614 0.01125 -1 0.02573 -3.551 2.874 2.365 1.203 -0.824 -2.86 -5.465 -6.361 -6.712
0.025095 0.25 9.60746 1.390647769 2.529055122 1.367 3.364 3.5001 0.162 3 0 0.389 125.96 68.82 44.15 34.72 28.38 2 -9.69e-09 0 0.6649 0.3094 0.00328 0.002614 0.01125 -1 0.02573 -3.641 2.876 2.516 1.389 -0.722 -2.801 -5.569 -6.471 -6.831
0.025095 0.25 9.60746 1.390675306 2.529057822 1.365 3.402 3.4949 0.103 3 0 0.389 142.16 76.59 48.89 38.52 31.49 2 -1.14e-08 0 0.6649 0.3094 0.00328 0.002615 0.01125 -1 0.02573 -3.735 2.882 2.673 1.562 -0.618 -2.726 -5.675 -6.588 -6.957
0.025095 0.25 9.60746 1.390675306 2.529057822 1.365 1.706 3.6621 2.467 4 0 0.396 0 0 0 0 0 -1 -1e-30 0 0.6618 0.3125 0.003347 0.002573 0.01126 -1 0.02575 0.505 3.276 2.114 0.981 0.315 -0.204 -0.972 -1.573 -1.668
0.025095 0.25 9.60746 1.391041994 2.529093762 1.365 1.72 3.6611 2.45 4 0 0.396 0 0 0 0 0 -1 -1e-30 0 0.6618 0.3125 0.003346 0.002574 0.01126 -1 0.02575 0.471 3.271 2.094 0.955 0.284 -0.237 -1.009 -1.613 -1.708
0.025095 0.25 9.60746 1.391442299 2.529132971 1.365 1.724 3.6609 2.445 4 0 0.396 0 0 0 0 0 -1 -1e-30 0 0.6618 0.3125 0.003346 0.002574 0.01126 -1 0.02575 0.461 3.266 2.086 0.946 0.275 -0.247 -1.02 -1.624 -1.72
0.025095 0.25 9.60746 1.391842127 2.529172109 1.366 1.723 3.6612 2.448 4 0 0.396 0 0 0 0 0 -1 -1e-30 0 0.6618 0.3124 0.003345 0.002575 0.01126 -1 0.02575 0.463 3.261 2.085 0.946 0.276 -0.245 -1.016 -1.619 -1.715
0.025095 0.25 9.60746 1.392241597 2.529211185 1.366 1.721 3.6616 2.451 4 0 0.396 0 0 0 0 0 -1 -1e-30 0 0.6618 0.3124 0.003345 0.002575 0.01126 -1 0.02575 0.468 3.257 2.085 0.948 0.28 -0.24 -1.011 -1.612 -1.708
0.025095 0.25 9.60746 1.392613172 2.52924751 1.367 1.719 3.6619 2.454 4 0 0.396 0 0 0 0 0 -1 -1e-30 0 0.6618 0.3124 0.003344 0.002576 0.01126 -1 0.02575 0.472 3.252 2.085 0.95 0.283 -0.236 -1.005 -1.606 -1.701
0.025095 0.25 9.60746 1.393017054 2.529286967 1.367 1.717 3.6623 2.458 4 0 0.396 0 0 0 0 0 -1 -1e-30 0 0.6618 0.3124 0.003343 0.002577 0.01126 -1 0.02575 0.477 3.248 2.085 0.952 0.286 -0.232 -1 -1.599 -1.694
0.025095 0.25 9.60746 1.393406391 2.529324979 1.368 1.716 3.6626 2.461 4 0 0.395 0 0 0 0 0 -1 -1e-30 0 0.6618 0.3124 0.003343 0.002577 0.01126 -1 0.02575 0.481 3.243 2.085 0.954 0.289 -0.228 -0.994 -1.593 -1.688
0.025095 0.25 9.60746 1.393803596 2.529363733 1.368 1.714 3.663 2.464 4 0 0.395 0 0 0 0 0 -1 -1e-30 0 0.6618 0.3124 0.003342 0.002578 0.01126 -1 0.02575 0.485 3.239 2.085 0.956 0.292 -0.224 -0.989 -1.587 -1.682
0.025095 0.25 9.60746 1.394194722 2.52940187 1.369 1.713 3.6633 2.467 4 0 0.395 0 0 0 0 0 -1 -1e-30 0 0.6619 0.3124 0.003342 0.002579 0.01126 -1 0.02575 0.489 3.234 2.085 0.957 0.295 -0.221 -0.985 -1.582 -1.676
0.025095 0.25 9.60746 1.394587278 2.529440121 1.369 1.711 3.6636 2.469 4 0 0.395 0 0 0 0 0 -1 -1e-30 0 0.6619 0.3124 0.003341 0.002579 0.01126 -1 0.02575 0.492 3.229 2.084 0.958 0.297 -0.218 -0.981 -1.577 -1.671
0.025095 0.25 9.60746 1.394956946 2.52947612 1.369 1.71 3.6638 2.471 4 0 0.395 0 0 0 0 0 -1 -1e-30 0 0.6619 0.3124 0.003341 0.00258 0.01126 -1 0.02575 0.494 3.225 2.083 0.959 0.298 -0.216 -0.978 -1.573 -1.667
0.025095 0.25 9.60746 1.395369053 2.529516225 1.37 1.71 3.6641 2.473 4 0 0.395 0 0 0 0 0 -1 -1e-30 0 0.6619 0.3124 0.00334 0.002581 0.01126 -1 0.02575 0.496 3.221 2.082 0.959 0.299 -0.215 -0.975 -1.57 -1.664
0.025095 0.25 9.60746 1.395740867 2.529552386 1.37 1.709 3.6643 2.475 4 0 0.395 0 0 0 0 0 -1 -1e-30 0 0.6619 0.3124 0.00334 0.002581 0.01126 -1 0.02575 0.497 3.217 2.081 0.959 0.3 -0.213 -0.973 -1.567 -1.661
0.025095 0.25 9.60746 1.396017671 2.529579292 1.371 1.709 3.6645 2.476 4 0 0.395 0 0 0 0 0 -1 -1e-30 0 0.6619 0.3123 0.003339 0.002582 0.01126 -1 0.02575 0.498 3.214 2.08 0.959 0.3 -0.213 -0.972 -1.565 -1.659
0.025095 0.25 9.60746 1.396062255 2.529583624 1.371 1.709 3.6645 2.476 4 0 0.395 0 0 0 0 0 -1 -1e-30 0 0.6619 0.3123 0.003339 0.002582 0.01126 -1 0.02575 0.498 3.213 2.079 0.959 0.3 -0.213 -0.972 -1.565 -1.659
0.025095 0.25 9.60746 1.396446943 2.529620994 1.371 1.708 3.6647 2.477 4 0 0.395 0 0 0 0 0 -1 -1e-30 0 0.6619 0.3123 0.003339 0.002582 0.01126 -1 0.02575 0.499 3.209 2.078 0.958 0.301 -0.212 -0.97 -1.563 -1.656
0.025095 0.25 9.60746 1.39682436 2.529657634 1.371 1.708 3.6648 2.478 4 0 0.395 0 0 0 0 0 -1 -1e-30 0 0.6619 0.3123 0.003338 0.002583 0.01126 -1 0.02575 0.499 3.205 2.076 0.957 0.3 -0.212 -0.97 -1.562 -1.655
0.025095 0.25 9.60746 1.397227883 2.529696784 1.372 1.708 3.665 2.479 4 0 0.395 0 0 0 0 0 -1 -1e-30 0 0.6619 0.3123 0.003338 0.002584 0.01126 -1 0.02575 0.499 3.202 2.074 0.956 0.299 -0.212 -0.97 -1.561 -1.655
0.025095 0.25 9.60746 1.397598863 2.529732753 1.372 1.709 3.6651 2.479 4 0 0.395 0 0 0 0 0 -1 -1e-30 0 0.6619 0.3123 0.003337 0.002584 0.01126 -1 0.02575 0.498 3.198 2.072 0.954 0.298 -0.214 -0.971 -1.562 -1.655
0.025095 0.25 9.60746 1.39799583 2.529771218 1.373 1.71 3.6652 2.479 4 0 0.395 0 0 0 0 0 -1 -1e-30 0 0.6619 0.3123 0.003336 0.002585 0.01126 -1 0.02575 0.496 3.195 2.069 0.952 0.296 -0.215 -0.972 -1.563 -1.656
0.025095 0.25 9.60746 1.398392916 2.529809669 1.373 1.711 3.6652 2.478 4 0 0.395 0 0 0 0 0 -1 -1e-30 0 0.662 0.3123 0.003336 0.002586 0.01126 -1 0.02575 0.493 3.191 2.066 0.949 0.293 -0.218 -0.975 -1.565 -1.658
0.025095 0.25 9.60746 1.39876914 2.529846077 1.374 1.712 3.6652 2.477 4 0 0.395 0 0 0 0 0 -1 -1e-30 0 0.662 0.3123 0.003335 0.002586 0.01126 -1 0.02575 0.49 3.188 2.063 0.946 0.29 -0.221 -0.978 -1.569 -1.662
0.025095 0.25 9.60746 1.398846388 2.52985355 1.374 1.712 3.6652 2.477 4 0 0.395 0 0 0 0 0 -1 -1e-30 0 0.662 0.3123 0.003335 0.002586 0.01126 -1 0.02575 0.49 3.188 2.063 0.945 0.289 -0.222 -0.979 -1.569 -1.662
0.025095 0.25 9.60746 1.398914933 2.52986018 1.374 1.712 3.6652 2.476 4 0 0.395 0 0 0 0 0 -1 -1e-30 0 0.662 0.3123 0.003335 0.002586 0.01126 -1 0.02575 0.489 3.188 2.062 0.944 0.289 -0.223 -0.979 -1.57 -1.663
0.025095 0.25 9.60746 1.399304271 2.529897824 1.374 1.714 3.6651 2.474 4 0 0.395 0 0 0 0 0 -1 -1e-30 0 0.662 0.3123 0.003335 0.002587 0.01126 -1 0.02575 0.484 3.185 2.058 0.94 0.284 -0.228 -0.984 -1.575 -1.669
0.025095 0.25 9.60746 1.399703383 2.529936388 1.375 1.717 3.665 2.471 4 0 0.394 0 0 0 0 0 -1 -1e-30 0 0.662 0.3123 0.003334 0.002588 0.01126 -1 0.02575 0.478 3.182 2.054 0.935 0.278 -0.233 -0.991 -1.582 -1.675
0.025095 0.25 9.60746 1.400086045 2.529973339 1.375 1.72 3.6648 2.468 4 0 0.394 0 0 0 0 0 -1 -1e-30 0 0.662 0.3123 0.003334 0.002588 0.01126 -1 0.02575 0.471 3.18 2.049 0.929 0.272 -0.241 -0.999 -1.59 -1.684
0.025095 0.25 9.60746 1.400484919 2.530011831 1.376 1.724 3.6646 2.463 4 0 0.394 0 0 0 0 0 -1 -1e-30 0 0.662 0.3122 0.003333 0.002589 0.01126 -1 0.02575 0.461 3.178 2.043 0.921 0.263 -0.25 -1.009 -1.601 -1.695
0.025095 0.25 9.60746 1.400874019 2.530049355 1.376 1.728 3.6642 2.458 4 0 0.394 0 0 0 0 0 -1 -1e-30 0 0.662 0.3122 0.003332 0.00259 0.01126 -1 0.02575 0.45 3.176 2.036 0.912 0.253 -0.261 -1.021 -1.615 -1.709
0.025095 0.25 9.60746 1.401255727 2.530086143 1.376 1.733 3.6638 2.451 4 0 0.394 0 0 0 0 0 -1 -1e-30 0 0.662 0.3122 0.003332 0.00259 0.01126 -1 0.02575 0.437 3.174 2.028 0.901 0.241 -0.274 -1.036 -1.631 -1.725
0.025095 0.25 9.60746 1.401642084 2.530123356 1.377 1.74 3.6633 2.442 4 0 0.394 0 0 0 0 0 -1 -1e-30 0 0.662 0.3122 0.003331 0.002591 0.01126 -1 0.02575 0.42 3.172 2.018 0.888 0.226 -0.29 -1.054 -1.65 -1.745
0.025095 0.25 9.60746 1.40203023 2.530160717 1.377 1.748 3.6626 2.431 4 0 0.394 0 0 0 0 0 -1 -1e-30 0 0.662 0.3122 0.003331 0.002592 0.01126 -1 0.02575 0.4 3.17 2.007 0.873 0.208 -0.31 -1.076 -1.674 -1.769
0.025095 0.25 9.60746 1.402424455 2.530198639 1.378 1.76 3.6616 2.416 4 0 0.394 0 0 0 0 0 -1 -1e-30 0 0.662 0.3122 0.00333 0.002592 0.01126 -1 0.02575 0.371 3.167 1.991 0.85 0.182 -0.338 -1.109 -1.709 -1.805
0.025095 0.25 9.60746 1.402816653 2.530236342 1.378 1.78 3.6599 2.389 4 0 0.394 0 0 0 0 0 -1 -1e-30 0 0.6621 0.3122 0.00333 0.002593 0.01126 -1 0.02575 0.321 3.163 1.963 0.812 0.137 -0.387 -1.164 -1.769 -1.866
0.025095 0.25 9.60746 1.40319109 2.530272314 1.379 1.821 3.6564 2.334 4 0 0.394 0 0 0 0 0 -1 -1e-30 0 0.6621 0.3122 0.003329 0.002593 0.01126 -1 0.02575 0.217 3.163 1.909 0.735 0.047 -0.486 -1.277 -1.893 -1.993
0.025095 0.25 9.60746 1.403334022 2.53028604 1.379 1.857 3.6533 2.286 4 0 0.394 0 0 0 0 0 -1 -1e-30 0 0.6621 0.3122 0.003329 0.002594 0.01126 -1 0.02575 0.128 3.161 1.863 0.669 -0.031 -0.572 -1.375 -1.999 -2.101
0.025095 0.25 9.60746 1.403416276 2.530293938 1.379 1.892 3.6503 2.239 4 0 0.394 0 0 0 0 0 -1 -1e-30 0 0.6621 0.3122 0.003329 0.002594 0.01126 -1 0.02575 0.039 3.159 1.816 0.603 -0.108 -0.658 -1.472 -2.105 -2.21
0.025095 0.25 9.60746 1.403465033 2.530298618 1.379 1.928 3.6473 2.191 4 0 0.394 0 0 0 0 0 -1 -1e-30 0 0.6621 0.3122 0.003329 0.002594 0.01126 -1 0.02575 -0.051 3.161 1.771 0.538 -0.185 -0.744 -1.571 -2.212 -2.319
0.025095 0.25 9.60746 1.403491855 2.530301193 1.379 1.962 3.6445 2.146 4 0 0.394 0 0 0 0 0 -1 -1e-30 0 0.6621 0.3122 0.003329 0.002594 0.01126 -1 0.02575 -0.135 3.162 1.728 0.477 -0.258 -0.824 -1.662 -2.312 -2.421
0.025095 0.25 9.60746 1.403509259 2.530302864 1.379 1.999 3.6413 2.095 4 0 0.394 0 0 0 0 0 -1 -1e-30 0 0.6621 0.3122 0.003329 0.002594 0.01126 -1 0.02575 -0.229 3.163 1.681 0.409 -0.338 -0.914 -1.765 -2.423 -2.535
0.025095 0.25 9.60746 1.403521061 2.530303997 1.379 2.039 3.638 2.042 4 0 0.394 0 0 0 0 0 -1 -1e-30 0 0.6621 0.3122 0.003329 0.002594 0.01126 -1 0.02575 -0.328 3.165 1.632 0.339 -0.422 -1.008 -1.872 -2.54 -2.655
0.025095 0.25 9.60746 1.403529048 2.530304764 1.379 2.078 3.6348 1.991 4 0 0.394 0 0 0 0 0 -1 -1e-30 0 0.6621 0.3122 0.003329 0.002594 0.01126 -1 0.02575 -0.424 3.164 1.586 0.271 -0.501 -1.099 -1.976 -2.652 -2.77
0.025095 0.25 9.60746 1.403531194 2.530304969 1.379 2.09 3.6338 1.975 7 0 0.394 0 0 0 0 0 -1 -1e-30 0 0.6621 0.3122 0.003329 0.002594 0.01126 -1 0.02575 -0.454 3.158 1.571 0.249 -0.526 -1.127 -2.009 -2.686 -2.806
0.025095 0.25 9.60746 1.403531671 2.530305015 1.379 2.093 3.6336 1.971 7 0 0.394 0 0 0 0 0 -1 -1e-30 0 0.6621 0.3122 0.003329 0.002594 0.01126 -1 0.02575 -0.462 3.156 1.567 0.243 -0.533 -1.135 -2.017 -2.694 -2.815
0.025095 0.25 9.60746 1.403538227 2.530305645 1.379 2.134 3.6302 1.916 7 0 0.394 0 0 0 0 0 -1 -1e-30 0 0.6621 0.3122 0.003329 0.002594 0.01126 -1 0.02575 -0.565 3.132 1.516 0.166 -0.619 -1.231 -2.127 -2.809 -2.935
0.025095 0.25 9.60746 1.403543949 2.530306194 1.379 2.169 3.6273 1.87 7 0 0.394 0 0 0 0 0 -1 -1e-30 0 0.6621 0.3122 0.003329 0.002594 0.01126 -1 0.02575 -0.652 3.108 1.473 0.104 -0.687 -1.311 -2.22 -2.905 -3.036
0.025095 0.25 9.60746 1.40354979 2.530306755 1.379 2.198 3.625 1.832 7 0 0.394 0 0 0 0 0 -1 -1e-30 0 0.6621 0.3122 0.003329 0.002594 0.01126 -1 0.02575 -0.725 3.086 1.437 0.052 -0.745 -1.377 -2.297 -2.985 -3.121
0.025095 0.25 9.60746 1.40355587 2.530307338 1.379 2.211 3.6239 1.814 7 0 0.394 0 0 0 0 0 -1 -1e-30 0 0.6621 0.3122 0.003329 0.002594 0.01126 -1 0.02575 -0.758 3.075 1.42 0.028 -0.771 -1.408 -2.333 -3.021 -3.16
0.025095 0.25 9.60746 1.403572679 2.530308951 1.379 2.198 3.625 1.832 7 0 0.394 0 0 0 0 0 -1 -1e-30 0 0.6621 0.3122 0.003329 0.002594 0.01126 -1 0.02575 -0.724 3.085 1.436 0.052 -0.745 -1.377 -2.297 -2.984 -3.12
0.025095 0.25 9.60746 1.403581858 2.530309832 1.379 2.18 3.6265 1.855 7 0 0.394 0 0 0 0 0 -1 -1e-30 0 0.6621 0.3122 0.003329 0.002594 0.01126 -1 0.02575 -0.68 3.098 1.458 0.083 -0.71 -1.337 -2.25 -2.935 -3.069
0.025095 0.25 9.60746 1.403603673 2.530311926 1.379 2.154 3.6286 1.89 7 0 0.394 0 0 0 0 0 -1 -1e-30 0 0.6621 0.3122 0.003329 0.002594 0.01126 -1 0.02575 -0.615 3.116 1.49 0.129 -0.659 -1.277 -2.181 -2.864 -2.993
0.025095 0.25 9.60746 1.403642654 2.530315668 1.379 2.13 3.6306 1.922 7 0 0.394 0 0 0 0 0 -1 -1e-30 0 0.6621 0.3122 0.003329 0.002594 0.01126 -1 0.02575 -0.555 3.132 1.52 0.173 -0.611 -1.221 -2.116 -2.797 -2.923
0.025095 0.25 9.60746 1.403855085 2.530336051 1.379 2.112 3.6321 1.946 7 0 0.394 0 0 0 0 0 -1 -1e-30 0 0.6621 0.3122 0.003328 0.002594 0.01126 -1 0.02575 -0.509 3.144 1.543 0.207 -0.572 -1.179 -2.067 -2.746 -2.87
0.025095 0.25 9.60746 1.40406239 2.530355936 1.38 2.134 3.6302 1.916 7 0 0.394 0 0 0 0 0 -1 -1e-30 0 0.6621 0.3122 0.003328 0.002595 0.01126 -1 0.02575 -0.566 3.131 1.516 0.166 -0.619 -1.231 -2.128 -2.809 -2.936
0.025095 0.25 9.60746 1.404233098 2.530372305 1.38 2.171 3.6272 1.867 7 0 0.394 0 0 0 0 0 -1 -1e-30 0 0.6621 0.3122 0.003328 0.002595 0.01126 -1 0.02575 -0.658 3.106 1.47 0.1 -0.692 -1.316 -2.226 -2.911 -3.043
0.025095 0.25 9.60746 1.404378056 2.530386202 1.38 2.211 3.6239 1.814 7 0 0.394 0 0 0 0 0 -1 -1e-30 0 0.6621 0.3122 0.003328 0.002595 0.01126 -1 0.02575 -0.758 3.076 1.42 0.029 -0.771 -1.408 -2.333 -3.021 -3.16
0.025095 0.25 9.60746 1.404497981 2.530397697 1.38 2.251 3.6205 1.761 7 0 0.394 0 0 0 0 0 -1 -1e-30 0 0.6621 0.3122 0.003327 0.002596 0.01126 -1 0.02575 -0.858 3.043 1.369 -0.043 -0.851 -1.5 -2.44 -3.133 -3.278
0.025095 0.25 9.60746 1.404598117 2.530407292 1.38 2.291 3.6172 1.707 7 0 0.394 0 0 0 0 0 -1 -1e-30 0 0.6621 0.3121 0.003327 0.002596 0.01126 -1 0.02575 -0.958 3.006 1.318 -0.111 -0.926 -1.59 -2.546 -3.244 -3.396
0.025095 0.25 9.60746 1.404684067 2.530415528 1.38 2.331 3.6138 1.654 7 0 0.394 0 0 0 0 0 -1 -1e-30 0 0.6621 0.3121 0.003327 0.002596 0.01126 -1 0.02575 -1.059 2.968 1.268 -0.178 -1.001 -1.681 -2.653 -3.355 -3.514
0.025095 0.25 9.60746 1.40475893 2.5304227 1.38 2.372 3.6104 1.6 7 0 0.394 0 0 0 0 0 -1 -1e-30 0 0.6621 0.3121 0.003327 0.002596 0.01126 -1 0.02575 -1.159 2.928 1.217 -0.245 -1.076 -1.77 -2.76 -3.467 -3.633
0.025095 0.25 9.60746 1.40482533 2.53042906 1.38 2.412 3.6069 1.546 7 0 0.394 0 0 0 0 0 -1 -1e-30 0 0.6621 0.3121 0.003327 0.002596 0.01126 -1 0.02575 -1.259 2.882 1.167 -0.308 -1.148 -1.859 -2.867 -3.579 -3.753
0.025095 0.25 9.60746 1.404885769 2.530434849 1.381 2.452 3.6034 1.491 7 0 0.394 0 0 0 0 0 -1 -1e-30 0 0.6621 0.3121 0.003327 0.002596 0.01126 -1 0.02575 -1.361 2.842 1.119 -0.369 -1.22 -1.949 -2.976 -3.693 -3.875
0.025095 0.25 9.60746 1.404941559 2.530440192 1.381 2.493 3.5998 1.436 7 0 0.394 0 0 0 0 0 -1 -1e-30 0 0.6621 0.3121 0.003327 0.002596 0.01126 -1 0.02575 -1.464 2.845 1.079 -0.426 -1.292 -2.042 -3.087 -3.814 -4.001
0.025095 0.25 9.60746 1.404993296 2.530445146 1.381 2.535 3.5962 1.38 7 0 0.394 10.5 7.63 5.4 4.11 3.34 4 -1e-30 0 0.6621 0.3121 0.003326 0.002597 0.01126 -1 0.02575 -1.566 2.84 1.044 -0.473 -1.355 -2.135 -3.2 -3.935 -4.128
0.025095 0.25 9.60746 1.405042052 2.530449815 1.381 2.576 3.5924 1.324 7 0 0.393 11.79 8.45 5.96 4.54 3.69 4 -1e-30 0 0.6621 0.3121 0.003326 0.002597 0.01126 -1 0.02575 -1.67 2.837 1.01 -0.52 -1.419 -2.228 -3.314 -4.058 -4.257
0.025095 0.25 9.60746 1.405087352 2.530454152 1.381 2.618 3.5886 1.267 7 0 0.393 13.23 9.36 6.57 5.02 4.08 4 -1e-30 0 0.6621 0.3121 0.003325 0.002598 0.01126 -1 0.02575 -1.774 2.833 0.979 -0.561 -1.478 -2.32 -3.428 -4.182 -4.385
0.025095 0.25 9.60746 1.405129075 2.530458147 1.381 2.659 3.5847 1.209 7 0 0.393 14.88 10.39 7.26 5.55 4.51 4 -1e-30 0 0.6621 0.3121 0.003322 0.0026 0.01126 -1 0.02575 -1.878 2.829 0.955 -0.593 -1.53 -2.411 -3.543 -4.306 -4.516
0.025095 0.25 9.60746 1.405169845 2.53046205 1.381 2.702 3.5806 1.151 7 0 0.393 16.76 11.54 8.03 6.15 5 4 -1e-30 0 0.6621 0.3121 0.003319 0.002603 0.01126 -1 0.02575 -1.984 2.826 0.932 -0.625 -1.583 -2.504 -3.659 -4.432 -4.648
0.025095 0.25 9.60746 1.405210495 2.530465942 1.381 2.744 3.5765 1.092 7 0 0.392 18.92 12.85 8.89 6.82 5.55 4 -1e-30 0 0.6621 0.3121 0.003314 0.002608 0.01126 -1 0.02575 -2.091 2.817 0.92 -0.639 -1.621 -2.593 -3.778 -4.56 -4.782
0.025095 0.25 9.60746 1.405247331 2.530469468 1.381 2.786 3.5723 1.033 7 0 0.391 21.31 14.28 9.83 7.55 6.15 4 -1e-30 0 0.6621 0.3121 0.003309 0.002614 0.01126 -1 0.02575 -2.195 2.81 0.914 -0.646 -1.654 -2.679 -3.894 -4.686 -4.914
0.025095 0.25 9.60746 1.405274153 2.530472035 1.381 2.824 3.5684 0.979 7 0 0.391 23.8 15.74 10.8 8.3 6.76 3 -1e-30 0 0.6621 0.3121 0.003305 0.002619 0.01126 -1 0.02575 -2.291 2.806 0.917 -0.641 -1.676 -2.756 -4.002 -4.802 -5.036
0.025095 0.25 9.60746 1.405291438 2.530473689 1.381 2.857 3.565 0.933 7 0 0.39 26.16 17.12 11.7 9.01 7.34 3 -1e-30 0 0.6621 0.3121 0.003301 0.002623 0.01126 -1 0.02575 -2.373 2.802 0.929 -0.623 -1.686 -2.818 -4.096 -4.901 -5.141
0.025095 0.25 9.60746 1.405305386 2.530475024 1.381 2.89 3.5615 0.886 7 0 0.39 28.8 18.64 12.69 9.78 7.97 3 -1e-30 0 0.6621 0.3121 0.003298 0.002627 0.01126 -1 0.02575 -2.456 2.8 0.944 -0.602 -1.693 -2.88 -4.19 -5.002 -5.247
0.025095 0.25 9.60746 1.405318141 2.530476245 1.381 2.927 3.5576 0.834 7 0 0.39 32.04 20.48 13.88 10.72 8.74 3 -1e-30 0 0.6621 0.3121 0.003295 0.002631 0.01126 -1 0.02577 -2.547 2.796 0.973 -0.562 -1.691 -2.941 -4.294 -5.113 -5.364
0.025095 0.25 9.60746 1.405329943 2.530477375 1.381 2.966 3.5533 0.778 7 0 0.389 35.93 22.67 15.29 11.83 9.64 3 -1e-30 0 0.6621 0.3121 0.003292 0.002635 0.01126 -1 0.02578 -2.645 2.793 1.016 -0.504 -1.679 -3.002 -4.405 -5.231 -5.49
0.025095 0.25 9.60746 1.405340314 2.530478367 1.381 3.004 3.549 0.722 7 0 0.389 40.24 25.07 16.83 13.04 10.63 3 -1e-30 0 0.6621 0.3121 0.00329 0.002638 0.01126 -1 0.0258 -2.74 2.791 1.067 -0.437 -1.66 -3.058 -4.515 -5.349 -5.615
0.025095 0.25 9.60746 1.405350328 2.530479325 1.381 3.043 3.5446 0.666 7 0 0.389 45.13 27.75 18.55 14.39 11.73 3 -1e-30 0 0.6621 0.3121 0.003288 0.00264 0.01126 -1 0.02581 -2.837 2.79 1.138 -0.344 -1.626 -3.101 -4.626 -5.467 -5.74
0.025095 0.25 9.60746 1.405360937 2.530480341 1.381 3.084 3.5397 0.605 7 0 0.389 51.15 31 20.62 16.02 13.07 2 -1e-30 0 0.6621 0.3121 0.003286 0.002642 0.01126 -1 0.02581 -2.941 2.79 1.222 -0.236 -1.585 -3.145 -4.747 -5.595 -5.877
0.025095 0.25 9.60746 1.405373096 2.530481504 1.381 3.131 3.5342 0.536 7 0 0.389 58.8 35.08 23.2 18.06 14.74 2 -1e-30 0 0.6621 0.3121 0.003286 0.002643 0.01126 -1 0.02581 -3.056 2.79 1.346 -0.079 -1.517 -3.167 -4.88 -5.736 -6.029
0.025095 0.25 9.60746 1.405386686 2.530482805 1.381 3.178 3.5283 0.466 7 0 0.389 67.9 39.84 26.2 20.43 16.68 2 -1e-30 0 0.6621 0.3121 0.003286 0.002643 0.01126 -1 0.02581 -3.175 2.794 1.493 0.106 -1.434 -3.175 -5.018 -5.882 -6.186
0.025095 0.25 9.60746 1.405400038 2.530484083 1.381 3.22 3.523 0.402 7 0 0.389 77.37 44.72 29.26 22.86 18.66 2 -1e-30 0 0.6621 0.3121 0.003286 0.002643 0.01126 -1 0.02581 -3.281 2.799 1.659 0.311 -1.334 -3.151 -5.142 -6.012 -6.328
0.025095 0.25 9.60746 1.405409336 2.530484973 1.381 3.244 3.5199 0.365 7 0 0.389 83.36 47.78 31.16 24.37 19.9 2 -1e-30 0 0.6621 0.3121 0.003286 0.002643 0.01126 -1 0.02581 -3.341 2.803 1.758 0.432 -1.275 -3.135 -5.213 -6.086 -6.408
0.025095 0.25 9.60746 1.40541029 2.530485064 1.381 3.238 3.5207 0.374 7 0 0.389 81.81 46.99 30.68 23.98 19.58 2 -1e-30 0 0.6621 0.3121 0.003286 0.002643 0.01126 -1 0.02581 -3.326 2.801 1.731 0.399 -1.291 -3.14 -5.195 -6.068 -6.388
0.025095 0.25 9.60746 1.405410409 2.530485075 1.381 3.232 3.5214 0.383 7 0 0.389 80.33 46.24 30.2 23.61 19.28 2 -1e-30 0 0.6621 0.3121 0.003286 0.002643 0.01126 -1 0.02581 -3.311 2.801 1.708 0.371 -1.305 -3.144 -5.178 -6.049 -6.368
0.025095 0.25 9.60746 1.405410528 2.530485087 1.381 3.225 3.5223 0.394 7 0 0.389 78.58 45.35 29.65 23.17 18.91 2 -1e-30 0 0.6621 0.3121 0.003286 0.002643 0.01126 -1 0.02581 -3.293 2.8 1.681 0.337 -1.321 -3.147 -5.157 -6.027 -6.344
0.025095 0.25 9.60746 1.405410647 2.530485098 1.381 3.219 3.523 0.403 7 0 0.389 77.15 44.61 29.19 22.8 18.62 2 -1e-30 0 0.6621 0.3121 0.003286 0.002643 0.01126 -1 0.02581 -3.278 2.799 1.658 0.309 -1.334 -3.15 -5.139 -6.009 -6.324
0.025095 0.25 9.60746 1.405410886 2.530485121 1.381 3.217 3.5233 0.406 7 0 0.389 76.64 44.35 29.03 22.67 18.51 2 -1e-30 0 0.6621 0.3121 0.003286 0.002643 0.01126 -1 0.02581 -3.273 2.799 1.65 0.299 -1.339 -3.151 -5.133 -6.002 -6.317
0.025095 0.25 9.60746 1.405411124 2.530485144 1.381 3.219 3.523 0.403 7 0 0.389 77.21 44.65 29.21 22.82 18.63 2 -1e-30 0 0.6621 0.3121 0.003286 0.002643 0.01126 -1 0.02581 -3.279 2.799 1.658 0.31 -1.334 -3.15 -5.14 -6.01 -6.325
0.025095 0.25 9.60746 1.405411482 2.530485178 1.381 3.227 3.5221 0.392 7 0 0.389 78.89 45.5 29.75 23.24 18.98 2 -1e-30 0 0.6621 0.3121 0.003286 0.002643 0.01126 -1 0.02581 -3.296 2.8 1.686 0.343 -1.318 -3.146 -5.16 -6.031 -6.349
0.025095 0.25 9.60746 1.405411839 2.530485212 1.381 3.234 3.5213 0.382 7 0 0.389 80.61 46.38 30.29 23.68 19.33 2 -1e-30 0 0.6621 0.3121 0.003286 0.002643 0.01126 -1 0.02581 -3.314 2.801 1.713 0.377 -1.302 -3.143 -5.181 -6.053 -6.372
0.025095 0.25 9.60746 1.405412435 2.530485269 1.381 3.248 3.5194 0.36 7 0 0.389 84.29 48.25 31.46 24.6 20.09 2 -1e-30 0 0.6621 0.3121 0.003286 0.002643 0.01126 -1 0.02581 -3.35 2.804 1.776 0.456 -1.262 -3.129 -5.223 -6.097 -6.42
0.025095 0.25 9.60746 1.405413151 2.530485338 1.381 3.266 3.517 0.332 7 0 0.389 89.17 50.72 32.99 25.82 21.09 2 -1e-30 0 0.6621 0.3121 0.003286 0.002643 0.01126 -1 0.02581 -3.395 2.807 1.866 0.573 -1.199 -3.097 -5.275 -6.153 -6.481
0.025095 0.25 9.60746 1.405414104 2.530485429 1.381 3.284 3.5147 0.305 7 0 0.389 94.23 53.26 34.57 27.07 22.11 2 -1e-30 0 0.6621 0.3121 0.003286 0.002643 0.01126 -1 0.02581 -3.44 2.812 1.958 0.694 -1.134 -3.063 -5.326 -6.207 -6.54
0.025095 0.25 9.60746 1.405415297 2.530485543 1.381 3.301 3.5123 0.279 7 0 0.389 99.5 55.89 36.2 28.37 23.18 2 -1e-30 0 0.6621 0.3121 0.003286 0.002643 0.01126 -1 0.02581 -3.483 2.818 2.055 0.82 -1.065 -3.026 -5.376 -6.261 -6.599
0.025095 0.25 9.60746 1.405416846 2.530485691 1.381 3.317 3.5101 0.254 7 0 0.389 104.72 58.48 37.8 29.65 24.22 2 -1e-30 0 0.6621 0.3121 0.003286 0.002643 0.01126 -1 0.02581 -3.523 2.826 2.15 0.942 -0.998 -2.989 -5.423 -6.311 -6.654
0.025095 0.25 9.60746 1.405419111 2.530485908 1.381 3.353 3.5051 0.197 7 0 0.389 117.49 64.75 41.66 32.72 26.74 2 -1e-30 0 0.6621 0.3121 0.003286 0.002643 0.01126 -1 0.02581 -3.613 2.828 2.307 1.137 -0.891 -2.928 -5.528 -6.423 -6.774
0.025095 0.25 9.60746 1.405420303 2.530486022 1.381 3.366 3.5033 0.178 7 0.526 0.389 122.29 67.09 43.1 33.87 27.68 2 -1e-30 0 0.6621 0.3121 0.003286 0.002643 0.01126 -1 0.02581 -3.645 2.829 2.363 1.208 -0.851 -2.904 -5.564 -6.461 -6.816
0.025095 0.25 9.60746 1.405420423 2.530486033 1.381 3.367 3.5032 0.177 7 0.526 0.389 122.54 67.21 43.17 33.93 27.73 2 -1e-30 0 0.6621 0.3121 0.003286 0.002643 0.01126 -1 0.02581 -3.646 2.829 2.366 1.211 -0.849 -2.903 -5.566 -6.463 -6.819
0.025095 0.25 9.60746 1.405420542 2.530486045 1.361 3.365 3.4976 0.149 8 0.526 0.409 129.21 70.37 45.09 35.48 29 2 -6.93e-08 0 0.6621 0.3121 0.003466 0.002645 0.01129 -1 0.02581 -3.643 2.908 2.623 1.508 -0.633 -2.725 -5.577 -6.485 -6.849
0.025095 0.25 9.60746 1.405420661 2.530486056 1.361 3.099 3.5265 0.531 8 0.526 0.409 59.17 35.26 23.31 18.15 14.81 2 -2.27e-08 0 0.6621 0.3121 0.003466 0.002645 0.01129 -1 0.02581 -2.976 2.961 1.757 0.405 -1.163 -2.927 -4.824 -5.694 -6
0.025095 0.25 9.60746 1.40542078 2.530486068 1.361 3.005 3.5387 0.674 8 0.526 0.409 44.22 27.25 18.22 14.14 11.53 3 -1.59e-08 0 0.6621 0.3121 0.003466 0.002645 0.01129 -1 0.02581 -2.742 2.947 1.445 0.013 -1.348 -2.925 -4.55 -5.403 -5.685
0.025095 0.25 9.60746 1.405421138 2.530486102 1.361 2.82 3.5626 0.954 8 0.526 0.409 24.94 16.42 11.23 8.65 7.05 3 -8.21e-09 0 0.6621 0.3121 0.003466 0.002645 0.01129 -1 0.02581 -2.281 2.909 1.077 -0.459 -1.539 -2.71 -4.009 -4.822 -5.064
0.025095 0.25 9.60746 1.405421495 2.530486136 1.36 2.842 3.5596 0.92 8 0.526 0.409 26.75 17.47 11.92 9.19 7.48 3 -8.83e-09 0 0.6621 0.3121 0.003466 0.002645 0.01129 -1 0.02581 -2.335 2.919 1.108 -0.419 -1.525 -2.745 -4.074 -4.893 -5.139
0.025095 0.25 9.60746 1.405422211 2.530486204 1.36 2.962 3.5436 0.736 8 0.526 0.409 38.91 24.33 16.36 12.67 10.33 3 -1.35e-08 0 0.6621 0.3121 0.003466 0.002645 0.01129 -1 0.02581 -2.634 2.949 1.358 -0.1 -1.391 -2.884 -4.426 -5.272 -5.544
0.025095 0.25 9.60746 1.405422926 2.530486273 1.359 3.122 3.5223 0.491 8 0.526 0.409 64.25 37.93 24.99 19.48 15.9 2 -2.48e-08 0 0.6621 0.3121 0.003466 0.002646 0.01129 -1 0.02581 -3.035 2.98 1.902 0.583 -1.064 -2.885 -4.896 -5.771 -6.085
0.025095 0.25 9.60746 1.40542376 2.530486353 1.359 3.259 3.5039 0.279 8 0.526 0.409 98.97 55.58 35.99 28.23 23.05 2 -4.29e-08 0 0.6621 0.3121 0.003466 0.002646 0.01129 -1 0.02581 -3.379 3 2.541 1.402 -0.626 -2.664 -5.295 -6.195 -6.545
0.025095 0.25 9.60746 1.405424833 2.530486456 1.358 3.351 3.4914 0.138 8 0.526 0.409 132.23 71.81 45.97 36.19 29.58 2 -6.25e-08 0 0.6621 0.3121 0.003466 0.002646 0.01129 -1 0.02581 -3.608 3.009 2.913 1.827 -0.38 -2.5 -5.555 -6.476 -6.849
0.025095 0.25 9.60746 1.405426145 2.530486581 1.357 3.401 3.4843 0.058 8 0.527 0.409 155.47 82.87 52.71 41.58 33.99 2 -7.7e-08 0 0.6621 0.3121 0.003466 0.002646 0.01129 -1 0.02581 -3.734 3.01 3.049 1.921 -0.323 -2.459 -5.696 -6.63 -7.015
0.025095 0.25 9.60746 1.405427456 2.530486706 1.356 3.427 3.4802 0.016 8 0.527 0.409 169.57 89.48 56.71 44.79 36.63 2 -8.57e-08 0 0.6621 0.3121 0.003466 0.002646 0.01129 -1 0.02581 -3.798 3.015 3.121 1.96 -0.297 -2.437 -5.769 -6.711 -7.103
0.025095 0.25 9.60746 1.405429006 2.530486855 1.355 3.445 3.4772 -0.014 8 0.527 0.409 180.11 94.38 59.68 47.17 38.58 2 -9.19e-08 0 0.6621 0.3121 0.003466 0.002646 0.01129 -1 0.02581 -3.842 3.018 3.163 1.979 -0.286 -2.432 -5.818 -6.764 -7.16
0.025095 0.25 9.60746 1.405429006 2.530486855 1.355 3.245 3.5033 0.29 8 0.527 0.409 96.85 54.52 35.34 27.7 22.63 2 -4.01e-08 0 0.6621 0.3121 0.003466 0.002646 0.01129 -1 0.02581 -3.344 3.032 2.596 1.467 -0.569 -2.611 -5.261 -6.163 -6.514
0.025095 0.25 9.60746 1.405429244 2.530486878 1.355 3.089 3.5238 0.528 8 0.527 0.409 59.45 35.41 23.4 18.23 14.87 2 -2.15e-08 0 0.6621 0.3121 0.003466 0.002646 0.01129 -1 0.02581 -2.952 3.017 1.907 0.582 -1.036 -2.836 -4.808 -5.682 -5.992
0.025095 0.25 9.60746 1.405429602 2.530486912 1.355 2.903 3.548 0.811 8 0.527 0.409 33.38 21.25 14.37 11.11 9.05 3 -1.07e-08 0 0.6621 0.3121 0.003466 0.002646 0.01129 -1 0.02581 -2.488 2.987 1.333 -0.142 -1.374 -2.79 -4.264 -5.104 -5.369
0.025095 0.25 9.60746 1.405430079 2.530486957 1.354 2.923 3.5454 0.78 8 0.527 0.409 35.55 22.47 15.16 11.73 9.56 3 -1.16e-08 0 0.6621 0.3121 0.003466 0.002646 0.01129 -1 0.02581 -2.538 2.992 1.382 -0.079 -1.346 -2.808 -4.324 -5.168 -5.437
0.025095 0.25 9.60746 1.405430675 2.530487014 1.354 3.04 3.5301 0.602 8 0.528 0.409 51.12 30.98 20.59 16.01 13.06 3 -1.78e-08 0 0.6621 0.3121 0.003466 0.002646 0.01129 -1 0.02581 -2.829 3.011 1.718 0.347 -1.152 -2.865 -4.666 -5.532 -5.829
0.025095 0.25 9.60746 1.40543139 2.530487083 1.353 3.196 3.5096 0.364 8 0.528 0.409 83.15 47.63 31.06 24.3 19.84 2 -3.29e-08 0 0.6621 0.3121 0.003466 0.002646 0.01129 -1 0.02581 -3.219 3.037 2.411 1.235 -0.691 -2.676 -5.119 -6.012 -6.351
0.025095 0.25 9.60746 1.405432344 2.530487174 1.352 3.329 3.4921 0.161 8 0.528 0.409 125.98 68.79 44.12 34.71 28.36 2 -5.66e-08 0 0.6621 0.3121 0.003466 0.002646 0.01129 -1 0.02581 -3.551 3.037 2.925 1.841 -0.354 -2.468 -5.497 -6.418 -6.788
0.025095 0.25 9.60746 1.405433416 2.530487277 1.351 3.415 3.4805 0.027 8 0.528 0.409 165.44 87.52 55.53 43.84 35.85 2 -8.15e-08 0 0.6621 0.3121 0.003466 0.002646 0.01129 -1 0.02581 -3.769 3.031 3.133 1.976 -0.277 -2.417 -5.739 -6.68 -7.07
0.025095 0.25 9.60746 1.405434728 2.530487402 1.35 3.461 3.4744 -0.043 8 0.528 0.409 191 99.37 62.68 49.59 40.56 1 -9.89e-08 0 0.6621 0.3121 0.003466 0.002646 0.01129 -1 0.02581 -3.882 3.022 3.202 1.995 -0.278 -2.429 -5.865 -6.814 -7.214
0.025095 0.25 9.60746 1.405436158 2.530487539 1.349 3.482 3.4715 -0.076 8 0.529 0.409 204.2 105.41 66.32 52.51 42.96 1 -1.08e-07 0 0.6621 0.3121 0.003466 0.002646 0.01129 -1 0.02581 -3.934 3.019 3.235 2.003 -0.279 -2.434 -5.922 -6.876 -7.28
0.025095 0.25 9.60746 1.405437708 2.530487687 1.348 3.493 3.4698 -0.095 8 0.529 0.409 212.18 109.04 68.49 54.26 44.39 1 -1.14e-07 0 0.6621 0.3121 0.003466 0.002646 0.01129 -1 0.02581 -3.964 3.019 3.255 2.008 -0.278 -2.437 -5.955 -6.911 -7.318
0.025095 0.25 9.60746 1.405437827 2.530487699 1.348 3.3 3.4955 0.202 8 0.529 0.409 115.8 63.83 41.07 32.28 26.38 2 -5.06e-08 0 0.6621 0.3121 0.003466 0.002646 0.01129 -1 0.02581 -3.48 3.041 2.829 1.736 -0.413 -2.509 -5.418 -6.332 -6.696
0.025095 0.25 9.60746 1.405437946 2.53048771 1.348 3.144 3.5161 0.44 8 0.529 0.409 71.08 41.46 27.2 21.24 17.34 2 -2.69e-08 0 0.6621 0.3121 0.003466 0.002646 0.01129 -1 0.02581 -3.09 3.032 2.169 0.917 -0.859 -2.76 -4.97 -5.854 -6.18
0.025095 0.25 9.60746 1.405438423 2.530487756 1.347 2.958 3.5407 0.724 8 0.529 0.409 39.81 24.83 16.67 12.92 10.53 3 -1.33e-08 0 0.6621 0.3121 0.003466 0.002646 0.01129 -1 0.02581 -2.626 3.002 1.472 0.036 -1.295 -2.839 -4.427 -5.278 -5.555
0.025095 0.25 9.60746 1.4054389 2.530487802 1.347 2.978 3.538 0.693 8 0.529 0.409 42.37 26.24 17.57 13.63 11.11 3 -1.43e-08 0 0.6621 0.3121 0.003466 0.002646 0.01129 -1 0.02581 -2.675 3.006 1.532 0.112 -1.259 -2.846 -4.485 -5.34 -5.622
0.025095 0.25 9.60746 1.405439615 2.53048787 1.346 3.093 3.5227 0.517 8 0.53 0.409 60.73 36.07 23.81 18.56 15.14 2 -2.21e-08 0 0.6621 0.3121 0.003466 0.002646 0.01129 -1 0.02581 -2.962 3.028 1.949 0.633 -1.006 -2.82 -4.822 -5.697 -6.01
0.025095 0.25 9.60746 1.405440569 2.530487961 1.345 3.246 3.5022 0.281 8 0.53 0.409 98.31 55.22 35.77 28.05 22.91 2 -4.07e-08 0 0.6621 0.3121 0.003466 0.002646 0.01129 -1 0.02581 -3.345 3.046 2.645 1.525 -0.529 -2.58 -5.266 -6.17 -6.522
0.025095 0.25 9.60746 1.405441642 2.530488064 1.344 3.377 3.4846 0.08 8 0.53 0.409 148.3 79.42 50.6 39.9 32.62 2 -6.97e-08 0 0.6621 0.3121 0.003466 0.002646 0.01129 -1 0.02581 -3.672 3.048 3.082 1.962 -0.277 -2.41 -5.633 -6.567 -6.95
0.025095 0.25 9.60746 1.405442953 2.530488189 1.343 3.461 3.4731 -0.051 8 0.53 0.409 194.02 100.71 63.48 50.24 41.09 1 -9.97e-08 0 0.6621 0.3121 0.003466 0.002646 0.01129 -1 0.02581 -3.884 3.036 3.233 2.017 -0.259 -2.411 -5.869 -6.82 -7.221
0.025095 0.25 9.60746 1.405444384 2.530488326 1.342 3.505 3.4669 -0.12 8 0.531 0.409 223.3 114.02 71.47 56.67 46.36 1 -1.2e-07 0 0.6621 0.3121 0.003466 0.002646 0.01129 -1 0.02581 -3.993 3.029 3.294 2.027 -0.267 -2.432 -5.99 -6.95 -7.36
0.025095 0.25 9.60746 1.405446053 2.530488486 1.34 3.525 3.4641 -0.151 8 0.531 0.409 235.96 120.66 75.44 59.87 48.99 1 -1.31e-07 0 0.6621 0.3121 0.003466 0.002646 0.01129 -1 0.02581 -4.042 3.027 3.319 2.031 -0.272 -2.444 -6.043 -7.008 -7.422
0.025095 0.25 9.60746 1.40544796 2.530488668 1.338 3.535 3.4624 -0.169 8 0.532 0.409 242.05 124.51 77.73 61.72 50.51 1 -1.37e-07 0 0.6621 0.3121 0.003466 0.002646 0.01129 -1 0.02581 -4.068 3.028 3.336 2.035 -0.272 -2.448 -6.072 -7.04 -7.456
0.025095 0.25 9.60746 1.405448079 2.53048868 1.338 3.349 3.4875 0.117 8 0.532 0.409 137.34 74.19 47.41 37.35 30.53 2 -6.25e-08 0 0.6621 0.3121 0.003466 0.002646 0.01129 -1 0.02581 -3.603 3.061 3.049 1.953 -0.275 -2.404 -5.559 -6.487 -6.865
0.025095 0.25 9.60746 1.405448198 2.530488691 1.338 3.194 3.5085 0.356 8 0.532 0.409 84.27 48.18 31.39 24.58 20.07 2 -3.32e-08 0 0.6621 0.3121 0.003466 0.002646 0.01129 -1 0.02581 -3.215 3.057 2.467 1.301 -0.643 -2.638 -5.118 -6.014 -6.354
0.025095 0.25 9.60746 1.405448556 2.530488726 1.338 3.009 3.5335 0.641 8 0.532 0.409 47.02 28.77 19.19 14.91 12.16 3 -1.62e-08 0 0.6621 0.3121 0.003466 0.002646 0.01129 -1 0.02581 -2.752 3.02 1.65 0.258 -1.186 -2.845 -4.577 -5.439 -5.729
0.025095 0.25 9.60746 1.405449152 2.530488782 1.337 3.028 3.5308 0.611 8 0.532 0.409 50.02 30.39 20.21 15.72 12.82 3 -1.74e-08 0 0.6621 0.3121 0.003466 0.002646 0.01129 -1 0.02581 -2.801 3.026 1.718 0.343 -1.145 -2.848 -4.635 -5.5 -5.796
0.025095 0.25 9.60746 1.405449867 2.530488851 1.336 3.141 3.5154 0.437 8 0.532 0.409 71.44 41.63 27.3 21.33 17.41 2 -2.69e-08 0 0.6621 0.3121 0.003466 0.002646 0.01129 -1 0.02581 -3.082 3.051 2.215 0.973 -0.818 -2.728 -4.964 -5.85 -6.177
0.025095 0.25 9.60746 1.405450702 2.530488931 1.335 3.291 3.4948 0.204 8 0.533 0.409 115.01 63.41 40.81 32.08 26.21 2 -4.93e-08 0 0.6621 0.3121 0.003466 0.002646 0.01129 -1 0.02581 -3.457 3.066 2.875 1.785 -0.37 -2.468 -5.397 -6.312 -6.677
0.025095 0.25 9.60746 1.405451775 2.530489033 1.334 3.419 3.4772 0.005 8 0.533 0.409 172.62 90.77 57.48 45.43 37.15 2 -8.37e-08 0 0.6621 0.3121 0.003466 0.002646 0.01129 -1 0.02581 -3.777 3.063 3.21 2.031 -0.229 -2.373 -5.753 -6.699 -7.094
0.025095 0.25 9.60746 1.405453086 2.530489159 1.333 3.501 3.4657 -0.124 8 0.533 0.409 224.93 114.68 71.85 56.99 46.63 1 -1.19e-07 0 0.6621 0.3121 0.003466 0.002646 0.01129 -1 0.02581 -3.984 3.049 3.328 2.055 -0.241 -2.409 -5.982 -6.945 -7.355
0.025095 0.25 9.60746 1.405454397 2.530489284 1.331 3.544 3.4595 -0.191 8 0.534 0.409 249.71 129.48 80.69 64.11 52.47 1 -1.42e-07 0 0.6621 0.3121 0.003466 0.002646 0.01129 -1 0.02581 -4.09 3.044 3.379 2.061 -0.254 -2.437 -6.098 -7.07 -7.49
0.025095 0.25 9.60746 1.405456066 2.530489444 1.329 3.562 3.4567 -0.222 8 0.534 0.409 261.04 136.73 84.99 67.59 55.32 1 -1.54e-07 0 0.6621 0.3121 0.003466 0.002646 0.01129 -1 0.02581 -4.135 3.033 3.39 2.065 -0.264 -2.458 -6.15 -7.123 -7.546
0.025095 0.25 9.60746 1.405457854 2.530489615 1.328 3.571 3.4551 -0.238 8 0.535 0.409 267.31 140.78 87.39 69.53 56.92 1 -1.62e-07 0 0.6621 0.3121 0.003466 0.002646 0.01129 -1 0.02581 -4.158 3.026 3.396 2.067 -0.268 -2.469 -6.176 -7.15 -7.574
0.025095 0.25 9.60746 1.405457973 2.530489627 1.327 3.394 3.4796 0.038 8 0.535 0.409 161.44 85.52 54.29 42.88 35.06 2 -7.59e-08 0 0.6621 0.3121 0.003466 0.002646 0.01129 -1 0.02581 -3.714 3.08 3.198 2.039 -0.213 -2.351 -5.686 -6.629 -7.02
0.025095 0.25 9.60746 1.405458212 2.530489649 1.327 3.24 3.5008 0.276 8 0.535 0.409 99.05 55.55 35.96 28.22 23.05 2 -4.03e-08 0 0.6621 0.3121 0.003466 0.002646 0.01129 -1 0.02581 -3.329 3.079 2.723 1.616 -0.46 -2.523 -5.254 -6.16 -6.514
0.025095 0.25 9.60746 1.405458569 2.530489684 1.327 3.055 3.5263 0.563 8 0.535 0.409 55.07 33.07 21.91 17.07 13.92 2 -1.95e-08 0 0.6621 0.3121 0.003466 0.002646 0.01129 -1 0.02581 -2.867 3.047 1.866 0.525 -1.046 -2.811 -4.715 -5.587 -5.891
0.025095 0.25 9.60746 1.405459166 2.530489741 1.326 3.074 3.5236 0.533 8 0.535 0.409 58.57 34.93 23.08 17.99 14.68 2 -2.1e-08 0 0.6621 0.3121 0.003466 0.002646 0.01129 -1 0.02581 -2.915 3.053 1.953 0.632 -0.99 -2.793 -4.772 -5.646 -5.957
0.025095 0.25 9.60746 1.40546 2.530489821 1.325 3.184 3.5081 0.36 8 0.535 0.409 83.37 47.7 31.09 24.35 19.87 2 -3.24e-08 0 0.6621 0.3121 0.003466 0.002646 0.01129 -1 0.02581 -3.191 3.082 2.504 1.342 -0.607 -2.604 -5.094 -5.99 -6.332
0.025095 0.25 9.60746 1.405460954 2.530489912 1.323 3.331 3.4875 0.13 8 0.536 0.409 133.48 72.28 46.23 36.43 29.77 2 -5.88e-08 0 0.6621 0.3121 0.003466 0.002646 0.01129 -1 0.02581 -3.558 3.093 3.084 1.991 -0.234 -2.362 -5.514 -6.443 -6.82
0.025095 0.25 9.60746 1.405462146 2.530490026 1.321 3.456 3.4698 -0.066 8 0.536 0.409 199.34 102.99 64.83 51.35 42 1 -9.89e-08 0 0.6621 0.3121 0.003466 0.002646 0.01129 -1 0.02581 -3.871 3.082 3.321 2.084 -0.197 -2.353 -5.862 -6.818 -7.223
0.025095 0.25 9.60746 1.405463576 2.530490163 1.32 3.537 3.4583 -0.193 8 0.537 0.409 249.57 129.64 80.76 64.2 52.53 1 -1.39e-07 0 0.6621 0.3121 0.003466 0.002646 0.01129 -1 0.02581 -4.072 3.067 3.413 2.095 -0.224 -2.411 -6.083 -7.056 -7.476
0.025095 0.25 9.60746 1.405465126 2.530490311 1.317 3.578 3.4522 -0.259 8 0.537 0.409 275.03 145.98 90.46 72.03 58.96 1 -1.72e-07 0 0.6621 0.3121 0.003466 0.002646 0.01129 -1 0.02581 -4.175 3.029 3.422 2.092 -0.254 -2.464 -6.197 -7.173 -7.599
0.025095 0.25 9.60746 1.405466914 2.530490482 1.315 3.595 3.4495 -0.288 8 0.538 0.409 286.99 153.81 95.08 75.77 62.03 1 -1.96e-07 0 0.6621 0.3121 0.003466 0.002646 0.01129 -1 0.02581 -4.218 3.005 3.421 2.089 -0.267 -2.488 -6.244 -7.223 -7.65
0.025095 0.25 9.60746 1.405468941 2.530490676 1.312 3.604 3.4481 -0.304 8 0.538 0.409 293.29 157.99 97.54 77.78 63.67 1 -2.09e-07 0 0.6621 0.3121 0.003466 0.002646 0.01129 -1 0.02581 -4.239 2.998 3.423 2.093 -0.272 -2.5 -6.268 -7.247 -7.675
0.025095 0.25 9.60746 1.40546906 2.530490687 1.312 3.436 3.4719 -0.041 8 0.538 0.409 189.12 98.24 61.96 49.06 40.12 1 -9.21e-08 0 0.6621 0.3121 0.003466 0.002646 0.01129 -1 0.02581 -3.82 3.096 3.311 2.091 -0.183 -2.335 -5.807 -6.761 -7.162
0.025095 0.25 9.60746 1.405469298 2.53049071 1.311 3.283 3.4935 0.198 8 0.539 0.409 115.95 63.79 41.03 32.28 26.37 2 -4.92e-08 0 0.6621 0.3121 0.003466 0.002646 0.01129 -1 0.02581 -3.439 3.103 2.952 1.869 -0.302 -2.407 -5.381 -6.299 -6.666
0.025095 0.25 9.60746 1.405469656 2.530490744 1.31 3.099 3.5196 0.487 8 0.539 0.409 64.14 37.83 24.91 19.45 15.87 2 -2.37e-08 0 0.6621 0.3121 0.003466 0.002646 0.01129 -1 0.02581 -2.977 3.071 2.089 0.799 -0.9 -2.757 -4.847 -5.727 -6.045
0.025095 0.25 9.60746 1.405470252 2.530490802 1.309 3.117 3.5168 0.457 8 0.539 0.409 68.19 39.93 26.23 20.49 16.72 2 -2.55e-08 0 0.6621 0.3121 0.003466 0.002646 0.01129 -1 0.02581 -3.023 3.077 2.192 0.934 -0.825 -2.716 -4.901 -5.785 -6.109
0.025095 0.25 9.60746 1.405471086 2.530490881 1.307 3.225 3.5013 0.287 8 0.539 0.409 96.66 54.32 35.18 27.62 22.55 2 -3.9e-08 0 0.6621 0.3121 0.003466 0.002646 0.01129 -1 0.02581 -3.293 3.102 2.731 1.621 -0.444 -2.502 -5.215 -6.121 -6.474
0.025095 0.25 9.60746 1.405472159 2.530490984 1.305 3.368 3.4806 0.06 8 0.54 0.409 153.73 81.79 52.01 41.08 33.57 2 -7e-08 0 0.6621 0.3121 0.003466 0.002646 0.01129 -1 0.02581 -3.651 3.115 3.218 2.071 -0.175 -2.311 -5.621 -6.562 -6.95
0.025095 0.25 9.60746 1.405473351 2.530491098 1.303 3.49 3.463 -0.133 8 0.54 0.409 227.04 115.85 72.52 57.57 47.1 1 -1.16e-07 0 0.6621 0.3121 0.003466 0.002646 0.01129 -1 0.02581 -3.954 3.102 3.408 2.122 -0.178 -2.35 -5.957 -6.923 -7.337
0.025095 0.25 9.60746 1.405474782 2.530491235 1.3 3.567 3.4514 -0.258 8 0.541 0.409 273.13 145.12 89.92 71.63 58.63 1 -1.64e-07 0 0.6621 0.3121 0.003466 0.002646 0.01129 -1 0.02581 -4.149 3.054 3.455 2.126 -0.221 -2.434 -6.172 -7.149 -7.575
0.025095 0.25 9.60746 1.405476451 2.530491395 1.296 3.607 3.4455 -0.322 8 0.541 0.409 300.06 162.78 100.34 80.08 65.55 1 -2.4e-07 0 0.6621 0.3121 0.003466 0.002646 0.01129 -1 0.02581 -4.246 3.028 3.469 2.139 -0.245 -2.485 -6.278 -7.259 -7.69
0.025095 0.25 9.60746 1.405478358 2.530491577 1.292 3.623 3.443 -0.349 8 0.542 0.409 312.2 170.91 105.11 83.95 68.74 1 -3.32e-07 0.01 0.6621 0.3121 0.003466 0.002646 0.01129 -1 0.02581 -4.286 3.049 3.501 2.163 -0.242 -2.497 -6.321 -7.305 -7.74
0.025095 0.25 9.60746 1.405480385 2.530491771 1.288 3.63 3.4419 -0.362 8 0.543 0.409 318.03 174.89 107.44 85.85 70.29 1 -3.9e-07 0.01 0.6621 0.3121 0.003466 0.002646 0.01129 -1 0.02581 -4.305 3.067 3.522 2.178 -0.238 -2.5 -6.339 -7.325 -7.763
0.025095 0.25 9.60746 1.405480504 2.530491782 1.288 3.473 3.4649 -0.114 8 0.543 0.409 218.98 111.6 69.95 55.53 45.42 1 -1.11e-07 0 0.6621 0.3121 0.003466 0.002646 0.01129 -1 0.02581 -3.913 3.114 3.402 2.13 -0.165 -2.333 -5.912 -6.876 -7.287
0.025095 0.25 9.60746 1.405480742 2.530491805 1.287 3.322 3.4869 0.125 8 0.543 0.409 134.19 72.47 46.32 36.54 29.85 2 -5.98e-08 0 0.6621 0.3121 0.003466 0.002646 0.01129 -1 0.02581 -3.535 3.126 3.126 2.029 -0.198 -2.327 -5.492 -6.422 -6.8
0.025095 0.25 9.60746 1.4054811 2.530491839 1.285 3.138 3.5137 0.416 8 0.543 0.409 73.86 42.81 28.02 21.93 17.9 2 -2.88e-08 0 0.6621 0.3121 0.003466 0.002646 0.01129 -1 0.02581 -3.075 3.093 2.318 1.095 -0.735 -2.667 -4.962 -5.85 -6.181
0.025095 0.25 9.60746 1.405481696 2.530491897 1.282 3.156 3.5108 0.385 8 0.543 0.409 78.63 45.24 29.53 23.14 18.88 2 -3.1e-08 0 0.6621 0.3121 0.003466 0.002646 0.01129 -1 0.02581 -3.12 3.106 2.44 1.253 -0.645 -2.616 -5.016 -5.909 -6.245
0.025095 0.25 9.60746 1.405482531 2.530491976 1.279 3.261 3.495 0.215 8 0.544 0.409 111.27 61.42 39.54 31.12 25.42 2 -4.72e-08 0 0.6621 0.3121 0.003466 0.002646 0.01129 -1 0.02581 -3.383 3.129 2.937 1.849 -0.302 -2.399 -5.322 -6.238 -6.602
0.025095 0.25 9.60746 1.405483484 2.530492068 1.275 3.4 3.4739 -0.009 8 0.544 0.409 176.32 92.11 58.22 46.11 37.69 1 -8.36e-08 0 0.6621 0.3121 0.003466 0.002646 0.01129 -1 0.02581 -3.731 3.142 3.332 2.132 -0.133 -2.281 -5.713 -6.664 -7.062
0.025095 0.25 9.60746 1.405484676 2.530492182 1.27 3.518 3.456 -0.2 8 0.544 0.409 248.59 130.03 80.92 64.42 52.7 1 -1.37e-07 0 0.6621 0.3121 0.003466 0.002646 0.01129 -1 0.02581 -4.025 3.129 3.495 2.174 -0.153 -2.348 -6.04 -7.015 -7.436
0.025095 0.25 9.60746 1.405485988 2.530492307 1.264 3.594 3.4443 -0.325 8 0.545 0.409 298.7 162.59 100.17 80.01 65.49 1 -2.41e-07 0 0.6621 0.3121 0.003466 0.002646 0.01129 -1 0.02581 -4.214 3.068 3.518 2.191 -0.199 -2.445 -6.248 -7.229 -7.661
0.025095 0.25 9.60746 1.405487537 2.530492455 1.257 3.631 3.4382 -0.389 8 0.546 0.409 328.03 182.28 111.71 89.4 73.19 1 -5.25e-07 0.01 0.6621 0.3121 0.003466 0.002646 0.01129 -1 0.02581 -4.308 3.148 3.615 2.267 -0.183 -2.465 -6.344 -7.334 -7.779
0.025095 0.25 9.60746 1.405489326 2.530492627 1.25 3.646 3.4357 -0.417 8 0.546 0.409 341.28 191.4 117.02 93.74 76.75 1 -7.42e-07 0.03 0.6621 0.3121 0.003466 0.002646 0.01129 -1 0.02581 -4.346 3.217 3.676 2.316 -0.166 -2.467 -6.377 -7.373 -7.825
0.025095 0.25 9.60746 1.405491352 2.53049282 1.241 3.653 3.4347 -0.43 8 0.547 0.409 347.5 195.82 119.58 95.85 78.48 1 -8.79e-07 0.04 0.6621 0.3121 0.003466 0.002646 0.01129 -1 0.02581 -4.362 3.271 3.718 2.346 -0.153 -2.463 -6.388 -7.387 -7.845
0.025095 0.25 9.60746 1.405491471 2.530492832 1.24 3.507 3.4568 -0.196 8 0.547 0.409 244.9 128.28 79.84 63.6 52.02 1 -1.38e-07 0 0.6621 0.3121 0.003466 0.002646 0.01129 -1 0.02581 -3.998 3.15 3.509 2.189 -0.135 -2.327 -6.011 -6.985 -7.406
0.025095 0.25 9.60746 1.40549171 2.530492855 1.238 3.358 3.4793 0.042 8 0.547 0.409 157.84 83.34 52.88 41.86 34.2 2 -7.49e-08 0 0.6621 0.3121 0.003466 0.002646 0.01129 -1 0.02581 -3.624 3.168 3.29 2.131 -0.12 -2.259 -5.597 -6.54 -6.931
0.025095 0.25 9.60746 1.405492067 2.530492889 1.234 3.174 3.5068 0.334 8 0.547 0.409 86.46 49.09 31.9 25.06 20.45 2 -3.62e-08 0 0.6621 0.3121 0.003466 0.002646 0.01129 -1 0.02581 -3.166 3.14 2.599 1.444 -0.529 -2.539 -5.073 -5.971 -6.315
0.025095 0.25 9.60746 1.405492663 2.530492946 1.229 3.192 3.5035 0.301 8 0.548 0.409 92.46 52.05 33.73 26.53 21.65 2 -3.91e-08 0 0.6621 0.3121 0.003466 0.002646 0.01129 -1 0.02581 -3.21 3.153 2.714 1.585 -0.445 -2.484 -5.127 -6.029 -6.379
0.025095 0.25 9.60746 1.405493498 2.530493026 1.221 3.295 3.487 0.13 8 0.548 0.409 131.27 70.79 45.24 35.74 29.19 2 -5.93e-08 0 0.6621 0.3121 0.003466 0.002646 0.01129 -1 0.02581 -3.466 3.188 3.187 2.091 -0.134 -2.262 -5.423 -6.353 -6.73
0.025095 0.25 9.60746 1.405494452 2.530493117 1.212 3.43 3.4653 -0.095 8 0.548 0.409 208.48 106.19 66.62 52.97 43.29 1 -1.04e-07 0 0.6621 0.3121 0.003466 0.002646 0.01129 -1 0.02581 -3.804 3.2 3.486 2.222 -0.069 -2.235 -5.803 -6.766 -7.175
0.025095 0.25 9.60746 1.405495644 2.530493231 1.201 3.544 3.4466 -0.288 8 0.549 0.409 277.7 150.15 92.73 74.12 60.64 1 -1.69e-07 0 0.6621 0.3121 0.003466 0.002646 0.01129 -1 0.02581 -4.09 3.135 3.573 2.253 -0.116 -2.348 -6.121 -7.1 -7.528
0.025095 0.25 9.60746 1.405496955 2.530493357 1.189 3.617 3.4342 -0.415 8 0.55 0.409 334.95 188.46 115.18 92.41 75.63 1 -7e-07 0.02 0.6621 0.3121 0.003466 0.002646 0.01129 -1 0.02581 -4.273 3.278 3.752 2.403 -0.085 -2.392 -6.308 -7.303 -7.755
0.025095 0.25 9.60746 1.405498505 2.530493505 1.174 3.653 3.4276 -0.483 8 0.55 0.409 369.6 212.48 129.12 103.83 84.99 1 -1.64e-06 0.1 0.6621 0.3121 0.003466 0.002646 0.01129 -1 0.02581 -4.363 3.681 4.055 2.641 0.029 -2.338 -6.352 -7.377 -7.863
0.025095 0.25 9.60746 1.405500293 2.530493676 1.158 3.668 3.4245 -0.516 8 0.551 0.409 386.64 224.65 136.13 109.61 89.73 1 -2.45e-06 0.19 0.6621 0.3121 0.003466 0.002646 0.01129 -1 0.02581 -4.399 4.187 4.406 2.906 0.179 -2.232 -6.325 -7.382 -7.903
0.025095 0.25 9.60746 1.405502319 2.53049387 1.141 3.674 3.423 -0.535 8 0.552 0.409 395.89 231.5 140.05 112.87 92.4 1 -3.07e-06 0.41 0.6621 0.3121 0.003466 0.002646 0.01129 -1 0.02581 -4.415 5.334 5.158 3.441 0.516 -1.965 -6.187 -7.317 -7.913
0.025095 0.25 9.60746 1.405502438 2.530493881 1.139 3.539 3.4443 -0.315 8 0.552 0.409 284.17 155.68 95.87 76.83 62.83 1 -2.04e-07 0 0.6621 0.3121 0.003466 0.002646 0.01129 -1 0.02581 -4.078 3.185 3.637 2.316 -0.071 -2.315 -6.112 -7.093 -7.523
0.025095 0.25 9.60746 1.405502558 2.530493893 1.135 3.392 3.4674 -0.077 8 0.552 0.409 198.02 101.1 63.48 50.55 41.3 1 -1.02e-07 0 0.6621 0.3121 0.003466 0.002646 0.01129 -1 0.02581 -3.709 3.268 3.533 2.282 -0.003 -2.164 -5.704 -6.664 -7.071
0.025095 0.25 9.60746 1.405503035 2.530493938 1.128 3.209 3.4959 0.217 8 0.552 0.409 108.01 59.3 38.13 30.14 24.58 2 -4.99e-08 0 0.6621 0.3121 0.003466 0.002646 0.01129 -1 0.02581 -3.252 3.251 3.031 1.939 -0.203 -2.295 -5.189 -6.103 -6.465
0.025095 0.25 9.60746 1.405503631 2.530493995 1.118 3.226 3.4922 0.181 8 0.552 0.409 116.16 63.14 40.48 32.03 26.13 2 -5.43e-08 0 0.6621 0.3121 0.003466 0.002646 0.01129 -1 0.02581 -3.295 3.273 3.159 2.078 -0.109 -2.221 -5.241 -6.161 -6.531
0.025095 0.25 9.60746 1.405504346 2.530494064 1.105 3.326 3.475 0.008 8 0.553 0.409 166.05 86.15 54.45 43.3 35.35 1 -8.27e-08 0 0.6621 0.3121 0.003466 0.002646 0.01129 -1 0.02581 -3.545 3.306 3.482 2.293 0.031 -2.114 -5.525 -6.475 -6.871
0.025095 0.25 9.60746 1.4055053 2.530494155 1.089 3.457 3.4525 -0.22 8 0.553 0.409 242.21 129.56 80.37 64.34 52.57 1 -1.44e-07 0 0.6621 0.3121 0.003466 0.002646 0.01129 -1 0.02581 -3.873 3.306 3.701 2.378 0.037 -2.17 -5.894 -6.871 -7.294
0.025095 0.25 9.60746 1.405506373 2.530494258 1.07 3.568 3.4329 -0.417 8 0.554 0.409 324.61 184.05 112.34 90.45 73.96 1 -6.73e-07 0.02 0.6621 0.3121 0.003466 0.002646 0.01129 -1 0.02581 -4.15 3.402 3.886 2.545 0.049 -2.263 -6.187 -7.183 -7.635
0.025095 0.25 9.60746 1.405507684 2.530494383 1.048 3.638 3.4196 -0.549 8 0.554 0.409 394.68 232.68 140.46 113.57 92.91 0 -3.51e-06 0.51 0.6621 0.3121 0.003466 0.002646 0.01129 -1 0.02581 -4.326 5.97 5.627 3.832 0.792 -1.733 -6.03 -7.194 -7.824
0.025095 0.25 9.60746 1.405509233 2.530494531 1.024 3.673 3.412 -0.625 8 0.555 0.409 392.65 -1 -1 -1 -1 0 -4.08e-06 0.62 0.6621 0.3121 0.003466 0.002646 0.01129 -1 0.02581 -4.412 6.571 6.012 4.103 0.927 -1.645 -6.036 -7.244 -7.915
0.025095 0.25 9.60746 1.405510902 2.530494691 0.997 3.687 3.408 -0.666 8 0.556 0.409 385.96 -1 -1 -1 -1 0 -4.33e-06 0.66 0.6621 0.3121 0.003466 0.002646 0.01129 -1 0.02581 -4.447 6.793 6.15 4.188 0.969 -1.619 -6.041 -7.265 -7.952
0.025095 0.25 9.60746 1.40551281 2.530494873 0.968 3.692 3.4055 -0.694 8 0.557 0.409 365.63 -1 -1 -1 -1 0 -4.49e-06 0.69 0.6621 0.3121 0.003466 0.002646 0.01129 -1 0.02581 -4.461 6.957 6.256 4.257 1.007 -1.591 -6.035 -7.27 -7.968
0.025095 0.25 9.60746 1.405512929 2.530494885 0.966 3.568 3.4263 -0.488 8 0.557 0.409 349.84 203.89 123.59 100.03 81.76 0 -1.58e-06 0.1 0.6621 0.3121 0.003466 0.002646 0.01129 -1 0.02581 -4.151 3.915 4.292 2.885 0.259 -2.115 -6.139 -7.164 -7.652
0.025095 0.25 9.60746 1.405513048 2.530494896 0.96 3.422 3.4505 -0.248 8 0.557 0.409 241.73 131.95 81.55 65.6 53.56 1 -1.66e-07 0 0.6621 0.3121 0.003466 0.002646 0.01129 -1 0.02581 -3.786 3.415 3.825 2.497 0.149 -2.067 -5.81 -6.789 -7.214
0.025095 0.25 9.60746 1.405513406 2.53049493 0.95 3.24 3.4807 0.05 8 0.557 0.409 148.16 76.73 48.58 38.78 31.62 1 -8.24e-08 0 0.6621 0.3121 0.003466 0.002646 0.01129 -1 0.02581 -3.331 3.445 3.546 2.396 0.148 -1.989 -5.301 -6.242 -6.631
0.025095 0.25 9.60746 1.405514002 2.530494988 0.936 3.258 3.4768 0.011 8 0.557 0.409 160.43 82.03 51.77 41.39 33.75 1 -9.12e-08 0 0.6621 0.3121 0.003466 0.002646 0.01129 -1 0.02581 -3.374 3.464 3.616 2.437 0.177 -1.967 -5.351 -6.298 -6.692
0.025095 0.25 9.60746 1.405514717 2.530495056 0.918 3.355 3.4589 -0.166 8 0.558 0.409 209.8 112.52 69.98 56.25 45.89 1 -1.4e-07 0 0.6621 0.3121 0.003466 0.002646 0.01129 -1 0.02581 -3.617 3.494 3.838 2.528 0.215 -1.968 -5.627 -6.599 -7.017
0.025095 0.25 9.60746 1.405515671 2.530495147 0.896 3.482 3.4353 -0.399 8 0.558 0.409 297.06 170.23 103.85 84.06 68.64 1 -5.26e-07 0.02 0.6621 0.3121 0.003466 0.002646 0.01129 -1 0.02581 -3.936 3.557 4.038 2.697 0.225 -2.073 -5.975 -6.967 -7.415
0.025095 0.25 9.60746 1.405516624 2.530495238 0.87 3.59 3.4147 -0.601 8 0.559 0.409 301.76 -1 -1 -1 -1 0 -3.32e-06 0.52 0.6621 0.3121 0.003466 0.002646 0.01129 -1 0.02581 -4.204 6.245 5.878 4.069 0.978 -1.566 -5.898 -7.073 -7.711
0.025095 0.25 9.60746 1.405517936 2.530495364 0.841 3.658 3.4006 -0.741 8 0.559 0.409 283.61 -1 -1 -1 -1 0 -4.3e-06 0.69 0.6621 0.3121 0.003466 0.002646 0.01129 -1 0.02581 -4.375 7.107 6.392 4.376 1.111 -1.493 -5.949 -7.186 -7.889
0.025095 0.25 9.60746 1.405519366 2.530495501 0.808 3.692 3.3925 -0.824 8 0.56 0.409 264.13 -1 -1 -1 -1 0 -5.1e-06 0.82 0.6621 0.3121 0.003466 0.002646 0.01129 -1 0.02581 -4.459 7.771 6.798 4.638 1.244 -1.404 -5.944 -7.226 -7.976
0.025095 0.25 9.60746 1.405521035 2.53049566 0.773 3.705 3.388 -0.874 8 0.561 0.409 243.72 -1 -1 -1 -1 0 -5.67e-06 0.91 0.6621 0.3121 0.003466 0.002646 0.01129 -1 0.02581 -4.492 8.251 7.101 4.843 1.36 -1.32 -5.915 -7.23 -8.011
0.025095 0.25 9.60746 1.405522823 2.530495832 0.736 3.71 3.3853 -0.913 8 0.561 0.409 222.77 -1 -1 -1 -1 0 -6.16e-06 1.02 0.6621 0.3121 0.003466 0.002646 0.01129 -1 0.02581 -4.506 8.864 7.483 5.114 1.531 -1.184 -5.848 -7.201 -8.018
0.025095 0.25 9.60746 1.405530334 2.53049655 0.564 -9.999 4 1.639 9 0.564 0 0 0 0 0 0 -1 -1e-30 0 0.6621 0.3121 0.003466 0.002646 0.01129 -1 0.02581 29.767 29.697 29.964 30.016 30.004 30.004 30.056 30.056 30.075
