# component component_index family logAge MH Zini Mini Mass radius_rsun Teff_K logg Jmag_2mass Hmag_2mass Ksmag_2mass F087mag F146mag F213mag
thin5 4 thin_disk 9.698970004 -0.5 0.0048313 0.0900000036 0.09 0.1118027909 2544.485615 5.293 10.89 10.436 10.237 12.478 10.983 10.308
thin5 4 thin_disk 9.698970004 -0.5 0.0048313 0.1000000015 0.1 0.1239802891 2725.210164 5.249 10.423 9.941 9.724 11.879 10.478 9.79
thin5 4 thin_disk 9.698970004 -0.5 0.0048313 0.1199999973 0.12 0.1454630351 2935.621096 5.189 9.847 9.328 9.097 11.094 9.848 9.154
thin5 4 thin_disk 9.698970004 -0.5 0.0048313 0.1400000006 0.14 0.1646844694 3069.021988 5.148 9.442 8.907 8.674 10.581 9.416 8.726
thin5 4 thin_disk 9.698970004 -0.5 0.0048313 0.1549924314 0.155 0.1780133794 3141.231906 5.124 9.201 8.66 8.428 10.292 9.163 8.477
thin5 4 thin_disk 9.698970004 -0.5 0.0048313 0.1599999964 0.16 0.1824957037 3163.734278 5.117 9.125 8.582 8.351 10.202 9.084 8.399
thin5 4 thin_disk 9.698970004 -0.5 0.0048313 0.1999999881 0.2 0.2157509143 3296.856164 5.068 8.634 8.082 7.855 9.636 8.575 7.898
thin5 4 thin_disk 9.698970004 -0.5 0.0048313 0.25 0.25 0.2557129043 3405.649896 5.018 8.163 7.604 7.382 9.116 8.092 7.421
thin5 4 thin_disk 9.698970004 -0.5 0.0048313 0.3000000119 0.3 0.294681346 3482.571166 4.973 7.785 7.219 7.001 8.706 7.705 7.036
thin5 4 thin_disk 9.698970004 -0.5 0.0048313 0.3041979074 0.304 0.2985057113 3488.188934 4.969 7.753 7.187 6.969 8.672 7.673 7.004
thin5 4 thin_disk 9.698970004 -0.5 0.0048313 0.3499999642 0.35 0.337950151 3547.316998 4.922 7.432 6.86 6.645 8.329 7.345 6.677
thin5 4 thin_disk 9.698970004 -0.5 0.0048313 0.3999999762 0.4 0.3815510428 3641.665066 4.875 7.089 6.507 6.295 7.953 6.99 6.323
thin5 4 thin_disk 9.698970004 -0.5 0.0048313 0.4499999881 0.45 0.4319690635 3763.570017 4.817 6.718 6.125 5.918 7.543 6.606 5.941
thin5 4 thin_disk 9.698970004 -0.5 0.0048313 0.4999999404 0.5 0.4852355875 3931.877693 4.763 6.33 5.721 5.53 7.11 6.204 5.547
thin5 4 thin_disk 9.698970004 -0.5 0.0048313 0.5250059366 0.525 0.5103318161 4054.151744 4.74 6.12 5.496 5.325 6.872 5.984 5.339
thin5 4 thin_disk 9.698970004 -0.5 0.0048313 0.5500000119 0.55 0.5353682907 4173.495985 4.718 5.92 5.284 5.134 6.65 5.778 5.146
thin5 4 thin_disk 9.698970004 -0.5 0.0048313 0.5581893921 0.558 0.5421914251 4221.822791 4.713 5.855 5.218 5.075 6.576 5.711 5.086
thin5 4 thin_disk 9.698970004 -0.5 0.0048313 0.5999999642 0.6 0.5772349849 4465.807513 4.691 5.54 4.921 4.811 6.214 5.402 4.818
thin5 4 thin_disk 9.698970004 -0.5 0.0048313 0.6499999166 0.65 0.6135537924 4796.229986 4.673 5.193 4.654 4.567 5.789 5.086 4.572
thin5 4 thin_disk 9.698970004 -0.5 0.0048313 0.6649349928 0.665 0.6252484803 4889.90025 4.666 5.096 4.585 4.502 5.667 4.999 4.507
thin5 4 thin_disk 9.698970004 -0.5 0.0048313 0.6993529797 0.699 0.653811635 5106.225616 4.65 4.88 4.424 4.351 5.401 4.802 4.355
thin5 4 thin_disk 9.698970004 -0.5 0.0048313 0.6999999881 0.7 0.6544140951 5109.754091 4.649 4.876 4.421 4.348 5.396 4.798 4.352
thin5 4 thin_disk 9.698970004 -0.5 0.0048313 0.7250918746 0.725 0.6755424504 5266.232149 4.636 4.725 4.307 4.239 5.212 4.659 4.243
thin5 4 thin_disk 9.698970004 -0.5 0.0048313 0.7487857342 0.749 0.6971924009 5412.526055 4.623 4.587 4.2 4.137 5.045 4.531 4.14
thin5 4 thin_disk 9.698970004 -0.5 0.0048313 0.7663418055 0.766 0.7163951629 5508.076964 4.609 4.483 4.115 4.055 4.923 4.433 4.058
thin5 4 thin_disk 9.698970004 -0.5 0.0048313 0.789814353 0.789 0.7439652403 5633.781509 4.59 4.347 4 3.946 4.765 4.303 3.949
thin5 4 thin_disk 9.698970004 -0.5 0.0048313 0.7975714207 0.797 0.7527532597 5675.446054 4.583 4.302 3.963 3.91 4.713 4.26 3.912
thin5 4 thin_disk 9.698970004 -0.5 0.0048313 0.8173423409 0.817 0.7799246467 5771.650172 4.563 4.185 3.861 3.812 4.581 4.148 3.815
thin5 4 thin_disk 9.698970004 -0.5 0.0048313 0.8386331797 0.838 0.8110593679 5872.18866 4.54 4.06 3.751 3.705 4.441 4.027 3.708
thin5 4 thin_disk 9.698970004 -0.5 0.0048313 0.8463571072 0.846 0.8238585342 5907.449259 4.531 4.015 3.711 3.667 4.391 3.983 3.669
thin5 4 thin_disk 9.698970004 -0.5 0.0048313 0.859348774 0.859 0.8459654859 5962.110214 4.515 3.938 3.641 3.599 4.306 3.908 3.602
thin5 4 thin_disk 9.698970004 -0.5 0.0048313 0.8910174966 0.89 0.9050084722 6088.355458 4.472 3.746 3.469 3.432 4.096 3.722 3.434
thin5 4 thin_disk 9.698970004 -0.5 0.0048313 0.8951427937 0.894 0.9125415435 6105.201468 4.466 3.721 3.446 3.409 4.069 3.697 3.411
thin5 4 thin_disk 9.698970004 -0.5 0.0048313 0.9165382385 0.916 0.9604010912 6181.587201 4.432 3.585 3.321 3.287 3.922 3.564 3.288
thin5 4 thin_disk 9.698970004 -0.5 0.0048313 0.939401567 0.938 1.016605944 6258.928639 4.393 3.434 3.181 3.148 3.762 3.416 3.15
thin5 4 thin_disk 9.698970004 -0.5 0.0048313 0.9439284801 0.943 1.028377686 6273.35696 4.385 3.404 3.152 3.12 3.73 3.387 3.122
thin5 4 thin_disk 9.698970004 -0.5 0.0048313 0.9466392398 0.946 1.036221609 6282.029912 4.381 3.386 3.136 3.104 3.711 3.369 3.105
thin5 4 thin_disk 9.698970004 -0.5 0.0048313 0.9670241475 0.966 1.093837089 6347.460398 4.343 3.246 3.004 2.974 3.562 3.231 2.975
thin5 4 thin_disk 9.698970004 -0.5 0.0048313 0.9850183129 0.984 1.15014513 6400.295121 4.307 3.118 2.883 2.854 3.428 3.105 2.856
thin5 4 thin_disk 9.698970004 -0.5 0.0048313 0.9927142262 0.992 1.176122734 6420.960526 4.29 3.062 2.83 2.801 3.37 3.049 2.803
thin5 4 thin_disk 9.698970004 -0.5 0.0048313 1.001099348 1 1.205459558 6441.692655 4.273 3.002 2.773 2.745 3.307 2.99 2.746
thin5 4 thin_disk 9.698970004 -0.5 0.0048313 1.016151905 1.015 1.263143364 6472.91643 4.239 2.892 2.667 2.64 3.193 2.881 2.641
thin5 4 thin_disk 9.698970004 -0.5 0.0048313 1.028781652 1.028 1.316596344 6495.311744 4.208 2.792 2.571 2.544 3.091 2.782 2.545
thin5 4 thin_disk 9.698970004 -0.5 0.0048313 1.03897357 1.038 1.366950049 6511.784205 4.18 2.706 2.487 2.461 3.003 2.697 2.462
thin5 4 thin_disk 9.698970004 -0.5 0.0048313 1.041499853 1.04 1.379915983 6514.783684 4.173 2.684 2.466 2.439 2.981 2.675 2.44
thin5 4 thin_disk 9.698970004 -0.5 0.0048313 1.046141863 1.045 1.404599938 6520.786785 4.159 2.644 2.427 2.4 2.94 2.635 2.401
thin5 4 thin_disk 9.698970004 -0.5 0.0048313 1.048596024 1.047 1.417922992 6523.79041 4.152 2.622 2.405 2.378 2.917 2.613 2.38
thin5 4 thin_disk 9.698970004 -0.5 0.0048313 1.050210237 1.049 1.428738161 6525.292741 4.147 2.607 2.39 2.363 2.902 2.598 2.364
thin5 4 thin_disk 9.698970004 -0.5 0.0048313 1.059993148 1.058 1.491257514 6528.298442 4.112 2.51 2.294 2.268 2.805 2.502 2.269
thin5 4 thin_disk 9.698970004 -0.5 0.0048313 1.067968011 1.066 1.553648052 6522.288425 4.081 2.425 2.208 2.181 2.72 2.416 2.183
thin5 4 thin_disk 9.698970004 -0.5 0.0048313 1.075104117 1.073 1.618276192 6505.789392 4.048 2.342 2.124 2.096 2.639 2.333 2.098
thin5 4 thin_disk 9.698970004 -0.5 0.0048313 1.07653141 1.075 1.631746331 6501.296903 4.041 2.325 2.106 2.078 2.623 2.316 2.08
thin5 4 thin_disk 9.698970004 -0.5 0.0048313 1.078823686 1.077 1.654446184 6493.816316 4.03 2.296 2.077 2.049 2.595 2.287 2.05
thin5 4 thin_disk 9.698970004 -0.5 0.0048313 1.087050438 1.085 1.752478283 6449.113199 3.984 2.188 1.963 1.934 2.492 2.177 1.935
thin5 4 thin_disk 9.698970004 -0.5 0.0048313 1.090285659 1.088 1.796191533 6425.3975 3.963 2.141 1.914 1.884 2.448 2.13 1.886
thin5 4 thin_disk 9.698970004 -0.5 0.0048313 1.094691515 1.093 1.867895797 6381.165375 3.931 2.071 1.838 1.807 2.383 2.058 1.809
thin5 4 thin_disk 9.698970004 -0.5 0.0048313 1.099065423 1.097 1.958631094 6311.026445 3.892 1.993 1.751 1.719 2.314 1.978 1.72
thin5 4 thin_disk 9.698970004 -0.5 0.0048313 1.104192853 1.102 2.088106498 6190.133281 3.838 1.896 1.639 1.603 2.233 1.877 1.604
thin5 4 thin_disk 9.698970004 -0.5 0.0048313 1.108082294 1.106 2.215912691 6043.659664 3.789 1.821 1.54 1.5 2.179 1.796 1.502
thin5 4 thin_disk 9.698970004 -0.5 0.0048313 1.110753298 1.109 2.31767558 5899.293451 3.75 1.776 1.471 1.427 2.156 1.744 1.429
thin5 4 thin_disk 9.698970004 -0.5 0.0048313 1.112698436 1.11 2.40299377 5763.681848 3.719 1.752 1.426 1.377 2.154 1.715 1.379
thin5 4 thin_disk 9.698970004 -0.5 0.0048313 1.114025116 1.112 2.468610915 5657.180035 3.697 1.74 1.394 1.342 2.159 1.696 1.344
thin5 4 thin_disk 9.698970004 -0.5 0.0048313 1.115007281 1.113 2.520882741 5575.707722 3.679 1.73 1.369 1.314 2.163 1.682 1.317
thin5 4 thin_disk 9.698970004 -0.5 0.0048313 1.115988851 1.114 2.581978638 5496.674249 3.658 1.713 1.338 1.28 2.161 1.661 1.283
thin5 4 thin_disk 9.698970004 -0.5 0.0048313 1.117238164 1.115 2.682579768 5411.279918 3.626 1.672 1.279 1.218 2.136 1.614 1.221
thin5 4 thin_disk 9.698970004 -0.5 0.0048313 1.118739128 1.116 2.830431474 5332.121047 3.579 1.593 1.182 1.119 2.074 1.53 1.122
thin5 4 thin_disk 9.698970004 -0.5 0.0048313 1.119794846 1.117 2.953606566 5289.32192 3.543 1.523 1.102 1.038 2.012 1.457 1.041
thin5 4 thin_disk 9.698970004 -0.5 0.0048313 1.121488929 1.119 3.183850338 5243.243172 3.478 1.382 0.95 0.885 1.881 1.312 0.888
thin5 4 thin_disk 9.698970004 -0.5 0.0048313 1.122674227 1.12 3.36784926 5216.749703 3.43 1.274 0.836 0.769 1.779 1.202 0.772
thin5 4 thin_disk 9.698970004 -0.5 0.0048313 1.124060631 1.122 3.609546532 5189.195108 3.37 1.137 0.693 0.625 1.649 1.063 0.628
thin5 4 thin_disk 9.698970004 -0.5 0.0048313 1.12520206 1.123 3.841958283 5167.732203 3.317 1.014 0.565 0.496 1.531 0.939 0.5
thin5 4 thin_disk 9.698970004 -0.5 0.0048313 1.126252294 1.124 4.078050926 5147.543199 3.265 0.893 0.439 0.37 1.415 0.816 0.373
thin5 4 thin_disk 9.698970004 -0.5 0.0048313 1.127291202 1.125 4.350634955 5126.25257 3.209 0.764 0.304 0.234 1.29 0.685 0.237
thin5 4 thin_disk 9.698970004 -0.5 0.0048313 1.128226519 1.126 4.639302006 5106.225616 3.154 0.637 0.172 0.102 1.168 0.556 0.105
thin5 4 thin_disk 9.698970004 -0.5 0.0048313 1.129069328 1.126 4.938017729 5085.105879 3.1 0.513 0.042 -0.029 1.049 0.43 -0.026
thin5 4 thin_disk 9.698970004 -0.5 0.0048313 1.129851222 1.127 5.258388202 5062.907583 3.045 0.387 -0.089 -0.16 0.929 0.303 -0.157
thin5 4 thin_disk 9.698970004 -0.5 0.0048313 1.130550146 1.128 5.599543784 5040.806191 2.991 0.264 -0.217 -0.29 0.811 0.178 -0.287
thin5 4 thin_disk 9.698970004 -0.5 0.0048313 1.131186962 1.128 5.958715423 5017.64579 2.938 0.142 -0.346 -0.419 0.694 0.053 -0.416
thin5 4 thin_disk 9.698970004 -0.5 0.0048313 1.131786585 1.129 6.358470267 4993.441887 2.882 0.015 -0.479 -0.554 0.573 -0.076 -0.551
thin5 4 thin_disk 9.698970004 -0.5 0.0048313 1.132299662 1.129 6.750759634 4970.499106 2.829 -0.104 -0.605 -0.68 0.46 -0.197 -0.677
thin5 4 thin_disk 9.698970004 -0.5 0.0048313 1.132784128 1.13 7.19039328 4945.383779 2.775 -0.226 -0.734 -0.81 0.345 -0.322 -0.807
thin5 4 thin_disk 9.698970004 -0.5 0.0048313 1.133206367 1.13 7.628737034 4921.52845 2.724 -0.342 -0.856 -0.933 0.235 -0.44 -0.93
thin5 4 thin_disk 9.698970004 -0.5 0.0048313 1.133613706 1.13 8.116198214 4896.660566 2.67 -0.462 -0.984 -1.062 0.121 -0.563 -1.059
thin5 4 thin_disk 9.698970004 -0.5 0.0048313 1.133966327 1.131 8.605035074 4871.918336 2.619 -0.574 -1.104 -1.183 0.016 -0.678 -1.18
thin5 4 thin_disk 9.698970004 -0.5 0.0048313 1.134304762 1.131 9.138031375 4846.185122 2.567 -0.69 -1.227 -1.308 -0.093 -0.796 -1.305
thin5 4 thin_disk 9.698970004 -0.5 0.0048313 1.134610176 1.131 9.692875731 4820.58783 2.516 -0.802 -1.347 -1.429 -0.198 -0.911 -1.426
thin5 4 thin_disk 9.698970004 -0.5 0.0048313 1.134899139 1.131 10.28614506 4794.021749 2.465 -0.916 -1.468 -1.551 -0.305 -1.027 -1.548
thin5 4 thin_disk 9.698970004 -0.5 0.0048313 1.135165214 1.131 10.88059499 4769.798141 2.415 -1.025 -1.585 -1.669 -0.407 -1.139 -1.665
thin5 4 thin_disk 9.698970004 -0.5 0.0048313 1.135428309 1.132 11.51470046 4744.604321 2.366 -1.132 -1.699 -1.784 -0.508 -1.249 -1.781
thin5 4 thin_disk 9.698970004 -0.5 0.0048313 1.13573277 1.132 12.09908826 4722.804844 2.324 -1.225 -1.798 -1.884 -0.595 -1.344 -1.881
thin5 4 thin_disk 9.698970004 -0.5 0.0048313 1.135848165 1.132 12.26740334 4717.370643 2.311 -1.254 -1.828 -1.915 -0.622 -1.374 -1.912
thin5 4 thin_disk 9.698970004 -0.5 0.0048313 1.136065602 1.132 11.76935452 4739.145036 2.347 -1.176 -1.745 -1.83 -0.551 -1.294 -1.827
thin5 4 thin_disk 9.698970004 -0.5 0.0048313 1.136214733 1.132 11.13660061 4766.504419 2.395 -1.073 -1.634 -1.718 -0.455 -1.188 -1.715
thin5 4 thin_disk 9.698970004 -0.5 0.0048313 1.136240482 1.132 11.05229949 4770.896554 2.403 -1.058 -1.617 -1.701 -0.441 -1.172 -1.698
thin5 4 thin_disk 9.698970004 -0.5 0.0048313 1.136432767 1.132 11.65071678 4746.789795 2.356 -1.159 -1.725 -1.81 -0.535 -1.275 -1.807
thin5 4 thin_disk 9.698970004 -0.5 0.0048313 1.136661887 1.132 12.40373973 4718.456982 2.301 -1.279 -1.853 -1.939 -0.647 -1.398 -1.936
thin5 4 thin_disk 9.698970004 -0.5 0.0048313 1.136875629 1.132 13.21151569 4689.213428 2.248 -1.396 -1.978 -2.066 -0.756 -1.518 -2.063
thin5 4 thin_disk 9.698970004 -0.5 0.0048313 1.137075186 1.132 14.05570536 4660.151117 2.194 -1.511 -2.102 -2.192 -0.865 -1.637 -2.188
thin5 4 thin_disk 9.698970004 -0.5 0.0048313 1.137257099 1.132 14.91257514 4632.335437 2.142 -1.624 -2.223 -2.314 -0.969 -1.753 -2.311
thin5 4 thin_disk 9.698970004 -0.5 0.0048313 1.137429357 1.132 15.86545914 4603.625638 2.088 -1.738 -2.346 -2.439 -1.076 -1.871 -2.435
thin5 4 thin_disk 9.698970004 -0.5 0.0048313 1.137588024 1.132 16.8675748 4574.04044 2.035 -1.852 -2.467 -2.562 -1.181 -1.987 -2.559
thin5 4 thin_disk 9.698970004 -0.5 0.0048313 1.13773489 1.132 17.93298746 4544.645372 1.982 -1.965 -2.589 -2.685 -1.285 -2.104 -2.682
thin5 4 thin_disk 9.698970004 -0.5 0.0048313 1.137872577 1.132 19.06569516 4515.439211 1.929 -2.079 -2.709 -2.809 -1.39 -2.22 -2.806
thin5 4 thin_disk 9.698970004 -0.5 0.0048313 1.137995124 1.132 20.24662527 4486.420744 1.877 -2.189 -2.824 -2.928 -1.49 -2.332 -2.924
thin5 4 thin_disk 9.698970004 -0.5 0.0048313 1.138111472 1.131 21.50070224 4457.588764 1.824 -2.301 -2.942 -3.048 -1.591 -2.446 -3.045
thin5 4 thin_disk 9.698970004 -0.5 0.0048313 1.138216138 1.131 22.81669016 4427.922388 1.772 -2.409 -3.055 -3.166 -1.689 -2.556 -3.163
thin5 4 thin_disk 9.698970004 -0.5 0.0048313 1.138314724 1.131 24.24111796 4398.453449 1.72 -2.518 -3.17 -3.285 -1.787 -2.667 -3.281
thin5 4 thin_disk 9.698970004 -0.5 0.0048313 1.138405085 1.13 25.71299378 4370.186791 1.668 -2.626 -3.283 -3.402 -1.883 -2.776 -3.399
thin5 4 thin_disk 9.698970004 -0.5 0.0048313 1.138489604 1.13 27.29937126 4340.102636 1.616 -2.734 -3.397 -3.521 -1.98 -2.886 -3.517
thin5 4 thin_disk 9.698970004 -0.5 0.0048313 1.138567209 1.13 28.97027681 4311.21816 1.564 -2.84 -3.509 -3.637 -2.074 -2.995 -3.634
thin5 4 thin_disk 9.698970004 -0.5 0.0048313 1.138638377 1.129 30.74345303 4282.525918 1.513 -2.945 -3.62 -3.753 -2.167 -3.102 -3.749
thin5 4 thin_disk 9.698970004 -0.5 0.0048313 1.138705492 1.129 32.58762011 4254.024629 1.461 -3.052 -3.735 -3.872 -2.262 -3.212 -3.868
thin5 4 thin_disk 9.698970004 -0.5 0.0048313 1.138765931 1.128 34.55832184 4224.74013 1.411 -3.154 -3.847 -3.988 -2.354 -3.319 -3.984
thin5 4 thin_disk 9.698970004 -0.5 0.0048313 1.138823628 1.128 36.64819966 4195.657223 1.36 -3.259 -3.961 -4.106 -2.448 -3.427 -4.102
thin5 4 thin_disk 9.698970004 -0.5 0.0048313 1.138877273 1.127 38.80186898 4167.734068 1.309 -3.362 -4.073 -4.222 -2.54 -3.535 -4.218
thin5 4 thin_disk 9.698970004 -0.5 0.0048313 1.13892591 1.126 41.08210089 4139.996748 1.26 -3.463 -4.183 -4.336 -2.63 -3.64 -4.332
thin5 4 thin_disk 9.698970004 -0.5 0.0048313 1.138972878 1.126 43.56649733 4111.497211 1.209 -3.566 -4.296 -4.453 -2.722 -3.747 -4.449
thin5 4 thin_disk 9.698970004 -0.5 0.0048313 1.139015078 1.125 46.09487534 4083.193863 1.16 -3.664 -4.404 -4.565 -2.809 -3.85 -4.561
thin5 4 thin_disk 9.698970004 -0.5 0.0048313 1.139055252 1.124 48.74753332 4056.01918 1.11 -3.763 -4.513 -4.678 -2.897 -3.954 -4.674
thin5 4 thin_disk 9.698970004 -0.5 0.0048313 1.139071226 1.124 49.92897436 4044.827454 1.089 -3.805 -4.558 -4.726 -2.934 -3.997 -4.722
thin5 4 thin_disk 9.698970004 -0.5 0.0048313 1.139094114 1.123 51.61223248 4029.025351 1.061 -3.862 -4.622 -4.792 -2.985 -4.058 -4.787
thin5 4 thin_disk 9.698970004 -0.5 0.0048313 1.139138103 1.122 55.22715163 3994.845613 1.001 -3.98 -4.752 -4.928 -3.089 -4.181 -4.923
thin5 4 thin_disk 9.698970004 -0.5 0.0048313 1.139171958 1.121 58.43225474 3967.345289 0.952 -4.078 -4.858 -5.039 -3.175 -4.283 -5.035
thin5 4 thin_disk 9.698970004 -0.5 0.0048313 1.139203787 1.12 61.7237985 3940.941607 0.903 -4.175 -4.964 -5.15 -3.261 -4.385 -5.146
thin5 4 thin_disk 9.698970004 -0.5 0.0048313 1.13923943 1.118 66.04693142 3907.509117 0.844 -4.291 -5.092 -5.284 -3.362 -4.506 -5.279
thin5 4 thin_disk 9.698970004 -0.5 0.0048313 1.13927269 1.116 70.59153812 3874.360247 0.785 -4.406 -5.218 -5.417 -3.462 -4.627 -5.412
thin5 4 thin_disk 9.698970004 -0.5 0.0048313 1.139303923 1.114 75.483607 3840.608157 0.726 -4.521 -5.345 -5.55 -3.563 -4.748 -5.545
thin5 4 thin_disk 9.698970004 -0.5 0.0048313 1.139332414 1.112 80.54760745 3808.903765 0.669 -4.633 -5.468 -5.679 -3.659 -4.865 -5.674
thin5 4 thin_disk 9.698970004 -0.5 0.0048313 1.139359117 1.109 85.99092979 3776.591401 0.611 -4.745 -5.59 -5.808 -3.756 -4.983 -5.803
thin5 4 thin_disk 9.698970004 -0.5 0.0048313 1.139383316 1.107 91.63315604 3743.69104 0.555 -4.852 -5.709 -5.933 -3.847 -5.096 -5.927
thin5 4 thin_disk 9.698970004 -0.5 0.0048313 1.139405966 1.104 97.64559246 3711.077295 0.499 -4.959 -5.827 -6.058 -3.938 -5.209 -6.052
thin5 4 thin_disk 9.698970004 -0.5 0.0048313 1.139427423 1.101 104.0525301 3678.74767 0.443 -5.068 -5.945 -6.182 -4.029 -5.323 -6.176
thin5 4 thin_disk 9.698970004 -0.5 0.0048313 1.139447212 1.097 110.6248373 3646.699689 0.388 -5.173 -6.059 -6.303 -4.115 -5.432 -6.297
thin5 4 thin_disk 9.698970004 -0.5 0.0048313 1.13946557 1.093 117.4228575 3615.763364 0.335 -5.275 -6.17 -6.42 -4.197 -5.538 -6.414
thin5 4 thin_disk 9.698970004 -0.5 0.0048313 1.139483094 1.089 124.3519629 3585.089483 0.283 -5.373 -6.275 -6.532 -4.274 -5.64 -6.525
thin5 4 thin_disk 9.698970004 -0.5 0.0048313 1.139487266 1.088 125.7629294 3579.315656 0.272 -5.393 -6.297 -6.555 -4.29 -5.661 -6.548
thin5 4 thin_disk 9.698970004 -0.5 0.0048313 1.139487266 1.088 10.34552763 4991.142852 2.443 -1.045 -1.541 -1.615 -4.29 -5.661 -6.548
thin5 4 thin_disk 9.698970004 -0.5 0.0048313 1.139661431 1.088 10.52574016 4979.663542 2.428 -1.076 -1.575 -1.649 -0.512 -1.168 -1.646
thin5 4 thin_disk 9.698970004 -0.5 0.0048313 1.139840722 1.088 10.60114183 4976.2249 2.422 -1.09 -1.589 -1.664 -0.525 -1.182 -1.661
thin5 4 thin_disk 9.698970004 -0.5 0.0048313 1.140024185 1.089 10.62068785 4977.37085 2.42 -1.095 -1.594 -1.669 -0.53 -1.187 -1.666
thin5 4 thin_disk 9.698970004 -0.5 0.0048313 1.140207529 1.089 10.60602496 4980.810284 2.421 -1.095 -1.593 -1.668 -0.531 -1.187 -1.665
thin5 4 thin_disk 9.698970004 -0.5 0.0048313 1.140393376 1.089 10.59138231 4984.252094 2.423 -1.093 -1.59 -1.664 -0.53 -1.184 -1.661
thin5 4 thin_disk 9.698970004 -0.5 0.0048313 1.140578151 1.089 10.55972589 4988.844875 2.425 -1.09 -1.586 -1.66 -0.528 -1.181 -1.657
thin5 4 thin_disk 9.698970004 -0.5 0.0048313 1.140760302 1.09 10.54029206 4993.441887 2.427 -1.087 -1.582 -1.656 -0.526 -1.178 -1.653
thin5 4 thin_disk 9.698970004 -0.5 0.0048313 1.140948057 1.09 10.50878834 4998.043136 2.429 -1.085 -1.578 -1.652 -0.525 -1.175 -1.649
thin5 4 thin_disk 9.698970004 -0.5 0.0048313 1.141137719 1.09 10.48944825 5002.648624 2.431 -1.083 -1.575 -1.649 -0.524 -1.173 -1.646
thin5 4 thin_disk 9.698970004 -0.5 0.0048313 1.141312361 1.09 10.47496655 5006.105525 2.432 -1.082 -1.574 -1.647 -0.524 -1.172 -1.644
thin5 4 thin_disk 9.698970004 -0.5 0.0048313 1.141489387 1.09 10.46050484 5009.564815 2.433 -1.081 -1.572 -1.645 -0.524 -1.171 -1.642
thin5 4 thin_disk 9.698970004 -0.5 0.0048313 1.141682386 1.091 10.4580965 5013.026495 2.434 -1.081 -1.571 -1.644 -0.525 -1.17 -1.641
thin5 4 thin_disk 9.698970004 -0.5 0.0048313 1.141875267 1.091 10.44365808 5016.490568 2.435 -1.081 -1.57 -1.643 -0.526 -1.17 -1.64
thin5 4 thin_disk 9.698970004 -0.5 0.0048313 1.142058134 1.091 10.4460631 5018.801279 2.436 -1.081 -1.57 -1.642 -0.527 -1.17 -1.64
thin5 4 thin_disk 9.698970004 -0.5 0.0048313 1.142081261 1.091 10.44125362 5019.957034 2.436 -1.081 -1.57 -1.642 -0.527 -1.17 -1.64
thin5 4 thin_disk 9.698970004 -0.5 0.0048313 1.142239571 1.091 10.43644635 5021.113055 2.436 -1.082 -1.57 -1.643 -0.528 -1.17 -1.64
thin5 4 thin_disk 9.698970004 -0.5 0.0048313 1.142424941 1.091 10.43884971 5023.425895 2.436 -1.083 -1.57 -1.643 -0.53 -1.171 -1.64
thin5 4 thin_disk 9.698970004 -0.5 0.0048313 1.142611861 1.092 10.44125362 5025.739801 2.436 -1.085 -1.572 -1.644 -0.532 -1.173 -1.641
thin5 4 thin_disk 9.698970004 -0.5 0.0048313 1.142795682 1.092 10.44846867 5026.897154 2.435 -1.087 -1.574 -1.646 -0.534 -1.175 -1.643
thin5 4 thin_disk 9.698970004 -0.5 0.0048313 1.142980337 1.092 10.46050484 5026.897154 2.434 -1.09 -1.576 -1.649 -0.538 -1.178 -1.646
thin5 4 thin_disk 9.698970004 -0.5 0.0048313 1.143170595 1.092 10.47979156 5028.054773 2.433 -1.094 -1.58 -1.653 -0.541 -1.182 -1.65
thin5 4 thin_disk 9.698970004 -0.5 0.0048313 1.143358946 1.093 10.50394998 5028.054773 2.431 -1.099 -1.585 -1.657 -0.546 -1.186 -1.654
thin5 4 thin_disk 9.698970004 -0.5 0.0048313 1.143395781 1.093 10.50878834 5026.897154 2.431 -1.099 -1.586 -1.658 -0.547 -1.187 -1.655
thin5 4 thin_disk 9.698970004 -0.5 0.0048313 1.143544078 1.093 10.5330136 5026.897154 2.429 -1.104 -1.591 -1.663 -0.551 -1.192 -1.66
thin5 4 thin_disk 9.698970004 -0.5 0.0048313 1.143716693 1.093 10.56702281 5024.582715 2.426 -1.111 -1.598 -1.67 -0.558 -1.199 -1.667
thin5 4 thin_disk 9.698970004 -0.5 0.0048313 1.14389503 1.093 10.61335387 5022.269342 2.422 -1.119 -1.606 -1.679 -0.565 -1.207 -1.676
thin5 4 thin_disk 9.698970004 -0.5 0.0048313 1.144077063 1.093 10.67708364 5018.801279 2.418 -1.129 -1.617 -1.69 -0.574 -1.217 -1.687
thin5 4 thin_disk 9.698970004 -0.5 0.0048313 1.144261241 1.094 10.74614373 5014.18092 2.412 -1.141 -1.63 -1.703 -0.585 -1.229 -1.7
thin5 4 thin_disk 9.698970004 -0.5 0.0048313 1.144290447 1.094 10.75109365 5013.026495 2.411 -1.143 -1.632 -1.705 -0.587 -1.232 -1.702
thin5 4 thin_disk 9.698970004 -0.5 0.0048313 1.144400358 1.094 10.79823177 5010.718443 2.408 -1.15 -1.64 -1.713 -0.593 -1.239 -1.711
thin5 4 thin_disk 9.698970004 -0.5 0.0048313 1.144597411 1.094 10.89062101 5003.800659 2.4 -1.165 -1.657 -1.731 -0.607 -1.255 -1.728
thin5 4 thin_disk 9.698970004 -0.5 0.0048313 1.144794226 1.094 10.99645357 4996.892426 2.391 -1.183 -1.677 -1.751 -0.623 -1.274 -1.748
thin5 4 thin_disk 9.698970004 -0.5 0.0048313 1.144995093 1.095 11.15713389 4986.547956 2.38 -1.207 -1.703 -1.777 -0.644 -1.298 -1.774
thin5 4 thin_disk 9.698970004 -0.5 0.0048313 1.145207167 1.095 11.25259388 4979.663542 2.372 -1.223 -1.721 -1.796 -0.659 -1.315 -1.793
thin5 4 thin_disk 9.698970004 -0.5 0.0048313 1.1454041 1.095 11.58917831 4957.925539 2.346 -1.275 -1.779 -1.854 -0.706 -1.369 -1.852
thin5 4 thin_disk 9.698970004 -0.5 0.0048313 1.145572662 1.095 12.31835299 4912.471005 2.293 -1.382 -1.898 -1.975 -0.802 -1.48 -1.972
thin5 4 thin_disk 9.698970004 -0.5 0.0048313 1.145653248 1.095 13.19327591 4862.952192 2.234 -1.502 -2.032 -2.111 -0.91 -1.605 -2.108
thin5 4 thin_disk 9.698970004 -0.5 0.0048313 1.145689368 1.095 14.13359508 4816.149948 2.175 -1.623 -2.167 -2.248 -1.018 -1.731 -2.245
thin5 4 thin_disk 9.698970004 -0.5 0.0048313 1.145705104 1.095 15.06789707 4773.094139 2.119 -1.738 -2.294 -2.377 -1.121 -1.85 -2.374
thin5 4 thin_disk 9.698970004 -0.5 0.0048313 1.145712852 1.095 16.02332512 4733.692033 2.066 -1.846 -2.413 -2.499 -1.218 -1.963 -2.496
thin5 4 thin_disk 9.698970004 -0.5 0.0048313 1.145717621 1.095 17.01189309 4695.696293 2.013 -1.953 -2.531 -2.619 -1.315 -2.074 -2.616
thin5 4 thin_disk 9.698970004 -0.5 0.0048313 1.145718575 1.095 17.30822949 4684.896492 1.998 -1.984 -2.565 -2.653 -1.343 -2.106 -2.65
thin5 4 thin_disk 9.698970004 -0.5 0.0048313 1.145719409 1.095 17.52478283 4677.351413 1.987 -2.008 -2.59 -2.679 -1.364 -2.13 -2.676
thin5 4 thin_disk 9.698970004 -0.5 0.0048313 1.145722866 1.095 18.73064121 4637.671681 1.93 -2.125 -2.715 -2.807 -1.471 -2.25 -2.804
thin5 4 thin_disk 9.698970004 -0.5 0.0048313 1.145726085 1.095 19.75843965 4604.685784 1.883 -2.221 -2.817 -2.912 -1.557 -2.348 -2.909
thin5 4 thin_disk 9.698970004 -0.5 0.0048313 1.145733357 1.095 20.49994259 4583.529174 1.852 -2.286 -2.887 -2.984 -1.616 -2.415 -2.981
thin5 4 thin_disk 9.698970004 -0.5 0.0048313 1.145740748 1.095 19.81310973 4603.625638 1.881 -2.227 -2.823 -2.918 -1.562 -2.354 -2.915
thin5 4 thin_disk 9.698970004 -0.5 0.0048313 1.145774603 1.095 19.14047207 4624.875008 1.911 -2.165 -2.757 -2.851 -1.507 -2.291 -2.848
thin5 4 thin_disk 9.698970004 -0.5 0.0048313 1.145907402 1.094 19.63146205 4608.92881 1.889 -2.209 -2.804 -2.899 -1.546 -2.336 -2.896
thin5 4 thin_disk 9.698970004 -0.5 0.0048313 1.145972133 1.093 20.83303986 4572.98735 1.837 -2.315 -2.917 -3.015 -1.641 -2.444 -3.012
thin5 4 thin_disk 9.698970004 -0.5 0.0048313 1.146031737 1.093 22.07255689 4538.371048 1.786 -2.419 -3.028 -3.13 -1.733 -2.55 -3.127
thin5 4 thin_disk 9.698970004 -0.5 0.0048313 1.146088123 1.092 23.52624659 4500.906591 1.73 -2.531 -3.148 -3.255 -1.832 -2.665 -3.251
thin5 4 thin_disk 9.698970004 -0.5 0.0048313 1.146137238 1.091 25.0641306 4464.779341 1.675 -2.642 -3.267 -3.377 -1.931 -2.779 -3.374
thin5 4 thin_disk 9.698970004 -0.5 0.0048313 1.146181107 1.09 26.70254434 4428.942072 1.62 -2.753 -3.385 -3.501 -2.029 -2.893 -3.498
thin5 4 thin_disk 9.698970004 -0.5 0.0048313 1.146220088 1.088 28.44805932 4393.392456 1.564 -2.865 -3.505 -3.626 -2.127 -3.008 -3.622
thin5 4 thin_disk 9.698970004 -0.5 0.0048313 1.146254778 1.087 30.32163704 4357.124805 1.508 -2.978 -3.624 -3.751 -2.225 -3.123 -3.747
thin5 4 thin_disk 9.698970004 -0.5 0.0048313 1.146285892 1.086 32.35583744 4321.156545 1.451 -3.09 -3.748 -3.879 -2.324 -3.24 -3.875
thin5 4 thin_disk 9.698970004 -0.5 0.0048313 1.146313906 1.084 34.50266527 4284.498548 1.395 -3.202 -3.872 -4.007 -2.423 -3.357 -4.003
thin5 4 thin_disk 9.698970004 -0.5 0.0048313 1.146339655 1.082 37.34673541 4218.907466 1.326 -3.321 -4.012 -4.155 -2.517 -3.485 -4.151
thin5 4 thin_disk 9.698970004 -0.5 0.0048313 1.146363258 1.08 39.93490401 4177.341687 1.266 -3.433 -4.139 -4.287 -2.614 -3.603 -4.283
thin5 4 thin_disk 9.698970004 -0.5 0.0048313 1.146385789 1.077 42.5454033 4143.811583 1.209 -3.544 -4.262 -4.415 -2.712 -3.72 -4.411
thin5 4 thin_disk 9.698970004 -0.5 0.0048313 1.146407366 1.074 45.42057678 4108.65807 1.152 -3.656 -4.386 -4.544 -2.81 -3.838 -4.54
thin5 4 thin_disk 9.698970004 -0.5 0.0048313 1.146427274 1.07 48.49005144 4073.802778 1.094 -3.768 -4.51 -4.673 -2.908 -3.955 -4.669
thin5 4 thin_disk 9.698970004 -0.5 0.0048313 1.146446943 1.066 51.76695797 4039.243177 1.035 -3.879 -4.633 -4.802 -3.006 -4.072 -4.798
thin5 4 thin_disk 9.698970004 -0.5 0.0048313 1.146466613 1.061 55.31623906 4003.132822 0.976 -3.991 -4.758 -4.933 -3.103 -4.19 -4.929
thin5 4 thin_disk 9.698970004 -0.5 0.0048313 1.146484971 1.054 59.10886836 3967.345289 0.915 -4.104 -4.883 -5.065 -3.201 -4.309 -5.06
thin5 4 thin_disk 9.698970004 -0.5 0.0048313 1.146499038 1.048 63.08885491 3931.877693 0.856 -4.215 -5.007 -5.195 -3.297 -4.426 -5.19
thin5 4 thin_disk 9.698970004 -0.5 0.0048313 1.146508217 1.044 67.12010772 3898.522096 0.8 -4.318 -5.121 -5.316 -3.385 -4.535 -5.311
thin5 4 thin_disk 9.698970004 -0.5 0.0048313 1.146515965 1.039 71.35963908 3864.559516 0.744 -4.423 -5.237 -5.438 -3.474 -4.645 -5.433
thin5 4 thin_disk 9.698970004 -0.5 0.0048313 1.146523118 1.033 76.1995918 3829.129021 0.686 -4.531 -5.358 -5.565 -3.566 -4.759 -5.56
thin5 4 thin_disk 9.698970004 -0.5 0.0048313 1.146529317 1.027 81.04993014 3794.897062 0.63 -4.633 -5.472 -5.686 -3.653 -4.868 -5.681
thin5 4 thin_disk 9.698970004 -0.5 0.0048313 1.146535158 1.021 86.42763812 3758.374043 0.572 -4.738 -5.589 -5.811 -3.74 -4.979 -5.805
thin5 4 thin_disk 9.698970004 -0.5 0.0048313 1.146541119 1.013 92.39588823 3719.632212 0.51 -4.848 -5.712 -5.941 -3.83 -5.095 -5.935
thin5 4 thin_disk 9.698970004 -0.5 0.0048313 1.146544457 1.007 96.37239341 3694.877123 0.47 -4.918 -5.79 -6.024 -3.887 -5.17 -6.018
thin5 4 thin_disk 9.698970004 -0.5 0.0048313 1.146546006 1.004 99.3465168 3677.053934 0.443 -4.967 -5.845 -6.082 -3.926 -5.222 -6.076
thin5 4 thin_disk 9.698970004 -0.5 0.0048313 1.146546483 1.003 96.88413025 3691.475582 0.465 -4.925 -5.798 -6.032 -3.892 -5.177 -6.026
thin5 4 thin_disk 9.698970004 -0.5 0.0048313 1.146546602 1.003 94.33061043 3706.807218 0.487 -4.881 -5.75 -5.982 -3.857 -5.131 -5.976
thin5 4 thin_disk 9.698970004 -0.5 0.0048313 1.146546722 1.003 98.02856491 3684.681891 0.454 -4.945 -5.82 -6.056 -3.908 -5.198 -6.05
thin5 4 thin_disk 9.698970004 -0.5 0.0048313 1.146546841 1.003 95.13769932 3701.68961 0.48 -4.895 -5.765 -5.998 -3.868 -5.146 -5.992
thin5 4 thin_disk 9.698970004 -0.5 0.0048313 1.14654696 1.003 92.63020919 3717.063668 0.503 -4.851 -5.716 -5.946 -3.832 -5.099 -5.94
thin5 4 thin_disk 9.698970004 -0.5 0.0048313 1.146547198 1.002 92.03492121 3720.488787 0.508 -4.84 -5.704 -5.933 -3.823 -5.088 -5.928
thin5 4 thin_disk 9.698970004 -0.5 0.0048313 1.146547675 1.001 95.488846 3699.133457 0.476 -4.901 -5.772 -6.005 -3.873 -5.153 -6
thin5 4 thin_disk 9.698970004 -0.5 0.0048313 1.146548152 1.001 98.86729336 3679.59483 0.445 -4.959 -5.836 -6.073 -3.92 -5.213 -6.067
thin5 4 thin_disk 9.698970004 -0.5 0.0048313 1.146548748 1 102.4595974 3658.474228 0.414 -5.018 -5.901 -6.142 -3.966 -5.275 -6.136
thin5 4 thin_disk 9.698970004 -0.5 0.0048313 1.146549702 0.997 107.2142828 3632.452969 0.374 -5.091 -5.982 -6.229 -4.025 -5.353 -6.223
thin5 4 thin_disk 9.698970004 -0.5 0.0048313 1.146550894 0.994 103.4791005 3650.900525 0.403 -5.032 -5.918 -6.16 -3.976 -5.291 -6.154
thin5 4 thin_disk 9.698970004 -0.5 0.0048313 1.146551013 0.994 111.7513157 3603.296501 0.336 -5.157 -6.056 -6.308 -4.072 -5.423 -6.302
thin5 4 thin_disk 9.698970004 -0.5 0.0048313 1.146551132 0.994 103.0273774 3652.582214 0.407 -5.024 -5.909 -6.151 -3.969 -5.282 -6.145
thin5 4 thin_disk 9.698970004 -0.5 0.0048313 1.146551251 0.994 91.31721226 3722.20253 0.512 -4.824 -5.687 -5.916 -3.808 -5.071 -5.91
thin5 4 thin_disk 9.698970004 -0.5 0.0048313 1.146551371 0.993 84.20786275 3766.170697 0.582 -4.69 -5.539 -5.758 -3.696 -4.93 -5.753
thin5 4 thin_disk 9.698970004 -0.5 0.0048313 1.146551609 0.993 88.95137072 3736.801254 0.534 -4.781 -5.64 -5.865 -3.773 -5.026 -5.86
thin5 4 thin_disk 9.698970004 -0.5 0.0048313 1.146552086 0.992 94.7005813 3701.68961 0.479 -4.885 -5.755 -5.988 -3.858 -5.136 -5.982
thin5 4 thin_disk 9.698970004 -0.5 0.0048313 1.146552444 0.991 100.3812605 3668.596944 0.428 -4.983 -5.863 -6.102 -3.937 -5.238 -6.096
thin5 4 thin_disk 9.698970004 -0.5 0.0048313 1.146552801 0.99 106.0602496 3637.474856 0.38 -5.072 -5.961 -6.207 -4.008 -5.333 -6.201
thin5 4 thin_disk 9.698970004 -0.5 0.0048313 1.146553278 0.989 112.5259388 3603.296501 0.328 -5.171 -6.069 -6.322 -4.085 -5.436 -6.315
thin5 4 thin_disk 9.698970004 -0.5 0.0048313 1.146553874 0.987 119.1935198 3570.26128 0.278 -5.267 -6.174 -6.433 -4.158 -5.536 -6.426
thin5 4 thin_disk 9.698970004 -0.5 0.0048313 1.14655447 0.985 126.2271117 3535.900211 0.226 -5.361 -6.277 -6.544 -4.227 -5.635 -6.536
thin5 4 thin_disk 9.698970004 -0.5 0.0048313 1.146555424 0.981 133.9530618 3500.257542 0.173 -5.457 -6.382 -6.657 -4.294 -5.736 -6.649
thin5 4 thin_disk 9.698970004 -0.5 0.0048313 1.146556616 0.975 141.3034107 3467.368505 0.124 -5.544 -6.478 -6.761 -4.353 -5.827 -6.752
thin5 4 thin_disk 9.698970004 -0.5 0.0048313 1.14655757 0.969 144.7613568 3451.437393 0.1 -5.582 -6.519 -6.805 -4.374 -5.867 -6.796
thin5 4 thin_disk 9.698970004 -0.5 0.0048313 1.146557689 0.969 99.48386393 3661.845359 0.427 -4.955 -5.837 -6.077 -3.906 -5.212 -6.071
thin5 4 thin_disk 9.698970004 -0.5 0.0048313 1.146557808 0.968 81.78104296 3775.721909 0.596 -4.636 -5.481 -5.699 -3.647 -4.874 -5.694
thin5 4 thin_disk 9.698970004 -0.5 0.0048313 1.146558046 0.967 59.5322977 3969.17274 0.872 -4.123 -4.899 -5.082 -3.219 -4.326 -5.077
thin5 4 thin_disk 9.698970004 -0.5 0.0048313 1.146558285 0.965 60.68098822 3956.39824 0.854 -4.153 -4.934 -5.119 -3.244 -4.359 -5.114
thin5 4 thin_disk 9.698970004 -0.5 0.0048313 1.146558762 0.963 73.00500665 3840.608157 0.692 -4.45 -5.272 -5.478 -3.491 -4.676 -5.473
thin5 4 thin_disk 9.698970004 -0.5 0.0048313 1.146559358 0.96 94.65698011 3685.530419 0.465 -4.87 -5.745 -5.981 -3.834 -5.123 -5.975
thin5 4 thin_disk 9.698970004 -0.5 0.0048313 1.146559954 0.956 117.9648568 3557.951306 0.272 -5.234 -6.145 -6.406 -4.118 -5.505 -6.399
thin5 4 thin_disk 9.698970004 -0.5 0.0048313 1.146560669 0.952 136.0669484 3476.962446 0.147 -5.469 -6.401 -6.68 -4.286 -5.751 -6.672
thin5 4 thin_disk 9.698970004 -0.5 0.0048313 1.146561503 0.948 146.2691188 3435.579479 0.082 -5.59 -6.53 -6.819 -4.364 -5.875 -6.81
thin5 4 thin_disk 9.698970004 -0.5 0.0048313 1.146562457 0.943 150.8872853 3415.859507 0.053 -5.64 -6.584 -6.878 -4.393 -5.928 -6.868
thin5 4 thin_disk 9.698970004 -0.5 0.0048313 1.14656353 0.937 153.0920522 3404.865806 0.037 -5.663 -6.609 -6.906 -4.404 -5.951 -6.896
thin5 4 thin_disk 9.698970004 -0.5 0.0048313 1.14656353 0.936 116.2392087 3555.494409 0.276 -5.199 -6.111 -6.372 -4.404 -5.951 -6.896
thin5 4 thin_disk 9.698970004 -0.5 0.0048313 1.146563768 0.935 87.40829418 3717.919652 0.523 -4.726 -5.592 -5.821 -3.708 -4.975 -5.815
thin5 4 thin_disk 9.698970004 -0.5 0.0048313 1.146564007 0.933 63.65794942 3907.509117 0.798 -4.213 -5.012 -5.205 -3.284 -4.428 -5.2
thin5 4 thin_disk 9.698970004 -0.5 0.0048313 1.146564484 0.93 64.99091402 3894.036339 0.778 -4.245 -5.049 -5.244 -3.309 -4.462 -5.24
thin5 4 thin_disk 9.698970004 -0.5 0.0048313 1.14656496 0.926 78.19025776 3780.071373 0.616 -4.541 -5.385 -5.602 -3.554 -4.778 -5.597
thin5 4 thin_disk 9.698970004 -0.5 0.0048313 1.146565556 0.921 101.1469158 3627.438015 0.389 -4.961 -5.855 -6.102 -3.892 -5.224 -6.096
thin5 4 thin_disk 9.698970004 -0.5 0.0048313 1.146566391 0.916 126.1109057 3501.063598 0.196 -5.326 -6.252 -6.526 -4.163 -5.605 -6.517
thin5 4 thin_disk 9.698970004 -0.5 0.0048313 1.146567225 0.909 145.3625875 3420.581953 0.069 -5.563 -6.507 -6.799 -4.321 -5.85 -6.789
thin5 4 thin_disk 9.698970004 -0.5 0.0048313 1.146568298 0.902 156.4777688 3377.536103 0.002 -5.685 -6.637 -6.94 -4.39 -5.976 -6.93
thin5 4 thin_disk 9.698970004 -0.5 0.0048313 1.146569371 0.894 161.8276192 3355.83037 -0.031 -5.739 -6.694 -7.002 -4.412 -6.031 -6.991
thin5 4 thin_disk 9.698970004 -0.5 0.0048313 1.146570682 0.885 164.5328592 3343.48978 -0.051 -5.766 -6.723 -7.034 -4.418 -6.058 -7.023
thin5 4 thin_disk 9.698970004 -0.5 0.0048313 1.146570802 0.884 126.2271117 3487.385841 0.179 -5.317 -6.247 -6.524 -4.143 -5.598 -6.515
thin5 4 thin_disk 9.698970004 -0.5 0.0048313 1.146570921 0.882 95.09389688 3647.539469 0.425 -4.844 -5.732 -5.974 -3.787 -5.104 -5.968
thin5 4 thin_disk 9.698970004 -0.5 0.0048313 1.146571279 0.879 69.12778555 3837.072455 0.7 -4.327 -5.152 -5.358 -3.366 -4.555 -5.353
thin5 4 thin_disk 9.698970004 -0.5 0.0048313 1.146571755 0.874 70.60779429 3822.962166 0.679 -4.36 -5.19 -5.398 -3.393 -4.59 -5.393
thin5 4 thin_disk 9.698970004 -0.5 0.0048313 1.146572351 0.868 84.92834183 3709.368674 0.515 -4.655 -5.524 -5.754 -3.633 -4.905 -5.748
thin5 4 thin_disk 9.698970004 -0.5 0.0048313 1.146573067 0.86 109.8886011 3557.132151 0.288 -5.077 -5.989 -6.25 -3.96 -5.349 -6.242
thin5 4 thin_disk 9.698970004 -0.5 0.0048313 1.14657402 0.851 136.6635333 3431.626398 0.094 -5.439 -6.381 -6.67 -4.209 -5.725 -6.661
thin5 4 thin_disk 9.698970004 -0.5 0.0048313 1.146575093 0.841 157.5624208 3350.425767 -0.035 -5.676 -6.632 -6.941 -4.34 -5.968 -6.931
thin5 4 thin_disk 9.698970004 -0.5 0.0048313 1.146576285 0.829 169.766754 3306.739628 -0.106 -5.8 -6.762 -7.082 -4.391 -6.093 -7.071
thin5 4 thin_disk 9.698970004 -0.5 0.0048313 1.146577597 0.816 175.5709442 3285.488868 -0.142 -5.855 -6.819 -7.145 -4.399 -6.148 -7.133
thin5 4 thin_disk 9.698970004 -0.5 0.0048313 1.146579027 0.802 178.7938783 3272.653306 -0.165 -5.884 -6.849 -7.179 -4.398 -6.176 -7.166
thin5 4 thin_disk 9.698970004 -0.5 0.0048313 1.146579146 0.801 138.7243328 3411.929116 0.054 -5.455 -6.4 -6.695 -4.203 -5.743 -6.686
thin5 4 thin_disk 9.698970004 -0.5 0.0048313 1.146579266 0.798 104.3164129 3576.020502 0.301 -4.981 -5.888 -6.145 -3.877 -5.25 -6.138
thin5 4 thin_disk 9.698970004 -0.5 0.0048313 1.146579623 0.794 75.41411604 3772.245942 0.58 -4.457 -5.303 -5.521 -3.465 -4.695 -5.516
thin5 4 thin_disk 9.698970004 -0.5 0.0048313 1.1465801 0.787 76.95780015 3760.105237 0.559 -4.49 -5.34 -5.561 -3.492 -4.73 -5.556
thin5 4 thin_disk 9.698970004 -0.5 0.0048313 1.146580696 0.779 92.39588823 3647.539469 0.395 -4.783 -5.67 -5.914 -3.725 -5.043 -5.908
thin5 4 thin_disk 9.698970004 -0.5 0.0048313 1.146581531 0.768 119.2484231 3496.23004 0.168 -5.2 -6.127 -6.403 -4.032 -5.479 -6.394
thin5 4 thin_disk 9.698970004 -0.5 0.0048313 1.146582484 0.756 147.8606615 3372.096543 -0.026 -5.557 -6.51 -6.815 -4.252 -5.848 -6.805
thin5 4 thin_disk 9.698970004 -0.5 0.0048313 1.146583557 0.742 169.923187 3293.821045 -0.155 -5.79 -6.754 -7.08 -4.349 -6.084 -7.068
thin5 4 thin_disk 9.698970004 -0.5 0.0048313 1.146584749 0.727 182.3696837 3255.367325 -0.225 -5.909 -6.876 -7.215 -4.377 -6.201 -7.202
thin5 4 thin_disk 9.698970004 -0.5 0.0048313 1.146586061 0.71 187.8246745 3241.156488 -0.261 -5.959 -6.927 -7.273 -4.39 -6.251 -7.259
thin5 4 thin_disk 9.698970004 -0.5 0.0048313 1.14658761 0.692 190.2184528 3237.427116 -0.284 -5.98 -6.95 -7.3 -4.397 -6.273 -7.285
thin5 4 thin_disk 9.698970004 -0.5 0.0048313 1.146595001 0.547 3.335436253e-06 10000 1.748 30.036 30.057 30.065 30.007 30.05 30.064
