# The relationship between age and the maximum initial-mass of stars that are alive at that age.
# Values from input_files/CMD3.3*.dat, originally from the PARSEC isochrones model (references are given in CMD3.3*.dat)
#   Read CMD3.3-thin1.dat
# iage Minidie  MRGst        MRGen
5  7.2251992226 6.9046821594 7.2251992226
10 5.3151664734 5.0788216591 5.3149628639
15 4.5166473389 4.3004155159 4.5165615082
#   Read CMD3.3-thin2.dat
20 4.0426144600 3.8341679573 4.0425739288
25 3.7244555950 3.5164194107 3.7243974209
30 3.4855511189 3.2799770832 3.4854869843
35 3.2981526852 3.0951058865 3.2981145382
40 3.1475172043 2.9445996284 3.1474843025
45 3.0238981247 2.8185675144 3.0238981247
50 2.9176514149 2.7116518021 2.9176514149
55 2.8248126507 2.6187505722 2.8248126507
60 2.7425796986 2.5368492603 2.7425796986
65 2.6689965725 2.4635062218 2.6689965725
70 2.6026306152 2.3975734711 2.6026306152
75 2.5413956642 2.3390293121 2.5413956642
80 2.4853806496 2.2854223251 2.4853806496
85 2.4338877201 2.2365946770 2.4338877201
90 2.3870866299 2.1916685104 2.3870866299
95 2.3454008102 2.1500000954 2.3454008102
100 2.3065266609 2.1119546890 2.3065266609
#   Read CMD3.3-thin3.dat
105 2.2634930611 2.0691447258 2.2634930611
110 2.2227766514 2.0347273350 2.2227766514
115 2.1851503849 2.0026609898 2.1851503849
120 2.1535048485 1.9736224413 2.1535048485
125 2.1247053146 1.9461681843 2.1247053146
130 2.0972340107 1.9195245504 2.0972340107
135 2.0682473183 1.8943824768 2.0682473183
140 2.0413012505 1.8709506989 2.0413012505
145 2.0167531967 1.8485844135 2.0167531967
150 1.9923980236 1.8267763853 1.9923980236
155 1.9669359922 1.8059283495 1.9669359922
160 1.9435153008 1.7858985662 1.9435153008
165 1.9230918884 1.7670983076 1.9230918884
170 1.9034832716 1.7491757870 1.9034832716
175 1.8163390160 1.7320992947 1.8163390160
180 1.7926690578 1.7156636715 1.7926690578
185 1.7726669312 1.6995798349 1.7726669312
190 1.7534126043 1.6846131086 1.7534126043
195 1.7359548807 1.6701619625 1.7359548807
200 1.7193670273 1.6561958790 1.7193670273
#   Read CMD3.3-thin4.dat
205 1.6996604204 1.6395614147 1.6996604204
210 1.6848428249 1.6264536381 1.6848428249
215 1.6705490351 1.6130802631 1.6705490351
220 1.6567009687 1.6007542610 1.6567009687
225 1.6433237791 1.5886847973 1.6433237791
230 1.6303970814 1.5770665407 1.6303970814
235 1.6178581715 1.5657804012 1.6178581715
240 1.6056787968 1.5548101664 1.6056787968
245 1.5941077471 1.5444164276 1.5941077471
250 1.5829007626 1.5343424082 1.5829007626
255 1.5717997551 1.5245316029 1.5717997551
260 1.5612411499 1.5149723291 1.5612411499
265 1.5511873960 1.5056532621 1.5511873960
270 1.5415607691 1.4964903593 1.5415607691
275 1.5321568251 1.4876070023 1.5321568251
280 1.5228757858 1.4789351225 1.5228757858
285 1.5138717890 1.4704658985 1.5138717890
290 1.5051475763 1.4621913433 1.5051475763
295 1.4966473579 1.4541034698 1.4966473579
300 1.4883369207 1.4443318844 1.4883369207
#   Read CMD3.3-thin5.dat
305 1.4741604328 1.4249017239 1.4741604328
310 1.4669264555 1.4139391184 1.4669264555
315 1.4589082003 1.4032341242 1.4589082003
320 1.4501026869 1.3931424618 1.4501026869
325 1.4414856434 1.3842508793 1.4414856434
330 1.4330017567 1.3755503893 1.4330017567
335 1.4245580435 1.3670343161 1.4245580435
340 1.4162825346 1.3586959839 1.4162825346
345 1.4087777138 1.3505290747 1.4087777138
350 1.4019340277 1.3429362774 1.4019340277
355 1.3952200413 1.3362189531 1.3952200413
360 1.3886313438 1.3296285868 1.3886313438
365 1.3816667795 1.3231608868 1.3816667795
370 1.3748012781 1.3168120384 1.3748012781
375 1.3684380054 1.3105782270 1.3684380054
380 1.3623862267 1.3044558764 1.3623862267
385 1.3565491438 1.2984417677 1.3565491438
390 1.3509846926 1.2929781675 1.3509846926
395 1.3455134630 1.2880079746 1.3455134630
400 1.3401008844 1.2831189632 1.3401008844
405 1.3345959187 1.2797746658 1.3345959187
410 1.3291808367 1.2751181126 1.3291808367
415 1.3240469694 1.2705345154 1.3240469694
420 1.3190324306 1.2673928738 1.3190324306
425 1.3140958548 1.2630079985 1.3140958548
430 1.3092352152 1.2586894035 1.3092352152
435 1.3045407534 1.2544351816 1.3045407534
440 1.3000191450 1.2502437830 1.3000191450
445 1.2955639362 1.2461133003 1.2955639362
450 1.2910854816 1.2432616949 1.2910854816
455 1.2866563797 1.2392605543 1.2866563797
460 1.2823351622 1.2353157997 1.2823351622
465 1.2781355381 1.2314260006 1.2781355381
470 1.2739943266 1.2275898457 1.2739943266
475 1.2699100971 1.2238061428 1.2699100971
480 1.2658816576 1.2218196392 1.2658816576
485 1.2619073391 1.2181742191 1.2619073391
490 1.2579863071 1.2145768404 1.2579863071
495 1.2541089058 1.2110264301 1.2541089058
500 1.2502617836 1.2075219154 1.2502617836
#   Read CMD3.3-thin6.dat
505 1.2356524467 1.1946293116 1.2356524467
510 1.2319698334 1.1914200783 1.2319698334
515 1.2283339500 1.1888580322 1.2283339500
520 1.2247438431 1.1859955788 1.2247438431
525 1.2211984396 1.1831673384 1.2211984396
530 1.2176966667 1.1803725958 1.2176966667
535 1.2142375708 1.1776105165 1.2142375708
540 1.2108205557 1.1748806238 1.2108205557
545 1.2074444294 1.1707755327 1.2074444294
550 1.2041084766 1.1681456566 1.2041084766
555 1.2007658482 1.1655454636 1.2007658482
560 1.1972490549 1.1629742384 1.1972490549
565 1.1939527988 1.1604315042 1.1939527988
570 1.1910257339 1.1579166651 1.1910257339
575 1.1881695986 1.1554291248 1.1881695986
580 1.1853450537 1.1529684067 1.1853450537
585 1.1825515032 1.1505340338 1.1825515032
590 1.1797879934 1.1470621824 1.1797879934
595 1.1770542860 1.1447122097 1.1770542860
600 1.1743496656 1.1423733234 1.1743496656
605 1.1716736555 1.1413259506 1.1716736555
610 1.1690257788 1.1388194561 1.1690257788
615 1.1664053202 1.1363389492 1.1664053202
620 1.1638119221 1.1338838339 1.1638119221
625 1.1612451077 1.1314536333 1.1612451077
630 1.1587041616 1.1290479898 1.1587041616
635 1.1562185287 1.1266664267 1.1562185287
640 1.1537826061 1.1243084669 1.1537826061
645 1.1513615847 1.1219737530 1.1513615847
650 1.1489206553 1.1196618080 1.1489206553
655 1.1464670897 1.1173723936 1.1464670897
660 1.1440179348 1.1151049137 1.1440179348
665 1.1415922642 1.1108349562 1.1415922642
670 1.1391900778 1.1086200476 1.1391900778
675 1.1368105412 1.1064260006 1.1368105412
680 1.1344536543 1.1042524576 1.1344536543
685 1.1321188211 1.1020990610 1.1321188211
690 1.1298056841 1.0999654531 1.1298056841
695 1.1275140047 1.0978513956 1.1275140047
700 1.1252431870 1.0957564116 1.1252431870
#   Read CMD3.3-thin7.dat
705 1.1159665585 1.0876746178 1.1159665585
710 1.1137479544 1.0856076479 1.1137479544
715 1.1115657091 1.0835591555 1.1115657091
720 1.1094026566 1.0815287828 1.1094026566
725 1.1072529554 1.0795161724 1.1072529554
730 1.1051193476 1.0775210857 1.1051193476
735 1.1030045748 1.0755434036 1.1030045748
740 1.1009080410 1.0735825300 1.1009080410
745 1.0988295078 1.0716385841 1.0988295078
750 1.0967688560 1.0697109699 1.0967688560
755 1.0947248936 1.0677996874 1.0947248936
760 1.0926945210 1.0659043789 1.0926945210
765 1.0906811953 1.0640248060 1.0906811953
770 1.0886847973 1.0621608496 1.0886847973
775 1.0867048502 1.0603120327 1.0867048502
780 1.0847412348 1.0584783554 1.0847412348
785 1.0827937126 1.0566595793 1.0827937126
790 1.0808619261 1.0548554659 1.0808619261
795 1.0789458752 1.0530657768 1.0789458752
800 1.0770450830 1.0512902737 1.0770450830
805 1.0751594305 1.0495288372 1.0751594305
810 1.0732889175 1.0477812290 1.0732889175
815 1.0714477301 1.0460472107 1.0714477301
820 1.0696209669 1.0443266630 1.0696209669
825 1.0677945614 1.0415989161 1.0677945614
830 1.0659749508 1.0417180061 1.0659749508
835 1.0641692877 1.0382155180 1.0641692877
840 1.0623774529 1.0365430117 1.0623774529
845 1.0605993271 1.0348830223 1.0605993271
850 1.0588344336 1.0332355499 1.0588344336
855 1.0570830107 1.0316003561 1.0570830107
860 1.0553444624 1.0299773216 1.0553444624
865 1.0536190271 1.0283660889 1.0536190271
870 1.0519062281 1.0267666578 1.0519062281
875 1.0502060652 1.0251789093 1.0502060652
880 1.0485181808 1.0236027241 1.0485181808
885 1.0468426943 1.0220377445 1.0468426943
890 1.0451771021 1.0204839706 1.0451771021
895 1.0435181856 1.0189412832 1.0435181856
900 1.0418709517 1.0174094439 1.0418709517
905 1.0402356386 1.0158884525 1.0402356386
910 1.0386116505 1.0143780708 1.0386116505
915 1.0369991064 1.0128781796 1.0369991064
920 1.0353980064 1.0113886595 1.0353980064
925 1.0338078737 1.0099093914 1.0338078737
930 1.0322288275 1.0084402561 1.0322288275
935 1.0306742191 1.0069811344 1.0306742191
940 1.0291311741 1.0055317879 1.0291311741
945 1.0275940895 1.0040923357 1.0275940895
950 1.0260649920 1.0026624203 1.0260649920
955 1.0245461464 1.0012420416 1.0245461464
960 1.0230374336 0.9998311400 1.0230374336
965 1.0215387344 0.9984295368 1.0215387344
970 1.0200500488 0.9970371127 1.0200500488
975 1.0185710192 0.9956537485 1.0185710192
980 1.0171017647 0.9942793846 1.0171017647
985 1.0156421661 0.9929113388 1.0156421661
990 1.0141918659 0.9915360212 1.0141918659
995 1.0127511024 0.9901694655 1.0127511024
1000 1.0113195181 0.9888116717 1.0113195181
#   Read CMD3.3-thick2.dat
1200 0.8567695618 0.8489332795 0.8567695618
#   Read CMD3.3-halo.dat
1400 0.7761976123 0.7729209065 0.7761976123
#   Read CMD3.3-bar_age.dat
B 100 2.3065266609 2.1119546890 2.3065266609
B 150 1.9999334812 1.8330439329 1.9999334812
B 200 1.7264221907 1.6622326374 1.7264221907
B 250 1.5922399759 1.5431919098 1.5922399759
B 300 1.4965139627 1.4500000477 1.4965139627
B 350 1.4142400026 1.3532578945 1.4142400026
B 400 1.3522768021 1.2952982187 1.3522768021
B 450 1.3033635616 1.2532780170 1.3033635616
B 500 1.2618246078 1.2169845104 1.2618246078
B 550 1.2259132862 1.1865715981 1.2259132862
B 600 1.1946581602 1.1608961821 1.1946581602
B 650 1.1689752340 1.1363039017 1.1689752340
B 700 1.1455239058 1.1142822504 1.1455239058
B 750 1.1236175299 1.0933816433 1.1236175299
B 800 1.1036301851 1.0747864246 1.1036301851
B 850 1.0850403309 1.0576069355 1.0850403309
B 900 1.0678446293 1.0418318510 1.0678446293
B 950 1.0517697334 1.0267895460 1.0517697334
B 1000 1.0366524458 1.0127197504 1.0366524458
B 1050 1.0225354433 0.9976103902 1.0225354433
B 1100 1.0092254877 0.9850901365 1.0092254877
B 1150 0.9966011047 0.9732733369 0.9966011047
B 1200 0.9846860766 0.9620923996 0.9846860766
B 1250 0.9733356237 0.9548979402 0.9733356237
B 1300 0.9625536203 0.9459196925 0.9625536203
B 1350 0.9522888660 0.9359506369 0.9522888660
B 1400 0.9427683949 0.9270596504 0.9427683949
