# component component_index family logAge MH Zini Mini Mass radius_rsun Teff_K logg Jmag_2mass Hmag_2mass Ksmag_2mass F087mag F146mag F213mag
bar 8 bar 9.95424 -0.5 0.0048313 0.0900000036 0.09 0.1117770503 2546.243891 5.293 10.886 10.432 10.233 12.475 10.98 10.304
bar 8 bar 9.95424 -0.5 0.0048313 0.1000000015 0.1 0.1239517449 2727.093323 5.248 10.421 9.938 9.721 11.875 10.475 9.787
bar 8 bar 9.95424 -0.5 0.0048313 0.1199999973 0.12 0.145496533 2936.973311 5.189 9.845 9.325 9.094 11.09 9.844 9.151
bar 8 bar 9.95424 -0.5 0.0048313 0.1267677695 0.127 0.1520031699 2984.695288 5.174 9.7 9.174 8.942 10.905 9.69 8.997
bar 8 bar 9.95424 -0.5 0.0048313 0.1400000006 0.14 0.1647603269 3071.849964 5.148 9.439 8.903 8.671 10.576 9.412 8.722
bar 8 bar 9.95424 -0.5 0.0048313 0.1428005099 0.143 0.167321845 3085.318477 5.143 9.392 8.855 8.622 10.519 9.362 8.674
bar 8 bar 9.95424 -0.5 0.0048313 0.1599999964 0.16 0.1828742866 3165.920463 5.116 9.12 8.577 8.346 10.195 9.078 8.394
bar 8 bar 9.95424 -0.5 0.0048313 0.1999999881 0.2 0.2171964111 3299.134338 5.063 8.619 8.067 7.84 9.62 8.56 7.882
bar 8 bar 9.95424 -0.5 0.0048313 0.25 0.25 0.2593299312 3407.218617 5.006 8.133 7.573 7.352 9.085 8.062 7.39
bar 8 bar 9.95424 -0.5 0.0048313 0.3000000119 0.3 0.2993316536 3483.37315 4.96 7.751 7.185 6.967 8.673 7.671 7.002
bar 8 bar 9.95424 -0.5 0.0048313 0.3269815147 0.327 0.3214790267 3519.654225 4.936 7.565 6.995 6.778 8.472 7.48 6.812
bar 8 bar 9.95424 -0.5 0.0048313 0.3499999642 0.35 0.3399794327 3548.950974 4.916 7.416 6.844 6.628 8.313 7.328 6.661
bar 8 bar 9.95424 -0.5 0.0048313 0.3999999762 0.4 0.3845498487 3644.181508 4.867 7.068 6.486 6.273 7.931 6.969 6.302
bar 8 bar 9.95424 -0.5 0.0048313 0.4499999881 0.45 0.4360664204 3769.641066 4.809 6.693 6.099 5.892 7.516 6.58 5.916
bar 8 bar 9.95424 -0.5 0.0048313 0.4999999404 0.5 0.4898381936 3947.298777 4.754 6.296 5.684 5.495 7.072 6.168 5.512
bar 8 bar 9.95424 -0.5 0.0048313 0.5342253447 0.534 0.5274152036 4125.722371 4.719 5.992 5.36 5.202 6.732 5.852 5.215
bar 8 bar 9.95424 -0.5 0.0048313 0.5500000119 0.55 0.5443179356 4206.297637 4.704 5.859 5.222 5.077 6.584 5.716 5.088
bar 8 bar 9.95424 -0.5 0.0048313 0.5591261387 0.559 0.5523986962 4262.849499 4.698 5.783 5.144 5.008 6.498 5.638 5.018
bar 8 bar 9.95424 -0.5 0.0048313 0.5999999642 0.6 0.5886438959 4517.519127 4.674 5.462 4.854 4.749 6.125 5.329 4.755
bar 8 bar 9.95424 -0.5 0.0048313 0.6499999166 0.65 0.6291477457 4871.918336 4.651 5.093 4.576 4.493 5.669 4.993 4.498
bar 8 bar 9.95424 -0.5 0.0048313 0.6509074569 0.651 0.6303077468 4878.653792 4.65 5.086 4.571 4.489 5.66 4.988 4.493
bar 8 bar 9.95424 -0.5 0.0048313 0.6695693135 0.669 0.6482651049 5002.648624 4.638 4.954 4.473 4.395 5.498 4.867 4.4
bar 8 bar 9.95424 -0.5 0.0048313 0.6873674989 0.687 0.6658135739 5121.53329 4.626 4.831 4.379 4.306 5.348 4.754 4.31
bar 8 bar 9.95424 -0.5 0.0048313 0.6999999881 0.7 0.6794423995 5205.950088 4.616 4.744 4.312 4.242 5.244 4.674 4.246
bar 8 bar 9.95424 -0.5 0.0048313 0.7148530483 0.715 0.6962298591 5305.178489 4.604 4.642 4.232 4.165 5.121 4.579 4.169
bar 8 bar 9.95424 -0.5 0.0048313 0.7294518948 0.729 0.7139250898 5401.321148 4.591 4.541 4.151 4.088 5.001 4.484 4.091
bar 8 bar 9.95424 -0.5 0.0048313 0.7428984046 0.743 0.7305545414 5489.085556 4.578 4.449 4.076 4.016 4.892 4.397 4.019
bar 8 bar 9.95424 -0.5 0.0048313 0.7487857342 0.749 0.7390139643 5527.134079 4.573 4.408 4.043 3.984 4.845 4.359 3.987
bar 8 bar 9.95424 -0.5 0.0048313 0.7514201999 0.751 0.7425960672 5542.427234 4.569 4.389 4.027 3.968 4.823 4.341 3.971
bar 8 bar 9.95424 -0.5 0.0048313 0.7644466758 0.764 0.764104302 5616.942784 4.552 4.296 3.946 3.891 4.717 4.251 3.894
bar 8 bar 9.95424 -0.5 0.0048313 0.7764101624 0.776 0.7851500178 5683.292391 4.535 4.209 3.87 3.818 4.62 4.168 3.82
bar 8 bar 9.95424 -0.5 0.0048313 0.7878252864 0.787 0.8064039471 5745.131848 4.518 4.125 3.796 3.746 4.525 4.086 3.749
bar 8 bar 9.95424 -0.5 0.0048313 0.7975714207 0.797 0.8255676084 5796.955947 4.503 4.052 3.731 3.683 4.445 4.016 3.685
bar 8 bar 9.95424 -0.5 0.0048313 0.8042433262 0.804 0.8407224504 5827.737748 4.491 4.001 3.685 3.638 4.389 3.966 3.64
bar 8 bar 9.95424 -0.5 0.0048313 0.8164593577 0.816 0.8704676684 5884.37037 4.467 3.904 3.596 3.551 4.283 3.871 3.553
bar 8 bar 9.95424 -0.5 0.0048313 0.827414453 0.827 0.8996066245 5933.350444 4.445 3.815 3.514 3.471 4.187 3.784 3.474
bar 8 bar 9.95424 -0.5 0.0048313 0.8381732702 0.837 0.9310063537 5978.606914 4.421 3.724 3.43 3.389 4.09 3.695 3.391
bar 8 bar 9.95424 -0.5 0.0048313 0.8463571072 0.845 0.9570897052 6013.121788 4.401 3.652 3.363 3.323 4.013 3.624 3.325
bar 8 bar 9.95424 -0.5 0.0048313 0.8561531901 0.855 0.9914085154 6049.228645 4.375 3.562 3.279 3.24 3.917 3.536 3.242
bar 8 bar 9.95424 -0.5 0.0048313 0.87001127 0.869 1.047496655 6095.368972 4.334 3.427 3.151 3.114 3.776 3.403 3.116
bar 8 bar 9.95424 -0.5 0.0048313 0.8829389811 0.882 1.107012806 6130.557921 4.293 3.295 3.025 2.989 3.64 3.273 2.991
bar 8 bar 9.95424 -0.5 0.0048313 0.8933665752 0.892 1.162392087 6150.352393 4.255 3.182 2.915 2.879 3.524 3.161 2.881
bar 8 bar 9.95424 -0.5 0.0048313 0.8951427937 0.894 1.173417727 6153.185387 4.248 3.161 2.895 2.859 3.502 3.14 2.861
bar 8 bar 9.95424 -0.5 0.0048313 0.9019685388 0.9 1.216333435 6163.111147 4.22 3.079 2.815 2.779 3.419 3.059 2.781
bar 8 bar 9.95424 -0.5 0.0048313 0.9035516381 0.902 1.227022834 6164.53042 4.213 3.06 2.795 2.76 3.399 3.039 2.762
bar 8 bar 9.95424 -0.5 0.0048313 0.9051130414 0.904 1.237806175 6165.950019 4.206 3.039 2.775 2.739 3.379 3.019 2.741
bar 8 bar 9.95424 -0.5 0.0048313 0.9144130945 0.913 1.315081429 6160.273583 4.157 2.91 2.645 2.609 3.25 2.889 2.611
bar 8 bar 9.95424 -0.5 0.0048313 0.922493577 0.921 1.400079333 6137.620052 4.107 2.782 2.515 2.478 3.126 2.761 2.48
bar 8 bar 9.95424 -0.5 0.0048313 0.9275075197 0.926 1.461681145 6115.049825 4.073 2.698 2.427 2.39 3.045 2.676 2.392
bar 8 bar 9.95424 -0.5 0.0048313 0.9302881956 0.928 1.505402541 6088.355458 4.048 2.642 2.367 2.329 2.993 2.619 2.331
bar 8 bar 9.95424 -0.5 0.0048313 0.9365808368 0.935 1.627993419 5997.910763 3.982 2.506 2.216 2.175 2.87 2.478 2.177
bar 8 bar 9.95424 -0.5 0.0048313 0.9412814975 0.939 1.751671423 5876.246425 3.921 2.392 2.083 2.039 2.776 2.359 2.041
bar 8 bar 9.95424 -0.5 0.0048313 0.9439284801 0.942 1.846089044 5763.681848 3.877 2.325 1.998 1.95 2.726 2.287 1.952
bar 8 bar 9.95424 -0.5 0.0048313 0.9448857307 0.943 1.885179224 5713.47064 3.859 2.3 1.965 1.914 2.709 2.26 1.917
bar 8 bar 9.95424 -0.5 0.0048313 0.946418345 0.944 1.966765787 5600.154388 3.823 2.257 1.902 1.847 2.685 2.211 1.85
bar 8 bar 9.95424 -0.5 0.0048313 0.9478257298 0.946 2.062778731 5484.032249 3.782 2.205 1.828 1.769 2.655 2.153 1.772
bar 8 bar 9.95424 -0.5 0.0048313 0.9492212534 0.947 2.190547348 5374.02893 3.731 2.129 1.729 1.666 2.599 2.069 1.669
bar 8 bar 9.95424 -0.5 0.0048313 0.9506963491 0.949 2.360764386 5282.019498 3.666 2.01 1.589 1.524 2.5 1.944 1.527
bar 8 bar 9.95424 -0.5 0.0048313 0.9514895678 0.949 2.469748014 5242.03601 3.627 1.934 1.503 1.437 2.432 1.864 1.44
bar 8 bar 9.95424 -0.5 0.0048313 0.9518342614 0.95 2.522624706 5228.775553 3.609 1.894 1.461 1.394 2.396 1.824 1.397
bar 8 bar 9.95424 -0.5 0.0048313 0.9530282617 0.951 2.722404443 5189.195108 3.543 1.749 1.306 1.238 2.26 1.676 1.241
bar 8 bar 9.95424 -0.5 0.0048313 0.9539880157 0.952 2.909729686 5162.974737 3.486 1.62 1.169 1.101 2.136 1.544 1.104
bar 8 bar 9.95424 -0.5 0.0048313 0.9547767639 0.953 3.083561715 5143.98863 3.436 1.503 1.049 0.979 2.025 1.426 0.982
bar 8 bar 9.95424 -0.5 0.0048313 0.9556077123 0.953 3.291945562 5123.892387 3.379 1.371 0.911 0.841 1.897 1.292 0.844
bar 8 bar 9.95424 -0.5 0.0048313 0.956232667 0.954 3.470185133 5109.754091 3.333 1.263 0.8 0.729 1.793 1.183 0.732
bar 8 bar 9.95424 -0.5 0.0048313 0.9568355083 0.955 3.669886601 5093.308711 3.286 1.152 0.685 0.613 1.685 1.07 0.617
bar 8 bar 9.95424 -0.5 0.0048313 0.9574975967 0.955 3.918795899 5075.74739 3.229 1.019 0.547 0.475 1.557 0.936 0.478
bar 8 bar 9.95424 -0.5 0.0048313 0.9581387639 0.956 4.204870691 5054.753714 3.168 0.878 0.401 0.328 1.421 0.793 0.331
bar 8 bar 9.95424 -0.5 0.0048313 0.9587093592 0.956 4.506637694 5033.846868 3.109 0.74 0.257 0.184 1.288 0.653 0.187
bar 8 bar 9.95424 -0.5 0.0048313 0.9592208266 0.957 4.824503712 5013.026495 3.049 0.603 0.115 0.041 1.156 0.514 0.044
bar 8 bar 9.95424 -0.5 0.0048313 0.959586978 0.957 5.09275337 4995.741982 3.002 0.495 0.002 -0.072 1.052 0.405 -0.069
bar 8 bar 9.95424 -0.5 0.0048313 0.9599936008 0.957 5.438168311 4972.788632 2.945 0.364 -0.136 -0.211 0.927 0.271 -0.208
bar 8 bar 9.95424 -0.5 0.0048313 0.9603720903 0.958 5.823078501 4948.801109 2.886 0.23 -0.277 -0.353 0.799 0.134 -0.35
bar 8 bar 9.95424 -0.5 0.0048313 0.9607125521 0.958 6.228057949 4924.929296 2.828 0.097 -0.417 -0.494 0.672 -0.001 -0.491
bar 8 bar 9.95424 -0.5 0.0048313 0.9610299468 0.958 6.67502113 4898.916081 2.768 -0.04 -0.561 -0.639 0.543 -0.14 -0.636
bar 8 bar 9.95424 -0.5 0.0048313 0.9612989426 0.958 7.126112017 4874.162454 2.711 -0.166 -0.695 -0.774 0.423 -0.269 -0.771
bar 8 bar 9.95424 -0.5 0.0048313 0.9615508318 0.958 7.611191426 4848.417387 2.654 -0.295 -0.831 -0.912 0.301 -0.401 -0.909
bar 8 bar 9.95424 -0.5 0.0048313 0.9617851377 0.958 8.146154541 4820.58783 2.595 -0.425 -0.97 -1.052 0.179 -0.534 -1.048
bar 8 bar 9.95424 -0.5 0.0048313 0.9619989991 0.958 8.704676684 4794.021749 2.537 -0.554 -1.107 -1.19 0.057 -0.666 -1.187
bar 8 bar 9.95424 -0.5 0.0048313 0.9621940851 0.958 9.310063537 4765.407017 2.479 -0.681 -1.242 -1.326 -0.062 -0.796 -1.323
bar 8 bar 9.95424 -0.5 0.0048313 0.9623779058 0.958 9.941516665 4738.053933 2.422 -0.807 -1.376 -1.461 -0.181 -0.925 -1.458
bar 8 bar 9.95424 -0.5 0.0048313 0.9625589848 0.958 10.57432477 4711.942694 2.369 -0.925 -1.501 -1.588 -0.292 -1.045 -1.585
bar 8 bar 9.95424 -0.5 0.0048313 0.9627661705 0.958 11.10075825 4692.453741 2.326 -1.018 -1.601 -1.688 -0.38 -1.141 -1.685
bar 8 bar 9.95424 -0.5 0.0048313 0.9628658891 0.958 10.85557032 4704.354057 2.346 -0.978 -1.557 -1.644 -0.343 -1.099 -1.641
bar 8 bar 9.95424 -0.5 0.0048313 0.9629650116 0.958 10.32886604 4729.334149 2.388 -0.887 -1.458 -1.544 -0.258 -1.005 -1.541
bar 8 bar 9.95424 -0.5 0.0048313 0.9629912376 0.958 10.2059314 4735.872481 2.399 -0.863 -1.433 -1.518 -0.237 -0.981 -1.515
bar 8 bar 9.95424 -0.5 0.0048313 0.9630220532 0.958 10.35267653 4729.334149 2.386 -0.891 -1.463 -1.548 -0.263 -1.01 -1.545
bar 8 bar 9.95424 -0.5 0.0048313 0.9631541967 0.958 11.01672845 4702.188121 2.332 -1.01 -1.589 -1.677 -0.374 -1.132 -1.674
bar 8 bar 9.95424 -0.5 0.0048313 0.9632858634 0.958 11.76122734 4673.045396 2.276 -1.133 -1.721 -1.809 -0.49 -1.258 -1.806
bar 8 bar 9.95424 -0.5 0.0048313 0.9634059072 0.958 12.52716059 4644.083289 2.221 -1.252 -1.848 -1.938 -0.601 -1.38 -1.935
bar 8 bar 9.95424 -0.5 0.0048313 0.9635201693 0.958 13.37373289 4615.300681 2.164 -1.374 -1.978 -2.07 -0.715 -1.505 -2.067
bar 8 bar 9.95424 -0.5 0.0048313 0.9636216164 0.958 14.22828792 4586.696458 2.11 -1.491 -2.103 -2.197 -0.824 -1.625 -2.194
bar 8 bar 9.95424 -0.5 0.0048313 0.9637175798 0.957 15.16186568 4557.220056 2.055 -1.609 -2.231 -2.326 -0.934 -1.747 -2.323
bar 8 bar 9.95424 -0.5 0.0048313 0.9638030529 0.957 16.11211841 4528.975799 2.002 -1.723 -2.354 -2.451 -1.039 -1.865 -2.448
bar 8 bar 9.95424 -0.5 0.0048313 0.9638832211 0.957 17.14954669 4499.870339 1.948 -1.838 -2.475 -2.575 -1.144 -1.982 -2.572
bar 8 bar 9.95424 -0.5 0.0048313 0.9639577866 0.957 18.25377298 4470.951925 1.893 -1.954 -2.596 -2.7 -1.25 -2.1 -2.697
bar 8 bar 9.95424 -0.5 0.0048313 0.9640247226 0.956 19.41568176 4441.196614 1.84 -2.066 -2.714 -2.821 -1.352 -2.214 -2.818
bar 8 bar 9.95424 -0.5 0.0048313 0.9640880227 0.956 20.65154961 4411.639332 1.786 -2.18 -2.834 -2.945 -1.455 -2.33 -2.942
bar 8 bar 9.95424 -0.5 0.0048313 0.9641444087 0.955 21.93070762 4383.287934 1.733 -2.29 -2.949 -3.065 -1.554 -2.442 -3.061
bar 8 bar 9.95424 -0.5 0.0048313 0.964197576 0.955 23.32666459 4354.116049 1.68 -2.402 -3.066 -3.186 -1.654 -2.555 -3.182
bar 8 bar 9.95424 -0.5 0.0048313 0.9642456174 0.954 24.74301651 4326.134325 1.628 -2.509 -3.179 -3.303 -1.751 -2.665 -3.3
bar 8 bar 9.95424 -0.5 0.0048313 0.9642906785 0.954 26.29981205 4296.353426 1.575 -2.618 -3.293 -3.422 -1.847 -2.775 -3.419
bar 8 bar 9.95424 -0.5 0.0048313 0.9643316865 0.953 27.90953783 4267.760112 1.523 -2.724 -3.405 -3.54 -1.941 -2.884 -3.536
bar 8 bar 9.95424 -0.5 0.0048313 0.9643697143 0.952 29.61778968 4239.357093 1.471 -2.831 -3.52 -3.658 -2.036 -2.994 -3.654
bar 8 bar 9.95424 -0.5 0.0048313 0.9644058347 0.952 31.48129905 4210.173564 1.418 -2.94 -3.638 -3.781 -2.134 -3.107 -3.777
bar 8 bar 9.95424 -0.5 0.0048313 0.9644377828 0.951 33.38509719 4181.190933 1.367 -3.044 -3.751 -3.898 -2.227 -3.215 -3.894
bar 8 bar 9.95424 -0.5 0.0048313 0.9644678235 0.95 35.38772509 4153.364055 1.315 -3.148 -3.865 -4.016 -2.321 -3.324 -4.011
bar 8 bar 9.95424 -0.5 0.0048313 0.9644958377 0.949 37.5277602 4124.772498 1.264 -3.251 -3.978 -4.133 -2.413 -3.431 -4.129
bar 8 bar 9.95424 -0.5 0.0048313 0.9645212293 0.948 39.68739968 4097.321098 1.215 -3.352 -4.088 -4.247 -2.503 -3.536 -4.242
bar 8 bar 9.95424 -0.5 0.0048313 0.9645454884 0.947 42.06807552 4070.052394 1.164 -3.454 -4.2 -4.363 -2.594 -3.643 -4.359
bar 8 bar 9.95424 -0.5 0.0048313 0.9645674825 0.946 44.50949274 4042.034351 1.114 -3.553 -4.308 -4.475 -2.682 -3.746 -4.471
bar 8 bar 9.95424 -0.5 0.0048313 0.9645881057 0.945 47.07091547 4015.133594 1.065 -3.651 -4.416 -4.588 -2.769 -3.849 -4.584
bar 8 bar 9.95424 -0.5 0.0048313 0.9646078944 0.943 49.86004256 3987.493609 1.014 -3.751 -4.526 -4.702 -2.858 -3.953 -4.698
bar 8 bar 9.95424 -0.5 0.0048313 0.9646297097 0.942 53.38910553 3954.576671 0.955 -3.869 -4.655 -4.838 -2.962 -4.077 -4.833
bar 8 bar 9.95424 -0.5 0.0048313 0.9646498561 0.94 57.12847681 3921.028509 0.895 -3.987 -4.784 -4.973 -3.065 -4.2 -4.968
bar 8 bar 9.95424 -0.5 0.0048313 0.9646652341 0.938 60.37437457 3894.036339 0.846 -4.082 -4.889 -5.082 -3.148 -4.3 -5.078
bar 8 bar 9.95424 -0.5 0.0048313 0.9646826386 0.936 64.49895003 3861.890894 0.788 -4.197 -5.015 -5.215 -3.249 -4.421 -5.21
bar 8 bar 9.95424 -0.5 0.0048313 0.9646985531 0.933 68.82601818 3830.010812 0.73 -4.309 -5.138 -5.344 -3.346 -4.539 -5.339
bar 8 bar 9.95424 -0.5 0.0048313 0.9647132158 0.931 73.3926628 3797.51939 0.673 -4.42 -5.259 -5.472 -3.442 -4.655 -5.467
bar 8 bar 9.95424 -0.5 0.0048313 0.9647267461 0.928 78.226274 3766.170697 0.616 -4.529 -5.379 -5.598 -3.535 -4.769 -5.592
bar 8 bar 9.95424 -0.5 0.0048313 0.9647393823 0.924 83.32064914 3734.220854 0.56 -4.637 -5.497 -5.723 -3.627 -4.882 -5.717
bar 8 bar 9.95424 -0.5 0.0048313 0.9647509456 0.921 88.60386054 3703.394694 0.505 -4.741 -5.612 -5.844 -3.716 -4.992 -5.838
bar 8 bar 9.95424 -0.5 0.0048313 0.964761734 0.917 94.15700697 3671.977404 0.45 -4.847 -5.726 -5.965 -3.803 -5.102 -5.959
bar 8 bar 9.95424 -0.5 0.0048313 0.9647715688 0.913 99.94306059 3640.826638 0.396 -4.948 -5.837 -6.081 -3.886 -5.208 -6.075
bar 8 bar 9.95424 -0.5 0.0048313 0.9647807479 0.909 105.9626095 3609.940136 0.343 -5.048 -5.945 -6.195 -3.967 -5.312 -6.189
bar 8 bar 9.95424 -0.5 0.0048313 0.9647892118 0.904 112.163782 3580.139918 0.291 -5.145 -6.05 -6.307 -4.044 -5.413 -6.3
bar 8 bar 9.95424 -0.5 0.0048313 0.9647974968 0.899 118.9741594 3548.950974 0.239 -5.244 -6.157 -6.42 -4.122 -5.517 -6.413
bar 8 bar 9.95424 -0.5 0.0048313 0.9648050666 0.894 125.5893015 3520.464749 0.188 -5.338 -6.258 -6.527 -4.191 -5.614 -6.52
bar 8 bar 9.95424 -0.5 0.0048313 0.9648134708 0.887 133.2148515 3489.795674 0.134 -5.437 -6.364 -6.641 -4.264 -5.716 -6.633
bar 8 bar 9.95424 -0.5 0.0048313 0.9648134708 0.887 9.823192275 4991.142852 2.398 -0.935 -1.43 -1.504 -4.264 -5.716 -6.633
bar 8 bar 9.95424 -0.5 0.0048313 0.9648998976 0.887 9.98970457 4980.810284 2.384 -0.965 -1.463 -1.537 -0.401 -1.057 -1.534
bar 8 bar 9.95424 -0.5 0.0048313 0.9649927616 0.887 10.04506254 4978.517064 2.379 -0.976 -1.475 -1.549 -0.412 -1.068 -1.546
bar 8 bar 9.95424 -0.5 0.0048313 0.9650783539 0.887 10.05894989 4980.810284 2.379 -0.978 -1.477 -1.551 -0.415 -1.07 -1.548
bar 8 bar 9.95424 -0.5 0.0048313 0.9651648402 0.887 10.03350439 4984.252094 2.381 -0.976 -1.473 -1.547 -0.413 -1.067 -1.544
bar 8 bar 9.95424 -0.5 0.0048313 0.9652503729 0.888 9.998909667 4989.993731 2.384 -0.971 -1.466 -1.54 -0.41 -1.062 -1.538
bar 8 bar 9.95424 -0.5 0.0048313 0.9653359652 0.888 9.948386393 4996.892426 2.388 -0.965 -1.459 -1.532 -0.405 -1.055 -1.53
bar 8 bar 9.95424 -0.5 0.0048313 0.9654228687 0.888 9.90267771 5002.648624 2.392 -0.959 -1.451 -1.524 -0.4 -1.048 -1.521
bar 8 bar 9.95424 -0.5 0.0048313 0.9655101895 0.888 9.863990489 5009.564815 2.396 -0.952 -1.443 -1.516 -0.395 -1.041 -1.513
bar 8 bar 9.95424 -0.5 0.0048313 0.9655965567 0.888 9.823192275 5014.18092 2.399 -0.947 -1.436 -1.509 -0.391 -1.036 -1.506
bar 8 bar 9.95424 -0.5 0.0048313 0.9656852484 0.888 9.789322696 5019.957034 2.402 -0.942 -1.43 -1.502 -0.388 -1.03 -1.5
bar 8 bar 9.95424 -0.5 0.0048313 0.9657770991 0.888 9.760063536 5024.582715 2.405 -0.938 -1.424 -1.497 -0.385 -1.026 -1.494
bar 8 bar 9.95424 -0.5 0.0048313 0.9658682942 0.888 9.730891829 5029.212659 2.408 -0.934 -1.419 -1.492 -0.382 -1.022 -1.489
bar 8 bar 9.95424 -0.5 0.0048313 0.9659564495 0.888 9.701807312 5033.846868 2.41 -0.931 -1.415 -1.488 -0.38 -1.018 -1.485
bar 8 bar 9.95424 -0.5 0.0048313 0.9660259485 0.888 9.688413025 5037.325328 2.411 -0.929 -1.413 -1.485 -0.379 -1.016 -1.482
bar 8 bar 9.95424 -0.5 0.0048313 0.9660437703 0.888 9.688413025 5037.325328 2.412 -0.929 -1.412 -1.484 -0.379 -1.016 -1.481
bar 8 bar 9.95424 -0.5 0.0048313 0.966127634 0.889 9.675037229 5040.806191 2.413 -0.927 -1.41 -1.482 -0.378 -1.014 -1.479
bar 8 bar 9.95424 -0.5 0.0048313 0.9662184119 0.889 9.666130293 5043.128103 2.414 -0.926 -1.408 -1.48 -0.377 -1.013 -1.477
bar 8 bar 9.95424 -0.5 0.0048313 0.9663037658 0.889 9.657231557 5045.451084 2.414 -0.926 -1.408 -1.479 -0.378 -1.012 -1.477
bar 8 bar 9.95424 -0.5 0.0048313 0.9663923383 0.889 9.652785261 5046.612976 2.414 -0.927 -1.408 -1.48 -0.379 -1.013 -1.477
bar 8 bar 9.95424 -0.5 0.0048313 0.9664820433 0.889 9.66390484 5046.612976 2.414 -0.929 -1.41 -1.482 -0.381 -1.015 -1.479
bar 8 bar 9.95424 -0.5 0.0048313 0.9665728807 0.889 9.675037229 5046.612976 2.413 -0.932 -1.413 -1.485 -0.384 -1.018 -1.482
bar 8 bar 9.95424 -0.5 0.0048313 0.966652751 0.889 9.697340493 5046.612976 2.411 -0.936 -1.417 -1.488 -0.387 -1.022 -1.486
bar 8 bar 9.95424 -0.5 0.0048313 0.9666603208 0.889 9.701807312 5045.451084 2.411 -0.936 -1.417 -1.489 -0.388 -1.022 -1.486
bar 8 bar 9.95424 -0.5 0.0048313 0.9667485952 0.889 9.728651466 5044.28946 2.408 -0.942 -1.424 -1.495 -0.393 -1.028 -1.493
bar 8 bar 9.95424 -0.5 0.0048313 0.9668339491 0.889 9.775807585 5040.806191 2.405 -0.95 -1.432 -1.504 -0.4 -1.036 -1.501
bar 8 bar 9.95424 -0.5 0.0048313 0.9669203758 0.889 9.823192275 5037.325328 2.4 -0.959 -1.442 -1.514 -0.408 -1.046 -1.512
bar 8 bar 9.95424 -0.5 0.0048313 0.9670048952 0.889 9.879902183 5031.52923 2.395 -0.97 -1.454 -1.527 -0.418 -1.057 -1.524
bar 8 bar 9.95424 -0.5 0.0048313 0.9670919776 0.89 9.959846492 5025.739801 2.388 -0.983 -1.468 -1.541 -0.43 -1.07 -1.538
bar 8 bar 9.95424 -0.5 0.0048313 0.9671791196 0.89 10.02888485 5019.957034 2.382 -0.996 -1.484 -1.556 -0.442 -1.084 -1.554
bar 8 bar 9.95424 -0.5 0.0048313 0.967264235 0.89 10.12634326 5013.026495 2.374 -1.012 -1.501 -1.574 -0.456 -1.101 -1.572
bar 8 bar 9.95424 -0.5 0.0048313 0.9673491716 0.89 10.2294585 5004.95296 2.365 -1.03 -1.521 -1.595 -0.472 -1.12 -1.592
bar 8 bar 9.95424 -0.5 0.0048313 0.96743536 0.89 10.36698917 4994.591802 2.353 -1.054 -1.548 -1.622 -0.494 -1.144 -1.619
bar 8 bar 9.95424 -0.5 0.0048313 0.9675215483 0.89 10.31223128 4999.19411 2.358 -1.044 -1.537 -1.61 -0.485 -1.134 -1.608
bar 8 bar 9.95424 -0.5 0.0048313 0.9676063061 0.89 10.61335387 4976.2249 2.334 -1.093 -1.591 -1.666 -0.528 -1.185 -1.663
bar 8 bar 9.95424 -0.5 0.0048313 0.9676934481 0.89 11.1237865 4939.693472 2.292 -1.177 -1.685 -1.761 -0.603 -1.272 -1.758
bar 8 bar 9.95424 -0.5 0.0048313 0.9677493572 0.89 11.82367939 4894.40609 2.24 -1.282 -1.802 -1.88 -0.698 -1.382 -1.877
bar 8 bar 9.95424 -0.5 0.0048313 0.9677789807 0.89 12.62271117 4847.301126 2.182 -1.398 -1.931 -2.011 -0.8 -1.502 -2.009
bar 8 bar 9.95424 -0.5 0.0048313 0.9677924514 0.89 13.46953629 4801.75503 2.126 -1.511 -2.058 -2.14 -0.901 -1.62 -2.137
bar 8 bar 9.95424 -0.5 0.0048313 0.9677986503 0.89 14.30384004 4759.923797 2.073 -1.618 -2.178 -2.261 -0.997 -1.732 -2.259
bar 8 bar 9.95424 -0.5 0.0048313 0.9678019881 0.89 15.20031699 4719.543572 2.022 -1.723 -2.294 -2.38 -1.091 -1.841 -2.377
bar 8 bar 9.95424 -0.5 0.0048313 0.9678040147 0.89 16.12696505 4680.583529 1.97 -1.828 -2.408 -2.496 -1.186 -1.949 -2.493
bar 8 bar 9.95424 -0.5 0.0048313 0.9678048491 0.89 16.62848354 4660.151117 1.943 -1.883 -2.467 -2.558 -1.235 -2.006 -2.555
bar 8 bar 9.95424 -0.5 0.0048313 0.9678061008 0.89 17.56113756 4627.005332 1.896 -1.98 -2.57 -2.664 -1.322 -2.105 -2.661
bar 8 bar 9.95424 -0.5 0.0048313 0.967807591 0.89 18.70478174 4587.752705 1.841 -2.09 -2.688 -2.786 -1.421 -2.218 -2.782
bar 8 bar 9.95424 -0.5 0.0048313 0.9678096771 0.89 19.85878367 4550.928371 1.788 -2.198 -2.804 -2.905 -1.516 -2.328 -2.902
bar 8 bar 9.95424 -0.5 0.0048313 0.9678135514 0.89 19.39334149 4565.622502 1.809 -2.155 -2.758 -2.857 -1.479 -2.284 -2.854
bar 8 bar 9.95424 -0.5 0.0048313 0.9678252339 0.89 18.40571296 4598.328568 1.855 -2.063 -2.659 -2.755 -1.396 -2.189 -2.752
bar 8 bar 9.95424 -0.5 0.0048313 0.9678854346 0.888 19.36210829 4566.673896 1.81 -2.151 -2.753 -2.853 -1.475 -2.28 -2.85
bar 8 bar 9.95424 -0.5 0.0048313 0.967916131 0.886 20.75642932 4523.764623 1.748 -2.274 -2.886 -2.99 -1.583 -2.407 -2.987
bar 8 bar 9.95424 -0.5 0.0048313 0.9679363966 0.885 21.89538796 4491.588901 1.702 -2.368 -2.986 -3.094 -1.666 -2.502 -3.091
bar 8 bar 9.95424 -0.5 0.0048313 0.967959702 0.884 23.32129405 4453.485063 1.646 -2.478 -3.104 -3.217 -1.762 -2.616 -3.214
bar 8 bar 9.95424 -0.5 0.0048313 0.9679820538 0.882 24.82862361 4416.721344 1.591 -2.588 -3.222 -3.34 -1.858 -2.729 -3.336
bar 8 bar 9.95424 -0.5 0.0048313 0.9680023789 0.88 26.46382676 4380.261112 1.535 -2.699 -3.34 -3.463 -1.954 -2.841 -3.459
bar 8 bar 9.95424 -0.5 0.0048313 0.968020618 0.878 28.18724594 4343.101709 1.479 -2.809 -3.459 -3.587 -2.05 -2.955 -3.583
bar 8 bar 9.95424 -0.5 0.0048313 0.9680370688 0.875 30.0436466 4307.24921 1.422 -2.92 -3.581 -3.714 -2.148 -3.071 -3.71
bar 8 bar 9.95424 -0.5 0.0048313 0.9680519104 0.872 32.02230907 4271.692675 1.365 -3.031 -3.704 -3.841 -2.246 -3.187 -3.837
bar 8 bar 9.95424 -0.5 0.0048313 0.9680652618 0.869 34.1470071 4235.454299 1.308 -3.142 -3.826 -3.968 -2.343 -3.302 -3.964
bar 8 bar 9.95424 -0.5 0.0048313 0.968077302 0.865 36.47141766 4193.725497 1.249 -3.251 -3.95 -4.097 -2.438 -3.419 -4.093
bar 8 bar 9.95424 -0.5 0.0048313 0.968085885 0.862 38.76614759 4140.950127 1.194 -3.338 -4.057 -4.21 -2.505 -3.514 -4.206
bar 8 bar 9.95424 -0.5 0.0048313 0.9680964947 0.857 41.56737934 4089.780501 1.13 -3.448 -4.185 -4.346 -2.595 -3.633 -4.341
bar 8 bar 9.95424 -0.5 0.0048313 0.9681066871 0.851 44.27439597 4055.085354 1.073 -3.555 -4.304 -4.471 -2.688 -3.746 -4.466
bar 8 bar 9.95424 -0.5 0.0048313 0.968116641 0.844 47.23377373 4019.75885 1.014 -3.663 -4.425 -4.597 -2.782 -3.859 -4.592
bar 8 bar 9.95424 -0.5 0.0048313 0.968125999 0.836 50.30980625 3985.657723 0.954 -3.771 -4.544 -4.722 -2.875 -3.973 -4.718
bar 8 bar 9.95424 -0.5 0.0048313 0.9681349993 0.826 53.72205843 3949.116993 0.892 -3.88 -4.666 -4.851 -2.969 -4.088 -4.846
bar 8 bar 9.95424 -0.5 0.0048313 0.9681437016 0.814 57.5774789 3910.209261 0.825 -3.998 -4.797 -4.989 -3.07 -4.213 -4.985
bar 8 bar 9.95424 -0.5 0.0048313 0.9681509137 0.802 62.13733814 3867.229981 0.753 -4.123 -4.936 -5.137 -3.176 -4.345 -5.132
bar 8 bar 9.95424 -0.5 0.0048313 0.9681557417 0.791 66.52006193 3829.129021 0.687 -4.236 -5.063 -5.271 -3.272 -4.465 -5.266
bar 8 bar 9.95424 -0.5 0.0048313 0.9681596756 0.779 71.24471358 3790.530539 0.622 -4.349 -5.189 -5.404 -3.366 -4.584 -5.399
bar 8 bar 9.95424 -0.5 0.0048313 0.9681633115 0.766 76.37525 3750.593529 0.554 -4.463 -5.317 -5.54 -3.461 -4.706 -5.535
bar 8 bar 9.95424 -0.5 0.0048313 0.9681665897 0.75 81.9884441 3708.514659 0.483 -4.578 -5.446 -5.677 -3.555 -4.828 -5.672
bar 8 bar 9.95424 -0.5 0.0048313 0.96816957 0.732 87.73091216 3668.596944 0.413 -4.69 -5.57 -5.81 -3.644 -4.946 -5.804
bar 8 bar 9.95424 -0.5 0.0048313 0.9681723118 0.71 93.18642372 3634.126161 0.348 -4.789 -5.679 -5.927 -3.722 -5.05 -5.921
bar 8 bar 9.95424 -0.5 0.0048313 0.9681737423 0.696 94.89703532 3624.098559 0.324 -4.819 -5.712 -5.962 -3.746 -5.082 -5.956
bar 8 bar 9.95424 -0.5 0.0048313 0.9681743383 0.69 97.62311132 3608.27808 0.295 -4.868 -5.764 -6.018 -3.784 -5.132 -6.011
bar 8 bar 9.95424 -0.5 0.0048313 0.9681751728 0.679 98.27717064 3606.616789 0.282 -4.882 -5.778 -6.033 -3.796 -5.146 -6.026
bar 8 bar 9.95424 -0.5 0.0048313 0.968175292 0.678 98.23192275 3607.447339 0.282 -4.881 -5.777 -6.031 -3.795 -5.145 -6.024
bar 8 bar 9.95424 -0.5 0.0048313 0.9681753516 0.677 98.43570245 3605.78643 0.28 -4.884 -5.78 -6.035 -3.795 -5.145 -6.024
bar 8 bar 9.95424 -0.5 0.0048313 0.9681754112 0.677 97.75807585 3609.940136 0.285 -4.873 -5.768 -6.022 -3.798 -5.148 -6.028
bar 8 bar 9.95424 -0.5 0.0048313 0.9681754708 0.676 94.91888869 3625.767902 0.31 -4.823 -5.714 -5.965 -3.789 -5.136 -6.015
bar 8 bar 9.95424 -0.5 0.0048313 0.9681757689 0.673 95.488846 3623.264176 0.303 -4.834 -5.726 -5.977 -3.759 -5.096 -5.97
bar 8 bar 9.95424 -0.5 0.0048313 0.9681760073 0.669 101.0072727 3592.526662 0.253 -4.927 -5.827 -6.085 -3.831 -5.193 -6.078
bar 8 bar 9.95424 -0.5 0.0048313 0.9681762457 0.666 106.3782018 3563.69067 0.205 -5.014 -5.922 -6.186 -3.898 -5.284 -6.178
bar 8 bar 9.95424 -0.5 0.0048313 0.9681764245 0.662 110.9053878 3540.788614 0.166 -5.085 -5.998 -6.268 -3.952 -5.358 -6.26
bar 8 bar 9.95424 -0.5 0.0048313 0.9681767821 0.655 116.5339976 3516.413996 0.119 -5.169 -6.088 -6.365 -4.014 -5.445 -6.357
bar 8 bar 9.95424 -0.5 0.0048313 0.9681773782 0.64 121.8576069 3506.711196 0.069 -5.258 -6.18 -6.461 -4.093 -5.536 -6.453
bar 8 bar 9.95424 -0.5 0.0048313 0.9681776762 0.631 121.5493511 3537.528928 0.066 -5.279 -6.191 -6.468 -4.138 -5.552 -6.46
bar 8 bar 9.95424 -0.5 0.0048313 1.020151854 0.531 5.069354294e-06 8111.4781 7.909 29.443 29.307 29.29 29.589 29.446 29.291
