# component component_index family logAge MH Zini Mini Mass radius_rsun Teff_K logg Vmag Imag Jmag_2mass Hmag_2mass Ksmag_2mass
bar 8 bar 9.95424 0.25 0.025095 0.0955969095 0.095 0.1330615704 2303.032146 5.167 17.881 13.642 10.988 10.399 10.103
bar 8 bar 9.95424 0.25 0.025095 0.1055120975 0.105 0.1439635823 2399.937877 5.141 17.518 13.291 10.638 10.05 9.752
bar 8 bar 9.95424 0.25 0.025095 0.1253425032 0.125 0.1647603269 2552.113589 5.099 16.939 12.731 10.079 9.494 9.193
bar 8 bar 9.95424 0.25 0.025095 0.145172894 0.145 0.1837183959 2663.790097 5.068 16.219 12.185 9.673 9.091 8.79
bar 8 bar 9.95424 0.25 0.025095 0.1650032997 0.165 0.2015824155 2748.526952 5.043 15.448 11.664 9.366 8.786 8.491
bar 8 bar 9.95424 0.25 0.025095 0.2046640813 0.204 0.2360220862 2874.749453 5 14.344 10.898 8.873 8.294 8.01
bar 8 bar 9.95424 0.25 0.025095 0.2542400956 0.254 0.2780050243 2980.574626 4.952 13.441 10.241 8.396 7.814 7.542
bar 8 bar 9.95424 0.25 0.025095 0.3106895983 0.31 0.3249021946 3073.972656 4.904 12.657 9.662 7.955 7.369 7.108
bar 8 bar 9.95424 0.25 0.025095 0.3392335474 0.339 0.3491826406 3113.866577 4.879 12.331 9.412 7.755 7.166 6.909
bar 8 bar 9.95424 0.25 0.025095 0.3533920944 0.353 0.3612872579 3132.564342 4.867 12.183 9.296 7.66 7.069 6.815
bar 8 bar 9.95424 0.25 0.025095 0.4029681087 0.403 0.4032298227 3215.881224 4.829 11.634 8.882 7.335 6.735 6.49
bar 8 bar 9.95424 0.25 0.025095 0.4525440931 0.452 0.4492133401 3312.07376 4.786 11.064 8.461 7.006 6.392 6.156
bar 8 bar 9.95424 0.25 0.025095 0.502120018 0.502 0.4991747911 3421.369661 4.739 10.505 8.035 6.669 6.038 5.81
bar 8 bar 9.95424 0.25 0.025095 0.5178117752 0.518 0.5176695797 3465.77209 4.722 10.301 7.882 6.55 5.912 5.687
bar 8 bar 9.95424 0.25 0.025095 0.5516960621 0.551 0.5569967291 3559.59018 4.685 9.878 7.569 6.304 5.653 5.435
bar 8 bar 9.95424 0.25 0.025095 0.601271987 0.601 0.6062512469 3749.730022 4.649 9.169 7.098 5.962 5.287 5.088
bar 8 bar 9.95424 0.25 0.025095 0.650848031 0.651 0.6464763546 4002.211172 4.628 8.426 6.625 5.613 4.927 4.763
bar 8 bar 9.95424 0.25 0.025095 0.7004240751 0.7 0.6822642965 4286.472087 4.612 7.714 6.178 5.271 4.607 4.481
bar 8 bar 9.95424 0.25 0.025095 0.7157068253 0.716 0.6920741768 4390.358656 4.61 7.482 6.037 5.168 4.522 4.408
bar 8 bar 9.95424 0.25 0.025095 0.75 0.75 0.7121191173 4627.005332 4.605 6.993 5.728 4.943 4.365 4.266
bar 8 bar 9.95424 0.25 0.025095 0.7680455446 0.768 0.7319015128 4710.857854 4.592 6.795 5.586 4.829 4.277 4.183
bar 8 bar 9.95424 0.25 0.025095 0.7965128422 0.796 0.7639283808 4845.069375 4.57 6.494 5.366 4.652 4.14 4.052
bar 8 bar 9.95424 0.25 0.025095 0.8000000119 0.8 0.7683385874 4861.832585 4.567 6.458 5.339 4.63 4.123 4.036
bar 8 bar 9.95424 0.25 0.025095 0.8038143516 0.803 0.7724184608 4879.777273 4.564 6.418 5.31 4.606 4.104 4.018
bar 8 bar 9.95424 0.25 0.025095 0.8264219165 0.826 0.8010371258 4988.844875 4.545 6.188 5.136 4.465 3.992 3.91
bar 8 bar 9.95424 0.25 0.025095 0.8475940228 0.847 0.828805539 5088.61976 4.526 5.979 4.975 4.334 3.887 3.809
bar 8 bar 9.95424 0.25 0.025095 0.8500000238 0.849 0.8326311315 5100.35024 4.524 5.956 4.957 4.319 3.875 3.797
bar 8 bar 9.95424 0.25 0.025095 0.863725543 0.863 0.8528107081 5162.974737 4.509 5.824 4.853 4.232 3.803 3.728
bar 8 bar 9.95424 0.25 0.025095 0.8837135434 0.883 0.884815343 5252.910485 4.487 5.635 4.701 4.104 3.696 3.624
bar 8 bar 9.95424 0.25 0.025095 0.8999999762 0.899 0.9131721226 5324.759536 4.468 5.484 4.578 4 3.607 3.538
bar 8 bar 9.95424 0.25 0.025095 0.9036376476 0.903 0.9197136769 5339.492736 4.463 5.451 4.55 3.976 3.586 3.518
bar 8 bar 9.95424 0.25 0.025095 0.9159993529 0.915 0.9439579422 5390.139436 4.446 5.338 4.456 3.894 3.515 3.449
bar 8 bar 9.95424 0.25 0.025095 0.9274864197 0.927 0.9688413025 5435.005651 4.43 5.233 4.368 3.817 3.448 3.383
bar 8 bar 9.95424 0.25 0.025095 0.9388350844 0.938 0.9941516665 5477.722157 4.413 5.131 4.281 3.741 3.38 3.317
bar 8 bar 9.95424 0.25 0.025095 0.949631989 0.949 1.019184112 5516.962094 4.395 5.034 4.198 3.667 3.313 3.252
bar 8 bar 9.95424 0.25 0.025095 0.9500000477 0.949 1.021063249 5518.232568 4.395 5.031 4.195 3.665 3.311 3.25
bar 8 bar 9.95424 0.25 0.025095 0.9596266747 0.959 1.046532319 5548.811864 4.378 4.945 4.121 3.597 3.249 3.19
bar 8 bar 9.95424 0.25 0.025095 0.9692092538 0.968 1.073130763 5578.276021 4.36 4.86 4.047 3.53 3.187 3.129
bar 8 bar 9.95424 0.25 0.025095 0.9790862799 0.978 1.101926544 5604.024174 4.341 4.775 3.972 3.46 3.122 3.065
bar 8 bar 9.95424 0.25 0.025095 0.9885703325 0.988 1.133059313 5626.003526 4.322 4.694 3.898 3.391 3.058 3.001
bar 8 bar 9.95424 0.25 0.025095 1 1 1.172067557 5650.670713 4.297 4.594 3.807 3.306 2.977 2.921
bar 8 bar 9.95424 0.25 0.025095 1.011312962 1.011 1.218576069 5674.139385 4.268 4.489 3.71 3.213 2.888 2.834
bar 8 bar 9.95424 0.25 0.025095 1.019621491 1.019 1.256182228 5685.910247 4.245 4.409 3.635 3.141 2.818 2.764
bar 8 bar 9.95424 0.25 0.025095 1.030982017 1.03 1.315081429 5696.393733 4.21 4.3 3.53 3.037 2.717 2.663
bar 8 bar 9.95424 0.25 0.025095 1.039803743 1.039 1.369155089 5696.393733 4.18 4.214 3.444 2.952 2.632 2.578
bar 8 bar 9.95424 0.25 0.025095 1.047962546 1.047 1.423811987 5689.839292 4.148 4.134 3.363 2.868 2.547 2.493
bar 8 bar 9.95424 0.25 0.025095 1.049999952 1.049 1.43831048 5687.219627 4.14 4.114 3.342 2.847 2.525 2.471
bar 8 bar 9.95424 0.25 0.025095 1.050545573 1.049 1.442290174 5685.910247 4.138 4.108 3.336 2.841 2.519 2.465
bar 8 bar 9.95424 0.25 0.025095 1.057495952 1.056 1.505402541 5662.39289 4.104 4.04 3.261 2.76 2.433 2.378
bar 8 bar 9.95424 0.25 0.025095 1.064698338 1.063 1.580347686 5619.530077 4.064 3.975 3.182 2.672 2.337 2.28
bar 8 bar 9.95424 0.25 0.025095 1.072139621 1.071 1.681328772 5533.501092 4.014 3.929 3.108 2.577 2.225 2.165
bar 8 bar 9.95424 0.25 0.025095 1.07808888 1.076 1.784237426 5408.788506 3.964 3.93 3.068 2.507 2.129 2.064
bar 8 bar 9.95424 0.25 0.025095 1.081313133 1.08 1.861884107 5285.669448 3.929 3.974 3.069 2.476 2.072 2.002
bar 8 bar 9.95424 0.25 0.025095 1.083408833 1.082 1.93264748 5176.06832 3.897 4.023 3.077 2.454 2.024 1.95
bar 8 bar 9.95424 0.25 0.025095 1.085277915 1.084 2.021401785 5069.907083 3.859 4.054 3.067 2.413 1.958 1.88
bar 8 bar 9.95424 0.25 0.025095 1.087127209 1.085 2.146113294 4977.37085 3.808 4.043 3.018 2.336 1.859 1.776
bar 8 bar 9.95424 0.25 0.025095 1.088737011 1.087 2.283771478 4914.733802 3.754 3.993 2.939 2.238 1.744 1.658
bar 8 bar 9.95424 0.25 0.025095 1.08945632 1.088 2.360764386 4895.533198 3.726 3.947 2.886 2.179 1.679 1.593
bar 8 bar 9.95424 0.25 0.025095 1.090848327 1.089 2.523205629 4865.19218 3.669 3.844 2.77 2.053 1.545 1.457
bar 8 bar 9.95424 0.25 0.025095 1.091952801 1.09 2.667796171 4847.301126 3.62 3.746 2.664 1.941 1.428 1.339
bar 8 bar 9.95424 0.25 0.025095 1.092968464 1.091 2.820022964 4832.813101 3.572 3.645 2.559 1.831 1.313 1.223
bar 8 bar 9.95424 0.25 0.025095 1.093936205 1.092 2.98299582 4819.477976 3.524 3.541 2.45 1.717 1.196 1.106
bar 8 bar 9.95424 0.25 0.025095 1.094830751 1.093 3.153934319 4807.286438 3.476 3.437 2.341 1.604 1.079 0.988
bar 8 bar 9.95424 0.25 0.025095 1.095603585 1.094 3.317818656 4796.229986 3.432 3.341 2.241 1.5 0.973 0.881
bar 8 bar 9.95424 0.25 0.025095 1.096383572 1.094 3.509559784 4782.995805 3.384 3.237 2.131 1.386 0.856 0.763
bar 8 bar 9.95424 0.25 0.025095 1.097063184 1.095 3.702138353 4770.896554 3.338 3.139 2.028 1.278 0.744 0.65
bar 8 bar 9.95424 0.25 0.025095 1.097692847 1.096 3.904385083 4756.636893 3.291 3.043 1.926 1.171 0.633 0.538
bar 8 bar 9.95424 0.25 0.025095 1.098317504 1.096 4.138592295 4741.327996 3.241 2.94 1.815 1.054 0.513 0.417
bar 8 bar 9.95424 0.25 0.025095 1.098844528 1.097 4.364682375 4727.156712 3.196 2.846 1.715 0.949 0.403 0.306
bar 8 bar 9.95424 0.25 0.025095 1.099489331 1.097 4.687622659 4705.4374 3.134 2.722 1.581 0.807 0.256 0.157
bar 8 bar 9.95424 0.25 0.025095 1.100000024 1.098 4.997498182 4684.896492 3.078 2.613 1.462 0.681 0.124 0.024
bar 8 bar 9.95424 0.25 0.025095 1.100452662 1.098 5.319277467 4665.519404 3.024 2.507 1.347 0.559 -0.004 -0.106
bar 8 bar 9.95424 0.25 0.025095 1.100892425 1.099 5.689218909 4643.014073 2.966 2.396 1.224 0.427 -0.142 -0.245
bar 8 bar 9.95424 0.25 0.025095 1.101310611 1.099 6.104535798 4618.489919 2.905 2.281 1.097 0.291 -0.286 -0.391
bar 8 bar 9.95424 0.25 0.025095 1.10167706 1.099 6.53811635 4593.037593 2.845 2.171 0.974 0.158 -0.425 -0.532
bar 8 bar 9.95424 0.25 0.025095 1.102000475 1.1 6.991214786 4568.777412 2.788 2.065 0.855 0.03 -0.56 -0.669
bar 8 bar 9.95424 0.25 0.025095 1.102310896 1.1 7.49122161 4542.552967 2.728 1.957 0.733 -0.102 -0.7 -0.811
bar 8 bar 9.95424 0.25 0.025095 1.102588773 1.1 8.008527014 4516.479049 2.67 1.855 0.616 -0.229 -0.834 -0.948
bar 8 bar 9.95424 0.25 0.025095 1.102857709 1.1 8.551703697 4490.554794 2.613 1.755 0.502 -0.353 -0.966 -1.082
bar 8 bar 9.95424 0.25 0.025095 1.103216648 1.1 9.127516881 4465.807513 2.557 1.655 0.388 -0.476 -1.096 -1.214
bar 8 bar 9.95424 0.25 0.025095 1.103266001 1.1 9.178097033 4463.751406 2.552 1.647 0.378 -0.486 -1.108 -1.226
bar 8 bar 9.95424 0.25 0.025095 1.103527784 1.101 8.618915935 4493.657831 2.606 1.734 0.483 -0.371 -0.983 -1.099
bar 8 bar 9.95424 0.25 0.025095 1.103642702 1.101 8.231000818 4514.399613 2.646 1.797 0.558 -0.288 -0.894 -1.008
bar 8 bar 9.95424 0.25 0.025095 1.103722692 1.101 8.4655006 4502.979813 2.622 1.756 0.511 -0.339 -0.949 -1.064
bar 8 bar 9.95424 0.25 0.025095 1.103943348 1.101 9.068858899 4475.07172 2.562 1.654 0.393 -0.468 -1.086 -1.204
bar 8 bar 9.95424 0.25 0.025095 1.104158402 1.101 9.719695172 4446.312675 2.502 1.552 0.274 -0.598 -1.224 -1.344
bar 8 bar 9.95424 0.25 0.025095 1.104356527 1.101 10.40525301 4417.738449 2.443 1.454 0.156 -0.727 -1.361 -1.484
bar 8 bar 9.95424 0.25 0.025095 1.104533791 1.101 11.12122545 4390.358656 2.385 1.36 0.042 -0.852 -1.493 -1.62
bar 8 bar 9.95424 0.25 0.025095 1.104700685 1.101 11.91112123 4361.139714 2.325 1.264 -0.074 -0.98 -1.629 -1.759
bar 8 bar 9.95424 0.25 0.025095 1.104850054 1.101 12.74244139 4332.115231 2.267 1.174 -0.186 -1.104 -1.762 -1.895
bar 8 bar 9.95424 0.25 0.025095 1.104987502 1.101 13.61609726 4303.283913 2.208 1.083 -0.299 -1.229 -1.894 -2.031
bar 8 bar 9.95424 0.25 0.025095 1.105111718 1.101 14.55635521 4273.660315 2.151 0.995 -0.409 -1.351 -2.025 -2.166
bar 8 bar 9.95424 0.25 0.025095 1.105226159 1.101 15.55437785 4245.218029 2.093 0.91 -0.519 -1.473 -2.155 -2.299
bar 8 bar 9.95424 0.25 0.025095 1.105331421 1.101 16.636143 4215.023497 2.035 0.825 -0.629 -1.596 -2.286 -2.434
bar 8 bar 9.95424 0.25 0.025095 1.105425 1.101 17.7440456 4186.00748 1.978 0.742 -0.734 -1.714 -2.41 -2.563
bar 8 bar 9.95424 0.25 0.025095 1.105511785 1.1 18.95625948 4156.234088 1.921 0.658 -0.838 -1.832 -2.53 -2.691
bar 8 bar 9.95424 0.25 0.025095 1.105590105 1.1 20.22798602 4126.672463 1.865 0.579 -0.94 -1.949 -2.649 -2.818
bar 8 bar 9.95424 0.25 0.025095 1.105662823 1.1 21.60989441 4097.321098 1.808 0.498 -1.042 -2.066 -2.769 -2.945
bar 8 bar 9.95424 0.25 0.025095 1.105728745 1.1 23.04372293 4067.241873 1.751 0.42 -1.141 -2.182 -2.887 -3.071
bar 8 bar 9.95424 0.25 0.025095 1.105788589 1.099 24.57268678 4037.383465 1.696 0.349 -1.237 -2.295 -3.004 -3.196
bar 8 bar 9.95424 0.25 0.025095 1.105843782 1.099 26.20309822 4007.744253 1.64 0.278 -1.332 -2.407 -3.12 -3.32
bar 8 bar 9.95424 0.25 0.025095 1.105895162 1.099 27.94168838 3978.322628 1.584 0.207 -1.428 -2.521 -3.237 -3.445
bar 8 bar 9.95424 0.25 0.025095 1.105941057 1.098 29.74079989 3948.20778 1.53 0.147 -1.518 -2.631 -3.351 -3.566
bar 8 bar 9.95424 0.25 0.025095 1.105983615 1.098 31.65575273 3918.320894 1.475 0.09 -1.609 -2.742 -3.467 -3.69
bar 8 bar 9.95424 0.25 0.025095 1.106023431 1.097 33.73281968 3888.660243 1.42 0.037 -1.704 -2.855 -3.588 -3.816
bar 8 bar 9.95424 0.25 0.025095 1.10605824 1.097 35.82223222 3859.224116 1.367 0.001 -1.791 -2.962 -3.703 -3.936
bar 8 bar 9.95424 0.25 0.025095 1.10609138 1.096 38.10242745 3829.129021 1.314 -0.036 -1.879 -3.071 -3.82 -4.059
bar 8 bar 9.95424 0.25 0.025095 1.106122971 1.096 40.57445031 3799.268615 1.259 -0.072 -1.969 -3.183 -3.939 -4.184
bar 8 bar 9.95424 0.25 0.025095 1.106150389 1.095 43.05788018 3769.641066 1.207 -0.088 -2.049 -3.288 -4.051 -4.302
bar 8 bar 9.95424 0.25 0.025095 1.10617578 1.094 45.66175977 3739.383436 1.155 -0.1 -2.128 -3.393 -4.164 -4.42
bar 8 bar 9.95424 0.25 0.025095 1.106200099 1.094 48.534733 3709.368674 1.102 -0.11 -2.208 -3.5 -4.278 -4.54
bar 8 bar 9.95424 0.25 0.025095 1.106222391 1.093 51.5291104 3679.59483 1.05 -0.104 -2.282 -3.605 -4.39 -4.658
bar 8 bar 9.95424 0.25 0.025095 1.106247544 1.092 55.4054702 3641.665066 0.986 -0.088 -2.369 -3.733 -4.526 -4.802
bar 8 bar 9.95424 0.25 0.025095 1.106270432 1.091 59.5460071 3604.956263 0.923 -0.046 -2.445 -3.86 -4.66 -4.944
bar 8 bar 9.95424 0.25 0.025095 1.106291652 1.089 63.98123883 3566.974462 0.86 0.008 -2.517 -3.986 -4.794 -5.085
bar 8 bar 9.95424 0.25 0.025095 1.106310964 1.088 68.7151731 3530.205604 0.798 0.077 -2.578 -4.109 -4.924 -5.224
bar 8 bar 9.95424 0.25 0.025095 1.106328845 1.086 73.66355004 3493.011376 0.736 0.167 -2.63 -4.232 -5.053 -5.362
bar 8 bar 9.95424 0.25 0.025095 1.106345058 1.085 78.96827383 3456.209026 0.676 0.268 -2.673 -4.352 -5.18 -5.497
bar 8 bar 9.95424 0.25 0.025095 1.106360436 1.083 84.655006 3419.794425 0.614 0.388 -2.699 -4.472 -5.306 -5.633
bar 8 bar 9.95424 0.25 0.025095 1.106374264 1.081 90.542534 3383.763489 0.555 0.518 -2.718 -4.588 -5.427 -5.764
bar 8 bar 9.95424 0.25 0.025095 1.106387496 1.078 96.95107855 3348.112174 0.495 0.682 -2.707 -4.704 -5.548 -5.896
bar 8 bar 9.95424 0.25 0.025095 1.106399655 1.076 103.5744522 3312.836481 0.437 0.851 -2.694 -4.817 -5.667 -6.025
bar 8 bar 9.95424 0.25 0.025095 1.106410742 1.073 110.5739044 3277.177768 0.379 1.069 -2.641 -4.927 -5.782 -6.151
bar 8 bar 9.95424 0.25 0.025095 1.106421113 1.07 117.9105445 3241.902878 0.321 1.308 -2.578 -5.035 -5.896 -6.275
bar 8 bar 9.95424 0.25 0.025095 1.106430888 1.067 125.8788147 3207.00768 0.264 1.497 -2.525 -5.142 -6.009 -6.397
bar 8 bar 9.95424 0.25 0.025095 1.106439829 1.063 134.076494 3172.488087 0.208 1.673 -2.473 -5.246 -6.119 -6.516
bar 8 bar 9.95424 0.25 0.025095 1.106448412 1.059 142.7094212 3137.61751 0.151 1.84 -2.407 -5.347 -6.227 -6.633
bar 8 bar 9.95424 0.25 0.025095 1.106456161 1.055 151.7234274 3103.130215 0.097 1.999 -2.336 -5.444 -6.333 -6.748
bar 8 bar 9.95424 0.25 0.025095 1.106463671 1.051 161.1582879 3070.435651 0.042 2.085 -2.298 -5.539 -6.436 -6.86
bar 8 bar 9.95424 0.25 0.025095 1.106470704 1.046 171.1404402 3036.686788 -0.013 2.125 -2.279 -5.633 -6.539 -6.971
bar 8 bar 9.95424 0.25 0.025095 1.106477618 1.04 181.6572121 3004.000496 -0.067 2.152 -2.274 -5.727 -6.639 -7.078
bar 8 bar 9.95424 0.25 0.025095 1.106482506 1.035 188.9089982 2983.321102 -0.102 2.163 -2.278 -5.786 -6.703 -7.145
bar 8 bar 9.95424 0.25 0.025095 1.106482506 1.035 188.9089982 2983.321102 -0.102 1.122 -0.105 -5.786 -6.703 -7.145
bar 8 bar 9.95424 0.25 0.025095 1.106599927 1.035 11.28632741 4516.479049 2.345 1.103 -0.13 -0.978 -1.577 -1.695
bar 8 bar 9.95424 0.25 0.025095 1.106712699 1.035 11.33059313 4515.439211 2.342 1.096 -0.136 -0.985 -1.584 -1.702
bar 8 bar 9.95424 0.25 0.025095 1.10682714 1.035 11.28372894 4519.6 2.345 1.098 -0.133 -0.98 -1.578 -1.695
bar 8 bar 9.95424 0.25 0.025095 1.106944203 1.035 11.21896117 4524.806379 2.35 1.102 -0.126 -0.971 -1.568 -1.685
bar 8 bar 9.95424 0.25 0.025095 1.107058644 1.036 11.15456516 4530.018754 2.355 1.106 -0.118 -0.962 -1.557 -1.673
bar 8 bar 9.95424 0.25 0.025095 1.107173443 1.036 11.09564734 4534.192978 2.36 1.11 -0.111 -0.953 -1.546 -1.662
bar 8 bar 9.95424 0.25 0.025095 1.107287169 1.036 11.03195915 4539.416167 2.365 1.114 -0.104 -0.944 -1.536 -1.651
bar 8 bar 9.95424 0.25 0.025095 1.107403278 1.036 10.96863652 4544.645372 2.37 1.117 -0.097 -0.935 -1.526 -1.641
bar 8 bar 9.95424 0.25 0.025095 1.107514977 1.036 10.91070076 4548.833073 2.375 1.121 -0.091 -0.928 -1.517 -1.632
bar 8 bar 9.95424 0.25 0.025095 1.10763073 1.036 10.86557327 4553.024633 2.379 1.124 -0.086 -0.92 -1.508 -1.623
bar 8 bar 9.95424 0.25 0.025095 1.107752085 1.036 10.82063244 4557.220056 2.383 1.126 -0.081 -0.914 -1.501 -1.615
bar 8 bar 9.95424 0.25 0.025095 1.107874036 1.037 10.77587748 4561.419344 2.386 1.128 -0.076 -0.908 -1.494 -1.608
bar 8 bar 9.95424 0.25 0.025095 1.107995033 1.037 10.73625072 4564.57135 2.389 1.129 -0.073 -0.903 -1.488 -1.602
bar 8 bar 9.95424 0.25 0.025095 1.108021498 1.037 10.73130763 4565.622502 2.39 1.13 -0.072 -0.902 -1.487 -1.6
bar 8 bar 9.95424 0.25 0.025095 1.108108997 1.037 10.70909188 4567.725533 2.391 1.131 -0.07 -0.899 -1.483 -1.596
bar 8 bar 9.95424 0.25 0.025095 1.108220816 1.037 10.68692213 4569.829533 2.393 1.131 -0.067 -0.896 -1.479 -1.592
bar 8 bar 9.95424 0.25 0.025095 1.10833025 1.037 10.66479827 4571.934502 2.395 1.132 -0.065 -0.893 -1.476 -1.589
bar 8 bar 9.95424 0.25 0.025095 1.108447552 1.037 10.65498015 4574.04044 2.397 1.132 -0.064 -0.892 -1.473 -1.586
bar 8 bar 9.95424 0.25 0.025095 1.108560443 1.037 10.64517107 4576.147349 2.397 1.131 -0.064 -0.891 -1.472 -1.585
bar 8 bar 9.95424 0.25 0.025095 1.108670354 1.037 10.64517107 4576.147349 2.397 1.13 -0.065 -0.891 -1.472 -1.585
bar 8 bar 9.95424 0.25 0.025095 1.108780503 1.038 10.64026991 4577.201167 2.397 1.128 -0.067 -0.893 -1.474 -1.586
bar 8 bar 9.95424 0.25 0.025095 1.108834505 1.038 10.65252703 4577.201167 2.397 1.127 -0.068 -0.894 -1.475 -1.587
bar 8 bar 9.95424 0.25 0.025095 1.108950615 1.038 10.66971072 4576.147349 2.395 1.123 -0.071 -0.898 -1.479 -1.592
bar 8 bar 9.95424 0.25 0.025095 1.109060526 1.038 10.69923299 4575.093773 2.393 1.119 -0.076 -0.903 -1.484 -1.597
bar 8 bar 9.95424 0.25 0.025095 1.109173417 1.038 10.74119608 4574.04044 2.389 1.114 -0.083 -0.91 -1.492 -1.605
bar 8 bar 9.95424 0.25 0.025095 1.109282255 1.038 10.79326015 4570.881896 2.385 1.108 -0.09 -0.919 -1.501 -1.615
bar 8 bar 9.95424 0.25 0.025095 1.109391809 1.038 10.85807019 4567.725533 2.38 1.1 -0.1 -0.93 -1.513 -1.627
bar 8 bar 9.95424 0.25 0.025095 1.109501123 1.038 10.94088983 4563.520439 2.373 1.09 -0.112 -0.944 -1.528 -1.642
bar 8 bar 9.95424 0.25 0.025095 1.109610558 1.039 11.04212464 4558.269515 2.365 1.079 -0.127 -0.96 -1.546 -1.66
bar 8 bar 9.95424 0.25 0.025095 1.109722018 1.039 11.15713389 4553.024633 2.357 1.067 -0.142 -0.977 -1.565 -1.68
bar 8 bar 9.95424 0.25 0.025095 1.109832644 1.039 11.29672729 4545.691936 2.346 1.052 -0.162 -1 -1.59 -1.706
bar 8 bar 9.95424 0.25 0.025095 1.109941006 1.039 11.51204941 4534.192978 2.33 1.03 -0.191 -1.034 -1.626 -1.743
bar 8 bar 9.95424 0.25 0.025095 1.110025644 1.039 11.30453349 4546.738741 2.346 1.049 -0.165 -1.002 -1.591 -1.707
bar 8 bar 9.95424 0.25 0.025095 1.110131144 1.039 11.59985725 4530.018754 2.323 1.02 -0.203 -1.047 -1.641 -1.758
bar 8 bar 9.95424 0.25 0.025095 1.110242248 1.039 12.264579 4497.798549 2.275 0.954 -0.29 -1.146 -1.749 -1.869
bar 8 bar 9.95424 0.25 0.025095 1.110304117 1.039 12.97336524 4464.779341 2.226 0.888 -0.377 -1.246 -1.858 -1.981
bar 8 bar 9.95424 0.25 0.025095 1.110339284 1.039 13.72311317 4432.002534 2.177 0.824 -0.463 -1.345 -1.966 -2.093
bar 8 bar 9.95424 0.25 0.025095 1.110359669 1.04 14.53291203 4399.466347 2.128 0.759 -0.55 -1.445 -2.075 -2.205
bar 8 bar 9.95424 0.25 0.025095 1.110371947 1.04 15.44019016 4365.158322 2.075 0.69 -0.642 -1.55 -2.19 -2.324
bar 8 bar 9.95424 0.25 0.025095 1.110378981 1.04 16.35884528 4332.115231 2.024 0.625 -0.732 -1.653 -2.302 -2.44
bar 8 bar 9.95424 0.25 0.025095 1.110383391 1.04 17.37211297 4299.322267 1.973 0.558 -0.821 -1.756 -2.412 -2.556
bar 8 bar 9.95424 0.25 0.025095 1.110386252 1.04 18.45664015 4265.795188 1.919 0.485 -0.914 -1.863 -2.523 -2.673
bar 8 bar 9.95424 0.25 0.025095 1.11038816 1.04 19.47388697 4237.405247 1.874 0.425 -0.992 -1.955 -2.618 -2.775
bar 8 bar 9.95424 0.25 0.025095 1.110388637 1.04 19.81310973 4227.659485 1.858 0.405 -1.019 -1.986 -2.65 -2.809
bar 8 bar 9.95424 0.25 0.025095 1.110388994 1.04 20.02869462 4221.822791 1.849 0.393 -1.034 -2.003 -2.668 -2.828
bar 8 bar 9.95424 0.25 0.025095 1.110390663 1.04 21.23501856 4190.829574 1.798 0.326 -1.122 -2.105 -2.775 -2.942
bar 8 bar 9.95424 0.25 0.025095 1.110392213 1.04 22.28192176 4164.856093 1.757 0.272 -1.192 -2.188 -2.86 -3.033
bar 8 bar 9.95424 0.25 0.025095 1.110393763 1.04 22.79568488 4153.364055 1.737 0.248 -1.225 -2.227 -2.901 -3.077
bar 8 bar 9.95424 0.25 0.025095 1.110396028 1.04 23.29445987 4141.903726 1.717 0.224 -1.258 -2.266 -2.941 -3.12
bar 8 bar 9.95424 0.25 0.025095 1.110400081 1.04 22.68572404 4156.234088 1.741 0.251 -1.219 -2.22 -2.893 -3.069
bar 8 bar 9.95424 0.25 0.025095 1.110403538 1.04 21.96102695 4173.495985 1.769 0.286 -1.172 -2.164 -2.835 -3.006
bar 8 bar 9.95424 0.25 0.025095 1.110412121 1.04 21.36252799 4187.935651 1.793 0.317 -1.131 -2.117 -2.786 -2.953
bar 8 bar 9.95424 0.25 0.025095 1.110474229 1.04 21.36252799 4187.935651 1.793 0.318 -1.131 -2.116 -2.786 -2.953
bar 8 bar 9.95424 0.25 0.025095 1.110530615 1.04 22.10307233 4169.653822 1.763 0.28 -1.181 -2.175 -2.846 -3.018
bar 8 bar 9.95424 0.25 0.025095 1.110579252 1.04 23.5208301 4136.185426 1.71 0.215 -1.27 -2.281 -2.957 -3.137
bar 8 bar 9.95424 0.25 0.025095 1.110620141 1.04 25.11034299 4101.096609 1.653 0.145 -1.365 -2.394 -3.075 -3.263
bar 8 bar 9.95424 0.25 0.025095 1.11065495 1.04 26.83815426 4066.305463 1.595 0.075 -1.461 -2.508 -3.195 -3.391
bar 8 bar 9.95424 0.25 0.025095 1.110684156 1.04 28.65184842 4031.809464 1.538 0.011 -1.554 -2.621 -3.312 -3.517
bar 8 bar 9.95424 0.25 0.025095 1.11070919 1.04 30.58811011 3997.606108 1.482 -0.05 -1.645 -2.732 -3.431 -3.643
bar 8 bar 9.95424 0.25 0.025095 1.110731125 1.04 32.61764824 3963.692912 1.425 -0.101 -1.739 -2.846 -3.554 -3.772
bar 8 bar 9.95424 0.25 0.025095 1.110750556 1.04 34.85400144 3928.257967 1.368 -0.147 -1.833 -2.961 -3.678 -3.902
bar 8 bar 9.95424 0.25 0.025095 1.110768199 1.04 37.2265376 3894.036339 1.311 -0.193 -1.927 -3.076 -3.802 -4.033
bar 8 bar 9.95424 0.25 0.025095 1.110784411 1.04 39.79721166 3858.335599 1.253 -0.226 -2.019 -3.192 -3.927 -4.165
bar 8 bar 9.95424 0.25 0.025095 1.11079967 1.04 42.5650007 3822.081997 1.195 -0.257 -2.11 -3.308 -4.053 -4.297
bar 8 bar 9.95424 0.25 0.025095 1.110813975 1.04 45.47289926 3786.169041 1.137 -0.276 -2.198 -3.423 -4.178 -4.428
bar 8 bar 9.95424 0.25 0.025095 1.110827684 1.04 48.71387135 3749.730022 1.077 -0.283 -2.286 -3.542 -4.306 -4.563
bar 8 bar 9.95424 0.25 0.025095 1.11084044 1.04 52.23392304 3711.9319 1.017 -0.286 -2.373 -3.661 -4.435 -4.7
bar 8 bar 9.95424 0.25 0.025095 1.110852003 1.04 55.78952257 3675.360978 0.959 -0.262 -2.449 -3.777 -4.558 -4.83
bar 8 bar 9.95424 0.25 0.025095 1.11086309 1.04 60.16620856 3634.126161 0.894 -0.231 -2.534 -3.907 -4.698 -4.978
bar 8 bar 9.95424 0.25 0.025095 1.110871673 1.04 65.36611066 3588.392993 0.822 -0.158 -2.612 -4.05 -4.85 -5.14
bar 8 bar 9.95424 0.25 0.025095 1.110877514 1.04 70.73797852 3544.051303 0.753 -0.079 -2.683 -4.185 -4.994 -5.294
bar 8 bar 9.95424 0.25 0.025095 1.110881925 1.04 76.340086 3501.063598 0.687 0.035 -2.732 -4.317 -5.134 -5.443
bar 8 bar 9.95424 0.25 0.025095 1.110885859 1.04 82.38585342 3458.597315 0.621 0.159 -2.774 -4.445 -5.27 -5.59
bar 8 bar 9.95424 0.25 0.025095 1.110889435 1.04 88.70592825 3416.646128 0.556 0.312 -2.793 -4.572 -5.404 -5.735
bar 8 bar 9.95424 0.25 0.025095 1.110892892 1.04 95.51083565 3375.20379 0.493 0.484 -2.796 -4.695 -5.534 -5.876
bar 8 bar 9.95424 0.25 0.025095 1.110896349 1.04 102.8140921 3332.728996 0.428 0.693 -2.77 -4.82 -5.665 -6.018
bar 8 bar 9.95424 0.25 0.025095 1.110899687 1.04 109.9139068 3294.579562 0.371 0.909 -2.726 -4.93 -5.781 -6.146
bar 8 bar 9.95424 0.25 0.025095 1.110903144 1.04 116.9910516 3258.36701 0.316 1.157 -2.655 -5.034 -5.891 -6.267
bar 8 bar 9.95424 0.25 0.025095 1.110906839 1.04 124.8684282 3221.810555 0.26 1.391 -2.586 -5.139 -6.003 -6.389
bar 8 bar 9.95424 0.25 0.025095 1.110910773 1.04 132.6944152 3187.131627 0.206 1.57 -2.53 -5.24 -6.109 -6.503
bar 8 bar 9.95424 0.25 0.025095 1.110914707 1.04 137.3259604 3167.378759 0.177 1.677 -2.495 -5.295 -6.168 -6.567
bar 8 bar 9.95424 0.25 0.025095 1.110915542 1.04 140.5570536 3154.27824 0.157 1.743 -2.468 -5.331 -6.207 -6.61
bar 8 bar 9.95424 0.25 0.025095 1.110916018 1.04 149.5728073 3118.171516 0.102 1.913 -2.39 -5.429 -6.314 -6.726
bar 8 bar 9.95424 0.25 0.025095 1.110916257 1.04 154.2952814 3100.273442 0.076 2.002 -2.347 -5.477 -6.367 -6.784
bar 8 bar 9.95424 0.25 0.025095 1.110916615 1.04 159.827919 3079.640342 0.045 2.064 -2.317 -5.531 -6.426 -6.848
bar 8 bar 9.95424 0.25 0.025095 1.110917211 1.04 168.3653218 3049.29892 0 2.102 -2.296 -5.609 -6.512 -6.941
bar 8 bar 9.95424 0.25 0.025095 1.110917449 0.995 177.2362877 2984.008116 -0.064 2.277 -2.153 -5.649 -6.567 -7.007
bar 8 bar 9.95424 0.25 0.025095 1.110917449 0.995 177.2362877 2984.008116 -0.064 1.905 -2.167 -5.649 -6.567 -7.007
bar 8 bar 9.95424 0.25 0.025095 1.110917568 0.994 90.06429314 3317.416497 0.524 1.103 -2.409 -4.517 -5.37 -5.723
bar 8 bar 9.95424 0.25 0.025095 1.110917568 0.994 90.06429314 3317.416497 0.524 0.335 -2.451 -4.517 -5.37 -5.723
bar 8 bar 9.95424 0.25 0.025095 1.110917687 0.993 71.9204912 3454.617749 0.718 0.482 -2.462 -4.147 -4.977 -5.294
bar 8 bar 9.95424 0.25 0.025095 1.110917926 0.992 91.67536439 3301.414086 0.507 1.217 -2.365 -4.541 -5.397 -5.755
bar 8 bar 9.95424 0.25 0.025095 1.110918164 0.991 123.2970384 3123.201467 0.249 2.214 -2.027 -5.013 -5.902 -6.305
bar 8 bar 9.95424 0.25 0.025095 1.110918403 0.99 157.3811248 2982.634246 0.037 2.478 -1.92 -5.387 -6.308 -6.74
bar 8 bar 9.95424 0.25 0.025095 1.110918641 0.988 184.2267306 2893.343523 -0.101 2.518 -1.95 -5.625 -6.565 -7.011
bar 8 bar 9.95424 0.25 0.025095 1.110918999 0.986 200.8411247 2843.806221 -0.177 2.541 -1.988 -5.752 -6.699 -7.151
bar 8 bar 9.95424 0.25 0.025095 1.110919356 0.984 210.1128651 2815.7883 -0.217 2.559 -2.006 -5.814 -6.765 -7.219
bar 8 bar 9.95424 0.25 0.025095 1.110919714 0.982 216.3478805 2795.760728 -0.243 2.574 -2.022 -5.854 -6.805 -7.259
bar 8 bar 9.95424 0.25 0.025095 1.110919714 0.982 216.3478805 2795.760728 -0.243 2.514 -1.856 -5.854 -6.805 -7.259
bar 8 bar 9.95424 0.25 0.025095 1.110919833 0.981 104.4846867 3197.422303 0.389 1.935 -2.077 -4.727 -5.602 -5.986
bar 8 bar 9.95424 0.25 0.025095 1.110919952 0.981 78.35246153 3371.320179 0.639 0.939 -2.343 -4.262 -5.107 -5.444
bar 8 bar 9.95424 0.25 0.025095 1.110920072 0.98 83.01424929 3334.264128 0.588 1.133 -2.305 -4.356 -5.207 -5.554
bar 8 bar 9.95424 0.25 0.025095 1.110920191 0.978 105.3786535 3189.33398 0.38 1.987 -2.053 -4.738 -5.615 -6
bar 8 bar 9.95424 0.25 0.025095 1.110920429 0.977 140.8486358 3021.34278 0.127 2.524 -1.838 -5.192 -6.105 -6.528
bar 8 bar 9.95424 0.25 0.025095 1.110920668 0.975 178.6704145 2889.348982 -0.08 2.586 -1.878 -5.553 -6.493 -6.938
bar 8 bar 9.95424 0.25 0.025095 1.110921025 0.973 207.9948802 2807.372232 -0.213 2.611 -1.966 -5.782 -6.733 -7.186
bar 8 bar 9.95424 0.25 0.025095 1.110921383 0.97 225.5031666 2763.757919 -0.284 2.612 -2.032 -5.901 -6.854 -7.307
bar 8 bar 9.95424 0.25 0.025095 1.110921741 0.967 234.0198221 2742.837004 -0.317 2.633 -2.054 -5.954 -6.909 -7.364
bar 8 bar 9.95424 0.25 0.025095 1.110922217 0.964 238.9200763 2730.234813 -0.337 2.658 -2.06 -5.983 -6.94 -7.397
bar 8 bar 9.95424 0.25 0.025095 1.110922217 0.964 238.9200763 2730.234813 -0.337 2.598 -1.82 -5.983 -6.94 -7.397
bar 8 bar 9.95424 0.25 0.025095 1.110922337 0.963 116.0252853 3124.640086 0.29 2.316 -1.909 -4.881 -5.771 -6.172
bar 8 bar 9.95424 0.25 0.025095 1.110922456 0.962 86.70669746 3298.374772 0.542 1.36 -2.229 -4.418 -5.275 -5.632
bar 8 bar 9.95424 0.25 0.025095 1.110922575 0.96 91.78097033 3263.623112 0.492 1.586 -2.159 -4.508 -5.372 -5.739
bar 8 bar 9.95424 0.25 0.025095 1.110922694 0.957 116.1856909 3122.482406 0.286 2.331 -1.9 -4.882 -5.772 -6.173
bar 8 bar 9.95424 0.25 0.025095 1.110922933 0.954 154.6865826 2958.693653 0.036 2.6 -1.803 -5.323 -6.249 -6.683
bar 8 bar 9.95424 0.25 0.025095 1.11092329 0.951 195.3676465 2830.740119 -0.169 2.64 -1.899 -5.676 -6.624 -7.075
bar 8 bar 9.95424 0.25 0.025095 1.110923648 0.947 226.3876049 2753.594592 -0.299 2.644 -2.017 -5.898 -6.852 -7.305
bar 8 bar 9.95424 0.25 0.025095 1.110924006 0.942 243.9791112 2715.813858 -0.365 2.706 -2.053 -6.006 -6.967 -7.428
bar 8 bar 9.95424 0.25 0.025095 1.110924363 0.937 251.4505818 2701.469073 -0.394 2.738 -2.064 -6.049 -7.014 -7.481
bar 8 bar 9.95424 0.25 0.025095 1.11092484 0.932 254.7725564 2697.739432 -0.408 2.747 -2.072 -6.068 -7.036 -7.506
bar 8 bar 9.95424 0.25 0.025095 1.11092484 0.932 254.7725564 2697.739432 -0.408 2.605 -1.85 -6.068 -7.036 -7.506
bar 8 bar 9.95424 0.25 0.025095 1.110924959 0.929 124.4378918 3091.007081 0.214 2.456 -1.862 -4.998 -5.895 -6.306
bar 8 bar 9.95424 0.25 0.025095 1.110925078 0.927 92.73691507 3267.382661 0.468 1.528 -2.205 -4.535 -5.397 -5.763
bar 8 bar 9.95424 0.25 0.025095 1.110925198 0.923 98.23192275 3229.981241 0.416 1.784 -2.119 -4.625 -5.494 -5.871
bar 8 bar 9.95424 0.25 0.025095 1.110925436 0.918 124.4092422 3086.028979 0.209 2.482 -1.84 -4.992 -5.89 -6.302
bar 8 bar 9.95424 0.25 0.025095 1.110925674 0.912 165.6733465 2918.770848 -0.043 2.633 -1.81 -5.425 -6.359 -6.8
bar 8 bar 9.95424 0.25 0.025095 1.110926032 0.905 209.4366318 2788.046418 -0.25 2.676 -1.932 -5.772 -6.724 -7.177
bar 8 bar 9.95424 0.25 0.025095 1.11092639 0.897 242.8022153 2708.320144 -0.382 2.77 -2.013 -5.983 -6.947 -7.411
bar 8 bar 9.95424 0.25 0.025095 1.110926747 0.888 261.5487476 2668.701502 -0.451 2.909 -2.014 -6.065 -7.043 -7.524
bar 8 bar 9.95424 0.25 0.025095 1.110927224 0.878 269.4961994 2653.383352 -0.482 3.031 -1.981 -6.078 -7.071 -7.568
bar 8 bar 9.95424 0.25 0.025095 1.110927701 0.867 272.5540532 2649.110049 -0.498 3.114 -1.95 -6.074 -7.079 -7.588
bar 8 bar 9.95424 0.25 0.025095 1.110927701 0.867 272.5540532 2649.110049 -0.498 2.671 -1.847 -6.074 -7.079 -7.588
bar 8 bar 9.95424 0.25 0.025095 1.11092782 0.864 134.2618555 3038.085556 0.116 2.567 -1.796 -5.106 -6.014 -6.436
bar 8 bar 9.95424 0.25 0.025095 1.110927939 0.859 100.035154 3213.660539 0.37 1.899 -2.068 -4.648 -5.518 -5.9
bar 8 bar 9.95424 0.25 0.025095 1.110928059 0.853 106.5007448 3168.837727 0.312 2.164 -1.961 -4.741 -5.62 -6.012
bar 8 bar 9.95424 0.25 0.025095 1.110928297 0.845 135.4729678 3015.782384 0.098 2.646 -1.726 -5.102 -6.015 -6.441
bar 8 bar 9.95424 0.25 0.025095 1.110928536 0.836 181.7827398 2839.880071 -0.161 2.764 -1.765 -5.529 -6.476 -6.926
bar 8 bar 9.95424 0.25 0.025095 1.110928893 0.824 231.0748314 2702.091181 -0.376 2.894 -1.895 -5.868 -6.831 -7.294
bar 8 bar 9.95424 0.25 0.025095 1.110929251 0.811 269.6824251 2614.568352 -0.517 3.42 -1.773 -5.959 -6.984 -7.51
bar 8 bar 9.95424 0.25 0.025095 1.110929728 0.797 291.7780684 2569.212344 -0.594 4.07 -1.488 -5.853 -6.98 -7.601
bar 8 bar 9.95424 0.25 0.025095 1.110930204 0.781 302.1013353 2549.764088 -0.632 4.094 -1.498 -5.882 -7.016 -7.647
bar 8 bar 9.95424 0.25 0.025095 1.110930681 0.764 306.3039835 2543.899793 -0.654 4.114 -1.499 -5.894 -7.033 -7.67
bar 8 bar 9.95424 0.25 0.025095 1.110930681 0.764 306.3039835 2543.899793 -0.654 2.883 -1.815 -5.894 -7.033 -7.67
bar 8 bar 9.95424 0.25 0.025095 1.1109308 0.758 151.6535723 2926.846862 -0.047 2.802 -1.639 -5.241 -6.173 -6.614
bar 8 bar 9.95424 0.25 0.025095 1.11093092 0.751 112.1379584 3105.98962 0.211 2.57 -1.72 -4.789 -5.682 -6.09
bar 8 bar 9.95424 0.25 0.025095 1.110931039 0.741 119.1935198 3063.373845 0.152 2.7 -1.648 -4.876 -5.778 -6.195
bar 8 bar 9.95424 0.25 0.025095 1.110931277 0.728 151.1306829 2916.755329 -0.061 2.849 -1.599 -5.222 -6.156 -6.598
bar 8 bar 9.95424 0.25 0.025095 1.110931516 0.712 200.5176678 2754.228703 -0.316 2.927 -1.743 -5.633 -6.589 -7.045
bar 8 bar 9.95424 0.25 0.025095 1.110931873 0.694 250.641306 2638.153128 -0.521 3.529 -1.647 -5.826 -6.856 -7.389
bar 8 bar 9.95424 0.25 0.025095 1.110932231 0.674 283.9570429 2586.425658 -0.642 4.168 -1.425 -5.811 -6.945 -7.576
bar 8 bar 9.95424 0.25 0.025095 1.110932708 0.651 294.0713023 2594.776763 -0.688 4.292 -1.405 -5.845 -7.007 -7.667
bar 8 bar 9.95424 0.25 0.025095 1.110933185 0.627 286.1229176 2653.383352 -0.68 4.22 -1.428 -5.85 -7.017 -7.693
bar 8 bar 9.95424 0.25 0.025095 1.110933662 0.601 267.0254434 2756.131914 -0.638 3.898 -1.533 -5.843 -6.996 -7.677
bar 8 bar 9.95424 0.25 0.025095 1.11093545 0.537 3.335436253e-06 10000 1.813 30.016 30.004 30.008 30.033 30.044
